dam_stats_key,t_date,month_year,t_month,t_year,dam_name,dam_class,Max_dam_capacity_ML,height_m,storage_ml,percentage_capacity
9c37c29c-220b-4e6b-8603-e016aaf03e40,01/01/2012,Jan-12,1,2012,ALEXANDRA,Minor Dam,134,10.64,99.9,74.55
43dacabb-bac4-4120-b86c-f709c1a36083,02/01/2012,Jan-12,1,2012,ALEXANDRA,Minor Dam,134,10.61,99.2,74.03
1bfa72d9-b330-4c2b-b160-70d822c771ee,03/01/2012,Jan-12,1,2012,ALEXANDRA,Minor Dam,134,10.59,98.7,73.66
8079e37f-6f21-44a6-bde4-0a67b22b9501,04/01/2012,Jan-12,1,2012,ALEXANDRA,Minor Dam,134,10.61,99.2,74.03
5217a334-05bd-49ae-aa9f-fee58da9d04f,05/01/2012,Jan-12,1,2012,ALEXANDRA,Minor Dam,134,10.6,98.9,73.81
4d4b267f-c7eb-43c7-8203-c97082b4bc07,06/01/2012,Jan-12,1,2012,ALEXANDRA,Minor Dam,134,10.58,98.5,73.51
c58ad217-7354-4507-87c2-6892c5d3dce0,07/01/2012,Jan-12,1,2012,ALEXANDRA,Minor Dam,134,10.55,97.7,72.91
b1eb4209-21b9-4272-a505-988d6ef8dd77,08/01/2012,Jan-12,1,2012,ALEXANDRA,Minor Dam,134,10.53,97.3,72.61
9f72f93c-ca78-4831-a6c4-665c3f3ef1b7,09/01/2012,Jan-12,1,2012,ALEXANDRA,Minor Dam,134,10.51,96.8,72.24
3e109f90-0f32-40c5-b8a3-01a32b43abee,10/01/2012,Jan-12,1,2012,ALEXANDRA,Minor Dam,134,10.47,95.8,71.49
14aa8858-8d23-43af-8f81-c4a090a79060,11/01/2012,Jan-12,1,2012,ALEXANDRA,Minor Dam,134,10.45,95.4,71.19
52f39e20-edd3-4423-a9ab-678182450e62,12/01/2012,Jan-12,1,2012,ALEXANDRA,Minor Dam,134,10.44,95.1,70.97
988cb31e-0cb0-4f25-bdb9-3712c162143e,13/01/2012,Jan-12,1,2012,ALEXANDRA,Minor Dam,134,10.41,94.4,70.45
f88cf905-d03e-487f-9603-0714818d195d,14/01/2012,Jan-12,1,2012,ALEXANDRA,Minor Dam,134,10.39,93.9,70.07
b8d518ad-10d3-49de-a320-e55c2fa10894,15/01/2012,Jan-12,1,2012,ALEXANDRA,Minor Dam,134,10.36,93.2,69.55
2af483b8-60f4-4ea1-80ba-35d5949a5818,16/01/2012,Jan-12,1,2012,ALEXANDRA,Minor Dam,134,10.34,92.8,69.25
2af97b04-0d6c-40b3-bf87-535dcc59af23,17/01/2012,Jan-12,1,2012,ALEXANDRA,Minor Dam,134,10.32,92.3,68.88
8068cbaa-667c-4ba2-ad0e-219ae41cb528,18/01/2012,Jan-12,1,2012,ALEXANDRA,Minor Dam,134,10.29,91.6,68.36
145d2563-49ff-440e-9ab2-8cb2736615d6,19/01/2012,Jan-12,1,2012,ALEXANDRA,Minor Dam,134,10.26,90.9,67.84
b0af992d-1313-45fa-9735-8a48e23c7a4c,20/01/2012,Jan-12,1,2012,ALEXANDRA,Minor Dam,134,10.24,90.4,67.46
3ea89573-36e1-4494-98fd-cd445bf902ec,21/01/2012,Jan-12,1,2012,ALEXANDRA,Minor Dam,134,10.2,89.4,66.72
053ac27b-239b-47d9-a103-4812bec1a58e,22/01/2012,Jan-12,1,2012,ALEXANDRA,Minor Dam,134,10.18,88.9,66.34
af64d6a3-258e-4936-8f14-45afdcc5c3b1,23/01/2012,Jan-12,1,2012,ALEXANDRA,Minor Dam,134,10.15,88.2,65.82
badbfd1b-1da5-45fe-b04e-56a107337d91,24/01/2012,Jan-12,1,2012,ALEXANDRA,Minor Dam,134,10.15,88.2,65.82
4d0cd22a-4e22-4715-9893-557073c67af5,25/01/2012,Jan-12,1,2012,ALEXANDRA,Minor Dam,134,10.15,88.2,65.82
9608b050-cb27-4443-ac7c-9eacb784f574,26/01/2012,Jan-12,1,2012,ALEXANDRA,Minor Dam,134,10.13,87.8,65.52
ba57107a-a2d2-438e-a96f-79a6f920efdb,27/01/2012,Jan-12,1,2012,ALEXANDRA,Minor Dam,134,10.09,86.8,64.78
11378407-d17b-4ca5-8b9a-bf34de9bfb61,28/01/2012,Jan-12,1,2012,ALEXANDRA,Minor Dam,134,10.08,86.6,64.63
68babadc-d57d-4c21-a753-2360c6b50cc0,29/01/2012,Jan-12,1,2012,ALEXANDRA,Minor Dam,134,10.05,85.9,64.1
cf6d512e-ed3e-4d03-ad35-f3171c05976e,30/01/2012,Jan-12,1,2012,ALEXANDRA,Minor Dam,134,10,84.7,63.21
22e0cb3d-75aa-429a-962a-e3bf4a184b25,31/01/2012,Jan-12,1,2012,ALEXANDRA,Minor Dam,134,10,84.7,63.21
ef74d877-704b-4a70-a8cf-3f2aba77eedd,01/02/2012,Feb-12,2,2012,ALEXANDRA,Minor Dam,134,10,84.7,63.21
12b5b8a7-2100-4624-90b8-7485875e470c,02/02/2012,Feb-12,2,2012,ALEXANDRA,Minor Dam,134,9.99,84.5,63.06
048261bd-9712-417e-aff5-e4c795c67a5a,03/02/2012,Feb-12,2,2012,ALEXANDRA,Minor Dam,134,9.98,84.3,62.91
2da443ec-5047-42a1-ba45-745a74114858,04/02/2012,Feb-12,2,2012,ALEXANDRA,Minor Dam,134,9.94,83.4,62.24
19c30a73-af8a-4aec-8bd0-22defb6c4e5d,05/02/2012,Feb-12,2,2012,ALEXANDRA,Minor Dam,134,9.8,80.5,60.07
06a2b13e-805c-44e0-aab1-4f85243dcbf3,06/02/2012,Feb-12,2,2012,ALEXANDRA,Minor Dam,134,9.68,78,58.21
4525a446-4718-44ba-8527-8d33478febec,07/02/2012,Feb-12,2,2012,ALEXANDRA,Minor Dam,134,9.68,78,58.21
bb498657-e355-4df2-95c0-6ff6420d2027,08/02/2012,Feb-12,2,2012,ALEXANDRA,Minor Dam,134,9.48,73.9,55.15
04c35eb9-e6a2-4505-8215-d3389f3de809,09/02/2012,Feb-12,2,2012,ALEXANDRA,Minor Dam,134,9.36,71.4,53.28
b1cbc7fe-6cea-42f6-a1fc-30b20a4a1ab8,10/02/2012,Feb-12,2,2012,ALEXANDRA,Minor Dam,134,9.2,68.1,50.82
bfcf6f1d-4832-46d4-a94b-3e8484b24e8f,11/02/2012,Feb-12,2,2012,ALEXANDRA,Minor Dam,134,9.07,65.4,48.81
6555c793-33cd-4c42-8cbd-dee3a8c2b68f,12/02/2012,Feb-12,2,2012,ALEXANDRA,Minor Dam,134,8.9,62.2,46.42
42424e34-b49c-4dc7-980b-803a4fc57ce7,13/02/2012,Feb-12,2,2012,ALEXANDRA,Minor Dam,134,8.84,61.2,45.67
2bdaed30-635b-458e-ad66-2793504089b0,14/02/2012,Feb-12,2,2012,ALEXANDRA,Minor Dam,134,8.7,58.8,43.88
7eb0301e-ea54-4403-98ad-ad7cbe4b807d,15/02/2012,Feb-12,2,2012,ALEXANDRA,Minor Dam,134,8.57,56.6,42.24
6d21bf4e-ea2f-4ed0-a667-92fa9ac40735,16/02/2012,Feb-12,2,2012,ALEXANDRA,Minor Dam,134,8.46,54.7,40.82
10d14f1c-0166-4da0-9d4f-49274dcb7b5a,17/02/2012,Feb-12,2,2012,ALEXANDRA,Minor Dam,134,8.28,51.6,38.51
b9b9690f-5835-41a1-affc-234fef2c6122,18/02/2012,Feb-12,2,2012,ALEXANDRA,Minor Dam,134,8.22,50.6,37.76
63cd84e0-b5a7-426b-864a-a6021badea10,19/02/2012,Feb-12,2,2012,ALEXANDRA,Minor Dam,134,8.06,47.9,35.75
2282c36f-e2e5-4edf-bcc9-4543861b7c9b,20/02/2012,Feb-12,2,2012,ALEXANDRA,Minor Dam,134,7.96,46.3,34.55
38a282b0-c757-46a4-ac43-6aba09fe2cfa,21/02/2012,Feb-12,2,2012,ALEXANDRA,Minor Dam,134,7.84,44.7,33.36
40eb19d7-02cc-4a67-9561-036dd96a51f3,22/02/2012,Feb-12,2,2012,ALEXANDRA,Minor Dam,134,7.84,44.7,33.36
81aab3d8-708e-440d-b7fe-d911db7e915f,23/02/2012,Feb-12,2,2012,ALEXANDRA,Minor Dam,134,7.78,43.9,32.76
c788b2e1-f2fc-45ef-b539-ddfb4df7efce,24/02/2012,Feb-12,2,2012,ALEXANDRA,Minor Dam,134,7.83,44.6,33.28
2922a043-7f66-4d18-b066-3586896c6f30,25/02/2012,Feb-12,2,2012,ALEXANDRA,Minor Dam,134,7.83,44.6,33.28
b85f8391-73b1-4d2c-b707-e3a524fe6a15,26/02/2012,Feb-12,2,2012,ALEXANDRA,Minor Dam,134,7.83,44.6,33.28
e819b196-ce7e-42dd-a211-6dc3be578d95,27/02/2012,Feb-12,2,2012,ALEXANDRA,Minor Dam,134,7.82,44.5,33.21
7ed3d41e-9486-4678-933d-24fa2d7ae8d9,28/02/2012,Feb-12,2,2012,ALEXANDRA,Minor Dam,134,7.81,44.3,33.06
b2a3b2a7-b568-4d6b-b74e-f49a7f756b2a,29/02/2012,Feb-12,2,2012,ALEXANDRA,Minor Dam,134,7.81,44.3,33.06
1d998274-371d-4ee7-a6e4-a772f19d725a,01/03/2012,Mar-12,3,2012,ALEXANDRA,Minor Dam,134,7.8,44.2,32.99
0dc33dca-f3ed-47c6-83bf-dadba8c7b8be,02/03/2012,Mar-12,3,2012,ALEXANDRA,Minor Dam,134,7.8,44.2,32.99
d798267b-1d4c-44a2-81ea-76bfc5979013,03/03/2012,Mar-12,3,2012,ALEXANDRA,Minor Dam,134,7.8,44.2,32.99
3b49fca0-981b-4e81-86e1-380ca954bd1a,04/03/2012,Mar-12,3,2012,ALEXANDRA,Minor Dam,134,7.79,44.1,32.91
1a4f86c0-1a15-4a25-b9f0-2f1389430acf,05/03/2012,Mar-12,3,2012,ALEXANDRA,Minor Dam,134,7.79,44.1,32.91
a4526349-9d80-45fc-ae4a-6c61d9fefbbb,06/03/2012,Mar-12,3,2012,ALEXANDRA,Minor Dam,134,7.77,43.8,32.69
3b84005a-684b-4521-81c2-143eb1bdaa27,07/03/2012,Mar-12,3,2012,ALEXANDRA,Minor Dam,134,7.76,43.6,32.54
ff8c86f2-93a2-459a-9ffe-817afbb2d6f7,08/03/2012,Mar-12,3,2012,ALEXANDRA,Minor Dam,134,7.74,43.4,32.39
04b688a1-483a-4eff-9fc6-47f93cbe48be,09/03/2012,Mar-12,3,2012,ALEXANDRA,Minor Dam,134,7.74,43.4,32.39
41f4dcd9-2851-4261-961b-7ae7b1e5d217,10/03/2012,Mar-12,3,2012,ALEXANDRA,Minor Dam,134,7.72,43.1,32.16
ac50e7c7-8a75-4d2a-9890-c515e09cbad1,11/03/2012,Mar-12,3,2012,ALEXANDRA,Minor Dam,134,7.72,43.1,32.16
735db9c6-b56b-4910-acf4-0f4187831fb3,12/03/2012,Mar-12,3,2012,ALEXANDRA,Minor Dam,134,7.72,43.1,32.16
41ad7a38-856e-4796-a1fd-3ed736aa2071,13/03/2012,Mar-12,3,2012,ALEXANDRA,Minor Dam,134,7.72,43.1,32.16
e4b90fb8-9060-4e65-bd6a-9c2e5dd37548,14/03/2012,Mar-12,3,2012,ALEXANDRA,Minor Dam,134,7.71,43,32.09
d6551996-15a0-4179-a473-ca5f3419c880,15/03/2012,Mar-12,3,2012,ALEXANDRA,Minor Dam,134,7.71,43,32.09
148c8ab9-7eb0-4d04-adde-d72f45bfda59,16/03/2012,Mar-12,3,2012,ALEXANDRA,Minor Dam,134,7.71,43,32.09
aa93a0f1-9095-4b78-8e63-90caddeb61c3,17/03/2012,Mar-12,3,2012,ALEXANDRA,Minor Dam,134,7.7,42.8,31.94
08427e1b-269d-4d37-9faa-d0eadc2f79cc,18/03/2012,Mar-12,3,2012,ALEXANDRA,Minor Dam,134,7.73,43.2,32.24
e33938ef-4e48-47cc-b4f5-0a93dd9a443a,19/03/2012,Mar-12,3,2012,ALEXANDRA,Minor Dam,134,7.73,43.2,32.24
83301de5-578c-42ca-a3e7-69f5322d9474,20/03/2012,Mar-12,3,2012,ALEXANDRA,Minor Dam,134,7.73,43.2,32.24
f58fd68c-07f2-40ba-95d7-c5a48ced07fd,21/03/2012,Mar-12,3,2012,ALEXANDRA,Minor Dam,134,7.73,43.2,32.24
2cd6bb3a-5cd1-46f4-883d-718a4e6ed8e3,22/03/2012,Mar-12,3,2012,ALEXANDRA,Minor Dam,134,7.73,43.2,32.24
37d9375c-023f-4891-85aa-ec89c2e5f152,23/03/2012,Mar-12,3,2012,ALEXANDRA,Minor Dam,134,7.72,43.1,32.16
a34642c5-642c-4bc6-874d-f27888efb9cc,24/03/2012,Mar-12,3,2012,ALEXANDRA,Minor Dam,134,7.72,43.1,32.16
65f59297-c6a9-4c2a-8c7b-3374ea089536,25/03/2012,Mar-12,3,2012,ALEXANDRA,Minor Dam,134,7.72,43.1,32.16
06125c8e-ed28-48ac-b840-a214fc6dcd74,26/03/2012,Mar-12,3,2012,ALEXANDRA,Minor Dam,134,7.72,43.1,32.16
83213728-d62e-4918-a21d-66922d241be8,27/03/2012,Mar-12,3,2012,ALEXANDRA,Minor Dam,134,7.71,43,32.09
9c05ecd7-23ee-4e7f-947f-e84a97656e43,28/03/2012,Mar-12,3,2012,ALEXANDRA,Minor Dam,134,7.7,42.8,31.94
31247755-a865-4a13-adf3-94fefc24bacc,29/03/2012,Mar-12,3,2012,ALEXANDRA,Minor Dam,134,7.7,42.8,31.94
e1cfbcae-d05d-4ace-8d4a-7186febbf1f7,30/03/2012,Mar-12,3,2012,ALEXANDRA,Minor Dam,134,7.7,42.8,31.94
003d8d40-bcf6-4d7e-a9f9-96718769962e,31/03/2012,Mar-12,3,2012,ALEXANDRA,Minor Dam,134,7.73,43.2,32.24
88694f26-631e-478f-a25b-9edf62670f17,01/04/2012,Apr-12,4,2012,ALEXANDRA,Minor Dam,134,7.73,43.2,32.24
bd97155a-ecaa-4d3f-bea5-330966a597d2,02/04/2012,Apr-12,4,2012,ALEXANDRA,Minor Dam,134,7.73,43.2,32.24
cdae1313-7ca7-45b9-8ae7-475ffa60fe7b,03/04/2012,Apr-12,4,2012,ALEXANDRA,Minor Dam,134,7.73,43.2,32.24
b3ea03e1-834f-4320-9f14-cfb8984148e2,04/04/2012,Apr-12,4,2012,ALEXANDRA,Minor Dam,134,7.73,43.2,32.24
22bb9189-ba72-437c-a277-44cf5d8abf80,05/04/2012,Apr-12,4,2012,ALEXANDRA,Minor Dam,134,7.73,43.2,32.24
2ec34194-eba0-4ef5-a136-cbe2bdbf2ac0,06/04/2012,Apr-12,4,2012,ALEXANDRA,Minor Dam,134,7.73,43.2,32.24
632d0777-0ce7-4535-b10f-80001e7dc830,07/04/2012,Apr-12,4,2012,ALEXANDRA,Minor Dam,134,7.73,43.2,32.24
d0119451-da69-4af6-b2a4-e9176dcff1bc,08/04/2012,Apr-12,4,2012,ALEXANDRA,Minor Dam,134,7.79,44.1,32.91
d15548f5-1d1d-4a20-ab73-782769684dfc,09/04/2012,Apr-12,4,2012,ALEXANDRA,Minor Dam,134,7.91,45.7,34.1
7189a713-cf63-48cd-a317-930004670c34,10/04/2012,Apr-12,4,2012,ALEXANDRA,Minor Dam,134,8.14,49.3,36.79
5ff285a9-1aa8-441b-8dd7-9cdee7f36e7c,11/04/2012,Apr-12,4,2012,ALEXANDRA,Minor Dam,134,8.28,51.6,38.51
3a09553c-095d-46e2-9da9-a8098050f6f5,12/04/2012,Apr-12,4,2012,ALEXANDRA,Minor Dam,134,8.28,51.6,38.51
041458ad-27b5-4b82-8155-7205039dda9e,13/04/2012,Apr-12,4,2012,ALEXANDRA,Minor Dam,134,8.28,51.6,38.51
a4952413-f9ff-4c12-b914-2f0b1476d4b2,14/04/2012,Apr-12,4,2012,ALEXANDRA,Minor Dam,134,8.26,51.3,38.28
94f6c084-16c3-44ac-83fb-92f4add19bee,15/04/2012,Apr-12,4,2012,ALEXANDRA,Minor Dam,134,8.26,51.3,38.28
3f88cec9-9aa1-4707-b400-b4f89d0fa304,16/04/2012,Apr-12,4,2012,ALEXANDRA,Minor Dam,134,8.31,52.1,38.88
15fcf853-0a32-433a-bfdf-49ef5c93b2d1,17/04/2012,Apr-12,4,2012,ALEXANDRA,Minor Dam,134,8.27,51.5,38.43
d1a3d9e7-2fe2-4d44-9ed1-202c17dc411b,18/04/2012,Apr-12,4,2012,ALEXANDRA,Minor Dam,134,8.27,51.5,38.43
fc157ae8-0dec-40b5-84a5-020d59fc6c51,19/04/2012,Apr-12,4,2012,ALEXANDRA,Minor Dam,134,8.27,51.5,38.43
9f4119ef-777d-4df1-856f-330aafbed6e4,20/04/2012,Apr-12,4,2012,ALEXANDRA,Minor Dam,134,8.25,51.1,38.13
c96a9b13-9a5c-4d35-946b-a9092b03bd52,21/04/2012,Apr-12,4,2012,ALEXANDRA,Minor Dam,134,8.25,51.1,38.13
e1689cd4-beea-4b18-8fc6-c6cf1054b76d,22/04/2012,Apr-12,4,2012,ALEXANDRA,Minor Dam,134,8.23,50.8,37.91
6911ab2b-1a4f-4744-a87b-293b4be7296b,23/04/2012,Apr-12,4,2012,ALEXANDRA,Minor Dam,134,8.22,50.6,37.76
29bff3cb-21bc-45c8-ac24-20f35307a78b,24/04/2012,Apr-12,4,2012,ALEXANDRA,Minor Dam,134,8.22,50.6,37.76
f86d8601-38f6-4f45-81e3-fb7b32f0529b,25/04/2012,Apr-12,4,2012,ALEXANDRA,Minor Dam,134,8.21,50.4,37.61
34cea221-153a-42a0-804f-a00f5ec33c1c,26/04/2012,Apr-12,4,2012,ALEXANDRA,Minor Dam,134,8.21,50.4,37.61
d2c9e4f7-bb79-4789-86b5-59fc15e521a7,27/04/2012,Apr-12,4,2012,ALEXANDRA,Minor Dam,134,8.19,50.1,37.39
15aa276d-783f-4a01-9e0a-dfe3dcdc8c0c,28/04/2012,Apr-12,4,2012,ALEXANDRA,Minor Dam,134,8.2,50.3,37.54
3b47f429-2958-4171-9432-e3162f29cfb0,29/04/2012,Apr-12,4,2012,ALEXANDRA,Minor Dam,134,8.21,50.4,37.61
26c22d99-7296-4185-8ff2-a50eb2d2c882,30/04/2012,Apr-12,4,2012,ALEXANDRA,Minor Dam,134,8.22,50.6,37.76
b21e26ef-6d13-49b4-bb3f-cf574830eb36,01/05/2012,May-12,5,2012,ALEXANDRA,Minor Dam,134,8.23,50.8,37.91
3c50c809-5514-4c99-8743-c35ede829864,02/05/2012,May-12,5,2012,ALEXANDRA,Minor Dam,134,8.39,53.5,39.93
27b24737-bd5d-4184-84a8-38f7d9238bfa,03/05/2012,May-12,5,2012,ALEXANDRA,Minor Dam,134,8.44,54.4,40.6
4ea208fc-c58a-4c8a-90dc-73f64740f9bc,04/05/2012,May-12,5,2012,ALEXANDRA,Minor Dam,134,8.66,58.1,43.36
e2d5d080-88dc-44c6-8424-573fcce2a4d3,05/05/2012,May-12,5,2012,ALEXANDRA,Minor Dam,134,8.85,61.3,45.75
f79a3775-80b0-46d2-b2ab-e07454cda87b,06/05/2012,May-12,5,2012,ALEXANDRA,Minor Dam,134,8.98,63.6,47.46
e0edcbea-1c74-4632-919e-42d2dda39a83,07/05/2012,May-12,5,2012,ALEXANDRA,Minor Dam,134,9.1,66,49.25
da356d96-99ca-46e0-bda5-1655a90a0270,08/05/2012,May-12,5,2012,ALEXANDRA,Minor Dam,134,9.18,67.6,50.45
23e67f9b-90a8-4670-9086-c652f07e028d,09/05/2012,May-12,5,2012,ALEXANDRA,Minor Dam,134,9.18,67.6,50.45
96908ff7-cb8b-4d33-a242-b62873106f71,10/05/2012,May-12,5,2012,ALEXANDRA,Minor Dam,134,9.16,67.2,50.15
5c63aff1-012b-4728-a524-1177b6dc8767,11/05/2012,May-12,5,2012,ALEXANDRA,Minor Dam,134,9.16,67.2,50.15
a7592d71-7aaa-49fb-9713-189e996b87aa,12/05/2012,May-12,5,2012,ALEXANDRA,Minor Dam,134,9.13,66.6,49.7
34a4e7d9-cbf9-4d71-b6d9-fba52a0ae412,13/05/2012,May-12,5,2012,ALEXANDRA,Minor Dam,134,9.13,66.6,49.7
adee23cf-513d-4c04-89b5-bd481df9f177,14/05/2012,May-12,5,2012,ALEXANDRA,Minor Dam,134,9.13,66.6,49.7
3ce950a0-1b99-457a-a758-bc69b28b55eb,15/05/2012,May-12,5,2012,ALEXANDRA,Minor Dam,134,9.22,68.5,51.12
151b6d5b-112c-4781-92a4-56aec85ed156,16/05/2012,May-12,5,2012,ALEXANDRA,Minor Dam,134,9.3,70.1,52.31
0ed3eb1d-8e81-44b8-b12d-86eed570e5a2,17/05/2012,May-12,5,2012,ALEXANDRA,Minor Dam,134,9.3,70.1,52.31
2b26931d-344b-4262-b969-15690e586e33,18/05/2012,May-12,5,2012,ALEXANDRA,Minor Dam,134,9.3,70.1,52.31
3c8f1c7a-175b-480d-bb8d-9cb8a29b5af1,19/05/2012,May-12,5,2012,ALEXANDRA,Minor Dam,134,9.4,72.2,53.88
81bd7a57-41af-430f-83ca-b5de0805df64,20/05/2012,May-12,5,2012,ALEXANDRA,Minor Dam,134,9.17,67.4,50.3
75799d42-d3f5-4186-b03e-36d3bb525358,21/05/2012,May-12,5,2012,ALEXANDRA,Minor Dam,134,9.49,74.1,55.3
cbf38243-4341-40df-aebd-691d40f08df8,22/05/2012,May-12,5,2012,ALEXANDRA,Minor Dam,134,9.46,73.5,54.85
b348a21d-3637-41e6-af36-7d9da2996bf3,23/05/2012,May-12,5,2012,ALEXANDRA,Minor Dam,134,9.47,73.7,55
10c5d685-efb3-4bbd-9ab9-bcf012363c33,24/05/2012,May-12,5,2012,ALEXANDRA,Minor Dam,134,9.47,73.7,55
a4b36da3-4b85-4e19-afa1-e183d6de0ae7,25/05/2012,May-12,5,2012,ALEXANDRA,Minor Dam,134,9.46,73.5,54.85
011a117a-c883-44ac-afcd-babb50907690,26/05/2012,May-12,5,2012,ALEXANDRA,Minor Dam,134,9.49,74.1,55.3
45cc9bf0-d88b-47ac-9140-32d5b2ea2105,27/05/2012,May-12,5,2012,ALEXANDRA,Minor Dam,134,9.58,75.9,56.64
ed0ab93d-a3df-4e57-b10d-62dd94a657d7,28/05/2012,May-12,5,2012,ALEXANDRA,Minor Dam,134,9.94,83.4,62.24
9a90bb9f-7266-4ab6-b734-9d88d615d81b,29/05/2012,May-12,5,2012,ALEXANDRA,Minor Dam,134,9.98,84.3,62.91
405ca207-b01a-4124-a34d-2b0c7251d1a8,30/05/2012,May-12,5,2012,ALEXANDRA,Minor Dam,134,9.98,84.3,62.91
2f7b313a-cdbc-4938-8fd6-a14551a71996,31/05/2012,May-12,5,2012,ALEXANDRA,Minor Dam,134,10.12,87.5,65.3
c2903586-5c94-4fa5-9868-73ed08f28728,01/06/2012,Jun-12,6,2012,ALEXANDRA,Minor Dam,134,10.12,87.5,65.3
39629458-6ea9-4ca1-b1ba-02770b0ed287,02/06/2012,Jun-12,6,2012,ALEXANDRA,Minor Dam,134,10.1,87,64.93
a2166402-1f8a-485a-a0e2-5a8861597575,03/06/2012,Jun-12,6,2012,ALEXANDRA,Minor Dam,134,10.23,90.1,67.24
4afd6229-92e4-4094-bc75-46aa70dccd5a,04/06/2012,Jun-12,6,2012,ALEXANDRA,Minor Dam,134,10.22,89.9,67.09
c6d9f322-aa5c-4217-b486-9c843dc5f6ba,05/06/2012,Jun-12,6,2012,ALEXANDRA,Minor Dam,134,10.14,88,65.67
e6775f99-eebe-4275-b686-0a1be31b03da,06/06/2012,Jun-12,6,2012,ALEXANDRA,Minor Dam,134,10.08,86.6,64.63
2dd54bf7-27f6-425e-9db8-9349e5e06224,07/06/2012,Jun-12,6,2012,ALEXANDRA,Minor Dam,134,10.03,85.4,63.73
98693cb3-b9bf-453b-b31b-38982175e104,08/06/2012,Jun-12,6,2012,ALEXANDRA,Minor Dam,134,10.1,87,64.93
d3c3fefc-0ca0-484d-b036-064d36d5b773,09/06/2012,Jun-12,6,2012,ALEXANDRA,Minor Dam,134,10.26,90.9,67.84
5ec6a174-d601-4937-8a58-8b5d922a34a6,10/06/2012,Jun-12,6,2012,ALEXANDRA,Minor Dam,134,10.33,92.5,69.03
738e1cab-2753-4b93-aae0-ce059d5106e7,11/06/2012,Jun-12,6,2012,ALEXANDRA,Minor Dam,134,10.29,91.6,68.36
b0d9d900-e1fa-4405-9b3c-25a4089ea294,12/06/2012,Jun-12,6,2012,ALEXANDRA,Minor Dam,134,10.29,91.6,68.36
52db0930-7548-4a64-817d-9aeada2f5bc3,13/06/2012,Jun-12,6,2012,ALEXANDRA,Minor Dam,134,10.28,91.3,68.13
e0609d13-41f9-427d-a314-db94f476118d,14/06/2012,Jun-12,6,2012,ALEXANDRA,Minor Dam,134,10.27,91.1,67.99
0792ad09-2a4f-478c-810f-3255936573f2,15/06/2012,Jun-12,6,2012,ALEXANDRA,Minor Dam,134,10.26,90.9,67.84
c8297b59-2b05-4a0d-a6f5-02f5e82e0d5f,16/06/2012,Jun-12,6,2012,ALEXANDRA,Minor Dam,134,10.26,90.9,67.84
3d7468ce-aa62-4aea-b27e-a47b2b3225cd,17/06/2012,Jun-12,6,2012,ALEXANDRA,Minor Dam,134,10.24,90.4,67.46
f10fdb39-3fad-46ef-b803-96bcad3d29c2,18/06/2012,Jun-12,6,2012,ALEXANDRA,Minor Dam,134,10.2,89.4,66.72
c232a350-841f-438c-9825-d750e5c60387,19/06/2012,Jun-12,6,2012,ALEXANDRA,Minor Dam,134,10.2,89.4,66.72
2dc76681-518d-4681-958c-ce3a9556074e,20/06/2012,Jun-12,6,2012,ALEXANDRA,Minor Dam,134,10.2,89.4,66.72
4de97357-660c-4660-bbe3-cc31ddba3f2b,21/06/2012,Jun-12,6,2012,ALEXANDRA,Minor Dam,134,10.19,89.2,66.57
e7b4172b-9a3f-4b04-9309-4227d901dc5d,22/06/2012,Jun-12,6,2012,ALEXANDRA,Minor Dam,134,10.19,89.2,66.57
afa16148-b30c-408b-8de8-d13709a95460,23/06/2012,Jun-12,6,2012,ALEXANDRA,Minor Dam,134,10.18,88.9,66.34
06fd0080-c403-4daa-a8b5-b3dfa0325ca3,24/06/2012,Jun-12,6,2012,ALEXANDRA,Minor Dam,134,10.14,88,65.67
486467ab-e761-47ff-8d50-323aa64e54ec,25/06/2012,Jun-12,6,2012,ALEXANDRA,Minor Dam,134,10.1,87,64.93
b27c4d14-3310-4661-b1e6-345eb4b04c01,26/06/2012,Jun-12,6,2012,ALEXANDRA,Minor Dam,134,10.11,87.3,65.15
bd1cc3f5-3d7f-45b6-bfec-ec60eb51a594,27/06/2012,Jun-12,6,2012,ALEXANDRA,Minor Dam,134,10.12,87.5,65.3
eae5d8ed-1d18-4334-94a1-870075f19033,28/06/2012,Jun-12,6,2012,ALEXANDRA,Minor Dam,134,10.28,91.3,68.13
e4382e6b-df92-4108-8d2c-4e5e6f57fdd6,29/06/2012,Jun-12,6,2012,ALEXANDRA,Minor Dam,134,10.28,91.3,68.13
327c729d-a734-466a-98bc-c7264881297a,30/06/2012,Jun-12,6,2012,ALEXANDRA,Minor Dam,134,10.3,91.8,68.51
2f0142d0-3c09-43b8-a717-259f3920cd9b,01/07/2012,Jul-12,7,2012,ALEXANDRA,Minor Dam,134,10.3,91.8,68.51
38c1ed16-30f9-420e-805d-88714d45c0f7,02/07/2012,Jul-12,7,2012,ALEXANDRA,Minor Dam,134,10.27,91.1,67.99
fb708736-7c91-4a20-8d88-1f6e3fc1414e,03/07/2012,Jul-12,7,2012,ALEXANDRA,Minor Dam,134,10.28,91.3,68.13
b25c3906-4c76-4fc6-b491-dc72ca63e8fd,04/07/2012,Jul-12,7,2012,ALEXANDRA,Minor Dam,134,10.28,91.3,68.13
6361d154-a29f-405f-a078-a65bfbb23c9b,05/07/2012,Jul-12,7,2012,ALEXANDRA,Minor Dam,134,10.38,93.7,69.93
1d3ed614-0e97-4dd4-ad37-c6056c5106bb,06/07/2012,Jul-12,7,2012,ALEXANDRA,Minor Dam,134,10.38,93.7,69.93
3b2e2ef4-3034-484c-a423-9ef6954cc111,07/07/2012,Jul-12,7,2012,ALEXANDRA,Minor Dam,134,10.38,93.7,69.93
20df0a05-4f01-48c4-a350-907a3522014a,08/07/2012,Jul-12,7,2012,ALEXANDRA,Minor Dam,134,10.48,96.1,71.72
526c5ede-6521-4a7a-befe-63822ce86251,09/07/2012,Jul-12,7,2012,ALEXANDRA,Minor Dam,134,10.55,97.7,72.91
18d30ea0-f141-421c-b81a-7c2411514162,10/07/2012,Jul-12,7,2012,ALEXANDRA,Minor Dam,134,10.82,104.2,77.76
74953948-a66f-4d54-a8b9-ff52c16ffda9,11/07/2012,Jul-12,7,2012,ALEXANDRA,Minor Dam,134,10.9,106.1,79.18
dc3653cd-dd18-4dbc-8498-117f9c2685df,12/07/2012,Jul-12,7,2012,ALEXANDRA,Minor Dam,134,10.98,108,80.6
d14cfcd9-7c37-47ad-ad9d-b1e377b4d2f4,13/07/2012,Jul-12,7,2012,ALEXANDRA,Minor Dam,134,11.01,108.9,81.27
30878761-a94b-4046-b67a-c05413bb2ad6,14/07/2012,Jul-12,7,2012,ALEXANDRA,Minor Dam,134,11.02,109.3,81.57
5e443dad-6bc4-4438-853d-542622edc1fa,15/07/2012,Jul-12,7,2012,ALEXANDRA,Minor Dam,134,11.02,109.3,81.57
34d8bc05-016f-4a7a-a0d8-b40ab7e561e4,16/07/2012,Jul-12,7,2012,ALEXANDRA,Minor Dam,134,11.02,109.3,81.57
fb5850c3-d122-4405-84aa-331732ad6c70,17/07/2012,Jul-12,7,2012,ALEXANDRA,Minor Dam,134,11,108.4,80.9
b609cb80-9a89-4462-b9c8-2a6352b58bbb,18/07/2012,Jul-12,7,2012,ALEXANDRA,Minor Dam,134,10.98,108,80.6
94a5d693-ce2c-46b3-8abe-c66958c5e460,19/07/2012,Jul-12,7,2012,ALEXANDRA,Minor Dam,134,10.98,108,80.6
12e9f33a-2e3a-43d3-bb62-1684e1d61746,20/07/2012,Jul-12,7,2012,ALEXANDRA,Minor Dam,134,10.95,107.3,80.07
330c1639-dd7d-4eb0-ac5c-5b8b7dd94c90,21/07/2012,Jul-12,7,2012,ALEXANDRA,Minor Dam,134,10.99,108.2,80.75
2319435e-d961-4099-a540-fc19e0dabcd9,22/07/2012,Jul-12,7,2012,ALEXANDRA,Minor Dam,134,11.03,109.8,81.94
26a6a2bd-6b4e-4d9e-8310-d46b28acf64b,23/07/2012,Jul-12,7,2012,ALEXANDRA,Minor Dam,134,11.08,112.1,83.66
6ce3c8a4-73fc-4dff-a774-ee352262c95b,24/07/2012,Jul-12,7,2012,ALEXANDRA,Minor Dam,134,11.07,111.6,83.28
a2d45a4d-0078-4cb3-9238-e10b396c6ab0,25/07/2012,Jul-12,7,2012,ALEXANDRA,Minor Dam,134,11.05,110.7,82.61
91d88bcd-8a4c-48be-b02d-4cb8b51e4c07,26/07/2012,Jul-12,7,2012,ALEXANDRA,Minor Dam,134,11.03,109.8,81.94
118612af-ea57-485f-9477-c3bd06487bf5,27/07/2012,Jul-12,7,2012,ALEXANDRA,Minor Dam,134,11.01,108.9,81.27
6c0504e7-73c0-4d4a-9a87-2ce173c091a8,28/07/2012,Jul-12,7,2012,ALEXANDRA,Minor Dam,134,11,108.4,80.9
e6e8e3a6-95ec-40a3-bb1c-88b1151abb8d,29/07/2012,Jul-12,7,2012,ALEXANDRA,Minor Dam,134,10.98,108,80.6
cac3d9ec-2d41-4039-ac77-8324ff3b2c1d,30/07/2012,Jul-12,7,2012,ALEXANDRA,Minor Dam,134,10.96,107.5,80.22
32364abf-a4e2-4233-ac2e-dd8b244a4c84,31/07/2012,Jul-12,7,2012,ALEXANDRA,Minor Dam,134,10.94,107,79.85
be4d9274-1222-41d4-bc46-3904295efe42,01/08/2012,Aug-12,8,2012,ALEXANDRA,Minor Dam,134,10.93,106.8,79.7
36762e3f-6297-40fd-bf9b-cf49e0b2a853,02/08/2012,Aug-12,8,2012,ALEXANDRA,Minor Dam,134,10.93,106.8,79.7
c091495b-c459-44e4-aa5c-715c07f05555,03/08/2012,Aug-12,8,2012,ALEXANDRA,Minor Dam,134,10.9,106.1,79.18
282c07b4-5754-40cd-b49b-0cf6d7ea9bf0,04/08/2012,Aug-12,8,2012,ALEXANDRA,Minor Dam,134,10.89,105.8,78.96
67328ca6-d7f5-4ae5-b7b4-ea837ad1d2c4,05/08/2012,Aug-12,8,2012,ALEXANDRA,Minor Dam,134,10.89,105.8,78.96
a8160e32-b877-4e54-b8fe-679b8222f01b,06/08/2012,Aug-12,8,2012,ALEXANDRA,Minor Dam,134,10.85,104.9,78.28
398cfbb7-961b-4210-8116-d97c477f969d,07/08/2012,Aug-12,8,2012,ALEXANDRA,Minor Dam,134,10.82,104.2,77.76
0137c5e8-2151-44a4-9759-68f51f587137,08/08/2012,Aug-12,8,2012,ALEXANDRA,Minor Dam,134,10.81,103.9,77.54
be1b2f92-3058-48be-a00b-e1cffd6394b4,09/08/2012,Aug-12,8,2012,ALEXANDRA,Minor Dam,134,10.81,103.9,77.54
1d8ed8c7-97c1-4770-bc61-4f3bd56a35fb,10/08/2012,Aug-12,8,2012,ALEXANDRA,Minor Dam,134,10.77,103,76.87
992d2a2b-916c-412e-a135-5d28cc94b29e,11/08/2012,Aug-12,8,2012,ALEXANDRA,Minor Dam,134,10.76,102.7,76.64
b009b86e-25dc-44d7-b30b-f1a3bde7fbd2,12/08/2012,Aug-12,8,2012,ALEXANDRA,Minor Dam,134,10.71,101.5,75.75
01159eda-f36a-4e5c-84d2-0467b8c73c6a,13/08/2012,Aug-12,8,2012,ALEXANDRA,Minor Dam,134,10.89,105.8,78.96
8489d57f-649f-409a-afd4-92da84d393c3,14/08/2012,Aug-12,8,2012,ALEXANDRA,Minor Dam,134,10.86,105.1,78.43
c6ac1fdc-cc5a-4f45-9edb-723cd7aa1524,15/08/2012,Aug-12,8,2012,ALEXANDRA,Minor Dam,134,10.84,104.6,78.06
186dda83-e5ff-47e6-89f4-30d19d454c11,16/08/2012,Aug-12,8,2012,ALEXANDRA,Minor Dam,134,10.84,104.6,78.06
66f6ee5e-7e6c-45a7-a905-6da8e04a65dd,17/08/2012,Aug-12,8,2012,ALEXANDRA,Minor Dam,134,10.88,105.6,78.81
6ea6b71e-83bf-4ce5-88e3-f56d6c1c5a8e,18/08/2012,Aug-12,8,2012,ALEXANDRA,Minor Dam,134,11,108.4,80.9
60225603-4165-4a0c-a501-0a4f28273852,19/08/2012,Aug-12,8,2012,ALEXANDRA,Minor Dam,134,11.06,111.2,82.99
c3ca8d7a-dfea-4efa-b2ab-ddb3d988f780,20/08/2012,Aug-12,8,2012,ALEXANDRA,Minor Dam,134,11.08,112.1,83.66
61de35fe-6216-4d12-9f96-c67808745187,21/08/2012,Aug-12,8,2012,ALEXANDRA,Minor Dam,134,11.18,116.6,87.01
659b88cd-830c-4057-a51c-d70da0fd30a8,22/08/2012,Aug-12,8,2012,ALEXANDRA,Minor Dam,134,11.16,115.7,86.34
c6bffd2c-e5c3-4f65-bde6-94087d713748,23/08/2012,Aug-12,8,2012,ALEXANDRA,Minor Dam,134,11.4,126.5,94.4
6b050156-fa92-4aa6-ab24-e8722e1ce49f,24/08/2012,Aug-12,8,2012,ALEXANDRA,Minor Dam,134,11.43,127.9,95.45
0e11cb6e-59e9-4d26-9c8c-16b0253ee92d,25/08/2012,Aug-12,8,2012,ALEXANDRA,Minor Dam,134,11.43,127.9,95.45
61921e26-9ad5-4904-8461-0dd584823571,26/08/2012,Aug-12,8,2012,ALEXANDRA,Minor Dam,134,11.44,128.4,95.82
6ca0be16-1ad6-4e97-a23d-6a991247c509,27/08/2012,Aug-12,8,2012,ALEXANDRA,Minor Dam,134,11.45,128.8,96.12
22051fb9-71bb-4008-b3d6-b4ea67c16f21,28/08/2012,Aug-12,8,2012,ALEXANDRA,Minor Dam,134,11.56,134.2,100.15
fcc93d19-35ed-42bb-a586-3773df75ad74,29/08/2012,Aug-12,8,2012,ALEXANDRA,Minor Dam,134,11.56,134.2,100.15
3ac94410-f78f-4d47-925b-f26134ef6a82,30/08/2012,Aug-12,8,2012,ALEXANDRA,Minor Dam,134,11.56,134.2,100.15
7269d427-eeeb-4e76-82a2-fad4c3f6fd35,31/08/2012,Aug-12,8,2012,ALEXANDRA,Minor Dam,134,11.52,132,98.51
ba17ed05-ef15-4201-9f2f-501b07632cc7,01/09/2012,Sep-12,9,2012,ALEXANDRA,Minor Dam,134,11.5,131.1,97.84
65805968-b319-4f2f-bcd7-22f3fcc5020a,02/09/2012,Sep-12,9,2012,ALEXANDRA,Minor Dam,134,11.56,134.2,100.15
aca86f9d-be13-47bd-848d-ee128663eb37,03/09/2012,Sep-12,9,2012,ALEXANDRA,Minor Dam,134,11.56,134.2,100.15
328101a6-6ed2-4457-a648-d7f7415f61c4,04/09/2012,Sep-12,9,2012,ALEXANDRA,Minor Dam,134,11.56,134.2,100.15
dd8677aa-781d-4296-a45b-003f03ba7737,05/09/2012,Sep-12,9,2012,ALEXANDRA,Minor Dam,134,11.56,134.2,100.15
af77e85b-8feb-4c09-a1cd-f3920e6ba3a1,06/09/2012,Sep-12,9,2012,ALEXANDRA,Minor Dam,134,11.54,132.9,99.18
0a01e88a-4c96-4482-ab72-9a319c06d16b,07/09/2012,Sep-12,9,2012,ALEXANDRA,Minor Dam,134,11.52,132,98.51
1fa8cb33-d3c8-427f-8f2b-e4db870dac2b,08/09/2012,Sep-12,9,2012,ALEXANDRA,Minor Dam,134,11.5,131.1,97.84
709aec06-a320-4aa4-97ff-5229117e8945,09/09/2012,Sep-12,9,2012,ALEXANDRA,Minor Dam,134,11.46,129.3,96.49
ae96491b-1179-4107-a343-498248e93fa5,10/09/2012,Sep-12,9,2012,ALEXANDRA,Minor Dam,134,11.46,129.3,96.49
94c4eb36-cbd1-4894-a5b2-928dbef091ab,11/09/2012,Sep-12,9,2012,ALEXANDRA,Minor Dam,134,11.46,129.3,96.49
3708b503-48a1-4ed9-bd14-1fece97122dc,12/09/2012,Sep-12,9,2012,ALEXANDRA,Minor Dam,134,11.53,132.4,98.81
c9843689-2478-49a3-bc05-b30d7f1a317e,13/09/2012,Sep-12,9,2012,ALEXANDRA,Minor Dam,134,11.53,132.4,98.81
6802dfc0-9f68-4ce5-b7ea-8e1187d7be19,14/09/2012,Sep-12,9,2012,ALEXANDRA,Minor Dam,134,11.52,132,98.51
d4ba60c5-0324-4c08-8894-61efc77ded0c,15/09/2012,Sep-12,9,2012,ALEXANDRA,Minor Dam,134,11.55,133.3,99.48
93a5d5a2-2876-429b-b589-d8a49183a83f,16/09/2012,Sep-12,9,2012,ALEXANDRA,Minor Dam,134,11.55,133.3,99.48
c0fd980a-28f1-4016-ad23-4d0e45540d47,17/09/2012,Sep-12,9,2012,ALEXANDRA,Minor Dam,134,11.53,132.4,98.81
284632d4-72af-4bee-9282-ec8367d1f7db,18/09/2012,Sep-12,9,2012,ALEXANDRA,Minor Dam,134,11.51,131.5,98.13
7284880b-848a-40a8-b219-df32e5caa2e7,19/09/2012,Sep-12,9,2012,ALEXANDRA,Minor Dam,134,11.5,131.1,97.84
01af5c38-e064-4f44-961d-9d889c9fc90e,20/09/2012,Sep-12,9,2012,ALEXANDRA,Minor Dam,134,11.47,129.7,96.79
4059d1b6-d7bc-42a9-81e2-2761356010ff,21/09/2012,Sep-12,9,2012,ALEXANDRA,Minor Dam,134,11.45,128.8,96.12
ec1b6dab-5820-404d-8cf5-b3dc1878163e,22/09/2012,Sep-12,9,2012,ALEXANDRA,Minor Dam,134,11.5,131.1,97.84
fa5bd0a1-1053-4fa3-9c22-3e10f22e7abc,23/09/2012,Sep-12,9,2012,ALEXANDRA,Minor Dam,134,11.56,134.2,100.15
4fd621b7-2e4e-463c-ba6c-179481b196a6,24/09/2012,Sep-12,9,2012,ALEXANDRA,Minor Dam,134,11.56,134.2,100.15
2b9b382c-efb2-4672-b988-07229b692225,25/09/2012,Sep-12,9,2012,ALEXANDRA,Minor Dam,134,11.56,134.2,100.15
91808049-0f31-42b6-a718-bceb3731442e,26/09/2012,Sep-12,9,2012,ALEXANDRA,Minor Dam,134,11.58,0,0
4644af38-373a-4f0a-bf29-a14ce4c44197,27/09/2012,Sep-12,9,2012,ALEXANDRA,Minor Dam,134,11.56,134.2,100.15
23e7e5ff-b9aa-434c-b6e6-3ef51d374b16,28/09/2012,Sep-12,9,2012,ALEXANDRA,Minor Dam,134,11.59,0,0
02375e24-9b7c-45e3-8c35-6d32abbc5c87,29/09/2012,Sep-12,9,2012,ALEXANDRA,Minor Dam,134,11.61,131.5,98.13
9c9d2784-933a-4ec9-a597-09d3276fa3ce,30/09/2012,Sep-12,9,2012,ALEXANDRA,Minor Dam,134,11.57,0,0
3d846875-6081-4a77-9d0d-5229980453f0,01/10/2012,Oct-12,10,2012,ALEXANDRA,Minor Dam,134,11.57,0,0
51f43ccb-75a8-4c05-88e6-86349fd8500b,02/10/2012,Oct-12,10,2012,ALEXANDRA,Minor Dam,134,11.56,134.2,100.15
73360b10-129c-4c06-ac6d-d01a1d0c9c8e,03/10/2012,Oct-12,10,2012,ALEXANDRA,Minor Dam,134,11.54,132.9,99.18
16cdf30d-f96c-4cd3-9583-d9023a60cc58,04/10/2012,Oct-12,10,2012,ALEXANDRA,Minor Dam,134,11.53,132.4,98.81
2344bcc7-b781-42d5-8ec9-b07aad5b53f2,05/10/2012,Oct-12,10,2012,ALEXANDRA,Minor Dam,134,11.55,133.3,99.48
afa22611-5563-4663-bf75-fbe532f294a3,06/10/2012,Oct-12,10,2012,ALEXANDRA,Minor Dam,134,11.58,0,0
508384c8-f943-431e-8fdd-3fad28103dd8,07/10/2012,Oct-12,10,2012,ALEXANDRA,Minor Dam,134,11.58,0,0
ae72dbbc-53fd-4f75-9325-ac833b14baed,08/10/2012,Oct-12,10,2012,ALEXANDRA,Minor Dam,134,11.56,134.2,100.15
bba8a83a-7bb1-43d5-b5ae-cc06bd95fa81,09/10/2012,Oct-12,10,2012,ALEXANDRA,Minor Dam,134,11.56,134.2,100.15
f86acea6-5667-49cf-bea3-e6ce8d21b6b8,10/10/2012,Oct-12,10,2012,ALEXANDRA,Minor Dam,134,11.53,132.4,98.81
a952ab72-a596-42a8-805a-a3fc15eb2761,11/10/2012,Oct-12,10,2012,ALEXANDRA,Minor Dam,134,11.53,132.4,98.81
71f5f4dd-cd62-43ba-b3c2-52dad84546b0,12/10/2012,Oct-12,10,2012,ALEXANDRA,Minor Dam,134,11.51,131.5,98.13
9360c820-6a89-4b90-baeb-468b04b39d91,13/10/2012,Oct-12,10,2012,ALEXANDRA,Minor Dam,134,11.49,130.6,97.46
f2535f4f-920a-4bbb-9bba-67cd7a911223,14/10/2012,Oct-12,10,2012,ALEXANDRA,Minor Dam,134,11.43,127.9,95.45
dc4c242a-25ed-472d-8442-2a9e78183e17,15/10/2012,Oct-12,10,2012,ALEXANDRA,Minor Dam,134,11.43,127.9,95.45
a28454b9-1953-49cf-9504-f12a6e52aa91,16/10/2012,Oct-12,10,2012,ALEXANDRA,Minor Dam,134,11.41,127,94.78
61cfbede-bf2c-48b8-a12f-b03f9d9d4b20,17/10/2012,Oct-12,10,2012,ALEXANDRA,Minor Dam,134,11.39,126.1,94.1
e6f443ac-ca17-48a4-bc04-8983668f3700,18/10/2012,Oct-12,10,2012,ALEXANDRA,Minor Dam,134,11.37,125.2,93.43
02bb460c-3f77-452f-b6d4-aedcf3b0ba47,19/10/2012,Oct-12,10,2012,ALEXANDRA,Minor Dam,134,11.34,123.8,92.39
e50a3b8a-f813-46b2-84c8-9f223498a2d3,20/10/2012,Oct-12,10,2012,ALEXANDRA,Minor Dam,134,11.36,124.7,93.06
080358cf-e230-43e3-a913-fc2e0dfb69bb,21/10/2012,Oct-12,10,2012,ALEXANDRA,Minor Dam,134,11.56,134.2,100.15
a1e1b6be-0e58-4085-a249-ce7c2e5837b4,22/10/2012,Oct-12,10,2012,ALEXANDRA,Minor Dam,134,11.56,134.2,100.15
2822b76b-ca0d-4cd8-acfe-5cda5e3e23e5,23/10/2012,Oct-12,10,2012,ALEXANDRA,Minor Dam,134,11.57,0,0
f8a9505f-1889-4d9e-b022-a96423f3905d,24/10/2012,Oct-12,10,2012,ALEXANDRA,Minor Dam,134,11.56,134.2,100.15
02143a76-0f79-48a6-9bcb-8bf018a567f4,25/10/2012,Oct-12,10,2012,ALEXANDRA,Minor Dam,134,11.54,132.9,99.18
fd3b27dd-0f16-4eab-bc1a-c7d69ee30909,26/10/2012,Oct-12,10,2012,ALEXANDRA,Minor Dam,134,11.53,132.4,98.81
318768e8-8692-4e9c-acdd-1349ce342a11,27/10/2012,Oct-12,10,2012,ALEXANDRA,Minor Dam,134,11.51,131.5,98.13
03e06920-e424-4de6-9dd3-79fd473f9f22,28/10/2012,Oct-12,10,2012,ALEXANDRA,Minor Dam,134,11.48,130.2,97.16
43ab1934-8e09-4dd9-99ff-8ea3148b8911,29/10/2012,Oct-12,10,2012,ALEXANDRA,Minor Dam,134,11.46,129.3,96.49
9e2bd680-6a91-4b12-866e-27f15ffd9de2,30/10/2012,Oct-12,10,2012,ALEXANDRA,Minor Dam,134,11.46,129.3,96.49
12007e32-ce6d-4f4e-9462-968088007d79,31/10/2012,Oct-12,10,2012,ALEXANDRA,Minor Dam,134,11.43,127.9,95.45
3b4c69dd-57a8-4a3d-8c90-4011f427c6e0,01/11/2012,Nov-12,11,2012,ALEXANDRA,Minor Dam,134,11.38,125.6,93.73
9e6413df-947e-4a87-95e4-6f5e41ae97cb,02/11/2012,Nov-12,11,2012,ALEXANDRA,Minor Dam,134,11.38,125.6,93.73
6a0cfee1-9ca3-4dba-897e-3515d1d11c2d,03/11/2012,Nov-12,11,2012,ALEXANDRA,Minor Dam,134,11.36,124.7,93.06
dcb46e42-e130-4406-843e-8bfbeac9ce84,04/11/2012,Nov-12,11,2012,ALEXANDRA,Minor Dam,134,11.33,123.4,92.09
15c48239-0491-4b9b-94e3-97f65d4c9267,05/11/2012,Nov-12,11,2012,ALEXANDRA,Minor Dam,134,11.3,122,91.04
3a6b653c-1b85-43ab-bacd-c8cb8d57b675,06/11/2012,Nov-12,11,2012,ALEXANDRA,Minor Dam,134,11.28,121.1,90.37
379d615b-bdda-467d-ae2e-d933f2833981,07/11/2012,Nov-12,11,2012,ALEXANDRA,Minor Dam,134,11.27,120.7,90.07
0a7326aa-4292-4f81-9d2a-0828e93b3ab3,08/11/2012,Nov-12,11,2012,ALEXANDRA,Minor Dam,134,11.25,119.8,89.4
7dae7682-32d6-4b15-9d77-7db655a874c7,09/11/2012,Nov-12,11,2012,ALEXANDRA,Minor Dam,134,11.23,118.9,88.73
51fd968e-fbe1-4b22-b0bd-7abac31f4070,10/11/2012,Nov-12,11,2012,ALEXANDRA,Minor Dam,134,11.2,117.5,87.69
26025929-014c-47f3-bcf8-a22c3c3faa32,11/11/2012,Nov-12,11,2012,ALEXANDRA,Minor Dam,134,11.17,116.1,86.64
70f35f9c-5140-4cc0-b860-74ec1c9a1fcd,12/11/2012,Nov-12,11,2012,ALEXANDRA,Minor Dam,134,11.14,114.8,85.67
f25a13f6-4c69-428a-b437-8b15f6d61ece,13/11/2012,Nov-12,11,2012,ALEXANDRA,Minor Dam,134,11.11,113.4,84.63
41de67cc-44a3-4797-9dd4-7d48451c9dda,14/11/2012,Nov-12,11,2012,ALEXANDRA,Minor Dam,134,11.09,112.5,83.96
a1d22206-2ddc-4de9-9207-a7c623bb9c31,15/11/2012,Nov-12,11,2012,ALEXANDRA,Minor Dam,134,11.06,111.2,82.99
c7b6576d-ec54-4043-b1dd-a97cc838f90d,16/11/2012,Nov-12,11,2012,ALEXANDRA,Minor Dam,134,11.03,109.8,81.94
57905ab4-7922-4484-be19-c8ae470a9ec6,17/11/2012,Nov-12,11,2012,ALEXANDRA,Minor Dam,134,10.99,108.2,80.75
ab48eafd-2e77-4290-9ada-3a42896d8b81,18/11/2012,Nov-12,11,2012,ALEXANDRA,Minor Dam,134,10.96,107.5,80.22
411b867c-743f-4cb2-a414-b207188441a1,19/11/2012,Nov-12,11,2012,ALEXANDRA,Minor Dam,134,10.94,107,79.85
c94ce542-0975-4bc6-813e-632fb59ebb88,20/11/2012,Nov-12,11,2012,ALEXANDRA,Minor Dam,134,10.91,106.3,79.33
dd249325-4772-4765-8e4d-dce51b33e10f,21/11/2012,Nov-12,11,2012,ALEXANDRA,Minor Dam,134,10.89,105.8,78.96
9fbc5630-9018-4a5e-81e7-296f06581f2e,22/11/2012,Nov-12,11,2012,ALEXANDRA,Minor Dam,134,10.87,105.4,78.66
f07d2dcf-c35e-46c6-b5db-127d52175201,23/11/2012,Nov-12,11,2012,ALEXANDRA,Minor Dam,134,10.85,104.9,78.28
617a9341-7bf2-4d4e-849c-fce059c1b547,24/11/2012,Nov-12,11,2012,ALEXANDRA,Minor Dam,134,10.81,103.9,77.54
e7fe1230-6c62-4ed4-883d-1bf69ba6a573,25/11/2012,Nov-12,11,2012,ALEXANDRA,Minor Dam,134,10.78,103.2,77.01
5808668d-80a4-40b6-ae6b-c7c7f73e1315,26/11/2012,Nov-12,11,2012,ALEXANDRA,Minor Dam,134,10.78,103.2,77.01
381e622d-3bee-4732-a8ce-10406086cbac,27/11/2012,Nov-12,11,2012,ALEXANDRA,Minor Dam,134,10.77,103,76.87
a07e6954-b547-4e7c-b067-67cc700b7edd,28/11/2012,Nov-12,11,2012,ALEXANDRA,Minor Dam,134,10.75,102.5,76.49
8133a704-d4d1-4c41-b571-7f99a0d26133,29/11/2012,Nov-12,11,2012,ALEXANDRA,Minor Dam,134,10.73,102,76.12
231577cc-1762-449c-aaf5-93280cd94cd0,30/11/2012,Nov-12,11,2012,ALEXANDRA,Minor Dam,134,10.71,101.5,75.75
ee29936d-e20c-45f4-9d3a-802bb41e080f,01/12/2012,Dec-12,12,2012,ALEXANDRA,Minor Dam,134,10.69,101.1,75.45
09575f4e-359c-49ad-b362-2079652bfd24,02/12/2012,Dec-12,12,2012,ALEXANDRA,Minor Dam,134,10.66,100.4,74.93
a7b9d661-578a-47a3-a500-66ab61d5db31,03/12/2012,Dec-12,12,2012,ALEXANDRA,Minor Dam,134,10.64,99.9,74.55
bf234d58-41ce-4ed4-9a88-3b2fce4899e0,04/12/2012,Dec-12,12,2012,ALEXANDRA,Minor Dam,134,10.61,99.2,74.03
ccf004fd-0a77-4b1c-ad07-8729cb0e41d1,05/12/2012,Dec-12,12,2012,ALEXANDRA,Minor Dam,134,10.58,98.5,73.51
0d8f8ddc-c9ee-4283-900f-a965a9d64d7c,06/12/2012,Dec-12,12,2012,ALEXANDRA,Minor Dam,134,10.54,97.5,72.76
53fc0d74-d427-48b3-bc20-957f2a927b14,07/12/2012,Dec-12,12,2012,ALEXANDRA,Minor Dam,134,10.51,96.8,72.24
f2b2780c-73a4-4fcd-bf66-b9f22fef5629,08/12/2012,Dec-12,12,2012,ALEXANDRA,Minor Dam,134,10.51,96.8,72.24
092e2eda-508c-4fbc-a7c7-c08ed5b024c2,09/12/2012,Dec-12,12,2012,ALEXANDRA,Minor Dam,134,10.51,96.8,72.24
50e716a9-f73b-4324-a3a2-c0ee249ed3c3,10/12/2012,Dec-12,12,2012,ALEXANDRA,Minor Dam,134,10.51,96.8,72.24
172e9e49-5354-43b0-acb6-496b5c1e212c,11/12/2012,Dec-12,12,2012,ALEXANDRA,Minor Dam,134,10.42,94.7,70.67
528a9f7f-59f8-476c-90ea-01e211017fb2,12/12/2012,Dec-12,12,2012,ALEXANDRA,Minor Dam,134,10.4,94.2,70.3
08b5a6d5-ce6d-4ed5-a0bd-e9fa9cc9c576,13/12/2012,Dec-12,12,2012,ALEXANDRA,Minor Dam,134,10.37,93.5,69.78
da290aa6-cee3-4fc5-9007-288688b11ba0,14/12/2012,Dec-12,12,2012,ALEXANDRA,Minor Dam,134,10.35,93,69.4
6b5fb41f-afaa-4838-a6a2-ad9a9a3493dc,15/12/2012,Dec-12,12,2012,ALEXANDRA,Minor Dam,134,10.33,92.5,69.03
0101261f-666c-4fda-8525-1c5fde6d700e,16/12/2012,Dec-12,12,2012,ALEXANDRA,Minor Dam,134,10.3,91.8,68.51
2127ed98-e0db-4678-9b35-62c62d138200,17/12/2012,Dec-12,12,2012,ALEXANDRA,Minor Dam,134,10.26,90.9,67.84
6683fb0f-ee22-46f2-b85c-04b57b0eb271,18/12/2012,Dec-12,12,2012,ALEXANDRA,Minor Dam,134,10.23,90.1,67.24
face2eb1-2c21-4cea-bdcf-5ba5a0ae8c01,19/12/2012,Dec-12,12,2012,ALEXANDRA,Minor Dam,134,10.2,89.4,66.72
ab33c0ab-0dc7-4047-9f02-416de4adbfce,20/12/2012,Dec-12,12,2012,ALEXANDRA,Minor Dam,134,10.17,88.7,66.19
622a2ef3-3468-4507-bbce-434b1ee683d8,21/12/2012,Dec-12,12,2012,ALEXANDRA,Minor Dam,134,10.13,87.8,65.52
802c6508-7352-43b0-bc58-a1ec5761a395,22/12/2012,Dec-12,12,2012,ALEXANDRA,Minor Dam,134,10.1,87,64.93
16b1c4e8-10c9-49ac-bbfc-368c71f2f102,23/12/2012,Dec-12,12,2012,ALEXANDRA,Minor Dam,134,10.07,86.3,64.4
93fc5332-94b3-4335-be61-aa2bab4b89b0,24/12/2012,Dec-12,12,2012,ALEXANDRA,Minor Dam,134,10.05,85.9,64.1
92cf3ff9-edd9-46aa-beea-be45c56a557c,25/12/2012,Dec-12,12,2012,ALEXANDRA,Minor Dam,134,10.03,85.4,63.73
4b21163d-bb30-4afd-ab0a-3169106b9804,26/12/2012,Dec-12,12,2012,ALEXANDRA,Minor Dam,134,10,84.7,63.21
23cf37a4-3a75-45e8-a507-b76bb1da37ca,27/12/2012,Dec-12,12,2012,ALEXANDRA,Minor Dam,134,10,84.7,63.21
3f2d8e88-b15d-4518-9f26-1eefed5dc0de,28/12/2012,Dec-12,12,2012,ALEXANDRA,Minor Dam,134,9.97,84,62.69
cdd97808-56be-438d-8e64-8449190067d8,29/12/2012,Dec-12,12,2012,ALEXANDRA,Minor Dam,134,9.96,83.8,62.54
16f1cb6b-e9c7-4760-ab3f-9159e6bc3d85,30/12/2012,Dec-12,12,2012,ALEXANDRA,Minor Dam,134,9.94,83.4,62.24
a05253a4-dee0-4c8e-966e-204048de997b,31/12/2012,Dec-12,12,2012,ALEXANDRA,Minor Dam,134,9.9,82.6,61.64
3d94c625-6b56-4ac2-a4cf-382ead8497a4,01/01/2013,Jan-13,1,2013,ALEXANDRA,Minor Dam,134,9.86,81.8,61.04
113954f4-0893-464f-8660-9d9c4c268abd,02/01/2013,Jan-13,1,2013,ALEXANDRA,Minor Dam,134,9.84,81.3,60.67
73319408-b277-4f62-8008-93370de09478,03/01/2013,Jan-13,1,2013,ALEXANDRA,Minor Dam,134,9.8,80.5,60.07
3d5902f4-49fd-49ee-a72a-f120862e4ba3,04/01/2013,Jan-13,1,2013,ALEXANDRA,Minor Dam,134,9.77,79.9,59.63
ec656262-b0b0-4409-85db-9b1c078b43bb,05/01/2013,Jan-13,1,2013,ALEXANDRA,Minor Dam,134,9.77,79.9,59.63
81d09944-1079-4876-bc31-27cda692977c,06/01/2013,Jan-13,1,2013,ALEXANDRA,Minor Dam,134,9.73,79.1,59.03
804b6ddf-e6c7-4809-a901-3118c09d5555,07/01/2013,Jan-13,1,2013,ALEXANDRA,Minor Dam,134,9.69,78.2,58.36
e75f0544-cf5f-4d9d-af6d-842a5bd57544,08/01/2013,Jan-13,1,2013,ALEXANDRA,Minor Dam,134,9.68,78,58.21
71008a8b-a5ef-4b56-aa3f-5fb4d2a0b1d0,09/01/2013,Jan-13,1,2013,ALEXANDRA,Minor Dam,134,9.67,77.8,58.06
7610efa1-4476-4109-9ca1-d2e5e4db5197,10/01/2013,Jan-13,1,2013,ALEXANDRA,Minor Dam,134,9.65,77.4,57.76
d902898c-29c3-4b3b-906d-36de16df5ddd,11/01/2013,Jan-13,1,2013,ALEXANDRA,Minor Dam,134,9.66,77.6,57.91
778376fe-8d1f-4eaa-9aad-565e8c327c04,12/01/2013,Jan-13,1,2013,ALEXANDRA,Minor Dam,134,9.66,77.6,57.91
a080b3a5-db20-4533-b3b6-a7f2da995b2f,13/01/2013,Jan-13,1,2013,ALEXANDRA,Minor Dam,134,9.6,76.4,57.01
88acab74-fb8e-4bb0-9fb2-80d89b4c18c7,14/01/2013,Jan-13,1,2013,ALEXANDRA,Minor Dam,134,9.59,76.2,56.87
18c5f936-e669-46e5-b015-2e6bc67318a2,15/01/2013,Jan-13,1,2013,ALEXANDRA,Minor Dam,134,9.58,75.9,56.64
95cebdc3-59b3-4203-87a6-dae6b49f924f,16/01/2013,Jan-13,1,2013,ALEXANDRA,Minor Dam,134,9.53,74.9,55.9
fa0f112c-2f29-47b8-bd13-5f55604055bb,17/01/2013,Jan-13,1,2013,ALEXANDRA,Minor Dam,134,9.52,74.7,55.75
181fbfc0-3436-42f0-ba1f-45fd604ef1c4,18/01/2013,Jan-13,1,2013,ALEXANDRA,Minor Dam,134,9.46,73.5,54.85
cd81d8da-484a-4ba8-a08b-52d23708128a,19/01/2013,Jan-13,1,2013,ALEXANDRA,Minor Dam,134,9.43,72.8,54.33
bdf55e04-c04b-4eaf-8e31-7dd3d50c8c49,20/01/2013,Jan-13,1,2013,ALEXANDRA,Minor Dam,134,9.43,72.8,54.33
54a4b219-b75d-41b1-b314-d7a430451bd0,21/01/2013,Jan-13,1,2013,ALEXANDRA,Minor Dam,134,9.43,72.8,54.33
9b9de15c-c7d7-4dc4-b5d6-23d664306222,22/01/2013,Jan-13,1,2013,ALEXANDRA,Minor Dam,134,9.41,72.4,54.03
faa83445-cf8c-4479-848b-79c24715fb0c,23/01/2013,Jan-13,1,2013,ALEXANDRA,Minor Dam,134,9.39,72,53.73
44e1a9aa-d1e1-46d3-a76d-34e3119d3d4f,24/01/2013,Jan-13,1,2013,ALEXANDRA,Minor Dam,134,9.37,71.6,53.43
9c3b715f-f23d-4f3f-83ae-6c379630b8d0,25/01/2013,Jan-13,1,2013,ALEXANDRA,Minor Dam,134,9.34,71,52.99
9fe7a721-4ec2-4d28-a097-96b71437a7e8,26/01/2013,Jan-13,1,2013,ALEXANDRA,Minor Dam,134,9.32,70.5,52.61
9664b0ff-5a4e-465b-a6b1-e2d05486ca13,27/01/2013,Jan-13,1,2013,ALEXANDRA,Minor Dam,134,9.31,70.3,52.46
a4bb13b2-b8db-4980-8f1c-de44b0b3a418,28/01/2013,Jan-13,1,2013,ALEXANDRA,Minor Dam,134,9.27,69.5,51.87
36210b88-6293-4257-8d6e-b49b9fb4f0e1,29/01/2013,Jan-13,1,2013,ALEXANDRA,Minor Dam,134,9.22,68.5,51.12
907fdcce-4185-40dd-9a38-a8fbe937952b,30/01/2013,Jan-13,1,2013,ALEXANDRA,Minor Dam,134,9.19,67.8,50.6
8f777c49-60a9-4c54-a730-d530e1652ffe,31/01/2013,Jan-13,1,2013,ALEXANDRA,Minor Dam,134,9.19,67.8,50.6
d9d3409d-f8e2-44f4-8e70-83e472313fb5,01/02/2013,Feb-13,2,2013,ALEXANDRA,Minor Dam,134,9.18,67.6,50.45
2cbeb7b1-6874-4d2f-a2bc-cf86f0dfe215,02/02/2013,Feb-13,2,2013,ALEXANDRA,Minor Dam,134,9.17,67.4,50.3
2740c962-c2d7-4dab-8d0f-2231b73a8162,03/02/2013,Feb-13,2,2013,ALEXANDRA,Minor Dam,134,9.15,67,50
891b1dd0-4011-437d-9ec8-f70f91017842,04/02/2013,Feb-13,2,2013,ALEXANDRA,Minor Dam,134,9.13,66.6,49.7
ae3a9aea-606b-4fcf-b4bc-8b6085e801a7,05/02/2013,Feb-13,2,2013,ALEXANDRA,Minor Dam,134,9.13,66.6,49.7
26739ef1-8f6f-4e4e-800f-8b5716d66cb4,06/02/2013,Feb-13,2,2013,ALEXANDRA,Minor Dam,134,9.09,65.8,49.1
faaaef45-7696-44de-becb-bb5162d0e4ca,07/02/2013,Feb-13,2,2013,ALEXANDRA,Minor Dam,134,9.06,65.1,48.58
4489650c-30c8-4f0c-83fd-f7048c109575,08/02/2013,Feb-13,2,2013,ALEXANDRA,Minor Dam,134,9.04,64.7,48.28
194755ee-8ca1-4271-925f-68cf0d248546,09/02/2013,Feb-13,2,2013,ALEXANDRA,Minor Dam,134,9.01,64.1,47.84
178ff2df-86e7-4da2-af99-24f66f112a7f,10/02/2013,Feb-13,2,2013,ALEXANDRA,Minor Dam,134,9,63.9,47.69
a955cbe6-a19b-48e4-977d-28d8c1b50e13,11/02/2013,Feb-13,2,2013,ALEXANDRA,Minor Dam,134,9,63.9,47.69
b69acc28-154a-4825-8ec9-425a95661a5a,12/02/2013,Feb-13,2,2013,ALEXANDRA,Minor Dam,134,9.05,64.9,48.43
dd24838d-c41b-4541-8302-8a5839ecc1ba,13/02/2013,Feb-13,2,2013,ALEXANDRA,Minor Dam,134,9.03,64.5,48.13
959b6a9c-68b6-4b29-8a08-fb38d955e2f4,14/02/2013,Feb-13,2,2013,ALEXANDRA,Minor Dam,134,9.01,64.1,47.84
47410180-aab4-4698-93df-db8ecac7abcd,15/02/2013,Feb-13,2,2013,ALEXANDRA,Minor Dam,134,8.99,63.7,47.54
e4d4408c-07e8-40e2-9244-5abce0b82f20,16/02/2013,Feb-13,2,2013,ALEXANDRA,Minor Dam,134,9.01,64.1,47.84
3f2a4b69-091a-417c-a958-9635ab628df4,17/02/2013,Feb-13,2,2013,ALEXANDRA,Minor Dam,134,8.99,63.7,47.54
6b395d91-527b-4178-985c-602cf14ec141,18/02/2013,Feb-13,2,2013,ALEXANDRA,Minor Dam,134,8.93,62.7,46.79
4c19b66b-df5f-413d-8092-045477d9f890,19/02/2013,Feb-13,2,2013,ALEXANDRA,Minor Dam,134,8.91,62.4,46.57
06ca0283-634b-40cf-bf3e-ba9b90aebc45,20/02/2013,Feb-13,2,2013,ALEXANDRA,Minor Dam,134,8.88,61.9,46.19
5bd08476-7715-4211-83c0-6701418de4a5,21/02/2013,Feb-13,2,2013,ALEXANDRA,Minor Dam,134,8.71,59,44.03
53e8115e-08c2-48d1-8e47-a9673ebe4fb6,22/02/2013,Feb-13,2,2013,ALEXANDRA,Minor Dam,134,8.5,55.4,41.34
c2f7c100-b168-4156-b8dd-55e2f0a245e9,23/02/2013,Feb-13,2,2013,ALEXANDRA,Minor Dam,134,8.53,55.9,41.72
571f48f2-e519-4192-961e-ec333b959725,24/02/2013,Feb-13,2,2013,ALEXANDRA,Minor Dam,134,8.53,55.9,41.72
6d30ffe7-c869-4af0-a55f-f6dd978fab52,25/02/2013,Feb-13,2,2013,ALEXANDRA,Minor Dam,134,8.48,55,41.04
6b58f2bd-28d6-403c-bbaa-817522ca37ca,26/02/2013,Feb-13,2,2013,ALEXANDRA,Minor Dam,134,8.53,55.9,41.72
8c159687-9018-4aa7-b767-e80bd709dc5c,27/02/2013,Feb-13,2,2013,ALEXANDRA,Minor Dam,134,8.26,51.3,38.28
0add1fd4-9714-47a7-9285-76d5ce25fa6e,28/02/2013,Feb-13,2,2013,ALEXANDRA,Minor Dam,134,8.01,47,35.07
ebc03d77-cec1-44f7-8d60-99d83cf0256b,01/03/2013,Mar-13,3,2013,ALEXANDRA,Minor Dam,134,7.7,42.8,31.94
d36ce786-5ccd-4366-b0ea-063c052a14f1,02/03/2013,Mar-13,3,2013,ALEXANDRA,Minor Dam,134,4.8,13.6,10.15
e12f0211-9bf1-4bc8-8ddf-919dce3b7d11,03/03/2013,Mar-13,3,2013,ALEXANDRA,Minor Dam,134,7.06,34.2,25.52
2114d68b-2f27-4ce6-9063-1a4d97db5cd8,04/03/2013,Mar-13,3,2013,ALEXANDRA,Minor Dam,134,6.73,30.6,22.84
c3fe856c-7d5f-46bd-b8cd-5f1991195e1f,05/03/2013,Mar-13,3,2013,ALEXANDRA,Minor Dam,134,6.41,27.2,20.3
3079cecf-3641-466e-84c6-3c6d17b38db3,06/03/2013,Mar-13,3,2013,ALEXANDRA,Minor Dam,134,6.02,23.1,17.24
f1b672fa-3776-42b0-8066-4a39794ba93a,07/03/2013,Mar-13,3,2013,ALEXANDRA,Minor Dam,134,6.2,25,18.66
51fcbbfd-65a0-420b-b653-36b38044a137,08/03/2013,Mar-13,3,2013,ALEXANDRA,Minor Dam,134,6.31,26.2,19.55
ec2e1792-fb46-4a85-a753-7deb00f1fdbe,09/03/2013,Mar-13,3,2013,ALEXANDRA,Minor Dam,134,6.42,27.3,20.37
9a3e3876-416a-423f-8860-04f349b622df,10/03/2013,Mar-13,3,2013,ALEXANDRA,Minor Dam,134,6.49,28.1,20.97
82027714-5f98-4c6f-8158-7d0b9218dea2,11/03/2013,Mar-13,3,2013,ALEXANDRA,Minor Dam,134,6.7,30.3,22.61
84dafeb7-0c32-444b-8750-777e78f0e124,12/03/2013,Mar-13,3,2013,ALEXANDRA,Minor Dam,134,6.6,29.2,21.79
83b98b2f-6971-4bd4-9f31-964247856704,13/03/2013,Mar-13,3,2013,ALEXANDRA,Minor Dam,134,6.2,25,18.66
1ad6919c-7005-4a4e-b4ad-e7df44912271,14/03/2013,Mar-13,3,2013,ALEXANDRA,Minor Dam,134,6.21,25.1,18.73
18ed6697-dbc9-4ad5-8d52-b47b4ce18540,15/03/2013,Mar-13,3,2013,ALEXANDRA,Minor Dam,134,6.21,25.1,18.73
c888c4e2-5454-4cec-82ac-80c63d6a7d64,16/03/2013,Mar-13,3,2013,ALEXANDRA,Minor Dam,134,6.2,25,18.66
34b98ed9-a75c-4f4a-9db2-402afb37fac9,17/03/2013,Mar-13,3,2013,ALEXANDRA,Minor Dam,134,6.2,25,18.66
47bd13fb-7260-45dd-af1d-07420ec21527,18/03/2013,Mar-13,3,2013,ALEXANDRA,Minor Dam,134,6.19,24.9,18.58
be465003-1848-499e-a791-266dc353d56a,19/03/2013,Mar-13,3,2013,ALEXANDRA,Minor Dam,134,6.19,24.9,18.58
3fb93cdd-6d31-49f6-a13c-f7541b29e207,20/03/2013,Mar-13,3,2013,ALEXANDRA,Minor Dam,134,6.17,24.7,18.43
c4898bbf-0a20-48dd-aed6-69e4ee78b0b6,21/03/2013,Mar-13,3,2013,ALEXANDRA,Minor Dam,134,6.16,24.6,18.36
b40b3666-8eb2-46a8-8be5-8a23ac2dbefc,22/03/2013,Mar-13,3,2013,ALEXANDRA,Minor Dam,134,6.15,24.5,18.28
a369fa85-1048-4ab7-a885-88384a982e01,23/03/2013,Mar-13,3,2013,ALEXANDRA,Minor Dam,134,6.16,24.6,18.36
4cb84ecc-2fe7-4ede-96d2-a054cb4b3caf,24/03/2013,Mar-13,3,2013,ALEXANDRA,Minor Dam,134,6.13,24.3,18.13
9b9efcb1-d5d0-4c10-b644-1e4ae7ca2cda,25/03/2013,Mar-13,3,2013,ALEXANDRA,Minor Dam,134,6.13,24.3,18.13
3d8d11b7-41db-45b6-a88b-052a599bf03a,26/03/2013,Mar-13,3,2013,ALEXANDRA,Minor Dam,134,6.11,24.1,17.99
b484fa61-d78f-4c52-b797-d9d8d3d76457,27/03/2013,Mar-13,3,2013,ALEXANDRA,Minor Dam,134,6.11,24.1,17.99
6996ff84-d7ac-4256-a400-4ec8306bd8ef,28/03/2013,Mar-13,3,2013,ALEXANDRA,Minor Dam,134,6.1,24,17.91
f5df6579-8141-435e-bb84-fbaa004b7b3a,29/03/2013,Mar-13,3,2013,ALEXANDRA,Minor Dam,134,6.09,23.9,17.84
937cb13e-74d2-4e12-a189-243bbc9281dc,30/03/2013,Mar-13,3,2013,ALEXANDRA,Minor Dam,134,6.11,24.1,17.99
ce9d131e-883e-41e5-966e-b0935bbb859e,31/03/2013,Mar-13,3,2013,ALEXANDRA,Minor Dam,134,6.11,24.1,17.99
c0dbab0d-de57-42af-a685-837bfd7c9079,01/04/2013,Apr-13,4,2013,ALEXANDRA,Minor Dam,134,6.14,24.4,18.21
17509656-b86c-4387-bcd3-82ef081afa20,02/04/2013,Apr-13,4,2013,ALEXANDRA,Minor Dam,134,6.38,26.9,20.07
fd369cc9-d1f0-4e26-9fe8-b836f57b6e0e,03/04/2013,Apr-13,4,2013,ALEXANDRA,Minor Dam,134,6.48,28,20.9
892a7638-cf5a-4048-9be0-def49ff13ad0,04/04/2013,Apr-13,4,2013,ALEXANDRA,Minor Dam,134,6.54,28.6,21.34
3f556071-f536-4c3b-842a-08900ba87c43,05/04/2013,Apr-13,4,2013,ALEXANDRA,Minor Dam,134,6.56,28.8,21.49
37b2ce41-4264-4de3-8a9e-f7d5ada1640b,06/04/2013,Apr-13,4,2013,ALEXANDRA,Minor Dam,134,6.57,28.9,21.57
7c5d1bac-14ba-4c02-ab74-ee349bf3fc36,07/04/2013,Apr-13,4,2013,ALEXANDRA,Minor Dam,134,6.57,28.9,21.57
cabe9bce-f2a6-49ec-b5fa-ef02ec88c525,08/04/2013,Apr-13,4,2013,ALEXANDRA,Minor Dam,134,6.56,28.8,21.49
f4fde600-420a-4420-ba46-864596d1776b,09/04/2013,Apr-13,4,2013,ALEXANDRA,Minor Dam,134,6.88,32.2,24.03
146e3336-b1ec-41fb-ab9d-da591174e200,10/04/2013,Apr-13,4,2013,ALEXANDRA,Minor Dam,134,6.62,29.4,21.94
58c83a4c-58cb-4d69-913c-e59a913bab04,11/04/2013,Apr-13,4,2013,ALEXANDRA,Minor Dam,134,6.66,29.9,22.31
61b377c4-7494-4a24-950b-1336fbc196f0,12/04/2013,Apr-13,4,2013,ALEXANDRA,Minor Dam,134,6.66,29.9,22.31
ed34c08f-8071-4542-9e04-885ac919a0bd,13/04/2013,Apr-13,4,2013,ALEXANDRA,Minor Dam,134,6.66,29.9,22.31
df89bce2-e336-4d48-b5e7-0e978cc53f8c,14/04/2013,Apr-13,4,2013,ALEXANDRA,Minor Dam,134,6.7,30.3,22.61
dd2f1553-b45e-4ece-a462-a656e92deb17,15/04/2013,Apr-13,4,2013,ALEXANDRA,Minor Dam,134,6.72,30.5,22.76
9c7d32ed-0930-4c91-8c56-97d88d5220a0,16/04/2013,Apr-13,4,2013,ALEXANDRA,Minor Dam,134,6.72,30.5,22.76
6ab1432c-9ceb-4548-92c8-92a91f499c7a,17/04/2013,Apr-13,4,2013,ALEXANDRA,Minor Dam,134,6.71,30.4,22.69
a4ee12e2-8028-4e71-9930-6cfefa94a0df,18/04/2013,Apr-13,4,2013,ALEXANDRA,Minor Dam,134,6.98,33.2,24.78
fc78d0d7-0ba8-4103-8092-a1d4cf75a964,19/04/2013,Apr-13,4,2013,ALEXANDRA,Minor Dam,134,8.4,53.7,40.07
9d3bdf15-e142-4ccf-b221-2cc7a15763a0,20/04/2013,Apr-13,4,2013,ALEXANDRA,Minor Dam,134,8.81,60.7,45.3
01d0f5c6-e1b0-4a7b-81db-7a7bb2d050b9,21/04/2013,Apr-13,4,2013,ALEXANDRA,Minor Dam,134,9.12,66.4,49.55
bf9c5668-271d-4d44-8513-05615f82688e,22/04/2013,Apr-13,4,2013,ALEXANDRA,Minor Dam,134,9.27,69.5,51.87
2ce735a4-9b39-4c1f-8be9-f2a1e3b7d4df,23/04/2013,Apr-13,4,2013,ALEXANDRA,Minor Dam,134,9.27,69.5,51.87
8e3fa440-a69a-49a6-9bdb-5a370023e465,24/04/2013,Apr-13,4,2013,ALEXANDRA,Minor Dam,134,9.27,69.5,51.87
96ebbfc2-8874-4191-93cb-d22fce90b910,25/04/2013,Apr-13,4,2013,ALEXANDRA,Minor Dam,134,9.26,69.3,51.72
6b34d66f-c4f8-4bd4-94e2-c8fadd49cb56,26/04/2013,Apr-13,4,2013,ALEXANDRA,Minor Dam,134,9.24,68.9,51.42
b4624703-54bf-4608-aa40-90c894d03009,27/04/2013,Apr-13,4,2013,ALEXANDRA,Minor Dam,134,9.22,68.5,51.12
54141c80-8863-4e8c-b3fa-d7e41e0763cb,28/04/2013,Apr-13,4,2013,ALEXANDRA,Minor Dam,134,9.2,68.1,50.82
9dc429cc-a646-4346-9413-83f6ceb448ef,29/04/2013,Apr-13,4,2013,ALEXANDRA,Minor Dam,134,9.18,67.6,50.45
bd4a5b85-bc2e-482b-aaaa-753c80964371,30/04/2013,Apr-13,4,2013,ALEXANDRA,Minor Dam,134,9.15,67,50
1a420289-590c-4d7b-a6fc-f6e38fe0cd2f,01/05/2013,May-13,5,2013,ALEXANDRA,Minor Dam,134,9.13,66.6,49.7
36b80b11-7232-4833-95ff-25924f9e2885,02/05/2013,May-13,5,2013,ALEXANDRA,Minor Dam,134,9.11,66.2,49.4
b4f87aa6-a9f9-4d94-a15f-a615be32fe99,03/05/2013,May-13,5,2013,ALEXANDRA,Minor Dam,134,9.1,66,49.25
afd6e686-e7b0-46c0-becc-dbb5cd67bdcd,04/05/2013,May-13,5,2013,ALEXANDRA,Minor Dam,134,9.16,67.2,50.15
babbd2f9-6bfb-4643-a99a-ea0547e37be8,05/05/2013,May-13,5,2013,ALEXANDRA,Minor Dam,134,9.16,67.2,50.15
77c6e0cf-5e96-4bfc-a9aa-631cb2d345b7,06/05/2013,May-13,5,2013,ALEXANDRA,Minor Dam,134,9.16,67.2,50.15
e65efe77-c74b-4a57-8d09-c5b66a6789f5,07/05/2013,May-13,5,2013,ALEXANDRA,Minor Dam,134,9.12,66.4,49.55
bf24d181-0ed0-49ab-89f9-16f4875f2ff3,08/05/2013,May-13,5,2013,ALEXANDRA,Minor Dam,134,9.12,66.4,49.55
9d2eccf6-28bd-4415-adeb-eb7121456132,09/05/2013,May-13,5,2013,ALEXANDRA,Minor Dam,134,9.1,66,49.25
c7f49b5b-14bc-44c4-a418-aeac02623b27,10/05/2013,May-13,5,2013,ALEXANDRA,Minor Dam,134,9.13,66.6,49.7
1695a2f3-25b4-4de1-ae88-a1c65b983587,11/05/2013,May-13,5,2013,ALEXANDRA,Minor Dam,134,9.12,66.4,49.55
420baba6-ec02-4e14-b801-03f5f1d24356,12/05/2013,May-13,5,2013,ALEXANDRA,Minor Dam,134,9.11,66.2,49.4
8aa5c1d4-3119-49e6-8427-ea36a320d6b3,13/05/2013,May-13,5,2013,ALEXANDRA,Minor Dam,134,9.1,66,49.25
81a11a46-83d4-4a7d-be9c-69e2de0cb3a1,14/05/2013,May-13,5,2013,ALEXANDRA,Minor Dam,134,9.08,65.6,48.96
bb6eb4ec-5dee-4891-a65a-991205518bbf,15/05/2013,May-13,5,2013,ALEXANDRA,Minor Dam,134,9.08,65.6,48.96
7f5969bb-0ade-4f0d-a0f8-932185aad63f,16/05/2013,May-13,5,2013,ALEXANDRA,Minor Dam,134,9.06,65.1,48.58
7c55d05a-d958-467d-9704-a1ee140928fc,17/05/2013,May-13,5,2013,ALEXANDRA,Minor Dam,134,9.04,64.7,48.28
1fc9e2c6-7fc2-46a4-9837-ad3e7f3b304b,18/05/2013,May-13,5,2013,ALEXANDRA,Minor Dam,134,9.02,64.3,47.99
365f076b-ad33-4f35-a509-b698f684d812,19/05/2013,May-13,5,2013,ALEXANDRA,Minor Dam,134,9,63.9,47.69
c5170584-be9b-4232-a9a0-507259108eee,20/05/2013,May-13,5,2013,ALEXANDRA,Minor Dam,134,8.98,63.6,47.46
7902765d-9f69-4e7a-9061-be76a3236ad6,21/05/2013,May-13,5,2013,ALEXANDRA,Minor Dam,134,8.98,63.6,47.46
453e8273-6d36-44c7-af59-5ca11e91b544,22/05/2013,May-13,5,2013,ALEXANDRA,Minor Dam,134,8.96,63.2,47.16
20c2873e-6f8c-4a30-a6c4-2bb82a0f1150,23/05/2013,May-13,5,2013,ALEXANDRA,Minor Dam,134,8.96,63.2,47.16
da2cd1ef-bab4-46a1-9ec6-a41207690668,24/05/2013,May-13,5,2013,ALEXANDRA,Minor Dam,134,8.96,63.2,47.16
8b038c64-6737-497c-9f73-49b3fd5c9f2d,25/05/2013,May-13,5,2013,ALEXANDRA,Minor Dam,134,8.95,63,47.01
e5826241-5530-4840-be95-a0bbbf32399d,26/05/2013,May-13,5,2013,ALEXANDRA,Minor Dam,134,8.95,63,47.01
6e785e44-5118-41e7-97d4-85a200acccb3,27/05/2013,May-13,5,2013,ALEXANDRA,Minor Dam,134,8.95,63,47.01
95ef1a2d-6238-4a72-9113-ff6434a6c182,28/05/2013,May-13,5,2013,ALEXANDRA,Minor Dam,134,9.06,65.1,48.58
d180ddd5-7099-4108-8df1-523634404dd3,29/05/2013,May-13,5,2013,ALEXANDRA,Minor Dam,134,9.09,65.8,49.1
1431db30-d58a-48e3-a573-d3667ceb79e4,30/05/2013,May-13,5,2013,ALEXANDRA,Minor Dam,134,9.12,66.4,49.55
bee40fe5-9a6e-428d-9c43-5a3ffab17efc,31/05/2013,May-13,5,2013,ALEXANDRA,Minor Dam,134,9.19,67.8,50.6
c650b6fd-7bf5-4b66-a4f1-75c129893d79,01/06/2013,Jun-13,6,2013,ALEXANDRA,Minor Dam,134,9.38,71.8,53.58
346c674f-6a1f-475c-a18f-d6908bcf28cf,02/06/2013,Jun-13,6,2013,ALEXANDRA,Minor Dam,134,9.48,73.9,55.15
52f881ae-b1bc-4f41-a62c-59a6edd481d0,03/06/2013,Jun-13,6,2013,ALEXANDRA,Minor Dam,134,9.76,79.7,59.48
2742dfcb-b682-429b-a645-e36b04971312,04/06/2013,Jun-13,6,2013,ALEXANDRA,Minor Dam,134,9.95,83.6,62.39
85b9339c-f880-4179-9727-163f7e4eb87b,05/06/2013,Jun-13,6,2013,ALEXANDRA,Minor Dam,134,9.98,84.3,62.91
f8a7cfbc-363c-40cf-809c-57746a94e066,06/06/2013,Jun-13,6,2013,ALEXANDRA,Minor Dam,134,10,84.7,63.21
20f7e094-994d-44eb-856b-4f73ba4f611b,07/06/2013,Jun-13,6,2013,ALEXANDRA,Minor Dam,134,10,84.7,63.21
571f38e3-d3a7-4cb3-9bc2-d33264c60096,08/06/2013,Jun-13,6,2013,ALEXANDRA,Minor Dam,134,9.96,83.8,62.54
98e43aed-514d-464e-9d7a-74d8d1b7d882,09/06/2013,Jun-13,6,2013,ALEXANDRA,Minor Dam,134,10.1,87,64.93
df61ee27-e025-429b-80fd-fc6ea9fa1d6d,10/06/2013,Jun-13,6,2013,ALEXANDRA,Minor Dam,134,10.16,88.5,66.04
c909b435-e3ed-4900-8195-9d87b4173caf,11/06/2013,Jun-13,6,2013,ALEXANDRA,Minor Dam,134,10.16,88.5,66.04
4d917ebd-14ca-4e09-a5b5-01e566a8854c,12/06/2013,Jun-13,6,2013,ALEXANDRA,Minor Dam,134,10.17,88.7,66.19
d9bcab93-75fd-401c-b52a-c6ad6c72475f,13/06/2013,Jun-13,6,2013,ALEXANDRA,Minor Dam,134,10.15,88.2,65.82
33ba051c-0c44-4636-b463-bb4ea1021b8e,14/06/2013,Jun-13,6,2013,ALEXANDRA,Minor Dam,134,10.11,87.3,65.15
1c0b0d7c-2c18-4e70-b3ca-b7163e64a8df,15/06/2013,Jun-13,6,2013,ALEXANDRA,Minor Dam,134,10.18,88.9,66.34
db923194-e490-43f0-9107-390042d747bb,16/06/2013,Jun-13,6,2013,ALEXANDRA,Minor Dam,134,10.23,90.1,67.24
778e252a-eaa8-4973-8931-cc260007f668,17/06/2013,Jun-13,6,2013,ALEXANDRA,Minor Dam,134,10.23,90.1,67.24
c750a006-8ee6-4e34-b7c9-01acd66bed1e,18/06/2013,Jun-13,6,2013,ALEXANDRA,Minor Dam,134,10.22,89.9,67.09
733859bb-4ba1-4851-b1b5-31816f16033f,19/06/2013,Jun-13,6,2013,ALEXANDRA,Minor Dam,134,10.2,89.4,66.72
30a2b870-6862-4c25-852f-1e3d09460350,20/06/2013,Jun-13,6,2013,ALEXANDRA,Minor Dam,134,10.2,89.4,66.72
4f4e3de7-1b65-409b-ba0e-e945f3104c8c,21/06/2013,Jun-13,6,2013,ALEXANDRA,Minor Dam,134,10.21,89.7,66.94
fa6a0563-82be-43e7-b628-3601002c0906,22/06/2013,Jun-13,6,2013,ALEXANDRA,Minor Dam,134,10.31,92,68.66
35d27df4-9fe0-40f8-8754-0674b7b22f9f,23/06/2013,Jun-13,6,2013,ALEXANDRA,Minor Dam,134,10.26,90.9,67.84
2d8c92a5-cc1e-4c20-8df5-5a136211233d,24/06/2013,Jun-13,6,2013,ALEXANDRA,Minor Dam,134,10.27,91.1,67.99
2feaf28a-d7f9-448f-b885-6d3c5637a6fc,25/06/2013,Jun-13,6,2013,ALEXANDRA,Minor Dam,134,10.27,91.1,67.99
17572184-e1c0-4e43-910f-d11c1428a74f,26/06/2013,Jun-13,6,2013,ALEXANDRA,Minor Dam,134,10.34,92.8,69.25
ac50a119-42ad-4546-b23c-807b46bdf159,27/06/2013,Jun-13,6,2013,ALEXANDRA,Minor Dam,134,10.39,93.9,70.07
03c1f9c4-de78-46ad-a3a0-8a2e309503e0,28/06/2013,Jun-13,6,2013,ALEXANDRA,Minor Dam,134,10.48,96.1,71.72
e601c5d0-85f0-48e2-b548-9563814b61ef,29/06/2013,Jun-13,6,2013,ALEXANDRA,Minor Dam,134,10.48,96.1,71.72
3dfa0154-da85-4f1a-9deb-7f542ba83567,30/06/2013,Jun-13,6,2013,ALEXANDRA,Minor Dam,134,10.46,95.6,71.34
edaf9694-82f7-427b-907b-54fe5754a45b,01/07/2013,Jul-13,7,2013,ALEXANDRA,Minor Dam,134,10.44,95.1,70.97
a2fc8e58-998c-44dc-94df-1ade7373497c,02/07/2013,Jul-13,7,2013,ALEXANDRA,Minor Dam,134,10.43,94.9,70.82
bcf81533-1a75-4841-a477-afb1b20ebf01,03/07/2013,Jul-13,7,2013,ALEXANDRA,Minor Dam,134,10.4,94.2,70.3
aa153aff-b58b-4f42-86d6-3b5619b6a804,04/07/2013,Jul-13,7,2013,ALEXANDRA,Minor Dam,134,10.37,93.5,69.78
6271f6a8-fad7-4ac4-b3c0-994fc22fa044,05/07/2013,Jul-13,7,2013,ALEXANDRA,Minor Dam,134,10.36,93.2,69.55
b5127f91-215d-46ae-82e5-caa9553db3ec,06/07/2013,Jul-13,7,2013,ALEXANDRA,Minor Dam,134,10.35,93,69.4
c0a02010-fbba-4377-baca-050dd2bfe1a3,07/07/2013,Jul-13,7,2013,ALEXANDRA,Minor Dam,134,10.33,92.5,69.03
01d1b3df-5715-416f-80b3-c18a394971b4,08/07/2013,Jul-13,7,2013,ALEXANDRA,Minor Dam,134,10.31,92,68.66
31299dc7-6efc-4cd8-8a3e-beb7040e960e,09/07/2013,Jul-13,7,2013,ALEXANDRA,Minor Dam,134,10.29,91.6,68.36
d2f5cbcb-c2c9-4624-a7bd-b1c44beeee78,10/07/2013,Jul-13,7,2013,ALEXANDRA,Minor Dam,134,10.29,91.6,68.36
9ac5f1d6-dfa0-4464-840e-ad38a7a7d327,11/07/2013,Jul-13,7,2013,ALEXANDRA,Minor Dam,134,10.28,91.3,68.13
bb7ca2f8-1197-459c-9a68-ce9b93e61801,12/07/2013,Jul-13,7,2013,ALEXANDRA,Minor Dam,134,10.26,90.9,67.84
b3761039-b7c5-4f4a-97fd-8ed754001c77,13/07/2013,Jul-13,7,2013,ALEXANDRA,Minor Dam,134,10.24,90.4,67.46
45f4ca53-f767-4360-842d-41a652f928ec,14/07/2013,Jul-13,7,2013,ALEXANDRA,Minor Dam,134,10.23,90.1,67.24
8ab8b632-65d3-4933-8ee3-cb0268f269df,15/07/2013,Jul-13,7,2013,ALEXANDRA,Minor Dam,134,10.23,90.1,67.24
c1e31868-f3dd-4b14-848f-d5220b7e3245,16/07/2013,Jul-13,7,2013,ALEXANDRA,Minor Dam,134,10.22,89.9,67.09
ce245c2c-1599-4afd-ad77-a2eef301c6c0,17/07/2013,Jul-13,7,2013,ALEXANDRA,Minor Dam,134,10.19,89.2,66.57
4623bafd-d432-470a-8a2d-a7f3715cb9fe,18/07/2013,Jul-13,7,2013,ALEXANDRA,Minor Dam,134,10.17,88.7,66.19
bc1b37ba-ed21-44cf-a364-f90b0e8a2042,19/07/2013,Jul-13,7,2013,ALEXANDRA,Minor Dam,134,10.17,88.7,66.19
7daed2ec-dec3-4d3b-a396-f292ae8303dc,20/07/2013,Jul-13,7,2013,ALEXANDRA,Minor Dam,134,10.24,90.4,67.46
8b7820c9-b5bb-4da5-8ab0-c3bb99f2b613,21/07/2013,Jul-13,7,2013,ALEXANDRA,Minor Dam,134,10.28,91.3,68.13
a1b97d70-2860-4aaa-9934-2907224cb465,22/07/2013,Jul-13,7,2013,ALEXANDRA,Minor Dam,134,10.34,92.8,69.25
da8ac378-252e-4e18-9ebd-9e75814b49e8,23/07/2013,Jul-13,7,2013,ALEXANDRA,Minor Dam,134,10.34,92.8,69.25
ddf5bdd9-ea9e-450b-a8f7-8c2e57688db9,24/07/2013,Jul-13,7,2013,ALEXANDRA,Minor Dam,134,10.36,93.2,69.55
ca8b994c-73d9-43ee-99fd-068a3cdc1d00,25/07/2013,Jul-13,7,2013,ALEXANDRA,Minor Dam,134,10.37,93.5,69.78
aca234d3-eab9-457d-a28b-3305dee10b56,26/07/2013,Jul-13,7,2013,ALEXANDRA,Minor Dam,134,10.35,93,69.4
86f630d7-ff1d-44f6-8eff-50c94901530d,27/07/2013,Jul-13,7,2013,ALEXANDRA,Minor Dam,134,10.33,92.5,69.03
53697961-0261-49c8-be09-85b9afadb4f2,28/07/2013,Jul-13,7,2013,ALEXANDRA,Minor Dam,134,10.4,94.2,70.3
acbe767d-c5aa-4161-a5d1-5c14e959275a,29/07/2013,Jul-13,7,2013,ALEXANDRA,Minor Dam,134,10.78,103.2,77.01
cdd6fe5e-8ed1-4214-a803-178f24c38f2c,30/07/2013,Jul-13,7,2013,ALEXANDRA,Minor Dam,134,10.9,106.1,79.18
38ec0e83-9a9c-477d-afe7-088ff8977d0a,31/07/2013,Jul-13,7,2013,ALEXANDRA,Minor Dam,134,10.94,107,79.85
9ae85f18-d827-45bf-9096-13b7d58de87d,01/08/2013,Aug-13,8,2013,ALEXANDRA,Minor Dam,134,10.95,107.3,80.07
0659622b-8fbf-4e17-920e-e2117d22b842,02/08/2013,Aug-13,8,2013,ALEXANDRA,Minor Dam,134,10.96,107.5,80.22
6cd7fdd6-ea09-4b39-a9a7-bc1b3977a0ee,03/08/2013,Aug-13,8,2013,ALEXANDRA,Minor Dam,134,10.97,107.7,80.37
2b48e74f-c0ff-41f9-9343-2e7ada49cb76,04/08/2013,Aug-13,8,2013,ALEXANDRA,Minor Dam,134,10.97,107.7,80.37
65625380-8a3a-4b9f-a892-f17540316bb4,05/08/2013,Aug-13,8,2013,ALEXANDRA,Minor Dam,134,10.96,107.5,80.22
3cf9cdc2-db2c-4cc1-80ea-a118d8686cf7,06/08/2013,Aug-13,8,2013,ALEXANDRA,Minor Dam,134,10.92,106.5,79.48
5f89e8b7-67bc-4831-98af-d7451b8c3b72,07/08/2013,Aug-13,8,2013,ALEXANDRA,Minor Dam,134,10.88,105.6,78.81
411d07e0-eeda-4ce4-b068-2b16cf966b57,08/08/2013,Aug-13,8,2013,ALEXANDRA,Minor Dam,134,10.85,104.9,78.28
562c4be8-1f32-491d-b9a1-9feb7dab655f,09/08/2013,Aug-13,8,2013,ALEXANDRA,Minor Dam,134,10.88,105.6,78.81
874b7fab-79f8-4a55-a16e-f47eb1bd0852,10/08/2013,Aug-13,8,2013,ALEXANDRA,Minor Dam,134,10.88,105.6,78.81
948cc8a9-d98c-4a96-8fad-28f4025e27d6,11/08/2013,Aug-13,8,2013,ALEXANDRA,Minor Dam,134,10.87,105.4,78.66
96c1b1e4-4f92-4f6d-bc1d-529d0eda1a19,12/08/2013,Aug-13,8,2013,ALEXANDRA,Minor Dam,134,10.87,105.4,78.66
8d6d953d-d697-49f0-af40-1dbf23ff211c,13/08/2013,Aug-13,8,2013,ALEXANDRA,Minor Dam,134,10.85,104.9,78.28
6117b43d-8d72-43cc-a390-e1244098bc61,14/08/2013,Aug-13,8,2013,ALEXANDRA,Minor Dam,134,10.98,108,80.6
ce003fda-98ed-436d-b1e9-cec8c14661cf,15/08/2013,Aug-13,8,2013,ALEXANDRA,Minor Dam,134,11.28,121.1,90.37
b37bda88-58e6-4053-b90a-2eca8f156ade,16/08/2013,Aug-13,8,2013,ALEXANDRA,Minor Dam,134,11.56,134.2,100.15
191e413f-2bee-4374-97bb-dc3af5293369,17/08/2013,Aug-13,8,2013,ALEXANDRA,Minor Dam,134,11.6,134.2,100.15
e3e24edf-295f-42a3-8573-39a3652e14c3,18/08/2013,Aug-13,8,2013,ALEXANDRA,Minor Dam,134,11.62,134.2,100.15
48651fa6-b139-4899-a08b-b6a34134e328,19/08/2013,Aug-13,8,2013,ALEXANDRA,Minor Dam,134,11.62,134.2,100.15
5380b250-984d-42bf-9554-be8016461843,20/08/2013,Aug-13,8,2013,ALEXANDRA,Minor Dam,134,11.6,134.2,100.15
40e1de04-9c5a-4510-a086-0cafd4b77e34,21/08/2013,Aug-13,8,2013,ALEXANDRA,Minor Dam,134,11.58,134.2,100.15
f7054305-4b50-4df0-9cf9-1cabf013bf58,22/08/2013,Aug-13,8,2013,ALEXANDRA,Minor Dam,134,11.62,134.2,100.15
dc28d4fe-4a17-4a6f-ba14-a4a2b0b369be,23/08/2013,Aug-13,8,2013,ALEXANDRA,Minor Dam,134,11.59,134.2,100.15
ab59ba21-9eff-4045-a550-2748ad4f343b,24/08/2013,Aug-13,8,2013,ALEXANDRA,Minor Dam,134,11.6,134.2,100.15
737d15b3-41f5-415b-8abd-4b2d2219ab95,25/08/2013,Aug-13,8,2013,ALEXANDRA,Minor Dam,134,11.55,133.3,99.48
67eceb2b-a512-4a18-bf7e-fedda4edc049,26/08/2013,Aug-13,8,2013,ALEXANDRA,Minor Dam,134,11.52,132,98.51
382046a6-a258-459c-8839-c7bd79d28d59,27/08/2013,Aug-13,8,2013,ALEXANDRA,Minor Dam,134,11.5,131.1,97.84
c2d60792-5d16-4425-b4e0-289c02e637f3,28/08/2013,Aug-13,8,2013,ALEXANDRA,Minor Dam,134,11.48,130.2,97.16
d2c036a2-d7a0-4558-b40a-c3b597e3693e,29/08/2013,Aug-13,8,2013,ALEXANDRA,Minor Dam,134,11.5,131.1,97.84
751f34ee-4351-4285-a0b0-fdf99f8732da,30/08/2013,Aug-13,8,2013,ALEXANDRA,Minor Dam,134,11.62,132,98.51
57366e2d-c97b-4cb3-a3f5-5392b164e229,31/08/2013,Aug-13,8,2013,ALEXANDRA,Minor Dam,134,11.61,131.5,98.13
9dd9085d-5ef9-4332-a181-35dcd96777c5,01/09/2013,Sep-13,9,2013,ALEXANDRA,Minor Dam,134,11.6,131.1,97.84
77085740-6412-4c9f-8759-37acd0cc56af,02/09/2013,Sep-13,9,2013,ALEXANDRA,Minor Dam,134,11.58,134.2,100.15
2868c5dc-089f-44df-ad2f-9728df30a7f0,03/09/2013,Sep-13,9,2013,ALEXANDRA,Minor Dam,134,11.56,134.2,100.15
2de9a93d-b345-4c17-9122-bb75a05851a7,04/09/2013,Sep-13,9,2013,ALEXANDRA,Minor Dam,134,11.58,134.2,100.15
d217dc8d-b7d8-4a86-b519-8a4392fedcfe,05/09/2013,Sep-13,9,2013,ALEXANDRA,Minor Dam,134,11.57,134.2,100.15
2685ffd6-18ef-45b1-bcec-c2c032f1dcfd,06/09/2013,Sep-13,9,2013,ALEXANDRA,Minor Dam,134,11.56,134.2,100.15
92ac4525-a1e0-4f11-aa85-35db0e43866f,07/09/2013,Sep-13,9,2013,ALEXANDRA,Minor Dam,134,11.55,133.3,99.48
d4c2c235-8e42-423d-b027-4f8f222bdebe,08/09/2013,Sep-13,9,2013,ALEXANDRA,Minor Dam,134,11.52,132,98.51
2c2d3bab-d419-434a-a25d-59bc25d9ff78,09/09/2013,Sep-13,9,2013,ALEXANDRA,Minor Dam,134,11.5,131.1,97.84
e43855ee-08c1-4e7f-a537-fef3373433b7,10/09/2013,Sep-13,9,2013,ALEXANDRA,Minor Dam,134,11.52,132,98.51
3697d8e0-b6c0-4a0c-b641-e7ade1a0497e,11/09/2013,Sep-13,9,2013,ALEXANDRA,Minor Dam,134,11.48,130.2,97.16
f8d7d30b-1018-4b9e-9dbd-4063a7a35469,12/09/2013,Sep-13,9,2013,ALEXANDRA,Minor Dam,134,11.47,129.7,96.79
357ab422-cd56-4d95-92db-b12b2bd9b6cf,13/09/2013,Sep-13,9,2013,ALEXANDRA,Minor Dam,134,11.42,127.5,95.15
daf7f63a-dd6d-4176-b8a8-a499de032298,14/09/2013,Sep-13,9,2013,ALEXANDRA,Minor Dam,134,11.6,134.2,100.15
f025eefc-1e51-469b-8edb-9064bb3e3eae,15/09/2013,Sep-13,9,2013,ALEXANDRA,Minor Dam,134,11.59,134.2,100.15
57075263-b7c7-4fe4-9632-dd6ce119bb37,16/09/2013,Sep-13,9,2013,ALEXANDRA,Minor Dam,134,11.57,134.2,100.15
73bf7e55-6551-4ef9-ba64-c3df47a6845b,17/09/2013,Sep-13,9,2013,ALEXANDRA,Minor Dam,134,11.57,134.2,100.15
01342ecd-070a-436c-9ac7-2a0ed6f860a7,18/09/2013,Sep-13,9,2013,ALEXANDRA,Minor Dam,134,11.6,131.1,97.84
1ac63db3-362e-4dbb-abd8-887e7d0c351e,19/09/2013,Sep-13,9,2013,ALEXANDRA,Minor Dam,134,11.58,134.2,100.15
42656790-9f78-4855-a103-ee90bf2e7b80,20/09/2013,Sep-13,9,2013,ALEXANDRA,Minor Dam,134,11.56,134.2,100.15
75cd1617-dbdd-4437-a06d-44571917485c,21/09/2013,Sep-13,9,2013,ALEXANDRA,Minor Dam,134,11.56,134.2,100.15
31871a14-3b8d-411e-a09c-820903d7e0da,22/09/2013,Sep-13,9,2013,ALEXANDRA,Minor Dam,134,11.56,134.2,100.15
ccf78702-bd83-4f25-98b3-0412ff8276a3,23/09/2013,Sep-13,9,2013,ALEXANDRA,Minor Dam,134,11.56,134.2,100.15
9fed7bf5-1ca1-4712-9dff-c8c882750304,24/09/2013,Sep-13,9,2013,ALEXANDRA,Minor Dam,134,11.56,134.2,100.15
47972330-80d0-4d03-99b3-8c2fae643c7f,25/09/2013,Sep-13,9,2013,ALEXANDRA,Minor Dam,134,11.58,134.2,100.15
a41712b6-45b2-4d52-b568-bc4bddfbd05d,26/09/2013,Sep-13,9,2013,ALEXANDRA,Minor Dam,134,11.56,134.2,100.15
a9b9f732-88a4-4945-a5c6-c31b092803ce,27/09/2013,Sep-13,9,2013,ALEXANDRA,Minor Dam,134,11.53,132.4,98.81
983e5374-4104-4b49-9868-1ef7f1857c58,28/09/2013,Sep-13,9,2013,ALEXANDRA,Minor Dam,134,11.57,134.2,100.15
048b5caf-9237-4c69-b0a7-1f6a29c71fc6,29/09/2013,Sep-13,9,2013,ALEXANDRA,Minor Dam,134,11.57,134.2,100.15
b19fcba4-180c-4c13-b570-74079d8cd976,30/09/2013,Sep-13,9,2013,ALEXANDRA,Minor Dam,134,11.57,134.2,100.15
16e29892-08fa-4197-b06d-0b080fe51e9f,01/10/2013,Oct-13,10,2013,ALEXANDRA,Minor Dam,134,11.57,134.2,100.15
705dab79-28bc-4d12-b340-3c8838c3155f,02/10/2013,Oct-13,10,2013,ALEXANDRA,Minor Dam,134,11.55,133.3,99.48
03e8aeb2-295f-4634-bdd3-61c3f064df1a,03/10/2013,Oct-13,10,2013,ALEXANDRA,Minor Dam,134,11.52,132,98.51
90cdc82d-8f47-482c-81f6-6ec148350150,04/10/2013,Oct-13,10,2013,ALEXANDRA,Minor Dam,134,11.49,130.6,97.46
b2d595e8-5539-414a-91d9-cd3b07a590ce,05/10/2013,Oct-13,10,2013,ALEXANDRA,Minor Dam,134,11.47,129.7,96.79
0de70aa9-f975-4ee1-82ec-94ee6b2a1008,06/10/2013,Oct-13,10,2013,ALEXANDRA,Minor Dam,134,11.46,129.3,96.49
1b0d5f6b-9b4d-4042-a2e8-9b6da4b76838,07/10/2013,Oct-13,10,2013,ALEXANDRA,Minor Dam,134,11.44,128.4,95.82
d8e7ba22-ec60-4c33-99c2-d902c4aedb60,08/10/2013,Oct-13,10,2013,ALEXANDRA,Minor Dam,134,11.42,127.5,95.15
5aac26b7-ec70-4f0c-9c55-72ddc8efdb3e,09/10/2013,Oct-13,10,2013,ALEXANDRA,Minor Dam,134,11.4,126.5,94.4
bfc7944d-2a4a-4ef8-a9af-4a19692a6b33,10/10/2013,Oct-13,10,2013,ALEXANDRA,Minor Dam,134,11.37,125.2,93.43
e155620f-de73-40d2-b4ba-50f3cc4951c4,11/10/2013,Oct-13,10,2013,ALEXANDRA,Minor Dam,134,11.34,123.8,92.39
b9fa2791-c558-489d-b7b1-6c10519d1aa8,12/10/2013,Oct-13,10,2013,ALEXANDRA,Minor Dam,134,11.34,123.8,92.39
59330350-a700-4519-9830-387a6d7cc0fa,13/10/2013,Oct-13,10,2013,ALEXANDRA,Minor Dam,134,11.29,121.6,90.75
2ee8c444-70f4-46e9-894a-8ceef60b2cda,14/10/2013,Oct-13,10,2013,ALEXANDRA,Minor Dam,134,11.27,120.7,90.07
b81ff89c-32b3-4ed7-8803-0f0f706f0803,15/10/2013,Oct-13,10,2013,ALEXANDRA,Minor Dam,134,11.25,119.8,89.4
d5e7d3d7-5fda-4ac6-9a25-7a97d03fdd1e,16/10/2013,Oct-13,10,2013,ALEXANDRA,Minor Dam,134,11.25,119.8,89.4
965096ad-056a-4fe4-8976-5740f66d5b64,17/10/2013,Oct-13,10,2013,ALEXANDRA,Minor Dam,134,11.23,118.9,88.73
fd4e55d7-5360-41de-a82a-fd79801d7d8e,18/10/2013,Oct-13,10,2013,ALEXANDRA,Minor Dam,134,11.2,117.5,87.69
7f820ba8-bd7e-45a3-9ae1-f8386b5916fa,19/10/2013,Oct-13,10,2013,ALEXANDRA,Minor Dam,134,11.18,116.6,87.01
fcb8ce19-b58d-4d43-88b0-a89a28638a88,20/10/2013,Oct-13,10,2013,ALEXANDRA,Minor Dam,134,11.14,114.8,85.67
f3a60682-64d2-47da-8b45-811e903c432e,21/10/2013,Oct-13,10,2013,ALEXANDRA,Minor Dam,134,11.12,113.9,85
49e3d0a9-cfd2-4f64-87aa-174b12e334fc,22/10/2013,Oct-13,10,2013,ALEXANDRA,Minor Dam,134,11.1,113,84.33
6012c7f5-d487-4db5-af98-06d9c0bb0d5f,23/10/2013,Oct-13,10,2013,ALEXANDRA,Minor Dam,134,11.08,112.1,83.66
0a4a2219-a76f-48fb-88dd-955bbac3e7b6,24/10/2013,Oct-13,10,2013,ALEXANDRA,Minor Dam,134,11.04,110.3,82.31
d6d23466-9fa1-4998-94f4-73d1f3181808,25/10/2013,Oct-13,10,2013,ALEXANDRA,Minor Dam,134,11.01,108.9,81.27
1a6d56b6-0362-4845-8f4e-73b484d78b6d,26/10/2013,Oct-13,10,2013,ALEXANDRA,Minor Dam,134,10.99,108.2,80.75
06639a35-59db-4ae2-ad29-54ecf80ef75e,27/10/2013,Oct-13,10,2013,ALEXANDRA,Minor Dam,134,10.96,107.5,80.22
69a36781-1dd8-4a1f-bbf4-50437d789b61,28/10/2013,Oct-13,10,2013,ALEXANDRA,Minor Dam,134,10.94,107,79.85
9e8ff509-f8a5-4656-93e1-73614b6f0a88,29/10/2013,Oct-13,10,2013,ALEXANDRA,Minor Dam,134,10.91,106.3,79.33
433bd918-940e-4ef8-b951-7f099db1738f,30/10/2013,Oct-13,10,2013,ALEXANDRA,Minor Dam,134,10.89,105.8,78.96
e69cf1f8-2616-464c-a7ab-6e914ce365fe,31/10/2013,Oct-13,10,2013,ALEXANDRA,Minor Dam,134,10.9,106.1,79.18
9cd4e45e-2dba-4623-a9ed-c4caaaeb0455,01/11/2013,Nov-13,11,2013,ALEXANDRA,Minor Dam,134,10.95,107.3,80.07
5a642209-a299-408f-a289-15dfbca722e6,02/11/2013,Nov-13,11,2013,ALEXANDRA,Minor Dam,134,10.98,108,80.6
32980ada-f511-436d-a77d-7d74f24d8d86,03/11/2013,Nov-13,11,2013,ALEXANDRA,Minor Dam,134,11.32,122.9,91.72
1cf3a910-443e-4b0a-9648-a518ffdf5ae5,04/11/2013,Nov-13,11,2013,ALEXANDRA,Minor Dam,134,11.34,123.8,92.39
2218bc73-1685-44da-83dc-bda6c3116c04,05/11/2013,Nov-13,11,2013,ALEXANDRA,Minor Dam,134,11.36,124.7,93.06
80b66aa7-7536-46fb-a074-41528f382144,06/11/2013,Nov-13,11,2013,ALEXANDRA,Minor Dam,134,11.36,124.7,93.06
affa36fc-41f9-43ce-8e3f-352f413ab059,07/11/2013,Nov-13,11,2013,ALEXANDRA,Minor Dam,134,11.35,124.3,92.76
4488c625-cc99-4b2c-bdb7-8ff69103acbd,08/11/2013,Nov-13,11,2013,ALEXANDRA,Minor Dam,134,11.33,123.4,92.09
c1a809f7-60d5-474d-8e73-6b54751aeadf,09/11/2013,Nov-13,11,2013,ALEXANDRA,Minor Dam,134,11.3,122,91.04
024ddbbe-8b3c-42d5-b28f-191c1dd40c53,10/11/2013,Nov-13,11,2013,ALEXANDRA,Minor Dam,134,11.26,120.2,89.7
580c8178-0a52-4c36-b92c-1b1b9f5705f7,11/11/2013,Nov-13,11,2013,ALEXANDRA,Minor Dam,134,11.23,118.9,88.73
17397c49-9c62-45de-8a66-6d8517be36e8,12/11/2013,Nov-13,11,2013,ALEXANDRA,Minor Dam,134,11.22,118.4,88.36
2f7ea3bb-6082-4c22-9c39-e23649470cab,13/11/2013,Nov-13,11,2013,ALEXANDRA,Minor Dam,134,11.2,117.5,87.69
ed200212-7aa8-4444-a81c-051c076f191c,14/11/2013,Nov-13,11,2013,ALEXANDRA,Minor Dam,134,11.18,116.6,87.01
3f88a010-89e3-4737-845b-1683b7172ac9,15/11/2013,Nov-13,11,2013,ALEXANDRA,Minor Dam,134,11.16,115.7,86.34
ba849e3b-d0e1-4c3d-b2ce-4e4d290de7b1,16/11/2013,Nov-13,11,2013,ALEXANDRA,Minor Dam,134,11.14,114.8,85.67
0479ad05-e4dc-490e-8b6f-62c36b157225,17/11/2013,Nov-13,11,2013,ALEXANDRA,Minor Dam,134,11.64,132.9,99.18
ff95d5ff-5e25-4d89-be4c-ba47548c45e2,18/11/2013,Nov-13,11,2013,ALEXANDRA,Minor Dam,134,11.62,134.2,100.15
3db3d012-61b8-4622-b525-ffa25b8d7e32,19/11/2013,Nov-13,11,2013,ALEXANDRA,Minor Dam,134,11.6,134.2,100.15
3f4fd93a-532d-4dd4-9702-5f78ca49706b,20/11/2013,Nov-13,11,2013,ALEXANDRA,Minor Dam,134,11.58,134.2,100.15
d1ca60c2-b978-4be4-a1f3-03c1e2554126,21/11/2013,Nov-13,11,2013,ALEXANDRA,Minor Dam,134,11.57,134.2,100.15
4ff7f703-4350-46ac-ad0f-c81fb941a5dd,22/11/2013,Nov-13,11,2013,ALEXANDRA,Minor Dam,134,11.55,133.3,99.48
e4c428c8-3537-4138-b9da-3ddc21ed6bd9,23/11/2013,Nov-13,11,2013,ALEXANDRA,Minor Dam,134,11.52,132,98.51
f8ed8d5e-1695-48ac-9138-8ccb778df777,24/11/2013,Nov-13,11,2013,ALEXANDRA,Minor Dam,134,11.5,131.1,97.84
4cc896d9-c965-4cda-85f8-8339c2b4842f,25/11/2013,Nov-13,11,2013,ALEXANDRA,Minor Dam,134,11.47,129.7,96.79
5dfd2dcc-0cd3-48a7-96d3-c9784fa400ec,26/11/2013,Nov-13,11,2013,ALEXANDRA,Minor Dam,134,11.45,128.8,96.12
acf3f4ea-9240-4d91-bc84-1be63474408a,27/11/2013,Nov-13,11,2013,ALEXANDRA,Minor Dam,134,11.43,127.9,95.45
ee38c024-b75a-44d4-8e29-996aa4f93d5f,28/11/2013,Nov-13,11,2013,ALEXANDRA,Minor Dam,134,11.41,127,94.78
0de40d40-b3c7-4595-8a7d-482700da92e0,29/11/2013,Nov-13,11,2013,ALEXANDRA,Minor Dam,134,11.39,126.1,94.1
16092e01-bade-423b-b244-6ad1fb8879d8,30/11/2013,Nov-13,11,2013,ALEXANDRA,Minor Dam,134,11.36,124.7,93.06
ef947925-0863-496b-82f1-e43740e3328b,01/12/2013,Dec-13,12,2013,ALEXANDRA,Minor Dam,134,11.34,123.8,92.39
87cc2306-38c3-4141-8be4-fe9bb00c0843,02/12/2013,Dec-13,12,2013,ALEXANDRA,Minor Dam,134,11.31,122.5,91.42
25543519-7831-4c36-92c1-f2c9d95acfb0,03/12/2013,Dec-13,12,2013,ALEXANDRA,Minor Dam,134,11.28,121.1,90.37
14fa8b9c-3816-48df-b4e2-cb5101e3f39d,04/12/2013,Dec-13,12,2013,ALEXANDRA,Minor Dam,134,11.25,119.8,89.4
f02a6b6e-ad34-498a-a82e-aff31e73950c,05/12/2013,Dec-13,12,2013,ALEXANDRA,Minor Dam,134,11.22,118.4,88.36
33043e67-3d2b-4c24-a0b6-8288f5d6c494,06/12/2013,Dec-13,12,2013,ALEXANDRA,Minor Dam,134,11.2,117.5,87.69
fa7e8c8c-711a-4ac3-8a38-10413265738a,07/12/2013,Dec-13,12,2013,ALEXANDRA,Minor Dam,134,11.16,115.7,86.34
4912ea27-1c03-4af9-8be2-cb3d827c43a0,08/12/2013,Dec-13,12,2013,ALEXANDRA,Minor Dam,134,11.14,114.8,85.67
38f8d384-26c1-4fba-8dcd-2ba85c8e17d4,09/12/2013,Dec-13,12,2013,ALEXANDRA,Minor Dam,134,11.11,113.4,84.63
267d9e1c-d9d6-4db1-90eb-852ae02635b9,10/12/2013,Dec-13,12,2013,ALEXANDRA,Minor Dam,134,11.05,110.7,82.61
c93e84c1-af01-49ce-b3f5-e3bac21a2966,11/12/2013,Dec-13,12,2013,ALEXANDRA,Minor Dam,134,11.04,110.3,82.31
35774836-2a93-426f-9205-90f4f8c8456f,12/12/2013,Dec-13,12,2013,ALEXANDRA,Minor Dam,134,11.02,109.3,81.57
fccd9e40-2605-47d5-8cce-6d34dd91e3ce,13/12/2013,Dec-13,12,2013,ALEXANDRA,Minor Dam,134,10.98,108,80.6
3603e7ba-36ac-48da-9f21-bae8a4fc2718,14/12/2013,Dec-13,12,2013,ALEXANDRA,Minor Dam,134,10.96,107.5,80.22
c739a95a-a6aa-4275-9b96-f0881bf30e08,15/12/2013,Dec-13,12,2013,ALEXANDRA,Minor Dam,134,10.93,106.8,79.7
79c2a61d-8009-4861-8aae-498f6f0508b4,16/12/2013,Dec-13,12,2013,ALEXANDRA,Minor Dam,134,10.91,106.3,79.33
31a8b597-2a28-4d21-a9e5-0c118f5d1c2f,17/12/2013,Dec-13,12,2013,ALEXANDRA,Minor Dam,134,10.88,105.6,78.81
154c5d4c-af81-4c59-a8c2-042160b7ebea,18/12/2013,Dec-13,12,2013,ALEXANDRA,Minor Dam,134,10.85,104.9,78.28
fdf7d4b8-9efc-4f08-a01b-b9a00d3c53cc,19/12/2013,Dec-13,12,2013,ALEXANDRA,Minor Dam,134,10.73,102,76.12
88f780a9-db22-4d72-9be2-4123f782614c,20/12/2013,Dec-13,12,2013,ALEXANDRA,Minor Dam,134,10.73,102,76.12
019d4863-93d4-46c6-9ed0-afef3e0122aa,21/12/2013,Dec-13,12,2013,ALEXANDRA,Minor Dam,134,10.73,102,76.12
693e2162-c341-4be7-8b5b-463826d1e7bf,22/12/2013,Dec-13,12,2013,ALEXANDRA,Minor Dam,134,10.73,102,76.12
493ee78e-2e87-45c0-ae58-008cac5c76a1,23/12/2013,Dec-13,12,2013,ALEXANDRA,Minor Dam,134,10.73,102,76.12
03dbcc2e-ba72-45b4-b829-1a29b65c8888,24/12/2013,Dec-13,12,2013,ALEXANDRA,Minor Dam,134,10.73,102,76.12
b473aeae-5228-4498-9013-2e7edde7c450,25/12/2013,Dec-13,12,2013,ALEXANDRA,Minor Dam,134,10.68,100.8,75.22
6d1595eb-a5fb-4106-8129-e57edaf60c95,26/12/2013,Dec-13,12,2013,ALEXANDRA,Minor Dam,134,10.68,100.8,75.22
41abe994-9969-489b-81fa-6d976a8a5fe2,27/12/2013,Dec-13,12,2013,ALEXANDRA,Minor Dam,134,10.68,100.8,75.22
076f8039-f5a0-4b78-8537-09610f313e88,28/12/2013,Dec-13,12,2013,ALEXANDRA,Minor Dam,134,10.68,100.8,75.22
43b9f3d9-ab49-45cc-a0eb-8930e02472d7,29/12/2013,Dec-13,12,2013,ALEXANDRA,Minor Dam,134,10.69,101.1,75.45
37f9b3a8-4bbf-47d3-bd7c-995574549154,30/12/2013,Dec-13,12,2013,ALEXANDRA,Minor Dam,134,10.68,100.8,75.22
e7a9fcf7-def9-48b0-ba25-f35003687f65,31/12/2013,Dec-13,12,2013,ALEXANDRA,Minor Dam,134,10.63,99.6,74.33
610f1371-8731-4940-8ede-503dfdd6cd3c,01/01/2014,Jan-14,1,2014,ALEXANDRA,Minor Dam,134,10.57,98.2,73.28
3622a501-f300-4577-81fa-f005da2ff490,02/01/2014,Jan-14,1,2014,ALEXANDRA,Minor Dam,134,10.48,96.1,71.72
c2c6e022-3e13-4d2c-9cb4-d96e69970d3e,03/01/2014,Jan-14,1,2014,ALEXANDRA,Minor Dam,134,10.43,94.9,70.82
895554c6-4948-455e-8b8d-20bff2d871ca,04/01/2014,Jan-14,1,2014,ALEXANDRA,Minor Dam,134,10.38,93.7,69.93
cecc3020-f7c3-4113-a653-98d86b0a8984,05/01/2014,Jan-14,1,2014,ALEXANDRA,Minor Dam,134,10.35,93,69.4
22a6ca3a-aaab-4177-8ea3-baf0eba684ea,06/01/2014,Jan-14,1,2014,ALEXANDRA,Minor Dam,134,10.32,92.3,68.88
b838f12f-8efb-4576-890a-fcadf3c2717b,07/01/2014,Jan-14,1,2014,ALEXANDRA,Minor Dam,134,10.32,92.3,68.88
5e744172-069a-4cb6-862c-4f180277c131,08/01/2014,Jan-14,1,2014,ALEXANDRA,Minor Dam,134,10.32,92.3,68.88
3bdaebed-bafc-435b-9975-d3acf335e6a4,09/01/2014,Jan-14,1,2014,ALEXANDRA,Minor Dam,134,10.33,92.5,69.03
3866d8ec-8364-432c-abb8-e48a5180008a,10/01/2014,Jan-14,1,2014,ALEXANDRA,Minor Dam,134,10.31,92,68.66
5152de62-c86b-459e-98c4-ab4ab28b58c2,11/01/2014,Jan-14,1,2014,ALEXANDRA,Minor Dam,134,10.31,92,68.66
78cba99a-fc66-4464-bc00-e93397a5bb32,12/01/2014,Jan-14,1,2014,ALEXANDRA,Minor Dam,134,10.28,91.3,68.13
d5ecf1f1-036d-463b-96ab-9c7c8e6135da,13/01/2014,Jan-14,1,2014,ALEXANDRA,Minor Dam,134,10.24,90.4,67.46
0b910080-63aa-4285-b4aa-14ebb249110b,14/01/2014,Jan-14,1,2014,ALEXANDRA,Minor Dam,134,10.22,89.9,67.09
9486ac2d-a1eb-43bb-bca3-5306af5af218,15/01/2014,Jan-14,1,2014,ALEXANDRA,Minor Dam,134,10.2,89.4,66.72
7966c7dd-9851-4d14-8cf5-a75ea6acc6fd,16/01/2014,Jan-14,1,2014,ALEXANDRA,Minor Dam,134,10.17,88.7,66.19
97722020-bc21-4cbc-8860-d0ed03605dcc,17/01/2014,Jan-14,1,2014,ALEXANDRA,Minor Dam,134,10.14,88,65.67
49813ea5-6f1c-4329-8603-a45655e199de,18/01/2014,Jan-14,1,2014,ALEXANDRA,Minor Dam,134,10.1,87,64.93
78048873-4e28-4889-ad84-34937d7fb570,19/01/2014,Jan-14,1,2014,ALEXANDRA,Minor Dam,134,10.07,86.3,64.4
93290484-571f-49f3-88f9-1fa90ab2e267,20/01/2014,Jan-14,1,2014,ALEXANDRA,Minor Dam,134,10.05,85.9,64.1
c7bec93b-cb12-4680-b407-6d7a707243c4,21/01/2014,Jan-14,1,2014,ALEXANDRA,Minor Dam,134,10.03,85.4,63.73
7815bb99-b8e4-4464-8663-1ae1e7ee4584,22/01/2014,Jan-14,1,2014,ALEXANDRA,Minor Dam,134,10.02,85.1,63.51
b78449ed-48c1-421a-a1d7-eaa76163f1ba,23/01/2014,Jan-14,1,2014,ALEXANDRA,Minor Dam,134,10.02,85.1,63.51
f6b4a0d6-4985-4b89-98e6-47b88f1daf64,24/01/2014,Jan-14,1,2014,ALEXANDRA,Minor Dam,134,10,84.7,63.21
5e7579a3-0d3d-40b1-af34-f55f444c8043,25/01/2014,Jan-14,1,2014,ALEXANDRA,Minor Dam,134,9.98,84.3,62.91
de9d4c48-d012-485e-9c7e-2cd3669c635b,26/01/2014,Jan-14,1,2014,ALEXANDRA,Minor Dam,134,9.95,83.6,62.39
884d661a-46e9-4ca0-9595-03aa0ff7ef73,27/01/2014,Jan-14,1,2014,ALEXANDRA,Minor Dam,134,9.93,83.2,62.09
fdf1aac5-7f4f-42ed-9b9a-a5f2bec9970b,28/01/2014,Jan-14,1,2014,ALEXANDRA,Minor Dam,134,9.9,82.6,61.64
3d059e50-178d-4937-bffe-2599803900e3,29/01/2014,Jan-14,1,2014,ALEXANDRA,Minor Dam,134,9.88,82.2,61.34
57430202-9a14-4ba8-8397-5707736d2e8d,30/01/2014,Jan-14,1,2014,ALEXANDRA,Minor Dam,134,9.85,81.6,60.9
47327929-acdd-4bd4-8403-c1131235417a,31/01/2014,Jan-14,1,2014,ALEXANDRA,Minor Dam,134,9.83,81.1,60.52
691310ac-f3ff-4a1c-8224-db2fd92341c9,01/02/2014,Feb-14,2,2014,ALEXANDRA,Minor Dam,134,9.8,80.5,60.07
022c56f9-60fb-4dc3-9b40-ae6cc7320828,02/02/2014,Feb-14,2,2014,ALEXANDRA,Minor Dam,134,9.75,79.5,59.33
bc3cbc93-c8c8-4ad4-9a50-559358e954a7,03/02/2014,Feb-14,2,2014,ALEXANDRA,Minor Dam,134,9.75,79.5,59.33
0d04e4a3-911f-469f-a8ca-ebd922be8ff7,04/02/2014,Feb-14,2,2014,ALEXANDRA,Minor Dam,134,9.73,79.1,59.03
c8c573d2-1884-4911-a19c-7544ec626f8a,05/02/2014,Feb-14,2,2014,ALEXANDRA,Minor Dam,134,9.71,78.6,58.66
9c8862ae-d9c0-4ec6-bb62-186716e80af5,06/02/2014,Feb-14,2,2014,ALEXANDRA,Minor Dam,134,9.68,78,58.21
6cb0177e-dbb4-46f7-bfa9-87eda78a0697,07/02/2014,Feb-14,2,2014,ALEXANDRA,Minor Dam,134,9.66,77.6,57.91
55b61c42-f11b-4c87-b48d-217d8251f4da,08/02/2014,Feb-14,2,2014,ALEXANDRA,Minor Dam,134,9.64,77.2,57.61
9f79ec01-447d-4272-b269-c0c3c09f8cb7,09/02/2014,Feb-14,2,2014,ALEXANDRA,Minor Dam,134,9.62,76.8,57.31
5b42633a-654e-4655-9bbd-eb183f99c28d,10/02/2014,Feb-14,2,2014,ALEXANDRA,Minor Dam,134,9.62,76.8,57.31
4f60ff3d-df2b-4e2d-ae09-d2d4d46bfc7b,11/02/2014,Feb-14,2,2014,ALEXANDRA,Minor Dam,134,9.58,75.9,56.64
5608b796-babb-44b6-a79f-0d2869caa9e9,12/02/2014,Feb-14,2,2014,ALEXANDRA,Minor Dam,134,9.56,75.5,56.34
569ba3ce-4eda-4002-ac4e-271ee668bc44,13/02/2014,Feb-14,2,2014,ALEXANDRA,Minor Dam,134,9.53,74.9,55.9
baa63202-337f-4f06-9155-29e2115f937d,14/02/2014,Feb-14,2,2014,ALEXANDRA,Minor Dam,134,9.48,73.9,55.15
85d1289d-306e-4b24-819c-de41eb35b31d,15/02/2014,Feb-14,2,2014,ALEXANDRA,Minor Dam,134,9.48,73.9,55.15
d9002fd6-e6a5-482a-bbef-670ecf6fb78c,16/02/2014,Feb-14,2,2014,ALEXANDRA,Minor Dam,134,9.48,73.9,55.15
bdd13b95-4fb2-4e37-8f80-13c68dbb80db,17/02/2014,Feb-14,2,2014,ALEXANDRA,Minor Dam,134,9.45,73.2,54.63
7b53d518-572b-4cbf-8fff-a8613ee3261a,18/02/2014,Feb-14,2,2014,ALEXANDRA,Minor Dam,134,9.42,72.6,54.18
e902312b-d372-4a81-9889-95e0d29e1b28,19/02/2014,Feb-14,2,2014,ALEXANDRA,Minor Dam,134,9.41,72.4,54.03
cbad34b2-a361-4d8a-91be-a33ea82172b9,20/02/2014,Feb-14,2,2014,ALEXANDRA,Minor Dam,134,9.39,72,53.73
5706e2fd-f9b0-48e8-9514-a6335b823897,21/02/2014,Feb-14,2,2014,ALEXANDRA,Minor Dam,134,9.38,71.8,53.58
69198159-9579-4ff2-a8ac-4ab44d5e7f30,22/02/2014,Feb-14,2,2014,ALEXANDRA,Minor Dam,134,9.36,71.4,53.28
c6cfb16a-f7cc-4040-b383-448f930263c7,23/02/2014,Feb-14,2,2014,ALEXANDRA,Minor Dam,134,9.34,71,52.99
faac7cf4-bfa9-411b-90ae-291a710f0b5f,24/02/2014,Feb-14,2,2014,ALEXANDRA,Minor Dam,134,9.33,70.8,52.84
731f20eb-99ef-42d2-a8bb-f821414d561b,25/02/2014,Feb-14,2,2014,ALEXANDRA,Minor Dam,134,9.32,70.5,52.61
09b7ba8b-2224-43f6-9d30-92b483849ace,26/02/2014,Feb-14,2,2014,ALEXANDRA,Minor Dam,134,9.29,69.9,52.16
170c84c5-2742-4402-b35a-f159bc2693c7,27/02/2014,Feb-14,2,2014,ALEXANDRA,Minor Dam,134,9.25,69.1,51.57
a797cbe6-da1b-4977-9839-e067dd045690,28/02/2014,Feb-14,2,2014,ALEXANDRA,Minor Dam,134,9.22,68.5,51.12
63b83186-0a0f-44f3-9340-fede89b4bb62,01/03/2014,Mar-14,3,2014,ALEXANDRA,Minor Dam,134,9.19,67.8,50.6
d36f8a7e-624c-4c8d-98c4-0c0c509d8e20,02/03/2014,Mar-14,3,2014,ALEXANDRA,Minor Dam,134,9.15,67,50
e409bf5a-1d81-4c15-ac16-e6c4c39c7327,03/03/2014,Mar-14,3,2014,ALEXANDRA,Minor Dam,134,9.13,66.6,49.7
c307a329-cfe9-44ca-8bf2-14b1fb8e870b,04/03/2014,Mar-14,3,2014,ALEXANDRA,Minor Dam,134,9.14,66.8,49.85
d34d9108-80ef-4478-91c0-de669484868d,05/03/2014,Mar-14,3,2014,ALEXANDRA,Minor Dam,134,9.13,66.6,49.7
330a2cbb-5b14-40d4-a1c1-85b831fc8e86,06/03/2014,Mar-14,3,2014,ALEXANDRA,Minor Dam,134,9.11,66.2,49.4
f5461c97-3aa4-4626-a2a3-8d0b658a43fb,07/03/2014,Mar-14,3,2014,ALEXANDRA,Minor Dam,134,9.09,65.8,49.1
d8073d3c-a869-4b31-b195-5d0bee928237,08/03/2014,Mar-14,3,2014,ALEXANDRA,Minor Dam,134,9.07,65.4,48.81
409561fe-30ca-4c0b-82d1-55cb9845bdbc,09/03/2014,Mar-14,3,2014,ALEXANDRA,Minor Dam,134,9.07,65.4,48.81
8c557a40-387e-4ea0-8142-20ea360125df,10/03/2014,Mar-14,3,2014,ALEXANDRA,Minor Dam,134,9.06,65.1,48.58
32df8897-6e77-4d3f-9e8c-1cf43a2c9396,11/03/2014,Mar-14,3,2014,ALEXANDRA,Minor Dam,134,9.04,64.7,48.28
d782754d-f254-4cd3-af40-595df3c8375f,12/03/2014,Mar-14,3,2014,ALEXANDRA,Minor Dam,134,9.02,64.3,47.99
6faac489-03ef-48ab-8cba-48e60cad347c,13/03/2014,Mar-14,3,2014,ALEXANDRA,Minor Dam,134,8.98,63.6,47.46
1324dc48-b2c6-49fd-878a-15db96ce1853,14/03/2014,Mar-14,3,2014,ALEXANDRA,Minor Dam,134,8.94,62.9,46.94
1f4370c7-c3a2-4858-9853-65fc51a4ee09,15/03/2014,Mar-14,3,2014,ALEXANDRA,Minor Dam,134,8.92,62.5,46.64
c9ebdfa0-ff90-4504-83a9-984a9ce1fd55,16/03/2014,Mar-14,3,2014,ALEXANDRA,Minor Dam,134,8.9,62.2,46.42
608aeb97-3566-4d0a-9d7a-1c7fd0ee0021,17/03/2014,Mar-14,3,2014,ALEXANDRA,Minor Dam,134,8.87,61.7,46.04
ce70cd6f-ce0d-4568-86d4-f2d34388e22f,18/03/2014,Mar-14,3,2014,ALEXANDRA,Minor Dam,134,8.85,61.3,45.75
bb466508-29cd-472f-9d79-73d9b70b67ff,19/03/2014,Mar-14,3,2014,ALEXANDRA,Minor Dam,134,8.83,61,45.52
bae902fe-c8bc-423e-bd4d-7b5619cde3cf,20/03/2014,Mar-14,3,2014,ALEXANDRA,Minor Dam,134,8.81,60.7,45.3
4382abcb-90d1-4d0f-a9f6-3ceee378b273,21/03/2014,Mar-14,3,2014,ALEXANDRA,Minor Dam,134,8.83,61,45.52
74f56a02-8280-40bb-8e3e-38ca3df3b9bf,22/03/2014,Mar-14,3,2014,ALEXANDRA,Minor Dam,134,8.82,60.8,45.37
525150d8-ab63-440e-84df-522d28301493,23/03/2014,Mar-14,3,2014,ALEXANDRA,Minor Dam,134,8.8,60.5,45.15
e707b6cc-50b1-40b5-8973-cc20b71a7eee,24/03/2014,Mar-14,3,2014,ALEXANDRA,Minor Dam,134,8.82,60.8,45.37
47b17f28-1ae4-4df3-aa3c-5d257ff5cc2a,25/03/2014,Mar-14,3,2014,ALEXANDRA,Minor Dam,134,8.79,60.3,45
0ca83d76-f1a8-4d20-8423-53c540f63014,26/03/2014,Mar-14,3,2014,ALEXANDRA,Minor Dam,134,8.79,60.3,45
671c06d3-7236-4184-a74e-df9c916640b7,27/03/2014,Mar-14,3,2014,ALEXANDRA,Minor Dam,134,8.88,61.9,46.19
d3ad0821-6927-4824-883c-a59e774dacbc,28/03/2014,Mar-14,3,2014,ALEXANDRA,Minor Dam,134,9.03,64.5,48.13
ac411802-4bb7-4779-9e6b-6f21d110f005,29/03/2014,Mar-14,3,2014,ALEXANDRA,Minor Dam,134,9.04,64.7,48.28
15af39fd-d89f-4ee3-9ccc-3785cfcc855a,30/03/2014,Mar-14,3,2014,ALEXANDRA,Minor Dam,134,9.04,64.7,48.28
f9313da5-a41d-4bce-af23-e092eae64e63,31/03/2014,Mar-14,3,2014,ALEXANDRA,Minor Dam,134,9.04,64.7,48.28
c503db55-734b-4421-bd60-152b72d33d58,01/04/2014,Apr-14,4,2014,ALEXANDRA,Minor Dam,134,9.01,64.1,47.84
a4bf0645-2db6-4016-87d6-7346a14b223e,02/04/2014,Apr-14,4,2014,ALEXANDRA,Minor Dam,134,9.01,64.1,47.84
1667bec1-c9ed-47c2-875a-a4a0c4a0d779,03/04/2014,Apr-14,4,2014,ALEXANDRA,Minor Dam,134,9.18,67.6,50.45
9eb0b1c1-cc11-47d2-8a5f-2f1ca24febe5,04/04/2014,Apr-14,4,2014,ALEXANDRA,Minor Dam,134,9.26,69.3,51.72
68f26aa1-72ed-4f2a-b20d-37d7fec04725,05/04/2014,Apr-14,4,2014,ALEXANDRA,Minor Dam,134,9.62,76.8,57.31
d0faf14f-57d0-4342-a08e-b66e703a3852,06/04/2014,Apr-14,4,2014,ALEXANDRA,Minor Dam,134,9.62,76.8,57.31
026cb311-4d0e-49df-8453-29ec04180f91,07/04/2014,Apr-14,4,2014,ALEXANDRA,Minor Dam,134,9.51,74.5,55.6
4e8bb69d-8bcf-4786-a848-6d7c6944974e,08/04/2014,Apr-14,4,2014,ALEXANDRA,Minor Dam,134,9.2,68.1,50.82
16d97808-968c-4696-9a25-ba7b2e5e278a,09/04/2014,Apr-14,4,2014,ALEXANDRA,Minor Dam,134,9.24,68.9,51.42
9ef6dddb-7242-4148-b1de-8bcbdc76251d,10/04/2014,Apr-14,4,2014,ALEXANDRA,Minor Dam,134,9.23,68.7,51.27
2a463130-d5c2-4c9f-a768-1d05f78aff1b,11/04/2014,Apr-14,4,2014,ALEXANDRA,Minor Dam,134,9.2,68.1,50.82
036fd82e-0ae8-40f8-9943-4121b18f2f3f,12/04/2014,Apr-14,4,2014,ALEXANDRA,Minor Dam,134,9.18,67.6,50.45
dd73c2c1-3ddc-43c2-b59d-062a1c16e9e8,13/04/2014,Apr-14,4,2014,ALEXANDRA,Minor Dam,134,9.17,67.4,50.3
fb9ae50e-f598-47cd-b335-dba536fb6692,14/04/2014,Apr-14,4,2014,ALEXANDRA,Minor Dam,134,9.15,67,50
69ccb9b1-7f11-43cc-87af-3fc37fded865,15/04/2014,Apr-14,4,2014,ALEXANDRA,Minor Dam,134,9.15,67,50
f35bde55-00da-4b3e-8426-1f33d625e766,16/04/2014,Apr-14,4,2014,ALEXANDRA,Minor Dam,134,9.11,66.2,49.4
7f643db9-1af8-42ab-80cd-b2d396b3037c,17/04/2014,Apr-14,4,2014,ALEXANDRA,Minor Dam,134,9.09,65.8,49.1
e03b8a5e-cf1d-4c9c-aa0e-ee428774c225,18/04/2014,Apr-14,4,2014,ALEXANDRA,Minor Dam,134,9.08,65.6,48.96
9ac01afe-8ce6-444d-9fa7-44b68e66739e,19/04/2014,Apr-14,4,2014,ALEXANDRA,Minor Dam,134,9.08,65.6,48.96
6f667908-cb50-4993-ae1f-07299f9af317,20/04/2014,Apr-14,4,2014,ALEXANDRA,Minor Dam,134,8.98,63.6,47.46
ba54dbdc-1213-484f-8c53-f3cef8570f26,21/04/2014,Apr-14,4,2014,ALEXANDRA,Minor Dam,134,8.93,62.7,46.79
0f9ac5df-1e6b-43ee-8de4-0d4e457a3fef,22/04/2014,Apr-14,4,2014,ALEXANDRA,Minor Dam,134,8.88,61.9,46.19
18617cd0-5fe0-476d-b831-1465b1f41cc2,23/04/2014,Apr-14,4,2014,ALEXANDRA,Minor Dam,134,8.98,63.6,47.46
755959a5-e1cd-46f9-bcb9-f70cf83e243c,24/04/2014,Apr-14,4,2014,ALEXANDRA,Minor Dam,134,8.97,63.4,47.31
f89818e5-08cf-4a86-a7d6-8ee7933524fa,25/04/2014,Apr-14,4,2014,ALEXANDRA,Minor Dam,134,8.95,63,47.01
a4250e03-04e2-4e9e-98fd-a287ceaaddb4,26/04/2014,Apr-14,4,2014,ALEXANDRA,Minor Dam,134,8.93,62.7,46.79
65052f07-4b08-4831-847b-5c91adb7eb31,27/04/2014,Apr-14,4,2014,ALEXANDRA,Minor Dam,134,8.91,62.4,46.57
771f5d8a-f3f4-4340-acfe-1c1b077a00a0,28/04/2014,Apr-14,4,2014,ALEXANDRA,Minor Dam,134,8.89,62,46.27
a1505192-da80-432a-9c21-8e94eba3e0d1,29/04/2014,Apr-14,4,2014,ALEXANDRA,Minor Dam,134,8.87,61.7,46.04
4d82df67-67de-48b1-97e4-b6a129485205,30/04/2014,Apr-14,4,2014,ALEXANDRA,Minor Dam,134,8.85,61.3,45.75
57c64e65-7c2d-4e9c-81df-ebf623b02cce,01/05/2014,May-14,5,2014,ALEXANDRA,Minor Dam,134,8.83,61,45.52
1158e1e0-536c-4089-8b2b-992484cb4043,02/05/2014,May-14,5,2014,ALEXANDRA,Minor Dam,134,8.82,60.8,45.37
65821691-4c6f-4924-b0b3-ab551173e045,03/05/2014,May-14,5,2014,ALEXANDRA,Minor Dam,134,8.79,60.3,45
2cb26a1d-49b5-4e01-9e95-4f1b6ed237a4,04/05/2014,May-14,5,2014,ALEXANDRA,Minor Dam,134,8.79,60.3,45
2d167a96-96b2-40c6-866e-e9ac4d39fa67,05/05/2014,May-14,5,2014,ALEXANDRA,Minor Dam,134,8.79,60.3,45
537404e7-b701-4931-8652-69cfb1ed7c87,06/05/2014,May-14,5,2014,ALEXANDRA,Minor Dam,134,8.79,60.3,45
1e01e52c-d347-4a7a-867f-e3e77971f91d,07/05/2014,May-14,5,2014,ALEXANDRA,Minor Dam,134,8.79,60.3,45
392c68e4-154f-4cd4-9e24-2d15fe99a0de,08/05/2014,May-14,5,2014,ALEXANDRA,Minor Dam,134,8.77,60,44.78
375c1645-c20f-4562-8d82-02c056d9b56a,09/05/2014,May-14,5,2014,ALEXANDRA,Minor Dam,134,8.72,59.1,44.1
9b2e0c85-d2ee-4aae-b053-e5199b0f1feb,10/05/2014,May-14,5,2014,ALEXANDRA,Minor Dam,134,8.76,59.8,44.63
6219b75a-83a6-4d03-b422-1411f6076dab,11/05/2014,May-14,5,2014,ALEXANDRA,Minor Dam,134,8.8,60.5,45.15
c896eecf-ee6a-46d4-ad08-2a839ba970dc,12/05/2014,May-14,5,2014,ALEXANDRA,Minor Dam,134,8.86,61.5,45.9
bbcbeffd-2db5-444c-ba33-8265e4fb35f8,13/05/2014,May-14,5,2014,ALEXANDRA,Minor Dam,134,8.84,61.2,45.67
dd11bafd-8f1e-40be-8c0d-433b2e1f9458,14/05/2014,May-14,5,2014,ALEXANDRA,Minor Dam,134,8.87,61.7,46.04
b86bd2e4-5e4f-488f-a550-3708c541baf8,15/05/2014,May-14,5,2014,ALEXANDRA,Minor Dam,134,8.87,61.7,46.04
e9342941-f4c5-41cb-a65a-d3fb49c2a5a1,16/05/2014,May-14,5,2014,ALEXANDRA,Minor Dam,134,8.85,61.3,45.75
85f0fcfe-d46e-48ae-8614-8f70e316336e,17/05/2014,May-14,5,2014,ALEXANDRA,Minor Dam,134,9.08,65.6,48.96
6d8f62d3-975e-4bd3-934b-85987fb6b041,18/05/2014,May-14,5,2014,ALEXANDRA,Minor Dam,134,9.23,68.7,51.27
0fea0d84-2e50-4b0b-9b34-dc5aea2478db,19/05/2014,May-14,5,2014,ALEXANDRA,Minor Dam,134,9.27,69.5,51.87
18b59ff5-2f71-4d1e-bb56-b22f757e42d8,20/05/2014,May-14,5,2014,ALEXANDRA,Minor Dam,134,9.32,70.5,52.61
65bb8d90-d2cc-4f71-ba63-c27014024f04,21/05/2014,May-14,5,2014,ALEXANDRA,Minor Dam,134,9.32,70.5,52.61
14bcdcc5-6c47-4c4c-a771-2356f3d35889,22/05/2014,May-14,5,2014,ALEXANDRA,Minor Dam,134,9.32,70.5,52.61
f6a9f29b-f135-4e92-ae61-8a5e34d1ab65,23/05/2014,May-14,5,2014,ALEXANDRA,Minor Dam,134,9.33,70.8,52.84
b9401d3f-d975-4a36-9c3e-6f8977793bf7,24/05/2014,May-14,5,2014,ALEXANDRA,Minor Dam,134,9.31,70.3,52.46
081b1c95-348f-4633-a9c0-66716b5e2a2c,25/05/2014,May-14,5,2014,ALEXANDRA,Minor Dam,134,9.3,70.1,52.31
24c30c46-fde3-44a2-ac77-f2c4f7f85f95,26/05/2014,May-14,5,2014,ALEXANDRA,Minor Dam,134,9.3,70.1,52.31
f4cad042-4458-43eb-b59a-11f4e5120a34,27/05/2014,May-14,5,2014,ALEXANDRA,Minor Dam,134,9.3,70.1,52.31
f6206fb4-c5af-42d0-91ed-cfb4e817fa1a,28/05/2014,May-14,5,2014,ALEXANDRA,Minor Dam,134,9.29,69.9,52.16
7cf82ff7-0444-47c3-acba-c5edd51bef36,29/05/2014,May-14,5,2014,ALEXANDRA,Minor Dam,134,9.39,72,53.73
6b7ec1e3-9fb1-4919-bace-4bfaaf128d6e,30/05/2014,May-14,5,2014,ALEXANDRA,Minor Dam,134,9.46,73.5,54.85
f61d4c72-e04f-47ec-884f-27ef06ac5d8f,31/05/2014,May-14,5,2014,ALEXANDRA,Minor Dam,134,9.68,78,58.21
8a89ed76-fe48-4d02-b2d2-e22df44d368f,01/06/2014,Jun-14,6,2014,ALEXANDRA,Minor Dam,134,9.69,78.2,58.36
f1438d3a-7cd5-4068-86c9-2043b422e5d7,02/06/2014,Jun-14,6,2014,ALEXANDRA,Minor Dam,134,9.9,82.6,61.64
351f20b1-13d4-4250-8224-ea0f73c02e20,03/06/2014,Jun-14,6,2014,ALEXANDRA,Minor Dam,134,9.99,84.5,63.06
4c67d8c9-e301-4481-9d29-4796e62ae523,04/06/2014,Jun-14,6,2014,ALEXANDRA,Minor Dam,134,10.02,85.1,63.51
7d0a9279-84f6-4801-bcd9-98c5719fb112,05/06/2014,Jun-14,6,2014,ALEXANDRA,Minor Dam,134,10.08,86.6,64.63
36d1f72d-8785-4f0f-9d31-ae12a7a9e9a4,06/06/2014,Jun-14,6,2014,ALEXANDRA,Minor Dam,134,10.18,88.9,66.34
4246ed41-8ce1-4cb9-b1b5-7656cdfe9f3c,07/06/2014,Jun-14,6,2014,ALEXANDRA,Minor Dam,134,10.68,100.8,75.22
debd7171-a471-4764-b794-6b1b3152b8ca,08/06/2014,Jun-14,6,2014,ALEXANDRA,Minor Dam,134,10.78,103.2,77.01
68d8d432-43d5-419a-ab56-2c0294ef401a,09/06/2014,Jun-14,6,2014,ALEXANDRA,Minor Dam,134,10.82,104.2,77.76
caa4b23f-0573-49c6-b423-60d1ec8e72ee,10/06/2014,Jun-14,6,2014,ALEXANDRA,Minor Dam,134,10.93,106.8,79.7
ea436313-3c42-41b3-bb2a-184e4fd0ad1e,11/06/2014,Jun-14,6,2014,ALEXANDRA,Minor Dam,134,11.41,127,94.78
3e0ba76c-8311-4326-ae92-78f695a5d00b,12/06/2014,Jun-14,6,2014,ALEXANDRA,Minor Dam,134,11.48,130.2,97.16
3ba0f06c-96b0-439e-ae48-04eafa444fd4,13/06/2014,Jun-14,6,2014,ALEXANDRA,Minor Dam,134,11.48,130.2,97.16
02dbefbd-2e04-408f-aa50-dd39648b1301,14/06/2014,Jun-14,6,2014,ALEXANDRA,Minor Dam,134,11.48,130.2,97.16
5ed910a7-424b-4672-8338-95f234ba7ecc,15/06/2014,Jun-14,6,2014,ALEXANDRA,Minor Dam,134,11.49,130.6,97.46
b3db577b-6057-48a2-bbf7-4368d8dfb526,16/06/2014,Jun-14,6,2014,ALEXANDRA,Minor Dam,134,11.56,134.2,100.15
82abc680-428f-427f-a403-d94df426775c,17/06/2014,Jun-14,6,2014,ALEXANDRA,Minor Dam,134,11.56,134.2,100.15
340303c4-95cb-4b53-b133-94945e510b88,18/06/2014,Jun-14,6,2014,ALEXANDRA,Minor Dam,134,11.59,134.2,100.15
0685c715-7d12-4c51-af61-886a126144f3,19/06/2014,Jun-14,6,2014,ALEXANDRA,Minor Dam,134,11.58,134.2,100.15
8e60334f-dd49-4a79-a738-24bca96fbf87,20/06/2014,Jun-14,6,2014,ALEXANDRA,Minor Dam,134,11.58,134.2,100.15
8e939fea-e86b-47d0-9066-53e008ed500b,21/06/2014,Jun-14,6,2014,ALEXANDRA,Minor Dam,134,11.56,134.2,100.15
4d77968d-b3d9-42c7-9082-8769fc7c55d1,22/06/2014,Jun-14,6,2014,ALEXANDRA,Minor Dam,134,11.54,132.9,99.18
619a8a37-e394-4204-8b45-a0c04c30a216,23/06/2014,Jun-14,6,2014,ALEXANDRA,Minor Dam,134,11.54,132.9,99.18
dac6adb1-6f35-42b8-9aad-7b2dfb77080e,24/06/2014,Jun-14,6,2014,ALEXANDRA,Minor Dam,134,11.52,132,98.51
7bdb1f81-b4bd-42be-9639-b3616fdb9623,25/06/2014,Jun-14,6,2014,ALEXANDRA,Minor Dam,134,11.49,130.6,97.46
8f2621a9-85b9-462b-8519-d98da33b85ad,26/06/2014,Jun-14,6,2014,ALEXANDRA,Minor Dam,134,11.47,129.7,96.79
8313b8f1-2f33-4bea-b025-c7d42b9fcf44,27/06/2014,Jun-14,6,2014,ALEXANDRA,Minor Dam,134,11.55,133.3,99.48
240557f1-d2f4-4a0b-950f-909ac899e85f,28/06/2014,Jun-14,6,2014,ALEXANDRA,Minor Dam,134,11.6,131.1,97.84
2b033c14-5dc7-4738-bf01-4c51c2e42559,29/06/2014,Jun-14,6,2014,ALEXANDRA,Minor Dam,134,11.58,134.2,100.15
0e3a7b38-4e16-4669-b4fc-5620f2bc0d96,30/06/2014,Jun-14,6,2014,ALEXANDRA,Minor Dam,134,11.58,134.2,100.15
34a2a3aa-82f0-45ff-a3ab-0a9534eec17d,01/07/2014,Jul-14,7,2014,ALEXANDRA,Minor Dam,134,11.58,134.2,100.15
243c94fd-960c-44ce-901e-1bbc0759c14c,02/07/2014,Jul-14,7,2014,ALEXANDRA,Minor Dam,134,11.56,134.2,100.15
4a90572b-c8e2-4f65-aa71-c93ef61fffc2,03/07/2014,Jul-14,7,2014,ALEXANDRA,Minor Dam,134,11.53,132.4,98.81
de86fa03-7167-45cd-87ff-93410bc27d2c,04/07/2014,Jul-14,7,2014,ALEXANDRA,Minor Dam,134,11.56,134.2,100.15
d6c2d088-1218-486d-98b5-f40d291d0b47,05/07/2014,Jul-14,7,2014,ALEXANDRA,Minor Dam,134,11.58,134.2,100.15
c99ba918-ae52-43c9-8894-3fa582b86cf9,06/07/2014,Jul-14,7,2014,ALEXANDRA,Minor Dam,134,11.61,131.5,98.13
87dd68e6-ffff-405f-be15-780c28478ed2,07/07/2014,Jul-14,7,2014,ALEXANDRA,Minor Dam,134,11.6,131.1,97.84
5d57bfcc-524e-4933-b78c-1fb3d6d54e5a,08/07/2014,Jul-14,7,2014,ALEXANDRA,Minor Dam,134,11.59,134.2,100.15
6aa25ed8-2ecd-4794-ad1c-a78b57ad0a84,09/07/2014,Jul-14,7,2014,ALEXANDRA,Minor Dam,134,11.57,134.2,100.15
e66efc0f-6c3c-477d-8422-f70ee36dbea2,10/07/2014,Jul-14,7,2014,ALEXANDRA,Minor Dam,134,11.55,133.3,99.48
be452ab3-7956-4bb5-ae58-104f62cfe796,11/07/2014,Jul-14,7,2014,ALEXANDRA,Minor Dam,134,11.55,133.3,99.48
d23441b8-c8f5-4dcb-b100-1ce810e99422,12/07/2014,Jul-14,7,2014,ALEXANDRA,Minor Dam,134,11.52,132,98.51
b0fb395a-0166-48f4-a429-b9059fc338d1,13/07/2014,Jul-14,7,2014,ALEXANDRA,Minor Dam,134,11.48,130.2,97.16
6ce49b0a-d533-483a-9568-e3e6f51969d1,14/07/2014,Jul-14,7,2014,ALEXANDRA,Minor Dam,134,11.46,129.3,96.49
e1a813a5-bd1c-4d8d-ba2d-8591cc8a367f,15/07/2014,Jul-14,7,2014,ALEXANDRA,Minor Dam,134,11.45,128.8,96.12
f39395ae-8c44-4247-bf11-8a1c5b39c750,16/07/2014,Jul-14,7,2014,ALEXANDRA,Minor Dam,134,11.45,128.8,96.12
74e6fc0e-0645-4b24-80cd-e3a625dc89d9,17/07/2014,Jul-14,7,2014,ALEXANDRA,Minor Dam,134,11.43,127.9,95.45
3c95049c-437b-4c94-8cc0-c7ee11deda0d,18/07/2014,Jul-14,7,2014,ALEXANDRA,Minor Dam,134,11.53,132.4,98.81
f2f44f62-92c9-49ac-bd09-f45e14910ecd,19/07/2014,Jul-14,7,2014,ALEXANDRA,Minor Dam,134,11.55,133.3,99.48
63529726-6333-4e6d-bb22-44ca774eba62,20/07/2014,Jul-14,7,2014,ALEXANDRA,Minor Dam,134,11.58,134.2,100.15
c10bd92b-2be4-4131-9ede-6d469a1dcd92,21/07/2014,Jul-14,7,2014,ALEXANDRA,Minor Dam,134,11.56,134.2,100.15
d182c9fe-5907-4946-8a9f-0c8f90a3c7ac,22/07/2014,Jul-14,7,2014,ALEXANDRA,Minor Dam,134,11.56,134.2,100.15
a5d2d16c-4214-4650-97f3-37e46d5a1f55,23/07/2014,Jul-14,7,2014,ALEXANDRA,Minor Dam,134,11.56,134.2,100.15
cd484e03-e351-448a-82ac-016c8e2e73d7,24/07/2014,Jul-14,7,2014,ALEXANDRA,Minor Dam,134,11.54,132.9,99.18
e85349df-34bf-4bed-a247-f86dc6ee746c,25/07/2014,Jul-14,7,2014,ALEXANDRA,Minor Dam,134,11.52,132,98.51
c7d2d98f-9974-4fcc-97a0-eac0ecc422b0,26/07/2014,Jul-14,7,2014,ALEXANDRA,Minor Dam,134,11.58,134.2,100.15
31a788ce-735b-42fb-97b9-bae94a924acd,27/07/2014,Jul-14,7,2014,ALEXANDRA,Minor Dam,134,11.58,134.2,100.15
b8d4fb1e-bb1f-4a68-a3a8-fc7f777f65f1,28/07/2014,Jul-14,7,2014,ALEXANDRA,Minor Dam,134,11.58,134.2,100.15
63242064-d8e5-4546-a891-956907856463,29/07/2014,Jul-14,7,2014,ALEXANDRA,Minor Dam,134,11.58,134.2,100.15
23f54ab3-bd25-4525-b2cb-d090aceb58aa,30/07/2014,Jul-14,7,2014,ALEXANDRA,Minor Dam,134,11.57,134.2,100.15
e21bc5bf-0179-45e7-88f3-747c5e250b7b,31/07/2014,Jul-14,7,2014,ALEXANDRA,Minor Dam,134,11.57,134.2,100.15
60ce4797-2f65-4316-afd0-e69509f0805c,01/08/2014,Aug-14,8,2014,ALEXANDRA,Minor Dam,134,11.54,132.9,99.18
08b43567-d578-4f9c-8861-8478e03fc9a4,02/08/2014,Aug-14,8,2014,ALEXANDRA,Minor Dam,134,11.53,132.4,98.81
834fc53b-8f73-4afb-9bf9-13067fc2f563,03/08/2014,Aug-14,8,2014,ALEXANDRA,Minor Dam,134,11.51,131.5,98.13
d3fae166-d4c0-4721-a259-2e1feac0547c,04/08/2014,Aug-14,8,2014,ALEXANDRA,Minor Dam,134,11.49,130.6,97.46
2014488b-557e-49a4-b336-ee9f1d3679b6,05/08/2014,Aug-14,8,2014,ALEXANDRA,Minor Dam,134,11.49,130.6,97.46
d9157c68-bec2-4ea3-8596-92da478b82d9,06/08/2014,Aug-14,8,2014,ALEXANDRA,Minor Dam,134,11.68,134.2,100.15
883abf14-2427-4903-af02-c05e1965bc2b,07/08/2014,Aug-14,8,2014,ALEXANDRA,Minor Dam,134,11.63,132.4,98.81
4f735e14-5f06-4a56-8fbf-06676b5631e0,08/08/2014,Aug-14,8,2014,ALEXANDRA,Minor Dam,134,11.59,134.2,100.15
94a9e33f-8e86-4849-a196-5291eca25a2f,09/08/2014,Aug-14,8,2014,ALEXANDRA,Minor Dam,134,11.59,134.2,100.15
2dd63e1a-96f9-4d5b-91c7-8a4ea7063c21,10/08/2014,Aug-14,8,2014,ALEXANDRA,Minor Dam,134,11.58,134.2,100.15
2d5b96d4-9939-47fd-8eba-8912da9b0977,11/08/2014,Aug-14,8,2014,ALEXANDRA,Minor Dam,134,11.57,134.2,100.15
6940cab1-76fb-47cf-82c4-ddd0838dc4a8,12/08/2014,Aug-14,8,2014,ALEXANDRA,Minor Dam,134,11.55,133.3,99.48
90da06bc-a512-4053-9e46-66a2811022f7,13/08/2014,Aug-14,8,2014,ALEXANDRA,Minor Dam,134,11.52,132,98.51
6a63e461-f979-4818-a5ce-7d67202e7370,14/08/2014,Aug-14,8,2014,ALEXANDRA,Minor Dam,134,11.5,131.1,97.84
c3c05490-d1f2-498b-9ea1-bd1cf7c975c0,15/08/2014,Aug-14,8,2014,ALEXANDRA,Minor Dam,134,11.52,132,98.51
49d3d6e7-b3f6-490d-9ae5-21233d5f541a,16/08/2014,Aug-14,8,2014,ALEXANDRA,Minor Dam,134,11.57,134.2,100.15
97917773-60ce-4c5a-b7c8-0af4070663ed,17/08/2014,Aug-14,8,2014,ALEXANDRA,Minor Dam,134,11.57,134.2,100.15
419fd8ac-ea64-42ad-90a9-22527953186a,18/08/2014,Aug-14,8,2014,ALEXANDRA,Minor Dam,134,11.55,133.3,99.48
3f676fcc-aacf-41ee-95ef-8518f7fe1fb0,19/08/2014,Aug-14,8,2014,ALEXANDRA,Minor Dam,134,11.52,132,98.51
ecbec2e9-4ffc-4318-b639-c3e438736fe6,20/08/2014,Aug-14,8,2014,ALEXANDRA,Minor Dam,134,11.49,130.6,97.46
12f38ee0-5966-4a27-b5b6-f8a239ba2dd3,21/08/2014,Aug-14,8,2014,ALEXANDRA,Minor Dam,134,11.5,131.1,97.84
3d6273cf-be65-4d1d-a27b-19c0f11a85be,22/08/2014,Aug-14,8,2014,ALEXANDRA,Minor Dam,134,11.59,134.2,100.15
a18479b5-551d-41d5-ac80-6ac86ea66501,23/08/2014,Aug-14,8,2014,ALEXANDRA,Minor Dam,134,11.6,134.2,100.15
01aa88d0-8c97-420a-bd61-09b31f5db088,24/08/2014,Aug-14,8,2014,ALEXANDRA,Minor Dam,134,11.59,134.2,100.15
a459266e-a34d-4d01-ae58-b6033168ede2,25/08/2014,Aug-14,8,2014,ALEXANDRA,Minor Dam,134,11.59,134.2,100.15
4e3198c7-09f1-41e8-921f-93739ff90952,26/08/2014,Aug-14,8,2014,ALEXANDRA,Minor Dam,134,11.57,134.2,100.15
24f0857c-afce-4e19-b65e-3ca1f84172c6,27/08/2014,Aug-14,8,2014,ALEXANDRA,Minor Dam,134,11.58,134.2,100.15
71138ca2-ea5a-40bd-9407-1391fd6b9c4c,28/08/2014,Aug-14,8,2014,ALEXANDRA,Minor Dam,134,11.58,134.2,100.15
9fa9bea0-93b4-429f-8391-222ca6e578bb,29/08/2014,Aug-14,8,2014,ALEXANDRA,Minor Dam,134,11.6,134.2,100.15
b5c03a43-2b00-420a-b333-bd067c69cd53,30/08/2014,Aug-14,8,2014,ALEXANDRA,Minor Dam,134,11.6,134.2,100.15
46aeead1-af22-4f44-a39a-904a99a201c5,31/08/2014,Aug-14,8,2014,ALEXANDRA,Minor Dam,134,11.58,134.2,100.15
b33d0ef1-b61e-495b-ac29-5305104bc0c2,01/09/2014,Sep-14,9,2014,ALEXANDRA,Minor Dam,134,11.6,134.2,100.15
60a4b4c0-3ad0-4141-b317-b41a31dbd3fe,02/09/2014,Sep-14,9,2014,ALEXANDRA,Minor Dam,134,11.54,132.9,99.18
0b4baa55-16f5-43fa-895f-779c3c0f65eb,03/09/2014,Sep-14,9,2014,ALEXANDRA,Minor Dam,134,11.53,132.4,98.81
2e4dab2c-25f7-47c1-b452-987b2b2d1eee,04/09/2014,Sep-14,9,2014,ALEXANDRA,Minor Dam,134,11.49,130.6,97.46
37c7b132-f4d3-4e01-9ebf-1e91f3799772,05/09/2014,Sep-14,9,2014,ALEXANDRA,Minor Dam,134,11.47,129.7,96.79
151723fd-f52a-4421-82e3-55ab7453fcee,06/09/2014,Sep-14,9,2014,ALEXANDRA,Minor Dam,134,11.44,128.4,95.82
1a0dfa24-a6fb-4124-abb4-7dd3494ca05c,07/09/2014,Sep-14,9,2014,ALEXANDRA,Minor Dam,134,11.41,127,94.78
5ede9f77-0fea-442f-a8ea-bc4201c6abe8,08/09/2014,Sep-14,9,2014,ALEXANDRA,Minor Dam,134,11.39,126.1,94.1
a05fd4d7-8397-4e88-8635-ca887b4da2ae,09/09/2014,Sep-14,9,2014,ALEXANDRA,Minor Dam,134,11.36,124.7,93.06
b5ffdc92-006a-4d50-85fd-1bc0b7ee5e5f,10/09/2014,Sep-14,9,2014,ALEXANDRA,Minor Dam,134,11.33,123.4,92.09
14c58f10-4a8d-4d5a-94ed-45acc391b028,11/09/2014,Sep-14,9,2014,ALEXANDRA,Minor Dam,134,11.3,122,91.04
72f15e41-30b8-49c8-b870-f8c38fe11836,12/09/2014,Sep-14,9,2014,ALEXANDRA,Minor Dam,134,11.26,120.2,89.7
b8fbb103-d040-4c1a-a263-b5c9c28d773a,13/09/2014,Sep-14,9,2014,ALEXANDRA,Minor Dam,134,11.23,118.9,88.73
4fa2815d-ea34-4e89-aff2-7617421e0523,14/09/2014,Sep-14,9,2014,ALEXANDRA,Minor Dam,134,11.2,117.5,87.69
f5fc2390-445f-4518-a22e-a87c2fb2a16c,15/09/2014,Sep-14,9,2014,ALEXANDRA,Minor Dam,134,11.17,116.1,86.64
169300a4-b739-4015-8de6-5142cbf92e69,16/09/2014,Sep-14,9,2014,ALEXANDRA,Minor Dam,134,11.15,115.2,85.97
cd7024a9-f743-4017-9d50-1bbf4fa42bd7,17/09/2014,Sep-14,9,2014,ALEXANDRA,Minor Dam,134,11.15,115.2,85.97
36bd0801-79f9-45c4-832c-63f282131ed9,18/09/2014,Sep-14,9,2014,ALEXANDRA,Minor Dam,134,11.15,115.2,85.97
92f55bac-2aad-4252-9242-05d743ba8601,19/09/2014,Sep-14,9,2014,ALEXANDRA,Minor Dam,134,11.16,115.7,86.34
e7ecce3f-7458-4ba1-a28b-5e7e5273116b,20/09/2014,Sep-14,9,2014,ALEXANDRA,Minor Dam,134,11.17,116.1,86.64
9ddaf3e6-9464-4581-90c0-b68f3b9b16e5,21/09/2014,Sep-14,9,2014,ALEXANDRA,Minor Dam,134,11.17,116.1,86.64
86ae65ba-7bc5-47bf-8971-674c5a903fe8,22/09/2014,Sep-14,9,2014,ALEXANDRA,Minor Dam,134,11.17,116.1,86.64
c55ccfb5-3f28-40af-ad03-7cb721d7e205,23/09/2014,Sep-14,9,2014,ALEXANDRA,Minor Dam,134,11.15,115.2,85.97
5db667fe-401d-45e4-88ac-f78cff7d9f37,24/09/2014,Sep-14,9,2014,ALEXANDRA,Minor Dam,134,11.13,114.3,85.3
6cbe2f7f-2471-4808-a465-e7de4bf94d66,25/09/2014,Sep-14,9,2014,ALEXANDRA,Minor Dam,134,11.11,113.4,84.63
00f844e0-fbed-4758-bfa0-071ead74634c,26/09/2014,Sep-14,9,2014,ALEXANDRA,Minor Dam,134,11.09,112.5,83.96
c6540d7d-386d-45dc-bc2a-cbcd62a5b8d6,27/09/2014,Sep-14,9,2014,ALEXANDRA,Minor Dam,134,11.07,111.6,83.28
1fc27df6-547a-459e-b970-135cefae580f,28/09/2014,Sep-14,9,2014,ALEXANDRA,Minor Dam,134,11.04,110.3,82.31
d37c176a-6284-4b7d-b346-4dda407ca574,29/09/2014,Sep-14,9,2014,ALEXANDRA,Minor Dam,134,11.02,109.3,81.57
e16bb2e1-4e80-4e56-b17a-92915a3d7d1d,30/09/2014,Sep-14,9,2014,ALEXANDRA,Minor Dam,134,10.99,108.2,80.75
957b89c2-56ed-4757-bbf6-2f2f63aa3a68,01/10/2014,Oct-14,10,2014,ALEXANDRA,Minor Dam,134,10.96,107.5,80.22
92857eb5-a16f-4f8a-80ec-36d1071d7e6b,02/10/2014,Oct-14,10,2014,ALEXANDRA,Minor Dam,134,10.93,106.8,79.7
1653fba2-a0f8-4800-8a60-2b0af72d00c3,03/10/2014,Oct-14,10,2014,ALEXANDRA,Minor Dam,134,10.9,106.1,79.18
ea1fe03e-4b7c-417e-a8e6-d8bd605e3712,04/10/2014,Oct-14,10,2014,ALEXANDRA,Minor Dam,134,10.88,105.6,78.81
ebc8ebd6-a56b-4ede-9fb4-e4dbccd00c47,05/10/2014,Oct-14,10,2014,ALEXANDRA,Minor Dam,134,10.86,105.1,78.43
b79a2d7b-efb1-4de7-af7a-0b7ee69b1682,06/10/2014,Oct-14,10,2014,ALEXANDRA,Minor Dam,134,10.83,104.4,77.91
686f34a0-9194-4cf2-896d-f6a41db76abf,07/10/2014,Oct-14,10,2014,ALEXANDRA,Minor Dam,134,10.81,103.9,77.54
263e28c1-4a2b-466c-99be-023cb37f160a,08/10/2014,Oct-14,10,2014,ALEXANDRA,Minor Dam,134,10.78,103.2,77.01
fbed5b84-8d93-44b7-b5d4-09b1f74aeb06,09/10/2014,Oct-14,10,2014,ALEXANDRA,Minor Dam,134,10.74,102.3,76.34
ab1a919a-46c6-4682-b50e-feb8371df526,10/10/2014,Oct-14,10,2014,ALEXANDRA,Minor Dam,134,10.7,101.3,75.6
5b0be0ac-7546-4ea2-815d-cef352121771,11/10/2014,Oct-14,10,2014,ALEXANDRA,Minor Dam,134,10.68,100.8,75.22
25706b82-1537-49f3-8606-29a9828c81f2,12/10/2014,Oct-14,10,2014,ALEXANDRA,Minor Dam,134,10.67,100.6,75.07
f8eb2019-bd29-4e3b-9f6f-57e776431402,13/10/2014,Oct-14,10,2014,ALEXANDRA,Minor Dam,134,10.65,100.1,74.7
069c3203-cc7d-49f5-a20e-59f2c09c0120,14/10/2014,Oct-14,10,2014,ALEXANDRA,Minor Dam,134,10.62,99.4,74.18
3cac80aa-cf19-400b-afa3-f9d2adea91e0,15/10/2014,Oct-14,10,2014,ALEXANDRA,Minor Dam,134,10.58,98.5,73.51
7f07f183-bbf0-42c4-bc22-6f105013e13d,16/10/2014,Oct-14,10,2014,ALEXANDRA,Minor Dam,134,10.55,97.7,72.91
4706f910-e8fa-4864-a341-f1588ee868a8,17/10/2014,Oct-14,10,2014,ALEXANDRA,Minor Dam,134,10.53,97.3,72.61
84f331f7-7349-43ca-9005-5b3952d11fa8,18/10/2014,Oct-14,10,2014,ALEXANDRA,Minor Dam,134,10.51,96.8,72.24
1f416e61-53b5-4160-9be7-3a47a0237348,19/10/2014,Oct-14,10,2014,ALEXANDRA,Minor Dam,134,10.49,96.3,71.87
22674402-ae53-445c-b8fe-0a0dc2a36b53,20/10/2014,Oct-14,10,2014,ALEXANDRA,Minor Dam,134,10.46,95.6,71.34
04b1f8d2-48cb-4697-964a-dbadeb66a6ed,21/10/2014,Oct-14,10,2014,ALEXANDRA,Minor Dam,134,10.43,94.9,70.82
b9085b5c-da83-4c70-a4a3-237b9d891c89,22/10/2014,Oct-14,10,2014,ALEXANDRA,Minor Dam,134,10.4,94.2,70.3
073422e5-b947-4df3-84dc-645e21856b1b,23/10/2014,Oct-14,10,2014,ALEXANDRA,Minor Dam,134,10.37,93.5,69.78
5caea3ad-5e37-4c2c-a821-ef7ed6497de5,24/10/2014,Oct-14,10,2014,ALEXANDRA,Minor Dam,134,10.34,92.8,69.25
05d3e582-581b-4bf9-8917-78e2dcf20191,25/10/2014,Oct-14,10,2014,ALEXANDRA,Minor Dam,134,10.31,92,68.66
6223db1d-4621-448b-bd4b-6dc29d0c1224,26/10/2014,Oct-14,10,2014,ALEXANDRA,Minor Dam,134,10.28,91.3,68.13
e371a0e1-5b3a-4441-a9c8-1457a251e802,27/10/2014,Oct-14,10,2014,ALEXANDRA,Minor Dam,134,10.26,90.9,67.84
b504e850-c86b-4112-8b2c-a58b1788807a,28/10/2014,Oct-14,10,2014,ALEXANDRA,Minor Dam,134,10.23,90.1,67.24
0ecff233-faa9-48a5-a7bf-00bbe1bbe221,29/10/2014,Oct-14,10,2014,ALEXANDRA,Minor Dam,134,10.2,89.4,66.72
54d56097-757a-4902-b70b-b8600f373156,30/10/2014,Oct-14,10,2014,ALEXANDRA,Minor Dam,134,10.18,88.9,66.34
72b625e3-0921-475f-bbcf-21cf410e1968,31/10/2014,Oct-14,10,2014,ALEXANDRA,Minor Dam,134,10.15,88.2,65.82
25328b68-c36d-46a9-be2d-edc62cddde5e,01/11/2014,Nov-14,11,2014,ALEXANDRA,Minor Dam,134,10.12,87.5,65.3
056ef2a3-0707-42d2-99d2-0bdefb5276cf,02/11/2014,Nov-14,11,2014,ALEXANDRA,Minor Dam,134,10.1,87,64.93
a59b8817-2447-4906-8284-c1c22fb7a706,03/11/2014,Nov-14,11,2014,ALEXANDRA,Minor Dam,134,10.07,86.3,64.4
38f8fb5a-c0b4-4197-bd55-3fe017b0c4d4,04/11/2014,Nov-14,11,2014,ALEXANDRA,Minor Dam,134,10.04,85.6,63.88
ce8204ca-fbfe-4709-a1ee-179f800f26e1,05/11/2014,Nov-14,11,2014,ALEXANDRA,Minor Dam,134,10.02,85.1,63.51
5f18e463-b8dd-4efe-8d65-20c1e2258066,06/11/2014,Nov-14,11,2014,ALEXANDRA,Minor Dam,134,10,84.7,63.21
1762dfa1-63fa-4645-b4be-c1bdc0f14731,07/11/2014,Nov-14,11,2014,ALEXANDRA,Minor Dam,134,9.97,84,62.69
493e0fc8-62cb-4bb8-ba73-3082cf3e89e9,08/11/2014,Nov-14,11,2014,ALEXANDRA,Minor Dam,134,9.94,83.4,62.24
08ee3dcf-e773-447d-9d12-4b9dbc7ebba1,09/11/2014,Nov-14,11,2014,ALEXANDRA,Minor Dam,134,9.91,82.8,61.79
e1517c8c-93f2-4021-aaf6-d9a8acc07086,10/11/2014,Nov-14,11,2014,ALEXANDRA,Minor Dam,134,9.88,82.2,61.34
bdfea59b-4344-48d9-a0bc-f7bb0eff324d,11/11/2014,Nov-14,11,2014,ALEXANDRA,Minor Dam,134,9.86,81.8,61.04
235751b7-7ca8-4f04-8b67-12b4b2699e86,12/11/2014,Nov-14,11,2014,ALEXANDRA,Minor Dam,134,9.83,81.1,60.52
def90a5f-a420-47f1-ab7b-9d9ef1a64be9,13/11/2014,Nov-14,11,2014,ALEXANDRA,Minor Dam,134,9.81,80.7,60.22
e6dec29f-a7f1-4894-b9c8-2274678d88c2,14/11/2014,Nov-14,11,2014,ALEXANDRA,Minor Dam,134,9.79,80.3,59.93
f6429f15-9987-4752-a0ad-e4f9221156bd,15/11/2014,Nov-14,11,2014,ALEXANDRA,Minor Dam,134,9.77,79.9,59.63
c236d131-981b-4bc3-9405-81ec39ba9723,16/11/2014,Nov-14,11,2014,ALEXANDRA,Minor Dam,134,9.77,79.9,59.63
12f8e4b0-33bd-4293-a57c-1ed974135b58,17/11/2014,Nov-14,11,2014,ALEXANDRA,Minor Dam,134,9.77,79.9,59.63
799ad64a-1931-4b27-b40a-3c8885f66729,18/11/2014,Nov-14,11,2014,ALEXANDRA,Minor Dam,134,9.75,79.5,59.33
d73ef65e-13d4-4bc4-8bbc-57551c69c26b,19/11/2014,Nov-14,11,2014,ALEXANDRA,Minor Dam,134,9.68,78,58.21
ed1e0296-61de-4caa-bb17-ed3fd4eaf55c,20/11/2014,Nov-14,11,2014,ALEXANDRA,Minor Dam,134,9.65,77.4,57.76
59f6fa03-d864-4581-b32c-e1efe7b46045,21/11/2014,Nov-14,11,2014,ALEXANDRA,Minor Dam,134,9.62,76.8,57.31
aa66c2dc-570f-49ba-ad14-8b2957e95bca,22/11/2014,Nov-14,11,2014,ALEXANDRA,Minor Dam,134,9.59,76.2,56.87
7d06de3f-d6d9-4fe6-b2c0-4cb7a9615aaa,23/11/2014,Nov-14,11,2014,ALEXANDRA,Minor Dam,134,9.56,75.5,56.34
30b93d61-112b-4fd2-a0bd-7ec78994ea4f,24/11/2014,Nov-14,11,2014,ALEXANDRA,Minor Dam,134,9.53,74.9,55.9
656036da-c3ed-4325-adfe-fcae66454e99,25/11/2014,Nov-14,11,2014,ALEXANDRA,Minor Dam,134,9.5,74.3,55.45
d85abd0d-4716-4db9-aaf0-36742fbf333a,26/11/2014,Nov-14,11,2014,ALEXANDRA,Minor Dam,134,9.47,73.7,55
09138f1e-7294-440f-b2fc-c445f5d7b3a1,27/11/2014,Nov-14,11,2014,ALEXANDRA,Minor Dam,134,9.45,73.2,54.63
6bc90504-303a-4faf-8bbb-9bac45ec4b0d,28/11/2014,Nov-14,11,2014,ALEXANDRA,Minor Dam,134,9.42,72.6,54.18
e0535db2-96b5-40d8-9f17-20989ee45043,29/11/2014,Nov-14,11,2014,ALEXANDRA,Minor Dam,134,9.39,72,53.73
ab6e08a9-ffc5-4979-9e29-9628caa3bb91,30/11/2014,Nov-14,11,2014,ALEXANDRA,Minor Dam,134,9.36,71.4,53.28
31a5b550-5c77-4ac9-9374-44f81e9aab00,01/12/2014,Dec-14,12,2014,ALEXANDRA,Minor Dam,134,9.34,71,52.99
3e64c808-ce7b-4c7d-820d-acbf65869930,02/12/2014,Dec-14,12,2014,ALEXANDRA,Minor Dam,134,9.31,70.3,52.46
07634864-8bdc-4eaf-8962-be4c6281a3cb,03/12/2014,Dec-14,12,2014,ALEXANDRA,Minor Dam,134,9.28,69.7,52.01
2ffc5986-395b-45ac-a183-00e53d8e0c8a,04/12/2014,Dec-14,12,2014,ALEXANDRA,Minor Dam,134,9.27,69.5,51.87
aac2c516-c9e5-4ab1-b403-09a509bda6c8,05/12/2014,Dec-14,12,2014,ALEXANDRA,Minor Dam,134,9.25,69.1,51.57
93eb0b7c-bc7d-4265-bedd-024e0024ff52,06/12/2014,Dec-14,12,2014,ALEXANDRA,Minor Dam,134,9.22,68.5,51.12
620e1b66-1bb4-4f38-bd21-05a150a7fba8,07/12/2014,Dec-14,12,2014,ALEXANDRA,Minor Dam,134,9.2,68.1,50.82
2d5f16ed-8c56-4490-9a14-8c718e9290bf,08/12/2014,Dec-14,12,2014,ALEXANDRA,Minor Dam,134,9.17,67.4,50.3
25e2eecb-a1ff-4157-a39d-14f4b4de6fec,09/12/2014,Dec-14,12,2014,ALEXANDRA,Minor Dam,134,9.14,66.8,49.85
d2c5328f-d3e0-4f8a-a793-a0ecbc1ea44a,10/12/2014,Dec-14,12,2014,ALEXANDRA,Minor Dam,134,9.11,66.2,49.4
4e6b27c8-3994-499d-8781-37babc656a50,11/12/2014,Dec-14,12,2014,ALEXANDRA,Minor Dam,134,9.11,66.2,49.4
5a5f8a12-5850-4d9f-aa12-ac3b1321bbf3,12/12/2014,Dec-14,12,2014,ALEXANDRA,Minor Dam,134,9.1,66,49.25
63f25e4f-427d-49e4-85c1-0d33ef54bf2b,13/12/2014,Dec-14,12,2014,ALEXANDRA,Minor Dam,134,9.01,64.1,47.84
be64df4d-d581-4d08-b588-1e2649a574df,14/12/2014,Dec-14,12,2014,ALEXANDRA,Minor Dam,134,8.99,63.7,47.54
47f0a466-3104-43c3-bce3-0794331ac356,15/12/2014,Dec-14,12,2014,ALEXANDRA,Minor Dam,134,8.96,63.2,47.16
dbd4b8f6-3cd9-4b90-8929-fd828daa143f,16/12/2014,Dec-14,12,2014,ALEXANDRA,Minor Dam,134,8.93,62.7,46.79
4e8020d5-760d-4bec-ac0d-5d1f1cfa6c30,17/12/2014,Dec-14,12,2014,ALEXANDRA,Minor Dam,134,8.9,62.2,46.42
a4c9ce2b-6606-4386-aaf8-a34dfe0081fb,18/12/2014,Dec-14,12,2014,ALEXANDRA,Minor Dam,134,8.88,61.9,46.19
0173fd1c-9f52-4dbd-93a1-96207f5a4b1f,19/12/2014,Dec-14,12,2014,ALEXANDRA,Minor Dam,134,8.86,61.5,45.9
a10a9c63-10ae-41d6-b982-ae4008a4dc49,20/12/2014,Dec-14,12,2014,ALEXANDRA,Minor Dam,134,8.84,61.2,45.67
cba34365-af08-4188-86c2-980d047c04b2,21/12/2014,Dec-14,12,2014,ALEXANDRA,Minor Dam,134,8.81,60.7,45.3
a625980e-663a-4aac-b32c-979123010c09,22/12/2014,Dec-14,12,2014,ALEXANDRA,Minor Dam,134,8.78,60.2,44.93
584534d9-cd7a-49b6-8a3d-36fdb2bdafbf,23/12/2014,Dec-14,12,2014,ALEXANDRA,Minor Dam,134,8.76,59.8,44.63
80b64bfc-24ca-4fdf-ab34-93a0bd8afb82,24/12/2014,Dec-14,12,2014,ALEXANDRA,Minor Dam,134,8.73,59.3,44.25
f5dc95c6-5b05-42b6-9cd7-3428a16789ad,25/12/2014,Dec-14,12,2014,ALEXANDRA,Minor Dam,134,8.71,59,44.03
aeeb0e52-2d98-40bc-9b9b-329b4336aeef,26/12/2014,Dec-14,12,2014,ALEXANDRA,Minor Dam,134,8.72,59.1,44.1
1d3b9268-0c40-4b79-96e8-2ee4541f1eaa,27/12/2014,Dec-14,12,2014,ALEXANDRA,Minor Dam,134,8.73,59.3,44.25
749847a0-9faa-482d-9a85-00f273015d71,28/12/2014,Dec-14,12,2014,ALEXANDRA,Minor Dam,134,8.7,58.8,43.88
28feaf75-a3f2-409d-94fc-2113e1f8a3f5,29/12/2014,Dec-14,12,2014,ALEXANDRA,Minor Dam,134,8.69,58.6,43.73
49fa962a-efcb-4e47-a6e5-89843a0e99f4,30/12/2014,Dec-14,12,2014,ALEXANDRA,Minor Dam,134,8.66,58.1,43.36
8b24e8cd-7f17-43be-b8bf-853636bcc24e,31/12/2014,Dec-14,12,2014,ALEXANDRA,Minor Dam,134,8.64,57.8,43.13
7ce1c35f-1341-4d00-8a4d-2ddb4daea7df,01/01/2015,Jan-15,1,2015,ALEXANDRA,Minor Dam,134,8.57,56.6,42.24
bc1f0b6b-7ba9-490c-a185-80d6a7fbc10c,02/01/2015,Jan-15,1,2015,ALEXANDRA,Minor Dam,134,8.57,56.6,42.24
0ed47977-4c98-42bc-b067-e10bc98cef71,03/01/2015,Jan-15,1,2015,ALEXANDRA,Minor Dam,134,8.55,56.2,41.94
55d1906a-5aea-4802-9c5b-40fc4a625276,04/01/2015,Jan-15,1,2015,ALEXANDRA,Minor Dam,134,8.55,56.2,41.94
b8b07b9d-e38b-4498-95da-ff9ac56a5c95,05/01/2015,Jan-15,1,2015,ALEXANDRA,Minor Dam,134,8.53,55.9,41.72
a9f40485-b284-4b3c-ac6c-7ac0d07cbac3,06/01/2015,Jan-15,1,2015,ALEXANDRA,Minor Dam,134,8.53,55.9,41.72
d66ead52-1635-42ea-9851-55537967ddd6,07/01/2015,Jan-15,1,2015,ALEXANDRA,Minor Dam,134,8.55,56.2,41.94
50da351d-6113-4c22-90e0-6d2d8d529c15,08/01/2015,Jan-15,1,2015,ALEXANDRA,Minor Dam,134,8.55,56.2,41.94
cb35b86d-a93f-467c-ab2c-57b094c1957f,09/01/2015,Jan-15,1,2015,ALEXANDRA,Minor Dam,134,8.53,55.9,41.72
9072c922-fe9e-4ae8-ae5f-78e06b4c311a,10/01/2015,Jan-15,1,2015,ALEXANDRA,Minor Dam,134,8.5,55.4,41.34
562d174d-0059-40aa-90fe-3b0adfeeea9a,11/01/2015,Jan-15,1,2015,ALEXANDRA,Minor Dam,134,8.48,55,41.04
8813f963-2696-4e12-b321-64c92fd50d00,12/01/2015,Jan-15,1,2015,ALEXANDRA,Minor Dam,134,8.45,54.5,40.67
e546688d-2f33-4714-8cd0-044bdffe333b,13/01/2015,Jan-15,1,2015,ALEXANDRA,Minor Dam,134,8.43,54.2,40.45
d5433b38-16b9-4b1a-83dc-097d1d70958f,14/01/2015,Jan-15,1,2015,ALEXANDRA,Minor Dam,134,8.41,53.9,40.22
e86d2ac8-b784-48fd-8ea8-7be3f50b8d12,15/01/2015,Jan-15,1,2015,ALEXANDRA,Minor Dam,134,8.39,53.5,39.93
c15287e7-f6c9-4b87-92d6-86466ffdfcf7,16/01/2015,Jan-15,1,2015,ALEXANDRA,Minor Dam,134,8.37,53.2,39.7
de8bb276-5aea-4554-b9ab-83ad39a90edf,17/01/2015,Jan-15,1,2015,ALEXANDRA,Minor Dam,134,8.41,53.9,40.22
b277fa41-392c-4aab-a7a7-569b34decc73,18/01/2015,Jan-15,1,2015,ALEXANDRA,Minor Dam,134,7.38,38.5,28.73
8efb71b4-73bc-4c1c-ba24-164182e1f8bd,19/01/2015,Jan-15,1,2015,ALEXANDRA,Minor Dam,134,8.35,52.8,39.4
e7d130c9-e142-4e7c-8b8a-4a15b186ca39,20/01/2015,Jan-15,1,2015,ALEXANDRA,Minor Dam,134,8.33,52.5,39.18
86dcb7ea-71cd-4548-82f1-9f227afd6329,21/01/2015,Jan-15,1,2015,ALEXANDRA,Minor Dam,134,8.31,52.1,38.88
092b70a3-4dbe-4686-8aae-cff6fbc4a944,22/01/2015,Jan-15,1,2015,ALEXANDRA,Minor Dam,134,8.29,51.8,38.66
daee849f-350f-4539-9a93-8bc9271b9ea0,23/01/2015,Jan-15,1,2015,ALEXANDRA,Minor Dam,134,8.27,51.5,38.43
9f74555e-189f-4f5f-aa8a-20c2c5040dfa,24/01/2015,Jan-15,1,2015,ALEXANDRA,Minor Dam,134,8.24,51,38.06
04ea460c-712a-46e6-a3eb-52b2c5cf4506,25/01/2015,Jan-15,1,2015,ALEXANDRA,Minor Dam,134,8.22,50.6,37.76
21754635-68b7-4b38-8e0b-9f2f14c3d461,26/01/2015,Jan-15,1,2015,ALEXANDRA,Minor Dam,134,8.19,50.1,37.39
89861586-330a-4388-ab2c-e0961e4369f3,27/01/2015,Jan-15,1,2015,ALEXANDRA,Minor Dam,134,8.18,49.9,37.24
a865caa8-6506-4967-b84d-dffbad1541eb,28/01/2015,Jan-15,1,2015,ALEXANDRA,Minor Dam,134,8.18,49.9,37.24
f74d4aeb-eee6-4f09-b205-e2596e29d2a8,29/01/2015,Jan-15,1,2015,ALEXANDRA,Minor Dam,134,8.14,49.3,36.79
a67bc595-8d56-4171-a890-68c6138cfba8,30/01/2015,Jan-15,1,2015,ALEXANDRA,Minor Dam,134,8.12,48.9,36.49
5dc4afdb-74bc-402f-8e18-99063e76c114,31/01/2015,Jan-15,1,2015,ALEXANDRA,Minor Dam,134,8.08,48.2,35.97
b29e3568-8ebd-4b75-b375-be45bcad5208,01/02/2015,Feb-15,2,2015,ALEXANDRA,Minor Dam,134,8.09,48.4,36.12
d7e8d052-8b4f-4a83-86f1-751e1aebc607,02/02/2015,Feb-15,2,2015,ALEXANDRA,Minor Dam,134,8.09,48.4,36.12
61dc7283-28ad-4275-91ae-f2b12b3b3e14,03/02/2015,Feb-15,2,2015,ALEXANDRA,Minor Dam,134,8.06,47.9,35.75
8c074eec-5fa3-4f39-b815-2ae59e371eae,04/02/2015,Feb-15,2,2015,ALEXANDRA,Minor Dam,134,8.03,47.4,35.37
9579b8b9-0d4c-47b2-8889-f47980012e14,05/02/2015,Feb-15,2,2015,ALEXANDRA,Minor Dam,134,8.01,47,35.07
ab275c79-a5a3-42b4-bf33-228aac50d9a4,06/02/2015,Feb-15,2,2015,ALEXANDRA,Minor Dam,134,7.99,46.7,34.85
442eaa29-31c1-41a9-8e68-2d767f94813a,07/02/2015,Feb-15,2,2015,ALEXANDRA,Minor Dam,134,7.97,46.5,34.7
ea00cd6b-917d-4a56-ad97-38ab5378c657,08/02/2015,Feb-15,2,2015,ALEXANDRA,Minor Dam,134,7.95,46.2,34.48
e9e3fdb8-16f7-4a22-bc95-36448fb3c487,09/02/2015,Feb-15,2,2015,ALEXANDRA,Minor Dam,134,7.94,46.1,34.4
3063c914-3374-47f6-8eaa-f6c722be87ec,10/02/2015,Feb-15,2,2015,ALEXANDRA,Minor Dam,134,7.91,45.7,34.1
6902ff35-c8b5-4f8d-8823-1f94daa50b1c,11/02/2015,Feb-15,2,2015,ALEXANDRA,Minor Dam,134,7.99,46.7,34.85
26674c9b-2ee5-4058-8d1c-c940d7257e0f,12/02/2015,Feb-15,2,2015,ALEXANDRA,Minor Dam,134,8.13,49.1,36.64
bcac06c7-c129-426d-b49b-74e803d568cb,13/02/2015,Feb-15,2,2015,ALEXANDRA,Minor Dam,134,8.23,50.8,37.91
28b2ada6-b943-4a14-95b3-456436a2ffaa,14/02/2015,Feb-15,2,2015,ALEXANDRA,Minor Dam,134,8.32,52.3,39.03
236f5b51-8de4-4c98-9129-171305e41e66,15/02/2015,Feb-15,2,2015,ALEXANDRA,Minor Dam,134,8.43,54.2,40.45
ba615ddc-27bb-4380-b2a8-efec58e120a3,16/02/2015,Feb-15,2,2015,ALEXANDRA,Minor Dam,134,8.52,55.7,41.57
a3be997b-e2a3-4419-baf9-1cd102bc0612,17/02/2015,Feb-15,2,2015,ALEXANDRA,Minor Dam,134,8.64,57.8,43.13
5f1c6fd2-ef4e-4e6a-abf4-4010ce03c0b9,18/02/2015,Feb-15,2,2015,ALEXANDRA,Minor Dam,134,8.72,59.1,44.1
9654e5f4-52e7-45fb-9745-b177cebb39df,19/02/2015,Feb-15,2,2015,ALEXANDRA,Minor Dam,134,8.83,61,45.52
afd9ec9d-3664-4042-aeaf-dd9c878cb185,20/02/2015,Feb-15,2,2015,ALEXANDRA,Minor Dam,134,8.9,62.2,46.42
2af4d3b1-8f15-4b27-93e6-170a299e2021,21/02/2015,Feb-15,2,2015,ALEXANDRA,Minor Dam,134,8.97,63.4,47.31
45581268-fb72-4cef-ba31-f5e58807cacd,22/02/2015,Feb-15,2,2015,ALEXANDRA,Minor Dam,134,9.06,65.1,48.58
fbb8d53b-c59d-4ed1-ab9f-7561fcf8a732,23/02/2015,Feb-15,2,2015,ALEXANDRA,Minor Dam,134,9.12,66.4,49.55
b279ec0f-3361-47d6-80d9-caac3b7675e1,24/02/2015,Feb-15,2,2015,ALEXANDRA,Minor Dam,134,9.19,67.8,50.6
7964a440-09a6-4a13-a3e4-7b8d6fa1417b,25/02/2015,Feb-15,2,2015,ALEXANDRA,Minor Dam,134,9.3,70.1,52.31
e0bea999-d459-4ba7-b3ce-e02902e6455d,26/02/2015,Feb-15,2,2015,ALEXANDRA,Minor Dam,134,9.41,72.4,54.03
53622f88-25d7-4f47-ad8f-58c33508d92b,27/02/2015,Feb-15,2,2015,ALEXANDRA,Minor Dam,134,9.51,74.5,55.6
3c72ce10-e689-4fca-a932-5e0650cef072,28/02/2015,Feb-15,2,2015,ALEXANDRA,Minor Dam,134,9.63,77,57.46
59691bcf-0f52-4907-9830-8cf31c5bf08a,01/03/2015,Mar-15,3,2015,ALEXANDRA,Minor Dam,134,9.68,78,58.21
fa55953b-c51b-4f91-aba5-8e6150501c82,02/03/2015,Mar-15,3,2015,ALEXANDRA,Minor Dam,134,9.73,79.1,59.03
db0c0468-99ae-43f6-b774-274188ec882d,03/03/2015,Mar-15,3,2015,ALEXANDRA,Minor Dam,134,9.53,74.9,55.9
82fe1dd1-0719-4744-8b36-123962509f11,04/03/2015,Mar-15,3,2015,ALEXANDRA,Minor Dam,134,9.34,71,52.99
96956ef4-0470-4a65-bc06-b4196e936e38,05/03/2015,Mar-15,3,2015,ALEXANDRA,Minor Dam,134,9.14,66.8,49.85
51ed24b6-dbf7-4e13-86eb-4e8ad37bcf43,06/03/2015,Mar-15,3,2015,ALEXANDRA,Minor Dam,134,8.89,62,46.27
3fc1317a-a557-4fbc-a185-78831d147aac,07/03/2015,Mar-15,3,2015,ALEXANDRA,Minor Dam,134,8.67,58.3,43.51
8c626ca9-a062-499e-b43a-81e79bd32606,08/03/2015,Mar-15,3,2015,ALEXANDRA,Minor Dam,134,8.45,54.5,40.67
be3ec762-f848-4e91-977d-07cd01daa4ec,09/03/2015,Mar-15,3,2015,ALEXANDRA,Minor Dam,134,8.28,51.6,38.51
32a7f2c5-591c-409b-a023-ff9dc46d46c3,10/03/2015,Mar-15,3,2015,ALEXANDRA,Minor Dam,134,7.96,46.3,34.55
2acda100-a36f-4577-9194-55af51ce39c5,11/03/2015,Mar-15,3,2015,ALEXANDRA,Minor Dam,134,7.7,42.8,31.94
6b073795-3a70-4b99-adb8-79b79249215a,12/03/2015,Mar-15,3,2015,ALEXANDRA,Minor Dam,134,7.43,39.2,29.25
539a3edd-b1fe-4ee3-b1ec-eda9d0be943c,13/03/2015,Mar-15,3,2015,ALEXANDRA,Minor Dam,134,7.18,35.9,26.79
253abdcc-36e1-42da-b8c6-971191f46f0e,14/03/2015,Mar-15,3,2015,ALEXANDRA,Minor Dam,134,6.88,32.2,24.03
71d378c8-1b73-4c27-9200-aaa03c85c4f8,15/03/2015,Mar-15,3,2015,ALEXANDRA,Minor Dam,134,7.3,37.5,27.99
003dcc8f-303a-468d-a950-b578338c100e,16/03/2015,Mar-15,3,2015,ALEXANDRA,Minor Dam,134,7.89,45.4,33.88
75b9801c-9660-467b-b0dc-76cfe48efa93,17/03/2015,Mar-15,3,2015,ALEXANDRA,Minor Dam,134,7.88,45.3,33.81
6145a19d-efc7-4a8d-beb6-cdf95e063d6c,18/03/2015,Mar-15,3,2015,ALEXANDRA,Minor Dam,134,7.93,45.9,34.25
4adf24ff-7b46-42fa-91a0-62d77b638c63,19/03/2015,Mar-15,3,2015,ALEXANDRA,Minor Dam,134,7.91,45.7,34.1
7041d4ee-34d5-4b1f-89cf-d06f36d8a37e,20/03/2015,Mar-15,3,2015,ALEXANDRA,Minor Dam,134,7.9,45.5,33.96
bba4f169-606c-4dfa-bbc2-ede948ee90ea,21/03/2015,Mar-15,3,2015,ALEXANDRA,Minor Dam,134,7.89,45.4,33.88
ee8b9158-fbee-4ad7-b132-8b0572085f84,22/03/2015,Mar-15,3,2015,ALEXANDRA,Minor Dam,134,7.87,45.1,33.66
4f7fe5d6-5fe2-4232-83f7-dff9bad15b68,23/03/2015,Mar-15,3,2015,ALEXANDRA,Minor Dam,134,7.84,44.7,33.36
a19c019f-5108-494e-8fec-625f81ae886b,24/03/2015,Mar-15,3,2015,ALEXANDRA,Minor Dam,134,7.82,44.5,33.21
aa51d1cb-b836-479b-aed9-316fec284b14,25/03/2015,Mar-15,3,2015,ALEXANDRA,Minor Dam,134,7.81,44.3,33.06
d695505e-180c-4f68-b26c-19824ff325cb,26/03/2015,Mar-15,3,2015,ALEXANDRA,Minor Dam,134,7.82,44.5,33.21
3b0bc808-73a1-4df2-ad46-1a00ea2ad476,27/03/2015,Mar-15,3,2015,ALEXANDRA,Minor Dam,134,7.82,44.5,33.21
37f9c15c-d8a4-4a85-93d2-c74e4c607a61,28/03/2015,Mar-15,3,2015,ALEXANDRA,Minor Dam,134,7.8,44.2,32.99
10499711-0c8a-4dee-b9a3-d1711b2aa9c1,29/03/2015,Mar-15,3,2015,ALEXANDRA,Minor Dam,134,7.79,44.1,32.91
536ee5bc-6862-4ff6-90fa-f5e7ccdb895a,30/03/2015,Mar-15,3,2015,ALEXANDRA,Minor Dam,134,7.78,43.9,32.76
55e43b40-d10a-4782-b59f-e140599b63c1,31/03/2015,Mar-15,3,2015,ALEXANDRA,Minor Dam,134,7.75,43.5,32.46
db11fb3a-7209-46ac-9459-914c6ac5413a,01/04/2015,Apr-15,4,2015,ALEXANDRA,Minor Dam,134,7.52,40.4,30.15
4b6a5a1e-3eaa-4a39-82a3-5b5dfcfffa84,02/04/2015,Apr-15,4,2015,ALEXANDRA,Minor Dam,134,7.27,37.1,27.69
85eef1cc-6cc9-42f5-9961-3cd09dad2a35,03/04/2015,Apr-15,4,2015,ALEXANDRA,Minor Dam,134,6.99,33.3,24.85
9a85fd59-c70f-4299-9a3f-a741b156687d,04/04/2015,Apr-15,4,2015,ALEXANDRA,Minor Dam,134,6.71,30.4,22.69
360fbf75-2e05-4adb-b42f-c9621859984f,05/04/2015,Apr-15,4,2015,ALEXANDRA,Minor Dam,134,6.59,29.1,21.72
92d36e36-0a6f-488b-9f78-0d3835df8027,06/04/2015,Apr-15,4,2015,ALEXANDRA,Minor Dam,134,6.15,24.5,18.28
df904937-10fe-45fe-b9a1-246ed83e6ba5,07/04/2015,Apr-15,4,2015,ALEXANDRA,Minor Dam,134,5.78,21.1,15.75
148bd8e4-a95e-4bf3-9b69-b08c138afda7,08/04/2015,Apr-15,4,2015,ALEXANDRA,Minor Dam,134,5.4,18.1,13.51
0a34876d-c657-47cf-99de-d03f1710f77e,09/04/2015,Apr-15,4,2015,ALEXANDRA,Minor Dam,134,5.03,15.1,11.27
21bf36bf-c4dc-4606-a917-90561928e8b7,10/04/2015,Apr-15,4,2015,ALEXANDRA,Minor Dam,134,4.66,12.7,9.48
ba2d5bfe-e521-47fb-bef0-c81234e0a515,11/04/2015,Apr-15,4,2015,ALEXANDRA,Minor Dam,134,4.21,9.9,7.39
192ad090-bfbe-472d-acaa-344323fc5e4c,12/04/2015,Apr-15,4,2015,ALEXANDRA,Minor Dam,134,4.21,9.9,7.39
b8d7d1ee-98d4-4242-921d-b2eef8b88469,13/04/2015,Apr-15,4,2015,ALEXANDRA,Minor Dam,134,4.21,9.9,7.39
2eb7ecd8-1b84-41e4-a9df-41a77b0e361f,14/04/2015,Apr-15,4,2015,ALEXANDRA,Minor Dam,134,4.21,9.9,7.39
d487a837-8229-4f38-8de3-3f7dcc77ad36,15/04/2015,Apr-15,4,2015,ALEXANDRA,Minor Dam,134,4.21,9.9,7.39
25b54928-3446-4f9c-99de-d17742cb9a72,16/04/2015,Apr-15,4,2015,ALEXANDRA,Minor Dam,134,4.21,9.9,7.39
c3cc9335-95e7-4354-b2ef-6e2720d9bfd7,17/04/2015,Apr-15,4,2015,ALEXANDRA,Minor Dam,134,4.21,9.9,7.39
27726ab1-0a08-4a25-92e0-6950ee23578a,18/04/2015,Apr-15,4,2015,ALEXANDRA,Minor Dam,134,4.21,9.9,7.39
e8e87350-50c4-44e2-ba7a-2cfd7743dd23,19/04/2015,Apr-15,4,2015,ALEXANDRA,Minor Dam,134,4.21,9.9,7.39
8678f63f-d1bb-4222-bc95-ffac6d8b00fa,20/04/2015,Apr-15,4,2015,ALEXANDRA,Minor Dam,134,4.19,9.8,7.31
ade10a6e-264a-443c-8551-75d5dfa3baa3,21/04/2015,Apr-15,4,2015,ALEXANDRA,Minor Dam,134,4.19,9.8,7.31
ef4eff45-b54f-4eb2-a058-9be2f42913cd,22/04/2015,Apr-15,4,2015,ALEXANDRA,Minor Dam,134,4.19,9.8,7.31
b535c2d7-1661-44df-b8ef-f73f7487e57d,23/04/2015,Apr-15,4,2015,ALEXANDRA,Minor Dam,134,3.76,7.5,5.6
8191b9d8-b1e4-4a0a-8386-d4b227ce7b45,24/04/2015,Apr-15,4,2015,ALEXANDRA,Minor Dam,134,3.26,5.1,3.81
2c5f1796-c897-4069-9ba3-61751a2bd2f7,25/04/2015,Apr-15,4,2015,ALEXANDRA,Minor Dam,134,2.61,2.7,2.01
14161032-e677-45fd-99c9-15687375158a,26/04/2015,Apr-15,4,2015,ALEXANDRA,Minor Dam,134,0,0,0
a3f9b332-1b99-4c1e-9ab5-9f7a4f3d6416,27/04/2015,Apr-15,4,2015,ALEXANDRA,Minor Dam,134,0,0,0
a8392116-e95b-49b5-95c9-27ce784edcff,28/04/2015,Apr-15,4,2015,ALEXANDRA,Minor Dam,134,0,0,0
bd8eb5e1-177b-4033-9cb3-1553a6fcd69f,29/04/2015,Apr-15,4,2015,ALEXANDRA,Minor Dam,134,0,0,0
6b6a830a-2bce-4810-886a-d8f9e8c946f4,30/04/2015,Apr-15,4,2015,ALEXANDRA,Minor Dam,134,0,0,0
2de4890d-639e-4602-bd31-2b950c068692,01/05/2015,May-15,5,2015,ALEXANDRA,Minor Dam,134,0,0,0
378757e1-a858-4b9e-a3a4-91f715163ccb,02/05/2015,May-15,5,2015,ALEXANDRA,Minor Dam,134,0,0,0
2b25c92a-180c-4a08-b840-0f0872c5e510,03/05/2015,May-15,5,2015,ALEXANDRA,Minor Dam,134,0,0,0
3ea0c512-5d0f-439a-aee7-77361016a874,04/05/2015,May-15,5,2015,ALEXANDRA,Minor Dam,134,0,0,0
b51add46-80af-4d2f-8c0c-196d18754e69,05/05/2015,May-15,5,2015,ALEXANDRA,Minor Dam,134,0,0,0
7f02d93e-f748-44d9-8208-7317f5b4b787,06/05/2015,May-15,5,2015,ALEXANDRA,Minor Dam,134,0,0,0
be36b5dd-e367-4f09-81ba-7284c312927f,07/05/2015,May-15,5,2015,ALEXANDRA,Minor Dam,134,0,0,0
9f589bd0-fb31-4892-b01e-4abc6e3cee98,08/05/2015,May-15,5,2015,ALEXANDRA,Minor Dam,134,0,0,0
dc43cbb7-ab95-4d6b-ace8-fbf0a1f654e5,09/05/2015,May-15,5,2015,ALEXANDRA,Minor Dam,134,0,0,0
c4210cfc-8535-4b6b-b8ce-6828d825b0e3,10/05/2015,May-15,5,2015,ALEXANDRA,Minor Dam,134,0,0,0
5b2a1f19-1b1b-4760-83de-8a499a5b93b7,11/05/2015,May-15,5,2015,ALEXANDRA,Minor Dam,134,0,0,0
61a0f96c-bc55-4054-b726-057190d860b8,12/05/2015,May-15,5,2015,ALEXANDRA,Minor Dam,134,0,0,0
fa32198d-7167-401e-b742-45e9be33206c,13/05/2015,May-15,5,2015,ALEXANDRA,Minor Dam,134,0,0,0
c47e9e55-931d-4dc2-9a76-81b11f4bb0e9,14/05/2015,May-15,5,2015,ALEXANDRA,Minor Dam,134,0,0,0
fcf544a3-333b-4c97-8bdd-2f75fcf40de3,15/05/2015,May-15,5,2015,ALEXANDRA,Minor Dam,134,0,0,0
c4d15295-c219-493d-b0cc-cd43e94464d9,16/05/2015,May-15,5,2015,ALEXANDRA,Minor Dam,134,0,0,0
f0842448-b029-4747-ba22-6953f4368904,17/05/2015,May-15,5,2015,ALEXANDRA,Minor Dam,134,0,0,0
29ef6890-aad5-42fc-90c1-2b21b17ebae0,18/05/2015,May-15,5,2015,ALEXANDRA,Minor Dam,134,0,0,0
5f23158b-eee5-437c-839f-feb35d86cc4a,19/05/2015,May-15,5,2015,ALEXANDRA,Minor Dam,134,0,0,0
6919ea7a-f780-42cd-b325-4ba54208770d,20/05/2015,May-15,5,2015,ALEXANDRA,Minor Dam,134,0,0,0
6140b43b-7119-4a99-a997-a0b44ecd505b,21/05/2015,May-15,5,2015,ALEXANDRA,Minor Dam,134,0,0,0
e2ac550e-9f5c-44c3-aa2a-539d897bc85e,22/05/2015,May-15,5,2015,ALEXANDRA,Minor Dam,134,0,0,0
1ac0f48e-ed52-413b-b2b5-b9625d33b36e,23/05/2015,May-15,5,2015,ALEXANDRA,Minor Dam,134,0,0,0
ba7be41a-6c61-45da-9b54-4a8034a5ba43,24/05/2015,May-15,5,2015,ALEXANDRA,Minor Dam,134,0,0,0
89526c37-a190-4a8d-b430-25e753b35014,25/05/2015,May-15,5,2015,ALEXANDRA,Minor Dam,134,0,0,0
89ae46ec-a7ab-4912-af83-ba618bac4128,26/05/2015,May-15,5,2015,ALEXANDRA,Minor Dam,134,0,0,0
c1e4e41e-80c1-4fce-a067-6966cd4d4a87,27/05/2015,May-15,5,2015,ALEXANDRA,Minor Dam,134,0,0,0
34a56292-0e54-4576-b709-7bdaf153b0ff,28/05/2015,May-15,5,2015,ALEXANDRA,Minor Dam,134,0,0,0
de524bf3-1124-415c-afca-d54345944fbf,29/05/2015,May-15,5,2015,ALEXANDRA,Minor Dam,134,0,0,0
372b1dea-9f1e-4c11-8e8d-f0595ca02236,30/05/2015,May-15,5,2015,ALEXANDRA,Minor Dam,134,2.9,3.6,2.69
443d2605-4cdc-47af-bdd7-3afabcc44cf1,31/05/2015,May-15,5,2015,ALEXANDRA,Minor Dam,134,2.9,3.6,2.69
da7b24af-37fa-4093-9940-daca10cbf544,01/06/2015,Jun-15,6,2015,ALEXANDRA,Minor Dam,134,3.2,4.8,3.58
b97ffbd4-a3b1-4dac-8da0-fe2a89360781,02/06/2015,Jun-15,6,2015,ALEXANDRA,Minor Dam,134,3.28,5.2,3.88
607a8dbd-2c44-4504-93d4-fdb28b9517e4,03/06/2015,Jun-15,6,2015,ALEXANDRA,Minor Dam,134,3.38,5.7,4.25
7157c6f9-6257-4f45-bb24-99d61e6e628d,04/06/2015,Jun-15,6,2015,ALEXANDRA,Minor Dam,134,3.76,7.5,5.6
c9b9c56f-eb55-4e67-8b18-66f6edb65901,05/06/2015,Jun-15,6,2015,ALEXANDRA,Minor Dam,134,3.18,4.7,3.51
078086d5-953d-49c7-ace3-df6e6dc3a3c1,06/06/2015,Jun-15,6,2015,ALEXANDRA,Minor Dam,134,4.84,13.9,10.37
2b6b51d2-432d-42f9-9fa2-b4756ef6d7ad,07/06/2015,Jun-15,6,2015,ALEXANDRA,Minor Dam,134,4.81,13.7,10.22
a89387f8-9202-4c80-8e54-b197bff3b012,08/06/2015,Jun-15,6,2015,ALEXANDRA,Minor Dam,134,4.81,13.7,10.22
bef641e0-623d-41e2-bc22-f73810671d08,09/06/2015,Jun-15,6,2015,ALEXANDRA,Minor Dam,134,4.95,14.5,10.82
9b5191d5-2d8f-4d7f-8395-c0d3bbc7af20,10/06/2015,Jun-15,6,2015,ALEXANDRA,Minor Dam,134,4.95,14.5,10.82
7d611f09-a376-40d9-af79-612987ec510a,11/06/2015,Jun-15,6,2015,ALEXANDRA,Minor Dam,134,4.95,14.5,10.82
8eab1bf4-d126-4aba-9b5d-75dfd3ed28f7,12/06/2015,Jun-15,6,2015,ALEXANDRA,Minor Dam,134,5.01,14.9,11.12
85939764-fa2b-43a6-ba1b-f6d48b235d74,13/06/2015,Jun-15,6,2015,ALEXANDRA,Minor Dam,134,5.04,15.2,11.34
e22289ec-c12e-473d-b4cf-61b796bd00bd,14/06/2015,Jun-15,6,2015,ALEXANDRA,Minor Dam,134,5.04,15.2,11.34
888fcdae-b8ba-4c9c-bd7d-c79c8f61bdc0,15/06/2015,Jun-15,6,2015,ALEXANDRA,Minor Dam,134,5.04,15.2,11.34
74097aa3-3339-4bf4-914b-d4cb1142bd5a,16/06/2015,Jun-15,6,2015,ALEXANDRA,Minor Dam,134,5.08,15.5,11.57
4e85ad96-9a64-4ec1-9a0c-aec2f654348c,17/06/2015,Jun-15,6,2015,ALEXANDRA,Minor Dam,134,5.15,16.1,12.01
5053c007-f467-48e0-8180-2ce16b8a540b,18/06/2015,Jun-15,6,2015,ALEXANDRA,Minor Dam,134,5.6,19.7,14.7
4c3122fc-4453-4059-a221-0dc86dec9472,19/06/2015,Jun-15,6,2015,ALEXANDRA,Minor Dam,134,5.67,20.3,15.15
2a6e75eb-0d44-4ea5-924d-50ea09689d80,20/06/2015,Jun-15,6,2015,ALEXANDRA,Minor Dam,134,5.7,20.5,15.3
0faa5a5a-74dd-44e5-8f39-d2dc5a6d9dfc,21/06/2015,Jun-15,6,2015,ALEXANDRA,Minor Dam,134,5.7,20.5,15.3
a67d5bb7-4b1c-4d4d-ab31-abd1aa8836e3,22/06/2015,Jun-15,6,2015,ALEXANDRA,Minor Dam,134,5.71,20.6,15.37
44db05df-593b-41b4-b625-a7a3ce5632fc,23/06/2015,Jun-15,6,2015,ALEXANDRA,Minor Dam,134,5.73,20.7,15.45
d56361a1-0f15-4a71-9ec8-49e90894cfe5,24/06/2015,Jun-15,6,2015,ALEXANDRA,Minor Dam,134,5.73,20.7,15.45
b88e58ac-f1d2-41e5-abc0-201fc1a57a1f,25/06/2015,Jun-15,6,2015,ALEXANDRA,Minor Dam,134,5.83,21.5,16.04
d9486502-035b-4b36-864b-309fc8ee79f7,26/06/2015,Jun-15,6,2015,ALEXANDRA,Minor Dam,134,6.08,23.8,17.76
e283203a-b660-4153-b20f-53db7cf66fd0,27/06/2015,Jun-15,6,2015,ALEXANDRA,Minor Dam,134,6.13,24.3,18.13
616e834c-2c62-4642-acfd-7c5ed1e5d22e,28/06/2015,Jun-15,6,2015,ALEXANDRA,Minor Dam,134,6.16,24.6,18.36
d3991f34-9a33-4e47-93e4-2dadaf54a721,29/06/2015,Jun-15,6,2015,ALEXANDRA,Minor Dam,134,6.18,24.8,18.51
f1c2db8d-386b-46f3-8c9b-db400f65e614,30/06/2015,Jun-15,6,2015,ALEXANDRA,Minor Dam,134,6.31,26.2,19.55
cc816424-e14c-4ec2-a9f8-c675c399807f,01/07/2015,Jul-15,7,2015,ALEXANDRA,Minor Dam,134,6.35,26.6,19.85
f08e7fff-bf54-4ad3-8fa2-791f2d3b45a3,02/07/2015,Jul-15,7,2015,ALEXANDRA,Minor Dam,134,6.39,27,20.15
9b14af55-f23e-42bb-9a4b-f57bdd22b8ce,03/07/2015,Jul-15,7,2015,ALEXANDRA,Minor Dam,134,6.41,27.2,20.3
2548673b-afb8-4fb2-b4a3-4d282f7ccecd,04/07/2015,Jul-15,7,2015,ALEXANDRA,Minor Dam,134,6.41,27.2,20.3
81adae2e-1790-46af-9939-c3ad9ce23837,05/07/2015,Jul-15,7,2015,ALEXANDRA,Minor Dam,134,6.42,27.3,20.37
1d27f2ca-32dc-447a-942e-d46a0b80a16e,06/07/2015,Jul-15,7,2015,ALEXANDRA,Minor Dam,134,6.42,27.3,20.37
f426196f-ef60-4f14-ae0d-88a0872551cf,07/07/2015,Jul-15,7,2015,ALEXANDRA,Minor Dam,134,6.43,27.4,20.45
55118d30-3e1c-4f19-b6b8-94d1d84949ca,08/07/2015,Jul-15,7,2015,ALEXANDRA,Minor Dam,134,6.43,27.4,20.45
6f54e717-f39c-4129-827d-666b9e9543b9,09/07/2015,Jul-15,7,2015,ALEXANDRA,Minor Dam,134,6.43,27.4,20.45
0464fc69-23b3-4aa0-91ac-86065d303ab1,10/07/2015,Jul-15,7,2015,ALEXANDRA,Minor Dam,134,6.43,27.4,20.45
5b823b89-211e-4268-84dd-49157336fc89,11/07/2015,Jul-15,7,2015,ALEXANDRA,Minor Dam,134,6.43,27.4,20.45
566771ee-e2b0-4e3b-98c3-4ebfb6d8939b,12/07/2015,Jul-15,7,2015,ALEXANDRA,Minor Dam,134,6.41,27.2,20.3
0d343288-f189-4ff1-9695-a3214bb86c21,13/07/2015,Jul-15,7,2015,ALEXANDRA,Minor Dam,134,6.46,27.8,20.75
7ef4721c-5d19-4839-aa55-6592651f7089,14/07/2015,Jul-15,7,2015,ALEXANDRA,Minor Dam,134,6.46,27.8,20.75
322f84f6-3376-4fcb-9767-42ac18ecea4e,15/07/2015,Jul-15,7,2015,ALEXANDRA,Minor Dam,134,6.46,27.8,20.75
d96a06ee-ec0e-4647-b683-a95cd9c14257,16/07/2015,Jul-15,7,2015,ALEXANDRA,Minor Dam,134,6.45,27.6,20.6
e900354d-6c37-4a13-a69a-96dacbda860b,17/07/2015,Jul-15,7,2015,ALEXANDRA,Minor Dam,134,6.45,27.6,20.6
4485e1b7-f18a-4106-9a32-3a29f4fa7350,18/07/2015,Jul-15,7,2015,ALEXANDRA,Minor Dam,134,6.47,27.9,20.82
95525e81-6769-47af-8e80-08bd247e22a9,19/07/2015,Jul-15,7,2015,ALEXANDRA,Minor Dam,134,7.03,33.8,25.22
1a400c92-5aad-46b2-a8ee-6d92864a8dc6,20/07/2015,Jul-15,7,2015,ALEXANDRA,Minor Dam,134,7.05,34.1,25.45
b1320b25-11f6-447c-b1ac-87f3680d3aee,21/07/2015,Jul-15,7,2015,ALEXANDRA,Minor Dam,134,7.08,34.5,25.75
6f183538-8a99-4224-ba10-d530b2965c25,22/07/2015,Jul-15,7,2015,ALEXANDRA,Minor Dam,134,7.09,34.6,25.82
d51d5bb1-1d85-4f55-97f0-e918265144cd,23/07/2015,Jul-15,7,2015,ALEXANDRA,Minor Dam,134,7.09,34.6,25.82
30ab9d01-df4b-4941-8942-70c2deae6827,24/07/2015,Jul-15,7,2015,ALEXANDRA,Minor Dam,134,7.13,35.2,26.27
ebbaacd7-fe65-4dfc-9689-f074a0b240bc,25/07/2015,Jul-15,7,2015,ALEXANDRA,Minor Dam,134,7.5,40.2,30
3e309f5e-dbc1-453d-8162-e2c0f3067858,26/07/2015,Jul-15,7,2015,ALEXANDRA,Minor Dam,134,7.58,41.2,30.75
0b155ebd-a802-495b-a5e0-312cf580bce2,27/07/2015,Jul-15,7,2015,ALEXANDRA,Minor Dam,134,7.6,41.5,30.97
bd409f59-dce4-489a-9f06-5f0c27c4d92a,28/07/2015,Jul-15,7,2015,ALEXANDRA,Minor Dam,134,7.62,41.8,31.19
73fbbff2-822a-4d4a-a64a-d0b4a7d7bb8e,29/07/2015,Jul-15,7,2015,ALEXANDRA,Minor Dam,134,7.62,41.8,31.19
c0d2a5d3-d076-4c8c-887d-92adb78b12c6,30/07/2015,Jul-15,7,2015,ALEXANDRA,Minor Dam,134,7.61,41.6,31.04
a4fce8e3-2c02-4f85-a001-fe14b5426aeb,31/07/2015,Jul-15,7,2015,ALEXANDRA,Minor Dam,134,7.77,43.8,32.69
cf4cfeb9-998b-4390-90e1-a397b27dfac8,01/08/2015,Aug-15,8,2015,ALEXANDRA,Minor Dam,134,7.81,44.3,33.06
b239dc38-6a26-4c04-ad45-6ed103546cd5,02/08/2015,Aug-15,8,2015,ALEXANDRA,Minor Dam,134,7.84,44.7,33.36
e7c5be07-bde7-4f42-bfe3-f2f5f981fa11,03/08/2015,Aug-15,8,2015,ALEXANDRA,Minor Dam,134,7.84,44.7,33.36
25b753d0-0cef-4fb6-a4a2-1e4daa8e185e,04/08/2015,Aug-15,8,2015,ALEXANDRA,Minor Dam,134,7.82,44.5,33.21
7664aa39-d424-4273-a8b8-fca29ebd3ade,05/08/2015,Aug-15,8,2015,ALEXANDRA,Minor Dam,134,7.82,44.5,33.21
208294a3-923d-4962-bfaa-4e672f4d64a5,06/08/2015,Aug-15,8,2015,ALEXANDRA,Minor Dam,134,7.86,45,33.58
2b4bcb56-f579-488c-8cee-ad1d26ec7fa9,07/08/2015,Aug-15,8,2015,ALEXANDRA,Minor Dam,134,7.88,45.3,33.81
5794d4f0-0026-4f4a-bf08-f85ba98a46da,08/08/2015,Aug-15,8,2015,ALEXANDRA,Minor Dam,134,7.86,45,33.58
29739fa5-763b-4f5e-8e3a-e5003ab74db5,09/08/2015,Aug-15,8,2015,ALEXANDRA,Minor Dam,134,7.86,45,33.58
26a50b60-9f04-400e-99cd-6e9a05a3084e,10/08/2015,Aug-15,8,2015,ALEXANDRA,Minor Dam,134,7.83,44.6,33.28
6f3c7fd1-0d03-4d41-9cb6-eb9a83ef7348,11/08/2015,Aug-15,8,2015,ALEXANDRA,Minor Dam,134,7.81,44.3,33.06
f609f978-f59a-4175-a1c0-cc03ec3ddcec,12/08/2015,Aug-15,8,2015,ALEXANDRA,Minor Dam,134,7.81,44.3,33.06
c73bafda-d2de-4987-ae00-6b7357813516,13/08/2015,Aug-15,8,2015,ALEXANDRA,Minor Dam,134,7.81,44.3,33.06
8762d3eb-99c8-43b9-9b17-865a9c9ef268,14/08/2015,Aug-15,8,2015,ALEXANDRA,Minor Dam,134,7.82,44.5,33.21
998e4396-3a9f-4493-934e-cc0556c68ee0,15/08/2015,Aug-15,8,2015,ALEXANDRA,Minor Dam,134,7.88,45.3,33.81
93bd5d97-e8f1-402b-bfde-9d3416c49908,16/08/2015,Aug-15,8,2015,ALEXANDRA,Minor Dam,134,7.9,45.5,33.96
6342d46b-3e50-451d-88f1-e41e757d322d,17/08/2015,Aug-15,8,2015,ALEXANDRA,Minor Dam,134,8.04,47.6,35.52
85ae0c4c-a58b-4a9c-88b4-517e71499ccc,18/08/2015,Aug-15,8,2015,ALEXANDRA,Minor Dam,134,8.11,48.7,36.34
d9852722-84f8-4433-bd70-c4f088b29712,19/08/2015,Aug-15,8,2015,ALEXANDRA,Minor Dam,134,8.11,48.7,36.34
36007b18-f1f5-4529-981a-dde006aa080a,20/08/2015,Aug-15,8,2015,ALEXANDRA,Minor Dam,134,8.1,48.6,36.27
e12c6024-fdad-4cf6-87cf-bd799aa2534c,21/08/2015,Aug-15,8,2015,ALEXANDRA,Minor Dam,134,8.1,48.6,36.27
30d12f39-0b99-4d23-b988-8b690e3a0d67,22/08/2015,Aug-15,8,2015,ALEXANDRA,Minor Dam,134,8.09,48.4,36.12
d2aa8181-ada5-4745-8d1a-b6a3248a1102,23/08/2015,Aug-15,8,2015,ALEXANDRA,Minor Dam,134,8.09,48.4,36.12
3146e0df-95d8-45c2-9fd1-b669c32f1b91,24/08/2015,Aug-15,8,2015,ALEXANDRA,Minor Dam,134,8.07,48.1,35.9
63f95f49-cd04-4030-a03b-740f9502124c,25/08/2015,Aug-15,8,2015,ALEXANDRA,Minor Dam,134,8.05,47.7,35.6
03d73dd0-b03a-4f9e-857d-a6f70a5dbfb7,26/08/2015,Aug-15,8,2015,ALEXANDRA,Minor Dam,134,8.07,48.1,35.9
9fe11838-6750-4987-a7f2-248e6bf96900,27/08/2015,Aug-15,8,2015,ALEXANDRA,Minor Dam,134,8.03,47.4,35.37
9004aa58-c006-4b89-8cb1-9caff0393cb4,28/08/2015,Aug-15,8,2015,ALEXANDRA,Minor Dam,134,8.01,47,35.07
24f888fc-9174-42cf-bc0f-5d3f1594eb3d,29/08/2015,Aug-15,8,2015,ALEXANDRA,Minor Dam,134,8.01,47,35.07
a3e8c8ce-e09d-4099-a2a4-eff430109f96,30/08/2015,Aug-15,8,2015,ALEXANDRA,Minor Dam,134,8,46.9,35
9508d086-8b8b-4e54-8806-c1809b739a85,31/08/2015,Aug-15,8,2015,ALEXANDRA,Minor Dam,134,8,46.9,35
b012869d-4064-4e43-bebf-7aad92e48d0f,01/09/2015,Sep-15,9,2015,ALEXANDRA,Minor Dam,134,8.04,47.6,35.52
f14afc86-a8ab-4c67-9d94-09601a24788c,02/09/2015,Sep-15,9,2015,ALEXANDRA,Minor Dam,134,8.07,48.1,35.9
f84e682f-586d-4a82-a5d9-4cd8767291c7,03/09/2015,Sep-15,9,2015,ALEXANDRA,Minor Dam,134,7.98,46.6,34.78
2a0f8165-fa5f-4e2a-86a5-61180d5ccfa7,04/09/2015,Sep-15,9,2015,ALEXANDRA,Minor Dam,134,8.15,49.4,36.87
747170e0-0863-4170-bfa5-858f960211d0,05/09/2015,Sep-15,9,2015,ALEXANDRA,Minor Dam,134,8.14,49.3,36.79
0c7c260c-c567-42dd-9285-f0faa4723484,06/09/2015,Sep-15,9,2015,ALEXANDRA,Minor Dam,134,7.99,46.7,34.85
3807705b-6950-438b-923b-d1b3a2674ab9,07/09/2015,Sep-15,9,2015,ALEXANDRA,Minor Dam,134,7.99,46.7,34.85
541c75d6-d6a5-40f7-846b-2f0c1fb12016,08/09/2015,Sep-15,9,2015,ALEXANDRA,Minor Dam,134,8.04,47.6,35.52
3bad2688-d1ae-4155-99db-9ce6050fe452,09/09/2015,Sep-15,9,2015,ALEXANDRA,Minor Dam,134,8.04,47.6,35.52
e6ce22b4-0294-4071-9ffd-a486f0631ac4,10/09/2015,Sep-15,9,2015,ALEXANDRA,Minor Dam,134,8.02,47.2,35.22
64e61fb1-b56d-4942-9744-877773a9435b,11/09/2015,Sep-15,9,2015,ALEXANDRA,Minor Dam,134,8.02,47.2,35.22
90c3a3bc-1cd9-4a53-8f40-8a7221cdedcb,12/09/2015,Sep-15,9,2015,ALEXANDRA,Minor Dam,134,8.03,47.4,35.37
d659a482-2d87-423d-bd6b-0a9e44a1aa62,13/09/2015,Sep-15,9,2015,ALEXANDRA,Minor Dam,134,8.03,47.4,35.37
713746b1-4799-4352-9608-d962ffea04b7,14/09/2015,Sep-15,9,2015,ALEXANDRA,Minor Dam,134,8.03,47.4,35.37
18a8a115-7ff6-4d68-8a2a-239dd8a0dfc0,15/09/2015,Sep-15,9,2015,ALEXANDRA,Minor Dam,134,8.03,47.4,35.37
9d443aeb-c911-4f0e-bebc-c671e616153e,16/09/2015,Sep-15,9,2015,ALEXANDRA,Minor Dam,134,8,46.9,35
943e4500-15ea-4165-83d0-414ef501a4b4,17/09/2015,Sep-15,9,2015,ALEXANDRA,Minor Dam,134,8.03,47.4,35.37
220cae4f-5f6d-4841-85b4-cdc0799cff37,18/09/2015,Sep-15,9,2015,ALEXANDRA,Minor Dam,134,8.02,47.2,35.22
ec1ed65a-8bcd-4800-bf0d-a933c47d48e9,19/09/2015,Sep-15,9,2015,ALEXANDRA,Minor Dam,134,8,46.9,35
a68a3f9a-5449-4915-9454-e8981a464b6b,20/09/2015,Sep-15,9,2015,ALEXANDRA,Minor Dam,134,7.99,46.7,34.85
93e56018-0972-40bd-ba6f-ed98394e8f38,21/09/2015,Sep-15,9,2015,ALEXANDRA,Minor Dam,134,7.98,46.6,34.78
49998d9a-f631-4fe3-a0a5-e27dd5945a27,22/09/2015,Sep-15,9,2015,ALEXANDRA,Minor Dam,134,7.98,46.6,34.78
ad27f247-96c9-4dd7-8751-b6caecc25652,23/09/2015,Sep-15,9,2015,ALEXANDRA,Minor Dam,134,7.95,46.2,34.48
505717c8-02d6-4b7f-b4b8-f25d8a78fce4,24/09/2015,Sep-15,9,2015,ALEXANDRA,Minor Dam,134,7.95,46.2,34.48
f6ada210-53cf-4b5d-a075-49f9aa7f532b,25/09/2015,Sep-15,9,2015,ALEXANDRA,Minor Dam,134,7.93,45.9,34.25
e104724b-685b-4a8b-895c-782e18017f8f,26/09/2015,Sep-15,9,2015,ALEXANDRA,Minor Dam,134,7.91,45.7,34.1
8b942524-e230-4fdc-9c2d-f033645a2469,27/09/2015,Sep-15,9,2015,ALEXANDRA,Minor Dam,134,7.91,45.7,34.1
64b9c793-18a6-4222-9d76-b71160310f15,28/09/2015,Sep-15,9,2015,ALEXANDRA,Minor Dam,134,7.91,45.7,34.1
0c2fe8a7-0b7a-4d6b-bf54-4b77f4b9c3cd,29/09/2015,Sep-15,9,2015,ALEXANDRA,Minor Dam,134,7.91,45.7,34.1
1188a221-fdb0-4683-81f2-a125221363bd,30/09/2015,Sep-15,9,2015,ALEXANDRA,Minor Dam,134,7.91,45.7,34.1
403942cf-99c5-41df-a6a7-09c1a1f496a8,01/10/2015,Oct-15,10,2015,ALEXANDRA,Minor Dam,134,7.96,46.3,34.55
4e026479-9395-4668-8787-1c8e6a845a00,02/10/2015,Oct-15,10,2015,ALEXANDRA,Minor Dam,134,8.02,47.2,35.22
a6ce0aae-5577-4c8d-895a-12fef373c7a4,03/10/2015,Oct-15,10,2015,ALEXANDRA,Minor Dam,134,8.02,47.2,35.22
579e7b02-23a2-4804-84ff-e1327d891b88,04/10/2015,Oct-15,10,2015,ALEXANDRA,Minor Dam,134,8.06,47.9,35.75
95558189-495f-4c48-8c3c-d56c8c1bc5c4,05/10/2015,Oct-15,10,2015,ALEXANDRA,Minor Dam,134,8.08,48.2,35.97
c7ac429d-a004-4724-9e3b-5d52a797d60e,06/10/2015,Oct-15,10,2015,ALEXANDRA,Minor Dam,134,8.08,48.2,35.97
40154950-82a8-4f52-b94c-cf9efdbb460d,07/10/2015,Oct-15,10,2015,ALEXANDRA,Minor Dam,134,8.11,48.7,36.34
312d206a-5b02-4d20-91f2-c7a549782c1a,08/10/2015,Oct-15,10,2015,ALEXANDRA,Minor Dam,134,8.11,48.7,36.34
82179caf-ac87-43e9-b3b9-1eafed89b801,09/10/2015,Oct-15,10,2015,ALEXANDRA,Minor Dam,134,8.11,48.7,36.34
f9f4164f-b8e3-4120-9b7f-a1fffcab2eec,10/10/2015,Oct-15,10,2015,ALEXANDRA,Minor Dam,134,8.11,48.7,36.34
98b139c9-3a7b-4492-8f63-ee17a627dacc,11/10/2015,Oct-15,10,2015,ALEXANDRA,Minor Dam,134,8.1,48.6,36.27
341c5c7b-326d-40dd-afbc-6f12262cda62,12/10/2015,Oct-15,10,2015,ALEXANDRA,Minor Dam,134,8.13,49.1,36.64
42ca14f1-3433-4a13-95b1-5ce9a6af5dce,13/10/2015,Oct-15,10,2015,ALEXANDRA,Minor Dam,134,8.13,49.1,36.64
e7d5aa10-90fb-46c3-9642-599d8d256b09,14/10/2015,Oct-15,10,2015,ALEXANDRA,Minor Dam,134,8.14,49.3,36.79
3bc1edea-7adb-4979-a18a-c6b6446a10b5,15/10/2015,Oct-15,10,2015,ALEXANDRA,Minor Dam,134,8.14,49.3,36.79
92664260-ebf5-4983-9968-82a94fe98eaa,16/10/2015,Oct-15,10,2015,ALEXANDRA,Minor Dam,134,8.16,49.6,37.01
c1cf1005-b29e-4153-86ef-eec9df86d65c,17/10/2015,Oct-15,10,2015,ALEXANDRA,Minor Dam,134,8.15,49.4,36.87
d378bf82-eba6-46e5-884d-ecde3a9dac75,18/10/2015,Oct-15,10,2015,ALEXANDRA,Minor Dam,134,8.18,49.9,37.24
705e2f46-bf5a-47df-bb6d-2fe89effa51f,19/10/2015,Oct-15,10,2015,ALEXANDRA,Minor Dam,134,8.13,49.1,36.64
35a1a830-cfae-4b13-84d8-619d9e555a8e,20/10/2015,Oct-15,10,2015,ALEXANDRA,Minor Dam,134,8.11,48.7,36.34
424a73e7-74be-489e-9097-5a09fa829bd6,21/10/2015,Oct-15,10,2015,ALEXANDRA,Minor Dam,134,8.05,47.7,35.6
e08c3f5b-8006-42ea-8a1b-df5708312d21,22/10/2015,Oct-15,10,2015,ALEXANDRA,Minor Dam,134,8.06,47.9,35.75
993e5ec0-e715-41f5-a3cb-1b9ba992e320,23/10/2015,Oct-15,10,2015,ALEXANDRA,Minor Dam,134,8.05,47.7,35.6
3f4849d3-7563-4a81-90fc-af4e355ed112,24/10/2015,Oct-15,10,2015,ALEXANDRA,Minor Dam,134,8.05,47.7,35.6
6958fbe5-7b74-4e27-a3a2-334809791429,25/10/2015,Oct-15,10,2015,ALEXANDRA,Minor Dam,134,8.04,47.6,35.52
d0bdbb4c-1ea2-4564-adcd-4978eee89ccd,26/10/2015,Oct-15,10,2015,ALEXANDRA,Minor Dam,134,8.02,47.2,35.22
4b819d1e-bbab-4378-ac6d-787601e053c4,27/10/2015,Oct-15,10,2015,ALEXANDRA,Minor Dam,134,8,46.9,35
c55d56a1-aee5-42d6-9a45-93bf3caeb079,28/10/2015,Oct-15,10,2015,ALEXANDRA,Minor Dam,134,8,46.9,35
57e68e6a-1d3c-493b-8fe7-0027fe592852,29/10/2015,Oct-15,10,2015,ALEXANDRA,Minor Dam,134,7.98,46.6,34.78
0c85402b-8056-4cdc-8181-cd7132b1e84e,30/10/2015,Oct-15,10,2015,ALEXANDRA,Minor Dam,134,7.94,46.1,34.4
eac3569a-7b74-47e4-841f-e605e060c5dc,31/10/2015,Oct-15,10,2015,ALEXANDRA,Minor Dam,134,7.91,45.7,34.1
1084bc37-e2a1-4193-81ba-b3a4474734e5,01/11/2015,Nov-15,11,2015,ALEXANDRA,Minor Dam,134,7.91,45.7,34.1
b1732ffd-403d-4893-8b5a-3d3e185d7dbc,02/11/2015,Nov-15,11,2015,ALEXANDRA,Minor Dam,134,7.91,45.7,34.1
3202abcc-2732-4466-b866-8f6bbbe0174b,03/11/2015,Nov-15,11,2015,ALEXANDRA,Minor Dam,134,8.02,47.2,35.22
fc12b1ac-e015-4768-af3c-2a7b7b45007d,04/11/2015,Nov-15,11,2015,ALEXANDRA,Minor Dam,134,8.05,47.7,35.6
44c96169-f76b-44e4-ac02-135a45f31db2,05/11/2015,Nov-15,11,2015,ALEXANDRA,Minor Dam,134,8.05,47.7,35.6
b16f1f0f-6097-44e8-b5af-f70fe1a00188,06/11/2015,Nov-15,11,2015,ALEXANDRA,Minor Dam,134,8.02,47.2,35.22
a9440563-2cb5-4135-839c-50f78d6123f5,07/11/2015,Nov-15,11,2015,ALEXANDRA,Minor Dam,134,8,46.9,35
7ea5acc2-6e38-4e6a-af76-78791bfd9a8e,08/11/2015,Nov-15,11,2015,ALEXANDRA,Minor Dam,134,8.01,47,35.07
3b2d17ac-2e98-458e-a44f-66feb814790a,09/11/2015,Nov-15,11,2015,ALEXANDRA,Minor Dam,134,8.01,47,35.07
a2178d57-5802-48f6-a9f6-6471bed0b5d4,10/11/2015,Nov-15,11,2015,ALEXANDRA,Minor Dam,134,7.99,46.7,34.85
5e83e899-5802-4d8c-9a0d-9ea7fc780b7b,11/11/2015,Nov-15,11,2015,ALEXANDRA,Minor Dam,134,8,46.9,35
dfcc09ac-dc42-4fba-bd50-3387e2f9084a,12/11/2015,Nov-15,11,2015,ALEXANDRA,Minor Dam,134,8,46.9,35
6975cd63-cfda-41b2-a374-89292df93605,13/11/2015,Nov-15,11,2015,ALEXANDRA,Minor Dam,134,8,46.9,35
b59157aa-a8a6-450d-9f02-2fe167e4ebf1,14/11/2015,Nov-15,11,2015,ALEXANDRA,Minor Dam,134,8,46.9,35
9555f8ac-5c90-40ca-88e5-11250a4a5717,15/11/2015,Nov-15,11,2015,ALEXANDRA,Minor Dam,134,7.92,45.8,34.18
4d4a44ab-fb7f-4279-803c-8e85f86e6420,16/11/2015,Nov-15,11,2015,ALEXANDRA,Minor Dam,134,7.92,45.8,34.18
e487aa4c-f166-4b57-b94d-02468e4e4ea5,17/11/2015,Nov-15,11,2015,ALEXANDRA,Minor Dam,134,7.9,45.5,33.96
8d056f18-826e-4024-ac5c-7270aae948ec,18/11/2015,Nov-15,11,2015,ALEXANDRA,Minor Dam,134,7.89,45.4,33.88
9ebaf183-e294-4626-855d-502d0d78d55b,19/11/2015,Nov-15,11,2015,ALEXANDRA,Minor Dam,134,7.88,45.3,33.81
0f011337-5749-4bf3-9920-c45a6f8788d7,20/11/2015,Nov-15,11,2015,ALEXANDRA,Minor Dam,134,7.88,45.3,33.81
4c139f9a-75e3-4c99-b024-16a2d2fe1bfb,21/11/2015,Nov-15,11,2015,ALEXANDRA,Minor Dam,134,7.88,45.3,33.81
ca485723-bf72-450b-bcdd-47885c0dc58c,22/11/2015,Nov-15,11,2015,ALEXANDRA,Minor Dam,134,7.88,45.3,33.81
b1550e8c-4bf5-4e7f-b2c7-f29adb867b9a,23/11/2015,Nov-15,11,2015,ALEXANDRA,Minor Dam,134,7.88,45.3,33.81
fd360024-fe46-40a8-ad82-29494e81f407,24/11/2015,Nov-15,11,2015,ALEXANDRA,Minor Dam,134,7.86,45,33.58
5531e8b6-3067-4b1c-9775-96f5514c4e58,25/11/2015,Nov-15,11,2015,ALEXANDRA,Minor Dam,134,7.84,44.7,33.36
4a5fb7ff-2bd7-4876-9cbf-397a818e2263,26/11/2015,Nov-15,11,2015,ALEXANDRA,Minor Dam,134,7.83,44.6,33.28
1c7c86db-c314-4e17-93a3-da540b9f133f,27/11/2015,Nov-15,11,2015,ALEXANDRA,Minor Dam,134,7.83,44.6,33.28
83fb8436-bac4-43b7-855a-ee46979f4a1a,28/11/2015,Nov-15,11,2015,ALEXANDRA,Minor Dam,134,7.81,44.3,33.06
1665f08a-5df1-4c5d-9ba3-8727c1609441,29/11/2015,Nov-15,11,2015,ALEXANDRA,Minor Dam,134,7.98,46.6,34.78
55150f40-9aa2-495c-854b-23664126f329,30/11/2015,Nov-15,11,2015,ALEXANDRA,Minor Dam,134,7.96,46.3,34.55
14924e3f-4702-4e95-9223-2d996d27c125,01/12/2015,Dec-15,12,2015,ALEXANDRA,Minor Dam,134,7.92,45.8,34.18
059da058-8d3d-4d99-8218-6efff17344f9,02/12/2015,Dec-15,12,2015,ALEXANDRA,Minor Dam,134,7.9,45.5,33.96
cfb4db86-9261-44ac-a6b9-dc9e0343d3a7,03/12/2015,Dec-15,12,2015,ALEXANDRA,Minor Dam,134,7.89,45.4,33.88
bd74b4ab-b06b-4266-88b2-6c9815f377b2,04/12/2015,Dec-15,12,2015,ALEXANDRA,Minor Dam,134,7.85,44.9,33.51
8af25c84-51ae-4de1-ac2d-09f8537b1b5a,05/12/2015,Dec-15,12,2015,ALEXANDRA,Minor Dam,134,7.85,44.9,33.51
7c500cfe-5ce9-4116-89dd-2243650c8ce6,06/12/2015,Dec-15,12,2015,ALEXANDRA,Minor Dam,134,7.85,44.9,33.51
ec4442e8-3353-4046-bed9-eee38ee7caca,07/12/2015,Dec-15,12,2015,ALEXANDRA,Minor Dam,134,7.85,44.9,33.51
6e8a4860-0089-4855-9886-ee5b0b5d1a13,08/12/2015,Dec-15,12,2015,ALEXANDRA,Minor Dam,134,7.78,43.9,32.76
0ee57a33-5023-4473-85dc-77dcac1d0651,09/12/2015,Dec-15,12,2015,ALEXANDRA,Minor Dam,134,7.73,43.2,32.24
dcd683b3-c591-42f4-b6d8-64c91069e415,10/12/2015,Dec-15,12,2015,ALEXANDRA,Minor Dam,134,7.69,42.7,31.87
f6925797-edc1-43a4-80a5-444c703a74e0,11/12/2015,Dec-15,12,2015,ALEXANDRA,Minor Dam,134,7.68,42.6,31.79
ddb899fb-3e05-4076-9c65-6fe1fdae3ac2,12/12/2015,Dec-15,12,2015,ALEXANDRA,Minor Dam,134,7.67,42.4,31.64
9c24f9a2-ed05-4712-9448-7943c555ffbc,13/12/2015,Dec-15,12,2015,ALEXANDRA,Minor Dam,134,7.71,43,32.09
9ef85349-3e66-4c31-b19e-1d55f18c47b9,14/12/2015,Dec-15,12,2015,ALEXANDRA,Minor Dam,134,7.68,42.6,31.79
e9bb5df5-d3a1-4bbb-89e9-ee473f2b8dcb,15/12/2015,Dec-15,12,2015,ALEXANDRA,Minor Dam,134,7.68,42.6,31.79
131c07ca-064c-4eb3-8bd4-fa01042f885c,16/12/2015,Dec-15,12,2015,ALEXANDRA,Minor Dam,134,7.68,42.6,31.79
cd92333a-6478-4341-933f-b7cc2637961c,17/12/2015,Dec-15,12,2015,ALEXANDRA,Minor Dam,134,7.69,42.7,31.87
afe50395-0e01-488d-89a0-50efdec58c3b,18/12/2015,Dec-15,12,2015,ALEXANDRA,Minor Dam,134,7.69,42.7,31.87
5d224b39-8f53-4ff8-8a5c-0b038a812265,19/12/2015,Dec-15,12,2015,ALEXANDRA,Minor Dam,134,7.69,42.7,31.87
924f482b-142e-46a1-824c-f75a53e9823b,20/12/2015,Dec-15,12,2015,ALEXANDRA,Minor Dam,134,7.68,42.6,31.79
4d0b1fd2-1fd1-4395-b9e6-468f8e6f429f,21/12/2015,Dec-15,12,2015,ALEXANDRA,Minor Dam,134,7.68,42.6,31.79
ed08bed9-0ab0-4298-8dbb-23f78b9630e9,22/12/2015,Dec-15,12,2015,ALEXANDRA,Minor Dam,134,7.66,42.3,31.57
5f5f466d-711e-4eb0-97ac-f2b389f452c8,23/12/2015,Dec-15,12,2015,ALEXANDRA,Minor Dam,134,7.65,42.2,31.49
2f0f6942-0b6a-431c-973f-9e82d909a72e,24/12/2015,Dec-15,12,2015,ALEXANDRA,Minor Dam,134,7.64,42,31.34
aec3bff8-a671-44ff-a3c9-92bd1473bd99,25/12/2015,Dec-15,12,2015,ALEXANDRA,Minor Dam,134,7.64,42,31.34
96f6b023-a214-46dd-ab0c-bbffa6059dd9,26/12/2015,Dec-15,12,2015,ALEXANDRA,Minor Dam,134,7.62,41.8,31.19
f0915571-6fdb-4924-a2c1-26ed75dd3276,27/12/2015,Dec-15,12,2015,ALEXANDRA,Minor Dam,134,7.61,41.6,31.04
7a061821-fffe-41ee-8322-78cb733040e6,28/12/2015,Dec-15,12,2015,ALEXANDRA,Minor Dam,134,7.6,41.5,30.97
0a2be5ab-eae4-4228-9a50-6ed5bd8015e3,29/12/2015,Dec-15,12,2015,ALEXANDRA,Minor Dam,134,7.58,41.2,30.75
f96d5a27-0d06-4fb6-86ee-a2337d1729ba,30/12/2015,Dec-15,12,2015,ALEXANDRA,Minor Dam,134,7.56,41,30.6
d8ae7174-2c46-4cae-8232-7a39bdeb41e3,31/12/2015,Dec-15,12,2015,ALEXANDRA,Minor Dam,134,7.56,41,30.6
ed8fa6c7-7b61-4d83-a1e8-d30086acb926,01/01/2016,Jan-16,1,2016,ALEXANDRA,Minor Dam,134,7.79,44.1,32.91
53f827b5-859b-4c2f-9b21-6a7e8c09653b,02/01/2016,Jan-16,1,2016,ALEXANDRA,Minor Dam,134,7.98,46.6,34.78
362c8e0a-05ff-4249-bc1c-81f2e7beaf12,03/01/2016,Jan-16,1,2016,ALEXANDRA,Minor Dam,134,7.96,46.3,34.55
ffb95ae0-2ea2-49ab-87a0-917eae099248,04/01/2016,Jan-16,1,2016,ALEXANDRA,Minor Dam,134,8.29,51.8,38.66
e6ea3aaa-10de-4b78-b143-39f11dcbbcab,05/01/2016,Jan-16,1,2016,ALEXANDRA,Minor Dam,134,8.45,54.5,40.67
187f6a98-6727-4e0b-8ec6-b9576c655268,06/01/2016,Jan-16,1,2016,ALEXANDRA,Minor Dam,134,8.6,57.1,42.61
2196efa7-c1d8-4ad6-a811-adac109d2498,07/01/2016,Jan-16,1,2016,ALEXANDRA,Minor Dam,134,8.75,59.6,44.48
befa3b85-76bf-45fd-9032-162ae2c12cfc,08/01/2016,Jan-16,1,2016,ALEXANDRA,Minor Dam,134,8.87,61.7,46.04
1bf0e676-55a6-41fe-8248-3e45b58a5aef,09/01/2016,Jan-16,1,2016,ALEXANDRA,Minor Dam,134,8.99,63.7,47.54
a7de6e2b-28d9-4857-8ded-bf7c8f9cdfba,10/01/2016,Jan-16,1,2016,ALEXANDRA,Minor Dam,134,9.1,66,49.25
bfa988a3-1072-42f3-abab-f508097af66f,11/01/2016,Jan-16,1,2016,ALEXANDRA,Minor Dam,134,9.22,68.5,51.12
7a87854d-0c78-44c5-8df6-a0d86e6f931e,12/01/2016,Jan-16,1,2016,ALEXANDRA,Minor Dam,134,9.3,70.1,52.31
b127383e-3dfe-49f6-8dec-01d7ae77b5e4,13/01/2016,Jan-16,1,2016,ALEXANDRA,Minor Dam,134,9.4,72.2,53.88
4a6ecbc0-eaaa-4c04-82c0-d411b7d7893e,14/01/2016,Jan-16,1,2016,ALEXANDRA,Minor Dam,134,9.52,74.7,55.75
14871460-5166-4769-818d-733f7db52819,15/01/2016,Jan-16,1,2016,ALEXANDRA,Minor Dam,134,9.54,75.1,56.04
85f537c1-4247-424d-b389-4f133cf296ad,16/01/2016,Jan-16,1,2016,ALEXANDRA,Minor Dam,134,9.52,74.7,55.75
1622e18c-3041-4fd0-aaf4-fe070d01448e,17/01/2016,Jan-16,1,2016,ALEXANDRA,Minor Dam,134,9.51,74.5,55.6
d7c1e656-7f45-4ee1-8667-8e9c90d49f1f,18/01/2016,Jan-16,1,2016,ALEXANDRA,Minor Dam,134,9.5,74.3,55.45
1e9c9266-5a4d-46c4-a0cd-c4c5530542c3,19/01/2016,Jan-16,1,2016,ALEXANDRA,Minor Dam,134,9.47,73.7,55
f5540d93-3783-4dde-8e03-05817fcbe57b,20/01/2016,Jan-16,1,2016,ALEXANDRA,Minor Dam,134,9.42,72.6,54.18
81af6e11-b150-4a42-97ed-c369f0244cce,21/01/2016,Jan-16,1,2016,ALEXANDRA,Minor Dam,134,9.36,71.4,53.28
1e07149c-a714-41b0-8007-e6ea10ab4694,22/01/2016,Jan-16,1,2016,ALEXANDRA,Minor Dam,134,9.31,70.3,52.46
f8ad64b1-f33f-4b81-b636-2256906a147b,23/01/2016,Jan-16,1,2016,ALEXANDRA,Minor Dam,134,9.27,69.5,51.87
725df5cd-d754-4305-a3cc-683626a9ffb5,24/01/2016,Jan-16,1,2016,ALEXANDRA,Minor Dam,134,9.23,68.7,51.27
7195ef7a-10ff-44a3-ad85-0248a4be246e,25/01/2016,Jan-16,1,2016,ALEXANDRA,Minor Dam,134,9.19,67.8,50.6
ddba7fa5-7d0c-4ef9-8fc9-1c67873192c9,26/01/2016,Jan-16,1,2016,ALEXANDRA,Minor Dam,134,9.18,67.6,50.45
725b64ac-8112-4b73-bb65-7dc519478ce3,27/01/2016,Jan-16,1,2016,ALEXANDRA,Minor Dam,134,9.16,67.2,50.15
28da2c15-50a9-4e18-8181-ce5b42bd879d,28/01/2016,Jan-16,1,2016,ALEXANDRA,Minor Dam,134,9.14,66.8,49.85
37b54378-b180-4f8b-8f83-d852732d567b,29/01/2016,Jan-16,1,2016,ALEXANDRA,Minor Dam,134,9.11,66.2,49.4
ebd311c4-c45f-4ea3-840e-e7c1018aaecd,30/01/2016,Jan-16,1,2016,ALEXANDRA,Minor Dam,134,9.08,65.6,48.96
d30e1c22-2aa3-46e9-8bbc-5f2436668a69,31/01/2016,Jan-16,1,2016,ALEXANDRA,Minor Dam,134,9.04,64.7,48.28
a33fad27-bbca-4514-a32c-34463db9cf55,01/02/2016,Feb-16,2,2016,ALEXANDRA,Minor Dam,134,9.02,64.3,47.99
18c99522-67a7-4578-a265-05f929a53d6a,02/02/2016,Feb-16,2,2016,ALEXANDRA,Minor Dam,134,8.99,63.7,47.54
00b0d466-5846-4a54-bf35-2ebbd0d121ad,03/02/2016,Feb-16,2,2016,ALEXANDRA,Minor Dam,134,8.96,63.2,47.16
70085b0c-85de-4ed8-becc-22da4df56fa7,04/02/2016,Feb-16,2,2016,ALEXANDRA,Minor Dam,134,8.93,62.7,46.79
1b92e017-3524-42ef-aec7-34d6e514101d,05/02/2016,Feb-16,2,2016,ALEXANDRA,Minor Dam,134,8.91,62.4,46.57
3d11e903-45c9-4cb8-b056-0019732b1526,06/02/2016,Feb-16,2,2016,ALEXANDRA,Minor Dam,134,8.88,61.9,46.19
ae069317-08e3-4c26-80aa-e7a6ac3419f9,07/02/2016,Feb-16,2,2016,ALEXANDRA,Minor Dam,134,8.86,61.5,45.9
f85142db-6657-43fe-af41-aa54f6d841b4,08/02/2016,Feb-16,2,2016,ALEXANDRA,Minor Dam,134,8.83,61,45.52
e6d76294-996d-430f-8173-132c1e53b016,09/02/2016,Feb-16,2,2016,ALEXANDRA,Minor Dam,134,8.81,60.7,45.3
95322ada-2f44-4e40-b97c-773ca153807d,10/02/2016,Feb-16,2,2016,ALEXANDRA,Minor Dam,134,8.78,60.2,44.93
a535b923-fdb9-4734-87fe-b70ec31d8b35,11/02/2016,Feb-16,2,2016,ALEXANDRA,Minor Dam,134,8.75,59.6,44.48
85acddfa-2938-4a90-b7ed-71b1e13f79a2,12/02/2016,Feb-16,2,2016,ALEXANDRA,Minor Dam,134,8.73,59.3,44.25
306c3c04-c00b-4b25-a48a-2597c241d60f,13/02/2016,Feb-16,2,2016,ALEXANDRA,Minor Dam,134,8.68,58.4,43.58
ba153616-886f-4652-be5e-36cdf6d08c26,14/02/2016,Feb-16,2,2016,ALEXANDRA,Minor Dam,134,8.64,57.8,43.13
1fa0c9ef-6ec5-498a-a0d3-814ec82531b0,15/02/2016,Feb-16,2,2016,ALEXANDRA,Minor Dam,134,8.63,57.6,42.99
67a846c8-f5b3-4984-91ff-fa9db21de16b,16/02/2016,Feb-16,2,2016,ALEXANDRA,Minor Dam,134,8.61,57.3,42.76
f9295e9f-9891-4c74-8036-886007a405d9,17/02/2016,Feb-16,2,2016,ALEXANDRA,Minor Dam,134,8.58,56.7,42.31
42f044ec-5603-4fd4-8bd8-4858f4ed3730,18/02/2016,Feb-16,2,2016,ALEXANDRA,Minor Dam,134,8.55,56.2,41.94
e203435e-69ca-40a0-999a-672c2bce21a1,19/02/2016,Feb-16,2,2016,ALEXANDRA,Minor Dam,134,8.52,55.7,41.57
f67170e8-e2dd-476f-bbd4-e5adff6d74f7,20/02/2016,Feb-16,2,2016,ALEXANDRA,Minor Dam,134,8.48,55,41.04
282de9d1-7308-49ce-990f-f4a6cbe28632,21/02/2016,Feb-16,2,2016,ALEXANDRA,Minor Dam,134,8.5,55.4,41.34
c29fcf67-63c4-47d0-b571-758041e7aaa9,22/02/2016,Feb-16,2,2016,ALEXANDRA,Minor Dam,134,8.48,55,41.04
429cfede-91ce-463c-b98a-2f2011b640e8,23/02/2016,Feb-16,2,2016,ALEXANDRA,Minor Dam,134,8.46,54.7,40.82
cc6971ed-6108-42bb-86c9-dbc184840f65,24/02/2016,Feb-16,2,2016,ALEXANDRA,Minor Dam,134,8.44,54.4,40.6
1429705b-e507-4e61-8a23-bcc315e890e4,25/02/2016,Feb-16,2,2016,ALEXANDRA,Minor Dam,134,8.4,53.7,40.07
77c8fd65-11e1-40fd-bbfc-0981af852ed1,26/02/2016,Feb-16,2,2016,ALEXANDRA,Minor Dam,134,8.38,53.3,39.78
fb78da38-952a-4f4a-9388-2a25db17087b,27/02/2016,Feb-16,2,2016,ALEXANDRA,Minor Dam,134,8.36,53,39.55
e666a5ad-a265-4ddc-88e7-766cf80bed39,28/02/2016,Feb-16,2,2016,ALEXANDRA,Minor Dam,134,8.34,52.7,39.33
443712f5-c36a-4d29-8562-6acfe5375563,29/02/2016,Feb-16,2,2016,ALEXANDRA,Minor Dam,134,8.32,52.3,39.03
e77d18b7-9250-4e0e-a1df-79b4a728b089,01/03/2016,Mar-16,3,2016,ALEXANDRA,Minor Dam,134,8.3,52,38.81
2041888e-b439-4927-8311-07e66e14d7c2,02/03/2016,Mar-16,3,2016,ALEXANDRA,Minor Dam,134,8.28,51.6,38.51
0a509ec5-9ad2-439e-9d86-0357c2d8c132,03/03/2016,Mar-16,3,2016,ALEXANDRA,Minor Dam,134,8.28,51.6,38.51
94638b16-45cb-4fc0-b062-b40c0187e2c6,04/03/2016,Mar-16,3,2016,ALEXANDRA,Minor Dam,134,8.26,51.3,38.28
8eedbdbd-b062-4b09-bd6f-0a3df282710d,05/03/2016,Mar-16,3,2016,ALEXANDRA,Minor Dam,134,8.23,50.8,37.91
66c5f759-8846-4922-9867-3fb555460c82,06/03/2016,Mar-16,3,2016,ALEXANDRA,Minor Dam,134,8.24,51,38.06
07361473-6293-4a90-8e8f-9ee88ed9810e,07/03/2016,Mar-16,3,2016,ALEXANDRA,Minor Dam,134,8.24,51,38.06
41594f16-3076-40fa-899f-e6b5a176542e,08/03/2016,Mar-16,3,2016,ALEXANDRA,Minor Dam,134,8.2,50.3,37.54
af2b39e8-01a8-42fb-a700-25453239289a,09/03/2016,Mar-16,3,2016,ALEXANDRA,Minor Dam,134,8.17,49.8,37.16
05ffce6f-960c-4d06-a4ce-8ae7ed73e270,10/03/2016,Mar-16,3,2016,ALEXANDRA,Minor Dam,134,8.14,49.3,36.79
7eaa32ab-90c2-489b-8d66-860ece3ee8fd,11/03/2016,Mar-16,3,2016,ALEXANDRA,Minor Dam,134,8.11,48.7,36.34
e3e02f50-1375-45d2-af21-61cc03817554,12/03/2016,Mar-16,3,2016,ALEXANDRA,Minor Dam,134,8.08,48.2,35.97
15ad7cf5-1545-4246-9ea1-9c70a2d09c14,13/03/2016,Mar-16,3,2016,ALEXANDRA,Minor Dam,134,8.06,47.9,35.75
49704141-f372-4c53-856d-cc9dc679b0ba,14/03/2016,Mar-16,3,2016,ALEXANDRA,Minor Dam,134,8.04,47.6,35.52
8ecbade0-f299-4ffd-a65b-808956836eb1,15/03/2016,Mar-16,3,2016,ALEXANDRA,Minor Dam,134,8.02,47.2,35.22
3002d0f9-98d0-4de8-9a13-daf473eb4d60,16/03/2016,Mar-16,3,2016,ALEXANDRA,Minor Dam,134,8,46.9,35
6effb829-9039-4f48-a78a-4a3ae85ede70,17/03/2016,Mar-16,3,2016,ALEXANDRA,Minor Dam,134,7.98,46.6,34.78
5f184366-e36f-4c77-ae7b-a88b0273a1bc,18/03/2016,Mar-16,3,2016,ALEXANDRA,Minor Dam,134,7.97,46.5,34.7
7578d485-3109-4a83-bf0d-6c51921512eb,19/03/2016,Mar-16,3,2016,ALEXANDRA,Minor Dam,134,7.96,46.3,34.55
5c19dc6e-72a4-4dcd-a02c-3963d9f742fc,20/03/2016,Mar-16,3,2016,ALEXANDRA,Minor Dam,134,8.02,47.2,35.22
34f5dc9c-aba4-45d5-8c3a-82fa6b903dff,21/03/2016,Mar-16,3,2016,ALEXANDRA,Minor Dam,134,8.01,47,35.07
13527777-58de-4642-9f91-10408e22ec73,22/03/2016,Mar-16,3,2016,ALEXANDRA,Minor Dam,134,7.99,46.7,34.85
038ae747-6f0b-4846-8686-3652caf9f4a6,23/03/2016,Mar-16,3,2016,ALEXANDRA,Minor Dam,134,7.96,46.3,34.55
5d2fbeec-fd5f-40d9-9d1f-a3dcba13f1db,24/03/2016,Mar-16,3,2016,ALEXANDRA,Minor Dam,134,7.93,45.9,34.25
2baff224-3b77-45a6-be71-a5cfcdac85bc,25/03/2016,Mar-16,3,2016,ALEXANDRA,Minor Dam,134,7.91,45.7,34.1
51307aeb-d021-4b54-94b1-08256f92862e,26/03/2016,Mar-16,3,2016,ALEXANDRA,Minor Dam,134,7.89,45.4,33.88
c5db0ffc-3704-4115-8c21-ac9086ebad24,27/03/2016,Mar-16,3,2016,ALEXANDRA,Minor Dam,134,7.88,45.3,33.81
fbdfe745-5fbd-4622-a196-1d7651822ca6,28/03/2016,Mar-16,3,2016,ALEXANDRA,Minor Dam,134,7.96,46.3,34.55
8f038302-8470-4f31-b01a-9c7598500d99,29/03/2016,Mar-16,3,2016,ALEXANDRA,Minor Dam,134,7.97,46.5,34.7
1416b42e-be55-4e91-acda-1c9885e3c3ea,30/03/2016,Mar-16,3,2016,ALEXANDRA,Minor Dam,134,7.97,46.5,34.7
38e04344-65e0-49c8-a1b2-13bef0f6a83e,31/03/2016,Mar-16,3,2016,ALEXANDRA,Minor Dam,134,7.99,46.7,34.85
7eaf77ad-98c9-4694-8e04-a5197403c4b6,01/04/2016,Apr-16,4,2016,ALEXANDRA,Minor Dam,134,8.03,47.4,35.37
03049357-9127-4c79-ae2c-2e0d01fc544f,02/04/2016,Apr-16,4,2016,ALEXANDRA,Minor Dam,134,8.06,47.9,35.75
07c7daaf-c74f-4532-8ef4-cf37db0effa8,03/04/2016,Apr-16,4,2016,ALEXANDRA,Minor Dam,134,8.06,47.9,35.75
ddef8fa0-6320-48c5-a3f7-89dfe647aea0,04/04/2016,Apr-16,4,2016,ALEXANDRA,Minor Dam,134,8,46.9,35
6917da6e-634a-4ebf-907d-02d71f705d95,05/04/2016,Apr-16,4,2016,ALEXANDRA,Minor Dam,134,8.04,47.6,35.52
e3cafb6c-8081-4b37-8044-9328a517a3c5,06/04/2016,Apr-16,4,2016,ALEXANDRA,Minor Dam,134,8.02,47.2,35.22
1b337a78-d0d8-461b-a2ea-b8a9eed5e244,07/04/2016,Apr-16,4,2016,ALEXANDRA,Minor Dam,134,8,46.9,35
47be8823-3b62-4f85-b30b-699dd45f23ac,08/04/2016,Apr-16,4,2016,ALEXANDRA,Minor Dam,134,7.98,46.6,34.78
ff756956-6b12-462e-8c61-83c492560cf3,09/04/2016,Apr-16,4,2016,ALEXANDRA,Minor Dam,134,7.96,46.3,34.55
493d7650-a14a-4461-9398-74eac66b68ed,10/04/2016,Apr-16,4,2016,ALEXANDRA,Minor Dam,134,7.94,46.1,34.4
86cbec39-9e79-4957-9226-075b3d7fc81e,11/04/2016,Apr-16,4,2016,ALEXANDRA,Minor Dam,134,7.93,45.9,34.25
e200beb9-5942-44df-b731-fa4f78117e10,12/04/2016,Apr-16,4,2016,ALEXANDRA,Minor Dam,134,7.92,45.8,34.18
32bfd75d-5e72-44dc-b809-80c547f63917,13/04/2016,Apr-16,4,2016,ALEXANDRA,Minor Dam,134,7.92,45.8,34.18
204b15bf-6e16-441c-b47c-aaeb6e6ea153,14/04/2016,Apr-16,4,2016,ALEXANDRA,Minor Dam,134,7.86,45,33.58
3eca1b34-4876-4dc3-a41c-3ae79cd7d172,15/04/2016,Apr-16,4,2016,ALEXANDRA,Minor Dam,134,7.89,45.4,33.88
03e2450a-0042-49a8-bb07-aba6b61da450,16/04/2016,Apr-16,4,2016,ALEXANDRA,Minor Dam,134,7.69,42.7,31.87
1acfac60-2b3f-4065-8ea1-e55738490097,17/04/2016,Apr-16,4,2016,ALEXANDRA,Minor Dam,134,7.45,39.5,29.48
3cc10a7f-3069-4b2e-8332-14f1f1cb6e77,18/04/2016,Apr-16,4,2016,ALEXANDRA,Minor Dam,134,7.21,36.3,27.09
993130b1-4377-434a-ba49-9f6e3ec8d9e5,19/04/2016,Apr-16,4,2016,ALEXANDRA,Minor Dam,134,7.04,34,25.37
5018b731-4e51-4b59-bc33-82915f0ba63f,20/04/2016,Apr-16,4,2016,ALEXANDRA,Minor Dam,134,6.83,31.6,23.58
d44c7a11-89de-40c2-b668-ed965c93ba0c,21/04/2016,Apr-16,4,2016,ALEXANDRA,Minor Dam,134,6.91,32.5,24.25
1d38aa18-3965-4902-830e-ada966fca13a,22/04/2016,Apr-16,4,2016,ALEXANDRA,Minor Dam,134,6.98,33.2,24.78
00eca7cf-c13e-46c9-8f24-131b02ca2462,23/04/2016,Apr-16,4,2016,ALEXANDRA,Minor Dam,134,7.05,34.1,25.45
11233834-c7cb-4603-8722-dc8e4dce81e4,24/04/2016,Apr-16,4,2016,ALEXANDRA,Minor Dam,134,7.29,37.3,27.84
0de43487-4e1f-45c9-b157-7a38c5f437bd,25/04/2016,Apr-16,4,2016,ALEXANDRA,Minor Dam,134,7.35,38.1,28.43
1be1a881-3120-4df5-a6dd-d23fcc4c5a6b,26/04/2016,Apr-16,4,2016,ALEXANDRA,Minor Dam,134,7.35,38.1,28.43
192e0bff-46e2-48f8-96fa-362ad98ceca2,27/04/2016,Apr-16,4,2016,ALEXANDRA,Minor Dam,134,7.41,38.9,29.03
8444e6b8-52a8-4df8-ad5e-b0b8051193cd,28/04/2016,Apr-16,4,2016,ALEXANDRA,Minor Dam,134,7.47,39.8,29.7
867b208b-5c76-4d01-977e-6f174a3ce33a,29/04/2016,Apr-16,4,2016,ALEXANDRA,Minor Dam,134,7.52,40.4,30.15
5a85b8b9-b807-43e4-ad70-18880c269cc2,30/04/2016,Apr-16,4,2016,ALEXANDRA,Minor Dam,134,7.81,44.3,33.06
9af209bf-42e4-4af5-a191-822bf38e8fbc,01/05/2016,May-16,5,2016,ALEXANDRA,Minor Dam,134,7.84,44.7,33.36
afaa2abe-e279-4e60-b5df-3548f2ee5543,02/05/2016,May-16,5,2016,ALEXANDRA,Minor Dam,134,7.84,44.7,33.36
bc39f41a-fdf8-4e40-8bc2-e10f8234a391,03/05/2016,May-16,5,2016,ALEXANDRA,Minor Dam,134,7.84,44.7,33.36
3272a829-5953-4791-b3db-c0878d5bd761,04/05/2016,May-16,5,2016,ALEXANDRA,Minor Dam,134,7.8,44.2,32.99
3fe7b9fb-0210-48c3-b1bc-51e92c0543b4,05/05/2016,May-16,5,2016,ALEXANDRA,Minor Dam,134,7.73,43.2,32.24
09319c75-3b64-466f-9059-6ea0f134691c,06/05/2016,May-16,5,2016,ALEXANDRA,Minor Dam,134,7.72,43.1,32.16
ef84eba7-f116-457f-848b-9ca69885829c,07/05/2016,May-16,5,2016,ALEXANDRA,Minor Dam,134,7.65,42.2,31.49
78fd82e0-f49e-4df8-982c-1b13b30a153c,08/05/2016,May-16,5,2016,ALEXANDRA,Minor Dam,134,7.33,37.9,28.28
105ab07e-d5ff-4c3f-8f35-7cc0ccd60164,09/05/2016,May-16,5,2016,ALEXANDRA,Minor Dam,134,7.13,35.2,26.27
d108ec13-1f89-40ac-945e-895f1ea65de6,10/05/2016,May-16,5,2016,ALEXANDRA,Minor Dam,134,6.78,31.1,23.21
5c0d5bd8-9552-457b-aa01-3db06dd91403,11/05/2016,May-16,5,2016,ALEXANDRA,Minor Dam,134,6.42,27.3,20.37
e0956606-d39e-4515-9bc3-942cb5aafb6f,12/05/2016,May-16,5,2016,ALEXANDRA,Minor Dam,134,5.98,22.8,17.01
4edbdef6-9568-4eea-a185-2336fa6f02c1,13/05/2016,May-16,5,2016,ALEXANDRA,Minor Dam,134,5.55,19.3,14.4
e2330df6-4f1d-4e14-b327-b93d057b48b6,14/05/2016,May-16,5,2016,ALEXANDRA,Minor Dam,134,5.55,19.3,14.4
fada2291-3eea-44ac-8953-1c467f75c584,15/05/2016,May-16,5,2016,ALEXANDRA,Minor Dam,134,5.58,19.5,14.55
e577bd31-ff02-429f-bae8-b05815c3222b,16/05/2016,May-16,5,2016,ALEXANDRA,Minor Dam,134,5.58,19.5,14.55
0f8963a2-70bb-472e-9827-cb7a7aede12a,17/05/2016,May-16,5,2016,ALEXANDRA,Minor Dam,134,5.58,19.5,14.55
2bb400f9-43e0-4aa4-a895-b1f49af0d1d7,18/05/2016,May-16,5,2016,ALEXANDRA,Minor Dam,134,5.58,19.5,14.55
d4830f21-468a-4d85-98aa-85fdded3cd71,19/05/2016,May-16,5,2016,ALEXANDRA,Minor Dam,134,5.57,19.4,14.48
045a2ae9-821b-4dfb-b1bc-09c96af5e084,20/05/2016,May-16,5,2016,ALEXANDRA,Minor Dam,134,5.58,19.5,14.55
1c7e9176-cae2-4880-ac74-7e0ed0f9ca45,21/05/2016,May-16,5,2016,ALEXANDRA,Minor Dam,134,5.58,19.5,14.55
a420e70e-f7ca-4cb8-b05b-e34dcf0581d7,22/05/2016,May-16,5,2016,ALEXANDRA,Minor Dam,134,5.58,19.5,14.55
ea91d988-f2e4-4ca9-be4c-58bc557c2724,23/05/2016,May-16,5,2016,ALEXANDRA,Minor Dam,134,5.58,19.5,14.55
5499ee15-f8c6-40b1-b46c-12d1581dc0f0,24/05/2016,May-16,5,2016,ALEXANDRA,Minor Dam,134,5.58,19.5,14.55
91a6803d-be23-47b2-94d6-f3370cf2541c,25/05/2016,May-16,5,2016,ALEXANDRA,Minor Dam,134,6.11,24.1,17.99
45ef0bc3-f8a6-46db-9a68-74f07ddb5fb7,26/05/2016,May-16,5,2016,ALEXANDRA,Minor Dam,134,6.28,25.9,19.33
f1f1e61a-6052-45fd-8736-02ed5350d387,27/05/2016,May-16,5,2016,ALEXANDRA,Minor Dam,134,6.32,26.3,19.63
d02d5714-f0d7-449d-a16e-f7b88c358771,28/05/2016,May-16,5,2016,ALEXANDRA,Minor Dam,134,6.32,26.3,19.63
c0423a1c-9f61-45b6-99ca-f60e76cb29c3,29/05/2016,May-16,5,2016,ALEXANDRA,Minor Dam,134,6.32,26.3,19.63
98d494c7-ee71-47f7-ab5b-41bce3e995d3,30/05/2016,May-16,5,2016,ALEXANDRA,Minor Dam,134,6.32,26.3,19.63
d785af3b-283c-46ff-aa3f-47a742872bd2,31/05/2016,May-16,5,2016,ALEXANDRA,Minor Dam,134,6.32,26.3,19.63
3e4c053e-6fd9-4f3e-bfd4-15436f1cc5b9,01/06/2016,Jun-16,6,2016,ALEXANDRA,Minor Dam,134,6.32,26.3,19.63
f9bb8d88-e3c1-4c2a-9817-871109e3f683,02/06/2016,Jun-16,6,2016,ALEXANDRA,Minor Dam,134,6.32,26.3,19.63
383a447c-0874-4959-83f8-127a26932d85,03/06/2016,Jun-16,6,2016,ALEXANDRA,Minor Dam,134,6.32,26.3,19.63
ae84e93b-748d-4314-aeae-591c0d71f541,04/06/2016,Jun-16,6,2016,ALEXANDRA,Minor Dam,134,6.32,26.3,19.63
c79b722c-557f-4cc0-9c05-d5169212cb1f,05/06/2016,Jun-16,6,2016,ALEXANDRA,Minor Dam,134,6.32,26.3,19.63
b59ea7ec-34c0-4a2a-89c9-73511fd9147a,06/06/2016,Jun-16,6,2016,ALEXANDRA,Minor Dam,134,6.32,26.3,19.63
0cace63d-e1ee-4814-9883-a31ab45e4550,07/06/2016,Jun-16,6,2016,ALEXANDRA,Minor Dam,134,6.32,26.3,19.63
8c986bdd-005a-43c9-82ba-2d71539ea7ed,08/06/2016,Jun-16,6,2016,ALEXANDRA,Minor Dam,134,6.32,26.3,19.63
d614aea8-834a-44c3-aaef-f1ebd3e608af,09/06/2016,Jun-16,6,2016,ALEXANDRA,Minor Dam,134,6.32,26.3,19.63
42871345-25c5-4691-a743-90d5423d4941,10/06/2016,Jun-16,6,2016,ALEXANDRA,Minor Dam,134,6.32,26.3,19.63
b05c7409-a206-45f9-ab64-e123cb98f0e8,11/06/2016,Jun-16,6,2016,ALEXANDRA,Minor Dam,134,6.7,30.3,22.61
35ed34e3-65b4-414f-8acf-369bc73d818a,12/06/2016,Jun-16,6,2016,ALEXANDRA,Minor Dam,134,6.76,30.9,23.06
8d397417-051f-42c4-8daa-521313dd8e6a,13/06/2016,Jun-16,6,2016,ALEXANDRA,Minor Dam,134,6.77,31,23.13
dcc49d1a-9b6c-49d1-b242-484f20672397,14/06/2016,Jun-16,6,2016,ALEXANDRA,Minor Dam,134,6.77,31,23.13
acef5898-9f47-4081-8bfd-431b16b40d8b,15/06/2016,Jun-16,6,2016,ALEXANDRA,Minor Dam,134,6.91,32.5,24.25
2701d4e5-1514-490d-b3e5-3f8aa48a73fe,16/06/2016,Jun-16,6,2016,ALEXANDRA,Minor Dam,134,7.02,33.7,25.15
283eec89-abb6-44e1-9f46-745abe002744,17/06/2016,Jun-16,6,2016,ALEXANDRA,Minor Dam,134,7.28,37.2,27.76
ecefded3-878a-4f25-abd8-750d9ef83aa7,18/06/2016,Jun-16,6,2016,ALEXANDRA,Minor Dam,134,7.31,37.6,28.06
d5793ebc-86c2-4774-bd44-5ac2c4cc2325,19/06/2016,Jun-16,6,2016,ALEXANDRA,Minor Dam,134,7.31,37.6,28.06
bf25a6c6-f95e-4a97-be40-2bbc4d4d2caf,20/06/2016,Jun-16,6,2016,ALEXANDRA,Minor Dam,134,7.41,38.9,29.03
42211ece-a0e1-4ceb-bbd2-490e629bef28,21/06/2016,Jun-16,6,2016,ALEXANDRA,Minor Dam,134,7.68,42.6,31.79
adccd048-9b4d-40f4-adc9-029f10985436,22/06/2016,Jun-16,6,2016,ALEXANDRA,Minor Dam,134,7.83,44.6,33.28
fd109d0c-7bc2-46ae-aba9-68fee841dec1,23/06/2016,Jun-16,6,2016,ALEXANDRA,Minor Dam,134,7.84,44.7,33.36
f3658f09-f97c-4ffa-b5bf-eec94d84d017,24/06/2016,Jun-16,6,2016,ALEXANDRA,Minor Dam,134,7.84,44.7,33.36
0c27798b-5fa6-4e4c-9bb4-71bd89b6ddf0,25/06/2016,Jun-16,6,2016,ALEXANDRA,Minor Dam,134,7.85,44.9,33.51
0b7633b3-df5d-494d-9922-d35af3bd2449,26/06/2016,Jun-16,6,2016,ALEXANDRA,Minor Dam,134,7.86,45,33.58
b4c4b15c-6e2d-4230-807c-b6396512c95d,27/06/2016,Jun-16,6,2016,ALEXANDRA,Minor Dam,134,7.86,45,33.58
9b6279be-dcc6-41e1-9091-a86908879f75,28/06/2016,Jun-16,6,2016,ALEXANDRA,Minor Dam,134,7.93,45.9,34.25
f56623c3-fa28-4aca-bedc-986b05808be1,29/06/2016,Jun-16,6,2016,ALEXANDRA,Minor Dam,134,7.98,46.6,34.78
a3844cc6-9a75-4a39-bd1a-c3ceb3211442,30/06/2016,Jun-16,6,2016,ALEXANDRA,Minor Dam,134,7.99,46.7,34.85
b870e929-ef9b-4b8b-9c35-53ec0af735a5,01/07/2016,Jul-16,7,2016,ALEXANDRA,Minor Dam,134,7.99,46.7,34.85
80801953-d0bf-461a-8a76-73947e6073cb,02/07/2016,Jul-16,7,2016,ALEXANDRA,Minor Dam,134,8.03,47.4,35.37
f765dd67-d724-4e9b-80e8-d5187f44f1f8,03/07/2016,Jul-16,7,2016,ALEXANDRA,Minor Dam,134,8.06,47.9,35.75
fb49ad57-fab6-4ce1-9b9a-691641b24b1c,04/07/2016,Jul-16,7,2016,ALEXANDRA,Minor Dam,134,8.07,48.1,35.9
6e368db4-205a-401e-b1d0-39724b065714,05/07/2016,Jul-16,7,2016,ALEXANDRA,Minor Dam,134,8.07,48.1,35.9
f237c9d8-7b9d-46d0-9270-529234331894,06/07/2016,Jul-16,7,2016,ALEXANDRA,Minor Dam,134,8.08,48.2,35.97
76127583-5eca-48ad-9113-fad17a8791ca,07/07/2016,Jul-16,7,2016,ALEXANDRA,Minor Dam,134,8.2,50.3,37.54
659c135f-5f06-4fbf-b8ac-262da5f142a3,08/07/2016,Jul-16,7,2016,ALEXANDRA,Minor Dam,134,8.22,50.6,37.76
b9563709-1aaf-4e6e-a353-6da42b904acf,09/07/2016,Jul-16,7,2016,ALEXANDRA,Minor Dam,134,8.23,50.8,37.91
acab6840-0f68-4e84-a6e7-9d2f8c75ffa9,10/07/2016,Jul-16,7,2016,ALEXANDRA,Minor Dam,134,8.24,51,38.06
0779a8a7-277c-453a-a0a7-3bfb6f1a28f3,11/07/2016,Jul-16,7,2016,ALEXANDRA,Minor Dam,134,8.25,51.1,38.13
628ed94b-74a3-4d0e-8e82-ad12e6f9d4e0,12/07/2016,Jul-16,7,2016,ALEXANDRA,Minor Dam,134,8.25,51.1,38.13
807dbf0f-e611-445d-9141-3f266a8fdbdd,13/07/2016,Jul-16,7,2016,ALEXANDRA,Minor Dam,134,8.23,50.8,37.91
5fd4e53d-bf72-4b70-aa7f-925b96dd689e,14/07/2016,Jul-16,7,2016,ALEXANDRA,Minor Dam,134,8.21,50.4,37.61
e7be01e7-ff7c-4e76-826b-bfd9f9c6ad7a,15/07/2016,Jul-16,7,2016,ALEXANDRA,Minor Dam,134,8.19,50.1,37.39
2b59a5c5-931d-4399-88f8-59476269ca80,16/07/2016,Jul-16,7,2016,ALEXANDRA,Minor Dam,134,8.22,50.6,37.76
36f4bfdb-ae6c-4bce-89f6-c714b569e55d,17/07/2016,Jul-16,7,2016,ALEXANDRA,Minor Dam,134,8.2,50.3,37.54
2058704c-de74-47a3-982a-71c4c6edd19b,18/07/2016,Jul-16,7,2016,ALEXANDRA,Minor Dam,134,8.18,49.9,37.24
574e5f66-68a0-4a13-8a34-26f6596410e4,19/07/2016,Jul-16,7,2016,ALEXANDRA,Minor Dam,134,8.15,49.4,36.87
3e5f8b6a-aa25-4d17-957b-36ff2aa62483,20/07/2016,Jul-16,7,2016,ALEXANDRA,Minor Dam,134,8.16,49.6,37.01
1eaf1b8f-7db2-4691-acbc-5a188586ec9a,21/07/2016,Jul-16,7,2016,ALEXANDRA,Minor Dam,134,8.16,49.6,37.01
e8e281fd-0a43-46aa-b3d4-0542d37689d6,22/07/2016,Jul-16,7,2016,ALEXANDRA,Minor Dam,134,8.53,55.9,41.72
26e9a55e-e643-4468-8b6d-3c954f54a1ea,23/07/2016,Jul-16,7,2016,ALEXANDRA,Minor Dam,134,8.56,56.4,42.09
adabb63f-290a-4ca8-8659-8cca4bcf696b,24/07/2016,Jul-16,7,2016,ALEXANDRA,Minor Dam,134,8.56,56.4,42.09
a90d9b1a-fe7b-4fe1-9677-9fa5adc9a6c8,25/07/2016,Jul-16,7,2016,ALEXANDRA,Minor Dam,134,8.57,56.6,42.24
6a9be1af-7a53-4289-a8f3-0e4c7aac5933,26/07/2016,Jul-16,7,2016,ALEXANDRA,Minor Dam,134,8.58,56.7,42.31
16120646-7a4d-43f0-a7d8-a6860c19b109,27/07/2016,Jul-16,7,2016,ALEXANDRA,Minor Dam,134,8.57,56.6,42.24
9810192e-7988-4c8e-8152-72f18245d6cf,28/07/2016,Jul-16,7,2016,ALEXANDRA,Minor Dam,134,8.78,60.2,44.93
a6e86258-c999-4836-bf36-12d4db978c43,29/07/2016,Jul-16,7,2016,ALEXANDRA,Minor Dam,134,8.88,61.9,46.19
5d5fd8c1-c8d2-42de-a531-8f2592b0dea3,30/07/2016,Jul-16,7,2016,ALEXANDRA,Minor Dam,134,8.98,63.6,47.46
3cca417e-f298-4d11-a24a-207175de5103,31/07/2016,Jul-16,7,2016,ALEXANDRA,Minor Dam,134,9.13,66.6,49.7
e074d35c-5bd7-4049-a2e6-68de93ca9e19,01/08/2016,Aug-16,8,2016,ALEXANDRA,Minor Dam,134,8.98,63.6,47.46
6c2f677b-31c9-44b6-ab12-5a5385bcd52d,02/08/2016,Aug-16,8,2016,ALEXANDRA,Minor Dam,134,8.98,63.6,47.46
51d15b3a-64ae-4f8b-a634-72c1e3673018,03/08/2016,Aug-16,8,2016,ALEXANDRA,Minor Dam,134,8.98,63.6,47.46
f04c5243-97fe-4f1e-9989-a25328b91e8a,04/08/2016,Aug-16,8,2016,ALEXANDRA,Minor Dam,134,9.03,64.5,48.13
61d6d808-a308-43ca-a7b0-5b16b1fb74e8,05/08/2016,Aug-16,8,2016,ALEXANDRA,Minor Dam,134,9,63.9,47.69
d83da4cc-b59a-4337-afb0-4d3a1851a076,06/08/2016,Aug-16,8,2016,ALEXANDRA,Minor Dam,134,9,63.9,47.69
49ea0aef-beb0-4fe4-8ded-a68d58052831,07/08/2016,Aug-16,8,2016,ALEXANDRA,Minor Dam,134,8.99,63.7,47.54
65c9e741-b16f-450a-9fc4-051c3bcbd5a6,08/08/2016,Aug-16,8,2016,ALEXANDRA,Minor Dam,134,8.98,63.6,47.46
ebc5817f-4086-49d3-8271-4e9fca098bec,09/08/2016,Aug-16,8,2016,ALEXANDRA,Minor Dam,134,8.96,63.2,47.16
0c6da05e-5f4d-4086-ad23-ea6f890f7757,10/08/2016,Aug-16,8,2016,ALEXANDRA,Minor Dam,134,8.77,60,44.78
bc2f97d5-1bfa-4820-9a27-26ad4aaa1b50,11/08/2016,Aug-16,8,2016,ALEXANDRA,Minor Dam,134,8.92,62.5,46.64
f94e7e2e-5931-4c1d-8b3b-e570d2e3375c,12/08/2016,Aug-16,8,2016,ALEXANDRA,Minor Dam,134,8.9,62.2,46.42
efb39e4a-95ea-4f2d-a5e8-aa361c4c65a8,13/08/2016,Aug-16,8,2016,ALEXANDRA,Minor Dam,134,8.9,62.2,46.42
d5d7accc-8fd6-434b-b95e-0d97e1c34561,14/08/2016,Aug-16,8,2016,ALEXANDRA,Minor Dam,134,8.87,61.7,46.04
41bf5d8d-0c8a-4f04-a2dd-88590d20beea,15/08/2016,Aug-16,8,2016,ALEXANDRA,Minor Dam,134,8.92,62.5,46.64
4b92da7a-2736-47dd-87c2-a7ccddaeca4a,16/08/2016,Aug-16,8,2016,ALEXANDRA,Minor Dam,134,8.91,62.4,46.57
fdcdb22b-e1c4-4458-a905-9641fe37ab56,17/08/2016,Aug-16,8,2016,ALEXANDRA,Minor Dam,134,8.92,62.5,46.64
de286788-2ad2-411c-aaa4-c6afb494fa85,18/08/2016,Aug-16,8,2016,ALEXANDRA,Minor Dam,134,8.9,62.2,46.42
b3947072-2568-406c-b0a6-3e335021272f,19/08/2016,Aug-16,8,2016,ALEXANDRA,Minor Dam,134,8.91,62.4,46.57
2d8f1e4e-9384-4d5f-8864-57f911370313,20/08/2016,Aug-16,8,2016,ALEXANDRA,Minor Dam,134,8.88,61.9,46.19
33432dba-22d7-4424-b56d-2e0df46273ff,21/08/2016,Aug-16,8,2016,ALEXANDRA,Minor Dam,134,8.86,61.5,45.9
b22f07b6-daf1-4556-85a1-0f11cfa64aa3,22/08/2016,Aug-16,8,2016,ALEXANDRA,Minor Dam,134,8.86,61.5,45.9
25d87619-416e-4e0f-8920-735cb2c1c278,23/08/2016,Aug-16,8,2016,ALEXANDRA,Minor Dam,134,8.9,62.2,46.42
b6a05a95-017d-4b7e-a58e-39d86668de08,24/08/2016,Aug-16,8,2016,ALEXANDRA,Minor Dam,134,8.93,62.7,46.79
199cf2af-bd80-493f-a14b-649d57afb943,25/08/2016,Aug-16,8,2016,ALEXANDRA,Minor Dam,134,8.92,62.5,46.64
4a4a4abf-4757-4622-9271-0955cf1a4523,26/08/2016,Aug-16,8,2016,ALEXANDRA,Minor Dam,134,8.91,62.4,46.57
5a23c612-3163-41c2-bdc3-34eeb3c62ec6,27/08/2016,Aug-16,8,2016,ALEXANDRA,Minor Dam,134,8.9,62.2,46.42
0eb59573-691b-4128-8686-296c2ac8d485,28/08/2016,Aug-16,8,2016,ALEXANDRA,Minor Dam,134,8.88,61.9,46.19
6a96f023-87dc-4ce4-9826-28f5e75e2e15,29/08/2016,Aug-16,8,2016,ALEXANDRA,Minor Dam,134,8.87,61.7,46.04
a5394e52-555e-4cea-a001-c2358a24bb2d,30/08/2016,Aug-16,8,2016,ALEXANDRA,Minor Dam,134,8.85,61.3,45.75
40992ce6-9162-446c-8b12-f43f551c6a16,31/08/2016,Aug-16,8,2016,ALEXANDRA,Minor Dam,134,8.83,61,45.52
1c8c2ef1-36dd-4410-8a0f-c49d1391d6bb,01/09/2016,Sep-16,9,2016,ALEXANDRA,Minor Dam,134,8.81,60.7,45.3
66cd8a40-9383-46f0-b87a-5b2e3b2a4c26,02/09/2016,Sep-16,9,2016,ALEXANDRA,Minor Dam,134,8.79,60.3,45
985fdc15-c958-487b-bb6e-d9ac82af7c7d,03/09/2016,Sep-16,9,2016,ALEXANDRA,Minor Dam,134,8.77,60,44.78
51f23828-74f0-4718-8de7-e74a6579f60b,04/09/2016,Sep-16,9,2016,ALEXANDRA,Minor Dam,134,8.76,59.8,44.63
52ecf341-345a-4823-be8d-7ff1c6bd720e,05/09/2016,Sep-16,9,2016,ALEXANDRA,Minor Dam,134,8.75,59.6,44.48
79d297f0-d1de-4b5d-8639-3e08ce79df63,06/09/2016,Sep-16,9,2016,ALEXANDRA,Minor Dam,134,8.74,59.5,44.4
0c4eb55c-fae0-4438-9577-455bb2b1bd82,07/09/2016,Sep-16,9,2016,ALEXANDRA,Minor Dam,134,8.74,59.5,44.4
a59c3947-04d3-424e-8525-b6d4484ea282,08/09/2016,Sep-16,9,2016,ALEXANDRA,Minor Dam,134,8.73,59.3,44.25
42cf17c3-bc0a-4123-b4e0-cd805ceafed9,09/09/2016,Sep-16,9,2016,ALEXANDRA,Minor Dam,134,8.72,59.1,44.1
9a4d0088-eb94-4e6a-a94b-7e90f3b1d486,10/09/2016,Sep-16,9,2016,ALEXANDRA,Minor Dam,134,8.71,59,44.03
38564b47-c77e-4c96-9771-19545517bf82,11/09/2016,Sep-16,9,2016,ALEXANDRA,Minor Dam,134,8.86,61.5,45.9
5e532af5-3d3b-47ea-9aca-beebb00db1b8,12/09/2016,Sep-16,9,2016,ALEXANDRA,Minor Dam,134,8.67,58.3,43.51
083eb9e8-f7e5-4eeb-8e74-df3e90cf8be8,13/09/2016,Sep-16,9,2016,ALEXANDRA,Minor Dam,134,8.66,58.1,43.36
20596599-e47b-4e4b-b15b-eb70be595908,14/09/2016,Sep-16,9,2016,ALEXANDRA,Minor Dam,134,8.64,57.8,43.13
cdd1a573-fa05-499f-9e2c-f8962d3c9a29,15/09/2016,Sep-16,9,2016,ALEXANDRA,Minor Dam,134,8.62,57.4,42.84
1a287226-0ab9-40ee-a6d6-c450424b4195,16/09/2016,Sep-16,9,2016,ALEXANDRA,Minor Dam,134,8.6,57.1,42.61
2c3151b0-0f27-4bd9-a619-313e4a7ab8fd,17/09/2016,Sep-16,9,2016,ALEXANDRA,Minor Dam,134,8.68,58.4,43.58
d9094e82-dfe3-4238-87a0-313ba1e58076,18/09/2016,Sep-16,9,2016,ALEXANDRA,Minor Dam,134,8.75,59.6,44.48
421c867d-200e-4766-a033-e2e6c51b3f60,19/09/2016,Sep-16,9,2016,ALEXANDRA,Minor Dam,134,8.78,60.2,44.93
b1bd0b1c-54e2-4b57-a3d4-48fc263a588c,20/09/2016,Sep-16,9,2016,ALEXANDRA,Minor Dam,134,8.76,59.8,44.63
f8338f4f-51d1-4471-ae11-55011953f1ac,21/09/2016,Sep-16,9,2016,ALEXANDRA,Minor Dam,134,8.74,59.5,44.4
8d4d143d-13c3-4de1-b1dc-1bd3d17f129c,22/09/2016,Sep-16,9,2016,ALEXANDRA,Minor Dam,134,8.72,59.1,44.1
394a4104-0d0b-4a80-a467-f1b06bc76dd0,23/09/2016,Sep-16,9,2016,ALEXANDRA,Minor Dam,134,8.71,59,44.03
bcd7eb6b-9fa3-476f-8996-964657e5791b,24/09/2016,Sep-16,9,2016,ALEXANDRA,Minor Dam,134,8.7,58.8,43.88
fb47bdd9-3f35-463c-adc6-fe46dd16e037,25/09/2016,Sep-16,9,2016,ALEXANDRA,Minor Dam,134,8.65,57.9,43.21
cf945357-7baf-4af2-b71d-f9f28e48a43c,26/09/2016,Sep-16,9,2016,ALEXANDRA,Minor Dam,134,8.67,58.3,43.51
49e501e0-1e10-4384-a651-d4c027e338e5,27/09/2016,Sep-16,9,2016,ALEXANDRA,Minor Dam,134,8.65,57.9,43.21
9db966a0-dce6-43bd-9c3f-05c35f59eea5,28/09/2016,Sep-16,9,2016,ALEXANDRA,Minor Dam,134,8.65,57.9,43.21
3a8b7288-e74b-4c99-904c-ed158cbc2b8f,29/09/2016,Sep-16,9,2016,ALEXANDRA,Minor Dam,134,8.67,58.3,43.51
e29105e3-0338-4117-af85-9b66f53acb2b,30/09/2016,Sep-16,9,2016,ALEXANDRA,Minor Dam,134,8.69,58.6,43.73
28fed03e-60ab-4fee-a4b7-6410d9904175,01/10/2016,Oct-16,10,2016,ALEXANDRA,Minor Dam,134,8.68,58.4,43.58
b2814c9f-9a28-4a4e-aa24-dd7fc3b6dd24,02/10/2016,Oct-16,10,2016,ALEXANDRA,Minor Dam,134,8.65,57.9,43.21
9c329157-ff77-4a03-9ae2-b84e1d524042,03/10/2016,Oct-16,10,2016,ALEXANDRA,Minor Dam,134,8.64,57.8,43.13
983ef0b2-000b-447e-b8a8-c277f27e3894,04/10/2016,Oct-16,10,2016,ALEXANDRA,Minor Dam,134,8.64,57.8,43.13
d412980a-04d8-48ba-b360-241a9b1c4540,05/10/2016,Oct-16,10,2016,ALEXANDRA,Minor Dam,134,8.62,57.4,42.84
841eb172-0526-40b8-9475-9d3670bba353,06/10/2016,Oct-16,10,2016,ALEXANDRA,Minor Dam,134,8.6,57.1,42.61
93169e32-38dc-457c-bcf8-e44bc5f4dfc0,07/10/2016,Oct-16,10,2016,ALEXANDRA,Minor Dam,134,8.59,56.9,42.46
95f46003-0d8e-497a-a60f-1aa8cfe7b4f2,08/10/2016,Oct-16,10,2016,ALEXANDRA,Minor Dam,134,8.57,56.6,42.24
889d15bc-c3b1-4247-9999-6645c2c0f537,09/10/2016,Oct-16,10,2016,ALEXANDRA,Minor Dam,134,8.56,56.4,42.09
a0aef607-35f3-467a-917a-0e66621cf844,10/10/2016,Oct-16,10,2016,ALEXANDRA,Minor Dam,134,8.55,56.2,41.94
c01b7bf5-d122-4597-991e-811b85c712a0,11/10/2016,Oct-16,10,2016,ALEXANDRA,Minor Dam,134,8.55,56.2,41.94
cf94aa29-60eb-4fd2-a5d5-aa8d93f19e27,12/10/2016,Oct-16,10,2016,ALEXANDRA,Minor Dam,134,8.56,56.4,42.09
6b809ba8-0b75-4e48-aff2-09801b007fa7,13/10/2016,Oct-16,10,2016,ALEXANDRA,Minor Dam,134,8.54,56.1,41.87
6f489550-3aec-43b6-9b8a-2e4f6b5a3eb1,14/10/2016,Oct-16,10,2016,ALEXANDRA,Minor Dam,134,8.52,55.7,41.57
6c9f1755-28d8-440d-87f6-4244b46af470,15/10/2016,Oct-16,10,2016,ALEXANDRA,Minor Dam,134,8.5,55.4,41.34
8591b3d5-d51e-433b-998f-6c44b6e7c875,16/10/2016,Oct-16,10,2016,ALEXANDRA,Minor Dam,134,8.49,55.2,41.19
e4b803a2-d3d5-4f3c-9790-ec146a7318e1,17/10/2016,Oct-16,10,2016,ALEXANDRA,Minor Dam,134,8.49,55.2,41.19
5e1fca39-4df2-4241-be24-0a41d5ce2413,18/10/2016,Oct-16,10,2016,ALEXANDRA,Minor Dam,134,8.47,54.9,40.97
9be3cc22-5ad2-4dcc-b89f-c629e6c88a20,19/10/2016,Oct-16,10,2016,ALEXANDRA,Minor Dam,134,8.46,54.7,40.82
f270d804-ee31-4cd2-806b-0302bb172aa3,20/10/2016,Oct-16,10,2016,ALEXANDRA,Minor Dam,134,8.44,54.4,40.6
bcdb1d99-1fc5-4e33-b9ea-88036bef8c73,21/10/2016,Oct-16,10,2016,ALEXANDRA,Minor Dam,134,8.43,54.2,40.45
2f7256ea-eb34-418b-99ed-a950147f9beb,22/10/2016,Oct-16,10,2016,ALEXANDRA,Minor Dam,134,8.42,54,40.3
bb8b2728-63ce-4ce2-8204-d9e171d8918f,23/10/2016,Oct-16,10,2016,ALEXANDRA,Minor Dam,134,8.42,54,40.3
cda91fa2-9dd7-48ee-a816-1bd371082163,24/10/2016,Oct-16,10,2016,ALEXANDRA,Minor Dam,134,8.41,53.9,40.22
f9269108-a487-4094-a77a-a8353d5e8dac,25/10/2016,Oct-16,10,2016,ALEXANDRA,Minor Dam,134,8.4,53.7,40.07
bc57d199-6410-496d-973e-d260ccd745fb,26/10/2016,Oct-16,10,2016,ALEXANDRA,Minor Dam,134,8.39,53.5,39.93
4c55fa8f-68b1-4fc6-bdec-69e9dafc6997,27/10/2016,Oct-16,10,2016,ALEXANDRA,Minor Dam,134,8.37,53.2,39.7
cc87dc1f-1536-47a5-b2ea-03218e25352f,28/10/2016,Oct-16,10,2016,ALEXANDRA,Minor Dam,134,8.36,53,39.55
77c959ad-8858-4cb9-bf01-4e11a8d29ced,29/10/2016,Oct-16,10,2016,ALEXANDRA,Minor Dam,134,8.35,52.8,39.4
cc0ad49b-cd41-4d45-820e-5604a91404c0,30/10/2016,Oct-16,10,2016,ALEXANDRA,Minor Dam,134,8.33,52.5,39.18
f00f7bfb-7ca2-45ec-a929-531436d12538,31/10/2016,Oct-16,10,2016,ALEXANDRA,Minor Dam,134,8.31,52.1,38.88
eaab1cb0-9b19-4863-aebf-54a5bb52b48d,01/11/2016,Nov-16,11,2016,ALEXANDRA,Minor Dam,134,8.3,52,38.81
a25faa72-d3f7-4e39-bb41-f50cb7c893f0,02/11/2016,Nov-16,11,2016,ALEXANDRA,Minor Dam,134,8.28,51.6,38.51
65e328d6-3ef1-46c6-8dd0-cbd46572fdfc,03/11/2016,Nov-16,11,2016,ALEXANDRA,Minor Dam,134,8.27,51.5,38.43
1107f25b-e790-4f47-a01e-5f23fbd7a883,04/11/2016,Nov-16,11,2016,ALEXANDRA,Minor Dam,134,8.25,51.1,38.13
7fd3f15b-d9a3-4485-a54a-0e6afd4ee1d6,05/11/2016,Nov-16,11,2016,ALEXANDRA,Minor Dam,134,8.24,51,38.06
e1928055-6392-462a-9904-0c5da94046e8,06/11/2016,Nov-16,11,2016,ALEXANDRA,Minor Dam,134,8.23,50.8,37.91
d86f80af-8007-4ca6-ac46-94466114af21,07/11/2016,Nov-16,11,2016,ALEXANDRA,Minor Dam,134,8.22,50.6,37.76
bd4613be-f2a0-4b0c-92b3-8ddbf5852748,08/11/2016,Nov-16,11,2016,ALEXANDRA,Minor Dam,134,8.19,50.1,37.39
29446052-878d-4836-8bf8-bf67b25a7425,09/11/2016,Nov-16,11,2016,ALEXANDRA,Minor Dam,134,8.17,49.8,37.16
71dbf689-5946-44dd-9305-f9d0c7916f96,10/11/2016,Nov-16,11,2016,ALEXANDRA,Minor Dam,134,8.15,49.4,36.87
2171c998-02ce-472e-bfef-1a5af2d13798,11/11/2016,Nov-16,11,2016,ALEXANDRA,Minor Dam,134,8.13,49.1,36.64
04ec066a-dfe2-4f57-be0c-72f5aeba2cee,12/11/2016,Nov-16,11,2016,ALEXANDRA,Minor Dam,134,8.11,48.7,36.34
bde5d7ef-0338-49e0-9c89-0baa43595452,13/11/2016,Nov-16,11,2016,ALEXANDRA,Minor Dam,134,8.1,48.6,36.27
70a7aa2e-aa69-4c78-be42-32c8467193d8,14/11/2016,Nov-16,11,2016,ALEXANDRA,Minor Dam,134,8.09,48.4,36.12
98aeb691-eb41-4512-89e1-58a3ab5b3e52,15/11/2016,Nov-16,11,2016,ALEXANDRA,Minor Dam,134,8.08,48.2,35.97
45c20730-9334-4243-a337-0ca53445a80d,16/11/2016,Nov-16,11,2016,ALEXANDRA,Minor Dam,134,8.07,48.1,35.9
c1e783f9-d0b3-47dc-9a99-96bdeda93f70,17/11/2016,Nov-16,11,2016,ALEXANDRA,Minor Dam,134,8.06,47.9,35.75
60aa331b-9c65-4d35-bc44-8a0cb2d7d549,18/11/2016,Nov-16,11,2016,ALEXANDRA,Minor Dam,134,8.05,47.7,35.6
c20b5f2d-0dfa-4791-9d10-be3fb33af27b,19/11/2016,Nov-16,11,2016,ALEXANDRA,Minor Dam,134,8.04,47.6,35.52
0de8f49f-1eb1-469d-90cf-f36ac1091a7c,20/11/2016,Nov-16,11,2016,ALEXANDRA,Minor Dam,134,8.02,47.2,35.22
f4a4b734-b53d-4fb4-bd0f-6aff68188277,21/11/2016,Nov-16,11,2016,ALEXANDRA,Minor Dam,134,8.01,47,35.07
689a4de9-4ee7-4698-a1b4-c498d25638b9,22/11/2016,Nov-16,11,2016,ALEXANDRA,Minor Dam,134,7.99,46.7,34.85
2508e7e7-1fd5-410c-8582-d4df84fd3827,23/11/2016,Nov-16,11,2016,ALEXANDRA,Minor Dam,134,7.97,46.5,34.7
22b3d1f4-5346-4700-be9b-a65267c29a49,24/11/2016,Nov-16,11,2016,ALEXANDRA,Minor Dam,134,7.96,46.3,34.55
7ef78b6b-54d7-431d-a57c-92f7a38db7ff,25/11/2016,Nov-16,11,2016,ALEXANDRA,Minor Dam,134,7.96,46.3,34.55
e5910073-73d9-44c4-9ac5-ae6bbca3e664,26/11/2016,Nov-16,11,2016,ALEXANDRA,Minor Dam,134,7.95,46.2,34.48
bcab4eac-14bb-44fd-932c-c6e30049e80a,27/11/2016,Nov-16,11,2016,ALEXANDRA,Minor Dam,134,7.94,46.1,34.4
cccba7fb-29ba-443f-8c7f-606d6ebe6e75,28/11/2016,Nov-16,11,2016,ALEXANDRA,Minor Dam,134,7.93,45.9,34.25
900dbe6a-6142-4cef-9094-8f4970533a12,29/11/2016,Nov-16,11,2016,ALEXANDRA,Minor Dam,134,7.92,45.8,34.18
56ac1eb1-bfe3-42c9-aec0-388e74117551,30/11/2016,Nov-16,11,2016,ALEXANDRA,Minor Dam,134,7.92,45.8,34.18
c5dfee2b-cc69-46aa-8cca-2304f5ae5911,01/12/2016,Dec-16,12,2016,ALEXANDRA,Minor Dam,134,7.9,45.5,33.96
d36a370c-99a2-43fb-b0d2-72ae2f417686,02/12/2016,Dec-16,12,2016,ALEXANDRA,Minor Dam,134,7.93,45.9,34.25
e9920530-3d45-4784-a943-249d9668c332,03/12/2016,Dec-16,12,2016,ALEXANDRA,Minor Dam,134,7.94,46.1,34.4
ccd4ca93-4d23-4607-8527-3bc9476ac024,04/12/2016,Dec-16,12,2016,ALEXANDRA,Minor Dam,134,4.24,10.1,7.54
f65f808c-20a8-4c21-84aa-445179ea5b19,05/12/2016,Dec-16,12,2016,ALEXANDRA,Minor Dam,134,7.94,46.1,34.4
36c2204d-785b-45ee-b166-d38533964617,06/12/2016,Dec-16,12,2016,ALEXANDRA,Minor Dam,134,7.86,45,33.58
c7beac68-f5ac-49b3-a785-fac265e7c668,07/12/2016,Dec-16,12,2016,ALEXANDRA,Minor Dam,134,7.85,44.9,33.51
b13e5a5f-d9c2-465b-b555-059cb4b66b65,08/12/2016,Dec-16,12,2016,ALEXANDRA,Minor Dam,134,7.84,44.7,33.36
e533dc5a-581a-4049-a228-d7ebfb9fc8e5,09/12/2016,Dec-16,12,2016,ALEXANDRA,Minor Dam,134,7.82,44.5,33.21
9d38bc77-2fca-4969-b6c0-6cac9d358c85,10/12/2016,Dec-16,12,2016,ALEXANDRA,Minor Dam,134,8,46.9,35
e68f1243-cc8d-4133-998d-6c467afc07e7,11/12/2016,Dec-16,12,2016,ALEXANDRA,Minor Dam,134,8.04,47.6,35.52
4d41c0e3-1a56-4e2c-8fd0-af31e98af127,12/12/2016,Dec-16,12,2016,ALEXANDRA,Minor Dam,134,8.05,47.7,35.6
cf71d653-2369-4f10-aec7-6e0ad0561d8c,13/12/2016,Dec-16,12,2016,ALEXANDRA,Minor Dam,134,8.04,47.6,35.52
77b5de40-8346-4da4-866d-c484802a1c02,14/12/2016,Dec-16,12,2016,ALEXANDRA,Minor Dam,134,8.04,47.6,35.52
769351aa-7c7b-4e16-9fab-86ef81ed1482,15/12/2016,Dec-16,12,2016,ALEXANDRA,Minor Dam,134,8.02,47.2,35.22
84810661-e22f-4b2b-9f4c-4440a65c847f,16/12/2016,Dec-16,12,2016,ALEXANDRA,Minor Dam,134,8,46.9,35
e0a2027b-8ea1-4343-9fe0-c3bfc6779c9d,17/12/2016,Dec-16,12,2016,ALEXANDRA,Minor Dam,134,7.98,46.6,34.78
4e1f4315-566b-44df-a743-1487cf998145,18/12/2016,Dec-16,12,2016,ALEXANDRA,Minor Dam,134,7.98,46.6,34.78
51cc20cd-d9db-4738-bd7c-9c5f93d2bf9b,19/12/2016,Dec-16,12,2016,ALEXANDRA,Minor Dam,134,7.98,46.6,34.78
9405f0d8-aaa8-4b58-a221-254f3bd6d8b3,20/12/2016,Dec-16,12,2016,ALEXANDRA,Minor Dam,134,7.96,46.3,34.55
5792eb0a-25a5-496f-b589-755ad06418ee,21/12/2016,Dec-16,12,2016,ALEXANDRA,Minor Dam,134,7.96,46.3,34.55
3035049c-6066-4c66-a97d-b445cd786be5,22/12/2016,Dec-16,12,2016,ALEXANDRA,Minor Dam,134,7.95,46.2,34.48
0b4c2baa-6e6a-4706-83ca-a0f92ab86202,23/12/2016,Dec-16,12,2016,ALEXANDRA,Minor Dam,134,7.94,46.1,34.4
a7476b9a-ee35-4318-9bd6-19675b8fab3d,24/12/2016,Dec-16,12,2016,ALEXANDRA,Minor Dam,134,7.92,45.8,34.18
4f228c8e-1283-4398-97f3-7ce36d26c586,25/12/2016,Dec-16,12,2016,ALEXANDRA,Minor Dam,134,7.95,46.2,34.48
0f07d61f-1027-4c3c-ab3f-708bb19c88f5,26/12/2016,Dec-16,12,2016,ALEXANDRA,Minor Dam,134,7.94,46.1,34.4
1947554c-7e3f-49ec-adcf-e414537d9b7d,27/12/2016,Dec-16,12,2016,ALEXANDRA,Minor Dam,134,7.93,45.9,34.25
52b88758-355e-43a3-ac94-35d6559c064e,28/12/2016,Dec-16,12,2016,ALEXANDRA,Minor Dam,134,7.92,45.8,34.18
9c6c9899-3477-419c-85af-cb12064e1878,29/12/2016,Dec-16,12,2016,ALEXANDRA,Minor Dam,134,7.91,45.7,34.1
e0435313-7cf9-409d-a4ea-e7d2dd5b03d7,30/12/2016,Dec-16,12,2016,ALEXANDRA,Minor Dam,134,7.9,45.5,33.96
d87c319b-e431-4ab0-aba7-3c506cd6f68b,31/12/2016,Dec-16,12,2016,ALEXANDRA,Minor Dam,134,7.9,45.5,33.96
a706ff9f-c6c9-4506-9ebf-1ce532b0a8c0,01/01/2017,Jan-17,1,2017,ALEXANDRA,Minor Dam,134,7.88,45.3,33.81
096b0ca2-c029-4b94-a2c2-1857ca5ea087,02/01/2017,Jan-17,1,2017,ALEXANDRA,Minor Dam,134,7.88,45.3,33.81
c8ee6850-5a74-4df2-bad8-481a4b257709,03/01/2017,Jan-17,1,2017,ALEXANDRA,Minor Dam,134,7.87,45.1,33.66
131e9c10-c613-45c0-823d-4c2ff1ad1ca4,04/01/2017,Jan-17,1,2017,ALEXANDRA,Minor Dam,134,7.86,45,33.58
ea980118-4bb7-4fe7-8f5c-352f03ceeff9,05/01/2017,Jan-17,1,2017,ALEXANDRA,Minor Dam,134,7.85,44.9,33.51
145e8043-8621-4a1b-9d94-479cbded935e,06/01/2017,Jan-17,1,2017,ALEXANDRA,Minor Dam,134,7.84,44.7,33.36
d0eb55ba-3c04-4ecf-9ca8-3e43d2044048,07/01/2017,Jan-17,1,2017,ALEXANDRA,Minor Dam,134,7.83,44.6,33.28
d1ca72f3-6571-4b90-b23f-7d8953f9eb93,08/01/2017,Jan-17,1,2017,ALEXANDRA,Minor Dam,134,7.82,44.5,33.21
80876278-0cc9-4f79-ae04-17ac87ec03f9,09/01/2017,Jan-17,1,2017,ALEXANDRA,Minor Dam,134,7.82,44.5,33.21
3899c913-601b-447a-b581-966633103945,10/01/2017,Jan-17,1,2017,ALEXANDRA,Minor Dam,134,7.81,44.3,33.06
bd25e865-7bc5-4fcd-831c-1c28e2ba23c5,11/01/2017,Jan-17,1,2017,ALEXANDRA,Minor Dam,134,7.81,44.3,33.06
89e9b33e-6a0a-44c9-bd1f-34c9bda5e72f,12/01/2017,Jan-17,1,2017,ALEXANDRA,Minor Dam,134,7.81,44.3,33.06
0d204cfc-bea7-4757-8b30-6ff05c90ee52,13/01/2017,Jan-17,1,2017,ALEXANDRA,Minor Dam,134,7.8,44.2,32.99
3ea9dd0c-6571-437f-a598-3aa776cd8665,14/01/2017,Jan-17,1,2017,ALEXANDRA,Minor Dam,134,7.79,44.1,32.91
a47a9a74-180a-4fdb-ba6a-ae7be7e70ba2,15/01/2017,Jan-17,1,2017,ALEXANDRA,Minor Dam,134,7.79,44.1,32.91
4013c9e6-24db-4825-b8d4-af3a36bcaed0,16/01/2017,Jan-17,1,2017,ALEXANDRA,Minor Dam,134,7.78,43.9,32.76
debf622e-7a00-4970-a428-9724d815e973,17/01/2017,Jan-17,1,2017,ALEXANDRA,Minor Dam,134,7.77,43.8,32.69
c888cb33-d63d-4a37-8ddc-bab5aa825b77,18/01/2017,Jan-17,1,2017,ALEXANDRA,Minor Dam,134,7.77,43.8,32.69
290912e4-e7ed-4b20-a983-be75c1a30408,19/01/2017,Jan-17,1,2017,ALEXANDRA,Minor Dam,134,7.77,43.8,32.69
fabd5c18-2805-4710-b761-dc89e4dd3414,20/01/2017,Jan-17,1,2017,ALEXANDRA,Minor Dam,134,7.77,43.8,32.69
6e215624-2385-4db1-8960-54936aa6a433,21/01/2017,Jan-17,1,2017,ALEXANDRA,Minor Dam,134,7.76,43.6,32.54
8f77fed9-2736-42b0-8b1b-a868f5a54430,22/01/2017,Jan-17,1,2017,ALEXANDRA,Minor Dam,134,7.75,43.5,32.46
f84ada64-2b0b-4561-a03d-517669f28544,23/01/2017,Jan-17,1,2017,ALEXANDRA,Minor Dam,134,7.75,43.5,32.46
a4375c39-d560-4975-8580-30a964dc7cd7,24/01/2017,Jan-17,1,2017,ALEXANDRA,Minor Dam,134,7.75,43.5,32.46
9072781d-45b4-41f4-8576-e83d803b14a3,25/01/2017,Jan-17,1,2017,ALEXANDRA,Minor Dam,134,7.74,43.4,32.39
c94d27f2-59f2-4611-8d63-12c695f4344a,26/01/2017,Jan-17,1,2017,ALEXANDRA,Minor Dam,134,7.74,43.4,32.39
2dad39b7-b035-43f8-b8eb-b95cecff3240,27/01/2017,Jan-17,1,2017,ALEXANDRA,Minor Dam,134,7.74,43.4,32.39
e06935d6-4255-4969-9315-4f2c872af525,28/01/2017,Jan-17,1,2017,ALEXANDRA,Minor Dam,134,7.76,43.6,32.54
b7daf501-77e1-4812-a613-a8860d729795,29/01/2017,Jan-17,1,2017,ALEXANDRA,Minor Dam,134,7.77,43.8,32.69
d855711e-4fcf-4586-b487-403d74834a15,30/01/2017,Jan-17,1,2017,ALEXANDRA,Minor Dam,134,7.77,43.8,32.69
0bfda176-dba1-4be0-98fb-01da8a287e02,31/01/2017,Jan-17,1,2017,ALEXANDRA,Minor Dam,134,7.78,43.9,32.76
d6c95c1e-8e4c-4dfa-bc1b-a2277a5ec102,01/02/2017,Feb-17,2,2017,ALEXANDRA,Minor Dam,134,7.78,43.9,32.76
e7caae28-ff74-4299-bfb3-2cf6f7095d96,02/02/2017,Feb-17,2,2017,ALEXANDRA,Minor Dam,134,7.77,43.8,32.69
02a3364b-57a2-426f-9d1b-c107d9ed67e3,03/02/2017,Feb-17,2,2017,ALEXANDRA,Minor Dam,134,7.77,43.78,32.67
f4e066b4-2c9e-4256-bc8c-a25192b73da4,04/02/2017,Feb-17,2,2017,ALEXANDRA,Minor Dam,134,7.76,43.65,32.57
6846acf0-a81d-40cd-a976-2ea6eb6915f0,05/02/2017,Feb-17,2,2017,ALEXANDRA,Minor Dam,134,7.75,43.51,32.47
37b313e2-7274-4c22-9f63-b85a5ca28417,06/02/2017,Feb-17,2,2017,ALEXANDRA,Minor Dam,134,7.75,43.51,32.47
f0cda2ec-5802-4946-8b44-194567e4e2d3,07/02/2017,Feb-17,2,2017,ALEXANDRA,Minor Dam,134,7.75,43.51,32.47
b14569dc-6272-44ad-b1ec-d4b1cc1a427f,08/02/2017,Feb-17,2,2017,ALEXANDRA,Minor Dam,134,7.76,43.65,32.57
a24d2b2d-da83-47f2-832c-bc3e748431a1,09/02/2017,Feb-17,2,2017,ALEXANDRA,Minor Dam,134,7.75,43.51,32.47
e03d47d7-2401-480a-a458-7b50e91664ec,10/02/2017,Feb-17,2,2017,ALEXANDRA,Minor Dam,134,7.74,43.38,32.37
a348682c-3527-4e68-8a02-4fde47a759d7,11/02/2017,Feb-17,2,2017,ALEXANDRA,Minor Dam,134,7.76,43.65,32.57
a08a8751-451b-4a6e-b481-57c23d484d89,12/02/2017,Feb-17,2,2017,ALEXANDRA,Minor Dam,134,7.73,43.24,32.27
7b0a86ff-b353-4823-b2f5-9f61a08a0e6a,13/02/2017,Feb-17,2,2017,ALEXANDRA,Minor Dam,134,7.73,43.24,32.27
3d8c6a7e-a0e6-4479-b075-9fb706f61564,14/02/2017,Feb-17,2,2017,ALEXANDRA,Minor Dam,134,7.72,43.11,32.17
33d92f09-8514-4af0-bb1e-30b52bb3f4fb,15/02/2017,Feb-17,2,2017,ALEXANDRA,Minor Dam,134,7.81,44.32,33.07
d18b6dae-d902-4b1c-a3c0-a994dbf49f4d,16/02/2017,Feb-17,2,2017,ALEXANDRA,Minor Dam,134,7.78,43.92,32.78
62651e05-6cd7-433a-b016-e1b26446349a,17/02/2017,Feb-17,2,2017,ALEXANDRA,Minor Dam,134,7.77,43.78,32.67
9ed53ca3-0300-47c3-aa3e-ec15b452e6f4,18/02/2017,Feb-17,2,2017,ALEXANDRA,Minor Dam,134,7.76,43.65,32.57
dd5e3ec6-5fa0-4758-aea1-5656d19fd09f,19/02/2017,Feb-17,2,2017,ALEXANDRA,Minor Dam,134,7.76,43.65,32.57
1218cbb1-7422-4748-9871-e02dd31c5c09,20/02/2017,Feb-17,2,2017,ALEXANDRA,Minor Dam,134,7.74,43.38,32.37
e81b0427-ec53-4092-bff1-99233fa8dfb2,21/02/2017,Feb-17,2,2017,ALEXANDRA,Minor Dam,134,7.74,43.38,32.37
1961e395-cd2e-4426-89ec-52432c509d84,22/02/2017,Feb-17,2,2017,ALEXANDRA,Minor Dam,134,7.74,43.38,32.37
be190d01-9ddf-4a95-bc90-fda136e17b36,23/02/2017,Feb-17,2,2017,ALEXANDRA,Minor Dam,134,7.72,43.11,32.17
03a9fe53-1a83-4d0b-b546-e3da1709fce5,24/02/2017,Feb-17,2,2017,ALEXANDRA,Minor Dam,134,7.72,43.11,32.17
45fca9a2-7641-4113-9df8-16c2fa6cd924,25/02/2017,Feb-17,2,2017,ALEXANDRA,Minor Dam,134,7.72,43.11,32.17
5e4e9d1c-d48c-4879-aee5-dbe2dcf483fa,26/02/2017,Feb-17,2,2017,ALEXANDRA,Minor Dam,134,7.7,42.84,31.97
667a3627-f600-4ea1-ac6e-74d1f3c83580,27/02/2017,Feb-17,2,2017,ALEXANDRA,Minor Dam,134,7.7,42.84,31.97
4e18aff7-5687-4689-b90b-cffbf861a7ad,28/02/2017,Feb-17,2,2017,ALEXANDRA,Minor Dam,134,7.69,42.71,31.87
4bad4000-87a6-4c1c-bab5-ac16d6295076,01/03/2017,Mar-17,3,2017,ALEXANDRA,Minor Dam,134,7.69,42.71,31.87
f6c0c7ee-d325-40b0-afa4-2d3b7b43d991,02/03/2017,Mar-17,3,2017,ALEXANDRA,Minor Dam,134,7.68,42.6,31.79
d5b49985-73d7-4363-88b6-0f0b9d36721c,03/03/2017,Mar-17,3,2017,ALEXANDRA,Minor Dam,134,7.67,42.44,31.67
6e0bf989-0cb3-4d19-b895-d95d4d096d84,04/03/2017,Mar-17,3,2017,ALEXANDRA,Minor Dam,134,7.66,42.3,31.57
4b403642-c7d7-4bf2-b08c-4708a7495bcd,05/03/2017,Mar-17,3,2017,ALEXANDRA,Minor Dam,134,7.61,41.63,31.07
4a787462-5c0b-413f-8990-ececd49c385a,06/03/2017,Mar-17,3,2017,ALEXANDRA,Minor Dam,134,7.61,41.63,31.07
1b4d672f-f63d-44a6-a7c1-ce277f3ca897,07/03/2017,Mar-17,3,2017,ALEXANDRA,Minor Dam,134,7.66,42.3,31.57
7121c397-a6d0-4f66-ae89-99018ef74e56,08/03/2017,Mar-17,3,2017,ALEXANDRA,Minor Dam,134,7.65,42.17,31.47
7375a7ee-a00b-411b-abec-f45b5103bb62,09/03/2017,Mar-17,3,2017,ALEXANDRA,Minor Dam,134,7.64,42.04,31.37
132b8dc0-763b-412a-ace6-d38a3e0b8629,10/03/2017,Mar-17,3,2017,ALEXANDRA,Minor Dam,134,7.63,41.9,31.27
dfb8921e-8f89-4dce-bf9f-c8c07d6a170d,11/03/2017,Mar-17,3,2017,ALEXANDRA,Minor Dam,134,7.62,41.77,31.17
a85518c8-0822-4870-b72e-48a12ba29f36,12/03/2017,Mar-17,3,2017,ALEXANDRA,Minor Dam,134,7.62,41.77,31.17
1e55cc35-9bb9-4927-9168-1401ae7dcdc3,13/03/2017,Mar-17,3,2017,ALEXANDRA,Minor Dam,134,7.61,41.63,31.07
2bfa8f51-ec70-4bae-aed8-2d74eec2d8c6,14/03/2017,Mar-17,3,2017,ALEXANDRA,Minor Dam,134,7.6,41.5,30.97
2434f014-6e49-4086-af3d-c85d645402b3,15/03/2017,Mar-17,3,2017,ALEXANDRA,Minor Dam,134,7.59,41.36,30.87
3fe4f031-daa3-4b09-bfb1-4774809a9b03,16/03/2017,Mar-17,3,2017,ALEXANDRA,Minor Dam,134,7.61,41.63,31.07
9d1d8f0b-5e70-4bfb-868e-af4952db05c9,17/03/2017,Mar-17,3,2017,ALEXANDRA,Minor Dam,134,7.62,41.77,31.17
a5847f3b-192b-40e5-a52d-ee55526b77b8,18/03/2017,Mar-17,3,2017,ALEXANDRA,Minor Dam,134,4.63,12.55,9.37
d5918364-d82f-4dc2-965c-de6c66fce19a,19/03/2017,Mar-17,3,2017,ALEXANDRA,Minor Dam,134,4.64,12.61,9.41
2492aa00-57cc-4d2f-a348-e24377b04374,20/03/2017,Mar-17,3,2017,ALEXANDRA,Minor Dam,134,7.63,41.9,31.27
f04baacc-9fef-4f9a-b1cc-c9c31478ec02,21/03/2017,Mar-17,3,2017,ALEXANDRA,Minor Dam,134,7.62,41.77,31.17
e6978c1d-5ddb-4acf-b6b3-07a3dc77480e,22/03/2017,Mar-17,3,2017,ALEXANDRA,Minor Dam,134,7.61,41.63,31.07
9b8b7a36-a783-4d75-a39f-7d70adb4d49b,23/03/2017,Mar-17,3,2017,ALEXANDRA,Minor Dam,134,7.6,41.5,30.97
25f776af-e29f-42e8-b686-abd7d9d8bdb0,24/03/2017,Mar-17,3,2017,ALEXANDRA,Minor Dam,134,7.59,41.36,30.87
a61b16d5-375b-4f29-9aae-9b6560ae0fb1,25/03/2017,Mar-17,3,2017,ALEXANDRA,Minor Dam,134,7.6,41.5,30.97
321122df-788c-43ad-920f-48012c878232,26/03/2017,Mar-17,3,2017,ALEXANDRA,Minor Dam,134,7.59,41.36,30.87
edf26ba2-9488-486f-9210-91aebe005c3b,27/03/2017,Mar-17,3,2017,ALEXANDRA,Minor Dam,134,7.57,41.1,30.67
aa490756-99b1-411e-b423-1e32baacd97c,28/03/2017,Mar-17,3,2017,ALEXANDRA,Minor Dam,134,7.57,41.1,30.67
95635ec8-10e7-41c4-88b4-09fa80c41ff1,29/03/2017,Mar-17,3,2017,ALEXANDRA,Minor Dam,134,7.57,41.1,30.67
7a75e500-77bf-482c-9646-906105b665a7,30/03/2017,Mar-17,3,2017,ALEXANDRA,Minor Dam,134,7.57,41.1,30.67
4a83b683-c464-4cc6-ae11-4bb32d9a8ab1,31/03/2017,Mar-17,3,2017,ALEXANDRA,Minor Dam,134,7.57,41.1,30.67
7fdf2215-013a-49cf-addc-c09a02172c75,01/04/2017,Apr-17,4,2017,ALEXANDRA,Minor Dam,134,7.57,41.1,30.67
9ac62974-2ac5-4286-8736-04d6b49e9768,02/04/2017,Apr-17,4,2017,ALEXANDRA,Minor Dam,134,7.59,41.36,30.87
7a4e29a5-e177-4ff9-abd1-a2b4eae8db8a,03/04/2017,Apr-17,4,2017,ALEXANDRA,Minor Dam,134,7.59,41.36,30.87
366be1b3-cf11-4f97-b808-965afa289a4b,04/04/2017,Apr-17,4,2017,ALEXANDRA,Minor Dam,134,7.58,41.23,30.77
bcb110d1-9e52-480f-ac7d-4323811d23db,05/04/2017,Apr-17,4,2017,ALEXANDRA,Minor Dam,134,7.58,41.23,30.77
3a99905a-072c-4818-a345-f22fb4b7fb9c,06/04/2017,Apr-17,4,2017,ALEXANDRA,Minor Dam,134,7.57,41.1,30.67
d6cb7e59-b0a0-4132-8a60-35bfebce5c3d,07/04/2017,Apr-17,4,2017,ALEXANDRA,Minor Dam,134,7.57,41.1,30.67
e938900c-ed07-48b1-bdbe-5b911ddb9183,08/04/2017,Apr-17,4,2017,ALEXANDRA,Minor Dam,134,7.57,41.1,30.67
b510db1a-58c2-4776-adf4-e3e02b88d68e,09/04/2017,Apr-17,4,2017,ALEXANDRA,Minor Dam,134,7.57,41.1,30.67
3931e1e8-bedf-4093-ad4a-134c1c26bfcd,10/04/2017,Apr-17,4,2017,ALEXANDRA,Minor Dam,134,7.56,40.96,30.57
f3f7ad85-a2b4-4e78-bb55-69dd4cc3eb62,11/04/2017,Apr-17,4,2017,ALEXANDRA,Minor Dam,134,7.55,40.83,30.47
68ad7433-5caf-4ee4-9c19-3246859668e7,12/04/2017,Apr-17,4,2017,ALEXANDRA,Minor Dam,134,7.58,41.23,30.77
a56dbeb8-4697-4e50-8a46-dd195a78b98f,13/04/2017,Apr-17,4,2017,ALEXANDRA,Minor Dam,134,7.56,40.96,30.57
5497323a-254f-4861-b4f2-bb43311122f8,14/04/2017,Apr-17,4,2017,ALEXANDRA,Minor Dam,134,7.58,41.23,30.77
efb56ea5-d17c-4572-9321-6a61f7544d13,15/04/2017,Apr-17,4,2017,ALEXANDRA,Minor Dam,134,7.71,42.98,32.07
09e46f3c-d604-44c2-9244-3a581660936b,16/04/2017,Apr-17,4,2017,ALEXANDRA,Minor Dam,134,7.7,42.84,31.97
8b57e7b2-7cae-4297-a0c1-59c722989550,17/04/2017,Apr-17,4,2017,ALEXANDRA,Minor Dam,134,7.68,42.57,31.77
50dc5aa3-ffff-43a3-90bf-bbd652a07b70,18/04/2017,Apr-17,4,2017,ALEXANDRA,Minor Dam,134,7.66,42.3,31.57
5d30fde2-b934-4ad7-b13b-d15ac246d691,19/04/2017,Apr-17,4,2017,ALEXANDRA,Minor Dam,134,7.66,42.3,31.57
37bc441b-4016-45bd-8eab-436d71643c4e,20/04/2017,Apr-17,4,2017,ALEXANDRA,Minor Dam,134,7.62,41.77,31.17
ca54b903-dc25-4db3-aee9-e3aa500f4b7e,21/04/2017,Apr-17,4,2017,ALEXANDRA,Minor Dam,134,7.61,41.63,31.07
1275b09b-ddfb-4e53-8941-7b54b38eaa87,22/04/2017,Apr-17,4,2017,ALEXANDRA,Minor Dam,134,7.6,41.5,30.97
416d0efe-00da-4707-8e04-31d337f2644a,23/04/2017,Apr-17,4,2017,ALEXANDRA,Minor Dam,134,7.59,41.36,30.87
7b6c8e5a-c3bc-4cb6-aed5-9bf5edc50154,24/04/2017,Apr-17,4,2017,ALEXANDRA,Minor Dam,134,7.58,41.23,30.77
03c8a26a-d51e-4885-859e-daed243622b4,25/04/2017,Apr-17,4,2017,ALEXANDRA,Minor Dam,134,7.58,41.23,30.77
18bc2234-6047-46d0-91fa-c68bb71abaaf,26/04/2017,Apr-17,4,2017,ALEXANDRA,Minor Dam,134,7.57,41.1,30.67
09cdd923-a05e-426e-8042-32d37e91d152,27/04/2017,Apr-17,4,2017,ALEXANDRA,Minor Dam,134,7.57,41.1,30.67
07a24c53-b024-4ec4-8455-738bfb69d695,28/04/2017,Apr-17,4,2017,ALEXANDRA,Minor Dam,134,7.59,41.36,30.87
63b28557-7507-4a6f-988f-2003276bb682,29/04/2017,Apr-17,4,2017,ALEXANDRA,Minor Dam,134,7.59,41.36,30.87
ea3d2ef6-9d76-4cbb-b838-3801727bf61a,30/04/2017,Apr-17,4,2017,ALEXANDRA,Minor Dam,134,7.58,41.23,30.77
e5927159-50d0-4542-a5ab-b598c4dd036b,01/05/2017,May-17,5,2017,ALEXANDRA,Minor Dam,134,7.58,41.23,30.77
3cb0a0ac-527a-4b7c-9df3-832291d6b75f,02/05/2017,May-17,5,2017,ALEXANDRA,Minor Dam,134,7.58,41.23,30.77
8220579b-215e-44d4-affb-d9f7a6ed832b,03/05/2017,May-17,5,2017,ALEXANDRA,Minor Dam,134,7.6,41.5,30.97
31ebb481-1bdd-467b-92c6-96230d1ac167,04/05/2017,May-17,5,2017,ALEXANDRA,Minor Dam,134,7.58,41.23,30.77
b529d0cb-ff55-489f-9b2d-4208f9bed9ed,05/05/2017,May-17,5,2017,ALEXANDRA,Minor Dam,134,7.56,40.96,30.57
b49f1403-35a7-4c68-ac1b-e01fd389bf67,06/05/2017,May-17,5,2017,ALEXANDRA,Minor Dam,134,7.54,40.69,30.37
8b58b515-7d46-4fe0-a8d3-a5be15c9bafc,07/05/2017,May-17,5,2017,ALEXANDRA,Minor Dam,134,7.54,40.69,30.37
b4f019bf-89dc-498c-8407-0f5f3ad34062,08/08/2017,Aug-17,8,2017,ALEXANDRA,Minor Dam,134,7.56,40.96,30.57
4e26e726-727b-48e3-8971-b7309ed8a6f6,09/05/2017,May-17,5,2017,ALEXANDRA,Minor Dam,134,7.57,41.1,30.67
58a40d40-c848-40c1-b14c-42f05c606fb3,10/05/2017,May-17,5,2017,ALEXANDRA,Minor Dam,134,7.57,41.1,30.67
4dfe21d0-2678-454a-b71a-d16a4736ffeb,11/05/2017,May-17,5,2017,ALEXANDRA,Minor Dam,134,7.57,41.1,30.67
351a78eb-c312-4de2-839e-25863d6b5191,12/05/2017,May-17,5,2017,ALEXANDRA,Minor Dam,134,7.58,41.23,30.77
fe17744d-4756-4909-b461-8370524af730,13/05/2017,May-17,5,2017,ALEXANDRA,Minor Dam,134,7.59,41.36,30.87
ceb732e8-364d-4fdd-a35a-7eb48e6120ff,14/05/2017,May-17,5,2017,ALEXANDRA,Minor Dam,134,7.59,41.36,30.87
86681c8e-3f37-449d-b686-1013dba461b3,15/05/2017,May-17,5,2017,ALEXANDRA,Minor Dam,134,7.57,41.1,30.67
c1fb5789-a857-4b65-bb38-fe3d68dba8fd,16/05/2017,May-17,5,2017,ALEXANDRA,Minor Dam,134,7.57,41.1,30.67
98b75735-2c42-4c99-a723-37009adabd76,17/05/2017,May-17,5,2017,ALEXANDRA,Minor Dam,134,7.56,40.96,30.57
357ca982-5c0f-48d7-b28e-16f100563198,18/05/2017,May-17,5,2017,ALEXANDRA,Minor Dam,134,7.56,40.96,30.57
bc461e8b-6b22-4225-b697-80d5a915e28e,19/05/2017,May-17,5,2017,ALEXANDRA,Minor Dam,134,7.55,40.83,30.47
bab4498b-21d7-4a6e-8359-0b24a595a40a,20/05/2017,May-17,5,2017,ALEXANDRA,Minor Dam,134,7.55,40.83,30.47
8ffb6a90-0e71-4255-92ba-00d4fc29c5c6,21/05/2017,May-17,5,2017,ALEXANDRA,Minor Dam,134,7.55,40.83,30.47
5b3b9e71-573b-4578-8563-2fdbbb6730b8,22/05/2017,May-17,5,2017,ALEXANDRA,Minor Dam,134,7.55,40.83,30.47
7de891a3-18d3-47a5-b075-c1253c85994e,23/05/2017,May-17,5,2017,ALEXANDRA,Minor Dam,134,7.55,40.83,30.47
7436ef4b-3f7f-4d39-a4e4-54887d787dd3,24/05/2017,May-17,5,2017,ALEXANDRA,Minor Dam,134,7.54,40.69,30.37
6704dab3-4329-4621-94a9-b37f01d7a030,25/05/2017,May-17,5,2017,ALEXANDRA,Minor Dam,134,7.54,40.69,30.37
b0f78257-020e-4e24-90ba-22108506e304,26/05/2017,May-17,5,2017,ALEXANDRA,Minor Dam,134,7.54,40.69,30.37
ea04e4a5-1736-477b-adea-143d01f2e941,27/05/2017,May-17,5,2017,ALEXANDRA,Minor Dam,134,7.54,40.69,30.37
a5d2d5e6-780e-47f5-b889-4da0fb4e9bd2,28/05/2017,May-17,5,2017,ALEXANDRA,Minor Dam,134,7.56,40.96,30.57
dbbb21b9-fd38-4899-9037-9b62299587a7,29/05/2017,May-17,5,2017,ALEXANDRA,Minor Dam,134,7.57,41.1,30.67
939305da-5d44-40df-b37a-853e2c90a0b7,30/05/2017,May-17,5,2017,ALEXANDRA,Minor Dam,134,7.56,40.96,30.57
543498ca-d85d-407e-bb54-0b8522785167,31/05/2017,May-17,5,2017,ALEXANDRA,Minor Dam,134,7.54,40.69,30.37
b1f22a00-fbc2-4738-a890-f90be396992a,01/06/2017,Jun-17,6,2017,ALEXANDRA,Minor Dam,134,7.54,40.69,30.37
868c584f-f1e7-4620-8ce9-b7884f2f5061,02/06/2017,Jun-17,6,2017,ALEXANDRA,Minor Dam,134,7.52,40.42,30.16
05228fd7-8432-4eda-a427-a41a7374cefa,03/06/2017,Jun-17,6,2017,ALEXANDRA,Minor Dam,134,7.51,40.29,30.07
f47ba78d-66b9-4c7e-9c63-83f76f66612d,04/06/2017,Jun-17,6,2017,ALEXANDRA,Minor Dam,134,7.54,40.69,30.37
1b9abe34-7637-4a72-a949-c2b76ac58383,05/06/2017,Jun-17,6,2017,ALEXANDRA,Minor Dam,134,7.56,40.96,30.57
4f1ede90-6534-496b-9652-cdfc006ed0c9,06/06/2017,Jun-17,6,2017,ALEXANDRA,Minor Dam,134,7.57,41.1,30.67
1306428a-5b39-4746-8004-c7b6aaac4fba,07/06/2017,Jun-17,6,2017,ALEXANDRA,Minor Dam,134,7.56,40.96,30.57
09681cf1-cad5-41cb-b790-e4ca4a873f37,08/06/2017,Jun-17,6,2017,ALEXANDRA,Minor Dam,134,7.58,41.23,30.77
109a8f6e-8997-40ee-a935-b94688f022f8,09/06/2017,Jun-17,6,2017,ALEXANDRA,Minor Dam,134,7.64,42.04,31.37
e7b4a672-0783-4c0d-a504-d6e82887250e,10/06/2017,Jun-17,6,2017,ALEXANDRA,Minor Dam,134,7.67,42.44,31.67
36a4dcee-eca5-4913-bef5-84603a13ffe6,11/06/2017,Jun-17,6,2017,ALEXANDRA,Minor Dam,134,7.67,42.44,31.67
11736074-f612-4988-9bb1-d1f1c4695640,12/06/2017,Jun-17,6,2017,ALEXANDRA,Minor Dam,134,7.69,42.71,31.87
ad049d07-94b6-4f9c-9405-b570c2147b60,13/06/2017,Jun-17,6,2017,ALEXANDRA,Minor Dam,134,7.73,43.24,32.27
cc44a81f-5179-4659-a821-43d4cbfcddf0,14/06/2017,Jun-17,6,2017,ALEXANDRA,Minor Dam,134,8.11,48.74,36.37
99d76ddb-939e-4396-9132-b6de0b3c1377,15/06/2017,Jun-17,6,2017,ALEXANDRA,Minor Dam,134,8.22,50.62,37.78
a5e2d8e5-e444-412a-8e86-74c524528272,16/06/2017,Jun-17,6,2017,ALEXANDRA,Minor Dam,134,8.26,51.3,38.28
43fa2215-c290-48dd-9ab1-cf47d0429924,17/06/2017,Jun-17,6,2017,ALEXANDRA,Minor Dam,134,8.29,51.81,38.66
c942d2ab-c85b-4a08-9d5a-dd1ed8e52dcf,18/06/2017,Jun-17,6,2017,ALEXANDRA,Minor Dam,134,8.29,51.81,38.66
3f9faaba-6841-42a1-8f32-39fcc7641ff3,19/06/2017,Jun-17,6,2017,ALEXANDRA,Minor Dam,134,8.32,52.32,39.04
253f486e-a064-435e-a09c-7e78b108df22,20/06/2017,Jun-17,6,2017,ALEXANDRA,Minor Dam,134,8.34,52.66,39.3
482f8eee-19ce-403f-be07-7c1a2dd153b0,21/06/2017,Jun-17,6,2017,ALEXANDRA,Minor Dam,134,8.41,53.85,40.19
75297bac-538c-42a4-81d3-2095eb04fa9f,22/06/2017,Jun-17,6,2017,ALEXANDRA,Minor Dam,134,8.41,53.85,40.19
e952cf69-3155-403f-9480-323ee26beed8,23/06/2017,Jun-17,6,2017,ALEXANDRA,Minor Dam,134,8.48,55.04,41.07
00296755-bbf9-4348-9970-98f19ba329f8,24/06/2017,Jun-17,6,2017,ALEXANDRA,Minor Dam,134,8.55,56.24,41.97
3ba24c2c-cf23-4fd8-9135-d3246fb5030b,25/06/2017,Jun-17,6,2017,ALEXANDRA,Minor Dam,134,8.56,56.41,42.1
a94812b4-d676-46da-8e64-7e950257789e,26/06/2017,Jun-17,6,2017,ALEXANDRA,Minor Dam,134,8.55,56.24,41.97
2a39a6eb-5492-485a-8700-bd26be5af0d3,27/06/2017,Jun-17,6,2017,ALEXANDRA,Minor Dam,134,8.54,56.07,41.84
e799ee27-ba82-4b72-b480-deae77d677f9,28/06/2017,Jun-17,6,2017,ALEXANDRA,Minor Dam,134,8.53,55.9,41.72
ccba6fcc-108f-45b9-95b5-1b8432ff3eae,29/06/2017,Jun-17,6,2017,ALEXANDRA,Minor Dam,134,8.56,56.41,42.1
e1b2316c-190c-4f4f-b27f-7fd5d3e430d6,30/06/2017,Jun-17,6,2017,ALEXANDRA,Minor Dam,134,8.56,56.41,42.1
cdff9e9d-88ff-438a-9fc9-b8f5dfdbc9b9,01/07/2017,Jul-17,7,2017,ALEXANDRA,Minor Dam,134,8.57,56.58,42.22
48400c0a-439d-4aad-8b5c-a45c61cfb035,02/07/2017,Jul-17,7,2017,ALEXANDRA,Minor Dam,134,8.6,57.09,42.6
971c50af-a909-4709-99c7-03da6859deda,03/07/2017,Jul-17,7,2017,ALEXANDRA,Minor Dam,134,8.64,57.77,43.11
ed1896eb-fbc1-4f99-a6bf-86443f8e23af,04/07/2017,Jul-17,7,2017,ALEXANDRA,Minor Dam,134,8.67,58.28,43.49
1adda595-fdcb-4c6c-8b2c-3ab30feb7131,05/07/2017,Jul-17,7,2017,ALEXANDRA,Minor Dam,134,8.7,58.79,43.87
8c805efe-faae-4eef-9e2c-55e3a0f3390c,06/07/2017,Jul-17,7,2017,ALEXANDRA,Minor Dam,134,8.73,59.3,44.25
b711ce2c-f7e6-4f86-89cb-73e627b4a5b5,07/07/2017,Jul-17,7,2017,ALEXANDRA,Minor Dam,134,8.75,59.64,44.51
f37e77b4-366f-4603-90f2-8eadd906c74d,08/07/2017,Jul-17,7,2017,ALEXANDRA,Minor Dam,134,8.75,59.64,44.51
29a1a9bf-768e-405d-9448-f6beca4f2524,09/07/2017,Jul-17,7,2017,ALEXANDRA,Minor Dam,134,8.8,60.49,45.14
30243880-6b2e-44f3-83f2-7cb5e42a5acd,10/07/2017,Jul-17,7,2017,ALEXANDRA,Minor Dam,134,8.88,61.86,46.16
7726bdc4-6c66-4ea8-aefd-75c0461de82f,11/07/2017,Jul-17,7,2017,ALEXANDRA,Minor Dam,134,8.93,62.71,46.8
f0211bb2-268d-4da1-a0e9-7985b194c5d1,12/07/2017,Jul-17,7,2017,ALEXANDRA,Minor Dam,134,8.98,63.56,47.43
ddbd6a04-1153-4aa9-9c49-c4e6331618c8,13/07/2017,Jul-17,7,2017,ALEXANDRA,Minor Dam,134,8.99,63.73,47.56
28654fe5-ce07-4a0e-9636-a841af65d4b6,14/07/2017,Jul-17,7,2017,ALEXANDRA,Minor Dam,134,8.98,63.56,47.43
31b77ccb-1009-4572-a477-91a9fff9e8cd,15/07/2017,Jul-17,7,2017,ALEXANDRA,Minor Dam,134,8.97,63.39,47.31
84218586-8eee-4610-8dcd-b86aa8738fca,16/07/2017,Jul-17,7,2017,ALEXANDRA,Minor Dam,134,9.01,64.11,47.84
5d1561a6-45f5-4d7d-9549-d6da0ed4dc69,17/07/2017,Jul-17,7,2017,ALEXANDRA,Minor Dam,134,9.34,70.96,52.96
821b3fc6-caa1-4040-b412-e907a9bc0eda,18/07/2017,Jul-17,7,2017,ALEXANDRA,Minor Dam,134,9.48,73.87,55.13
820bada8-d611-480e-8f60-0023fa4c94f1,19/07/2017,Jul-17,7,2017,ALEXANDRA,Minor Dam,134,9.83,81.14,60.55
f6029007-efe9-425d-86ce-948f0d5acab4,20/07/2017,Jul-17,7,2017,ALEXANDRA,Minor Dam,134,9.52,74.7,55.75
612d8863-966d-4364-91d1-7b476dbea8db,21/07/2017,Jul-17,7,2017,ALEXANDRA,Minor Dam,134,9.58,75.95,56.68
f4af4cd6-4cab-4f2a-828b-98783a161c6d,22/07/2017,Jul-17,7,2017,ALEXANDRA,Minor Dam,134,9.65,77.4,57.76
17a10742-dbf8-43ba-b8b4-c2f1e9877caa,23/07/2017,Jul-17,7,2017,ALEXANDRA,Minor Dam,134,9.69,78.23,58.38
0ce4e01e-aae3-483a-86bd-a2bb4e378047,24/07/2017,Jul-17,7,2017,ALEXANDRA,Minor Dam,134,9.7,78.44,58.54
3b3a4c79-e48a-42da-94f1-708019fd9723,25/07/2017,Jul-17,7,2017,ALEXANDRA,Minor Dam,134,9.7,78.44,58.54
3d1a28b3-2b49-4089-a3ed-9f43659d649d,26/07/2017,Jul-17,7,2017,ALEXANDRA,Minor Dam,134,9.71,78.65,58.69
c1fa4b00-707f-4846-baa5-f9002dfb4235,27/07/2017,Jul-17,7,2017,ALEXANDRA,Minor Dam,134,9.73,79.06,59
75eac3dc-bd7f-41f8-b519-b9565980e04e,28/07/2017,Jul-17,7,2017,ALEXANDRA,Minor Dam,134,9.75,79.48,59.31
2de0d130-2a85-4ce7-8d74-325270519674,29/07/2017,Jul-17,7,2017,ALEXANDRA,Minor Dam,134,9.69,78.23,58.38
6ec99230-8c2d-4187-8953-1f9498ced480,30/07/2017,Jul-17,7,2017,ALEXANDRA,Minor Dam,134,9.69,78.23,58.38
618eece6-e8c2-476c-bafa-0726be48112f,31/07/2017,Jul-17,7,2017,ALEXANDRA,Minor Dam,134,9.69,78.23,58.38
cfd8fb43-43ee-41aa-827f-b8c478a15e86,01/08/2017,Aug-17,8,2017,ALEXANDRA,Minor Dam,134,9.67,77.82,58.07
95ef671a-277f-4044-a750-5c5a61d846ce,02/08/2017,Aug-17,8,2017,ALEXANDRA,Minor Dam,134,9.68,78.02,58.22
a4b006af-8bf9-4905-b6e0-db397e6218ac,03/08/2017,Aug-17,8,2017,ALEXANDRA,Minor Dam,134,9.8,80.52,60.09
3ceeffb8-e7a9-4d9e-accf-432c1cde075c,04/08/2017,Aug-17,8,2017,ALEXANDRA,Minor Dam,134,9.95,83.63,62.41
d95ed73f-0f75-4d58-9041-68ab2937d8a9,05/08/2017,Aug-17,8,2017,ALEXANDRA,Minor Dam,134,10,84.67,63.19
800d2ac8-3767-4e6b-9952-a975ffe00cd8,06/08/2017,Aug-17,8,2017,ALEXANDRA,Minor Dam,134,10,84.67,63.19
4feef50b-8df7-4bb6-9c80-7a6a3d8ef510,07/08/2017,Aug-17,8,2017,ALEXANDRA,Minor Dam,134,10,84.67,63.19
791b3f0d-c285-48b0-9ba5-87ba4a5447b6,08/08/2017,Aug-17,8,2017,ALEXANDRA,Minor Dam,134,9.99,84.46,63.03
3db65cc2-5e28-4238-86bd-aac5dbfc46b8,09/08/2017,Aug-17,8,2017,ALEXANDRA,Minor Dam,134,9.97,84.05,62.72
02742f89-5376-4b73-b363-9039b8182eb2,10/08/2017,Aug-17,8,2017,ALEXANDRA,Minor Dam,134,9.96,83.84,62.57
a54f0242-7f47-4676-afb4-f155041f5087,11/08/2017,Aug-17,8,2017,ALEXANDRA,Minor Dam,134,9.94,83.42,62.25
baed769f-a28e-4f33-94f4-7d84a9b38def,12/08/2017,Aug-17,8,2017,ALEXANDRA,Minor Dam,134,9.96,83.84,62.57
6dca9431-ffc0-4f3b-81bf-02a785576a8d,13/08/2017,Aug-17,8,2017,ALEXANDRA,Minor Dam,134,10,84.67,63.19
3a4ceb3e-f2c1-4b30-9014-256e68768ba9,14/08/2017,Aug-17,8,2017,ALEXANDRA,Minor Dam,134,10.03,85.38,63.72
d75a5035-1d64-438e-bf83-30c27d4a60ae,15/08/2017,Aug-17,8,2017,ALEXANDRA,Minor Dam,134,10.03,85.38,63.72
d670caff-f9fa-4adc-bb98-14271fb0dc37,16/08/2017,Aug-17,8,2017,ALEXANDRA,Minor Dam,134,10.05,85.86,64.07
695f1d0d-4063-47c4-b557-eae9865e7129,17/08/2017,Aug-17,8,2017,ALEXANDRA,Minor Dam,134,10.3,91.8,68.51
9b409579-26e1-4222-a156-da73af57f15b,18/08/2017,Aug-17,8,2017,ALEXANDRA,Minor Dam,134,10.45,95.37,71.17
4571929a-785c-44dc-97f3-c3184effd9e3,19/08/2017,Aug-17,8,2017,ALEXANDRA,Minor Dam,134,10.48,96.08,71.7
3aa8f76b-78d3-46fb-b1bf-1397fbc3d424,20/08/2017,Aug-17,8,2017,ALEXANDRA,Minor Dam,134,10.5,96.56,72.06
97462a92-4e0e-4649-88ae-5d82c7764601,21/08/2017,Aug-17,8,2017,ALEXANDRA,Minor Dam,134,10.52,97.03,72.41
c1a960b2-8b66-4ff4-a5b1-ddc42c463236,22/08/2017,Aug-17,8,2017,ALEXANDRA,Minor Dam,134,10.52,97.03,72.41
d0dff885-e567-4c82-9fb6-532c0e20acff,23/08/2017,Aug-17,8,2017,ALEXANDRA,Minor Dam,134,10.55,97.75,72.95
67956a78-28cc-4928-9a0f-062654719509,24/08/2017,Aug-17,8,2017,ALEXANDRA,Minor Dam,134,10.52,97.03,72.41
4726ce82-7eb4-4272-8a4b-dd9d719e649b,25/08/2017,Aug-17,8,2017,ALEXANDRA,Minor Dam,134,10.53,97.27,72.59
eb63f7c4-e8e6-43df-83a3-a1305c098b7b,26/08/2017,Aug-17,8,2017,ALEXANDRA,Minor Dam,134,10.58,98.46,73.48
332e4c25-e4f8-4769-80e9-ffab84ce3653,27/08/2017,Aug-17,8,2017,ALEXANDRA,Minor Dam,134,10.59,98.7,73.66
60bc5499-cd86-47ea-9021-f4ad566a4ea0,28/08/2017,Aug-17,8,2017,ALEXANDRA,Minor Dam,134,10.58,98.46,73.48
bfa8581b-9fe0-4a89-b2ba-5c064fc0aca1,29/08/2017,Aug-17,8,2017,ALEXANDRA,Minor Dam,134,10.56,97.98,73.12
c501f6c0-046f-48b7-a6a9-c5a6f23ee449,30/08/2017,Aug-17,8,2017,ALEXANDRA,Minor Dam,134,10.55,97.75,72.95
b1a6d62f-da7b-40fc-b71f-a57c1960a4e2,31/08/2017,Aug-17,8,2017,ALEXANDRA,Minor Dam,134,10.55,97.75,72.95
96151d6d-599a-44db-9205-1b73b7f8e3e6,01/09/2017,Sep-17,9,2017,ALEXANDRA,Minor Dam,134,10.59,98.7,73.66
ce8c56a8-c271-4d10-a125-b62e60f1d40b,02/09/2017,Sep-17,9,2017,ALEXANDRA,Minor Dam,134,10.61,99.17,74.01
1a0f703b-ff95-4d8f-a57e-a7d91a178e35,03/09/2017,Sep-17,9,2017,ALEXANDRA,Minor Dam,134,10.57,98.22,73.3
ea933285-b820-42ed-8fe3-6b07aa24ea11,04/09/2017,Sep-17,9,2017,ALEXANDRA,Minor Dam,134,10.55,97.75,72.95
5162dff9-0107-442f-9206-bd00121f1e70,05/09/2017,Sep-17,9,2017,ALEXANDRA,Minor Dam,134,10.53,97.27,72.59
afe8cb59-94ad-47b4-8e63-5e134dba733c,06/09/2017,Sep-17,9,2017,ALEXANDRA,Minor Dam,134,10.52,97.03,72.41
683371d5-efc9-4d52-af12-2797c2777291,07/09/2017,Sep-17,9,2017,ALEXANDRA,Minor Dam,134,10.51,96.79,72.23
dc0109db-1877-4ae1-9882-58eb644221c8,08/09/2017,Sep-17,9,2017,ALEXANDRA,Minor Dam,134,10.51,96.79,72.23
aedb9d50-a229-4682-a083-43d44c6a09fa,09/09/2017,Sep-17,9,2017,ALEXANDRA,Minor Dam,134,10.58,98.46,73.48
a77e9677-d166-407c-9669-662e4f6367c4,10/09/2017,Sep-17,9,2017,ALEXANDRA,Minor Dam,134,11.16,115.68,86.33
cc0cf207-3dd8-4f9f-b7e5-e25d017f611e,11/09/2017,Sep-17,9,2017,ALEXANDRA,Minor Dam,134,11.16,115.68,86.33
f69e3e6f-35dc-4ce9-80da-fd349ed3b880,12/09/2017,Sep-17,9,2017,ALEXANDRA,Minor Dam,134,11.16,115.68,86.33
f67dfbbf-1d2b-402f-8ad0-d6a2c52d2e06,13/09/2017,Sep-17,9,2017,ALEXANDRA,Minor Dam,134,11.14,114.78,85.66
1e93bc65-7471-4b6f-84b0-1822ae5bd5e1,14/09/2017,Sep-17,9,2017,ALEXANDRA,Minor Dam,134,11.13,114.33,85.32
fc97aa26-c8c5-408d-ab4d-bcd1e619f0a0,15/09/2017,Sep-17,9,2017,ALEXANDRA,Minor Dam,134,11.11,113.42,84.64
c79ebb30-791f-49ea-9a59-88c737068cc0,16/09/2017,Sep-17,9,2017,ALEXANDRA,Minor Dam,134,11.1,112.97,84.31
2821bfd7-6ff7-4495-b3c5-2f27e67dd489,17/09/2017,Sep-17,9,2017,ALEXANDRA,Minor Dam,134,11.1,112.97,84.31
c19f6d60-a05a-4482-9051-09c4f3c038ef,18/09/2017,Sep-17,9,2017,ALEXANDRA,Minor Dam,134,11.12,113.87,84.98
ce5fa0e7-e3e4-4c36-a7e0-49d205c98b67,19/09/2017,Sep-17,9,2017,ALEXANDRA,Minor Dam,134,11.09,112.52,83.97
37518c32-5294-4c22-b86c-e50bbfb42673,20/09/2017,Sep-17,9,2017,ALEXANDRA,Minor Dam,134,11.06,111.16,82.96
bd5352ee-60b4-46fb-a145-d8589cb8353a,21/09/2017,Sep-17,9,2017,ALEXANDRA,Minor Dam,134,11.03,109.8,81.94
75f9c1e0-8ef5-4f49-b1b7-f3ce812e2f26,22/09/2017,Sep-17,9,2017,ALEXANDRA,Minor Dam,134,10.99,108.21,80.75
8d00a99f-52c5-4499-b89e-6e9423887b78,23/09/2017,Sep-17,9,2017,ALEXANDRA,Minor Dam,134,10.94,107.02,79.87
b603b1bd-0b05-4612-84de-4899f779b1e7,24/09/2017,Sep-17,9,2017,ALEXANDRA,Minor Dam,134,10.91,106.3,79.33
851d5bfa-d143-4c5e-abee-7a03770fbfb7,25/09/2017,Sep-17,9,2017,ALEXANDRA,Minor Dam,134,10.88,105.59,78.8
0ef4f93e-bb4b-4750-b705-de3b82ef2102,26/09/2017,Sep-17,9,2017,ALEXANDRA,Minor Dam,134,10.85,104.88,78.27
78d76f2b-212a-4ab6-8ded-b4795b01e62a,27/09/2017,Sep-17,9,2017,ALEXANDRA,Minor Dam,134,10.82,104.16,77.73
219ab7db-adea-4c6f-bac9-59bd5b137b3d,28/09/2017,Sep-17,9,2017,ALEXANDRA,Minor Dam,134,10.79,103.45,77.2
48dfb8f3-d886-44cd-b657-8725b7e957cd,29/09/2017,Sep-17,9,2017,ALEXANDRA,Minor Dam,134,10.76,102.74,76.67
2e35f9e5-b2fa-4097-949a-d64fb57322a6,30/09/2017,Sep-17,9,2017,ALEXANDRA,Minor Dam,134,10.74,102.26,76.31
73105e45-bd5b-4f69-bd08-d8bf4744220c,01/10/2017,Oct-17,10,2017,ALEXANDRA,Minor Dam,134,10.7,101.31,75.6
a986ea50-7487-4379-9ae5-8f1436baf51d,02/10/2017,Oct-17,10,2017,ALEXANDRA,Minor Dam,134,10.67,100.6,75.07
7c3ea408-eb4a-4960-809c-2f65607df811,03/10/2017,Oct-17,10,2017,ALEXANDRA,Minor Dam,134,10.64,99.89,74.54
5362fa53-8971-4211-82ee-d14cccd12dfa,04/10/2017,Oct-17,10,2017,ALEXANDRA,Minor Dam,134,10.62,99.41,74.19
bc0d029d-2047-4b04-afbc-6128733adf77,05/10/2017,Oct-17,10,2017,ALEXANDRA,Minor Dam,134,10.64,99.89,74.54
a637e3fe-1ac8-480a-8867-fe739bbedd3e,06/10/2017,Oct-17,10,2017,ALEXANDRA,Minor Dam,134,10.64,99.89,74.54
8ff074c4-8af7-4381-a162-a9b208001e07,07/10/2017,Oct-17,10,2017,ALEXANDRA,Minor Dam,134,10.62,99.41,74.19
1d49474f-9cfc-47f3-92d8-c3e136c01ce2,08/10/2017,Oct-17,10,2017,ALEXANDRA,Minor Dam,134,10.6,98.93,73.83
4250d6e3-8d95-4c66-924e-6522204e2b3a,09/10/2017,Oct-17,10,2017,ALEXANDRA,Minor Dam,134,10.57,98.22,73.3
5eaa850e-d8aa-4af4-89a9-a63a3bcb0b87,10/10/2017,Oct-17,10,2017,ALEXANDRA,Minor Dam,134,10.54,97.51,72.77
0552ea1c-5ff5-4ce4-9152-fe8d51c48da9,11/10/2017,Oct-17,10,2017,ALEXANDRA,Minor Dam,134,10.5,96.56,72.06
9d5461bc-4ec0-4e15-96fe-deda47f2e9b1,12/10/2017,Oct-17,10,2017,ALEXANDRA,Minor Dam,134,10.47,95.84,71.52
51094e9b-1c34-452c-b0e4-d4886f0c2a40,13/10/2017,Oct-17,10,2017,ALEXANDRA,Minor Dam,134,10.44,95.13,70.99
21b9b114-9ca2-45ba-b0af-7d6c512aba2d,14/10/2017,Oct-17,10,2017,ALEXANDRA,Minor Dam,134,10.41,94.42,70.46
f0ebc2a6-6ace-4406-9aad-ba42ebd2b843,15/10/2017,Oct-17,10,2017,ALEXANDRA,Minor Dam,134,10.38,93.7,69.93
6a033931-b587-43a2-8af3-43da680344dc,16/10/2017,Oct-17,10,2017,ALEXANDRA,Minor Dam,134,10.36,93.23,69.57
0a43442b-d17f-4dea-aeda-817842ce3757,17/10/2017,Oct-17,10,2017,ALEXANDRA,Minor Dam,134,10.38,93.7,69.93
4e1d80d7-2645-4614-90a5-dbe73795e9a3,18/10/2017,Oct-17,10,2017,ALEXANDRA,Minor Dam,134,10.38,93.7,69.93
92bfed3d-c34e-43f6-bb64-fc7bfbd2d32c,19/10/2017,Oct-17,10,2017,ALEXANDRA,Minor Dam,134,10.35,92.99,69.4
1c2859aa-4676-41a6-96e6-07ef03f5b08d,20/10/2017,Oct-17,10,2017,ALEXANDRA,Minor Dam,134,10.35,92.99,69.4
8fee65a0-579b-466e-94e9-fd5008a883b8,21/10/2017,Oct-17,10,2017,ALEXANDRA,Minor Dam,134,10.35,92.99,69.4
55aa855d-3f7d-432d-a87c-4b437d0232e2,22/10/2017,Oct-17,10,2017,ALEXANDRA,Minor Dam,134,10.33,92.52,69.04
79c2c32c-5951-427b-b933-ab7e985a6da9,23/10/2017,Oct-17,10,2017,ALEXANDRA,Minor Dam,134,10.35,92.99,69.4
5e8fba24-64ec-4729-a57b-5dce3713fb78,24/10/2017,Oct-17,10,2017,ALEXANDRA,Minor Dam,134,10.32,92.28,68.87
3aa0f551-1ab8-45e2-b664-e3766231eef6,25/10/2017,Oct-17,10,2017,ALEXANDRA,Minor Dam,134,10.29,91.56,68.33
09c256ac-a1ab-4ed7-9b59-a80a37c66d4b,26/10/2017,Oct-17,10,2017,ALEXANDRA,Minor Dam,134,10.28,91.33,68.16
95c851f8-c08d-4775-b1c5-0bed90ab45e1,27/10/2017,Oct-17,10,2017,ALEXANDRA,Minor Dam,134,10.48,96.08,71.7
305b7b61-7375-48f7-8135-e10ddc271c0d,28/10/2017,Oct-17,10,2017,ALEXANDRA,Minor Dam,134,10.45,95.37,71.17
159a2680-764a-4875-9d55-6e2d637aa5db,29/10/2017,Oct-17,10,2017,ALEXANDRA,Minor Dam,134,10.42,94.66,70.64
e3723e0b-4324-4ad9-a6ee-4d28ee2dcc08,30/10/2017,Oct-17,10,2017,ALEXANDRA,Minor Dam,134,10.39,93.94,70.1
5b44ed5c-92d1-44a2-b34c-a4ef28484488,31/10/2017,Oct-17,10,2017,ALEXANDRA,Minor Dam,134,10.36,93.23,69.57
3ebb65ac-02ea-4fdf-9867-af3e0a46ccd0,01/11/2017,Nov-17,11,2017,ALEXANDRA,Minor Dam,134,10.33,92.52,69.04
84a8db87-4d3c-4a75-8f51-f283279c7f4f,02/11/2017,Nov-17,11,2017,ALEXANDRA,Minor Dam,134,10.29,91.56,68.33
3d906364-9733-4bd6-9c0b-36e2017d8953,03/11/2017,Nov-17,11,2017,ALEXANDRA,Minor Dam,134,10.26,90.85,67.8
6d24a18b-2ea5-4189-b452-d6e55563d8b7,04/11/2017,Nov-17,11,2017,ALEXANDRA,Minor Dam,134,10.23,90.14,67.27
510f8a1c-2165-47d0-ba8d-82b08d023ba4,05/11/2017,Nov-17,11,2017,ALEXANDRA,Minor Dam,134,10.23,90.14,67.27
ddfb09f8-f928-48ce-90d7-49f86cc28c49,06/11/2017,Nov-17,11,2017,ALEXANDRA,Minor Dam,134,10.21,89.66,66.91
5fef652b-5fde-4b1a-ab8c-5f62559a875b,07/11/2017,Nov-17,11,2017,ALEXANDRA,Minor Dam,134,10.19,89.19,66.56
400fcf3d-b990-4c3e-b1ca-6ecccab502f8,08/11/2017,Nov-17,11,2017,ALEXANDRA,Minor Dam,134,10.17,88.71,66.2
b8827d51-c37e-4ef0-8dfe-1faba86cd575,09/11/2017,Nov-17,11,2017,ALEXANDRA,Minor Dam,134,10.14,88,65.67
6f0d063d-295f-4276-a143-cb04137128fe,10/11/2017,Nov-17,11,2017,ALEXANDRA,Minor Dam,134,10.12,87.52,65.31
7f023982-f95f-4c25-ad1d-019c04486f06,11/11/2017,Nov-17,11,2017,ALEXANDRA,Minor Dam,134,10.14,88,65.67
e6223653-28dd-49d6-8a79-064738e13019,12/11/2017,Nov-17,11,2017,ALEXANDRA,Minor Dam,134,10.11,87.29,65.14
49c7a73b-d4a0-41c4-965e-f5fc1d28deca,13/11/2017,Nov-17,11,2017,ALEXANDRA,Minor Dam,134,10.08,86.57,64.6
4417e3b2-48cb-43e4-b549-1d2485d50e90,14/11/2017,Nov-17,11,2017,ALEXANDRA,Minor Dam,134,10.05,85.86,64.07
56458f3f-b34d-4f0a-abcd-b15678eea155,15/11/2017,Nov-17,11,2017,ALEXANDRA,Minor Dam,134,10.01,84.91,63.37
f5a2aef0-f795-4669-bcb2-27d7c405a956,16/11/2017,Nov-17,11,2017,ALEXANDRA,Minor Dam,134,10,84.67,63.19
1baeaa46-b708-41cf-bc44-fa7eda5d7b88,17/11/2017,Nov-17,11,2017,ALEXANDRA,Minor Dam,134,9.97,84.05,62.72
5aeb0a97-48e3-457c-b182-7264a0467e05,18/11/2017,Nov-17,11,2017,ALEXANDRA,Minor Dam,134,9.94,83.42,62.25
7d713921-4d9a-4b2d-a888-5f9abc534c23,19/11/2017,Nov-17,11,2017,ALEXANDRA,Minor Dam,134,9.92,83.01,61.95
1dafa500-6d10-43d0-8648-1388985d47c2,20/11/2017,Nov-17,11,2017,ALEXANDRA,Minor Dam,134,9.9,82.59,61.63
a136cbbe-f119-4f74-a638-5ec3ec0891ab,21/11/2017,Nov-17,11,2017,ALEXANDRA,Minor Dam,134,9.88,82.18,61.33
369545e6-176f-4c3c-a23d-bbce5d6f9b39,22/11/2017,Nov-17,11,2017,ALEXANDRA,Minor Dam,134,9.86,81.76,61.01
67011116-718a-4612-b8fd-2e46422253cb,23/11/2017,Nov-17,11,2017,ALEXANDRA,Minor Dam,134,9.84,81.35,60.71
e3963179-49be-4e93-a848-e41fe6610cbb,24/11/2017,Nov-17,11,2017,ALEXANDRA,Minor Dam,134,9.83,81.14,60.55
579a9e6c-5f55-43b7-9204-e3f1d4568134,25/11/2017,Nov-17,11,2017,ALEXANDRA,Minor Dam,134,9.82,80.93,60.4
dbe8d0df-5ac8-4d73-859a-bb6987868213,26/11/2017,Nov-17,11,2017,ALEXANDRA,Minor Dam,134,9.82,80.93,60.4
155f1c42-040a-4a57-8e6e-28a4ab02837d,27/11/2017,Nov-17,11,2017,ALEXANDRA,Minor Dam,134,9.81,80.72,60.24
2b3368e3-1b80-438e-b160-1e3f56f8f5d2,28/11/2017,Nov-17,11,2017,ALEXANDRA,Minor Dam,134,9.77,79.89,59.62
fbf8ced8-4c19-4c79-9cde-74a92f7de0f8,29/11/2017,Nov-17,11,2017,ALEXANDRA,Minor Dam,134,9.75,79.48,59.31
605411ec-c9a8-4c64-93cf-0268679ea57c,30/11/2017,Nov-17,11,2017,ALEXANDRA,Minor Dam,134,9.75,79.48,59.31
cf2788c3-b4c4-46a9-a138-937bc070d5c5,01/12/2017,Dec-17,12,2017,ALEXANDRA,Minor Dam,134,9.75,79.48,59.31
41a1ead0-4c82-457e-9690-c56f93004d53,02/12/2017,Dec-17,12,2017,ALEXANDRA,Minor Dam,134,9.68,78.02,58.22
7ddd3a82-424d-4bba-858b-72badad447d8,03/12/2017,Dec-17,12,2017,ALEXANDRA,Minor Dam,134,9.66,77.61,57.92
1fe2fa11-efed-44e4-80de-9f2fc29dcdc2,04/12/2017,Dec-17,12,2017,ALEXANDRA,Minor Dam,134,9.68,78.02,58.22
e5c5f8ad-357b-4bf2-b20f-69bd6f2ae140,05/12/2017,Dec-17,12,2017,ALEXANDRA,Minor Dam,134,9.66,77.61,57.92
b1025c14-4262-4b1b-b8ab-8efc025522e5,06/12/2017,Dec-17,12,2017,ALEXANDRA,Minor Dam,134,9.64,77.19,57.6
e15f8e41-8472-42e6-a6df-4ebc0a4e8d3c,07/12/2017,Dec-17,12,2017,ALEXANDRA,Minor Dam,134,9.61,76.57,57.14
743f3c7e-6efe-43d0-8b0c-030ab1439449,08/12/2017,Dec-17,12,2017,ALEXANDRA,Minor Dam,134,9.58,75.95,56.68
22b61f50-f256-4767-9f38-c3295155213c,09/12/2017,Dec-17,12,2017,ALEXANDRA,Minor Dam,134,9.55,75.32,56.21
e564c218-6959-4794-bfa9-008855fc77ed,10/12/2017,Dec-17,12,2017,ALEXANDRA,Minor Dam,134,9.52,74.7,55.75
7fed3ced-f8f6-44eb-9463-a29dbe120c4d,11/12/2017,Dec-17,12,2017,ALEXANDRA,Minor Dam,134,9.52,74.7,55.75
14bee154-f2be-491f-8326-9c7a7ada3146,12/12/2017,Dec-17,12,2017,ALEXANDRA,Minor Dam,134,9.47,73.66,54.97
b21028ed-f0b5-4e31-9102-d7e0821421b9,13/12/2017,Dec-17,12,2017,ALEXANDRA,Minor Dam,134,9.44,73.04,54.51
ed3fc2c0-9c78-43ac-89ae-3491a14e24a0,14/12/2017,Dec-17,12,2017,ALEXANDRA,Minor Dam,134,9.42,72.62,54.19
26f61f91-39fd-4788-8913-1b95dd8d3494,15/12/2017,Dec-17,12,2017,ALEXANDRA,Minor Dam,134,9.39,72,53.73
45467580-6c73-483a-8125-95732b917a22,16/12/2017,Dec-17,12,2017,ALEXANDRA,Minor Dam,134,9.37,71.58,53.42
8823ab49-48cc-463c-9bdc-8bef3ab56bf4,17/12/2017,Dec-17,12,2017,ALEXANDRA,Minor Dam,134,9.35,71.17,53.11
a504d56b-f212-4a31-91dc-79e969f82a6c,18/12/2017,Dec-17,12,2017,ALEXANDRA,Minor Dam,134,9.32,70.55,52.65
cbeba277-8bcc-4404-b82e-f6d1a1162aad,19/12/2017,Dec-17,12,2017,ALEXANDRA,Minor Dam,134,9.3,70.13,52.34
ffb4cfcb-5eda-423a-a92b-cb2121e1785f,20/12/2017,Dec-17,12,2017,ALEXANDRA,Minor Dam,134,9.28,69.71,52.02
de3c9688-9773-4400-97a8-6bbe5a6609c5,21/12/2017,Dec-17,12,2017,ALEXANDRA,Minor Dam,134,9.26,69.3,51.72
8baecdbc-a1fa-4992-8976-6be394c0e21b,22/12/2017,Dec-17,12,2017,ALEXANDRA,Minor Dam,134,9.24,68.88,51.4
fd29bb9e-3758-4dc3-8bce-fab3e653a88d,23/12/2017,Dec-17,12,2017,ALEXANDRA,Minor Dam,134,9.21,68.26,50.94
c584600f-109c-4a15-a672-5caecfece300,24/12/2017,Dec-17,12,2017,ALEXANDRA,Minor Dam,134,9.18,67.64,50.48
0bd284f0-c95f-46a1-8e9b-3c47866a3301,25/12/2017,Dec-17,12,2017,ALEXANDRA,Minor Dam,134,9.15,67.01,50.01
e33b650e-f86c-4abe-b32c-e05a998c5a43,26/12/2017,Dec-17,12,2017,ALEXANDRA,Minor Dam,134,9.12,66.39,49.54
91cc911f-a37b-498c-ab86-a74d45629aa0,27/12/2017,Dec-17,12,2017,ALEXANDRA,Minor Dam,134,9.09,65.77,49.08
5aaa0942-0adc-4662-b7bb-975b30ad8469,28/12/2017,Dec-17,12,2017,ALEXANDRA,Minor Dam,134,9.06,65.14,48.61
b6704e0c-7408-4d83-a3e8-c60eb57af0ac,29/12/2017,Dec-17,12,2017,ALEXANDRA,Minor Dam,134,9.03,64.52,48.15
2bae40e0-4023-412a-a456-a68707ab0385,30/12/2017,Dec-17,12,2017,ALEXANDRA,Minor Dam,134,9,63.9,47.69
3a6057df-ec55-46c0-ae1b-733da3b02317,31/12/2017,Dec-17,12,2017,ALEXANDRA,Minor Dam,134,8.99,63.73,47.56
518e2a99-6c0c-4b04-9300-f7fd05fb3737,01/01/2012,Jan-12,1,2012,BERG RIVER,Major Dam,130010,39.33,115930,89.17
3982cc73-d785-4e26-b8bb-01bd33af84bd,02/01/2012,Jan-12,1,2012,BERG RIVER,Major Dam,130010,39.12,114850,88.34
2c0a42f0-52c2-4754-a30b-c7b5e077858e,03/01/2012,Jan-12,1,2012,BERG RIVER,Major Dam,130010,39.01,114280,87.9
9000e445-5c09-419f-9de0-c6dc39b5d673,04/01/2012,Jan-12,1,2012,BERG RIVER,Major Dam,130010,38.91,113770,87.51
93feea27-8e53-47d5-963e-e39b66cd8d16,05/01/2012,Jan-12,1,2012,BERG RIVER,Major Dam,130010,38.84,113410,87.23
5b517886-7adc-4cad-8230-5204ac1bdbbb,06/01/2012,Jan-12,1,2012,BERG RIVER,Major Dam,130010,38.78,113100,86.99
c8277e2e-3ee9-49f4-a78a-94bfbb8395ea,07/01/2012,Jan-12,1,2012,BERG RIVER,Major Dam,130010,38.78,113100,86.99
3e2ffe2e-9663-491c-a1b7-c308580bbff6,08/01/2012,Jan-12,1,2012,BERG RIVER,Major Dam,130010,38.78,113100,86.99
1a91d194-02e3-4968-b2a1-4fa3f85b9e96,09/01/2012,Jan-12,1,2012,BERG RIVER,Major Dam,130010,38.78,113100,86.99
6267981e-bb9e-4d97-8514-c9faf4adfd1f,10/01/2012,Jan-12,1,2012,BERG RIVER,Major Dam,130010,38.52,111780,85.98
0ab657df-ad8e-4f2b-a1ca-ae961512b63d,11/01/2012,Jan-12,1,2012,BERG RIVER,Major Dam,130010,38.44,111370,85.66
1ba91059-fe1e-485c-ab89-fce5cc68a158,12/01/2012,Jan-12,1,2012,BERG RIVER,Major Dam,130010,37.44,111370,85.66
ee4ae9a7-5da3-48a5-9249-4333b060acc1,13/01/2012,Jan-12,1,2012,BERG RIVER,Major Dam,130010,38.28,110570,85.05
82e334fa-3fae-4812-8c31-2c7cf8c09f54,14/01/2012,Jan-12,1,2012,BERG RIVER,Major Dam,130010,38.28,110570,85.05
850d2bf1-a616-404b-ac93-1a7f77a16758,15/01/2012,Jan-12,1,2012,BERG RIVER,Major Dam,130010,38.28,110570,85.05
b1f090f6-e8f1-4fea-9de4-71af76c01930,16/01/2012,Jan-12,1,2012,BERG RIVER,Major Dam,130010,38.06,109460,84.19
8bb9c68b-6bfb-4269-a4b4-8c07085b218a,17/01/2012,Jan-12,1,2012,BERG RIVER,Major Dam,130010,37.98,109060,83.89
5cf4c82e-3150-4cce-bc13-cfc0ea4ff59a,18/01/2012,Jan-12,1,2012,BERG RIVER,Major Dam,130010,37.9,108650,83.57
6e300499-0bed-43c1-99f4-946b5399f9e8,19/01/2012,Jan-12,1,2012,BERG RIVER,Major Dam,130010,37.84,108340,83.33
60f2185e-2a6c-4f64-bcd2-a7b34b9bd799,20/01/2012,Jan-12,1,2012,BERG RIVER,Major Dam,130010,37.77,107990,83.06
9027bd17-34f8-41be-b15b-7bf3b2c343d2,21/01/2012,Jan-12,1,2012,BERG RIVER,Major Dam,130010,37.77,107990,83.06
7d2b5476-c8ae-45ea-b895-79ed77eb43c0,22/01/2012,Jan-12,1,2012,BERG RIVER,Major Dam,130010,37.77,107990,83.06
048811ad-3d5e-4e3b-a0e2-36e82842e934,23/01/2012,Jan-12,1,2012,BERG RIVER,Major Dam,130010,37.52,106720,82.09
33ebc401-4302-45ba-a5fd-f56408abc744,24/01/2012,Jan-12,1,2012,BERG RIVER,Major Dam,130010,37.41,106160,81.66
153017e5-3a8f-4601-90df-d16707e7b331,25/01/2012,Jan-12,1,2012,BERG RIVER,Major Dam,130010,37.28,105510,81.16
3f4b32da-396b-4ada-81fa-d2fbf64e76a8,26/01/2012,Jan-12,1,2012,BERG RIVER,Major Dam,130010,37.15,104860,80.66
f8e93ca5-c09b-47b6-8df9-d8fd5852d663,27/01/2012,Jan-12,1,2012,BERG RIVER,Major Dam,130010,37.07,104460,80.35
2b5d5c2f-dc71-4393-b461-f2511c8aad5c,28/01/2012,Jan-12,1,2012,BERG RIVER,Major Dam,130010,37.07,104460,80.35
6c934493-6b71-4c76-94b8-0a483f8a3a92,29/01/2012,Jan-12,1,2012,BERG RIVER,Major Dam,130010,37.07,104460,80.35
b257eff2-654b-40f7-a49c-f2538e2605ac,30/01/2012,Jan-12,1,2012,BERG RIVER,Major Dam,130010,36.77,102970,79.2
af6516de-0e9c-4d96-9e35-3e883a493417,31/01/2012,Jan-12,1,2012,BERG RIVER,Major Dam,130010,36.67,102470,78.82
23168de4-9660-4d83-bbcc-93f46fedc224,01/02/2012,Feb-12,2,2012,BERG RIVER,Major Dam,130010,36.58,102030,78.48
bcead00e-35c3-4806-8768-f2e0ed98f516,02/02/2012,Feb-12,2,2012,BERG RIVER,Major Dam,130010,36.49,101590,78.14
12fa997a-3931-4d0d-a77e-3747be0fb176,03/02/2012,Feb-12,2,2012,BERG RIVER,Major Dam,130010,36.38,101050,77.72
5371cf7f-0815-47ef-8493-0c2bce1317b6,04/02/2012,Feb-12,2,2012,BERG RIVER,Major Dam,130010,36.38,101050,77.72
7ea38d25-a60e-4770-92bc-0e300dfe625c,05/02/2012,Feb-12,2,2012,BERG RIVER,Major Dam,130010,36.38,101050,77.72
7b23eb0d-fd00-4107-91f1-3b24e6c314f7,06/02/2012,Feb-12,2,2012,BERG RIVER,Major Dam,130010,36.08,99590,76.6
3fdab181-bd17-45dc-b0a5-ea5a1eca5d8d,07/02/2012,Feb-12,2,2012,BERG RIVER,Major Dam,130010,35.98,99100,76.22
f9e135d2-a2d5-40b0-b47a-f60baf6a07e0,08/02/2012,Feb-12,2,2012,BERG RIVER,Major Dam,130010,35.89,98610,75.85
f8f88ac6-e8bd-41e8-a8a4-5722fe614f80,09/02/2012,Feb-12,2,2012,BERG RIVER,Major Dam,130010,35.77,98070,75.43
77d02010-e7ff-4c8d-9440-1ab75af5dfc5,10/02/2012,Feb-12,2,2012,BERG RIVER,Major Dam,130010,35.7,97721,75.16
e9b722c4-1f84-4f03-85e1-5e43741b7530,11/02/2012,Feb-12,2,2012,BERG RIVER,Major Dam,130010,35.7,97721,75.16
d2f0eda3-8162-4da4-b039-a172a77ffe2c,12/02/2012,Feb-12,2,2012,BERG RIVER,Major Dam,130010,35.7,97721,75.16
b875e1a9-b822-4670-87a9-0094c8c7fea6,13/02/2012,Feb-12,2,2012,BERG RIVER,Major Dam,130010,35.49,96700,74.38
672dee01-208a-42a2-aa6c-4417f046170d,14/02/2012,Feb-12,2,2012,BERG RIVER,Major Dam,130010,35.41,96310,74.08
09bcb549-959c-43a8-9876-c961f9ebe5cf,15/02/2012,Feb-12,2,2012,BERG RIVER,Major Dam,130010,35.32,95871,73.74
da987608-2739-4a1e-90c7-03774a9e7812,16/02/2012,Feb-12,2,2012,BERG RIVER,Major Dam,130010,35.24,95481,73.44
c7dd0205-55cb-4c3d-9733-70fd64936494,17/02/2012,Feb-12,2,2012,BERG RIVER,Major Dam,130010,35.15,95051,73.11
32f84fe4-4608-4389-93a4-30508acdb409,18/02/2012,Feb-12,2,2012,BERG RIVER,Major Dam,130010,35.15,95051,73.11
1f9c6c66-f529-4abc-acc1-1c646c269035,19/02/2012,Feb-12,2,2012,BERG RIVER,Major Dam,130010,35.15,95051,73.11
6cba3d94-9c5f-4c32-a849-7c21808a94b5,20/02/2012,Feb-12,2,2012,BERG RIVER,Major Dam,130010,34.9,93850,72.19
630d6413-2131-4466-b756-6771b2e4469a,21/02/2012,Feb-12,2,2012,BERG RIVER,Major Dam,130010,34.82,93471,71.9
942f8696-8adf-43ef-aa79-e523c938d3da,22/02/2012,Feb-12,2,2012,BERG RIVER,Major Dam,130010,34.73,93041,71.56
37ec9c17-9721-4aaa-bc53-54395640baee,23/02/2012,Feb-12,2,2012,BERG RIVER,Major Dam,130010,34.66,92701,71.3
4d6e700c-2b12-476c-8d04-1d36b1bbc245,24/02/2012,Feb-12,2,2012,BERG RIVER,Major Dam,130010,34.58,92320,71.01
d686207c-126a-4325-9a53-a6712d27559b,25/02/2012,Feb-12,2,2012,BERG RIVER,Major Dam,130010,34.58,92320,71.01
dcd4e794-edd3-483a-a4c6-e5685a5342b2,26/02/2012,Feb-12,2,2012,BERG RIVER,Major Dam,130010,34.58,92320,71.01
5c24193f-e5d0-4c98-b8ac-0c6b304a3bcc,27/02/2012,Feb-12,2,2012,BERG RIVER,Major Dam,130010,34.33,91140,70.1
c60687cc-52ae-443e-8684-6428718ff0f1,28/02/2012,Feb-12,2,2012,BERG RIVER,Major Dam,130010,34.25,90770,69.82
9a93cbd2-f8e6-46f3-bde4-dd4576440c31,29/02/2012,Feb-12,2,2012,BERG RIVER,Major Dam,130010,34.16,90350,69.49
ed5108fd-b0cb-4ddd-b83d-6c9492e06994,01/03/2012,Mar-12,3,2012,BERG RIVER,Major Dam,130010,34.06,89880,69.13
4dc894ae-46c9-4086-bdc8-91410ddd193b,02/03/2012,Mar-12,3,2012,BERG RIVER,Major Dam,130010,33.98,89510,68.85
272ebbd7-8973-40b7-8228-4672fc172615,03/03/2012,Mar-12,3,2012,BERG RIVER,Major Dam,130010,33.98,89510,68.85
4daf5613-6c29-435d-b18a-fb806a323bf4,04/03/2012,Mar-12,3,2012,BERG RIVER,Major Dam,130010,33.98,89510,68.85
98e13a96-999a-4185-ae58-89aa119f0e06,05/03/2012,Mar-12,3,2012,BERG RIVER,Major Dam,130010,33.72,88290,67.91
bbfffc96-799b-438a-aa5d-023a6aa45035,06/03/2012,Mar-12,3,2012,BERG RIVER,Major Dam,130010,33.62,87820,67.55
6e0fbc3e-c741-4433-aea7-76eb107b9515,07/03/2012,Mar-12,3,2012,BERG RIVER,Major Dam,130010,33.53,87400,67.23
4eab78f6-c7d8-4baf-950a-2e9d9c4feaaa,08/03/2012,Mar-12,3,2012,BERG RIVER,Major Dam,130010,33.44,86990,66.91
647e50c3-9376-4354-bd01-93c929d05dcd,09/03/2012,Mar-12,3,2012,BERG RIVER,Major Dam,130010,33.35,86570,66.59
bbd88aa1-73c3-459f-a652-45973931f867,10/03/2012,Mar-12,3,2012,BERG RIVER,Major Dam,130010,33.35,86570,66.59
db00dd43-2830-4e17-b6dd-ea2fde4146c4,11/03/2012,Mar-12,3,2012,BERG RIVER,Major Dam,130010,33.35,86570,66.59
a16ca31b-a3fe-4ad2-99f0-028d65e3373c,12/03/2012,Mar-12,3,2012,BERG RIVER,Major Dam,130010,33.08,85290,65.6
b0d1ef19-0160-4142-a102-9b038d2711f4,13/03/2012,Mar-12,3,2012,BERG RIVER,Major Dam,130010,33,84991,65.37
5b924cbc-dd11-43d7-8dec-83689f524306,14/03/2012,Mar-12,3,2012,BERG RIVER,Major Dam,130010,32.91,84560,65.04
6e6e5123-a54c-4706-a018-dd4dcdc8fcdf,15/03/2012,Mar-12,3,2012,BERG RIVER,Major Dam,130010,32.82,84150,64.73
c2f81673-8271-47e6-9572-d5537d20d43a,16/03/2012,Mar-12,3,2012,BERG RIVER,Major Dam,130010,32.74,83790,64.45
9ff3db85-cf6a-45a2-8cd0-e1b83420495b,17/03/2012,Mar-12,3,2012,BERG RIVER,Major Dam,130010,32.74,83790,64.45
68e6ffd2-5cbb-4e95-a9f1-d5a75c24bd8c,18/03/2012,Mar-12,3,2012,BERG RIVER,Major Dam,130010,32.74,83790,64.45
a51c2a2c-7879-4e0a-bb53-1335e60a96c0,19/03/2012,Mar-12,3,2012,BERG RIVER,Major Dam,130010,33.48,82620,63.55
12c3f6be-9d8b-4371-80e2-87767c9efd7d,20/03/2012,Mar-12,3,2012,BERG RIVER,Major Dam,130010,32.39,82210,63.23
3a959cda-326b-484a-bd37-d496e1cd6078,21/03/2012,Mar-12,3,2012,BERG RIVER,Major Dam,130010,32.3,81810,62.93
e61babd9-8d41-45e9-94cf-7aeb541cd4a1,22/03/2012,Mar-12,3,2012,BERG RIVER,Major Dam,130010,32.21,81410,62.62
f32f035f-60cb-4f63-8717-a740b8488137,23/03/2012,Mar-12,3,2012,BERG RIVER,Major Dam,130010,32.12,81010,62.31
2852fb7e-1775-45db-81c8-8064c9e2e2a8,24/03/2012,Mar-12,3,2012,BERG RIVER,Major Dam,130010,32.12,81010,62.31
6dd73072-f201-453d-8d5a-d43add188c15,25/03/2012,Mar-12,3,2012,BERG RIVER,Major Dam,130010,32.12,81010,62.31
c4e975e9-9a52-41a1-9328-a385806e8cf2,26/03/2012,Mar-12,3,2012,BERG RIVER,Major Dam,130010,31.84,79770,61.36
80801190-dd18-4591-a285-c2eb9e653742,27/03/2012,Mar-12,3,2012,BERG RIVER,Major Dam,130010,31.17,79370,61.05
0229ce91-fe10-4195-890e-0fc4cbd59c89,28/03/2012,Mar-12,3,2012,BERG RIVER,Major Dam,130010,31.18,79370,61.05
f9c65e36-84f1-40d4-949a-07c08745dba0,29/03/2012,Mar-12,3,2012,BERG RIVER,Major Dam,130010,31.57,78580,60.44
5295065e-b5e2-4e04-b175-633ff3bb3a60,30/03/2012,Mar-12,3,2012,BERG RIVER,Major Dam,130010,31.57,78580,60.44
8304d0e4-150c-4539-9f8a-557fbd549f86,31/03/2012,Mar-12,3,2012,BERG RIVER,Major Dam,130010,31.57,78580,60.44
bbc9b4a0-4196-44fb-8ca8-814432f745a6,01/04/2012,Apr-12,4,2012,BERG RIVER,Major Dam,130010,31.57,78580,60.44
d56a4403-312e-4d7b-b26c-dc1bbb569aa4,02/04/2012,Apr-12,4,2012,BERG RIVER,Major Dam,130010,31.47,78140,60.1
b85b4f5d-a105-40d3-8ee3-cce7c83af64d,03/04/2012,Apr-12,4,2012,BERG RIVER,Major Dam,130010,31.43,77980,59.98
2411a431-8b8f-43ff-8c04-eb938cb2aca6,04/04/2012,Apr-12,4,2012,BERG RIVER,Major Dam,130010,31.38,77550,59.65
29ce5533-1fb1-4a39-bb56-4302b167fc9b,05/04/2012,Apr-12,4,2012,BERG RIVER,Major Dam,130010,31.34,77570,59.66
42e2275c-2023-4870-85b6-83e40071f5d1,06/04/2012,Apr-12,4,2012,BERG RIVER,Major Dam,130010,31.34,77570,59.66
5ae422fb-c5f7-4968-a5a2-da03d896dc66,07/04/2012,Apr-12,4,2012,BERG RIVER,Major Dam,130010,31.34,77570,59.66
68fd4b45-94a6-46fc-be6a-a510b42e2177,08/04/2012,Apr-12,4,2012,BERG RIVER,Major Dam,130010,31.34,77570,59.66
97664585-9c2c-47eb-b335-913d722eea11,09/04/2012,Apr-12,4,2012,BERG RIVER,Major Dam,130010,31.46,78100,60.07
e1bac212-770e-4cb9-841b-4a3bbb62a80b,10/04/2012,Apr-12,4,2012,BERG RIVER,Major Dam,130010,31.48,78180,60.13
b2500908-173f-4490-ad57-78fb733b3792,11/04/2012,Apr-12,4,2012,BERG RIVER,Major Dam,130010,31.47,78140,60.1
4046e24b-d9e7-45f6-ae53-3b22cb76db98,12/04/2012,Apr-12,4,2012,BERG RIVER,Major Dam,130010,31.45,78050,60.03
597d09fc-4d55-46e2-a6ae-bc8c8f842fca,13/04/2012,Apr-12,4,2012,BERG RIVER,Major Dam,130010,31.43,77970,59.97
d40a2641-197a-4055-b9e9-38b429b679a7,14/04/2012,Apr-12,4,2012,BERG RIVER,Major Dam,130010,31.43,77970,59.97
65b870dc-4ec0-446e-8663-b87cf39663e9,15/04/2012,Apr-12,4,2012,BERG RIVER,Major Dam,130010,31.43,77970,59.97
f1a57614-7454-4071-8798-1edec4589d25,16/04/2012,Apr-12,4,2012,BERG RIVER,Major Dam,130010,31.36,77660,59.73
524a4c91-036a-4df5-a1c6-8a9e68cb822f,17/04/2012,Apr-12,4,2012,BERG RIVER,Major Dam,130010,31.34,77570,59.66
0fab377a-54b6-48c4-8421-4766ffad43a2,18/04/2012,Apr-12,4,2012,BERG RIVER,Major Dam,130010,31.31,77440,59.56
0e48e98a-0ac9-455a-a702-8dc4afc7fea1,19/04/2012,Apr-12,4,2012,BERG RIVER,Major Dam,130010,31.29,77360,59.5
16b1c4f5-ac91-42c1-9b1f-27a17a98accf,20/04/2012,Apr-12,4,2012,BERG RIVER,Major Dam,130010,31.26,77230,59.4
2ed6b775-fde4-42b7-a0c0-e54f5b1db77e,21/04/2012,Apr-12,4,2012,BERG RIVER,Major Dam,130010,31.26,77230,59.4
baeb3fad-4ec1-4a3d-8a77-bd28a0b8d281,22/04/2012,Apr-12,4,2012,BERG RIVER,Major Dam,130010,31.26,77230,59.4
3a8f3805-8c61-4efe-8b5e-77fbc1abf88c,23/04/2012,Apr-12,4,2012,BERG RIVER,Major Dam,130010,31.18,76880,59.13
915f4e42-3f9a-43c6-8c9b-b60172b4c8a2,24/04/2012,Apr-12,4,2012,BERG RIVER,Major Dam,130010,31.15,76750,59.03
73273bb9-a465-4e18-b3bf-796cfa9d9738,25/04/2012,Apr-12,4,2012,BERG RIVER,Major Dam,130010,31.13,76660,58.96
9ae875a1-ad73-41ff-a676-0041c3283c79,26/04/2012,Apr-12,4,2012,BERG RIVER,Major Dam,130010,31.13,76660,58.96
19141147-ee67-4d62-b7f4-d2f31405f6e0,27/04/2012,Apr-12,4,2012,BERG RIVER,Major Dam,130010,31.09,76490,58.83
21f14aa6-4979-428c-ae0c-b557f5972b68,28/04/2012,Apr-12,4,2012,BERG RIVER,Major Dam,130010,31.09,76490,58.83
b459a2df-56df-473b-952e-e78614be25b3,29/04/2012,Apr-12,4,2012,BERG RIVER,Major Dam,130010,31.09,76490,58.83
8fd41e97-d2f4-4e0b-9d73-eb1bb3685ef3,30/04/2012,Apr-12,4,2012,BERG RIVER,Major Dam,130010,31.09,76490,58.83
50ee3818-9c97-4f39-bd9f-7d23a4492eaa,01/05/2012,May-12,5,2012,BERG RIVER,Major Dam,130010,31.09,76490,58.83
8ced2136-e637-4101-9410-a209a6c0c0bb,02/05/2012,May-12,5,2012,BERG RIVER,Major Dam,130010,31.48,78180,60.13
0d196dc9-7ab6-4d57-a39a-fed53af40e3c,03/05/2012,May-12,5,2012,BERG RIVER,Major Dam,130010,31.54,78450,60.34
dc88a0d8-b24c-49f3-921a-bc8d1810244a,04/05/2012,May-12,5,2012,BERG RIVER,Major Dam,130010,31.76,79420,61.09
9aaebfef-f564-4cee-9879-4851c5b35b67,05/05/2012,May-12,5,2012,BERG RIVER,Major Dam,130010,31.76,79420,61.09
caefd8f3-5998-492c-bcc6-223225446e71,06/05/2012,May-12,5,2012,BERG RIVER,Major Dam,130010,31.76,79420,61.09
48b8a612-94c6-486f-a309-279ddb881c96,07/05/2012,May-12,5,2012,BERG RIVER,Major Dam,130010,31.9,80040,61.56
48dbeadd-7b6a-49b0-a390-fd57bd41898e,08/05/2012,May-12,5,2012,BERG RIVER,Major Dam,130010,31.91,80080,61.6
8922ffb3-4cad-405c-9f09-d818688fdd4e,09/05/2012,May-12,5,2012,BERG RIVER,Major Dam,130010,31.9,80040,61.56
05bc325f-a6f5-4902-bc5b-8534fb181d36,10/05/2012,May-12,5,2012,BERG RIVER,Major Dam,130010,31.9,80040,61.56
4488341a-5e65-409d-bfa4-3d8b8beeae87,11/05/2012,May-12,5,2012,BERG RIVER,Major Dam,130010,31.89,79990,61.53
4bf06e8d-d31d-4be2-b552-3f710b5f0ee1,12/05/2012,May-12,5,2012,BERG RIVER,Major Dam,130010,31.89,79990,61.53
a4c9093d-434b-4293-bcf1-161c004faf78,13/05/2012,May-12,5,2012,BERG RIVER,Major Dam,130010,31.89,79990,61.53
9f1b9de8-6551-4a18-868b-08e5e8f16437,14/05/2012,May-12,5,2012,BERG RIVER,Major Dam,130010,31.86,79860,61.43
b0969db0-032b-45a8-b78a-8263a7b50b0e,15/05/2012,May-12,5,2012,BERG RIVER,Major Dam,130010,31.84,79770,61.36
023df405-7353-4efa-8ebc-b03d62cb8467,16/05/2012,May-12,5,2012,BERG RIVER,Major Dam,130010,31.84,79770,61.36
71b49f92-5d94-4aea-b1b6-c7c54d292e46,17/05/2012,May-12,5,2012,BERG RIVER,Major Dam,130010,31.84,79770,61.36
c91784b6-3238-4749-92bf-908c7fee5a8c,18/05/2012,May-12,5,2012,BERG RIVER,Major Dam,130010,31.84,79770,61.36
0b239756-119d-44cf-8d3d-170e57bea3a3,19/05/2012,May-12,5,2012,BERG RIVER,Major Dam,130010,31.84,79770,61.36
c09e04a6-d632-48ed-9dce-eb1d589e26ec,20/05/2012,May-12,5,2012,BERG RIVER,Major Dam,130010,31.84,79770,61.36
7253564d-425a-4cac-9551-63f30a8b76aa,21/05/2012,May-12,5,2012,BERG RIVER,Major Dam,130010,31.99,80440,61.87
95139bcf-a5cd-440d-9e78-1add48f1f55f,22/05/2012,May-12,5,2012,BERG RIVER,Major Dam,130010,32.01,80520,61.93
8bc697b3-9ed1-4367-a2a5-1c6a1f334ff0,23/05/2012,May-12,5,2012,BERG RIVER,Major Dam,130010,32.01,80520,61.93
cd732a7d-69be-4dd2-a2dc-b0c26fa1b591,24/05/2012,May-12,5,2012,BERG RIVER,Major Dam,130010,32.02,80570,61.97
5241e3f6-74df-4dda-89dd-d9fd6e4d6ef2,25/05/2012,May-12,5,2012,BERG RIVER,Major Dam,130010,32.02,80570,61.97
491df4cb-e72d-4da2-b588-e3c0dadbe97a,26/05/2012,May-12,5,2012,BERG RIVER,Major Dam,130010,32.02,80570,61.97
a4f2028e-e37d-4d07-aace-2d78370d8e6f,27/05/2012,May-12,5,2012,BERG RIVER,Major Dam,130010,32.02,80570,61.97
000901a9-1f85-4799-bc90-55193c1d6b0e,28/05/2012,May-12,5,2012,BERG RIVER,Major Dam,130010,32.23,81500,62.69
2818873c-5b85-4cf3-b55f-4f441932ca78,29/05/2012,May-12,5,2012,BERG RIVER,Major Dam,130010,32.25,81590,62.76
50c4e531-0dbb-447f-9423-34696da3b550,30/05/2012,May-12,5,2012,BERG RIVER,Major Dam,130010,32.31,81860,62.96
3fdc5d3f-ad8f-4217-b054-71dc3d3b58ce,31/05/2012,May-12,5,2012,BERG RIVER,Major Dam,130010,32.33,81940,63.03
bc44a4f1-c1e9-4c8e-8ea7-b94a9b99850d,01/06/2012,Jun-12,6,2012,BERG RIVER,Major Dam,130010,32.35,82030,63.1
9ebea264-cf91-4d68-ba97-1fbfad3b8a3d,02/06/2012,Jun-12,6,2012,BERG RIVER,Major Dam,130010,32.35,82030,63.1
840c879c-0cc3-4c6d-b926-e9f384fbb995,03/06/2012,Jun-12,6,2012,BERG RIVER,Major Dam,130010,32.35,82030,63.1
02287121-5568-40f0-bc7f-9ba80ef776ef,04/06/2012,Jun-12,6,2012,BERG RIVER,Major Dam,130010,32.37,82120,63.16
1266dcef-2a11-4a88-80e0-1413c0b6bd1e,05/06/2012,Jun-12,6,2012,BERG RIVER,Major Dam,130010,32.37,82120,63.16
863c8e4d-9f4a-47a2-8d4e-c779cfa7329f,06/06/2012,Jun-12,6,2012,BERG RIVER,Major Dam,130010,32.39,82210,63.23
d830333b-a68f-448a-86ad-5dc86c6dc72c,07/06/2012,Jun-12,6,2012,BERG RIVER,Major Dam,130010,32.4,82260,63.27
762b53e9-b06a-4185-bc39-1f8c177b0b6e,08/06/2012,Jun-12,6,2012,BERG RIVER,Major Dam,130010,32.4,82260,63.27
b94a31f7-2aa5-4d4f-bf04-ad0564d2ed64,09/06/2012,Jun-12,6,2012,BERG RIVER,Major Dam,130010,32.4,82260,63.27
b4b59809-444a-4c7a-a085-11aba5e2b9ed,10/06/2012,Jun-12,6,2012,BERG RIVER,Major Dam,130010,32.4,82260,63.27
bf8e8503-ae58-42cd-b71a-add686688158,11/06/2012,Jun-12,6,2012,BERG RIVER,Major Dam,130010,34.26,90820,69.86
0fc4344f-e1d3-4740-a0d0-e829fbd914ae,12/06/2012,Jun-12,6,2012,BERG RIVER,Major Dam,130010,34.3,90000,69.23
5c3dbd0e-7c86-4571-9523-d837086f82cd,13/06/2012,Jun-12,6,2012,BERG RIVER,Major Dam,130010,34.31,91050,70.03
8d43b6bc-9cc4-481a-b20d-97c9c2d3ca9f,14/06/2012,Jun-12,6,2012,BERG RIVER,Major Dam,130010,34.29,90960,69.96
566c6864-1ac7-4dba-a589-807e64bae718,15/06/2012,Jun-12,6,2012,BERG RIVER,Major Dam,130010,34.28,90910,69.93
8c489a81-2db2-400d-8ad2-641928818c9c,16/06/2012,Jun-12,6,2012,BERG RIVER,Major Dam,130010,34.28,90910,69.93
50925ecc-4155-4251-b3e6-9586a8de40bb,17/06/2012,Jun-12,6,2012,BERG RIVER,Major Dam,130010,34.28,90910,69.93
d125c2e4-f55c-4b73-86d6-3b9ee5f77d28,18/06/2012,Jun-12,6,2012,BERG RIVER,Major Dam,130010,34.25,90770,69.82
9f8c2cee-8daf-4430-a3fc-8cbfc181b9a3,19/06/2012,Jun-12,6,2012,BERG RIVER,Major Dam,130010,34.23,90670,69.74
56852dab-00bb-4ccc-85a6-bf87264437dc,20/06/2012,Jun-12,6,2012,BERG RIVER,Major Dam,130010,34.24,90720,69.78
a150f928-4657-4723-896c-a3653d0e6a3d,21/06/2012,Jun-12,6,2012,BERG RIVER,Major Dam,130010,34.24,90720,69.78
5719c800-dbb0-4f35-86c6-37717ec4ef40,22/06/2012,Jun-12,6,2012,BERG RIVER,Major Dam,130010,34.24,90720,69.78
a3e2d2a0-dfa4-44d8-82db-7301e169f275,23/06/2012,Jun-12,6,2012,BERG RIVER,Major Dam,130010,34.24,90720,69.78
b7af8ece-f193-4fd6-a922-a1950cb5224b,24/06/2012,Jun-12,6,2012,BERG RIVER,Major Dam,130010,34.24,90720,69.78
509e76df-2b8e-4c87-b799-84588ddf38b9,25/06/2012,Jun-12,6,2012,BERG RIVER,Major Dam,130010,34.58,92280,70.98
87083d1d-a71d-496c-822a-93a84564af50,26/06/2012,Jun-12,6,2012,BERG RIVER,Major Dam,130010,34.7,92850,71.42
4fd5bfa7-61ab-40f4-a536-722305c971c7,27/06/2012,Jun-12,6,2012,BERG RIVER,Major Dam,130010,35.02,94420,72.63
54476db7-9b1c-47d3-b87a-32e75e964c3a,28/06/2012,Jun-12,6,2012,BERG RIVER,Major Dam,130010,36.1,99680,76.67
68ceee65-34fb-440d-a5d0-a5c11bb60b6b,29/06/2012,Jun-12,6,2012,BERG RIVER,Major Dam,130010,36.23,100320,77.16
e34b525c-6dcb-4b72-9b3f-e93e47b48806,30/06/2012,Jun-12,6,2012,BERG RIVER,Major Dam,130010,36.23,100320,77.16
ab1832c0-a5f3-47bf-a3f6-50f0ba964661,01/07/2012,Jul-12,7,2012,BERG RIVER,Major Dam,130010,36.23,100320,77.16
27530094-b1be-46c5-b191-d8ea71a2b803,02/07/2012,Jul-12,7,2012,BERG RIVER,Major Dam,130010,36.66,102420,78.78
bbf0cea8-9a11-43c4-8a89-5f0861514d9b,03/07/2012,Jul-12,7,2012,BERG RIVER,Major Dam,130010,36.72,102720,79.01
a106a3ae-0589-48a9-9474-95a52ec05bad,04/07/2012,Jul-12,7,2012,BERG RIVER,Major Dam,130010,36.89,103560,79.66
7f47f7be-1806-48a2-891d-ee716d2d615e,05/07/2012,Jul-12,7,2012,BERG RIVER,Major Dam,130010,37.09,104560,80.42
5621f30f-a728-490c-bffb-60a65b6e0a3d,06/07/2012,Jul-12,7,2012,BERG RIVER,Major Dam,130010,37.15,104860,80.66
250c34a4-5758-4b95-aa11-1530b734b686,07/07/2012,Jul-12,7,2012,BERG RIVER,Major Dam,130010,37.15,104860,80.66
8150b08b-1496-4d17-b114-f50263c60460,08/07/2012,Jul-12,7,2012,BERG RIVER,Major Dam,130010,37.15,104860,80.66
72ee62e2-8d80-462a-a02a-a048e852b4db,09/07/2012,Jul-12,7,2012,BERG RIVER,Major Dam,130010,38.16,109960,84.58
c6a2450d-81c2-497c-96b9-ae5887daf6d3,10/07/2012,Jul-12,7,2012,BERG RIVER,Major Dam,130010,38.58,112080,86.21
f3e17d73-fa41-4575-8b5c-98f321585e79,11/07/2012,Jul-12,7,2012,BERG RIVER,Major Dam,130010,38.78,113100,86.99
161d7c0c-f02a-4ca6-88e7-6f1eb686657a,12/07/2012,Jul-12,7,2012,BERG RIVER,Major Dam,130010,38.95,113970,87.66
16938987-b0c2-47dd-8f17-1d57e73ad47a,13/07/2012,Jul-12,7,2012,BERG RIVER,Major Dam,130010,39.02,114330,87.94
4b8eaaf0-b025-4832-ae3c-f49b01de252e,14/07/2012,Jul-12,7,2012,BERG RIVER,Major Dam,130010,39.02,114330,87.94
f509d87e-c479-4daa-a6a0-aefe08239ac6,15/07/2012,Jul-12,7,2012,BERG RIVER,Major Dam,130010,39.02,114330,87.94
72b77bee-e480-4252-801d-40dd774e00d2,16/07/2012,Jul-12,7,2012,BERG RIVER,Major Dam,130010,39.18,115150,88.57
79b4117d-9365-472f-8f16-2287f5888e4c,17/07/2012,Jul-12,7,2012,BERG RIVER,Major Dam,130010,39.22,115360,88.73
5b3984f5-9569-49a8-9705-05a157c9405b,18/07/2012,Jul-12,7,2012,BERG RIVER,Major Dam,130010,39.24,115460,88.81
4a430707-d514-415e-a150-fcb1d451efac,19/07/2012,Jul-12,7,2012,BERG RIVER,Major Dam,130010,39.25,115520,88.85
61a00165-7fd3-47fd-bc0a-709610ed8ce4,20/07/2012,Jul-12,7,2012,BERG RIVER,Major Dam,130010,39.26,115570,88.89
61e9b02a-5bdb-4357-9817-30d9a3873d61,21/07/2012,Jul-12,7,2012,BERG RIVER,Major Dam,130010,39.26,115570,88.89
df4d4c04-f1b5-41d2-b980-574582d96c8d,22/07/2012,Jul-12,7,2012,BERG RIVER,Major Dam,130010,39.26,115570,88.89
28d9f2d4-8de7-4256-9520-cea4577cac6c,23/07/2012,Jul-12,7,2012,BERG RIVER,Major Dam,130010,39.84,118590,91.22
5ec95f4f-061b-469f-946d-ab45cca08f18,24/07/2012,Jul-12,7,2012,BERG RIVER,Major Dam,130010,41.35,126520,97.32
9281607e-7d0a-470e-9630-7af7fcd74376,25/07/2012,Jul-12,7,2012,BERG RIVER,Major Dam,130010,41.44,127000,97.68
a53d7f27-5919-487e-a7a2-479688693fa9,26/07/2012,Jul-12,7,2012,BERG RIVER,Major Dam,130010,41.47,127160,97.81
be037af8-7a60-4791-95d5-072f30ebdccc,27/07/2012,Jul-12,7,2012,BERG RIVER,Major Dam,130010,41.51,127370,97.97
cf3b1c0b-3d52-4224-871d-492e4203970e,28/07/2012,Jul-12,7,2012,BERG RIVER,Major Dam,130010,41.51,127370,97.97
368d7786-d5c5-42e3-96c0-6257c7a4d552,29/07/2012,Jul-12,7,2012,BERG RIVER,Major Dam,130010,41.51,127370,97.97
ed47d134-1274-40e1-9d18-58fc5fa23864,30/07/2012,Jul-12,7,2012,BERG RIVER,Major Dam,130010,41.55,127580,98.13
7188d816-6645-4bc1-9cf1-ef46837e8fb6,31/07/2012,Jul-12,7,2012,BERG RIVER,Major Dam,130010,41.55,127580,98.13
3e7130c3-e0b3-4300-ae4c-02a919a3a7e7,01/08/2012,Aug-12,8,2012,BERG RIVER,Major Dam,130010,41.57,127690,98.22
010f17f4-899b-4aa0-9474-63f14f6fec8b,02/08/2012,Aug-12,8,2012,BERG RIVER,Major Dam,130010,41.57,127690,98.22
4ca7ca5c-2c32-44ff-828a-468c0abe57ab,03/08/2012,Aug-12,8,2012,BERG RIVER,Major Dam,130010,41.6,127960,98.42
bc5ddfda-6944-40a2-9456-00d5b0679c55,04/08/2012,Aug-12,8,2012,BERG RIVER,Major Dam,130010,41.6,127960,98.42
42a507d7-82c9-4bc1-aeba-105694330ace,05/08/2012,Aug-12,8,2012,BERG RIVER,Major Dam,130010,41.6,127960,98.42
8a7276e1-c1b8-4d02-a1ed-d7dd5684734b,06/08/2012,Aug-12,8,2012,BERG RIVER,Major Dam,130010,41.71,128440,98.79
057f3cf3-4449-4f2a-beed-908c54982d34,07/08/2012,Aug-12,8,2012,BERG RIVER,Major Dam,130010,41.86,129250,99.42
b1706ef2-262b-4bde-9577-6ca9f08b1a55,08/08/2012,Aug-12,8,2012,BERG RIVER,Major Dam,130010,42.07,130380,100.28
ed43776f-eb85-409c-b91c-42a5275119a1,09/08/2012,Aug-12,8,2012,BERG RIVER,Major Dam,130010,42.11,130600,100.45
b3e613d7-3a6f-4216-a805-f66db17fa70e,10/08/2012,Aug-12,8,2012,BERG RIVER,Major Dam,130010,42.1,130540,100.41
277bf03a-a503-4ffd-ae08-9e90fb5925e8,11/08/2012,Aug-12,8,2012,BERG RIVER,Major Dam,130010,42.1,130540,100.41
cb5255ff-6268-4583-b55a-7bad8c64232d,12/08/2012,Aug-12,8,2012,BERG RIVER,Major Dam,130010,42.1,130540,100.41
627876da-d865-4a5c-9023-23889b2915e8,13/08/2012,Aug-12,8,2012,BERG RIVER,Major Dam,130010,42.44,132360,101.81
42ce5ed5-a86d-47f2-b742-6a0e38d35ab2,14/08/2012,Aug-12,8,2012,BERG RIVER,Major Dam,130010,42.31,131670,101.28
6252d35d-b54e-4e6e-87cb-ed884dd7a5c1,15/08/2012,Aug-12,8,2012,BERG RIVER,Major Dam,130010,42.92,134960,103.81
e9a233aa-5108-4ca8-be3b-dcc21aee328d,16/08/2012,Aug-12,8,2012,BERG RIVER,Major Dam,130010,42.65,133500,102.68
bafd239f-1930-469d-9251-8242cd3d66b0,17/08/2012,Aug-12,8,2012,BERG RIVER,Major Dam,130010,42.55,132960,102.27
358c0b07-1d9b-4b6c-9747-dde97a9362cf,18/08/2012,Aug-12,8,2012,BERG RIVER,Major Dam,130010,42.55,132960,102.27
b2a42607-79cf-49d7-8fab-9b35bd70c46b,19/08/2012,Aug-12,8,2012,BERG RIVER,Major Dam,130010,42.55,132960,102.27
feb7921b-118a-4138-992d-d789e23d0bbc,20/08/2012,Aug-12,8,2012,BERG RIVER,Major Dam,130010,42.24,131290,100.98
656ba687-8131-4cb1-887f-260c06135ea9,21/08/2012,Aug-12,8,2012,BERG RIVER,Major Dam,130010,42.23,131240,100.95
70882eed-7fe4-45f4-aed6-b0db7ef26e32,22/08/2012,Aug-12,8,2012,BERG RIVER,Major Dam,130010,42.2,131080,100.82
93291094-5771-43cf-b413-f64fa4195d33,23/08/2012,Aug-12,8,2012,BERG RIVER,Major Dam,130010,42.17,130920,100.7
6e469bfb-760a-4759-a699-8b185375d8bb,24/08/2012,Aug-12,8,2012,BERG RIVER,Major Dam,130010,42.15,130120,100.08
75bceb4e-2e4c-45f5-852a-083b7887c532,25/08/2012,Aug-12,8,2012,BERG RIVER,Major Dam,130010,42.15,130120,100.08
c957f874-de91-4c32-81e9-916472404da8,26/08/2012,Aug-12,8,2012,BERG RIVER,Major Dam,130010,42.15,130120,100.08
7510d86d-8552-4887-8987-880d0e911fd6,27/08/2012,Aug-12,8,2012,BERG RIVER,Major Dam,130010,42.36,131930,101.48
b04c507d-13d4-47bd-9567-392f99f5d1f7,28/08/2012,Aug-12,8,2012,BERG RIVER,Major Dam,130010,42.26,131400,101.07
5186f426-eca7-4707-b55b-209abb6df0d2,29/08/2012,Aug-12,8,2012,BERG RIVER,Major Dam,130010,42.2,131080,100.82
b83e9085-a55b-41eb-9e4b-0c51a2d573c7,30/08/2012,Aug-12,8,2012,BERG RIVER,Major Dam,130010,42.16,130860,100.65
2bb4218e-ed4f-450d-9b82-1974661b0cee,31/08/2012,Aug-12,8,2012,BERG RIVER,Major Dam,130010,42.12,130650,100.49
22ad018b-6e33-4c08-9a87-b03318c82f2a,01/09/2012,Sep-12,9,2012,BERG RIVER,Major Dam,130010,42.12,130650,100.49
48adfccb-b552-47af-83fd-68ded95c7b05,02/09/2012,Sep-12,9,2012,BERG RIVER,Major Dam,130010,42.12,130650,100.49
3a4613c1-605a-4471-ba3c-b877a971c1a8,03/09/2012,Sep-12,9,2012,BERG RIVER,Major Dam,130010,42.22,131180,100.9
2515ba49-7f16-45a6-8693-1ec6b26deca6,04/09/2012,Sep-12,9,2012,BERG RIVER,Major Dam,130010,42.16,130860,100.65
9b96bdef-2f3c-4084-97c4-f9a9cd885ac8,05/09/2012,Sep-12,9,2012,BERG RIVER,Major Dam,130010,42.12,130650,100.49
c5cbfd0e-43dc-45b9-bc3d-1308a1b801e9,06/09/2012,Sep-12,9,2012,BERG RIVER,Major Dam,130010,42.1,130490,100.37
5ba587cb-7d7b-4c1f-be4f-f362a8b9d274,07/09/2012,Sep-12,9,2012,BERG RIVER,Major Dam,130010,42.08,130440,100.33
775d7972-c07f-42fc-91de-c60d22460438,08/09/2012,Sep-12,9,2012,BERG RIVER,Major Dam,130010,42.08,130440,100.33
83c494db-7e71-40cd-a718-9901c7dea06c,09/09/2012,Sep-12,9,2012,BERG RIVER,Major Dam,130010,42.08,130440,100.33
cabf2a58-cfd5-4ef7-a877-21510df5163d,10/09/2012,Sep-12,9,2012,BERG RIVER,Major Dam,130010,42.16,130860,100.65
d112eff4-1c4e-421a-b361-9991a080bb30,11/09/2012,Sep-12,9,2012,BERG RIVER,Major Dam,130010,42.19,131020,100.78
f72a2a93-0241-4323-acaa-f90672b1ec8b,12/09/2012,Sep-12,9,2012,BERG RIVER,Major Dam,130010,42.15,130810,100.62
6e16e6ac-fbca-4573-a92b-aed817a9b993,13/09/2012,Sep-12,9,2012,BERG RIVER,Major Dam,130010,42.11,130600,100.45
03952c08-2396-4418-9250-c85c6a8c8ff1,14/09/2012,Sep-12,9,2012,BERG RIVER,Major Dam,130010,42.1,130540,100.41
f9d30841-da44-4062-8973-dada38be1c9d,15/09/2012,Sep-12,9,2012,BERG RIVER,Major Dam,130010,42.1,130540,100.41
1adf6775-1f87-467b-ad08-88a780571570,16/09/2012,Sep-12,9,2012,BERG RIVER,Major Dam,130010,42.1,130540,100.41
9a048398-cb19-492e-8328-930a06965e45,17/09/2012,Sep-12,9,2012,BERG RIVER,Major Dam,130010,42.06,130300,100.22
59513c0f-7534-4ef3-8590-2b5d310b0c93,18/09/2012,Sep-12,9,2012,BERG RIVER,Major Dam,130010,42.05,130280,100.21
d1dbb9ca-f058-4d85-96c4-01f7e35ab640,19/09/2012,Sep-12,9,2012,BERG RIVER,Major Dam,130010,42.05,130280,100.21
3539f0cb-9986-49bd-877b-04ec1631d00f,20/09/2012,Sep-12,9,2012,BERG RIVER,Major Dam,130010,42.04,130220,100.16
ef5488fe-9199-4945-af90-759610671307,21/09/2012,Sep-12,9,2012,BERG RIVER,Major Dam,130010,42.03,130170,100.12
5d7a29b5-4d81-4c75-b2b9-3013dc62caa2,22/09/2012,Sep-12,9,2012,BERG RIVER,Major Dam,130010,42.03,130170,100.12
6a83b709-bac0-4365-8365-5e38788c41c7,23/09/2012,Sep-12,9,2012,BERG RIVER,Major Dam,130010,42.03,130170,100.12
59699b04-41e5-4bca-b27f-951ce7fab0ff,24/09/2012,Sep-12,9,2012,BERG RIVER,Major Dam,130010,42.19,131020,100.78
e9ab4d86-1a33-4fb0-897f-cb14fe293cff,25/09/2012,Sep-12,9,2012,BERG RIVER,Major Dam,130010,42.18,130970,100.74
f9741f85-d62f-4377-9873-794e33554f6d,26/09/2012,Sep-12,9,2012,BERG RIVER,Major Dam,130010,42.15,130810,100.62
c0d2e7d0-7f6d-4ed7-a206-66b92d7844db,27/09/2012,Sep-12,9,2012,BERG RIVER,Major Dam,130010,42.19,131020,100.78
b61411b7-edad-44c6-a408-fec91b10f226,28/09/2012,Sep-12,9,2012,BERG RIVER,Major Dam,130010,42.49,132630,102.02
fc524fa0-6b31-4aa2-8e6f-799387f0b812,29/09/2012,Sep-12,9,2012,BERG RIVER,Major Dam,130010,42.49,132630,102.02
afb7a3b4-f3ec-4d5b-bab2-2fc0a828abdd,30/09/2012,Sep-12,9,2012,BERG RIVER,Major Dam,130010,42.49,132630,102.02
e84541d3-bc33-4bd3-bbe5-d084fc385a7d,01/10/2012,Oct-12,10,2012,BERG RIVER,Major Dam,130010,42.18,130970,100.74
2ad2d196-bd17-45b6-9cb8-ff5e34da057d,02/10/2012,Oct-12,10,2012,BERG RIVER,Major Dam,130010,42.14,130760,100.58
f1064d03-29dc-4e96-a6f8-a2a6fd996ac2,03/10/2012,Oct-12,10,2012,BERG RIVER,Major Dam,130010,42.11,130600,100.45
e26fc0fa-6ec4-49ef-855c-9953872b09d2,04/10/2012,Oct-12,10,2012,BERG RIVER,Major Dam,130010,42.11,130600,100.45
c8886c95-2703-43ab-ae37-c0f13d364b04,05/10/2012,Oct-12,10,2012,BERG RIVER,Major Dam,130010,42.12,130650,100.49
e2576fec-fb99-4634-9b46-ddf12c47a14a,06/10/2012,Oct-12,10,2012,BERG RIVER,Major Dam,130010,42.12,130650,100.49
6294bcdd-2158-4ea2-8a5b-9dc9528bc110,07/10/2012,Oct-12,10,2012,BERG RIVER,Major Dam,130010,42.12,130650,100.49
fb4695f0-9b58-480a-b61f-5814d7c081d0,08/10/2012,Oct-12,10,2012,BERG RIVER,Major Dam,130010,42.08,130440,100.33
cef8d187-87c0-436e-ac9b-f235a5f7cc28,09/10/2012,Oct-12,10,2012,BERG RIVER,Major Dam,130010,42.06,130330,100.25
502d4b00-a2d2-4368-9c9a-4c66dd62f99f,10/10/2012,Oct-12,10,2012,BERG RIVER,Major Dam,130010,42.05,130280,100.21
d4e6a38f-7339-42c7-b34b-fab4e3b24bb2,11/10/2012,Oct-12,10,2012,BERG RIVER,Major Dam,130010,42.05,130280,100.21
5e8ac015-0b86-48b0-9003-2265e3ed589b,12/10/2012,Oct-12,10,2012,BERG RIVER,Major Dam,130010,42.05,130280,100.21
02a2fb1e-c067-479d-88da-182bfeadaac6,13/10/2012,Oct-12,10,2012,BERG RIVER,Major Dam,130010,42.05,130280,100.21
3200ae23-2a5f-4ae2-bc53-1acc1f1be72f,14/10/2012,Oct-12,10,2012,BERG RIVER,Major Dam,130010,42.05,130280,100.21
44d8fb54-7d51-4800-aaf5-8b663f090bb7,15/10/2012,Oct-12,10,2012,BERG RIVER,Major Dam,130010,42.05,130280,100.21
d68e69ec-9814-4bf8-8112-ef0f07e7bd0a,16/10/2012,Oct-12,10,2012,BERG RIVER,Major Dam,130010,42.05,130280,100.21
8f0ebbfc-4713-4384-929b-ce4c8de5a136,17/10/2012,Oct-12,10,2012,BERG RIVER,Major Dam,130010,42.02,130120,100.08
1a4c81d9-3945-4b0d-9bf2-2c1a88d27d19,18/10/2012,Oct-12,10,2012,BERG RIVER,Major Dam,130010,42.07,130380,100.28
ec211ade-65bd-4866-8252-3f4456392c9a,19/10/2012,Oct-12,10,2012,BERG RIVER,Major Dam,130010,42.1,130540,100.41
0a31718c-4a83-4809-a3d6-e8639d480266,20/10/2012,Oct-12,10,2012,BERG RIVER,Major Dam,130010,42.1,130540,100.41
862a2f90-0110-4526-afd2-c637bf4b6204,21/10/2012,Oct-12,10,2012,BERG RIVER,Major Dam,130010,42.1,130540,100.41
010972e1-73f5-494b-aa2b-943be92632b1,22/10/2012,Oct-12,10,2012,BERG RIVER,Major Dam,130010,42.22,131180,100.9
c0bdf43c-02b1-4502-871c-183548a46bcc,23/10/2012,Oct-12,10,2012,BERG RIVER,Major Dam,130010,42.16,130860,100.65
a851badc-c25c-4a42-9694-f7f057a3c25e,24/10/2012,Oct-12,10,2012,BERG RIVER,Major Dam,130010,42.12,130650,100.49
3fe67e68-5a0c-476c-816a-fba6e6c1d01c,25/10/2012,Oct-12,10,2012,BERG RIVER,Major Dam,130010,42.08,130440,100.33
eda4f9fc-fea3-4026-855c-1f520579f412,26/10/2012,Oct-12,10,2012,BERG RIVER,Major Dam,130010,42.08,130440,100.33
29a6342c-785b-4565-bf6b-05c2e1f95002,27/10/2012,Oct-12,10,2012,BERG RIVER,Major Dam,130010,42.08,130440,100.33
58f279a6-b969-4b36-9084-005378f8df32,28/10/2012,Oct-12,10,2012,BERG RIVER,Major Dam,130010,42.08,130440,100.33
140ae22a-dc15-4586-9389-62b9ccefe5b3,29/10/2012,Oct-12,10,2012,BERG RIVER,Major Dam,130010,42.03,130170,100.12
0a143fa7-7596-4eb4-b987-98eb1d334f2b,30/10/2012,Oct-12,10,2012,BERG RIVER,Major Dam,130010,42.02,130120,100.08
953d80de-68b0-46d0-8d60-1e9f951c47ef,31/10/2012,Oct-12,10,2012,BERG RIVER,Major Dam,130010,42.01,130060,100.04
3e994703-530e-4a02-9c50-a7ee1a784d6b,01/11/2012,Nov-12,11,2012,BERG RIVER,Major Dam,130010,42,130010,100
69d4ce1e-b415-4af1-8baa-1cc67ad582a9,02/11/2012,Nov-12,11,2012,BERG RIVER,Major Dam,130010,42.97,129850,99.88
133e1427-9fac-4c62-b7be-218a2fe55e88,03/11/2012,Nov-12,11,2012,BERG RIVER,Major Dam,130010,42.97,129850,99.88
6458aadc-deb0-4000-a5ed-9f1a2fd3e980,04/11/2012,Nov-12,11,2012,BERG RIVER,Major Dam,130010,42.97,129850,99.88
7231ed23-f9e8-4691-964b-f58ea3f3562e,05/11/2012,Nov-12,11,2012,BERG RIVER,Major Dam,130010,41.94,129690,99.75
5022b028-d826-4c03-ae43-33ff5d01c868,06/11/2012,Nov-12,11,2012,BERG RIVER,Major Dam,130010,41.94,129690,99.75
54820b3c-23c3-4dca-87ad-08d102b08a26,07/11/2012,Nov-12,11,2012,BERG RIVER,Major Dam,130010,41.93,129630,99.71
bec8a779-e59f-4669-bd78-6c06626e54e4,08/11/2012,Nov-12,11,2012,BERG RIVER,Major Dam,130010,41.93,129630,99.71
1a75424d-88e8-4c60-a1ee-49fea6f4061f,09/11/2012,Nov-12,11,2012,BERG RIVER,Major Dam,130010,41.93,129630,99.71
0cc0a245-24f2-4f73-850a-ca6281e2a688,10/11/2012,Nov-12,11,2012,BERG RIVER,Major Dam,130010,41.93,129630,99.71
baed3659-b538-4bff-ac35-747e999526f9,11/11/2012,Nov-12,11,2012,BERG RIVER,Major Dam,130010,41.93,129630,99.71
1a9276de-3603-486e-9a70-49731e7e39c4,12/11/2012,Nov-12,11,2012,BERG RIVER,Major Dam,130010,41.93,129630,99.71
f3c3560b-6021-4c4e-91c6-9bc2cc0f0712,13/11/2012,Nov-12,11,2012,BERG RIVER,Major Dam,130010,41.95,129740,99.79
a5c722a5-f55c-41c1-ab69-eed2ebaae02d,14/11/2012,Nov-12,11,2012,BERG RIVER,Major Dam,130010,41.96,129790,99.83
e3499f1c-0cc9-43e1-a8b0-fc7b3d33987e,15/11/2012,Nov-12,11,2012,BERG RIVER,Major Dam,130010,41.95,129740,99.79
85e5bd78-9bf9-4b4f-b06d-a35494c5b7cf,16/11/2012,Nov-12,11,2012,BERG RIVER,Major Dam,130010,41.95,129740,99.79
34839193-96cf-45ef-a0d7-d5bd730c8fae,17/11/2012,Nov-12,11,2012,BERG RIVER,Major Dam,130010,41.95,129740,99.79
80a02719-2806-4ca3-981a-3aea4bbfd1b8,18/11/2012,Nov-12,11,2012,BERG RIVER,Major Dam,130010,41.95,129740,99.79
a332423b-bd7b-4c02-9d2d-a19512f7eee9,19/11/2012,Nov-12,11,2012,BERG RIVER,Major Dam,130010,41.86,129250,99.42
c540864d-00ac-4b5e-9258-2ca427da9b86,20/11/2012,Nov-12,11,2012,BERG RIVER,Major Dam,130010,41.84,129140,99.33
d4e1beea-6732-4fb0-bb54-9212fb138af9,21/11/2012,Nov-12,11,2012,BERG RIVER,Major Dam,130010,41.82,129040,99.25
4b91251c-3e0e-44de-86d5-679b4499d253,22/11/2012,Nov-12,11,2012,BERG RIVER,Major Dam,130010,41.82,129040,99.25
7f10a415-6294-4701-b6dd-a19ca6616e7a,23/11/2012,Nov-12,11,2012,BERG RIVER,Major Dam,130010,41.75,128661,98.96
07c30b3b-0062-466f-9277-715de8f68899,24/11/2012,Nov-12,11,2012,BERG RIVER,Major Dam,130010,41.75,128661,98.96
539ac3e4-a8e0-4640-9c5a-7d4957b63dcc,25/11/2012,Nov-12,11,2012,BERG RIVER,Major Dam,130010,41.75,128661,98.96
87cf7f09-4f52-4c8f-b8ed-35e1f8443bad,26/11/2012,Nov-12,11,2012,BERG RIVER,Major Dam,130010,41.77,128770,99.05
8c4d2e17-c24d-4e34-9e97-9d26e26c1126,27/11/2012,Nov-12,11,2012,BERG RIVER,Major Dam,130010,41.75,128660,98.96
ac10f1fa-2ab5-4557-8034-9a0d3dc92581,28/11/2012,Nov-12,11,2012,BERG RIVER,Major Dam,130010,41.73,128550,98.88
ffa30162-3227-45aa-a147-0170e9b055d3,29/11/2012,Nov-12,11,2012,BERG RIVER,Major Dam,130010,41.67,128230,98.63
56bf5520-c477-4f01-b1cb-e9803c6d9bce,30/11/2012,Nov-12,11,2012,BERG RIVER,Major Dam,130010,41.63,128010,98.46
ffc95a43-d825-4beb-8da4-237487208302,01/12/2012,Dec-12,12,2012,BERG RIVER,Major Dam,130010,41.63,128010,98.46
9aa876f9-48d5-479b-9460-fe2fd8862569,02/12/2012,Dec-12,12,2012,BERG RIVER,Major Dam,130010,41.63,128010,98.46
0c2a3beb-daf5-4954-8199-924d3058e151,03/12/2012,Dec-12,12,2012,BERG RIVER,Major Dam,130010,41.51,127370,97.97
ed817656-9445-4875-99c1-9e0d8f404fa9,04/12/2012,Dec-12,12,2012,BERG RIVER,Major Dam,130010,41.47,127160,97.81
82332dab-5902-44bc-8f73-26d1dd307653,05/12/2012,Dec-12,12,2012,BERG RIVER,Major Dam,130010,41.45,127050,97.72
e32d7fe3-79a9-4f27-bbf7-b517c029a7f8,06/12/2012,Dec-12,12,2012,BERG RIVER,Major Dam,130010,41.4,126780,97.52
21090f61-b47b-4af0-b149-eee75bb15a47,07/12/2012,Dec-12,12,2012,BERG RIVER,Major Dam,130010,41.4,126780,97.52
da1e5135-cecf-4952-8bbf-03a5a8fa8183,08/12/2012,Dec-12,12,2012,BERG RIVER,Major Dam,130010,41.4,126780,97.52
c8477b4e-6d08-4bb1-8016-18055a60e776,09/12/2012,Dec-12,12,2012,BERG RIVER,Major Dam,130010,41.4,126780,97.52
11ca5383-f969-4e6b-9426-46548d9b314e,10/12/2012,Dec-12,12,2012,BERG RIVER,Major Dam,130010,41.11,125240,96.33
11c1e41b-a385-4805-97df-10f4ef669e51,11/12/2012,Dec-12,12,2012,BERG RIVER,Major Dam,130010,41.08,125080,96.21
916b742c-272d-4122-9444-444908c70d36,12/12/2012,Dec-12,12,2012,BERG RIVER,Major Dam,130010,41.03,124810,96
4c668fe5-4c3b-43f6-8d91-6c703cec8378,13/12/2012,Dec-12,12,2012,BERG RIVER,Major Dam,130010,40.97,124500,95.76
f358f96b-52ea-48d8-9d3d-e410c7f444bc,14/12/2012,Dec-12,12,2012,BERG RIVER,Major Dam,130010,40.89,124070,95.43
78430804-05ff-4052-91e5-ecd3e48099c4,15/12/2012,Dec-12,12,2012,BERG RIVER,Major Dam,130010,40.89,124070,95.43
51ef1c34-3fc1-4744-bff4-557930a4b55c,16/12/2012,Dec-12,12,2012,BERG RIVER,Major Dam,130010,40.89,124070,95.43
aaa75b2e-aece-423b-892f-e847f54f876e,17/12/2012,Dec-12,12,2012,BERG RIVER,Major Dam,130010,40.71,123130,94.71
161d2de1-d733-45cd-925a-677cd2644eda,18/12/2012,Dec-12,12,2012,BERG RIVER,Major Dam,130010,40.67,122920,94.55
2f44175a-0625-480d-9ff5-d8dc7cdde056,19/12/2012,Dec-12,12,2012,BERG RIVER,Major Dam,130010,40.59,122500,94.22
4774d80e-7f47-4b44-86c3-c5ed022348cc,20/12/2012,Dec-12,12,2012,BERG RIVER,Major Dam,130010,40.52,122130,93.94
5ddd0cd5-0645-4005-843c-b1bc751cd733,21/12/2012,Dec-12,12,2012,BERG RIVER,Major Dam,130010,40.45,121770,93.66
2dec8cbd-52e8-45a0-b8b5-a143c9e2f967,22/12/2012,Dec-12,12,2012,BERG RIVER,Major Dam,130010,40.38,121400,93.38
1ee66862-50a8-4045-a3b7-d2e8f97debff,23/12/2012,Dec-12,12,2012,BERG RIVER,Major Dam,130010,40.31,121040,93.1
6855a526-ecd0-445e-99fe-ec74e375fa8d,24/12/2012,Dec-12,12,2012,BERG RIVER,Major Dam,130010,40.24,120680,92.82
b07242da-1aa2-43f1-90de-71712474e306,25/12/2012,Dec-12,12,2012,BERG RIVER,Major Dam,130010,40.2,120470,92.66
d0708495-80a6-4545-a16e-577068e79c9a,26/12/2012,Dec-12,12,2012,BERG RIVER,Major Dam,130010,40.16,120261,92.5
0c145af6-f8f8-49f5-8756-90351e9677d7,27/12/2012,Dec-12,12,2012,BERG RIVER,Major Dam,130010,40.11,120000,92.3
e800e87d-a5c3-4f2f-9a9b-e657adddf83c,28/12/2012,Dec-12,12,2012,BERG RIVER,Major Dam,130010,40.03,119580,91.98
db5b4766-d514-4974-bd3a-9063d55584b1,29/12/2012,Dec-12,12,2012,BERG RIVER,Major Dam,130010,39.95,119170,91.66
7901b95b-4524-4de0-a0d4-ef39d0a22214,30/12/2012,Dec-12,12,2012,BERG RIVER,Major Dam,130010,39.89,118850,91.42
574ed097-93a4-4a36-a8d0-3a9c1579c62a,31/12/2012,Dec-12,12,2012,BERG RIVER,Major Dam,130010,39.8,118380,91.05
4cbc1ebf-f6ee-42f7-9c7f-62dd31fd0561,01/01/2013,Jan-13,1,2013,BERG RIVER,Major Dam,130010,39.71,117910,90.69
28cdfb63-9145-4536-a2bf-3aabef2bcb6e,02/01/2013,Jan-13,1,2013,BERG RIVER,Major Dam,130010,39.62,117440,90.33
aeeb9e76-e5c7-49e3-924d-6872b1710b45,03/01/2013,Jan-13,1,2013,BERG RIVER,Major Dam,130010,39.56,117120,90.09
931aad2e-c220-45a3-adaf-de90abd20846,04/01/2013,Jan-13,1,2013,BERG RIVER,Major Dam,130010,39.56,117120,90.09
83fcdd0f-7f35-48bc-8678-ed30095fb163,05/01/2013,Jan-13,1,2013,BERG RIVER,Major Dam,130010,39.56,117120,90.09
2f7ebe9e-73ea-4d7d-af9b-6517b0253ead,06/01/2013,Jan-13,1,2013,BERG RIVER,Major Dam,130010,39.56,117120,90.09
9af64d4a-5900-43f5-ac65-870719b2c14d,07/01/2013,Jan-13,1,2013,BERG RIVER,Major Dam,130010,39.25,115520,88.85
db066a92-7494-434f-a5d2-72ad101a651c,08/01/2013,Jan-13,1,2013,BERG RIVER,Major Dam,130010,39.2,115260,88.65
b08a1b9e-6b27-49e3-a2d0-cd28fa9bf054,09/01/2013,Jan-13,1,2013,BERG RIVER,Major Dam,130010,39.12,114850,88.34
cecac817-dbd3-458c-a07c-15d998e330fa,10/01/2013,Jan-13,1,2013,BERG RIVER,Major Dam,130010,39.06,114540,88.1
58405c66-3d1c-464e-b568-ec55096f4986,11/01/2013,Jan-13,1,2013,BERG RIVER,Major Dam,130010,38.98,114130,87.79
cb04dc92-5029-4483-81dc-b0e97ed2ff65,12/01/2013,Jan-13,1,2013,BERG RIVER,Major Dam,130010,38.98,114130,87.79
3a785ec8-0f78-44fe-88ba-6cca376f172b,13/01/2013,Jan-13,1,2013,BERG RIVER,Major Dam,130010,38.98,114130,87.79
87add35c-2742-48d2-b10b-953c0933d468,14/01/2013,Jan-13,1,2013,BERG RIVER,Major Dam,130010,38.74,113100,86.99
04ebf866-3179-4175-aa16-04c72358e371,15/01/2013,Jan-13,1,2013,BERG RIVER,Major Dam,130010,38.74,113100,86.99
6b24da51-95a2-41bc-9220-529b252672a3,16/01/2013,Jan-13,1,2013,BERG RIVER,Major Dam,130010,38.57,112030,86.17
45392f97-792c-485c-9d88-81c38142d528,17/01/2013,Jan-13,1,2013,BERG RIVER,Major Dam,130010,37.5,111680,85.9
37370f9f-b47a-4a7a-a738-c44c46465450,18/01/2013,Jan-13,1,2013,BERG RIVER,Major Dam,130010,38.43,111370,85.66
95306f04-c9a7-471a-a648-78cddfde6c8a,19/01/2013,Jan-13,1,2013,BERG RIVER,Major Dam,130010,38.43,111370,85.66
71c1a249-6582-4cca-bcea-78fd994e2f85,20/01/2013,Jan-13,1,2013,BERG RIVER,Major Dam,130010,38.43,111370,85.66
237a3714-a8b2-4c99-93b3-ec49cbe40273,21/01/2013,Jan-13,1,2013,BERG RIVER,Major Dam,130010,38.18,110060,84.66
3d35b449-3aa3-4c40-a555-fb5ef5fac2ed,22/01/2013,Jan-13,1,2013,BERG RIVER,Major Dam,130010,38.1,109660,84.35
10834e21-8ce5-48a5-a010-97aac5735ce3,23/01/2013,Jan-13,1,2013,BERG RIVER,Major Dam,130010,38.02,109260,84.04
8abda4d3-e489-4c53-8dac-acccd0c9985f,24/01/2013,Jan-13,1,2013,BERG RIVER,Major Dam,130010,37.95,108960,83.81
d58287e5-9746-4a4b-a79c-4626ff39c493,25/01/2013,Jan-13,1,2013,BERG RIVER,Major Dam,130010,37.87,108500,83.46
f98b9649-d9c4-40b5-9827-4eff03049efc,26/01/2013,Jan-13,1,2013,BERG RIVER,Major Dam,130010,37.87,108500,83.46
081b3684-b9a5-49d7-91b8-849a1321b360,27/01/2013,Jan-13,1,2013,BERG RIVER,Major Dam,130010,37.87,108500,83.46
2b9a9649-6f2e-4512-9e38-dbc1ea486f84,28/01/2013,Jan-13,1,2013,BERG RIVER,Major Dam,130010,37.62,107220,82.47
66170968-fd82-45b5-9deb-b6f6c528fe83,29/01/2013,Jan-13,1,2013,BERG RIVER,Major Dam,130010,37.53,106770,82.12
2393c185-c689-40af-a04c-1d5b559238d3,30/01/2013,Jan-13,1,2013,BERG RIVER,Major Dam,130010,37.45,106360,81.81
56cd1b03-a094-4e1e-9e61-ebc25adfe450,31/01/2013,Jan-13,1,2013,BERG RIVER,Major Dam,130010,37.37,105960,81.5
576528b7-1741-4baf-a6bb-5eb9bd964760,01/02/2013,Feb-13,2,2013,BERG RIVER,Major Dam,130010,37.29,105560,81.19
ef7b8137-8396-48d4-ab29-4d6c17cba618,02/02/2013,Feb-13,2,2013,BERG RIVER,Major Dam,130010,37.29,105560,81.19
bcfd0333-5dfe-42d0-8312-a8bd4efe2835,03/02/2013,Feb-13,2,2013,BERG RIVER,Major Dam,130010,37.29,105560,81.19
b6748845-33e2-4d62-b3f5-f0f071232eee,04/02/2013,Feb-13,2,2013,BERG RIVER,Major Dam,130010,37.06,104410,80.31
75724390-d411-4a50-9a13-52aec7b43226,05/02/2013,Feb-13,2,2013,BERG RIVER,Major Dam,130010,36.98,104010,80
1976176e-529e-459b-98a5-2c45a3811fad,06/02/2013,Feb-13,2,2013,BERG RIVER,Major Dam,130010,36.88,103510,79.62
fd8a5838-329b-4395-bc5d-4ad89b33fa41,07/02/2013,Feb-13,2,2013,BERG RIVER,Major Dam,130010,36.8,103120,79.32
c4fd411e-6c7d-49d9-8609-855675eef3e3,08/02/2013,Feb-13,2,2013,BERG RIVER,Major Dam,130010,36.71,102670,78.97
f00e6f56-5194-4464-9f3f-9be160fb0d7e,09/02/2013,Feb-13,2,2013,BERG RIVER,Major Dam,130010,36.71,102670,78.97
43c9c3fe-399e-4663-87cb-7680b18eaed7,10/02/2013,Feb-13,2,2013,BERG RIVER,Major Dam,130010,36.71,102670,78.97
53155274-1dc8-4946-b4d2-64331cf3f7d7,11/02/2013,Feb-13,2,2013,BERG RIVER,Major Dam,130010,36.36,100950,77.65
3bb2cdac-fc2e-4e80-a1ae-6f5972a31cb4,12/02/2013,Feb-13,2,2013,BERG RIVER,Major Dam,130010,36.35,100900,77.61
435bb5a3-bd95-4838-81ef-ad6c941becef,13/02/2013,Feb-13,2,2013,BERG RIVER,Major Dam,130010,36.28,100560,77.35
7e15c312-6700-4f02-bdc2-e09a3da1fc7c,14/02/2013,Feb-13,2,2013,BERG RIVER,Major Dam,130010,36.2,100170,77.05
65e5e82f-2cc5-47f7-92c2-5267d402ff30,15/02/2013,Feb-13,2,2013,BERG RIVER,Major Dam,130010,36.12,99780,76.75
440d5163-73ef-4a29-b6c0-cf1ab6834ee3,16/02/2013,Feb-13,2,2013,BERG RIVER,Major Dam,130010,36.12,99780,76.75
746ba772-14e5-4632-b3a1-eeceaf4a41b5,17/02/2013,Feb-13,2,2013,BERG RIVER,Major Dam,130010,36.12,99780,76.75
32319e63-7a46-463f-96a9-6f6eb0edd352,18/02/2013,Feb-13,2,2013,BERG RIVER,Major Dam,130010,35.82,98310,75.62
bd67203f-c52d-426d-a72a-d3e2387ad9fb,19/02/2013,Feb-13,2,2013,BERG RIVER,Major Dam,130010,35.74,97920,75.32
996f34fc-aeb6-4384-953d-1a1294ff08c8,20/02/2013,Feb-13,2,2013,BERG RIVER,Major Dam,130010,35.66,97530,75.02
d55dac63-3f48-44ac-8e9f-d2e2b2cc5231,21/02/2013,Feb-13,2,2013,BERG RIVER,Major Dam,130010,35.57,97090,74.68
27b67d67-6422-4a0e-b44a-17c3fe9a9dd2,22/02/2013,Feb-13,2,2013,BERG RIVER,Major Dam,130010,35.57,97090,74.68
87ce2ced-6189-4531-8709-f138dd4fdebd,23/02/2013,Feb-13,2,2013,BERG RIVER,Major Dam,130010,35.57,97090,74.68
0954d38b-12a4-4a66-854f-5d15e63b4361,24/02/2013,Feb-13,2,2013,BERG RIVER,Major Dam,130010,35.57,97090,74.68
6048e627-bbe8-4091-8a16-153edebb9707,25/02/2013,Feb-13,2,2013,BERG RIVER,Major Dam,130010,35.21,95340,73.33
8f08190e-c5d0-4b78-b570-82f16807f858,26/02/2013,Feb-13,2,2013,BERG RIVER,Major Dam,130010,35.13,94950,73.03
dbb3ec25-b710-4298-8d95-eb71e863d175,27/02/2013,Feb-13,2,2013,BERG RIVER,Major Dam,130010,35.08,94660,72.81
34df803c-cbab-44f9-a47b-fe8f896fcc62,28/02/2013,Feb-13,2,2013,BERG RIVER,Major Dam,130010,35.02,94420,72.63
834f8d02-7c14-40a7-93d5-6b84c65b8672,01/03/2013,Mar-13,3,2013,BERG RIVER,Major Dam,130010,35.02,94420,72.63
9cff0b9c-6f1d-495e-a5ae-4cae97209553,02/03/2013,Mar-13,3,2013,BERG RIVER,Major Dam,130010,35.02,94420,72.63
5647558c-4844-4d24-bacb-4bd2e3ad2e6f,03/03/2013,Mar-13,3,2013,BERG RIVER,Major Dam,130010,35.02,94420,72.63
3edfe9f7-5252-4f00-8aab-573a37cb2020,04/03/2013,Mar-13,3,2013,BERG RIVER,Major Dam,130010,34.68,92750,71.34
97dde8ad-3e75-47a0-a143-61e0cca41389,05/03/2013,Mar-13,3,2013,BERG RIVER,Major Dam,130010,34.59,92370,71.05
f5ff58c9-e98b-4cdc-9c8c-aa4917411377,06/03/2013,Mar-13,3,2013,BERG RIVER,Major Dam,130010,34.51,91990,70.76
3f9e015f-a962-4d13-a511-f9ffe14bba4e,07/03/2013,Mar-13,3,2013,BERG RIVER,Major Dam,130010,34.43,91610,70.46
d090f02a-3e1d-4a92-8fce-053ceeefa821,08/03/2013,Mar-13,3,2013,BERG RIVER,Major Dam,130010,34.35,91240,70.18
c3129f3d-435f-43c3-9e2b-8d7310929e37,09/03/2013,Mar-13,3,2013,BERG RIVER,Major Dam,130010,34.35,91240,70.18
4560879f-d4cc-47b5-a9d7-5043785067d0,10/03/2013,Mar-13,3,2013,BERG RIVER,Major Dam,130010,34.35,91240,70.18
4c10ee7d-c42d-4142-9f0b-20b5c9de9fe0,11/03/2013,Mar-13,3,2013,BERG RIVER,Major Dam,130010,34.2,90530,69.63
c72206af-95cd-4d7b-aba3-39b29e607e7c,12/03/2013,Mar-13,3,2013,BERG RIVER,Major Dam,130010,34.13,90210,69.39
6556a8af-9af4-4986-bf8c-a01bd359ddbc,13/03/2013,Mar-13,3,2013,BERG RIVER,Major Dam,130010,34.06,89880,69.13
e2afa9d9-63e3-44cf-b013-6b27aef747e5,14/03/2013,Mar-13,3,2013,BERG RIVER,Major Dam,130010,33.99,89550,68.88
de0855b9-e708-4513-a2fa-2d8e8b44b1e3,15/03/2013,Mar-13,3,2013,BERG RIVER,Major Dam,130010,33.92,89220,68.63
2a09030d-9bb1-442c-be28-d84eda549bfe,16/03/2013,Mar-13,3,2013,BERG RIVER,Major Dam,130010,33.92,89220,68.63
f99abb65-527a-4de4-8f7f-e2d5b7ae915b,17/03/2013,Mar-13,3,2013,BERG RIVER,Major Dam,130010,33.92,89220,68.63
68042077-c8b0-4907-a33b-1332e483674d,18/03/2013,Mar-13,3,2013,BERG RIVER,Major Dam,130010,33.71,88240,67.87
8d0a4ccf-2f17-4d5e-978a-b0a90aca94af,19/03/2013,Mar-13,3,2013,BERG RIVER,Major Dam,130010,33.64,87910,67.62
dce52d29-b56b-4a25-8ef8-ebcc0ed1f3b0,20/03/2013,Mar-13,3,2013,BERG RIVER,Major Dam,130010,33.58,87640,67.41
9f188370-a3d8-4967-bd9a-d6934d95df5e,21/03/2013,Mar-13,3,2013,BERG RIVER,Major Dam,130010,33.52,87360,67.19
4fe8877b-739e-4bd3-a3bc-015230b224cc,22/03/2013,Mar-13,3,2013,BERG RIVER,Major Dam,130010,33.46,87080,66.98
8c1c04c9-f0d7-4fd9-8387-645af330f52c,23/03/2013,Mar-13,3,2013,BERG RIVER,Major Dam,130010,33.46,87080,66.98
f5d2abe4-bb66-4bb8-bc0f-cfad1763b220,24/03/2013,Mar-13,3,2013,BERG RIVER,Major Dam,130010,33.46,87080,66.98
994d4833-4f4d-4cfd-9125-d3d5161aac82,25/03/2013,Mar-13,3,2013,BERG RIVER,Major Dam,130010,33.28,86250,66.34
90743024-c566-47fb-8256-41077f913cdf,26/03/2013,Mar-13,3,2013,BERG RIVER,Major Dam,130010,33.21,85930,66.09
8c60a2a5-3f22-4f3f-826c-0ed010008efd,27/03/2013,Mar-13,3,2013,BERG RIVER,Major Dam,130010,33.14,85610,65.85
b7ca1fb7-1984-4f31-961c-99d6e4eef4a3,28/03/2013,Mar-13,3,2013,BERG RIVER,Major Dam,130010,33.08,85330,65.63
e6bbe13a-b129-4d88-8b2b-41c5b059e08c,29/03/2013,Mar-13,3,2013,BERG RIVER,Major Dam,130010,33.08,85330,65.63
0d84a29d-7d90-46f8-ab40-3f293f9f5e94,30/03/2013,Mar-13,3,2013,BERG RIVER,Major Dam,130010,33.08,85330,65.63
98f6ea34-7203-4ea4-ba14-f0244ab9e3eb,31/03/2013,Mar-13,3,2013,BERG RIVER,Major Dam,130010,32.88,84420,64.93
f7b55ac6-a96e-4b96-ad71-0fc71a5d7924,01/04/2013,Apr-13,4,2013,BERG RIVER,Major Dam,130010,32.88,84420,64.93
d916e204-9c92-4394-bf12-d6fd90c6ca04,02/04/2013,Apr-13,4,2013,BERG RIVER,Major Dam,130010,33.1,85420,65.7
c7e70fb9-2c4a-41e8-9c62-72a4d1b59555,03/04/2013,Apr-13,4,2013,BERG RIVER,Major Dam,130010,33.2,85880,66.06
9200d834-9eec-471b-adb2-17cf5d398743,04/04/2013,Apr-13,4,2013,BERG RIVER,Major Dam,130010,33.22,85970,66.13
01ee010e-1a61-4282-8ec2-8019c63d4843,05/04/2013,Apr-13,4,2013,BERG RIVER,Major Dam,130010,33.23,86020,66.16
501ecf5a-cb1f-4212-bb13-40844e7944e2,06/04/2013,Apr-13,4,2013,BERG RIVER,Major Dam,130010,33.23,86020,66.16
00580a5f-1d47-4a5e-85c3-606879c0647e,07/04/2013,Apr-13,4,2013,BERG RIVER,Major Dam,130010,33.23,86020,66.16
53c0fdea-a73d-4779-89ba-d40f1e065341,08/04/2013,Apr-13,4,2013,BERG RIVER,Major Dam,130010,33.24,86060,66.19
988f98f2-198c-4a98-95af-08f35216bf8a,09/04/2013,Apr-13,4,2013,BERG RIVER,Major Dam,130010,33.26,86160,66.27
e9bb3ff9-910a-4cc2-94c1-4310ba7411a0,10/04/2013,Apr-13,4,2013,BERG RIVER,Major Dam,130010,33.26,86160,66.27
62ff2e91-63de-4e35-b7e8-2bc707788edd,11/04/2013,Apr-13,4,2013,BERG RIVER,Major Dam,130010,33.26,86160,66.27
6dfabf59-59bc-4866-9648-7a2e75ddf690,12/04/2013,Apr-13,4,2013,BERG RIVER,Major Dam,130010,33.26,86110,66.23
f7c6d790-cbbe-4875-a453-12b23d93fcef,13/04/2013,Apr-13,4,2013,BERG RIVER,Major Dam,130010,33.26,86110,66.23
412b70bc-efb1-4fa0-8758-29dd45932994,14/04/2013,Apr-13,4,2013,BERG RIVER,Major Dam,130010,33.26,86110,66.23
4b05ab46-aa3f-4305-bbec-d04835982079,15/04/2013,Apr-13,4,2013,BERG RIVER,Major Dam,130010,33.22,85970,66.13
9249a286-6765-4df9-8935-76591e745d44,16/04/2013,Apr-13,4,2013,BERG RIVER,Major Dam,130010,33.22,85970,66.13
6640dd22-f85f-48d4-9f84-8f921838de7f,17/04/2013,Apr-13,4,2013,BERG RIVER,Major Dam,130010,33.23,86020,66.16
1fd49c65-1b6a-42c0-9fe5-4e43a3518b0d,18/04/2013,Apr-13,4,2013,BERG RIVER,Major Dam,130010,34.64,92610,71.23
08ba97d9-0b6a-464b-b373-d65c94cbe2f1,19/04/2013,Apr-13,4,2013,BERG RIVER,Major Dam,130010,34.78,93270,71.74
1d71f3a9-493f-44c3-867d-586ab7d6f272,20/04/2013,Apr-13,4,2013,BERG RIVER,Major Dam,130010,34.78,93270,71.74
13728732-18d3-40d7-968f-7a9240a49819,21/04/2013,Apr-13,4,2013,BERG RIVER,Major Dam,130010,34.78,93270,71.74
5a376dba-9740-4850-b42d-6d2f4a498f97,22/04/2013,Apr-13,4,2013,BERG RIVER,Major Dam,130010,34.87,93700,72.07
36ad9396-01f5-46c7-9c31-e0d1abb601c3,23/04/2013,Apr-13,4,2013,BERG RIVER,Major Dam,130010,34.89,93800,72.15
75c42841-bcb9-446d-85e6-5144723d9c6d,24/04/2013,Apr-13,4,2013,BERG RIVER,Major Dam,130010,34.89,93800,72.15
c357db12-c84a-4373-913b-47d769c76fd5,25/04/2013,Apr-13,4,2013,BERG RIVER,Major Dam,130010,34.89,93800,72.15
011fecc4-6199-4d61-99bf-054dbb03e1d8,26/04/2013,Apr-13,4,2013,BERG RIVER,Major Dam,130010,34.9,93850,72.19
5bcfa161-c6cd-4622-b62a-cfa25778ded3,27/04/2013,Apr-13,4,2013,BERG RIVER,Major Dam,130010,34.9,93850,72.19
944697ba-6c43-4675-a424-22c54d842128,28/04/2013,Apr-13,4,2013,BERG RIVER,Major Dam,130010,34.9,93850,72.19
7733c7f3-dea5-411c-8322-3fe40195e163,29/04/2013,Apr-13,4,2013,BERG RIVER,Major Dam,130010,34.9,93850,72.19
666709fb-a17f-4bd7-b522-c878f34628b7,30/04/2013,Apr-13,4,2013,BERG RIVER,Major Dam,130010,34.89,93800,72.15
e8753faf-782f-4a1b-a57b-92ff706230d1,01/05/2013,May-13,5,2013,BERG RIVER,Major Dam,130010,34.89,93800,72.15
d18e1f98-1945-44ec-b063-e82fd4742af0,02/05/2013,May-13,5,2013,BERG RIVER,Major Dam,130010,34.89,93800,72.15
4ac50911-510b-45cf-a9a7-967f97484901,03/05/2013,May-13,5,2013,BERG RIVER,Major Dam,130010,34.9,93850,72.19
7ad81a3d-8263-4b7f-b202-e68b6bd06299,04/05/2013,May-13,5,2013,BERG RIVER,Major Dam,130010,34.9,93850,72.19
22e16a21-29f8-4020-8bc9-e8fffe03148a,05/05/2013,May-13,5,2013,BERG RIVER,Major Dam,130010,34.9,93850,72.19
d05cc731-5dd3-4884-87e2-0c3c1c4b8244,06/05/2013,May-13,5,2013,BERG RIVER,Major Dam,130010,34.9,93850,72.19
02137d22-cb22-44de-8977-50914ef18953,07/05/2013,May-13,5,2013,BERG RIVER,Major Dam,130010,34.91,93900,72.23
6c4f4145-2e2d-449a-b1c4-983641e6dfa0,08/05/2013,May-13,5,2013,BERG RIVER,Major Dam,130010,34.89,93800,72.15
3ccac3ac-ad5b-42e2-a403-ee153bff9ce7,09/05/2013,May-13,5,2013,BERG RIVER,Major Dam,130010,34.91,93900,72.23
2ee4171c-3677-4b3f-a4fa-b5c53d055c5c,10/05/2013,May-13,5,2013,BERG RIVER,Major Dam,130010,34.9,93850,72.19
92ab7044-4905-460f-ab86-5f65c596f55c,11/05/2013,May-13,5,2013,BERG RIVER,Major Dam,130010,34.9,93850,72.19
23f289b1-f006-44b6-9be2-a44461f75343,12/05/2013,May-13,5,2013,BERG RIVER,Major Dam,130010,34.9,93850,72.19
862b94b7-47ee-4f38-94a4-8fb18bbb6aa2,13/05/2013,May-13,5,2013,BERG RIVER,Major Dam,130010,34.9,93850,72.19
ab7baa4e-243f-461a-8714-85c33c8beb54,14/05/2013,May-13,5,2013,BERG RIVER,Major Dam,130010,34.89,93800,72.15
5e3b4194-339c-4395-8a11-dd1a675ff1b2,15/05/2013,May-13,5,2013,BERG RIVER,Major Dam,130010,34.88,93750,72.11
1eb35861-0d9f-430b-821a-8adaf6b8cce6,16/05/2013,May-13,5,2013,BERG RIVER,Major Dam,130010,34.88,93750,72.11
74c52e48-6563-430d-892c-2799030411d4,17/05/2013,May-13,5,2013,BERG RIVER,Major Dam,130010,34.88,93750,72.11
0587ea50-f4dc-4888-956d-3d59a6110e46,18/05/2013,May-13,5,2013,BERG RIVER,Major Dam,130010,34.88,93750,72.11
4b9aced5-8384-4a63-832d-78ceb80d6e22,19/05/2013,May-13,5,2013,BERG RIVER,Major Dam,130010,34.88,93750,72.11
26b5dc4b-fc55-46b9-b12b-3d286f92d413,20/05/2013,May-13,5,2013,BERG RIVER,Major Dam,130010,34.85,93610,72
6224d7a1-e652-433a-8618-c96cd669d863,21/05/2013,May-13,5,2013,BERG RIVER,Major Dam,130010,34.85,93610,72
8e080f3c-610d-4092-9fd8-0374967315a9,22/05/2013,May-13,5,2013,BERG RIVER,Major Dam,130010,34.84,93560,71.96
2e1312c3-633d-4322-ad68-3f0ae4ee4994,23/05/2013,May-13,5,2013,BERG RIVER,Major Dam,130010,34.84,93560,71.96
29c76130-a256-4961-b124-4115c1d3623d,24/05/2013,May-13,5,2013,BERG RIVER,Major Dam,130010,34.84,93560,71.96
b579123f-78a4-44b9-9c8b-4829737836d5,25/05/2013,May-13,5,2013,BERG RIVER,Major Dam,130010,34.84,93560,71.96
0f2a046d-9814-40de-9e75-6e01f390c2c9,26/05/2013,May-13,5,2013,BERG RIVER,Major Dam,130010,34.84,93560,71.96
076fbfc9-2ce6-4786-bac0-39e447058ca5,27/05/2013,May-13,5,2013,BERG RIVER,Major Dam,130010,35.11,94860,72.96
f38831a2-7a41-44f8-bf72-533a066ca9a6,28/05/2013,May-13,5,2013,BERG RIVER,Major Dam,130010,35.21,95340,73.33
4dedcee8-db37-4e4a-b3d3-fe47608cdf3c,29/05/2013,May-13,5,2013,BERG RIVER,Major Dam,130010,35.37,96110,73.93
2c475461-751f-45ff-94b9-fc6f2dd3844b,30/05/2013,May-13,5,2013,BERG RIVER,Major Dam,130010,35.51,96790,74.45
037ac0b8-2ba1-45ae-a79e-f1520cc3734c,31/05/2013,May-13,5,2013,BERG RIVER,Major Dam,130010,35.81,98260,75.58
9c4526b6-c605-41ae-b776-b99d1aa72faa,01/06/2013,Jun-13,6,2013,BERG RIVER,Major Dam,130010,35.81,98260,75.58
c4c017ba-6f0f-4211-b250-c7614681deaf,02/06/2013,Jun-13,6,2013,BERG RIVER,Major Dam,130010,35.81,98260,75.58
aac2df68-1dfb-4c18-9b85-e6e336735536,03/06/2013,Jun-13,6,2013,BERG RIVER,Major Dam,130010,37.4,106110,81.62
47f5a90a-ddc9-42b6-ba68-8809affa552b,04/06/2013,Jun-13,6,2013,BERG RIVER,Major Dam,130010,37.85,108390,83.37
7cc82897-2072-4b30-b559-3381267d4785,05/06/2013,Jun-13,6,2013,BERG RIVER,Major Dam,130010,38.11,109710,84.39
464baa52-616a-4482-b361-9c2cf27fce98,06/06/2013,Jun-13,6,2013,BERG RIVER,Major Dam,130010,38.14,109860,84.5
bdd82a6a-dbb9-44e4-ab79-60fe39ce4c21,07/06/2013,Jun-13,6,2013,BERG RIVER,Major Dam,130010,38.27,110520,85.01
8249135a-110b-4b05-92ce-14f22c94ffdc,08/06/2013,Jun-13,6,2013,BERG RIVER,Major Dam,130010,38.27,110520,85.01
13a3faf8-d1ab-442e-9b8c-1174d645b7e1,09/06/2013,Jun-13,6,2013,BERG RIVER,Major Dam,130010,38.27,110520,85.01
b5f749c9-1b1b-4c4d-a09f-2e78ea4c98dd,10/06/2013,Jun-13,6,2013,BERG RIVER,Major Dam,130010,39.19,115210,88.62
282107a4-5b06-4828-9891-c8a9e9209fc0,11/06/2013,Jun-13,6,2013,BERG RIVER,Major Dam,130010,39.25,115520,88.85
058775d9-6d50-4022-bc9a-329e111523fc,12/06/2013,Jun-13,6,2013,BERG RIVER,Major Dam,130010,39.27,115600,88.92
2122c1af-402c-4e58-b098-e7301a344724,13/06/2013,Jun-13,6,2013,BERG RIVER,Major Dam,130010,39.32,115880,89.13
d8368ba3-2f3c-4861-b356-5c50323c0f4c,14/06/2013,Jun-13,6,2013,BERG RIVER,Major Dam,130010,39.42,116340,89.49
da82057d-edbd-426f-8d25-f8069759393e,15/06/2013,Jun-13,6,2013,BERG RIVER,Major Dam,130010,39.42,116340,89.49
2ad00c5e-680a-4b14-b756-d08c32cf87bf,16/06/2013,Jun-13,6,2013,BERG RIVER,Major Dam,130010,39.42,116340,89.49
38c5babe-46c7-4668-9afb-5f127e2f15fb,17/06/2013,Jun-13,6,2013,BERG RIVER,Major Dam,130010,39.97,119270,91.74
129af928-e685-4e32-aabe-2f26fffdd649,18/06/2013,Jun-13,6,2013,BERG RIVER,Major Dam,130010,39.99,119380,91.82
d0576f94-e53f-4afe-853f-de7bfbf66cb5,19/06/2013,Jun-13,6,2013,BERG RIVER,Major Dam,130010,40,119430,91.86
ebd03dfb-9606-4af7-bdb9-043796ae19d2,20/06/2013,Jun-13,6,2013,BERG RIVER,Major Dam,130010,40.03,119580,91.98
526adaa2-a9ca-41cf-9901-8ad15e7e3683,21/06/2013,Jun-13,6,2013,BERG RIVER,Major Dam,130010,40.04,119640,92.02
9767d263-ec57-4840-b933-3010c6de846b,22/06/2013,Jun-13,6,2013,BERG RIVER,Major Dam,130010,40.04,119640,92.02
3229f66e-8bf6-4685-b873-cec4b72895b5,23/06/2013,Jun-13,6,2013,BERG RIVER,Major Dam,130010,40.04,119640,92.02
023100eb-a1d5-4ba2-9468-64a265f01b0d,24/06/2013,Jun-13,6,2013,BERG RIVER,Major Dam,130010,40.19,120410,92.62
0de03291-47f1-405b-89d6-91238b2bc4aa,25/06/2013,Jun-13,6,2013,BERG RIVER,Major Dam,130010,40.19,120410,92.62
c28a5d1b-0c22-49af-87d8-992fd53c705e,26/06/2013,Jun-13,6,2013,BERG RIVER,Major Dam,130010,41.11,125240,96.33
6e8cd74c-7165-450b-a072-5559c8d59784,27/06/2013,Jun-13,6,2013,BERG RIVER,Major Dam,130010,41.29,126200,97.07
8357ec7e-de29-4863-b005-f1e214c977c8,28/06/2013,Jun-13,6,2013,BERG RIVER,Major Dam,130010,41.37,126620,97.39
b2f187c2-e6d2-4c05-b2b0-7f01230c6728,29/06/2013,Jun-13,6,2013,BERG RIVER,Major Dam,130010,41.37,126620,97.39
259fa30d-00e1-493b-9f1c-a5f91a488a00,30/06/2013,Jun-13,6,2013,BERG RIVER,Major Dam,130010,41.37,126620,97.39
1c27a68d-cff6-48bc-a383-af487bcfa207,01/07/2013,Jul-13,7,2013,BERG RIVER,Major Dam,130010,41.49,127260,97.88
04b1bf3d-8d47-4fe0-85c1-22881b505469,02/07/2013,Jul-13,7,2013,BERG RIVER,Major Dam,130010,41.51,127370,97.97
f21d7fce-90d2-4b32-81b8-72f264f29643,03/07/2013,Jul-13,7,2013,BERG RIVER,Major Dam,130010,41.53,127410,98
807baa88-1aba-498f-a47b-d0c1ebd85076,04/07/2013,Jul-13,7,2013,BERG RIVER,Major Dam,130010,41.54,127530,98.09
fd95187e-da54-4d16-9486-5e57800d6e3b,05/07/2013,Jul-13,7,2013,BERG RIVER,Major Dam,130010,41.54,127530,98.09
4f70d069-fef4-44f5-afef-e5250cf8bb52,06/07/2013,Jul-13,7,2013,BERG RIVER,Major Dam,130010,41.54,127530,98.09
67d720bc-d5d9-4b87-80ff-f0a8e29abd09,07/07/2013,Jul-13,7,2013,BERG RIVER,Major Dam,130010,41.54,127530,98.09
653335ae-394a-49c4-9d85-3efc5a34fabb,08/07/2013,Jul-13,7,2013,BERG RIVER,Major Dam,130010,41.61,127910,98.38
5dd04437-19b8-42e2-91fa-9b984667b8b5,09/07/2013,Jul-13,7,2013,BERG RIVER,Major Dam,130010,41.61,127910,98.38
a5b3e179-d418-48bf-9c06-19ea75ec4804,10/07/2013,Jul-13,7,2013,BERG RIVER,Major Dam,130010,41.43,126940,97.64
38843556-cd5d-43f7-8334-dc112fed745b,11/07/2013,Jul-13,7,2013,BERG RIVER,Major Dam,130010,41.43,126940,97.64
03b80b1d-7e71-4c80-8748-4d87e6d6607b,12/07/2013,Jul-13,7,2013,BERG RIVER,Major Dam,130010,41.43,126940,97.64
b50a9c06-ae61-43e7-80ac-502b0fd7067c,13/07/2013,Jul-13,7,2013,BERG RIVER,Major Dam,130010,41.43,126940,97.64
e8c5e885-6696-41d6-b64b-0d84b56827d6,14/07/2013,Jul-13,7,2013,BERG RIVER,Major Dam,130010,41.43,126940,97.64
83a6479a-dce3-4879-b4d8-3bbfa93c6b62,15/07/2013,Jul-13,7,2013,BERG RIVER,Major Dam,130010,41.44,127000,97.68
f48ee74d-7901-47a5-9eaf-b2ca2d9c1477,16/07/2013,Jul-13,7,2013,BERG RIVER,Major Dam,130010,41.44,127000,97.68
fffc3a5b-1852-4acf-b3cd-c9bd410ef559,17/07/2013,Jul-13,7,2013,BERG RIVER,Major Dam,130010,41.53,127480,98.05
f51dc28b-afe6-4942-b90b-3ed648d73899,18/07/2013,Jul-13,7,2013,BERG RIVER,Major Dam,130010,41.55,127580,98.13
e21b7a8c-2853-4d26-86d9-a44a7238ba62,19/07/2013,Jul-13,7,2013,BERG RIVER,Major Dam,130010,42.19,131020,100.78
bf4953c2-3da2-49a9-b064-dc1de69b9df7,20/07/2013,Jul-13,7,2013,BERG RIVER,Major Dam,130010,42.19,131020,100.78
6a5e4c61-aea8-400b-a4f3-af2dbf9d2d29,21/07/2013,Jul-13,7,2013,BERG RIVER,Major Dam,130010,42.19,131020,100.78
71ab13a1-d37c-4c96-af18-6f0f22c033a7,22/07/2013,Jul-13,7,2013,BERG RIVER,Major Dam,130010,42.24,131290,100.98
d6b365a1-4e16-4587-8ae9-c87b909589b2,23/07/2013,Jul-13,7,2013,BERG RIVER,Major Dam,130010,42.24,131290,100.98
3b569555-bca0-409d-b745-eef500f13b40,24/07/2013,Jul-13,7,2013,BERG RIVER,Major Dam,130010,42.29,131560,101.19
39aa67d4-b8c0-4dd4-a91d-04901224a03e,25/07/2013,Jul-13,7,2013,BERG RIVER,Major Dam,130010,42.21,131130,100.86
fe94c760-3dc5-4e27-b8ad-8287b8befd7a,26/07/2013,Jul-13,7,2013,BERG RIVER,Major Dam,130010,42.14,130760,100.58
9c713c5d-f719-4269-abba-709526af35cd,27/07/2013,Jul-13,7,2013,BERG RIVER,Major Dam,130010,42.14,130760,100.58
efa563ad-de54-4d91-a3a7-338147472d17,28/07/2013,Jul-13,7,2013,BERG RIVER,Major Dam,130010,42.14,130760,100.58
0480a2ca-b88f-415b-a59b-1e1a3f98818c,29/07/2013,Jul-13,7,2013,BERG RIVER,Major Dam,130010,42.3,131610,101.23
8591568e-92dd-4886-8f71-66192fdd85a5,30/07/2013,Jul-13,7,2013,BERG RIVER,Major Dam,130010,42.21,131130,100.86
a91293c3-496e-4116-94fb-79a32e203e71,31/07/2013,Jul-13,7,2013,BERG RIVER,Major Dam,130010,42.16,130860,100.65
e5015fd8-c5a3-44a0-8576-fed3cbf73444,01/08/2013,Aug-13,8,2013,BERG RIVER,Major Dam,130010,42.14,130760,100.58
a0741df9-80ff-4d3d-adf8-c349a213f8dc,02/08/2013,Aug-13,8,2013,BERG RIVER,Major Dam,130010,42.11,130600,100.45
1cdfd97d-be55-47d7-ba93-d1999e115906,03/08/2013,Aug-13,8,2013,BERG RIVER,Major Dam,130010,42.11,130600,100.45
607080a5-143b-4cbe-9b6f-2da0d356ad19,04/08/2013,Aug-13,8,2013,BERG RIVER,Major Dam,130010,42.11,130600,100.45
68fceff9-f125-4eac-ba8f-35fc4f5da0ed,05/08/2013,Aug-13,8,2013,BERG RIVER,Major Dam,130010,42.07,130380,100.28
acd7e734-2105-4679-a990-ccc831fbdf59,06/08/2013,Aug-13,8,2013,BERG RIVER,Major Dam,130010,42.06,130330,100.25
c820f8c8-b11b-4394-abe4-4f6ac5773ccc,07/08/2013,Aug-13,8,2013,BERG RIVER,Major Dam,130010,42.05,130280,100.21
39cbf14a-fdb0-4788-9f1f-8fb41ef78a19,08/08/2013,Aug-13,8,2013,BERG RIVER,Major Dam,130010,42.12,130650,100.49
664c9dda-0669-4cac-a872-bb7f4bf83609,09/08/2013,Aug-13,8,2013,BERG RIVER,Major Dam,130010,42.12,130650,100.49
55cd2547-1c1a-4078-9c6b-71e9af831318,10/08/2013,Aug-13,8,2013,BERG RIVER,Major Dam,130010,42.12,130650,100.49
0837f1b1-d252-4044-9e6b-e2797acfde90,11/08/2013,Aug-13,8,2013,BERG RIVER,Major Dam,130010,42.12,130650,100.49
54d7b4d7-e082-48b3-9780-71c568d6763c,12/08/2013,Aug-13,8,2013,BERG RIVER,Major Dam,130010,42.12,130650,100.49
33331bd2-e080-4502-9c2f-b21da6738515,13/08/2013,Aug-13,8,2013,BERG RIVER,Major Dam,130010,42.36,131930,101.48
15daf296-94d3-4c74-8f62-dfd3bd1d51df,14/08/2013,Aug-13,8,2013,BERG RIVER,Major Dam,130010,42.65,133560,102.73
ee51bdfe-5239-427a-8751-c71928dc4365,15/08/2013,Aug-13,8,2013,BERG RIVER,Major Dam,130010,42.44,132360,101.81
df53aef0-10b9-4907-a527-6888c325343f,16/08/2013,Aug-13,8,2013,BERG RIVER,Major Dam,130010,42.64,133440,102.64
61ae005a-4f0e-4214-b19d-2e45adae71c3,17/08/2013,Aug-13,8,2013,BERG RIVER,Major Dam,130010,42.64,133440,102.64
97e1e485-5c19-4e88-a5b6-5897f4dd02f2,18/08/2013,Aug-13,8,2013,BERG RIVER,Major Dam,130010,42.64,133440,102.64
3b973502-3df5-4824-8122-95f28de29ff6,19/08/2013,Aug-13,8,2013,BERG RIVER,Major Dam,130010,42.12,130650,100.49
19121e83-d9eb-4f69-8804-6b1547ddd31e,20/08/2013,Aug-13,8,2013,BERG RIVER,Major Dam,130010,42.24,131290,100.98
564ad870-e298-4eff-a561-9966ab54bf79,21/08/2013,Aug-13,8,2013,BERG RIVER,Major Dam,130010,42.2,131080,100.82
da0cb3b8-b858-47f2-a8df-ca9c3a34c1ea,22/08/2013,Aug-13,8,2013,BERG RIVER,Major Dam,130010,42.41,132200,101.68
5d3e8d6d-f044-4ff9-8cd4-981d6e9f638f,23/08/2013,Aug-13,8,2013,BERG RIVER,Major Dam,130010,42.28,131500,101.15
b3788344-b3aa-41f3-a09e-3a1490d17480,24/08/2013,Aug-13,8,2013,BERG RIVER,Major Dam,130010,42.28,131500,101.15
5b8eedd0-037a-448e-b6a4-4d6b935d5574,25/08/2013,Aug-13,8,2013,BERG RIVER,Major Dam,130010,42.28,131500,101.15
306f36a5-0110-42e6-81d8-3d8ef8d518b2,26/08/2013,Aug-13,8,2013,BERG RIVER,Major Dam,130010,42.17,130970,100.74
dff80f49-10be-4d25-8e4b-65f4df3ce149,27/08/2013,Aug-13,8,2013,BERG RIVER,Major Dam,130010,42.1,130540,100.41
92231d0f-8578-4122-a70a-96cf89575f81,28/08/2013,Aug-13,8,2013,BERG RIVER,Major Dam,130010,42.43,132310,101.77
19e2e8ab-a89f-4a47-bea7-5447231bd67e,29/08/2013,Aug-13,8,2013,BERG RIVER,Major Dam,130010,43.22,136590,105.06
8d077281-20e7-4acd-b2bd-85589692f99b,30/08/2013,Aug-13,8,2013,BERG RIVER,Major Dam,130010,43.86,145670,112.05
9e249a22-5615-423c-b22c-b2842d655ba9,31/08/2013,Aug-13,8,2013,BERG RIVER,Major Dam,130010,43.86,145670,112.05
570c6ef9-ec94-42c4-b298-fa7e30eecc53,01/09/2013,Sep-13,9,2013,BERG RIVER,Major Dam,130010,43.86,145670,112.05
99ddad54-27cd-4dbc-82b1-74cf2a2a7b43,02/09/2013,Sep-13,9,2013,BERG RIVER,Major Dam,130010,42.4,132150,101.65
84369bb9-114d-465b-b360-a1281c333ad0,03/09/2013,Sep-13,9,2013,BERG RIVER,Major Dam,130010,42.34,131830,101.4
ddd958b0-78df-49c6-acbe-42b7bb3d74d6,04/09/2013,Sep-13,9,2013,BERG RIVER,Major Dam,130010,42.27,131450,101.11
03545c0d-8e16-4267-a8d1-65ebe7e0844c,05/09/2013,Sep-13,9,2013,BERG RIVER,Major Dam,130010,42.21,131130,100.86
0a91cc9a-18a5-4976-86f1-8dd833e7adc8,06/09/2013,Sep-13,9,2013,BERG RIVER,Major Dam,130010,42.08,130440,100.33
7f495e21-b9da-441d-9578-035d12a29107,07/09/2013,Sep-13,9,2013,BERG RIVER,Major Dam,130010,42.08,130440,100.33
9351315a-1335-4ff6-85da-cb46e44c1793,08/09/2013,Sep-13,9,2013,BERG RIVER,Major Dam,130010,42.08,130440,100.33
ee4cbb7a-8d70-4d90-a1d7-302e5f8a6fa8,09/09/2013,Sep-13,9,2013,BERG RIVER,Major Dam,130010,42.15,130810,100.62
7f3d7739-1fb6-4da0-8e7d-35e532e3ea73,10/09/2013,Sep-13,9,2013,BERG RIVER,Major Dam,130010,42.09,130490,100.37
ad2f12c9-8f1a-4103-9a27-a05923ca812f,11/09/2013,Sep-13,9,2013,BERG RIVER,Major Dam,130010,42.07,130380,100.28
6479e2ff-69b9-4aa2-bae5-05905d24da08,12/09/2013,Sep-13,9,2013,BERG RIVER,Major Dam,130010,42.06,130330,100.25
d198e942-adc6-4174-9f0e-2568003f4577,13/09/2013,Sep-13,9,2013,BERG RIVER,Major Dam,130010,42.05,130280,100.21
a2cf0ac1-cb66-4559-8849-ff59e5fc6d0c,14/09/2013,Sep-13,9,2013,BERG RIVER,Major Dam,130010,42.05,130280,100.21
23d6093d-329c-4262-b760-e572315b0548,15/09/2013,Sep-13,9,2013,BERG RIVER,Major Dam,130010,42.05,130280,100.21
c82a2943-11e2-48f8-8f70-69e589865c9d,16/09/2013,Sep-13,9,2013,BERG RIVER,Major Dam,130010,42.48,132580,101.98
b3e1554a-f679-44b7-b1df-0d818d0652ad,17/09/2013,Sep-13,9,2013,BERG RIVER,Major Dam,130010,42.35,131880,101.44
01a5a78a-c937-4f5d-8e01-dca6cc03018f,18/09/2013,Sep-13,9,2013,BERG RIVER,Major Dam,130010,42.34,131830,101.4
26d78225-8949-46a7-bf2e-0892e6674958,19/09/2013,Sep-13,9,2013,BERG RIVER,Major Dam,130010,42.27,131450,101.11
e642c4a2-addd-4783-af76-2e2cccc1650b,20/09/2013,Sep-13,9,2013,BERG RIVER,Major Dam,130010,42.61,133280,102.52
f5319540-cda7-4d95-9336-f781fa61337e,21/09/2013,Sep-13,9,2013,BERG RIVER,Major Dam,130010,42.61,133280,102.52
9a123122-1962-497c-b113-23b48b5ae900,22/09/2013,Sep-13,9,2013,BERG RIVER,Major Dam,130010,42.61,133280,102.52
151e9033-ff4a-489d-afb6-ad449f092c4c,23/09/2013,Sep-13,9,2013,BERG RIVER,Major Dam,130010,42.28,131500,101.15
0bb27cea-4380-453b-8d2d-ed39c2b910c8,24/09/2013,Sep-13,9,2013,BERG RIVER,Major Dam,130010,42.2,131080,100.82
c023c90f-a214-4987-80fb-f7d1c70d64e1,25/09/2013,Sep-13,9,2013,BERG RIVER,Major Dam,130010,42.19,131020,100.78
89787298-f7a4-47e5-b497-fa2c68e48a20,26/09/2013,Sep-13,9,2013,BERG RIVER,Major Dam,130010,42.19,131020,100.78
0bb1711a-c4d6-4fb4-a12c-5807439bcdb6,27/09/2013,Sep-13,9,2013,BERG RIVER,Major Dam,130010,42.17,130920,100.7
d9c69c81-7bae-4da7-b6d0-fe4794dc9815,28/09/2013,Sep-13,9,2013,BERG RIVER,Major Dam,130010,42.17,130920,100.7
a50c071a-7575-4f1a-b7f7-a4d0539ea0f8,29/09/2013,Sep-13,9,2013,BERG RIVER,Major Dam,130010,42.17,130920,100.7
7c194e64-01f3-4614-8165-dd9b4a36f15a,30/09/2013,Sep-13,9,2013,BERG RIVER,Major Dam,130010,42.17,130920,100.7
1d17c199-5869-43d8-8849-4455f35cca75,01/10/2013,Oct-13,10,2013,BERG RIVER,Major Dam,130010,42.14,130760,100.58
98aa4f6a-0178-4f44-9973-dc3bd1bb8361,02/10/2013,Oct-13,10,2013,BERG RIVER,Major Dam,130010,42.14,130650,100.49
4bee0c08-4c19-4e6c-ba56-a83651155e0a,03/10/2013,Oct-13,10,2013,BERG RIVER,Major Dam,130010,42.1,130540,100.41
808d22d2-2715-41e2-be26-3da8c635a8e4,04/10/2013,Oct-13,10,2013,BERG RIVER,Major Dam,130010,42.08,130440,100.33
e12e42c2-65e8-4bde-909d-3e73676be3d7,05/10/2013,Oct-13,10,2013,BERG RIVER,Major Dam,130010,42.08,130440,100.33
c39a2c06-9c75-4883-9ea3-03f91f1c54c7,06/10/2013,Oct-13,10,2013,BERG RIVER,Major Dam,130010,42.08,130440,100.33
3ca9538c-0a82-47e8-ae43-ed187c0be3af,07/10/2013,Oct-13,10,2013,BERG RIVER,Major Dam,130010,42.05,130120,100.08
bafe98ee-928e-4cb7-a792-b388eea1f6cb,08/10/2013,Oct-13,10,2013,BERG RIVER,Major Dam,130010,42.02,130120,100.08
aa5906db-f97e-4ee9-87fe-04ad928e3569,09/10/2013,Oct-13,10,2013,BERG RIVER,Major Dam,130010,42.02,130120,100.08
c499e587-b94d-4a84-b4ef-f13180ce42b2,10/10/2013,Oct-13,10,2013,BERG RIVER,Major Dam,130010,42.02,130120,100.08
55c697fd-96e1-4dde-9315-8b19d9fb54a8,11/10/2013,Oct-13,10,2013,BERG RIVER,Major Dam,130010,42.02,130120,100.08
6340d653-c59d-472d-b612-c4752d4d92a6,12/10/2013,Oct-13,10,2013,BERG RIVER,Major Dam,130010,42.02,130120,100.08
835e9637-c6dc-468b-98c3-015f9e2d125e,13/10/2013,Oct-13,10,2013,BERG RIVER,Major Dam,130010,42.02,130120,100.08
ca51bc04-8c3d-4419-8751-03cf2a782f23,14/10/2013,Oct-13,10,2013,BERG RIVER,Major Dam,130010,42.04,130220,100.16
def5b236-eded-42b3-af25-2f0a2c4346a6,15/10/2013,Oct-13,10,2013,BERG RIVER,Major Dam,130010,42.06,130330,100.25
52317b58-2398-4b3a-b77b-703d2aa5d604,16/10/2013,Oct-13,10,2013,BERG RIVER,Major Dam,130010,42.06,130330,100.25
5380c1ba-3e36-4e49-8551-c33f4f4a5ffe,17/10/2013,Oct-13,10,2013,BERG RIVER,Major Dam,130010,42.06,130330,100.25
5d38e410-8d00-4d5b-b59a-1be74417641e,18/10/2013,Oct-13,10,2013,BERG RIVER,Major Dam,130010,42.06,130330,100.25
5186733e-3c3c-4cb3-bc2d-5a5f5faae7ba,19/10/2013,Oct-13,10,2013,BERG RIVER,Major Dam,130010,42.06,130330,100.25
61f7416c-72e8-430b-b833-33213264f854,20/10/2013,Oct-13,10,2013,BERG RIVER,Major Dam,130010,42.06,130330,100.25
7274e419-b748-4cdf-9555-93d8a00e7c37,21/10/2013,Oct-13,10,2013,BERG RIVER,Major Dam,130010,42.03,130170,100.12
b7973511-da00-4778-abb3-e14cccddd4b6,22/10/2013,Oct-13,10,2013,BERG RIVER,Major Dam,130010,42,130010,100
c0d92f21-c3e9-4455-bd40-ec7bcef93b1e,23/10/2013,Oct-13,10,2013,BERG RIVER,Major Dam,130010,42,130010,100
4ecb6596-f7fb-4316-9430-b60edacd8de0,24/10/2013,Oct-13,10,2013,BERG RIVER,Major Dam,130010,41.98,129900,99.92
45fe4e48-2b36-4e95-9c7b-5b5915423a96,25/10/2013,Oct-13,10,2013,BERG RIVER,Major Dam,130010,41.96,129790,99.83
543cbd3c-3f5f-4fc9-843d-64686c56b9d4,26/10/2013,Oct-13,10,2013,BERG RIVER,Major Dam,130010,41.96,129790,99.83
abe294b2-23ff-4bfa-bd94-744465e9ba92,27/10/2013,Oct-13,10,2013,BERG RIVER,Major Dam,130010,41.96,129790,99.83
4516ce96-5072-4660-a36b-6c38db6fcb31,28/10/2013,Oct-13,10,2013,BERG RIVER,Major Dam,130010,42,130010,100
40ab0523-3078-4f3a-8f0a-971158bdd908,29/10/2013,Oct-13,10,2013,BERG RIVER,Major Dam,130010,42.02,130120,100.08
f9683730-912f-4836-b368-91730cfdb1f7,30/10/2013,Oct-13,10,2013,BERG RIVER,Major Dam,130010,42.03,130170,100.12
18717ec6-ea28-496b-8fd0-67d258ae3dcd,31/10/2013,Oct-13,10,2013,BERG RIVER,Major Dam,130010,42.09,130490,100.37
e9bb0a17-b9be-48c0-ada9-39bbe119d5fe,01/11/2013,Nov-13,11,2013,BERG RIVER,Major Dam,130010,42.2,131080,100.82
a5eb575d-af94-4a28-aee9-ad6f07e3bde1,02/11/2013,Nov-13,11,2013,BERG RIVER,Major Dam,130010,42.2,131080,100.82
c22d35d7-1311-4f16-9319-56341db3c607,03/11/2013,Nov-13,11,2013,BERG RIVER,Major Dam,130010,42.2,131080,100.82
ac98c0dc-a105-4ca9-a7c2-1f7f0f7427e4,04/11/2013,Nov-13,11,2013,BERG RIVER,Major Dam,130010,42.15,130810,100.62
b5e48464-36ee-40bb-85b5-661a75895a4e,05/11/2013,Nov-13,11,2013,BERG RIVER,Major Dam,130010,42.08,130440,100.33
1ae16f00-f44f-4ffe-a69a-b6b7f3cd6812,06/11/2013,Nov-13,11,2013,BERG RIVER,Major Dam,130010,42.11,130600,100.45
be9c30ee-0460-440b-9660-a141f586a817,07/11/2013,Nov-13,11,2013,BERG RIVER,Major Dam,130010,42.07,130380,100.28
00e2e37e-3850-435e-b2fa-42216938889a,08/11/2013,Nov-13,11,2013,BERG RIVER,Major Dam,130010,42.06,130330,100.25
186ab3c6-17fb-45a3-8a5f-557d470c0140,09/11/2013,Nov-13,11,2013,BERG RIVER,Major Dam,130010,42.06,130330,100.25
b9cc6f7d-5483-4064-b73d-4e5005617e36,10/11/2013,Nov-13,11,2013,BERG RIVER,Major Dam,130010,42.06,130330,100.25
af0cf18f-02cb-4d00-a913-b3a11b057e29,11/11/2013,Nov-13,11,2013,BERG RIVER,Major Dam,130010,41.99,129960,99.96
fbdd373e-7913-45fc-8e7c-17beff7b8a4a,12/11/2013,Nov-13,11,2013,BERG RIVER,Major Dam,130010,41.98,129900,99.92
eb40430f-7a02-4cf4-8ab4-d10d1435e57b,13/11/2013,Nov-13,11,2013,BERG RIVER,Major Dam,130010,41.99,129960,99.96
7584e090-d995-4673-8204-8b1af04b07de,14/11/2013,Nov-13,11,2013,BERG RIVER,Major Dam,130010,41.99,129960,99.96
90e45ba6-0a2d-4aff-ac17-b6ee1359b14a,15/11/2013,Nov-13,11,2013,BERG RIVER,Major Dam,130010,42,130010,100
0b4f0572-f3d2-4288-bb8e-acf3b83386a8,16/11/2013,Nov-13,11,2013,BERG RIVER,Major Dam,130010,42,130010,100
8b9b23c9-8011-43dc-95f5-677d9991a0ed,17/11/2013,Nov-13,11,2013,BERG RIVER,Major Dam,130010,42,130010,100
315e4eed-25cb-43a6-979a-10385c05a829,18/11/2013,Nov-13,11,2013,BERG RIVER,Major Dam,130010,42.45,132420,101.85
bc649949-b7e1-44d9-93be-cf8e289b048f,19/11/2013,Nov-13,11,2013,BERG RIVER,Major Dam,130010,42.29,131560,101.19
a2c114e3-ebdc-464a-814a-fb9fe1e1c733,20/11/2013,Nov-13,11,2013,BERG RIVER,Major Dam,130010,42.25,131340,101.02
19b9d792-9c59-41e6-9339-6f51dedfc2a4,21/11/2013,Nov-13,11,2013,BERG RIVER,Major Dam,130010,42.25,131290,100.98
9bb86d63-0425-4121-b581-3bb773648e14,22/11/2013,Nov-13,11,2013,BERG RIVER,Major Dam,130010,42.19,131020,100.78
652e0e07-bdad-4fd9-bc5c-e8b4a9969c25,23/11/2013,Nov-13,11,2013,BERG RIVER,Major Dam,130010,42.19,131020,100.78
007d2426-ab3a-4c04-a0c5-3e8722365132,24/11/2013,Nov-13,11,2013,BERG RIVER,Major Dam,130010,42.19,131020,100.78
21f52ff8-4675-47db-8b1f-d72f2c07fb12,25/11/2013,Nov-13,11,2013,BERG RIVER,Major Dam,130010,42.07,130380,100.28
9ec2859a-ce6f-4bb2-a433-f043f5001aed,26/11/2013,Nov-13,11,2013,BERG RIVER,Major Dam,130010,42.06,130330,100.25
21e9908c-1b9a-48f5-a618-a80df2cd5d83,27/11/2013,Nov-13,11,2013,BERG RIVER,Major Dam,130010,42.05,130280,100.21
5c4700a3-ccb6-4995-b88b-a41635370f38,28/11/2013,Nov-13,11,2013,BERG RIVER,Major Dam,130010,42.03,130170,100.12
e3ce7200-90a4-4f7d-b9a5-a907560dbb0c,29/11/2013,Nov-13,11,2013,BERG RIVER,Major Dam,130010,42.02,130120,100.08
e81e2493-9bee-439b-8e96-4c1dde9ec4c2,30/11/2013,Nov-13,11,2013,BERG RIVER,Major Dam,130010,42.02,130120,100.08
267e5d2e-9eed-4e1f-a99b-a73c9785e9dd,01/12/2013,Dec-13,12,2013,BERG RIVER,Major Dam,130010,42.02,130120,100.08
bd141dc8-d460-48e9-a54a-169d4556bb45,02/12/2013,Dec-13,12,2013,BERG RIVER,Major Dam,130010,41.97,129850,99.88
dd3cd78c-ddbe-4673-bee3-d09eb6bbd288,03/12/2013,Dec-13,12,2013,BERG RIVER,Major Dam,130010,41.97,129850,99.88
1fdd3991-c420-403b-a8fe-ba5a5af95189,04/12/2013,Dec-13,12,2013,BERG RIVER,Major Dam,130010,41.99,129960,99.96
591e0d0f-3237-457f-b9d7-04b8a7eab32f,05/12/2013,Dec-13,12,2013,BERG RIVER,Major Dam,130010,41.97,129960,99.96
c1723eab-d22a-4de7-b963-89071cb717e3,06/12/2013,Dec-13,12,2013,BERG RIVER,Major Dam,130010,41.97,129960,99.96
c74d97bd-dc16-4389-b3a2-96ad19b0dbfc,07/12/2013,Dec-13,12,2013,BERG RIVER,Major Dam,130010,41.94,129690,99.75
aa37dedb-ffc8-4fda-a9de-9a10b903bc4a,08/12/2013,Dec-13,12,2013,BERG RIVER,Major Dam,130010,41.91,129520,99.62
74f43d70-fb54-4827-8964-238f5cd76a26,09/12/2013,Dec-13,12,2013,BERG RIVER,Major Dam,130010,41.87,129310,99.46
045b2482-ba8b-4f86-8d5c-38bb2ee0b938,10/12/2013,Dec-13,12,2013,BERG RIVER,Major Dam,130010,41.85,129200,99.38
c6865140-b76e-4b31-9127-d4ac6ff52615,11/12/2013,Dec-13,12,2013,BERG RIVER,Major Dam,130010,41.85,129200,99.38
6614746d-2627-409b-bd0a-eca019037b34,12/12/2013,Dec-13,12,2013,BERG RIVER,Major Dam,130010,41.79,128880,99.13
4fbff4b4-5bbb-4e71-ab97-436b8764ffff,13/12/2013,Dec-13,12,2013,BERG RIVER,Major Dam,130010,41.76,128710,99
77e976aa-8982-4ce5-8d56-2ccfe2cb82f7,14/12/2013,Dec-13,12,2013,BERG RIVER,Major Dam,130010,41.76,128710,99
f8eb345c-1e8c-4eff-98d1-6b9fec84f08d,15/12/2013,Dec-13,12,2013,BERG RIVER,Major Dam,130010,41.76,128710,99
8355c454-6187-4090-b5bb-3d5a1858361c,16/12/2013,Dec-13,12,2013,BERG RIVER,Major Dam,130010,41.76,128710,99
ff2ed15e-9acb-43f1-ba86-11a84becb86e,17/12/2013,Dec-13,12,2013,BERG RIVER,Major Dam,130010,41.77,128770,99.05
1bfc9a77-7a7f-47be-ac9a-bd9d97bb9d50,18/12/2013,Dec-13,12,2013,BERG RIVER,Major Dam,130010,41.77,128770,99.05
610bbda7-eee5-43c6-b1da-75e028a9dfdf,19/12/2013,Dec-13,12,2013,BERG RIVER,Major Dam,130010,41.72,128500,98.84
2789c7ad-27c8-4537-b920-55cd884fbff3,20/12/2013,Dec-13,12,2013,BERG RIVER,Major Dam,130010,41.7,128390,98.75
22c9b755-2ada-45b5-983d-1bf1b3a7e341,21/12/2013,Dec-13,12,2013,BERG RIVER,Major Dam,130010,41.7,128390,98.75
689ff261-1216-4bed-bfa0-390d8f5a23ec,22/12/2013,Dec-13,12,2013,BERG RIVER,Major Dam,130010,41.7,128390,98.75
e5a17a33-c7de-418b-b514-c0016834e927,23/12/2013,Dec-13,12,2013,BERG RIVER,Major Dam,130010,41.66,128180,98.59
4d0fc09c-ed1b-4ca8-b10e-2a65c719c805,24/12/2013,Dec-13,12,2013,BERG RIVER,Major Dam,130010,41.66,128180,98.59
3e5db96f-07cb-4cea-8a7a-2872e2242a64,25/12/2013,Dec-13,12,2013,BERG RIVER,Major Dam,130010,41.66,128180,98.59
2c4225fc-e5aa-4e43-b7c4-65f8147fe8df,26/12/2013,Dec-13,12,2013,BERG RIVER,Major Dam,130010,41.66,128180,98.59
621b171c-67fd-4151-a866-544be4975f48,27/12/2013,Dec-13,12,2013,BERG RIVER,Major Dam,130010,41.66,128180,98.59
8d5fd3d9-2728-4d46-b53c-a4ccc5595002,28/12/2013,Dec-13,12,2013,BERG RIVER,Major Dam,130010,41.66,128180,98.59
12ecee1f-b879-40a0-a073-1b8f5cc57d04,29/12/2013,Dec-13,12,2013,BERG RIVER,Major Dam,130010,41.66,128180,98.59
948b4531-83f4-43f3-80e6-2ac2d7cbfafb,30/12/2013,Dec-13,12,2013,BERG RIVER,Major Dam,130010,41.66,128180,98.59
7b794cc7-9932-4234-9f2b-e01f3be45b55,31/12/2013,Dec-13,12,2013,BERG RIVER,Major Dam,130010,41.66,128180,98.59
871dc062-5ef4-4050-b3f2-597db000fc07,01/01/2014,Jan-14,1,2014,BERG RIVER,Major Dam,130010,41.66,128180,98.59
096f1e6b-f29e-41d8-8aec-36f89d4d9b4e,02/01/2014,Jan-14,1,2014,BERG RIVER,Major Dam,130010,41.66,128180,98.59
2375be24-4442-4b06-a7c4-0d2aabb65127,03/01/2014,Jan-14,1,2014,BERG RIVER,Major Dam,130010,41.66,128180,98.59
e4504689-a8b3-4fdd-ac26-0892b02babe2,04/01/2014,Jan-14,1,2014,BERG RIVER,Major Dam,130010,41.66,128180,98.59
d3bdccae-278c-4662-985e-1b411f98a072,05/01/2014,Jan-14,1,2014,BERG RIVER,Major Dam,130010,41.66,128180,98.59
1e81e84c-f6ac-4f87-b052-5dd50347695c,06/01/2014,Jan-14,1,2014,BERG RIVER,Major Dam,130010,41.63,128010,98.46
6127f622-50e3-4aee-a0b0-e2d9ced312e2,07/01/2014,Jan-14,1,2014,BERG RIVER,Major Dam,130010,41.63,128010,98.46
4328796e-c60a-4a09-8ad4-6260bbb6b2ff,08/01/2014,Jan-14,1,2014,BERG RIVER,Major Dam,130010,41.64,128070,98.51
03ecc976-1792-4f73-8a68-d3c2dd621268,09/01/2014,Jan-14,1,2014,BERG RIVER,Major Dam,130010,41.86,129250,99.42
c88fdceb-88c6-46b0-92e8-a2ec6173226f,10/01/2014,Jan-14,1,2014,BERG RIVER,Major Dam,130010,41.96,129790,99.83
0b9239ed-cf92-4aaa-a9fd-4342b71ccb24,11/01/2014,Jan-14,1,2014,BERG RIVER,Major Dam,130010,41.96,129790,99.83
4ec65466-14dc-47d4-8ded-8a5a38a579e5,12/01/2014,Jan-14,1,2014,BERG RIVER,Major Dam,130010,41.96,129790,99.83
0c22e454-4330-4bcd-96e0-b97b8bd5efec,13/01/2014,Jan-14,1,2014,BERG RIVER,Major Dam,130010,41.97,129850,99.88
1fe79883-51e5-4833-a34c-1c267b3ee7a7,14/01/2014,Jan-14,1,2014,BERG RIVER,Major Dam,130010,41.96,129790,99.83
3f94b483-06d8-4f3e-b120-7984a5bbaeb9,15/01/2014,Jan-14,1,2014,BERG RIVER,Major Dam,130010,41.95,129740,99.79
d1448817-289e-4a1d-9471-900dee168205,16/01/2014,Jan-14,1,2014,BERG RIVER,Major Dam,130010,41.93,129630,99.71
d6f407c8-d86a-4533-9b3b-5c26fb447600,17/01/2014,Jan-14,1,2014,BERG RIVER,Major Dam,130010,41.93,129630,99.71
a09e39b4-d5d7-4d22-8157-c833009b9aeb,18/01/2014,Jan-14,1,2014,BERG RIVER,Major Dam,130010,41.93,129630,99.71
71c1839e-4f04-48a8-95f0-8d73356c88a8,19/01/2014,Jan-14,1,2014,BERG RIVER,Major Dam,130010,41.93,129630,99.71
a8c7c00d-778d-4240-b8c9-035c440cce93,20/01/2014,Jan-14,1,2014,BERG RIVER,Major Dam,130010,41.88,129360,99.5
30876219-782d-4a53-a353-b9398c550c7e,21/01/2014,Jan-14,1,2014,BERG RIVER,Major Dam,130010,41.86,129250,99.42
49052b95-b805-47ba-b96d-c0cb697aa5c4,22/01/2014,Jan-14,1,2014,BERG RIVER,Major Dam,130010,41.85,129200,99.38
94d1cdf7-1f3a-4bc4-b269-676bc22e555c,23/01/2014,Jan-14,1,2014,BERG RIVER,Major Dam,130010,41.85,129200,99.38
494289d2-1b66-4435-925b-bcb39d44f76b,24/01/2014,Jan-14,1,2014,BERG RIVER,Major Dam,130010,41.87,129310,99.46
c5e922c2-b1d2-4740-8400-2ca7a42f83e0,25/01/2014,Jan-14,1,2014,BERG RIVER,Major Dam,130010,41.87,129310,99.46
7b09a204-071a-440a-8f18-e7e2120389b3,26/01/2014,Jan-14,1,2014,BERG RIVER,Major Dam,130010,41.87,129310,99.46
4a7045a9-61e6-4aef-beea-0a3a5b5b5686,27/01/2014,Jan-14,1,2014,BERG RIVER,Major Dam,130010,41.73,128550,98.88
0f09eb44-0df7-4c18-80ad-062c86d41238,28/01/2014,Jan-14,1,2014,BERG RIVER,Major Dam,130010,41.67,128230,98.63
7b50f960-cc26-482b-8922-d5a10d1d97cb,29/01/2014,Jan-14,1,2014,BERG RIVER,Major Dam,130010,41.64,128070,98.51
f2a2a379-a847-407a-8cc5-be61eb969ed8,30/01/2014,Jan-14,1,2014,BERG RIVER,Major Dam,130010,41.64,128070,98.51
843bd44d-4584-4362-bd2b-000f92af2c83,31/01/2014,Jan-14,1,2014,BERG RIVER,Major Dam,130010,41.62,127960,98.42
994390cc-2fe0-4831-a7d9-4b8d0ac7bd68,01/02/2014,Feb-14,2,2014,BERG RIVER,Major Dam,130010,41.62,127960,98.42
10c4127c-479a-4a93-b88f-b538b988a3b5,02/02/2014,Feb-14,2,2014,BERG RIVER,Major Dam,130010,41.62,127960,98.42
9ddb3662-e3e1-4f4b-977e-8d818368a5fd,03/02/2014,Feb-14,2,2014,BERG RIVER,Major Dam,130010,41.6,126570,97.35
3be87b4a-4266-42ea-b322-e27ccf289b31,04/02/2014,Feb-14,2,2014,BERG RIVER,Major Dam,130010,41.57,126300,97.15
d1316342-1da9-433a-9fc3-71869180e9ba,05/02/2014,Feb-14,2,2014,BERG RIVER,Major Dam,130010,41.57,126300,97.15
f4b4096b-252d-42cf-906f-71a1c019454e,06/02/2014,Feb-14,2,2014,BERG RIVER,Major Dam,130010,41.57,126300,97.15
9a0ac739-1412-4d47-9a83-db07ae8cbdaa,07/02/2014,Feb-14,2,2014,BERG RIVER,Major Dam,130010,41.57,126300,97.15
797958b5-0b79-4f4b-9645-34036551d676,08/02/2014,Feb-14,2,2014,BERG RIVER,Major Dam,130010,41.57,126300,97.15
405bafe9-233b-4432-91ed-682fba7f7ca5,09/02/2014,Feb-14,2,2014,BERG RIVER,Major Dam,130010,41.57,126300,97.15
204edaae-c5c7-4d01-b982-b5c13ce2c336,10/02/2014,Feb-14,2,2014,BERG RIVER,Major Dam,130010,40.96,124440,95.72
f787ce2d-c32b-495b-922b-7c0334b5eb42,11/02/2014,Feb-14,2,2014,BERG RIVER,Major Dam,130010,40.89,124070,95.43
dc08c7d3-2ef0-4756-a842-1cf67c14fdbd,12/02/2014,Feb-14,2,2014,BERG RIVER,Major Dam,130010,40.84,123810,95.23
129fdb7b-70fd-451b-b29a-e78f91eae397,13/02/2014,Feb-14,2,2014,BERG RIVER,Major Dam,130010,40.79,123550,95.03
3d5d25a3-b3e8-4580-a306-2e90219fc25c,14/02/2014,Feb-14,2,2014,BERG RIVER,Major Dam,130010,40.76,123390,94.91
48ab9ae3-7eed-4e91-b4f7-552ecea688da,15/02/2014,Feb-14,2,2014,BERG RIVER,Major Dam,130010,40.76,123390,94.91
a84a6436-3c62-4ace-b382-ec2cce072b64,16/02/2014,Feb-14,2,2014,BERG RIVER,Major Dam,130010,40.76,123390,94.91
6e82424d-ce77-4030-be0c-9e321d72841e,17/02/2014,Feb-14,2,2014,BERG RIVER,Major Dam,130010,40.54,122240,94.02
fd1823d6-6709-4dae-b7a9-e5fbecd67542,18/02/2014,Feb-14,2,2014,BERG RIVER,Major Dam,130010,40.47,121870,93.74
c4045f29-6701-4a66-999b-ec2f8f4385a2,19/02/2014,Feb-14,2,2014,BERG RIVER,Major Dam,130010,40.42,121610,93.54
1f16d401-0255-4c05-9903-df01e7f444de,20/02/2014,Feb-14,2,2014,BERG RIVER,Major Dam,130010,40.36,121300,93.3
d7764143-d6ac-4877-bf92-4494a59ed7c6,21/02/2014,Feb-14,2,2014,BERG RIVER,Major Dam,130010,40.31,121040,93.1
4776cedd-b502-423a-bb00-abe60945ad02,22/02/2014,Feb-14,2,2014,BERG RIVER,Major Dam,130010,40.31,121040,93.1
9b3dfe84-b634-4bcb-af06-13297d0a6a46,23/02/2014,Feb-14,2,2014,BERG RIVER,Major Dam,130010,40.31,121040,93.1
5ecf4ee9-778d-485c-808f-816ecdec0dae,24/02/2014,Feb-14,2,2014,BERG RIVER,Major Dam,130010,40.16,120260,92.5
3299044c-94fc-492c-abac-fe26bd3a2019,25/02/2014,Feb-14,2,2014,BERG RIVER,Major Dam,130010,40.09,119950,92.26
29904d97-2599-4a83-ab96-b75b91d5652d,26/02/2014,Feb-14,2,2014,BERG RIVER,Major Dam,130010,39.99,119380,91.82
8e6f640c-3370-4120-ae42-fdb40d4c0431,27/02/2014,Feb-14,2,2014,BERG RIVER,Major Dam,130010,39.89,118850,91.42
e442e8cd-4318-4c77-9baf-6eef3348dd49,28/02/2014,Feb-14,2,2014,BERG RIVER,Major Dam,130010,39.83,118540,91.18
f3d2485e-cd1e-4889-a1a1-8aaab420d25c,01/03/2014,Mar-14,3,2014,BERG RIVER,Major Dam,130010,39.83,118540,91.18
17c49f56-96bd-4df2-b6d4-f5953ad334a5,02/03/2014,Mar-14,3,2014,BERG RIVER,Major Dam,130010,39.83,118540,91.18
9f8675b6-d6e0-4f5f-aa58-9a65fa54006c,03/03/2014,Mar-14,3,2014,BERG RIVER,Major Dam,130010,39.62,117440,90.33
69582a34-ef9c-4df3-8a3f-b471a6c864ff,04/03/2014,Mar-14,3,2014,BERG RIVER,Major Dam,130010,39.58,117230,90.17
12a5db1d-ebdc-45f1-98bc-f582bfe9ff35,05/03/2014,Mar-14,3,2014,BERG RIVER,Major Dam,130010,39.54,117020,90.01
f8cb02ab-fd08-472d-8ea7-e953de422430,06/03/2014,Mar-14,3,2014,BERG RIVER,Major Dam,130010,39.5,116810,89.85
9759cc09-9a52-4f8b-b4e6-e501c2c754a9,07/03/2014,Mar-14,3,2014,BERG RIVER,Major Dam,130010,39.5,116810,89.85
e30a7703-8f41-46a1-a9e1-9b6c6749194b,08/03/2014,Mar-14,3,2014,BERG RIVER,Major Dam,130010,39.5,116810,89.85
f8857324-640e-42ef-9c38-8509f26c045a,09/03/2014,Mar-14,3,2014,BERG RIVER,Major Dam,130010,39.5,116810,89.85
0d932b18-dc2e-4f09-b061-01d87ba09fc2,10/03/2014,Mar-14,3,2014,BERG RIVER,Major Dam,130010,39.37,116340,89.49
dcaa8d49-a79e-4798-84b7-8fa2a501c3a0,11/03/2014,Mar-14,3,2014,BERG RIVER,Major Dam,130010,39.29,115720,89.01
f56235e2-402b-4030-9c23-3c9b7690fcd4,12/03/2014,Mar-14,3,2014,BERG RIVER,Major Dam,130010,37.23,115410,88.77
10688207-226a-409f-9f52-246d50e6e7b4,13/03/2014,Mar-14,3,2014,BERG RIVER,Major Dam,130010,39.18,115150,88.57
e4825c35-3827-4049-a310-15c30ded6f38,14/03/2014,Mar-14,3,2014,BERG RIVER,Major Dam,130010,39.14,114950,88.42
3516e7a6-df6d-44c7-bf89-ef68eb308a22,15/03/2014,Mar-14,3,2014,BERG RIVER,Major Dam,130010,39.14,114950,88.42
78ab40b4-75c9-44f3-a420-6335dafdb87c,16/03/2014,Mar-14,3,2014,BERG RIVER,Major Dam,130010,39.14,114950,88.42
2a6ae1ba-66dc-4457-ac2b-f7ad4651da12,17/03/2014,Mar-14,3,2014,BERG RIVER,Major Dam,130010,38.99,114180,87.82
cef9971d-167b-4ba8-a341-aed32c2db054,18/03/2014,Mar-14,3,2014,BERG RIVER,Major Dam,130010,38.93,113870,87.59
057a4aa7-5507-4e27-a746-b3729bae3c9b,19/03/2014,Mar-14,3,2014,BERG RIVER,Major Dam,130010,38.38,113610,87.39
10534fcd-176f-4f79-823b-09e2f3d3ba46,20/03/2014,Mar-14,3,2014,BERG RIVER,Major Dam,130010,38.86,113510,87.31
4732bedd-d81e-417d-b73f-e93927909a65,21/03/2014,Mar-14,3,2014,BERG RIVER,Major Dam,130010,38.86,113510,87.31
2827ec1b-cbb0-4934-ba09-780ecd4d4610,22/03/2014,Mar-14,3,2014,BERG RIVER,Major Dam,130010,38.86,113510,87.31
51f07fce-32f5-40a1-bab3-8dfce5128997,23/03/2014,Mar-14,3,2014,BERG RIVER,Major Dam,130010,38.86,113510,87.31
7e319555-b4c7-4702-80ff-b16714864ec3,24/03/2014,Mar-14,3,2014,BERG RIVER,Major Dam,130010,38.75,112950,86.88
1087efc0-f099-4924-89b3-f1bad782ffc0,25/03/2014,Mar-14,3,2014,BERG RIVER,Major Dam,130010,38.73,112850,86.8
7f8bbb0c-c000-4e38-8722-9cb6b07b5fda,26/03/2014,Mar-14,3,2014,BERG RIVER,Major Dam,130010,38.73,112850,86.8
4370d94a-12ab-4cef-baad-acd9df335187,27/03/2014,Mar-14,3,2014,BERG RIVER,Major Dam,130010,38.84,113410,87.23
a8d83df9-4cf3-4c46-b629-abd1878d68d0,28/03/2014,Mar-14,3,2014,BERG RIVER,Major Dam,130010,38.89,113660,87.42
77ac4223-b824-45e3-b14e-cb4ffecf9e05,29/03/2014,Mar-14,3,2014,BERG RIVER,Major Dam,130010,38.89,113660,87.42
bc4f5644-4c92-4203-89b9-0279239873c9,30/03/2014,Mar-14,3,2014,BERG RIVER,Major Dam,130010,38.89,113660,87.42
dabd22c1-3264-4de3-a19c-98d251e290c0,31/03/2014,Mar-14,3,2014,BERG RIVER,Major Dam,130010,38.94,113920,87.62
9de16185-3314-47af-9605-cdeacf8073d7,01/04/2014,Apr-14,4,2014,BERG RIVER,Major Dam,130010,38.94,113920,87.62
65da0c9d-fba0-476f-9706-aedbbed48be3,02/04/2014,Apr-14,4,2014,BERG RIVER,Major Dam,130010,39.05,114480,88.05
c0c6dd72-b633-43a0-8868-33aec404327b,03/04/2014,Apr-14,4,2014,BERG RIVER,Major Dam,130010,39.48,116710,89.77
f23b3cf1-f87c-4bd7-acea-ab5c86c78ca4,04/04/2014,Apr-14,4,2014,BERG RIVER,Major Dam,130010,39.58,117230,90.17
2cec5d87-d02c-4c4a-a105-305efea8d843,05/04/2014,Apr-14,4,2014,BERG RIVER,Major Dam,130010,39.58,117230,90.17
30126bf7-b664-4bb2-9000-e0b268791f86,06/04/2014,Apr-14,4,2014,BERG RIVER,Major Dam,130010,39.58,117230,90.17
696e8200-eee1-4245-acab-b097a116cd37,07/04/2014,Apr-14,4,2014,BERG RIVER,Major Dam,130010,39.58,117230,90.17
d342af3a-49cd-44be-9aee-685c45b39763,08/04/2014,Apr-14,4,2014,BERG RIVER,Major Dam,130010,39.59,117280,90.21
35f7fa7c-686b-4cf3-b5b2-f23acb544c60,09/04/2014,Apr-14,4,2014,BERG RIVER,Major Dam,130010,39.56,117120,90.09
10423470-2ead-4c9f-a4e0-a83935d40f9b,10/04/2014,Apr-14,4,2014,BERG RIVER,Major Dam,130010,39.56,117120,90.09
ca695cb4-3657-436d-98ac-d326377f08c9,11/04/2014,Apr-14,4,2014,BERG RIVER,Major Dam,130010,39.56,117120,90.09
47f58789-9b44-4980-b8e9-dda4e1cd95db,12/04/2014,Apr-14,4,2014,BERG RIVER,Major Dam,130010,39.56,117120,90.09
a9d64799-69ac-48a7-877e-a56685040da0,13/04/2014,Apr-14,4,2014,BERG RIVER,Major Dam,130010,39.56,117120,90.09
bcf42ff8-61e4-43f7-99db-38f09e56c09e,14/04/2014,Apr-14,4,2014,BERG RIVER,Major Dam,130010,39.45,116550,89.65
7c506e77-c7ab-4f8d-80d4-8f718c44925a,15/04/2014,Apr-14,4,2014,BERG RIVER,Major Dam,130010,39.45,116550,89.65
4223514f-378c-4122-8325-24bd4a6f7fe7,16/04/2014,Apr-14,4,2014,BERG RIVER,Major Dam,130010,39.37,116140,89.33
e5a0c7cb-1d7d-4b38-829e-4ee36daf7a37,17/04/2014,Apr-14,4,2014,BERG RIVER,Major Dam,130010,39.36,116090,89.29
04257021-fb7e-47bc-b219-1c46aae5d0f9,18/04/2014,Apr-14,4,2014,BERG RIVER,Major Dam,130010,39.36,116090,89.29
d19333f5-178d-434e-a471-4df662de29c3,19/04/2014,Apr-14,4,2014,BERG RIVER,Major Dam,130010,39.36,116090,89.29
9a852724-ca90-47f3-bbe9-79f186793913,20/04/2014,Apr-14,4,2014,BERG RIVER,Major Dam,130010,39.36,116090,89.29
39ca4899-183c-49db-a0c1-e89244df16ae,21/04/2014,Apr-14,4,2014,BERG RIVER,Major Dam,130010,39.33,115930,89.17
d33458e4-a7fc-442f-be68-a9921179185a,22/04/2014,Apr-14,4,2014,BERG RIVER,Major Dam,130010,39.32,115880,89.13
58bd5d0f-4356-4d47-8484-b84e1248f144,23/04/2014,Apr-14,4,2014,BERG RIVER,Major Dam,130010,39.31,115830,89.09
de2d6b08-2a8b-483b-9323-1bcb0eac526b,24/04/2014,Apr-14,4,2014,BERG RIVER,Major Dam,130010,39.3,115770,89.05
962b371e-252a-4884-968b-15277c661115,25/04/2014,Apr-14,4,2014,BERG RIVER,Major Dam,130010,39.3,115770,89.05
a0cee20c-1652-476c-8e0a-60e43cb85bd7,26/04/2014,Apr-14,4,2014,BERG RIVER,Major Dam,130010,39.3,115770,89.05
514d7ef1-0b0e-402d-8f42-0dc9086045af,27/04/2014,Apr-14,4,2014,BERG RIVER,Major Dam,130010,39.3,115770,89.05
be1691bf-07e2-44da-a190-b3968cf3c412,28/04/2014,Apr-14,4,2014,BERG RIVER,Major Dam,130010,39.27,115620,88.93
3a5e7f32-45be-4fd0-a0ce-3af089f4dfd9,29/04/2014,Apr-14,4,2014,BERG RIVER,Major Dam,130010,39.26,115570,88.89
2fcc0234-9626-47a9-ba0d-e9d180c856fb,30/04/2014,Apr-14,4,2014,BERG RIVER,Major Dam,130010,39.25,115520,88.85
61604c48-cea2-4f0c-9291-f43e6bdc7fa8,01/05/2014,May-14,5,2014,BERG RIVER,Major Dam,130010,39.25,115520,88.85
ec371f10-cbf3-44d1-9512-8c2242f47f22,02/05/2014,May-14,5,2014,BERG RIVER,Major Dam,130010,39.26,115570,88.89
695948a4-6d1a-45bb-bf0a-cfaef33a7016,03/05/2014,May-14,5,2014,BERG RIVER,Major Dam,130010,39.26,115570,88.89
048fb24d-6f33-4d14-acf5-fd781b708530,04/05/2014,May-14,5,2014,BERG RIVER,Major Dam,130010,39.26,115570,88.89
8bd45f47-b416-4bc0-a8c9-5d81dbc45282,05/05/2014,May-14,5,2014,BERG RIVER,Major Dam,130010,39.22,115360,88.73
b353d476-e7f3-4709-a367-cb9c8cf783d6,06/05/2014,May-14,5,2014,BERG RIVER,Major Dam,130010,39.21,115310,88.69
fb25e52b-ecac-4654-8cfa-f60c4aaab6fd,07/05/2014,May-14,5,2014,BERG RIVER,Major Dam,130010,39.21,115310,88.69
ac1f0f49-b465-42f1-aaf3-096998d06513,08/05/2014,May-14,5,2014,BERG RIVER,Major Dam,130010,39.21,115310,88.69
b7b0e69c-bff1-4ee1-9ea9-bde65396742c,09/05/2014,May-14,5,2014,BERG RIVER,Major Dam,130010,39.36,116090,89.29
1597eccf-c574-4b76-ac64-cdb65fd9c657,10/05/2014,May-14,5,2014,BERG RIVER,Major Dam,130010,39.36,116090,89.29
84613e1e-a80a-497b-a388-edd623424547,11/05/2014,May-14,5,2014,BERG RIVER,Major Dam,130010,39.36,116090,89.29
af3aa73e-c23c-44e8-a108-6a4c48c3fbb5,12/05/2014,May-14,5,2014,BERG RIVER,Major Dam,130010,39.65,117590,90.45
8b70fee0-667a-4467-830c-b357084dab84,13/05/2014,May-14,5,2014,BERG RIVER,Major Dam,130010,39.67,117700,90.53
c72f92e3-ad27-42cf-a9bc-61e61d431490,14/05/2014,May-14,5,2014,BERG RIVER,Major Dam,130010,39.67,117700,90.53
b1136677-8a92-4953-adac-34f07388552e,15/05/2014,May-14,5,2014,BERG RIVER,Major Dam,130010,39.66,117650,90.49
b669697f-5646-42f7-81ee-f491347ebaae,16/05/2014,May-14,5,2014,BERG RIVER,Major Dam,130010,39.8,118380,91.05
71d4b431-20ef-4bd8-82cd-d7366e0dc909,17/05/2014,May-14,5,2014,BERG RIVER,Major Dam,130010,39.8,118380,91.05
7804fa9b-f748-408f-b5f7-7823176842ea,18/05/2014,May-14,5,2014,BERG RIVER,Major Dam,130010,39.8,118380,91.05
60542c53-75e6-4b44-8bc4-fcabf9179589,19/05/2014,May-14,5,2014,BERG RIVER,Major Dam,130010,39.87,118750,91.34
f6b555c3-e734-4c8f-bd57-a1ad09cc636c,20/05/2014,May-14,5,2014,BERG RIVER,Major Dam,130010,39.89,118850,91.42
74a3bba7-cc8d-48ff-b438-c26df2bbcb6c,21/05/2014,May-14,5,2014,BERG RIVER,Major Dam,130010,39.9,118900,91.45
8b75aa03-cbd8-45c9-a7ca-e73b01517cfc,22/05/2014,May-14,5,2014,BERG RIVER,Major Dam,130010,39.91,118960,91.5
94ad6e16-7288-45d7-84df-15961e8b6c0f,23/05/2014,May-14,5,2014,BERG RIVER,Major Dam,130010,39.91,118960,91.5
af699955-2783-49b8-a41a-03049b122a3d,24/05/2014,May-14,5,2014,BERG RIVER,Major Dam,130010,39.91,118960,91.5
660f9d6f-4818-4ed0-b6bf-9241e5b84b13,25/05/2014,May-14,5,2014,BERG RIVER,Major Dam,130010,39.91,118960,91.5
9af6a015-8daf-43d7-b5d5-c821751e74c4,26/05/2014,May-14,5,2014,BERG RIVER,Major Dam,130010,40.11,120000,92.3
9d1056aa-aab6-4c8b-8a65-56c5a0400871,27/05/2014,May-14,5,2014,BERG RIVER,Major Dam,130010,40.14,120150,92.42
1c1b3ae1-3d05-4ba4-9951-3178079a52eb,28/05/2014,May-14,5,2014,BERG RIVER,Major Dam,130010,40.16,120260,92.5
811ae84f-30c9-4034-9582-24c06e9ae914,29/05/2014,May-14,5,2014,BERG RIVER,Major Dam,130010,40.62,122650,94.34
743ca913-bc53-4161-87c6-7c6bdba10187,30/05/2014,May-14,5,2014,BERG RIVER,Major Dam,130010,40.96,124440,95.72
9d3bd929-ee8b-4dbd-8d33-fe7aeb3e91a1,31/05/2014,May-14,5,2014,BERG RIVER,Major Dam,130010,40.96,124440,95.72
2b605fee-60b2-49ee-8f13-deafdd3c9d12,01/06/2014,Jun-14,6,2014,BERG RIVER,Major Dam,130010,40.96,124440,95.72
44338040-133b-445d-b084-a7d41ecca166,02/06/2014,Jun-14,6,2014,BERG RIVER,Major Dam,130010,42.05,130280,100.21
6ee03ccf-d445-4337-be95-6f308d1e973c,03/06/2014,Jun-14,6,2014,BERG RIVER,Major Dam,130010,42.25,131340,101.02
00fc3a86-d0ef-4add-8381-becabce5b527,04/06/2014,Jun-14,6,2014,BERG RIVER,Major Dam,130010,42.83,134470,103.43
2c822ef9-6615-4792-8d7a-5b542e430ecb,05/06/2014,Jun-14,6,2014,BERG RIVER,Major Dam,130010,42.07,130590,100.45
1265a5ea-65f5-4bb8-b758-3bc2810cab0c,06/06/2014,Jun-14,6,2014,BERG RIVER,Major Dam,130010,42.44,132360,101.81
bbc03bc4-1084-45c3-b119-db64762afa25,07/06/2014,Jun-14,6,2014,BERG RIVER,Major Dam,130010,42.44,132360,101.81
8565eb9d-233b-481d-b5e0-c2f7e8915500,08/06/2014,Jun-14,6,2014,BERG RIVER,Major Dam,130010,42.44,132360,101.81
551a3c0a-2cb6-4a39-bcbc-236962cfa5b8,09/06/2014,Jun-14,6,2014,BERG RIVER,Major Dam,130010,42.45,132420,101.85
cec59417-3d39-4577-ae47-5a0f1787b312,10/06/2014,Jun-14,6,2014,BERG RIVER,Major Dam,130010,42.45,132420,101.85
78fe2da2-6c72-4519-8d61-3a99f7c9803c,11/06/2014,Jun-14,6,2014,BERG RIVER,Major Dam,130010,42.31,131670,101.28
04520524-adc9-4aa8-91d0-403cbf3c53e2,12/06/2014,Jun-14,6,2014,BERG RIVER,Major Dam,130010,42.22,131180,100.9
4fe10b2a-a96e-4b6b-8ad5-cc776c2d869a,13/06/2014,Jun-14,6,2014,BERG RIVER,Major Dam,130010,42.15,130810,100.62
e56027db-81f7-4c0a-b0ca-c35df7a32083,14/06/2014,Jun-14,6,2014,BERG RIVER,Major Dam,130010,42.15,130810,100.62
fc93f02a-2fbf-4a9a-a178-627779507847,15/06/2014,Jun-14,6,2014,BERG RIVER,Major Dam,130010,42.15,130810,100.62
70c83733-ac03-4ae1-8f72-af0e5cb05f4c,16/06/2014,Jun-14,6,2014,BERG RIVER,Major Dam,130010,42.32,131720,101.32
97eeef78-ff43-4693-916a-34f5d04729b5,17/06/2014,Jun-14,6,2014,BERG RIVER,Major Dam,130010,42.52,132790,102.14
cb662179-0d57-4e68-ba81-65f28f8f9c0b,18/06/2014,Jun-14,6,2014,BERG RIVER,Major Dam,130010,42.52,132790,102.14
331e2b57-295b-471f-bb02-4689dd1fdf7e,19/06/2014,Jun-14,6,2014,BERG RIVER,Major Dam,130010,42.22,131180,100.9
d42043b1-43d2-4bc4-97b3-ae3dd5bb8679,20/06/2014,Jun-14,6,2014,BERG RIVER,Major Dam,130010,42.21,131130,100.86
34bbc36d-c33f-4287-ab1b-eb74c7e1b332,21/06/2014,Jun-14,6,2014,BERG RIVER,Major Dam,130010,42.21,131130,100.86
759f7de9-ca63-4d3f-9ebf-368fe0f90bd4,22/06/2014,Jun-14,6,2014,BERG RIVER,Major Dam,130010,42.21,131130,100.86
6a2446d0-ff79-4c69-991e-962af376e894,23/06/2014,Jun-14,6,2014,BERG RIVER,Major Dam,130010,42.11,130600,100.45
6d424b34-5f12-42a5-aa4b-50995a28a2fe,24/06/2014,Jun-14,6,2014,BERG RIVER,Major Dam,130010,42.08,130440,100.33
02d6defa-1859-49a1-aa66-01c73d5f4a17,25/06/2014,Jun-14,6,2014,BERG RIVER,Major Dam,130010,42.05,130280,100.21
5ba3eb00-06fc-4123-9f24-8a667aa25f14,26/06/2014,Jun-14,6,2014,BERG RIVER,Major Dam,130010,42.12,130650,100.49
e0e66ac5-3243-47e1-96f8-5802a8e47b40,27/06/2014,Jun-14,6,2014,BERG RIVER,Major Dam,130010,42.3,131610,101.23
afcec0a1-70a8-4337-b324-37158c45b9f8,28/06/2014,Jun-14,6,2014,BERG RIVER,Major Dam,130010,42.3,131610,101.23
228fe412-b1f8-47ad-aee2-956ac2a0de92,29/06/2014,Jun-14,6,2014,BERG RIVER,Major Dam,130010,42.3,131610,101.23
d15e1154-1bd8-49e8-b2b5-0ddec3bd738c,30/06/2014,Jun-14,6,2014,BERG RIVER,Major Dam,130010,42.11,130600,100.45
e46a6193-7f5e-4ea1-8795-3b3575a06638,01/07/2014,Jul-14,7,2014,BERG RIVER,Major Dam,130010,42.1,130540,100.41
29c942f5-4dad-417b-95ed-57ecdefd994d,02/07/2014,Jul-14,7,2014,BERG RIVER,Major Dam,130010,42.08,130440,100.33
aff44d02-a3fb-45a7-8415-dfdeb839c3e5,03/07/2014,Jul-14,7,2014,BERG RIVER,Major Dam,130010,42.06,130330,100.25
8ff451ac-5331-47c8-9a56-d6a21527dd79,04/07/2014,Jul-14,7,2014,BERG RIVER,Major Dam,130010,42.07,130380,100.28
480eae3d-6743-4772-825f-5246ce8062a0,05/07/2014,Jul-14,7,2014,BERG RIVER,Major Dam,130010,42.07,130380,100.28
ee9aefdc-736b-49b6-a346-53490b7250a8,06/07/2014,Jul-14,7,2014,BERG RIVER,Major Dam,130010,42.07,130380,100.28
682a4686-fb8d-4de0-97b5-2f006625253a,07/07/2014,Jul-14,7,2014,BERG RIVER,Major Dam,130010,42.16,130860,100.65
1b3e1bb4-8543-4c8d-9e90-b0ab35110272,08/07/2014,Jul-14,7,2014,BERG RIVER,Major Dam,130010,42.07,130380,100.28
26e10cdc-15fb-4d66-9e85-75028ca25dc2,09/07/2014,Jul-14,7,2014,BERG RIVER,Major Dam,130010,42.1,130540,100.41
d83e050a-660a-41df-980c-8df83d0ed0d5,10/07/2014,Jul-14,7,2014,BERG RIVER,Major Dam,130010,42.09,130490,100.37
b5a84249-3d3f-4b8f-b911-7cfe499d3bbc,11/07/2014,Jul-14,7,2014,BERG RIVER,Major Dam,130010,42.07,130380,100.28
82e5da2b-423c-41e8-8da2-88945cdff202,12/07/2014,Jul-14,7,2014,BERG RIVER,Major Dam,130010,42.07,130380,100.28
24e15fb5-16d1-40c8-8f33-74f942b32d48,13/07/2014,Jul-14,7,2014,BERG RIVER,Major Dam,130010,42.07,130380,100.28
992f52b7-c359-480e-ba6f-4baa52f893be,14/07/2014,Jul-14,7,2014,BERG RIVER,Major Dam,130010,42.05,130280,100.21
ac51902f-033c-4e3c-98d6-42f94a362bb5,15/07/2014,Jul-14,7,2014,BERG RIVER,Major Dam,130010,41.94,129690,99.75
68542937-7cb3-40b7-a3cb-12054cb0612e,16/07/2014,Jul-14,7,2014,BERG RIVER,Major Dam,130010,41.78,128820,99.08
b83d139a-cb96-4e4d-b4f3-9a3188871eca,17/07/2014,Jul-14,7,2014,BERG RIVER,Major Dam,130010,41.78,128820,99.08
f3f04621-f854-4f29-8e06-b859878bbd5a,18/07/2014,Jul-14,7,2014,BERG RIVER,Major Dam,130010,42.34,131830,101.4
6dc492cd-41c7-4f3d-8cdf-f98f30fd7014,19/07/2014,Jul-14,7,2014,BERG RIVER,Major Dam,130010,42.34,131830,101.4
27ea3e9d-231f-4e8f-9bff-a83966c48a89,20/07/2014,Jul-14,7,2014,BERG RIVER,Major Dam,130010,42.34,131830,101.4
1578f03c-c8c2-40a5-b69f-f81fd45f96bc,21/07/2014,Jul-14,7,2014,BERG RIVER,Major Dam,130010,42.25,131340,101.02
398b75c7-8a5b-46ea-816b-8fe2bd42ff1d,22/07/2014,Jul-14,7,2014,BERG RIVER,Major Dam,130010,42.18,130970,100.74
7e093fd9-e8d0-4750-a016-e1a0aaa2dd20,23/07/2014,Jul-14,7,2014,BERG RIVER,Major Dam,130010,42.14,130760,100.58
d5d44271-24be-4a29-906c-87b2c3c656be,24/07/2014,Jul-14,7,2014,BERG RIVER,Major Dam,130010,42.14,130760,100.58
d726fed1-a20f-4f60-b10e-ca5f8d80fc2f,25/07/2014,Jul-14,7,2014,BERG RIVER,Major Dam,130010,41.97,129850,99.88
a891cae4-4789-4691-b178-b7393029fc3b,26/07/2014,Jul-14,7,2014,BERG RIVER,Major Dam,130010,41.97,129850,99.88
f071045b-ad03-4e0a-932f-5539c67c9037,27/07/2014,Jul-14,7,2014,BERG RIVER,Major Dam,130010,41.97,129850,99.88
4670cba0-e61d-49ef-976c-e44956660cf5,28/07/2014,Jul-14,7,2014,BERG RIVER,Major Dam,130010,42.36,131930,101.48
9e6fb10b-fa01-4b3f-a71c-0de25e24f507,29/07/2014,Jul-14,7,2014,BERG RIVER,Major Dam,130010,42.25,131340,101.02
5390eb57-ee6c-45c4-9983-d15bcae46d89,30/07/2014,Jul-14,7,2014,BERG RIVER,Major Dam,130010,42.18,130970,100.74
d34c7913-e533-4c11-8fef-8a3431e87144,31/07/2014,Jul-14,7,2014,BERG RIVER,Major Dam,130010,42.14,130760,100.58
1318ad44-8eee-42b1-8835-e4771810115a,01/08/2014,Aug-14,8,2014,BERG RIVER,Major Dam,130010,42.11,130600,100.45
00db338b-b091-4958-9c8e-55ed90eb9c6c,02/08/2014,Aug-14,8,2014,BERG RIVER,Major Dam,130010,42.11,130600,100.45
e3ac57ee-d98e-47a7-9b95-e855ebc7319c,03/08/2014,Aug-14,8,2014,BERG RIVER,Major Dam,130010,42.11,130600,100.45
562c3bed-d714-4a56-a05f-c158ee84ec65,04/08/2014,Aug-14,8,2014,BERG RIVER,Major Dam,130010,42.06,130330,100.25
fb0eb58e-bb6f-4e4f-b93c-439cb63fec21,05/08/2014,Aug-14,8,2014,BERG RIVER,Major Dam,130010,42.17,130920,100.7
e0b3c552-669f-4b14-8ede-80f0997e7266,06/08/2014,Aug-14,8,2014,BERG RIVER,Major Dam,130010,42.22,131180,100.9
dad58e04-bc3f-4b9b-a98d-60cf436ed639,07/08/2014,Aug-14,8,2014,BERG RIVER,Major Dam,130010,42.28,131500,101.15
fd5a6b6d-803d-49c2-b6d6-86f1a10532f8,08/08/2014,Aug-14,8,2014,BERG RIVER,Major Dam,130010,42.16,130860,100.65
22cf4414-34cd-4839-867c-715b0dd7b8d2,09/08/2014,Aug-14,8,2014,BERG RIVER,Major Dam,130010,42.16,130860,100.65
e4d90cd4-b984-4191-8227-71656dfab5a3,10/08/2014,Aug-14,8,2014,BERG RIVER,Major Dam,130010,42.16,130860,100.65
d5534395-b2b7-472a-86c3-10ffaf08d9f8,11/08/2014,Aug-14,8,2014,BERG RIVER,Major Dam,130010,42.08,130440,100.33
5f4c6765-f6e4-4bb8-90cc-36ca7dac4bd3,12/08/2014,Aug-14,8,2014,BERG RIVER,Major Dam,130010,42.07,131380,101.05
cc9b0af6-0215-4f96-b53a-4115330d0a28,13/08/2014,Aug-14,8,2014,BERG RIVER,Major Dam,130010,42.06,131330,101.02
b186e610-3a32-4a1a-9849-6ac31444da07,14/08/2014,Aug-14,8,2014,BERG RIVER,Major Dam,130010,42.11,130600,100.45
b51e93f8-1fc8-4947-8eff-d8e866b014f8,15/08/2014,Aug-14,8,2014,BERG RIVER,Major Dam,130010,42.18,130970,100.74
2c45c30f-1419-45fc-aa9e-9657188f2cc4,16/08/2014,Aug-14,8,2014,BERG RIVER,Major Dam,130010,42.18,130970,100.74
14de7a07-1cd7-4759-a22e-c2483020e8b4,17/08/2014,Aug-14,8,2014,BERG RIVER,Major Dam,130010,42.18,130970,100.74
ff3fed9e-8989-4d22-840e-8613c4c9e981,18/08/2014,Aug-14,8,2014,BERG RIVER,Major Dam,130010,42.09,130490,100.37
3d1f97af-8cf8-442b-9a24-d81898f4aa76,19/08/2014,Aug-14,8,2014,BERG RIVER,Major Dam,130010,42.07,130380,100.28
cd0e9cc9-c52e-4e71-855b-58b02083a87c,20/08/2014,Aug-14,8,2014,BERG RIVER,Major Dam,130010,42.08,130440,100.33
d7845a41-0b9c-4b9f-96eb-73b2fc4cd804,21/08/2014,Aug-14,8,2014,BERG RIVER,Major Dam,130010,42.35,131880,101.44
04dd6e69-22ce-4710-82f9-08351428e045,22/08/2014,Aug-14,8,2014,BERG RIVER,Major Dam,130010,42.41,132200,101.68
e35ab377-a7c8-4989-8a20-8e31ef8bb486,23/08/2014,Aug-14,8,2014,BERG RIVER,Major Dam,130010,42.41,132200,101.68
2f6250fa-2a30-4c43-b20f-5ace3441464c,24/08/2014,Aug-14,8,2014,BERG RIVER,Major Dam,130010,42.41,132200,101.68
93078716-e49e-41bb-8214-01d46cbb136b,25/08/2014,Aug-14,8,2014,BERG RIVER,Major Dam,130010,42.14,130760,100.58
03fc6d31-e235-42bb-95a6-579871a0a22c,26/08/2014,Aug-14,8,2014,BERG RIVER,Major Dam,130010,42.14,130760,100.58
cd054376-d943-40cd-9937-23bf99d68a0b,27/08/2014,Aug-14,8,2014,BERG RIVER,Major Dam,130010,42.14,130760,100.58
5c87c36d-7737-4729-90a6-840cd2e4d896,28/08/2014,Aug-14,8,2014,BERG RIVER,Major Dam,130010,42.62,133330,102.55
8fee481c-fdb8-445f-95f0-b4af6eaa35a8,29/08/2014,Aug-14,8,2014,BERG RIVER,Major Dam,130010,42.5,132690,102.06
4cd39c07-6a64-40db-9420-553d53d9df6c,30/08/2014,Aug-14,8,2014,BERG RIVER,Major Dam,130010,42.5,132690,102.06
f0e75cad-1950-4505-877d-55eb22f2cc1c,31/08/2014,Aug-14,8,2014,BERG RIVER,Major Dam,130010,42.5,132690,102.06
866cc99e-09f9-460e-8764-500792caeedc,01/09/2014,Sep-14,9,2014,BERG RIVER,Major Dam,130010,42.17,130920,100.7
83f59957-8f9f-4674-a395-1da9771bbedf,02/09/2014,Sep-14,9,2014,BERG RIVER,Major Dam,130010,42.14,130760,100.58
7e5ec2cc-2915-47b1-9229-a47d99766d94,03/09/2014,Sep-14,9,2014,BERG RIVER,Major Dam,130010,42.11,130600,100.45
517cda75-b442-4733-b709-c3dec202c8a1,04/09/2014,Sep-14,9,2014,BERG RIVER,Major Dam,130010,42.08,130440,100.33
f95b156e-c0fa-428b-9e6d-7c6311a7cc07,05/09/2014,Sep-14,9,2014,BERG RIVER,Major Dam,130010,42.07,130380,100.28
a74cedcc-b345-40ad-ab5c-bed0f3e92248,06/09/2014,Sep-14,9,2014,BERG RIVER,Major Dam,130010,42.07,130380,100.28
f1cdf901-ca22-4249-ab28-7b2544026a52,07/09/2014,Sep-14,9,2014,BERG RIVER,Major Dam,130010,42.07,130380,100.28
bd786fb0-e700-47da-b0e1-193ebf3b0880,08/09/2014,Sep-14,9,2014,BERG RIVER,Major Dam,130010,42.05,130280,100.21
f06876be-910c-4774-904f-1e3d4bef02c5,09/09/2014,Sep-14,9,2014,BERG RIVER,Major Dam,130010,42.04,130220,100.16
9717ff27-889e-4037-bfea-312532f19703,10/09/2014,Sep-14,9,2014,BERG RIVER,Major Dam,130010,42.03,130170,100.12
96f76c7b-b64e-4f75-bd28-3d22decf9178,11/09/2014,Sep-14,9,2014,BERG RIVER,Major Dam,130010,42.03,130170,100.12
f3e3c735-189b-4ab4-8163-0674e1ce64f9,12/09/2014,Sep-14,9,2014,BERG RIVER,Major Dam,130010,42.02,130120,100.08
4051c9d8-06ad-4e84-9070-5df52554f252,13/09/2014,Sep-14,9,2014,BERG RIVER,Major Dam,130010,42.02,130120,100.08
31db95c8-8288-490a-ae1d-f2160b49e997,14/09/2014,Sep-14,9,2014,BERG RIVER,Major Dam,130010,42.02,130120,100.08
6ea95da8-1fa7-465a-ae90-9e283b2836f1,15/09/2014,Sep-14,9,2014,BERG RIVER,Major Dam,130010,42.01,130060,100.04
31acf767-caa3-4ab9-96e2-522710174aae,16/09/2014,Sep-14,9,2014,BERG RIVER,Major Dam,130010,42,130010,100
e482b66f-ea54-42d9-b5b5-dee9ced92c78,17/09/2014,Sep-14,9,2014,BERG RIVER,Major Dam,130010,41.98,129010,99.23
7c730a35-5f4f-4cc3-925f-218561475570,18/09/2014,Sep-14,9,2014,BERG RIVER,Major Dam,130010,42.02,130120,100.08
fa325497-78c6-4201-8cbf-386f7f0e45a3,19/09/2014,Sep-14,9,2014,BERG RIVER,Major Dam,130010,42.12,130650,100.49
1adf4581-7e6b-49ca-aede-3f05eaeeddd4,20/09/2014,Sep-14,9,2014,BERG RIVER,Major Dam,130010,42.12,130650,100.49
e08c291e-af64-466b-a7a2-fa692417e0e2,21/09/2014,Sep-14,9,2014,BERG RIVER,Major Dam,130010,42.12,130650,100.49
87ffbf66-4446-47c2-9769-faa17c6b9531,22/09/2014,Sep-14,9,2014,BERG RIVER,Major Dam,130010,42.06,130330,100.25
cffecd72-6012-4b46-aa41-87507849bb1f,23/09/2014,Sep-14,9,2014,BERG RIVER,Major Dam,130010,42.05,130280,100.21
30cefd0f-147d-4160-b15a-420007499868,24/09/2014,Sep-14,9,2014,BERG RIVER,Major Dam,130010,42.04,130220,100.16
57a17432-42b3-4de8-a1fb-26d960329132,25/09/2014,Sep-14,9,2014,BERG RIVER,Major Dam,130010,42.03,130170,100.12
b93f34de-e8bf-4096-b279-18cf559b85c1,26/09/2014,Sep-14,9,2014,BERG RIVER,Major Dam,130010,42.02,130120,100.08
899fa905-8b36-4b35-9084-9be988fc3050,27/09/2014,Sep-14,9,2014,BERG RIVER,Major Dam,130010,42.01,130060,100.04
9dbc75b0-7c31-4277-a6ed-7fcad51dfeb9,28/09/2014,Sep-14,9,2014,BERG RIVER,Major Dam,130010,42.01,130060,100.04
955f3459-c503-4ec8-b14c-560fdc6b577f,29/09/2014,Sep-14,9,2014,BERG RIVER,Major Dam,130010,42.01,130060,100.04
e97954d9-66b2-4d62-b8ff-3f862585734d,30/09/2014,Sep-14,9,2014,BERG RIVER,Major Dam,130010,42,130010,100
ea596974-9398-4f9c-9588-dd2bfb26bc0f,01/10/2014,Oct-14,10,2014,BERG RIVER,Major Dam,130010,42,130010,100
04814d17-5d47-4dbf-843e-4674a8067d25,02/10/2014,Oct-14,10,2014,BERG RIVER,Major Dam,130010,42,130010,100
9c44ee5c-89e8-4f72-91bc-64e92778b4d2,03/10/2014,Oct-14,10,2014,BERG RIVER,Major Dam,130010,42,130010,100
b48d48bf-a13d-41a6-84b7-0f4d8a2994a1,04/10/2014,Oct-14,10,2014,BERG RIVER,Major Dam,130010,42,130010,100
0d2fa175-19bb-47d9-9b16-e4bbff71cd26,05/10/2014,Oct-14,10,2014,BERG RIVER,Major Dam,130010,42,130010,100
0a991c4f-54f8-41e6-b87c-9d64b23d83a4,06/10/2014,Oct-14,10,2014,BERG RIVER,Major Dam,130010,41.93,129630,99.71
7cfa4e51-b663-45c3-9ca0-d8a5c65f68a6,07/10/2014,Oct-14,10,2014,BERG RIVER,Major Dam,130010,41.92,129580,99.67
332ab7ff-a359-44f1-a1de-f2f4fde1fc68,08/10/2014,Oct-14,10,2014,BERG RIVER,Major Dam,130010,41.9,129470,99.58
77b4e736-6553-4671-8495-952c8b75d48e,09/10/2014,Oct-14,10,2014,BERG RIVER,Major Dam,130010,41.89,129410,99.54
90a706aa-2e32-430b-8639-bb656e5b84a1,10/10/2014,Oct-14,10,2014,BERG RIVER,Major Dam,130010,41.97,129850,99.88
753a58f8-d76e-49af-a83b-ee13c58aba7c,11/10/2014,Oct-14,10,2014,BERG RIVER,Major Dam,130010,41.97,129850,99.88
ec284044-528d-401d-b23c-a97e86efc03a,12/10/2014,Oct-14,10,2014,BERG RIVER,Major Dam,130010,41.97,129850,99.88
70933787-1551-4e6d-9a67-8c370f79a24c,13/10/2014,Oct-14,10,2014,BERG RIVER,Major Dam,130010,41.84,129140,99.33
5974d2eb-5bf8-4cd3-aaa8-36e5d865ccc8,14/10/2014,Oct-14,10,2014,BERG RIVER,Major Dam,130010,41.82,129040,99.25
e52eeed0-217d-4113-adc7-3ceae50682d9,15/10/2014,Oct-14,10,2014,BERG RIVER,Major Dam,130010,41.82,129040,99.25
0845468e-e0c0-4143-b8fc-ef578c3d5934,16/10/2014,Oct-14,10,2014,BERG RIVER,Major Dam,130010,41.82,129040,99.25
42de278d-459e-483d-bfee-f9468ddcd609,17/10/2014,Oct-14,10,2014,BERG RIVER,Major Dam,130010,41.83,129090,99.29
30d9a53f-36f8-4165-8780-cfeb3acb58a8,18/10/2014,Oct-14,10,2014,BERG RIVER,Major Dam,130010,41.82,129040,99.25
3b9a8794-d39f-4a71-9ccc-f145a4d24168,19/10/2014,Oct-14,10,2014,BERG RIVER,Major Dam,130010,41.81,128980,99.21
badee469-1c54-4f1b-9036-4eb051bbbf8e,20/10/2014,Oct-14,10,2014,BERG RIVER,Major Dam,130010,41.8,128930,99.17
e3a1d9bd-6cbd-4b88-8054-bf4785b0e103,21/10/2014,Oct-14,10,2014,BERG RIVER,Major Dam,130010,41.8,128930,99.17
65e0b076-23e8-4f76-a1d9-28bc25e3f836,22/10/2014,Oct-14,10,2014,BERG RIVER,Major Dam,130010,41.8,128930,99.17
e9421502-f7d7-4afb-8309-e67b6203decc,23/10/2014,Oct-14,10,2014,BERG RIVER,Major Dam,130010,41.8,128930,99.17
547b208c-176d-48d6-bae9-93aec667bad2,24/10/2014,Oct-14,10,2014,BERG RIVER,Major Dam,130010,41.8,128930,99.17
b9e9629f-f6a6-4e95-958e-86c00a4c402a,25/10/2014,Oct-14,10,2014,BERG RIVER,Major Dam,130010,41.8,128930,99.17
ea61101d-311f-4676-9b9b-5fd07952ec7c,26/10/2014,Oct-14,10,2014,BERG RIVER,Major Dam,130010,41.8,128930,99.17
5d585115-aa00-47ad-b697-4ca233a63b09,27/10/2014,Oct-14,10,2014,BERG RIVER,Major Dam,130010,41.8,128930,99.17
b0ca9043-a7e5-4dcf-83ba-a45627646f23,28/10/2014,Oct-14,10,2014,BERG RIVER,Major Dam,130010,41.8,128930,99.17
648f4141-4329-4630-95ae-78aea0ce6333,29/10/2014,Oct-14,10,2014,BERG RIVER,Major Dam,130010,41.8,128930,99.17
8a2035b4-0fcc-477d-9219-8694da2a3ee0,30/10/2014,Oct-14,10,2014,BERG RIVER,Major Dam,130010,41.79,128800,99.07
a170da41-4cd8-453f-92dc-915969f68dbd,31/10/2014,Oct-14,10,2014,BERG RIVER,Major Dam,130010,41.76,128710,99
9a06ea5b-bdaa-492f-bff9-6338504c0ed1,01/11/2014,Nov-14,11,2014,BERG RIVER,Major Dam,130010,41.74,128610,98.92
6a26724a-5a66-47b3-ad53-7471b8e93c2a,02/11/2014,Nov-14,11,2014,BERG RIVER,Major Dam,130010,41.72,128500,98.84
de692970-508e-4a64-9824-d696b5114f69,03/11/2014,Nov-14,11,2014,BERG RIVER,Major Dam,130010,41.7,128390,98.75
a2db8db4-17a4-400e-8dd7-bbd014838795,04/11/2014,Nov-14,11,2014,BERG RIVER,Major Dam,130010,41.68,128280,98.67
a1330e5f-adf4-4e41-9f8b-fb8f51d563aa,05/11/2014,Nov-14,11,2014,BERG RIVER,Major Dam,130010,41.67,128230,98.63
9ad0821b-ee7d-4ad5-8b2b-387b8cc7aa3c,06/11/2014,Nov-14,11,2014,BERG RIVER,Major Dam,130010,41.67,128230,98.63
3db9216d-b309-4c1f-8f51-1a3951ba2be9,07/11/2014,Nov-14,11,2014,BERG RIVER,Major Dam,130010,41.67,128230,98.63
569262a3-861e-48b7-a253-cfaba9352311,08/11/2014,Nov-14,11,2014,BERG RIVER,Major Dam,130010,41.67,128230,98.63
fb6a978b-387d-4db8-850e-defeb77b48d4,09/11/2014,Nov-14,11,2014,BERG RIVER,Major Dam,130010,41.67,128230,98.63
bad14bc4-8bbe-49e8-8198-751a5076b426,10/11/2014,Nov-14,11,2014,BERG RIVER,Major Dam,130010,41.66,128180,98.59
9f8f43c4-943f-4242-afeb-9aaa543862f1,11/11/2014,Nov-14,11,2014,BERG RIVER,Major Dam,130010,41.63,128010,98.46
a78b5bef-b149-456f-bc13-886ff2274907,12/11/2014,Nov-14,11,2014,BERG RIVER,Major Dam,130010,41.59,127800,98.3
c39f0d64-39cf-43e4-8d2d-54a770977a73,13/11/2014,Nov-14,11,2014,BERG RIVER,Major Dam,130010,41.59,127800,98.3
25574877-436e-4d5e-81e9-5c8758b5004f,14/11/2014,Nov-14,11,2014,BERG RIVER,Major Dam,130010,41.65,128120,98.55
e1340d3b-6691-4e0b-b6a7-8fc91014c2f0,15/11/2014,Nov-14,11,2014,BERG RIVER,Major Dam,130010,41.65,128120,98.55
93360caf-db16-4783-bac9-c69c1f059b2a,16/11/2014,Nov-14,11,2014,BERG RIVER,Major Dam,130010,41.65,128120,98.55
7868d896-38d6-4805-9ea5-6a84389ec213,17/11/2014,Nov-14,11,2014,BERG RIVER,Major Dam,130010,41.63,128010,98.46
1eec7161-ac4f-42f2-9729-c0b23a1a6681,18/11/2014,Nov-14,11,2014,BERG RIVER,Major Dam,130010,41.62,127960,98.42
9579d0ef-fe03-42af-bd31-95aebc207926,19/11/2014,Nov-14,11,2014,BERG RIVER,Major Dam,130010,41.62,127960,98.42
93bcd84d-1192-4a2b-84df-20cd6f144a0e,20/11/2014,Nov-14,11,2014,BERG RIVER,Major Dam,130010,41.62,127960,98.42
86a7ef1f-804c-49f2-a73b-4bf6b0dc1205,21/11/2014,Nov-14,11,2014,BERG RIVER,Major Dam,130010,41.58,127750,98.26
c736d8dc-5284-4716-8f71-11b94397c4ba,22/11/2014,Nov-14,11,2014,BERG RIVER,Major Dam,130010,41.58,127750,98.26
876c6314-5e3d-4697-b458-14dd7b023db9,23/11/2014,Nov-14,11,2014,BERG RIVER,Major Dam,130010,41.58,127750,98.26
dc46f9b6-0a52-498d-a67b-7fee01aa83d2,24/11/2014,Nov-14,11,2014,BERG RIVER,Major Dam,130010,41.58,127750,98.26
165b1834-7515-471b-965d-57248d1ee926,25/11/2014,Nov-14,11,2014,BERG RIVER,Major Dam,130010,41.58,127750,98.26
8f9203f6-a1f3-42c6-b330-ebe4c779d8e1,26/11/2014,Nov-14,11,2014,BERG RIVER,Major Dam,130010,41.32,126940,97.64
d0d5e96d-ab6b-4d4a-9bea-6dddaec99efb,27/11/2014,Nov-14,11,2014,BERG RIVER,Major Dam,130010,41.31,126800,97.53
0563b89d-63ac-4f74-b734-8d0bae21ef2c,28/11/2014,Nov-14,11,2014,BERG RIVER,Major Dam,130010,41.29,126200,97.07
3894b670-b01c-4eb3-8c76-c5a511317284,29/11/2014,Nov-14,11,2014,BERG RIVER,Major Dam,130010,41.29,126200,97.07
0921c315-ee1d-4e4d-b625-c1613c2fbdeb,30/11/2014,Nov-14,11,2014,BERG RIVER,Major Dam,130010,41.29,126200,97.07
15b09b1e-7371-4460-b3fc-6e1fbf4c8666,01/12/2014,Dec-14,12,2014,BERG RIVER,Major Dam,130010,41.18,125660,96.65
9e5253fb-0517-41f6-9f0a-59c6fcbc3d7c,02/12/2014,Dec-14,12,2014,BERG RIVER,Major Dam,130010,41.17,125560,96.58
facf7399-69d3-40ec-b34d-5d80610ed936,03/12/2014,Dec-14,12,2014,BERG RIVER,Major Dam,130010,41.15,125450,96.49
2c97241f-07d6-4f28-9118-93c443925ede,04/12/2014,Dec-14,12,2014,BERG RIVER,Major Dam,130010,41.15,125450,96.49
84a90b47-b2af-4e67-bb40-b09239a93ebd,05/12/2014,Dec-14,12,2014,BERG RIVER,Major Dam,130010,41.15,125450,96.49
86f0ccef-006f-4ebe-89de-f1daa62a6a85,06/12/2014,Dec-14,12,2014,BERG RIVER,Major Dam,130010,41.15,125450,96.49
e7ddc01c-72d4-465d-8c1c-d0b135d9b305,07/12/2014,Dec-14,12,2014,BERG RIVER,Major Dam,130010,41.15,125450,96.49
69e3f502-c26a-415f-8def-22f8d12f8145,08/12/2014,Dec-14,12,2014,BERG RIVER,Major Dam,130010,40.85,123860,95.27
d8c02009-91f8-4c36-a964-423b6ce4698c,09/12/2014,Dec-14,12,2014,BERG RIVER,Major Dam,130010,40.85,123860,95.27
8f877b0e-3a9d-4784-8349-cf165e5a3856,10/12/2014,Dec-14,12,2014,BERG RIVER,Major Dam,130010,40.75,123340,94.87
08c5f92d-d853-4029-8bca-d4dbbed05fb9,11/12/2014,Dec-14,12,2014,BERG RIVER,Major Dam,130010,40.67,122920,94.55
223764ac-f01b-4c8b-b85e-46df7f7271b7,12/12/2014,Dec-14,12,2014,BERG RIVER,Major Dam,130010,40.67,122920,94.55
4e3b59de-5362-4bdf-a928-4d6eb43cc38c,13/12/2014,Dec-14,12,2014,BERG RIVER,Major Dam,130010,40.67,122920,94.55
00a65849-899c-48ec-aabe-59dba29fc264,14/12/2014,Dec-14,12,2014,BERG RIVER,Major Dam,130010,40.67,122920,94.55
6efc613c-1a72-45f2-acfb-bf4c36abd968,15/12/2014,Dec-14,12,2014,BERG RIVER,Major Dam,130010,40.43,121660,93.58
238430cc-b50c-4a30-b872-59e1260ac5de,16/12/2014,Dec-14,12,2014,BERG RIVER,Major Dam,130010,40.43,121660,93.58
af14cbff-1645-42e2-b5da-4dee8abff1e4,17/12/2014,Dec-14,12,2014,BERG RIVER,Major Dam,130010,40.32,126940,97.64
f7144bc4-7588-4f72-8498-a5878eceb6c7,18/12/2014,Dec-14,12,2014,BERG RIVER,Major Dam,130010,40.25,120720,92.85
b108a4ce-711b-43dc-9dd4-5133d4ad98a0,19/12/2014,Dec-14,12,2014,BERG RIVER,Major Dam,130010,40.2,120470,92.66
8afda40b-1d21-471b-8171-91a2e4070d5e,20/12/2014,Dec-14,12,2014,BERG RIVER,Major Dam,130010,40.2,120470,92.66
6f187091-9ef4-4b7b-9bb1-303c4992e3aa,21/12/2014,Dec-14,12,2014,BERG RIVER,Major Dam,130010,40.2,120470,92.66
874f57cb-282f-4ac2-81fa-66b0d0b8451c,22/12/2014,Dec-14,12,2014,BERG RIVER,Major Dam,130010,39.95,119170,91.66
7be2481b-d02b-44ee-9363-025ec82222e3,23/12/2014,Dec-14,12,2014,BERG RIVER,Major Dam,130010,39.84,118590,91.22
dc386eea-7f55-48bb-89be-a489d927291b,24/12/2014,Dec-14,12,2014,BERG RIVER,Major Dam,130010,39.73,118010,90.77
c2c07d01-6129-4f23-bdfc-c9b24f946896,25/12/2014,Dec-14,12,2014,BERG RIVER,Major Dam,130010,39.73,118010,90.77
65180efc-efdb-4fd2-a431-62e2c73cfc38,26/12/2014,Dec-14,12,2014,BERG RIVER,Major Dam,130010,39.73,118010,90.77
bd9d9c6d-ef3f-403e-be56-1720cd6de8ae,27/12/2014,Dec-14,12,2014,BERG RIVER,Major Dam,130010,39.73,118010,90.77
5e09b225-fc6d-4d3a-8056-d92bd8285c7c,28/12/2014,Dec-14,12,2014,BERG RIVER,Major Dam,130010,39.73,118010,90.77
e5791ba1-a791-4147-87b9-b95d2341f918,29/12/2014,Dec-14,12,2014,BERG RIVER,Major Dam,130010,39.24,115460,88.81
11594f9f-bf4e-4b0f-8344-0deae25e402e,30/12/2014,Dec-14,12,2014,BERG RIVER,Major Dam,130010,39.16,115050,88.49
1ecc8403-1ab2-4ed3-a0a0-f079d16ca1d4,31/12/2014,Dec-14,12,2014,BERG RIVER,Major Dam,130010,39.07,114590,88.14
531d2f5f-25e0-44ac-a4b4-c3fbcb308b0b,01/01/2015,Jan-15,1,2015,BERG RIVER,Major Dam,130010,39,114380,87.98
1bf24540-8179-4caa-8ffc-56ed043f33c4,02/01/2015,Jan-15,1,2015,BERG RIVER,Major Dam,130010,38.93,113870,87.59
b28e8b60-15dc-4703-9d2e-58e9cfa1d095,03/01/2015,Jan-15,1,2015,BERG RIVER,Major Dam,130010,38.93,113870,87.59
4ee70fb3-1f54-45e3-9616-c03785d63dbf,04/01/2015,Jan-15,1,2015,BERG RIVER,Major Dam,130010,38.93,113870,87.59
331d8844-c0c9-4cb9-b02d-b7c92f2f34df,05/01/2015,Jan-15,1,2015,BERG RIVER,Major Dam,130010,38.66,112490,86.52
c3561d0b-ac58-44be-b781-3e87b407962f,06/01/2015,Jan-15,1,2015,BERG RIVER,Major Dam,130010,38.56,111980,86.13
794caaf1-a8c4-4adf-bc26-d004894e7571,07/01/2015,Jan-15,1,2015,BERG RIVER,Major Dam,130010,38.51,111730,85.94
644e54bb-d173-4c19-beb8-8b21d0fb52b2,08/01/2015,Jan-15,1,2015,BERG RIVER,Major Dam,130010,38.43,111320,85.62
738d8969-93b8-43ff-ab75-89160b89b352,09/01/2015,Jan-15,1,2015,BERG RIVER,Major Dam,130010,38.37,111020,85.39
ef04907f-e629-42e6-9229-a733cdbc71e8,10/01/2015,Jan-15,1,2015,BERG RIVER,Major Dam,130010,38.37,111020,85.39
2bc5a72b-16ff-47bd-8784-612775a18f95,11/01/2015,Jan-15,1,2015,BERG RIVER,Major Dam,130010,38.37,111020,85.39
81424999-d209-4d65-8469-6f865042b628,12/01/2015,Jan-15,1,2015,BERG RIVER,Major Dam,130010,38.1,109660,84.35
6d68463e-c014-4df4-af50-6b22551d9f4c,13/01/2015,Jan-15,1,2015,BERG RIVER,Major Dam,130010,38,109160,83.96
a903753e-fb7d-4d6b-a33f-f78cb6501120,14/01/2015,Jan-15,1,2015,BERG RIVER,Major Dam,130010,37.94,108850,83.72
0ff92220-d10b-4719-825d-64b4e1453aee,15/01/2015,Jan-15,1,2015,BERG RIVER,Major Dam,130010,37.84,108340,83.33
79550185-20e5-4041-a871-51338ff2c5f4,16/01/2015,Jan-15,1,2015,BERG RIVER,Major Dam,130010,37.8,108140,83.18
351f425b-fd63-46d5-8eb8-ab5467cb14fe,17/01/2015,Jan-15,1,2015,BERG RIVER,Major Dam,130010,37.8,108140,83.18
d6076865-d824-4978-9564-f3e092595e43,18/01/2015,Jan-15,1,2015,BERG RIVER,Major Dam,130010,37.8,108140,83.18
d4ab2c3e-8762-4d0c-b85d-0e55d13fe49b,19/01/2015,Jan-15,1,2015,BERG RIVER,Major Dam,130010,37.55,106870,82.2
f9abc4ce-e3e2-427b-b4b4-452f154fd5e7,20/01/2015,Jan-15,1,2015,BERG RIVER,Major Dam,130010,37.43,106470,81.89
cfe718c9-fdbc-4976-8c2b-6900b44fbb4d,21/01/2015,Jan-15,1,2015,BERG RIVER,Major Dam,130010,37.38,106410,81.85
01d09cd1-8aeb-42f6-9be3-af1f533ccc69,22/01/2015,Jan-15,1,2015,BERG RIVER,Major Dam,130010,37.29,105560,81.19
51f3f07a-b825-49b2-aeb4-4f602260c980,23/01/2015,Jan-15,1,2015,BERG RIVER,Major Dam,130010,37.18,105010,80.77
1ea5576c-4741-4f11-8c9b-0ba396df62ee,24/01/2015,Jan-15,1,2015,BERG RIVER,Major Dam,130010,37.18,105010,80.77
d3968d5b-7ec3-4a79-94ab-1fff7aa77fc4,25/01/2015,Jan-15,1,2015,BERG RIVER,Major Dam,130010,37.18,105010,80.77
f7d515e5-a71a-45e8-8b99-ecdd100026e8,26/01/2015,Jan-15,1,2015,BERG RIVER,Major Dam,130010,36.97,103960,79.96
06830f9f-33b8-4f0c-be7a-a84a4ef6c1e3,27/01/2015,Jan-15,1,2015,BERG RIVER,Major Dam,130010,36.92,103710,79.77
80cd378f-9984-423d-bd8b-8a48083a1b24,28/01/2015,Jan-15,1,2015,BERG RIVER,Major Dam,130010,36.81,103170,79.36
f42cb0bd-3402-446f-8f27-c273747f1e16,29/01/2015,Jan-15,1,2015,BERG RIVER,Major Dam,130010,36.71,102670,78.97
3205fd2b-2803-451c-8314-0d513f2aa978,30/01/2015,Jan-15,1,2015,BERG RIVER,Major Dam,130010,36.61,102180,78.59
b54959bf-6f19-4c18-9a6d-ec7945472c72,31/01/2015,Jan-15,1,2015,BERG RIVER,Major Dam,130010,36.61,102180,78.59
aa11396a-9794-4e00-a040-09dbc0b48187,01/02/2015,Feb-15,2,2015,BERG RIVER,Major Dam,130010,36.61,102180,78.59
1e5aeeb9-43f3-43fe-84d6-a7ff62afc22b,02/02/2015,Feb-15,2,2015,BERG RIVER,Major Dam,130010,36.31,100710,77.46
0d30605c-9e57-4e8c-9fcc-c3ca671df415,03/02/2015,Feb-15,2,2015,BERG RIVER,Major Dam,130010,36.26,100460,77.27
35278e8d-0d9c-451e-bee6-5169d780429f,04/02/2015,Feb-15,2,2015,BERG RIVER,Major Dam,130010,36.2,100170,77.05
dde28929-3a10-4d62-a8fd-02a3faf2e083,05/02/2015,Feb-15,2,2015,BERG RIVER,Major Dam,130010,36.11,99730,76.71
a24348c1-6f36-4118-ba6d-e277aecdd434,06/02/2015,Feb-15,2,2015,BERG RIVER,Major Dam,130010,36.04,99390,76.45
04d2cbe5-31fd-459f-9877-a483b84327ca,07/02/2015,Feb-15,2,2015,BERG RIVER,Major Dam,130010,36.04,99390,76.45
3270c979-1d1b-49f7-9f12-fce1e6e4131f,08/02/2015,Feb-15,2,2015,BERG RIVER,Major Dam,130010,36.04,99390,76.45
9c7f5612-73e5-4555-957d-33df3758546c,09/02/2015,Feb-15,2,2015,BERG RIVER,Major Dam,130010,35.75,97970,75.36
f2c3aef7-9c1c-4006-a0b8-46eafc4bd85c,10/02/2015,Feb-15,2,2015,BERG RIVER,Major Dam,130010,35.68,97620,75.09
3d6f9ea1-5f33-4102-b468-4d07fb633927,11/02/2015,Feb-15,2,2015,BERG RIVER,Major Dam,130010,35.63,97380,74.9
a9b0fd87-82d1-4400-8595-c55cdda1d754,12/02/2015,Feb-15,2,2015,BERG RIVER,Major Dam,130010,35.55,96990,74.6
75917041-d1b7-4439-9c4e-c990a4aa5014,13/02/2015,Feb-15,2,2015,BERG RIVER,Major Dam,130010,35.45,96500,74.23
49bde69a-b06f-4afd-80cf-57472d8ce86c,14/02/2015,Feb-15,2,2015,BERG RIVER,Major Dam,130010,35.35,96020,73.86
85b3be68-ed6f-4033-9184-54cd85b970c6,15/02/2015,Feb-15,2,2015,BERG RIVER,Major Dam,130010,35.25,95530,73.48
a9a6173c-1f13-4d13-b228-b6e9eeac934e,16/02/2015,Feb-15,2,2015,BERG RIVER,Major Dam,130010,35.15,95050,73.11
b9b4921e-3229-44f8-9b54-a2cd946b219e,17/02/2015,Feb-15,2,2015,BERG RIVER,Major Dam,130010,35.08,94710,72.85
ccb59963-ec5b-41d5-bd5c-5b891ea7a22a,18/02/2015,Feb-15,2,2015,BERG RIVER,Major Dam,130010,35.02,94420,72.63
150f7464-a84e-4dea-9e48-94948cdf9ed6,19/02/2015,Feb-15,2,2015,BERG RIVER,Major Dam,130010,34.92,93940,72.26
9f2f4cbe-de9e-4d0c-bdbb-af1d061c7036,20/02/2015,Feb-15,2,2015,BERG RIVER,Major Dam,130010,34.84,93560,71.96
9cfe3fbd-94c8-4066-8d93-e4d4af4067aa,21/02/2015,Feb-15,2,2015,BERG RIVER,Major Dam,130010,34.78,93270,71.74
e0b0c66a-627f-4e0a-b64d-3b08407274f5,22/02/2015,Feb-15,2,2015,BERG RIVER,Major Dam,130010,34.75,93180,71.67
656d88a7-068d-4e4c-ac26-e5e4bfd3179e,23/02/2015,Feb-15,2,2015,BERG RIVER,Major Dam,130010,34.66,92700,71.3
ed4c01a3-7c83-4ac6-8c85-dde3f524124b,24/02/2015,Feb-15,2,2015,BERG RIVER,Major Dam,130010,34.55,92180,70.9
bd7a35ca-ac4c-4904-bc91-c23812d1bccb,25/02/2015,Feb-15,2,2015,BERG RIVER,Major Dam,130010,34.46,91760,70.58
9172b0ed-84d7-4282-99c5-7b12f0b1b140,26/02/2015,Feb-15,2,2015,BERG RIVER,Major Dam,130010,34.38,91880,70.67
7f7ed48c-4677-4a4e-a323-02d3baae072a,27/02/2015,Feb-15,2,2015,BERG RIVER,Major Dam,130010,34.3,91060,70.04
805d9b5b-652c-4140-ade5-e08cb16e892c,28/02/2015,Feb-15,2,2015,BERG RIVER,Major Dam,130010,34.3,91060,70.04
ad07a7de-bdff-49db-8931-a0c7d566d6dc,01/03/2015,Mar-15,3,2015,BERG RIVER,Major Dam,130010,34.3,91060,70.04
1fda036a-564b-4270-8eaf-93b1286290f0,02/03/2015,Mar-15,3,2015,BERG RIVER,Major Dam,130010,34.06,89880,69.13
c9ca55a4-0a42-47d8-8dec-719ce38a98c8,03/03/2015,Mar-15,3,2015,BERG RIVER,Major Dam,130010,34,89600,68.92
a1eb0db2-5e4f-4eed-b5f0-a32dacb314b5,04/03/2015,Mar-15,3,2015,BERG RIVER,Major Dam,130010,33.9,89130,68.56
2b4e478e-c6fe-4ddd-abf5-f31041577d1c,05/03/2015,Mar-15,3,2015,BERG RIVER,Major Dam,130010,33.81,88710,68.23
1c5c40c0-8ccd-438c-8b7d-195aae3f0d4a,06/03/2015,Mar-15,3,2015,BERG RIVER,Major Dam,130010,33.72,88290,67.91
a2ca7cea-10a8-46f3-9d55-73ab73186556,07/03/2015,Mar-15,3,2015,BERG RIVER,Major Dam,130010,33.72,88290,67.91
eabae745-862b-4741-acd3-2ae08a65ec5d,08/03/2015,Mar-15,3,2015,BERG RIVER,Major Dam,130010,33.72,88290,67.91
f0becb27-885f-4eb8-b241-40c19a1e392d,09/03/2015,Mar-15,3,2015,BERG RIVER,Major Dam,130010,33.48,87170,67.05
2d15d03a-08e0-49bf-b719-7cda00582321,10/03/2015,Mar-15,3,2015,BERG RIVER,Major Dam,130010,33.4,86800,66.76
e9ac38b8-cd9e-43fd-9a5a-f94e1536da65,11/03/2015,Mar-15,3,2015,BERG RIVER,Major Dam,130010,33.32,86430,66.48
7e2422a5-e03d-4232-aecf-d41f82ca801a,12/03/2015,Mar-15,3,2015,BERG RIVER,Major Dam,130010,33.32,86430,66.48
d3d44a1d-2ecc-4483-b0f9-fddee0a81b8d,13/03/2015,Mar-15,3,2015,BERG RIVER,Major Dam,130010,33.32,86430,66.48
1c5df349-b9e3-4b91-b96a-26b2c1e914ec,14/03/2015,Mar-15,3,2015,BERG RIVER,Major Dam,130010,32.88,84420,64.93
c990d6bd-bb8e-4c01-9a50-33ee41608940,15/03/2015,Mar-15,3,2015,BERG RIVER,Major Dam,130010,32.88,84420,64.93
16ebdd36-8b28-46eb-b467-e13af6dc8ba8,16/03/2015,Mar-15,3,2015,BERG RIVER,Major Dam,130010,32.88,84420,64.93
02515bb2-ea8a-494d-8b5e-aac655dbf666,17/03/2015,Mar-15,3,2015,BERG RIVER,Major Dam,130010,32.8,84060,64.66
960148e9-bba6-4800-bf59-dbc434c2f4b8,18/03/2015,Mar-15,3,2015,BERG RIVER,Major Dam,130010,32.69,83560,64.27
781ef98d-6499-46e9-97a6-06fc20b8412b,19/03/2015,Mar-15,3,2015,BERG RIVER,Major Dam,130010,32.6,83380,64.13
0d6b26d3-c045-4fcd-9c28-dd70862786ea,20/03/2015,Mar-15,3,2015,BERG RIVER,Major Dam,130010,32.52,82790,63.68
22c45aca-a232-436f-91bb-4f720e375e82,21/03/2015,Mar-15,3,2015,BERG RIVER,Major Dam,130010,32.52,82790,63.68
93a7e38f-a314-4dff-bcfb-9a13a9eb4fed,22/03/2015,Mar-15,3,2015,BERG RIVER,Major Dam,130010,32.52,82790,63.68
d4983aee-13b9-4de4-b387-342f291fe2f1,23/03/2015,Mar-15,3,2015,BERG RIVER,Major Dam,130010,32.32,81900,63
04f76698-30e6-4570-af89-a8f1c076be85,24/03/2015,Mar-15,3,2015,BERG RIVER,Major Dam,130010,32.26,81630,62.79
2d364c11-9f77-466f-935c-c853d5841888,25/03/2015,Mar-15,3,2015,BERG RIVER,Major Dam,130010,32.21,81410,62.62
9364b335-6410-4f5a-a113-6e802cab9f4f,26/03/2015,Mar-15,3,2015,BERG RIVER,Major Dam,130010,32.17,81230,62.48
05ef81c8-b1c8-40d3-b94b-a0ddd5b2f362,27/03/2015,Mar-15,3,2015,BERG RIVER,Major Dam,130010,32.09,80880,62.21
43320fe8-5a32-462d-9ba2-fd657f709930,28/03/2015,Mar-15,3,2015,BERG RIVER,Major Dam,130010,32.09,80880,62.21
f9a461bb-671a-4d1a-a983-0480e2606f96,29/03/2015,Mar-15,3,2015,BERG RIVER,Major Dam,130010,32.09,80880,62.21
c8dc1493-33fd-4e27-8da6-a64846c4dabf,30/03/2015,Mar-15,3,2015,BERG RIVER,Major Dam,130010,31.88,84420,64.93
a0858daa-d4e9-48f8-8533-0820bbac2528,31/03/2015,Mar-15,3,2015,BERG RIVER,Major Dam,130010,31.82,79680,61.29
525d053a-2eaf-4ef1-92ef-8d17312d7cd1,01/04/2015,Apr-15,4,2015,BERG RIVER,Major Dam,130010,31.75,79370,61.05
7538ca02-b8b3-4f95-9ef2-15d66929aa67,02/04/2015,Apr-15,4,2015,BERG RIVER,Major Dam,130010,31.67,79020,60.78
993dfdb2-57c8-42d3-838c-08b7261d423d,03/04/2015,Apr-15,4,2015,BERG RIVER,Major Dam,130010,31.59,78670,60.51
eb1d537c-989e-4b9f-9b6b-755a578819f0,04/04/2015,Apr-15,4,2015,BERG RIVER,Major Dam,130010,31.52,78360,60.27
1dc9bdb5-0a41-4574-93b8-9a5105d9d31a,05/04/2015,Apr-15,4,2015,BERG RIVER,Major Dam,130010,31.47,78140,60.1
9d9194a9-fc81-4360-aae7-a0f8a4615269,06/04/2015,Apr-15,4,2015,BERG RIVER,Major Dam,130010,31.36,77660,59.73
64d83ceb-d02c-4bed-b77e-cee4b89a2e01,07/04/2015,Apr-15,4,2015,BERG RIVER,Major Dam,130010,31.28,77810,59.85
198949a7-4e7b-40f4-afc3-1092d52a92eb,08/04/2015,Apr-15,4,2015,BERG RIVER,Major Dam,130010,31.22,77050,59.26
bb29dd1c-e267-4ca9-91ba-57a980907127,09/04/2015,Apr-15,4,2015,BERG RIVER,Major Dam,130010,31.13,76660,58.96
afd18c68-7043-4f29-a90b-03dec9735318,10/04/2015,Apr-15,4,2015,BERG RIVER,Major Dam,130010,31.07,76400,58.76
df37197b-58df-47f9-8317-0ba963331e8e,11/04/2015,Apr-15,4,2015,BERG RIVER,Major Dam,130010,31,76100,58.53
d73181de-441b-4891-8857-86da960db5b2,12/04/2015,Apr-15,4,2015,BERG RIVER,Major Dam,130010,30.94,75840,58.33
ec5dc87f-03f5-4d4a-acbf-25856b9e2446,13/04/2015,Apr-15,4,2015,BERG RIVER,Major Dam,130010,30.86,75460,58.04
e8fdb171-d225-4420-91be-ce5ba7da0d02,14/04/2015,Apr-15,4,2015,BERG RIVER,Major Dam,130010,30.79,75200,57.84
ac8d43ae-5ef6-4732-9c2e-2652615f8151,15/04/2015,Apr-15,4,2015,BERG RIVER,Major Dam,130010,30.73,74940,57.64
852cbb64-3927-4209-a365-4860e381fd66,16/04/2015,Apr-15,4,2015,BERG RIVER,Major Dam,130010,30.67,74690,57.45
28454abb-1fca-401a-afea-baae6b9351ca,17/04/2015,Apr-15,4,2015,BERG RIVER,Major Dam,130010,30.61,74430,57.25
18358c9c-77ad-4f24-bd65-65050ecbb77f,18/04/2015,Apr-15,4,2015,BERG RIVER,Major Dam,130010,30.51,74010,56.93
ab47eb58-ce4b-419d-9c99-a976841b06e9,19/04/2015,Apr-15,4,2015,BERG RIVER,Major Dam,130010,30.42,73630,56.63
34c1b942-222e-4548-8fec-93ca003825e0,20/04/2015,Apr-15,4,2015,BERG RIVER,Major Dam,130010,30.33,73250,56.34
452af41d-6d76-459d-9917-ebc6e91f195e,21/04/2015,Apr-15,4,2015,BERG RIVER,Major Dam,130010,30.27,73000,56.15
0aacce17-1c97-4a26-b0af-6af4c885cc3f,22/04/2015,Apr-15,4,2015,BERG RIVER,Major Dam,130010,30.21,72750,55.96
e202d46a-4bcb-411c-ba19-e302ebeaf43b,23/04/2015,Apr-15,4,2015,BERG RIVER,Major Dam,130010,30.15,72660,55.89
3c74aa7b-3c1a-4ed5-b617-829e031987a9,24/04/2015,Apr-15,4,2015,BERG RIVER,Major Dam,130010,30.13,72410,55.7
c6815eda-7fc4-44ba-90c4-5a8613a49251,25/04/2015,Apr-15,4,2015,BERG RIVER,Major Dam,130010,30.11,72330,55.63
ee05147b-e0f9-4f5e-9e78-4d5d6974baf7,26/04/2015,Apr-15,4,2015,BERG RIVER,Major Dam,130010,30.07,72160,55.5
477d4d49-f0bc-47db-b534-3b37127fd37c,27/04/2015,Apr-15,4,2015,BERG RIVER,Major Dam,130010,30.03,71990,55.37
fa29fd60-155e-4a5d-a06e-dc00433999f9,28/04/2015,Apr-15,4,2015,BERG RIVER,Major Dam,130010,30,71870,55.28
16fdc6e7-2d13-4118-a10d-c8788bd040ad,29/04/2015,Apr-15,4,2015,BERG RIVER,Major Dam,130010,29.96,71700,55.15
7262729d-d183-41e4-a71b-bbcc377e9e4d,30/04/2015,Apr-15,4,2015,BERG RIVER,Major Dam,130010,29.94,71620,55.09
18e44265-d8b5-4289-a1be-ca74859046f0,01/05/2015,May-15,5,2015,BERG RIVER,Major Dam,130010,29.89,71410,54.93
7730b1c4-55e9-4c0b-baf6-61e4437375bd,02/05/2015,May-15,5,2015,BERG RIVER,Major Dam,130010,29.86,71280,54.83
e5de54f5-ac25-4912-8391-016e199f0829,03/05/2015,May-15,5,2015,BERG RIVER,Major Dam,130010,29.85,71240,54.8
5c2900f3-c2d4-43c6-ac12-c02e7dddbc04,04/05/2015,May-15,5,2015,BERG RIVER,Major Dam,130010,29.84,71200,54.77
a18a8bb9-ee79-4696-bc8d-9ad5d96f0a72,05/05/2015,May-15,5,2015,BERG RIVER,Major Dam,130010,29.82,71100,54.69
6754e4b4-8ad7-49af-a66e-337c0101dc65,06/05/2015,May-15,5,2015,BERG RIVER,Major Dam,130010,29.8,71030,54.63
c34541ea-4f33-4d82-a81c-cf5855b9c4cb,07/05/2015,May-15,5,2015,BERG RIVER,Major Dam,130010,29.76,70860,54.5
870e58ee-5c9a-47d7-b869-b8f30b0c0724,08/05/2015,May-15,5,2015,BERG RIVER,Major Dam,130010,29.72,70690,54.37
a9decd0a-82f4-4669-8855-842d97378e4a,09/05/2015,May-15,5,2015,BERG RIVER,Major Dam,130010,29.7,70610,54.31
f6fbf506-f572-4849-b816-7aaeef0d979d,10/05/2015,May-15,5,2015,BERG RIVER,Major Dam,130010,29.68,70530,54.25
8103fb7f-048c-4049-ad4f-05bcccebd7da,11/05/2015,May-15,5,2015,BERG RIVER,Major Dam,130010,29.66,70440,54.18
92639d2f-1b07-4e3e-9f26-017c0648b0be,12/05/2015,May-15,5,2015,BERG RIVER,Major Dam,130010,29.64,70360,54.12
81a24252-adf1-4cdc-bc4a-76becd8f176b,13/05/2015,May-15,5,2015,BERG RIVER,Major Dam,130010,29.62,70280,54.06
bf5f3db8-7e3b-4e37-a973-8e1f58743724,14/05/2015,May-15,5,2015,BERG RIVER,Major Dam,130010,29.61,70240,54.03
6a35e774-242c-4a1a-bfca-ad429908e932,15/05/2015,May-15,5,2015,BERG RIVER,Major Dam,130010,29.6,70190,53.99
12e0a686-a0b3-4332-b776-03e487372dbe,16/05/2015,May-15,5,2015,BERG RIVER,Major Dam,130010,29.59,70150,53.96
bc363d3a-cfab-4857-90af-0d1da5ddf0ce,17/05/2015,May-15,5,2015,BERG RIVER,Major Dam,130010,29.57,70070,53.9
a6bcc58e-42f2-4896-8997-10af89ecd666,18/05/2015,May-15,5,2015,BERG RIVER,Major Dam,130010,29.55,69990,53.83
05b9662f-37e7-4fc5-b2eb-0ea58ebd9a88,19/05/2015,May-15,5,2015,BERG RIVER,Major Dam,130010,29.55,69990,53.83
9acf6e52-0992-44fc-a10d-f6cee23f0e49,20/05/2015,May-15,5,2015,BERG RIVER,Major Dam,130010,29.52,69860,53.73
22f79012-0013-4036-b48d-dc3f4252c22a,21/05/2015,May-15,5,2015,BERG RIVER,Major Dam,130010,29.5,69740,53.64
5719b078-359e-44e6-8825-e4a61e75a39c,22/05/2015,May-15,5,2015,BERG RIVER,Major Dam,130010,29.45,69570,53.51
0ccdbab9-56ad-4241-8739-8bd786ac4cc8,23/05/2015,May-15,5,2015,BERG RIVER,Major Dam,130010,29.45,69570,53.51
002c2b19-4af2-4e5b-9c49-a11b5e3f5185,24/05/2015,May-15,5,2015,BERG RIVER,Major Dam,130010,29.45,69570,53.51
0e0515ff-96c5-46eb-895d-1978e6660896,25/05/2015,May-15,5,2015,BERG RIVER,Major Dam,130010,29.45,69570,53.51
39250384-2870-4096-9d4a-29531bba6c22,26/05/2015,May-15,5,2015,BERG RIVER,Major Dam,130010,29.4,69360,53.35
b7a9a7bf-4b4b-4623-9a34-00d1a53d51e3,27/05/2015,May-15,5,2015,BERG RIVER,Major Dam,130010,29.43,69490,53.45
f21e352d-253b-4976-9a53-36fd829e5449,28/05/2015,May-15,5,2015,BERG RIVER,Major Dam,130010,29.43,69490,53.45
396b4a20-f550-4270-93f0-fad41f78431a,29/05/2015,May-15,5,2015,BERG RIVER,Major Dam,130010,29.45,69570,53.51
2872ec0c-4cd6-4687-92ed-3d5b60d8ff73,30/05/2015,May-15,5,2015,BERG RIVER,Major Dam,130010,29.55,69990,53.83
c3808287-3df8-4405-9774-243ec926828f,31/05/2015,May-15,5,2015,BERG RIVER,Major Dam,130010,29.64,70360,54.12
5e49802e-11d2-459a-8b5c-6e7b84b330c4,01/06/2015,Jun-15,6,2015,BERG RIVER,Major Dam,130010,29.73,67780,52.13
357ca409-7bca-40ba-8521-9554dbe48115,02/06/2015,Jun-15,6,2015,BERG RIVER,Major Dam,130010,29.79,70990,54.6
d9e7eac9-80b4-42af-a917-cc55d3fd9acc,03/06/2015,Jun-15,6,2015,BERG RIVER,Major Dam,130010,29.94,71620,55.09
d78ee13f-2690-4fb2-8378-2d655954a92d,04/06/2015,Jun-15,6,2015,BERG RIVER,Major Dam,130010,30.3,73120,56.24
b3d8609d-2ed5-4aa5-a916-76b7a85c89fa,05/06/2015,Jun-15,6,2015,BERG RIVER,Major Dam,130010,30.4,73540,56.56
f081b4cd-592e-4db9-b7b3-c76348fd3387,06/06/2015,Jun-15,6,2015,BERG RIVER,Major Dam,130010,30.44,73710,56.7
c61ba6b7-8f96-4ce0-9ae3-017ad57e427e,07/06/2015,Jun-15,6,2015,BERG RIVER,Major Dam,130010,30.45,73760,56.73
e4aa5fa0-fbb0-4521-80e0-5fb1d447c346,08/06/2015,Jun-15,6,2015,BERG RIVER,Major Dam,130010,30.46,73800,56.76
ca9331e8-f464-4106-ae09-8b6edd5aeb23,09/06/2015,Jun-15,6,2015,BERG RIVER,Major Dam,130010,30.46,73800,56.76
7e37543e-a0f6-4a57-8134-dfc3565327a8,10/06/2015,Jun-15,6,2015,BERG RIVER,Major Dam,130010,30.41,73590,56.6
7738c69e-7167-422f-b242-91e3a156e930,11/06/2015,Jun-15,6,2015,BERG RIVER,Major Dam,130010,30.41,73590,56.6
28e26a92-fccd-4d1c-b62b-0e8c457c4d04,12/06/2015,Jun-15,6,2015,BERG RIVER,Major Dam,130010,30.38,73460,56.5
b929636e-9782-4bf9-b28e-de207e3f8d5f,13/06/2015,Jun-15,6,2015,BERG RIVER,Major Dam,130010,30.36,73380,56.44
5e8785f6-cad8-4b7d-8497-9b647ecb620b,14/06/2015,Jun-15,6,2015,BERG RIVER,Major Dam,130010,30.34,73290,56.37
bc3d2d0c-4d3e-4ee0-9a4f-74f5a9bd51e1,15/06/2015,Jun-15,6,2015,BERG RIVER,Major Dam,130010,30.31,73170,56.28
a56ded51-e0fa-4af4-9dad-9986f55c9489,16/06/2015,Jun-15,6,2015,BERG RIVER,Major Dam,130010,30.5,73970,56.9
27c9689b-7e8e-464f-9aa8-5f9c75fda93c,17/06/2015,Jun-15,6,2015,BERG RIVER,Major Dam,130010,30.72,74990,57.68
b21e73a2-acaf-483a-8d54-e3e0d13cc39d,18/06/2015,Jun-15,6,2015,BERG RIVER,Major Dam,130010,30.8,75240,57.87
64b3452d-644b-4274-9215-16a23f7c12ed,19/06/2015,Jun-15,6,2015,BERG RIVER,Major Dam,130010,30.84,75410,58
83656c9f-8a5b-4dd4-8faa-e9737e0d9242,20/06/2015,Jun-15,6,2015,BERG RIVER,Major Dam,130010,30.85,75460,58.04
0ae38026-b06f-42cc-90bc-419beb87eeb1,21/06/2015,Jun-15,6,2015,BERG RIVER,Major Dam,130010,30.86,75500,58.07
f567341d-1d58-435d-960c-b93a6d62d68e,22/06/2015,Jun-15,6,2015,BERG RIVER,Major Dam,130010,30.86,75500,58.07
4dd831a3-5a29-4209-ad3d-146d4b0248d1,23/06/2015,Jun-15,6,2015,BERG RIVER,Major Dam,130010,30.86,75500,58.07
cf0d03fc-2fdc-4c38-b587-3ccb92f5c0c4,24/06/2015,Jun-15,6,2015,BERG RIVER,Major Dam,130010,31.17,76840,59.1
45febbd8-fdc1-4a09-8824-acfa12c97bdd,25/06/2015,Jun-15,6,2015,BERG RIVER,Major Dam,130010,31.45,78050,60.03
6c009d93-81d9-40d2-8598-2377d371190a,26/06/2015,Jun-15,6,2015,BERG RIVER,Major Dam,130010,31.52,78860,60.66
e6030e1e-76ed-4b4a-851e-3e0002f76367,27/06/2015,Jun-15,6,2015,BERG RIVER,Major Dam,130010,31.53,78400,60.3
a6d4814c-ac5d-4405-8f8b-95fa95d8d4f6,28/06/2015,Jun-15,6,2015,BERG RIVER,Major Dam,130010,31.56,78530,60.4
562d638b-567c-4726-9d31-0b93e03ee73c,29/06/2015,Jun-15,6,2015,BERG RIVER,Major Dam,130010,31.61,78750,60.57
9b63863e-dba4-4dac-bc78-12280379018f,30/06/2015,Jun-15,6,2015,BERG RIVER,Major Dam,130010,31.62,78800,60.61
18af0d34-6c17-4275-a410-afec8d44badc,01/07/2015,Jul-15,7,2015,BERG RIVER,Major Dam,130010,31.62,78800,60.61
5ec85825-62a3-43e4-a99d-6bfac4083526,02/07/2015,Jul-15,7,2015,BERG RIVER,Major Dam,130010,31.61,78750,60.57
c277e482-ad1d-4149-befe-1449e51fd091,03/07/2015,Jul-15,7,2015,BERG RIVER,Major Dam,130010,31.69,78670,60.51
3430fa03-a8ba-4ad8-8c4e-9fc927106af9,04/07/2015,Jul-15,7,2015,BERG RIVER,Major Dam,130010,31.67,78680,60.52
4cdcc923-29b0-40c6-9663-ce7b92dede40,05/07/2015,Jul-15,7,2015,BERG RIVER,Major Dam,130010,31.55,78490,60.37
0e8bce98-1b6f-49a5-a41c-96942bbd4d59,06/07/2015,Jul-15,7,2015,BERG RIVER,Major Dam,130010,31.53,78400,60.3
f388f712-078e-49c4-9b63-8d7b0d894e8d,07/07/2015,Jul-15,7,2015,BERG RIVER,Major Dam,130010,31.5,78280,60.21
c78e67f3-5899-49c7-b972-2906ae8cec11,08/07/2015,Jul-15,7,2015,BERG RIVER,Major Dam,130010,31.5,78280,60.21
48caa243-3937-4efb-82f9-9c2e9f903e58,09/07/2015,Jul-15,7,2015,BERG RIVER,Major Dam,130010,31.49,78230,60.17
e7c3f1fa-e066-4492-a71a-9451654f9014,10/07/2015,Jul-15,7,2015,BERG RIVER,Major Dam,130010,31.49,78230,60.17
de2c8dc3-ab8c-424b-acf6-0ef94416dbd9,11/07/2015,Jul-15,7,2015,BERG RIVER,Major Dam,130010,31.48,78180,60.13
21534b93-3402-4a2d-a9a4-5527e04a39f1,12/07/2015,Jul-15,7,2015,BERG RIVER,Major Dam,130010,31.5,78270,60.2
4efd92d9-2850-4a17-8b49-4b4b600e73a7,13/07/2015,Jul-15,7,2015,BERG RIVER,Major Dam,130010,31.52,78860,60.66
b1eeca31-28f8-48a4-b3c0-30425a08804b,14/07/2015,Jul-15,7,2015,BERG RIVER,Major Dam,130010,31.34,78350,60.26
20061918-033f-4a6b-be7c-9226fb682d2a,15/07/2015,Jul-15,7,2015,BERG RIVER,Major Dam,130010,31.55,78490,60.37
f974e81f-0201-4fe7-8934-fe76cf45340e,16/07/2015,Jul-15,7,2015,BERG RIVER,Major Dam,130010,31.55,78490,60.37
838f842d-8d9f-4cbd-805a-c50d57811fd6,17/07/2015,Jul-15,7,2015,BERG RIVER,Major Dam,130010,31.58,78620,60.47
ea8498fb-8a88-44c5-a7ed-3721dc54e73f,18/07/2015,Jul-15,7,2015,BERG RIVER,Major Dam,130010,33.68,88100,67.76
8639c671-42fa-4f1a-afe7-d4d06f107822,19/07/2015,Jul-15,7,2015,BERG RIVER,Major Dam,130010,33.84,88850,68.34
0f477b61-3ee9-4eba-b7f7-942c4eb383ac,20/07/2015,Jul-15,7,2015,BERG RIVER,Major Dam,130010,34.04,89880,69.13
ae247536-7106-4274-8907-94ee5a45b46d,21/07/2015,Jul-15,7,2015,BERG RIVER,Major Dam,130010,34.16,90350,69.49
6660aaac-68ba-4d83-8829-4efb17002c96,22/07/2015,Jul-15,7,2015,BERG RIVER,Major Dam,130010,34.24,90720,69.78
b70a37d5-0e45-4374-8826-6f7385f3b33d,23/07/2015,Jul-15,7,2015,BERG RIVER,Major Dam,130010,34.37,91330,70.25
4f20bfc6-3435-46cc-8071-4a867eb87fc0,24/07/2015,Jul-15,7,2015,BERG RIVER,Major Dam,130010,34.61,92470,71.13
a0446a2e-087d-4ba3-90f7-9b179cae419e,25/07/2015,Jul-15,7,2015,BERG RIVER,Major Dam,130010,34.95,94090,72.37
fa16420e-6f4a-447e-bef3-b22a479848ee,26/07/2015,Jul-15,7,2015,BERG RIVER,Major Dam,130010,35.03,94470,72.66
acfc3005-6a5c-4edd-8009-85b0680e55a3,27/07/2015,Jul-15,7,2015,BERG RIVER,Major Dam,130010,35.08,94710,72.85
39a50401-a9e8-4447-917c-36e9153f8875,28/07/2015,Jul-15,7,2015,BERG RIVER,Major Dam,130010,35.11,94860,72.96
641c0c5b-5d66-43cd-92d8-2d4de66fb9a0,29/07/2015,Jul-15,7,2015,BERG RIVER,Major Dam,130010,35.16,95050,73.11
a029782d-563d-4168-bfd7-c1196a13e52e,30/07/2015,Jul-15,7,2015,BERG RIVER,Major Dam,130010,35.94,95900,73.76
43edc95b-04a9-44a1-bbfb-1fe246bced7a,31/07/2015,Jul-15,7,2015,BERG RIVER,Major Dam,130010,36.55,96990,74.6
3287e703-bc19-4ee4-adbd-cfaa1c37a41c,01/08/2015,Aug-15,8,2015,BERG RIVER,Major Dam,130010,36.7,102620,78.93
06c4ede0-fc58-4664-8619-5acb82d105eb,02/08/2015,Aug-15,8,2015,BERG RIVER,Major Dam,130010,36.76,102920,79.16
aa216777-d414-4c77-870d-8dc6521faa80,03/08/2015,Aug-15,8,2015,BERG RIVER,Major Dam,130010,36.78,103070,79.28
c1625c60-abab-4e16-8f29-c86c6698a9b5,04/08/2015,Aug-15,8,2015,BERG RIVER,Major Dam,130010,37.06,104410,80.31
7facfef8-5ba9-4d21-bfb7-b53676a3274c,05/08/2015,Aug-15,8,2015,BERG RIVER,Major Dam,130010,37.75,107880,82.98
32dab5aa-15a3-4d08-84df-60e8aa2756d8,06/08/2015,Aug-15,8,2015,BERG RIVER,Major Dam,130010,37.88,108550,83.49
dea51ee3-610d-464b-a8b6-329e7579dd44,07/08/2015,Aug-15,8,2015,BERG RIVER,Major Dam,130010,37.94,108850,83.72
f026b416-c916-47c5-a9eb-ef11058d2138,08/08/2015,Aug-15,8,2015,BERG RIVER,Major Dam,130010,38,109160,83.96
affadfce-df36-4ed1-b1a1-9d1d3f8b4832,09/08/2015,Aug-15,8,2015,BERG RIVER,Major Dam,130010,38.01,109210,84
7864856c-a6f4-4ea4-80f2-433a9b40b887,10/08/2015,Aug-15,8,2015,BERG RIVER,Major Dam,130010,38.01,109210,84
956dfc83-84e2-4e0e-85f9-e04ae2a0f176,11/08/2015,Aug-15,8,2015,BERG RIVER,Major Dam,130010,38.01,109210,84
b2026976-74c1-45c5-b9d5-00f7d538ee81,12/08/2015,Aug-15,8,2015,BERG RIVER,Major Dam,130010,38.01,109210,84
f250ce6b-30bc-4518-adf5-425643993077,13/08/2015,Aug-15,8,2015,BERG RIVER,Major Dam,130010,38.01,109210,84
0ce7068a-f7e7-4e47-b677-128fe50ee49e,14/08/2015,Aug-15,8,2015,BERG RIVER,Major Dam,130010,38.18,110060,84.66
63c0cc6f-ac6b-4e7a-9b43-3b3fd6db7472,15/08/2015,Aug-15,8,2015,BERG RIVER,Major Dam,130010,38.26,110460,84.96
d393dd2c-5c51-4b14-a767-2db863bf6f86,16/08/2015,Aug-15,8,2015,BERG RIVER,Major Dam,130010,38.35,110920,85.32
de4f0014-899d-4fa9-9b0a-c00506760d21,17/08/2015,Aug-15,8,2015,BERG RIVER,Major Dam,130010,38.45,111420,85.7
08882fc0-2e64-4897-9f47-ce642f437311,18/08/2015,Aug-15,8,2015,BERG RIVER,Major Dam,130010,38.47,111530,85.79
3836b86e-8051-4bd4-ba1e-614f594f7d1c,19/08/2015,Aug-15,8,2015,BERG RIVER,Major Dam,130010,38.5,111680,85.9
4693d013-33d1-45b1-8a9c-97e9b1bb3360,20/08/2015,Aug-15,8,2015,BERG RIVER,Major Dam,130010,38.53,111830,86.02
faae6c66-82f2-452d-9c95-71794e303f59,21/08/2015,Aug-15,8,2015,BERG RIVER,Major Dam,130010,38.55,111930,86.09
2b3969b3-935c-45c1-b3c2-5a22e1182796,22/08/2015,Aug-15,8,2015,BERG RIVER,Major Dam,130010,38.56,111980,86.13
09e083e0-bbe5-4a1e-83a1-4b09177f6575,23/08/2015,Aug-15,8,2015,BERG RIVER,Major Dam,130010,38.57,112030,86.17
4fc32704-2656-4df7-9461-e64afcd496f6,24/08/2015,Aug-15,8,2015,BERG RIVER,Major Dam,130010,38.58,112080,86.21
73a3cc50-2ab3-45d0-aa16-985cfa1f7b85,25/08/2015,Aug-15,8,2015,BERG RIVER,Major Dam,130010,38.61,112290,86.37
3d6eff6e-51fc-4fb6-8e2e-cbcbba41e94d,26/08/2015,Aug-15,8,2015,BERG RIVER,Major Dam,130010,38.67,112540,86.56
cfe61548-373a-45a3-b345-b13823731e9d,27/08/2015,Aug-15,8,2015,BERG RIVER,Major Dam,130010,38.7,112690,86.68
801a71e4-6d6b-48ff-8bfc-d84a574a7487,28/08/2015,Aug-15,8,2015,BERG RIVER,Major Dam,130010,38.71,112740,86.72
4241ca3d-08df-433d-b010-834403747194,29/08/2015,Aug-15,8,2015,BERG RIVER,Major Dam,130010,38.72,112800,86.76
9c1f18be-393a-402c-b98e-fd51e86f8c1f,30/08/2015,Aug-15,8,2015,BERG RIVER,Major Dam,130010,38.72,112800,86.76
58ea22d0-daf9-43f1-a01c-84004bc3235d,31/08/2015,Aug-15,8,2015,BERG RIVER,Major Dam,130010,38.73,112850,86.8
bc321771-c3fb-4fd4-9839-de07fa396b9d,01/09/2015,Sep-15,9,2015,BERG RIVER,Major Dam,130010,38.95,113970,87.66
3acfe6cd-9c9f-4cec-b2ab-4bfc9d63187a,02/09/2015,Sep-15,9,2015,BERG RIVER,Major Dam,130010,39.04,114430,88.02
a1b8cd3a-14ab-4e52-912f-4064a8041b6f,03/09/2015,Sep-15,9,2015,BERG RIVER,Major Dam,130010,39.06,114640,88.18
467eaab4-9ce7-4ee5-951b-423b06668bad,04/09/2015,Sep-15,9,2015,BERG RIVER,Major Dam,130010,38.98,114130,87.79
0eee405c-d917-433c-93a1-1a8430015e23,05/09/2015,Sep-15,9,2015,BERG RIVER,Major Dam,130010,38.96,114020,87.7
f47155be-5416-429d-a8b0-fb3dcbaff5c5,06/09/2015,Sep-15,9,2015,BERG RIVER,Major Dam,130010,38.94,113920,87.62
5445ac96-65e1-41f6-a47e-fb2dea7264f5,07/09/2015,Sep-15,9,2015,BERG RIVER,Major Dam,130010,39.15,116000,89.22
030c2542-1139-4905-a90c-010a7d3a3638,08/09/2015,Sep-15,9,2015,BERG RIVER,Major Dam,130010,39.25,115520,88.85
989dac3f-8c62-4172-8336-cac37adcc32d,09/09/2015,Sep-15,9,2015,BERG RIVER,Major Dam,130010,39.29,115720,89.01
ce3b9509-cf6c-43a5-9d68-7b7d7ee587bb,10/09/2015,Sep-15,9,2015,BERG RIVER,Major Dam,130010,39.3,115770,89.05
2a72cec4-0e70-4df3-8619-a6429296aef6,11/09/2015,Sep-15,9,2015,BERG RIVER,Major Dam,130010,39.32,115880,89.13
60a3883c-7714-4923-bc60-339df31dc0ed,12/09/2015,Sep-15,9,2015,BERG RIVER,Major Dam,130010,39.34,115980,89.21
d7527731-61f6-4658-8e3a-653ed92a42c0,13/09/2015,Sep-15,9,2015,BERG RIVER,Major Dam,130010,39.36,116140,89.33
3ad6f988-638e-4b4f-8c24-4dba3e9f907a,14/09/2015,Sep-15,9,2015,BERG RIVER,Major Dam,130010,39.39,116240,89.41
7cf3ec41-97f3-4096-a948-7fb6f81eac62,15/09/2015,Sep-15,9,2015,BERG RIVER,Major Dam,130010,39.4,116290,89.45
aedbcf61-df1e-43a4-976d-176c16c03dd4,16/09/2015,Sep-15,9,2015,BERG RIVER,Major Dam,130010,39.41,116340,89.49
2c6b763a-0511-430c-b711-65e92ffbf68c,17/09/2015,Sep-15,9,2015,BERG RIVER,Major Dam,130010,39.42,116400,89.53
bfe82951-e57e-4f84-bd69-394fced05d25,18/09/2015,Sep-15,9,2015,BERG RIVER,Major Dam,130010,39.42,116400,89.53
86641eb8-996c-4093-a3c9-678530abf174,19/09/2015,Sep-15,9,2015,BERG RIVER,Major Dam,130010,39.4,116390,89.52
9f1fde93-4021-48fa-a3fc-741d5a69046d,20/09/2015,Sep-15,9,2015,BERG RIVER,Major Dam,130010,39.39,116340,89.49
794d68bf-78cf-4ef8-a196-4fe84f451e03,21/09/2015,Sep-15,9,2015,BERG RIVER,Major Dam,130010,39.37,116140,89.33
8d8348fb-ec94-45c3-95e3-6a0b3cde877e,22/09/2015,Sep-15,9,2015,BERG RIVER,Major Dam,130010,39.37,116140,89.33
cc3293ef-19d3-4e86-830e-7ea46c9e5a55,23/09/2015,Sep-15,9,2015,BERG RIVER,Major Dam,130010,39.36,116090,89.29
a19193df-ea6f-46af-ab7d-345dcada1fbc,24/09/2015,Sep-15,9,2015,BERG RIVER,Major Dam,130010,39.36,116090,89.29
33a525b8-7855-446d-9bea-f0a789d982b1,25/09/2015,Sep-15,9,2015,BERG RIVER,Major Dam,130010,39.35,116030,89.25
0f105b47-9bd9-4a3e-a3b1-bde68bf97525,26/09/2015,Sep-15,9,2015,BERG RIVER,Major Dam,130010,39.35,116030,89.25
69963ab3-8936-4a39-82e0-cc18cc20ed7e,27/09/2015,Sep-15,9,2015,BERG RIVER,Major Dam,130010,39.35,116030,89.25
7c0185f0-d00f-4d3c-94be-bf5bc6e56332,28/09/2015,Sep-15,9,2015,BERG RIVER,Major Dam,130010,39.35,116030,89.25
e413f54d-71fe-4c6e-9ac4-40e83a90c3a4,29/09/2015,Sep-15,9,2015,BERG RIVER,Major Dam,130010,39.34,115980,89.21
4e367674-0801-4791-857d-c7ff459780c0,30/09/2015,Sep-15,9,2015,BERG RIVER,Major Dam,130010,39.36,116090,89.29
b5e47213-2679-4de9-844f-3d2d2b58555a,01/10/2015,Oct-15,10,2015,BERG RIVER,Major Dam,130010,39.36,116090,89.29
ca681966-6f92-47bc-bdfc-5b7f15778906,02/10/2015,Oct-15,10,2015,BERG RIVER,Major Dam,130010,39.46,116290,89.45
381b4623-5290-403e-a108-3b3aca013374,03/10/2015,Oct-15,10,2015,BERG RIVER,Major Dam,130010,39.46,116290,89.45
ca9d02f6-f3a8-4c15-a939-5eee766b05d4,04/10/2015,Oct-15,10,2015,BERG RIVER,Major Dam,130010,39.46,116290,89.45
7b3178bb-0617-4149-874a-ac792fa6d4ac,05/10/2015,Oct-15,10,2015,BERG RIVER,Major Dam,130010,39.46,116290,89.45
e6840c9a-957b-4921-9a0f-613a34a83cfe,06/10/2015,Oct-15,10,2015,BERG RIVER,Major Dam,130010,39.46,116290,89.45
730fcf94-add7-4675-842a-1d8aa40a5670,07/10/2015,Oct-15,10,2015,BERG RIVER,Major Dam,130010,39.46,116290,89.45
66b0eb63-de39-46fe-b00c-f8b7838cde29,08/10/2015,Oct-15,10,2015,BERG RIVER,Major Dam,130010,39.46,116290,89.45
f7feaa59-1c39-4457-991a-56fe13ce13a6,09/10/2015,Oct-15,10,2015,BERG RIVER,Major Dam,130010,39.46,116290,89.45
939d265f-449c-4d85-a6d3-a9b079e5d93b,10/10/2015,Oct-15,10,2015,BERG RIVER,Major Dam,130010,39.41,116340,89.49
e8a367ce-853f-47ec-8e95-4e89ab31584b,11/10/2015,Oct-15,10,2015,BERG RIVER,Major Dam,130010,39.42,116400,89.53
994715c9-bdd5-4873-b599-e4cd06c1e7aa,12/10/2015,Oct-15,10,2015,BERG RIVER,Major Dam,130010,39.42,116400,89.53
ef488ecc-8600-4e41-8e7f-cd6204451a44,13/10/2015,Oct-15,10,2015,BERG RIVER,Major Dam,130010,39.42,116400,89.53
5627c05d-8543-4348-9f8b-22eaed33d4d6,14/10/2015,Oct-15,10,2015,BERG RIVER,Major Dam,130010,39.4,116290,89.45
8e5d8417-cfbb-4032-b28d-01ec7fb37db4,15/10/2015,Oct-15,10,2015,BERG RIVER,Major Dam,130010,39.4,116290,89.45
61e840cb-d8a4-4466-831b-4f2fe89fd6d7,16/10/2015,Oct-15,10,2015,BERG RIVER,Major Dam,130010,39.42,116400,89.53
faee76fd-fc0c-4c85-bbf1-33eae7068a2e,17/10/2015,Oct-15,10,2015,BERG RIVER,Major Dam,130010,39.42,116400,89.53
735e88f6-9511-42b9-bb67-c94e10189685,18/10/2015,Oct-15,10,2015,BERG RIVER,Major Dam,130010,39.42,116400,89.53
005d144c-0b55-45a0-a5ce-55ab18d30620,19/10/2015,Oct-15,10,2015,BERG RIVER,Major Dam,130010,39.42,116400,89.53
5af25154-9333-4eb8-98b7-0278452ed891,20/10/2015,Oct-15,10,2015,BERG RIVER,Major Dam,130010,39.4,116390,89.52
97c95e5a-9cc1-43d8-aab4-08a0c488402b,21/10/2015,Oct-15,10,2015,BERG RIVER,Major Dam,130010,39.32,115880,89.13
dcd2e1f0-cbf3-40dc-bc9c-0da407ac1834,22/10/2015,Oct-15,10,2015,BERG RIVER,Major Dam,130010,39.28,115670,88.97
0ca3ebc6-da03-497b-bab4-8db4f3b2f365,23/10/2015,Oct-15,10,2015,BERG RIVER,Major Dam,130010,39.24,115460,88.81
02e7943b-5e91-4fc3-9d98-2d37f9801d3f,24/10/2015,Oct-15,10,2015,BERG RIVER,Major Dam,130010,39.2,115260,88.65
f9eb985f-a909-434f-acb1-570a02f50150,25/10/2015,Oct-15,10,2015,BERG RIVER,Major Dam,130010,39.18,115150,88.57
9fdc3d98-47ae-42a4-972a-21bf3a62c73b,26/10/2015,Oct-15,10,2015,BERG RIVER,Major Dam,130010,39.16,115050,88.49
5c6c0367-f0d4-4406-888e-b7dc0a458e22,27/10/2015,Oct-15,10,2015,BERG RIVER,Major Dam,130010,39.16,115050,88.49
845b336e-f389-41b2-8802-9a552c04e3b8,28/10/2015,Oct-15,10,2015,BERG RIVER,Major Dam,130010,39.1,115050,88.49
7e70f45a-473f-4665-85c0-ffb6e169256c,29/10/2015,Oct-15,10,2015,BERG RIVER,Major Dam,130010,39.08,114640,88.18
e213cda0-fae2-496d-9a27-ba521da7c846,30/10/2015,Oct-15,10,2015,BERG RIVER,Major Dam,130010,39.08,114640,88.18
2196af36-696c-488b-9787-7e9cea7c227d,31/10/2015,Oct-15,10,2015,BERG RIVER,Major Dam,130010,39.08,114640,88.18
27602cc1-d5bf-4142-b07a-3707e072319b,01/11/2015,Nov-15,11,2015,BERG RIVER,Major Dam,130010,38.85,113460,87.27
46ba287b-34ba-4591-91e6-b46331267973,02/11/2015,Nov-15,11,2015,BERG RIVER,Major Dam,130010,38.75,112950,86.88
78e6c933-386b-4459-a150-4a035b631d5d,03/11/2015,Nov-15,11,2015,BERG RIVER,Major Dam,130010,38.67,112660,86.65
12bc29af-5d44-4b8c-b4ed-467abdde1f6e,04/11/2015,Nov-15,11,2015,BERG RIVER,Major Dam,130010,38.63,112340,86.41
fc25a04b-d1d8-4933-b82d-222c8c264e80,05/11/2015,Nov-15,11,2015,BERG RIVER,Major Dam,130010,38.56,111980,86.13
4e05c954-623a-4ea8-ae1c-008c3e31d69c,06/11/2015,Nov-15,11,2015,BERG RIVER,Major Dam,130010,38.51,117300,90.22
93f0bca2-6d77-41f4-bd62-6216a79f84b3,07/11/2015,Nov-15,11,2015,BERG RIVER,Major Dam,130010,38.45,111420,85.7
f967eb65-26bf-4677-9d9f-9bbd872c9c8f,08/11/2015,Nov-15,11,2015,BERG RIVER,Major Dam,130010,38.38,111070,85.43
6ab70b3a-4432-4cc1-b4cb-cd3fdfb51c05,09/11/2015,Nov-15,11,2015,BERG RIVER,Major Dam,130010,38.31,110670,85.12
13e339c4-1aad-44f9-8b5b-5bdc3b233c79,10/11/2015,Nov-15,11,2015,BERG RIVER,Major Dam,130010,38.24,110360,84.89
ae7874c1-7ab9-4649-bc47-2bdbb3a67682,11/11/2015,Nov-15,11,2015,BERG RIVER,Major Dam,130010,38.18,110060,84.66
c27b73b1-5c68-4613-9d4b-fed5015b4b9c,12/11/2015,Nov-15,11,2015,BERG RIVER,Major Dam,130010,38.12,109760,84.42
62e7cc6f-c6b0-44af-b9c4-3d74a108f710,13/11/2015,Nov-15,11,2015,BERG RIVER,Major Dam,130010,38.08,109660,84.35
e2a313a8-1cb7-4507-a43a-1af72fdfb6f0,14/11/2015,Nov-15,11,2015,BERG RIVER,Major Dam,130010,38.01,109210,84
63648a5c-d1fe-4828-b9f5-9824baaa6ecb,15/11/2015,Nov-15,11,2015,BERG RIVER,Major Dam,130010,37.94,108850,83.72
6e06e7dc-fa8c-4ed9-855b-d974a6ce1b64,16/11/2015,Nov-15,11,2015,BERG RIVER,Major Dam,130010,37.87,108500,83.46
285c00f6-5732-4165-9fb8-e857abf4b74e,17/11/2015,Nov-15,11,2015,BERG RIVER,Major Dam,130010,37.84,108340,83.33
0f7c6688-bd69-4636-a5a1-3fb49865e181,18/11/2015,Nov-15,11,2015,BERG RIVER,Major Dam,130010,37.74,107880,82.98
cb606e11-eaf4-4113-8ea8-c2c97bb52f9b,19/11/2015,Nov-15,11,2015,BERG RIVER,Major Dam,130010,37.64,107330,82.56
9150a64d-0488-4718-8394-99be51bbc936,20/11/2015,Nov-15,11,2015,BERG RIVER,Major Dam,130010,37.57,106970,82.28
8d84aaa0-bd84-458c-bc17-edb6614b21a3,21/11/2015,Nov-15,11,2015,BERG RIVER,Major Dam,130010,37.53,106770,82.12
4dee0308-332a-479c-b0b0-d74f33175939,22/11/2015,Nov-15,11,2015,BERG RIVER,Major Dam,130010,37.08,106520,81.93
bc9c5f62-2450-4ca9-9006-ba36b4aa9cbd,23/11/2015,Nov-15,11,2015,BERG RIVER,Major Dam,130010,37.42,106210,81.69
671bc527-2592-4b37-a999-84e68316d6a8,24/11/2015,Nov-15,11,2015,BERG RIVER,Major Dam,130010,37.35,105860,81.42
624069b9-6bb1-475a-884f-fc90df1ccdb9,25/11/2015,Nov-15,11,2015,BERG RIVER,Major Dam,130010,37.28,105510,81.16
ce7bb59d-a5f6-45b5-a1c8-4bf4891a9a8b,26/11/2015,Nov-15,11,2015,BERG RIVER,Major Dam,130010,37.22,105210,80.92
8f0f8c0c-94af-4e28-b0a9-945447ac598c,27/11/2015,Nov-15,11,2015,BERG RIVER,Major Dam,130010,37.12,104710,80.54
7cf54797-a0ff-41e9-b29c-f0cd42043119,28/11/2015,Nov-15,11,2015,BERG RIVER,Major Dam,130010,37.08,104510,80.39
3f4dfdc7-9b0c-41f3-bc57-ba5b02ffd0a1,29/11/2015,Nov-15,11,2015,BERG RIVER,Major Dam,130010,37.02,104210,80.16
7bb9b431-d228-47bc-a5d0-f9107ead6f5c,30/11/2015,Nov-15,11,2015,BERG RIVER,Major Dam,130010,36.94,103810,79.85
c08e973b-b6d4-4916-a2ab-080026814934,01/12/2015,Dec-15,12,2015,BERG RIVER,Major Dam,130010,36.84,103310,79.46
cc6c2320-7e6e-456a-8fd4-4fc4f5f6e58a,02/12/2015,Dec-15,12,2015,BERG RIVER,Major Dam,130010,36.74,102820,79.09
96cc5cec-e971-452b-b045-284ef5ebf3f1,03/12/2015,Dec-15,12,2015,BERG RIVER,Major Dam,130010,36.63,102280,78.67
71a8ca5f-2af5-4821-91ce-fa539f639fe5,04/12/2015,Dec-15,12,2015,BERG RIVER,Major Dam,130010,36.57,101980,78.44
e31c2500-3966-4b90-bba7-66bf1326646f,05/12/2015,Dec-15,12,2015,BERG RIVER,Major Dam,130010,36.5,101640,78.18
c618b6dd-810b-4e00-908c-94debfd0fcad,06/12/2015,Dec-15,12,2015,BERG RIVER,Major Dam,130010,36.47,101490,78.06
464f068c-d00d-438e-922a-40726f4b4d70,07/12/2015,Dec-15,12,2015,BERG RIVER,Major Dam,130010,36.37,101000,77.69
02e48274-c6dc-42d6-b258-c82ddd52ab84,08/12/2015,Dec-15,12,2015,BERG RIVER,Major Dam,130010,36.26,100460,77.27
d9410084-c893-4b14-8def-1488935350b6,09/12/2015,Dec-15,12,2015,BERG RIVER,Major Dam,130010,36.08,99590,76.6
bab548aa-31ea-4c5a-ad07-6750e26abbef,10/12/2015,Dec-15,12,2015,BERG RIVER,Major Dam,130010,35.93,98850,76.03
431051e2-b781-47cf-80db-c8b98ff7cb18,11/12/2015,Dec-15,12,2015,BERG RIVER,Major Dam,130010,35.7,97970,75.36
f13719b2-7ef0-4a06-811e-a38be8211350,12/12/2015,Dec-15,12,2015,BERG RIVER,Major Dam,130010,35.52,96840,74.49
415cf7b9-3c0b-4d17-9cac-3b159ceaaa71,13/12/2015,Dec-15,12,2015,BERG RIVER,Major Dam,130010,35.29,95720,73.63
bfb327e9-5b19-4fcc-bb5d-39a4db7bb9dd,14/12/2015,Dec-15,12,2015,BERG RIVER,Major Dam,130010,35.11,94860,72.96
e9ebfc7e-12db-4d6c-8476-57c3a5a7c048,15/12/2015,Dec-15,12,2015,BERG RIVER,Major Dam,130010,34.98,94230,72.48
2074ee5c-7cff-41c5-9923-6a95512f0eb3,16/12/2015,Dec-15,12,2015,BERG RIVER,Major Dam,130010,34.86,93660,72.04
d6d23e1e-d89a-44be-b877-4b73fc16654a,17/12/2015,Dec-15,12,2015,BERG RIVER,Major Dam,130010,34.74,93080,71.59
a6198560-0479-4ef2-a69a-012b76b23e3d,18/12/2015,Dec-15,12,2015,BERG RIVER,Major Dam,130010,34.69,92850,71.42
df7612d9-af49-4cf5-af58-7af6ca9510e3,19/12/2015,Dec-15,12,2015,BERG RIVER,Major Dam,130010,34.6,92420,71.09
5a36da46-2808-4b44-848c-2c27a1284d2b,20/12/2015,Dec-15,12,2015,BERG RIVER,Major Dam,130010,34.52,92040,70.79
9d6af4fc-8dba-41cd-9f21-5a570e4ae50c,21/12/2015,Dec-15,12,2015,BERG RIVER,Major Dam,130010,34.41,91520,70.39
cd68335f-efed-4067-9938-3b90db8c6dee,22/12/2015,Dec-15,12,2015,BERG RIVER,Major Dam,130010,34.3,91000,69.99
f9052325-bed6-4ca3-85fb-b6a63d2f6f34,23/12/2015,Dec-15,12,2015,BERG RIVER,Major Dam,130010,34.05,89830,69.09
c4135179-1a81-4fb6-a88f-f024cece0aaf,24/12/2015,Dec-15,12,2015,BERG RIVER,Major Dam,130010,33.95,89560,68.89
dac2e670-54b2-4c65-8206-206f02dfe8b2,25/12/2015,Dec-15,12,2015,BERG RIVER,Major Dam,130010,33.84,88850,68.34
fbd78b67-aedb-4a75-af73-949a0f0e9f9b,26/12/2015,Dec-15,12,2015,BERG RIVER,Major Dam,130010,33.78,88570,68.13
e18b1d6e-bb70-4852-9448-e3cb4838edf6,27/12/2015,Dec-15,12,2015,BERG RIVER,Major Dam,130010,33.56,87540,67.33
890e6718-3ac7-4c93-8ac2-e6e30b50d427,28/12/2015,Dec-15,12,2015,BERG RIVER,Major Dam,130010,33.45,87030,66.94
7cbcbb04-3104-4c2f-b233-dde8344b01fe,29/12/2015,Dec-15,12,2015,BERG RIVER,Major Dam,130010,33.36,86620,66.63
62432288-d05b-496d-bd97-b8bf95ea01fe,30/12/2015,Dec-15,12,2015,BERG RIVER,Major Dam,130010,33.25,86110,66.23
dea3b905-6264-42a1-b6d0-1e923f28f1ab,31/12/2015,Dec-15,12,2015,BERG RIVER,Major Dam,130010,33.13,85560,65.81
95a65e48-52c3-4359-82b4-fb3c1281762e,01/01/2016,Jan-16,1,2016,BERG RIVER,Major Dam,130010,33.01,82010,63.08
596dc4a7-0b16-4a8b-8a7c-fec906783b8a,02/01/2016,Jan-16,1,2016,BERG RIVER,Major Dam,130010,32.88,85420,65.7
2f77bc9e-e642-4f20-b9cf-91fd12564eda,03/01/2016,Jan-16,1,2016,BERG RIVER,Major Dam,130010,32.75,83830,64.48
20b3fb6b-b1b9-468f-b06b-5dd669554e47,04/01/2016,Jan-16,1,2016,BERG RIVER,Major Dam,130010,32.6,83150,63.96
29f9e38c-d655-4d46-a163-42cfc2c62e3d,05/01/2016,Jan-16,1,2016,BERG RIVER,Major Dam,130010,32.42,82350,63.34
0a0c87da-5106-4516-811d-6e762af2637a,06/01/2016,Jan-16,1,2016,BERG RIVER,Major Dam,130010,32.22,81450,62.65
8fc0ebb3-eff4-4441-bd82-c038b184371e,07/01/2016,Jan-16,1,2016,BERG RIVER,Major Dam,130010,32.12,81010,62.31
e644342f-7a57-4cad-857b-12e495bde207,08/01/2016,Jan-16,1,2016,BERG RIVER,Major Dam,130010,31.84,79730,61.33
b4d044ec-855a-4e9e-8847-f1c530e1fa28,09/01/2016,Jan-16,1,2016,BERG RIVER,Major Dam,130010,31.84,79730,61.33
7e44b06b-d87d-4284-9b3a-c23da82cc9db,10/01/2016,Jan-16,1,2016,BERG RIVER,Major Dam,130010,31.84,79730,61.33
d00911f5-7c49-40e0-afca-ab55d26d8db7,11/01/2016,Jan-16,1,2016,BERG RIVER,Major Dam,130010,31.47,78140,60.1
2522c602-1d85-4e37-9a87-1ddbf2567087,12/01/2016,Jan-16,1,2016,BERG RIVER,Major Dam,130010,31.3,77400,59.53
fe8d67d6-af50-4ed4-9b54-3c53e7e44291,13/01/2016,Jan-16,1,2016,BERG RIVER,Major Dam,130010,31.14,76710,59
ae605c2f-d020-42cd-a2b5-adae8614b254,14/01/2016,Jan-16,1,2016,BERG RIVER,Major Dam,130010,30.94,75840,58.33
257f9669-af38-4092-bc4a-b85b840ea161,15/01/2016,Jan-16,1,2016,BERG RIVER,Major Dam,130010,30.84,75410,58
b8607711-49ce-4fb7-8076-cb5303bd3198,16/01/2016,Jan-16,1,2016,BERG RIVER,Major Dam,130010,30.64,74560,57.35
694e42d8-ccaf-47f9-a5e4-6a3cdc4d07b2,17/01/2016,Jan-16,1,2016,BERG RIVER,Major Dam,130010,30.44,73710,56.7
ae37bcc7-df37-49ae-b982-d28b695545e0,18/01/2016,Jan-16,1,2016,BERG RIVER,Major Dam,130010,30.24,72840,56.03
9220a2aa-297f-4c70-9376-42c6d97e005a,19/01/2016,Jan-16,1,2016,BERG RIVER,Major Dam,130010,30.04,72040,55.41
ba373c75-6563-424f-b88c-db90704e98f0,20/01/2016,Jan-16,1,2016,BERG RIVER,Major Dam,130010,29.84,71200,54.77
cd92fafc-9e0a-4922-a54b-7cdb62a88e2e,21/01/2016,Jan-16,1,2016,BERG RIVER,Major Dam,130010,29.64,70320,54.09
32d9e2c4-c0ae-41a8-93b4-87debb855527,22/01/2016,Jan-16,1,2016,BERG RIVER,Major Dam,130010,29.44,69530,53.48
4914db14-f59f-4d39-bd6a-31d066bf5461,23/01/2016,Jan-16,1,2016,BERG RIVER,Major Dam,130010,29.35,69160,53.2
a646937b-4c39-41b2-af78-97f09bb15d98,24/01/2016,Jan-16,1,2016,BERG RIVER,Major Dam,130010,29.17,68420,52.63
be91eb10-c77d-418f-91e8-9dab8deab970,25/01/2016,Jan-16,1,2016,BERG RIVER,Major Dam,130010,28.98,67670,52.05
005099b5-f46d-464a-8b6d-0985d34e5d3a,26/01/2016,Jan-16,1,2016,BERG RIVER,Major Dam,130010,28.77,66790,51.37
8e943bf0-95dc-4b55-9f34-0410feb9eb32,27/01/2016,Jan-16,1,2016,BERG RIVER,Major Dam,130010,28.77,66790,51.37
f753a608-9cff-4eca-bab3-e8c2cedd13d6,28/01/2016,Jan-16,1,2016,BERG RIVER,Major Dam,130010,28.47,65550,50.42
3c6ca20c-9c64-48d7-b01d-1597f052df2e,29/01/2016,Jan-16,1,2016,BERG RIVER,Major Dam,130010,28.28,64830,49.87
f7a5de50-b178-4c92-a0ec-442f26188aba,30/01/2016,Jan-16,1,2016,BERG RIVER,Major Dam,130010,28.14,64280,49.44
159041de-934d-4cad-b768-aea7a9395af7,31/01/2016,Jan-16,1,2016,BERG RIVER,Major Dam,130010,28.06,63970,49.2
b3816def-bc51-4947-b67a-19e63c0dbf4c,01/02/2016,Feb-16,2,2016,BERG RIVER,Major Dam,130010,27.95,63530,48.87
d5986c08-b435-45d9-b72b-1ff451bf707f,02/02/2016,Feb-16,2,2016,BERG RIVER,Major Dam,130010,27.8,63100,48.53
65504725-8e07-45cf-80b5-3ca418d2b187,03/02/2016,Feb-16,2,2016,BERG RIVER,Major Dam,130010,27.55,61960,47.66
4b25eb8d-ff09-4db0-b52d-b889df5f5c89,04/02/2016,Feb-16,2,2016,BERG RIVER,Major Dam,130010,27.47,61630,47.4
58517c4f-fed9-4d8d-9e98-897b09adddb4,05/02/2016,Feb-16,2,2016,BERG RIVER,Major Dam,130010,27.27,60870,46.82
00cba0f1-c0d4-4875-a9f0-9915953b5219,06/02/2016,Feb-16,2,2016,BERG RIVER,Major Dam,130010,27.1,60210,46.31
f29f5bf8-51e3-484f-bab1-e89c8fd3679f,07/02/2016,Feb-16,2,2016,BERG RIVER,Major Dam,130010,26.91,59490,45.76
7a208fe0-caa9-4b91-8679-4dfd64a46e0d,08/02/2016,Feb-16,2,2016,BERG RIVER,Major Dam,130010,26.76,58920,45.32
62060c04-bc87-422a-9a36-4888d1d636ed,09/02/2016,Feb-16,2,2016,BERG RIVER,Major Dam,130010,26.47,58200,44.77
9bb7047b-84f1-43e9-a9c9-1d415b7c8358,10/02/2016,Feb-16,2,2016,BERG RIVER,Major Dam,130010,26.39,57520,44.24
a472f266-2dc3-4eef-9f27-ff56c6d0e9ec,11/02/2016,Feb-16,2,2016,BERG RIVER,Major Dam,130010,26.21,56850,43.73
0f857feb-48de-43a3-926b-9c4ede722b79,12/02/2016,Feb-16,2,2016,BERG RIVER,Major Dam,130010,26.02,56150,43.19
c8090f7c-3c67-4841-8b2a-1fe293da670c,13/02/2016,Feb-16,2,2016,BERG RIVER,Major Dam,130010,25.79,55310,42.54
39a3cd17-6480-4c97-8c06-b3b0af98c08e,14/02/2016,Feb-16,2,2016,BERG RIVER,Major Dam,130010,25.6,54610,42
7f757e45-f2ab-4773-8d85-e69b72d9efb4,15/02/2016,Feb-16,2,2016,BERG RIVER,Major Dam,130010,25.32,53600,41.23
f46e4c9c-da6d-46aa-8df5-1c6a92371868,16/02/2016,Feb-16,2,2016,BERG RIVER,Major Dam,130010,25.22,56890,43.76
48b6c399-eb08-40b0-a2e3-1ac0bb18db18,17/02/2016,Feb-16,2,2016,BERG RIVER,Major Dam,130010,24.96,52310,40.24
7c08950b-e65c-4d3b-8e87-4d956e4f751f,18/02/2016,Feb-16,2,2016,BERG RIVER,Major Dam,130010,24.69,51360,39.5
97badc81-adc2-4a92-bedd-7e0bdbdbd0df,19/02/2016,Feb-16,2,2016,BERG RIVER,Major Dam,130010,24.62,51120,39.32
e2e61d99-8e39-4530-a047-a8c2e0185bc9,20/02/2016,Feb-16,2,2016,BERG RIVER,Major Dam,130010,24.45,50530,38.87
6fb8e30e-f04c-4acb-9731-8d9a51145f4e,21/02/2016,Feb-16,2,2016,BERG RIVER,Major Dam,130010,24.3,50010,38.47
27786285-6184-4c5a-8973-3d749a47c11c,22/02/2016,Feb-16,2,2016,BERG RIVER,Major Dam,130010,24.18,49590,38.14
ab025be2-5a21-4346-90a7-39b573af35d8,23/02/2016,Feb-16,2,2016,BERG RIVER,Major Dam,130010,23.93,48770,37.51
5d207340-eb05-427f-b996-bb71770eab53,24/02/2016,Feb-16,2,2016,BERG RIVER,Major Dam,130010,23.74,48090,36.99
18685d21-a4fd-429a-bd2e-17c23b6b84bb,25/02/2016,Feb-16,2,2016,BERG RIVER,Major Dam,130010,23.6,47620,36.63
1c7d3fc3-58a9-47b4-9f96-99989ee1d789,26/02/2016,Feb-16,2,2016,BERG RIVER,Major Dam,130010,23.44,47080,36.21
98436d35-2ec2-487e-a166-4b3046f8f508,27/02/2016,Feb-16,2,2016,BERG RIVER,Major Dam,130010,23.29,46580,35.83
b3b9948d-c7d9-4af4-a76f-6bf82abfa98c,28/02/2016,Feb-16,2,2016,BERG RIVER,Major Dam,130010,23.14,46080,35.44
69f23c66-8260-4258-bd85-07fd9d6fb25c,29/02/2016,Feb-16,2,2016,BERG RIVER,Major Dam,130010,23.02,45690,35.14
15a54a7c-42bc-4d64-b43a-5df254560170,01/03/2016,Mar-16,3,2016,BERG RIVER,Major Dam,130010,22.9,45290,34.84
8fe03221-06a7-4f5c-9166-e74dc6639dd9,02/03/2016,Mar-16,3,2016,BERG RIVER,Major Dam,130010,22.75,44800,34.46
0a3f06bb-3e33-49ce-9975-cdd3cf18a862,03/03/2016,Mar-16,3,2016,BERG RIVER,Major Dam,130010,22.62,44380,34.14
573296e0-9256-473a-b487-81e5a218ffde,04/03/2016,Mar-16,3,2016,BERG RIVER,Major Dam,130010,22.47,43900,33.77
5fba3b26-74c8-462b-823c-f6481042fcee,05/03/2016,Mar-16,3,2016,BERG RIVER,Major Dam,130010,22.34,43490,33.45
3ab2c39c-f866-4789-846c-36a2889c36bb,06/03/2016,Mar-16,3,2016,BERG RIVER,Major Dam,130010,22.18,42980,33.06
6418fa98-a4ce-4916-8f5b-693621ffceec,07/03/2016,Mar-16,3,2016,BERG RIVER,Major Dam,130010,22,42410,32.62
51527411-aaf6-428c-9bf1-39c731482d65,08/03/2016,Mar-16,3,2016,BERG RIVER,Major Dam,130010,21.85,41940,32.26
9c68fd02-6d4a-4046-8693-a79889359a76,09/03/2016,Mar-16,3,2016,BERG RIVER,Major Dam,130010,21.65,41280,31.75
2b4f9d7d-54cb-4b10-990f-f25191c19961,10/03/2016,Mar-16,3,2016,BERG RIVER,Major Dam,130010,21.45,40690,31.3
238e4d41-da77-4d54-b8e2-d36c9e021ea1,11/03/2016,Mar-16,3,2016,BERG RIVER,Major Dam,130010,21.26,40110,30.85
1ab0bf75-1236-493f-9ad0-85a4a796899f,12/03/2016,Mar-16,3,2016,BERG RIVER,Major Dam,130010,21.1,39620,30.47
c77e6766-f960-461a-ad13-5f0bced9fa9a,13/03/2016,Mar-16,3,2016,BERG RIVER,Major Dam,130010,20.94,39140,30.11
2b595703-7f27-4b41-b2b9-ab1f823c5849,14/03/2016,Mar-16,3,2016,BERG RIVER,Major Dam,130010,20.74,38580,29.67
342ab8c4-4fa4-4b0c-886a-8635e5b3c49a,15/03/2016,Mar-16,3,2016,BERG RIVER,Major Dam,130010,20.54,37940,29.18
596d841a-2735-46d2-8281-ac4864e189f6,16/03/2016,Mar-16,3,2016,BERG RIVER,Major Dam,130010,20.24,37060,28.51
97680772-b8ad-4817-9091-b2a8b5088ec0,17/03/2016,Mar-16,3,2016,BERG RIVER,Major Dam,130010,20.17,36860,28.35
9f195571-61cb-4c2e-bfd3-08f0307c3396,18/03/2016,Mar-16,3,2016,BERG RIVER,Major Dam,130010,20.02,36430,28.02
621e84a3-83bb-435e-8d29-4059f7ff8d65,19/03/2016,Mar-16,3,2016,BERG RIVER,Major Dam,130010,19.84,35920,27.63
5502fa9e-35c1-4391-b11c-57f502268ec8,20/03/2016,Mar-16,3,2016,BERG RIVER,Major Dam,130010,19.66,35410,27.24
8db466f4-b9dc-4348-a642-d206ad4f8953,21/03/2016,Mar-16,3,2016,BERG RIVER,Major Dam,130010,19.48,34910,26.85
a04cf075-c6fe-4a70-ae60-c439e897e3c4,22/03/2016,Mar-16,3,2016,BERG RIVER,Major Dam,130010,19.32,34470,26.51
96863b7e-5941-4d6a-b5e2-95b7981bce96,23/03/2016,Mar-16,3,2016,BERG RIVER,Major Dam,130010,19.18,34090,26.22
579155dc-f685-4158-b33a-10a9ad1a2b3b,24/03/2016,Mar-16,3,2016,BERG RIVER,Major Dam,130010,19.05,33730,25.94
f75b188c-c5dc-4ae4-a526-bd35fc431226,25/03/2016,Mar-16,3,2016,BERG RIVER,Major Dam,130010,18.92,33380,25.67
b6852c87-ae2a-4930-bacf-e3446c0df146,26/03/2016,Mar-16,3,2016,BERG RIVER,Major Dam,130010,18.78,33030,25.41
d721a9a8-213c-4cd7-b48f-7a711e193b67,27/03/2016,Mar-16,3,2016,BERG RIVER,Major Dam,130010,18.85,33190,25.53
ad2fab2a-c1b6-4635-b872-cb4d3ec3e088,28/03/2016,Mar-16,3,2016,BERG RIVER,Major Dam,130010,18.85,33190,25.53
12e77653-4e23-49c1-abfb-937a29e3217c,29/03/2016,Mar-16,3,2016,BERG RIVER,Major Dam,130010,18.79,33030,25.41
8aa34683-e691-41a5-865e-e7234ba107be,30/03/2016,Mar-16,3,2016,BERG RIVER,Major Dam,130010,18.65,32600,25.07
e5e4a7e6-b878-4d69-b1b3-d27d6f4d7487,31/03/2016,Mar-16,3,2016,BERG RIVER,Major Dam,130010,18.56,32420,24.94
73c20c14-ded6-4fd9-aa01-48cf0b6f23e8,01/04/2016,Apr-16,4,2016,BERG RIVER,Major Dam,130010,18.47,32180,24.75
51b91c6c-8478-4c08-bcd9-0ce1d595a0ab,02/04/2016,Apr-16,4,2016,BERG RIVER,Major Dam,130010,18.43,32080,24.68
da6dfc48-4d0c-4383-9b07-9092aa772483,03/04/2016,Apr-16,4,2016,BERG RIVER,Major Dam,130010,18.39,31970,24.59
4b91d221-bad8-4352-8322-db2393bbe66d,04/04/2016,Apr-16,4,2016,BERG RIVER,Major Dam,130010,18.33,31820,24.48
30110b5f-2512-4e4d-bc0c-d0a41549fe95,05/04/2016,Apr-16,4,2016,BERG RIVER,Major Dam,130010,18.27,31660,24.35
f2441662-2c1d-4242-b043-22f2f7b51e99,06/04/2016,Apr-16,4,2016,BERG RIVER,Major Dam,130010,18.23,31650,24.34
42580827-463e-40fb-b3f4-a48d48500f52,07/04/2016,Apr-16,4,2016,BERG RIVER,Major Dam,130010,18.15,31350,24.11
59a76fb1-136b-4c5a-875b-116e6821ef49,08/04/2016,Apr-16,4,2016,BERG RIVER,Major Dam,130010,18.07,31160,23.97
f50bd6a3-5ba0-41c2-824f-6f5cc6ce6aca,09/04/2016,Apr-16,4,2016,BERG RIVER,Major Dam,130010,18.05,31090,23.91
d38313f3-c527-4d0a-9ef6-8844a2c93d97,10/04/2016,Apr-16,4,2016,BERG RIVER,Major Dam,130010,18.03,31040,23.88
0dc532bd-3cc5-4fd1-b203-6b8966146615,11/04/2016,Apr-16,4,2016,BERG RIVER,Major Dam,130010,17.98,30910,23.78
10107f57-ef36-4d4c-8d59-f9daa327ef29,12/04/2016,Apr-16,4,2016,BERG RIVER,Major Dam,130010,17.91,30740,23.64
072219d0-1bd0-4bf7-9ab0-16cfbf5d69dd,13/04/2016,Apr-16,4,2016,BERG RIVER,Major Dam,130010,17.84,30570,23.51
f676fee1-8edb-4b62-89db-2bc8c6126cbc,14/04/2016,Apr-16,4,2016,BERG RIVER,Major Dam,130010,17.77,30370,23.36
da61254a-c6f6-4b0c-b4dd-6773d87344d8,15/04/2016,Apr-16,4,2016,BERG RIVER,Major Dam,130010,17.66,30130,23.18
1c4f1aa6-7aa1-4e33-a4c6-723507fea146,16/04/2016,Apr-16,4,2016,BERG RIVER,Major Dam,130010,17.57,29910,23.01
e0948c1b-cb79-47a5-a5fb-7827dd21fbad,17/04/2016,Apr-16,4,2016,BERG RIVER,Major Dam,130010,17.48,29670,22.82
6490b6ec-a0c2-4ee8-b1c4-4284deb7e854,18/04/2016,Apr-16,4,2016,BERG RIVER,Major Dam,130010,17.37,29430,22.64
a2e67853-e45b-4fa8-bcd6-63c17fa30aec,19/04/2016,Apr-16,4,2016,BERG RIVER,Major Dam,130010,17.28,29210,22.47
921c8fc5-3b65-4052-ba67-4cb5cd8169e1,20/04/2016,Apr-16,4,2016,BERG RIVER,Major Dam,130010,17.17,28950,22.27
b186e202-8197-4a67-bbd5-ddb229eb29b3,21/04/2016,Apr-16,4,2016,BERG RIVER,Major Dam,130010,17.15,28900,22.23
42addde2-ca87-42b3-b235-394499915b0f,22/04/2016,Apr-16,4,2016,BERG RIVER,Major Dam,130010,17.55,29860,22.97
1c4965af-89f1-4a5e-be09-91928f21ea43,23/04/2016,Apr-16,4,2016,BERG RIVER,Major Dam,130010,18.39,31970,24.59
e318d0e5-9963-4042-a48f-3d33d6decfd2,24/04/2016,Apr-16,4,2016,BERG RIVER,Major Dam,130010,18.56,32420,24.94
1e6144cb-bdb5-4442-bb11-0f0cae71cfab,25/04/2016,Apr-16,4,2016,BERG RIVER,Major Dam,130010,18.63,32610,25.08
600f1acd-0197-4c37-8829-c405764bde9d,26/04/2016,Apr-16,4,2016,BERG RIVER,Major Dam,130010,18.68,32740,25.18
033a0a3c-1d6d-4a00-b706-2376a458bc3c,27/04/2016,Apr-16,4,2016,BERG RIVER,Major Dam,130010,18.7,32790,25.22
8ff094ea-8212-4674-9b81-352b973685a4,28/04/2016,Apr-16,4,2016,BERG RIVER,Major Dam,130010,18.71,32820,25.24
6bf07c15-9ecd-49ae-a8c3-8d3afd3f8aa9,29/04/2016,Apr-16,4,2016,BERG RIVER,Major Dam,130010,19.03,33680,25.91
6e27f6b1-5e24-419b-be21-4dc12d24f26e,30/04/2016,Apr-16,4,2016,BERG RIVER,Major Dam,130010,19.13,34410,26.47
a2033904-20d9-4fdf-9698-58173104f3f1,01/05/2016,May-16,5,2016,BERG RIVER,Major Dam,130010,19.49,34940,26.87
63921b60-6a73-4e72-868d-1fad9707a7bb,02/05/2016,May-16,5,2016,BERG RIVER,Major Dam,130010,19.66,35410,27.24
59993733-b83f-4876-9aa6-580ba6f99e88,03/05/2016,May-16,5,2016,BERG RIVER,Major Dam,130010,19.71,35520,27.32
9a23d4d3-37ff-4560-9387-9f96c7dfba80,04/05/2016,May-16,5,2016,BERG RIVER,Major Dam,130010,19.66,35410,27.24
2f626b8c-34b0-4dee-b931-eaf9b19a2cb1,05/05/2016,May-16,5,2016,BERG RIVER,Major Dam,130010,19.7,35520,27.32
ddf78fce-a8a7-4691-8373-d36725988cfe,06/05/2016,May-16,5,2016,BERG RIVER,Major Dam,130010,19.74,35640,27.41
318f3747-26b6-4a6f-b228-8337e7f41985,07/05/2016,May-16,5,2016,BERG RIVER,Major Dam,130010,19.69,35500,27.31
04545c58-4535-4941-9134-9288bf20c209,08/05/2016,May-16,5,2016,BERG RIVER,Major Dam,130010,19.67,35440,27.26
3b2565ca-9685-4aac-b8a4-9de8b13ceeae,09/05/2016,May-16,5,2016,BERG RIVER,Major Dam,130010,19.63,35330,27.17
4fd9662d-b014-4a75-ae01-2709ea77c561,10/05/2016,May-16,5,2016,BERG RIVER,Major Dam,130010,19.63,35330,27.17
dbeae86c-e007-46b5-b1f9-da09ac665b6c,11/05/2016,May-16,5,2016,BERG RIVER,Major Dam,130010,19.63,35330,27.17
a9fb55ab-9463-4e52-a161-0c53eb0d244c,12/05/2016,May-16,5,2016,BERG RIVER,Major Dam,130010,19.62,35300,27.15
1a92cb5e-cb47-425f-ac8e-17754518217a,13/05/2016,May-16,5,2016,BERG RIVER,Major Dam,130010,19.62,35300,27.15
a27170a2-aea3-4b40-9f23-61715aaf212c,14/05/2016,May-16,5,2016,BERG RIVER,Major Dam,130010,19.63,35330,27.17
81df7d16-ae38-4baa-8649-d5b5df8106f3,15/05/2016,May-16,5,2016,BERG RIVER,Major Dam,130010,19.63,35330,27.17
221e8a4e-ca13-4450-b016-d27c4c89383d,16/05/2016,May-16,5,2016,BERG RIVER,Major Dam,130010,19.63,35330,27.17
b842b608-2b0f-4cc0-aaa0-21c49e7694a1,17/05/2016,May-16,5,2016,BERG RIVER,Major Dam,130010,19.63,35330,27.17
bfd002ba-b8a4-4337-9d28-68ba44bbf7cb,18/05/2016,May-16,5,2016,BERG RIVER,Major Dam,130010,19.62,35300,27.15
b8ec3b1a-bf2d-4fd0-9fc1-6166b27a9f63,19/05/2016,May-16,5,2016,BERG RIVER,Major Dam,130010,19.64,35360,27.2
4af847b3-1adf-4937-8170-b244cae0baf4,20/05/2016,May-16,5,2016,BERG RIVER,Major Dam,130010,19.64,35360,27.2
f04a7b39-656e-4ab5-9b41-04a83ceaca6f,21/05/2016,May-16,5,2016,BERG RIVER,Major Dam,130010,19.66,35410,27.24
fac25b05-74c8-4d53-91ca-74c66e353b34,22/05/2016,May-16,5,2016,BERG RIVER,Major Dam,130010,19.66,35410,27.24
777de43a-8739-4060-89db-e5a05ea3ebf3,23/05/2016,May-16,5,2016,BERG RIVER,Major Dam,130010,19.66,35410,27.24
07f9f75b-714c-4fbe-98f8-6dc72e2e5f3a,24/05/2016,May-16,5,2016,BERG RIVER,Major Dam,130010,19.71,35550,27.34
9d2caee5-eb6e-452f-a261-09fdb2e1bcbb,25/05/2016,May-16,5,2016,BERG RIVER,Major Dam,130010,19.77,35720,27.47
c8164118-6fa2-4054-a4b3-bbff72afc055,26/05/2016,May-16,5,2016,BERG RIVER,Major Dam,130010,19.79,35780,27.52
53a6c754-9b43-41b4-91c8-dcd4da38a169,27/05/2016,May-16,5,2016,BERG RIVER,Major Dam,130010,19.8,35880,27.6
aa5b9d5b-d2af-42ec-a2f2-159d269e0c6f,28/05/2016,May-16,5,2016,BERG RIVER,Major Dam,130010,19.81,35830,27.56
42ac05a3-9fd5-4199-9638-9ce8ca32b42a,29/05/2016,May-16,5,2016,BERG RIVER,Major Dam,130010,19.81,35830,27.56
1b1ff6e0-4e2c-45de-9737-f1f1bccf3c13,30/05/2016,May-16,5,2016,BERG RIVER,Major Dam,130010,19.81,35830,27.56
f0103415-a199-45c9-aad0-fdc5de32a84b,31/05/2016,May-16,5,2016,BERG RIVER,Major Dam,130010,19.81,35830,27.56
bca8fcc6-a9ee-4e36-9aaf-ebd8389b9fc9,01/06/2016,Jun-16,6,2016,BERG RIVER,Major Dam,130010,19.81,35830,27.56
88f4b262-d9dc-4594-9ea6-b4bf6ed0d330,02/06/2016,Jun-16,6,2016,BERG RIVER,Major Dam,130010,19.81,35830,27.56
1e50a55c-0441-4a09-9361-3ff8ba50253e,03/06/2016,Jun-16,6,2016,BERG RIVER,Major Dam,130010,19.81,35830,27.56
3613d336-9e50-4505-9d17-1e76c9c2dbed,04/06/2016,Jun-16,6,2016,BERG RIVER,Major Dam,130010,19.79,35780,27.52
531afdb6-bef1-4da8-b7c3-f5d4c9d995be,05/06/2016,Jun-16,6,2016,BERG RIVER,Major Dam,130010,19.77,35720,27.47
a0dc1593-1b16-448f-9837-fdf3b20d158b,06/06/2016,Jun-16,6,2016,BERG RIVER,Major Dam,130010,19.75,35660,27.43
e467a1ca-608f-4a42-bc76-57e36861c1a9,07/06/2016,Jun-16,6,2016,BERG RIVER,Major Dam,130010,19.75,35660,27.43
8e465f49-fc2d-447b-8975-a477ef87f7c2,08/06/2016,Jun-16,6,2016,BERG RIVER,Major Dam,130010,19.75,35660,27.43
1976dbf9-c6cc-450f-8021-66eec06a9ee1,09/06/2016,Jun-16,6,2016,BERG RIVER,Major Dam,130010,19.75,35660,27.43
6b43b7c9-d2d5-4e50-ae6d-3d5c17b1305d,10/06/2016,Jun-16,6,2016,BERG RIVER,Major Dam,130010,20.07,35340,27.18
dbac9b91-ed02-496c-9c45-53451ab634e1,11/06/2016,Jun-16,6,2016,BERG RIVER,Major Dam,130010,20.15,36800,28.31
1f525318-9e04-45db-92ac-0b1bbf041990,12/06/2016,Jun-16,6,2016,BERG RIVER,Major Dam,130010,20.25,37090,28.53
46892684-7eb2-476a-a4c9-c98cca3aa8f6,13/06/2016,Jun-16,6,2016,BERG RIVER,Major Dam,130010,20.45,37680,28.98
84e08125-c7f0-4389-9349-682ebdad3476,14/06/2016,Jun-16,6,2016,BERG RIVER,Major Dam,130010,20.46,37710,29.01
dcaab0bc-10e5-421c-9524-0a1648e2944a,15/06/2016,Jun-16,6,2016,BERG RIVER,Major Dam,130010,22.07,42630,32.79
1f7c695d-2a66-4a96-8b11-037be5aa9bc1,16/06/2016,Jun-16,6,2016,BERG RIVER,Major Dam,130010,22.12,42790,32.91
9f185291-1eb0-4cdd-8801-a8fae0320034,17/06/2016,Jun-16,6,2016,BERG RIVER,Major Dam,130010,22.18,42980,33.06
03ae4c5d-b0fc-442a-8cec-1052a58c4e7e,18/06/2016,Jun-16,6,2016,BERG RIVER,Major Dam,130010,22.47,43580,33.52
7203bd3c-58f8-4058-a15a-ddf9ae494c79,19/06/2016,Jun-16,6,2016,BERG RIVER,Major Dam,130010,23.57,47620,36.63
4f7fa0f6-32ed-4d7b-ad34-55a2b6140dd5,20/06/2016,Jun-16,6,2016,BERG RIVER,Major Dam,130010,23.77,48190,37.07
43778534-a184-430f-b4d5-8e828ea67fa4,21/06/2016,Jun-16,6,2016,BERG RIVER,Major Dam,130010,24.09,49290,37.91
5a7a04da-ad1e-485b-87a3-caae93a7fa9e,22/06/2016,Jun-16,6,2016,BERG RIVER,Major Dam,130010,24.22,49730,38.25
354f4e05-ed0a-461b-ab6b-9002f247616c,23/06/2016,Jun-16,6,2016,BERG RIVER,Major Dam,130010,24.27,49900,38.38
317ccb5f-aca2-4926-a113-8c8d475e015d,24/06/2016,Jun-16,6,2016,BERG RIVER,Major Dam,130010,24.35,50180,38.6
f7dd11b8-a379-4d8a-8e5c-8634a5c7c101,25/06/2016,Jun-16,6,2016,BERG RIVER,Major Dam,130010,24.38,50280,38.67
058ffa78-e417-4ee1-9a9b-6fedb08b53ed,26/06/2016,Jun-16,6,2016,BERG RIVER,Major Dam,130010,24.4,50350,38.73
ab2fd981-4391-4f3f-9ffe-794de9af8eb8,27/06/2016,Jun-16,6,2016,BERG RIVER,Major Dam,130010,24.65,51220,39.4
fe216eeb-4d11-45ef-bd92-2d076504b0d2,28/06/2016,Jun-16,6,2016,BERG RIVER,Major Dam,130010,25.04,52600,40.46
c4723e77-959b-4410-a9c7-cb64f7f04817,29/06/2016,Jun-16,6,2016,BERG RIVER,Major Dam,130010,25.15,52990,40.76
82d73503-da97-4921-a0aa-9c9eeac981a1,30/06/2016,Jun-16,6,2016,BERG RIVER,Major Dam,130010,25.2,53170,40.9
71f55902-9ff5-4846-9598-76c0e544d05a,01/07/2016,Jul-16,7,2016,BERG RIVER,Major Dam,130010,25.55,54430,41.87
20ddd224-075d-456b-811d-77514c3c5ea7,02/07/2016,Jul-16,7,2016,BERG RIVER,Major Dam,130010,25.88,55640,42.8
41ee35de-5a48-46af-8429-639b22138d07,03/07/2016,Jul-16,7,2016,BERG RIVER,Major Dam,130010,26,56080,43.14
515f5063-e5aa-40d4-9b37-c5352474021d,04/07/2016,Jul-16,7,2016,BERG RIVER,Major Dam,130010,26.11,56490,43.45
1e0ba703-579d-45bd-b7d4-95f03f7ca5ba,05/07/2016,Jul-16,7,2016,BERG RIVER,Major Dam,130010,26.13,56600,43.54
640fd133-5b68-4a0c-826d-af8842ef27eb,06/07/2016,Jul-16,7,2016,BERG RIVER,Major Dam,130010,26.59,58270,44.82
95f8641c-0a44-400d-912a-41c9dea1c0ba,07/07/2016,Jul-16,7,2016,BERG RIVER,Major Dam,130010,26.69,58650,45.11
8d2cfad3-da20-4767-aa71-3faffee60fcf,08/07/2016,Jul-16,7,2016,BERG RIVER,Major Dam,130010,26.88,59370,45.67
78a71a8d-d91b-4e61-92d5-9438a96e235b,09/07/2016,Jul-16,7,2016,BERG RIVER,Major Dam,130010,26.96,59680,45.9
2f5a47f4-449d-497c-a83d-7ae593e69b61,10/07/2016,Jul-16,7,2016,BERG RIVER,Major Dam,130010,27.01,59870,46.05
0f75488f-3e72-454e-bc7e-448bf9355d8a,11/07/2016,Jul-16,7,2016,BERG RIVER,Major Dam,130010,27.05,60020,46.17
429eae74-92d0-4d6d-b546-ac26e52a4f66,12/07/2016,Jul-16,7,2016,BERG RIVER,Major Dam,130010,27.07,60100,46.23
92d290b1-7ba6-405c-a815-02fef2f59cc4,13/07/2016,Jul-16,7,2016,BERG RIVER,Major Dam,130010,27.09,60170,46.28
f27c4a00-cc4a-4903-9871-cde17d923a63,14/07/2016,Jul-16,7,2016,BERG RIVER,Major Dam,130010,27.12,60290,46.37
fbe3473b-82ac-4719-966e-c5db84983907,15/07/2016,Jul-16,7,2016,BERG RIVER,Major Dam,130010,27.16,60440,46.49
71c7232f-19f0-4f0e-b36a-94dee71dd0f4,16/07/2016,Jul-16,7,2016,BERG RIVER,Major Dam,130010,27.19,60580,46.6
eaf6fcab-f77d-4c03-ada8-5625911f3056,17/07/2016,Jul-16,7,2016,BERG RIVER,Major Dam,130010,27.22,60670,46.67
fe7d5226-37bc-41e6-8b29-0043469d549b,18/07/2016,Jul-16,7,2016,BERG RIVER,Major Dam,130010,27.25,60790,46.76
a327d17e-fe39-4e0c-a2b0-c8c0954b8901,19/07/2016,Jul-16,7,2016,BERG RIVER,Major Dam,130010,27.28,60940,46.87
3a5d414c-9c48-4a9c-92da-ea782b995f5f,20/07/2016,Jul-16,7,2016,BERG RIVER,Major Dam,130010,27.32,61060,46.97
4c262d58-c976-4883-8462-be24e5c4b2c2,21/07/2016,Jul-16,7,2016,BERG RIVER,Major Dam,130010,28.93,67440,51.87
1073c86c-a58f-4290-904f-f61e21fc924a,22/07/2016,Jul-16,7,2016,BERG RIVER,Major Dam,130010,29.05,67930,52.25
2d0c181a-95d1-439e-985f-ac75c6fd34c7,23/07/2016,Jul-16,7,2016,BERG RIVER,Major Dam,130010,29.3,68950,53.03
3830ec1f-d454-454c-bcd3-fa330caf2bd9,24/07/2016,Jul-16,7,2016,BERG RIVER,Major Dam,130010,29.45,69450,53.42
01643012-f366-4db9-ad35-21fff2e84d6b,25/07/2016,Jul-16,7,2016,BERG RIVER,Major Dam,130010,29.55,69990,53.83
e617b11c-ea4c-4293-84fd-1a15a1253fc1,26/07/2016,Jul-16,7,2016,BERG RIVER,Major Dam,130010,29.88,71360,54.89
805b2cbb-a76d-4cf6-916f-3b6a645f0c76,27/07/2016,Jul-16,7,2016,BERG RIVER,Major Dam,130010,30.37,73420,56.47
d7366681-363a-4b5f-98b2-cdf55ad4f8cd,28/07/2016,Jul-16,7,2016,BERG RIVER,Major Dam,130010,30.55,74180,57.06
93200fdf-39e1-45ff-b78a-3ec7a2270958,29/07/2016,Jul-16,7,2016,BERG RIVER,Major Dam,130010,31.1,76530,58.86
762d63c8-072d-40dc-9a8b-625e2b637cc2,30/07/2016,Jul-16,7,2016,BERG RIVER,Major Dam,130010,31.3,77400,59.53
416a6bcb-e238-4cef-855b-2deffdb9602b,31/07/2016,Jul-16,7,2016,BERG RIVER,Major Dam,130010,31.42,77920,59.93
fc36ac8a-67ee-483d-8ee3-e4d1d802be27,01/08/2016,Aug-16,8,2016,BERG RIVER,Major Dam,130010,31.52,78320,60.24
416ae15a-af45-4fa6-8e99-4efbff7c4fbd,02/08/2016,Aug-16,8,2016,BERG RIVER,Major Dam,130010,31.6,78710,60.54
c9f7c917-1148-4119-845f-dc1187ed7472,03/08/2016,Aug-16,8,2016,BERG RIVER,Major Dam,130010,31.75,79870,61.43
27cdcaaf-d9b2-4809-9ab3-c93875d24f7d,04/08/2016,Aug-16,8,2016,BERG RIVER,Major Dam,130010,31.85,79810,61.39
b7625a61-8324-46c7-8a98-0fc0170cb043,05/08/2016,Aug-16,8,2016,BERG RIVER,Major Dam,130010,31.94,80210,61.7
2ff22085-d191-4668-afb5-9b2227fdfc92,06/08/2016,Aug-16,8,2016,BERG RIVER,Major Dam,130010,32.02,80570,61.97
6a96198d-8cba-4308-9940-b2809867af26,07/08/2016,Aug-16,8,2016,BERG RIVER,Major Dam,130010,32.04,80660,62.04
f4c477db-81cb-4548-96e2-a43eab5bbedb,08/08/2016,Aug-16,8,2016,BERG RIVER,Major Dam,130010,32.08,80830,62.17
40c4a59d-9e4a-4163-8e13-b431e0f408ac,09/08/2016,Aug-16,8,2016,BERG RIVER,Major Dam,130010,32.11,80970,62.28
a10195bb-35b1-4ca7-b0f6-344356205083,10/08/2016,Aug-16,8,2016,BERG RIVER,Major Dam,130010,32.15,81140,62.41
9efcbb5c-0d9b-4225-9692-700038dcf005,11/08/2016,Aug-16,8,2016,BERG RIVER,Major Dam,130010,32.2,81370,62.59
14d3796d-dd12-4417-ae57-ed2dd5ca2768,12/08/2016,Aug-16,8,2016,BERG RIVER,Major Dam,130010,32.25,81590,62.76
e147cf4b-8b73-4020-9cf4-b0821e10a91d,13/08/2016,Aug-16,8,2016,BERG RIVER,Major Dam,130010,32.39,82210,63.23
9c54f7e6-b972-42f0-8630-4661bd01323e,14/08/2016,Aug-16,8,2016,BERG RIVER,Major Dam,130010,32.45,82480,63.44
f83295ff-25c1-47ed-91f8-d158e2d3e715,15/08/2016,Aug-16,8,2016,BERG RIVER,Major Dam,130010,32.75,83880,64.52
1a1e6ee7-3538-45f3-80a0-69a71bb21df1,16/08/2016,Aug-16,8,2016,BERG RIVER,Major Dam,130010,32.8,84060,64.66
7e745e69-0edd-403d-8837-c082a7d8cde0,17/08/2016,Aug-16,8,2016,BERG RIVER,Major Dam,130010,32.85,84280,64.83
d549baea-0733-4743-86b6-83def4bec629,18/08/2016,Aug-16,8,2016,BERG RIVER,Major Dam,130010,32.92,84600,65.07
4d4d1ec2-a9f1-49e0-9e68-b9dfd5b1bad5,19/08/2016,Aug-16,8,2016,BERG RIVER,Major Dam,130010,33,84970,65.36
80790688-3829-406a-8564-d46674f7e13c,20/08/2016,Aug-16,8,2016,BERG RIVER,Major Dam,130010,33.05,85190,65.53
0b2ad0e0-5120-4877-8cc3-bb352daf4941,21/08/2016,Aug-16,8,2016,BERG RIVER,Major Dam,130010,33.1,85420,65.7
1b4d5c47-2c15-4281-8dd2-cebb7dd465ba,22/08/2016,Aug-16,8,2016,BERG RIVER,Major Dam,130010,33.29,86290,66.37
ad3ae56a-1583-46ca-96ea-d28ab98b9f46,23/08/2016,Aug-16,8,2016,BERG RIVER,Major Dam,130010,33.42,86890,66.83
cd9c4d08-da8c-4523-830e-58b0edb8b443,24/08/2016,Aug-16,8,2016,BERG RIVER,Major Dam,130010,33.55,87500,67.3
06799081-7f13-4a76-bf11-39988a9a5dfe,25/08/2016,Aug-16,8,2016,BERG RIVER,Major Dam,130010,33.58,87640,67.41
c819aa11-c791-47f1-ba9d-4e5b601c093b,26/08/2016,Aug-16,8,2016,BERG RIVER,Major Dam,130010,33.6,87770,67.51
f8f91018-075f-4387-8517-fe0681a68092,27/08/2016,Aug-16,8,2016,BERG RIVER,Major Dam,130010,33.65,87960,67.66
1e6b1a48-11ab-4824-8c62-bbdfdded7fda,28/08/2016,Aug-16,8,2016,BERG RIVER,Major Dam,130010,33.7,88190,67.83
b685f095-42b1-486e-901f-9c513081dca3,29/08/2016,Aug-16,8,2016,BERG RIVER,Major Dam,130010,33.72,88290,67.91
7dded4b9-fb7c-44d2-b5a2-8a58e5b800f6,30/08/2016,Aug-16,8,2016,BERG RIVER,Major Dam,130010,33.75,88430,68.02
ffcda63b-d939-42bf-9603-02e06278fa85,31/08/2016,Aug-16,8,2016,BERG RIVER,Major Dam,130010,33.77,88520,68.09
a659b327-7b73-47a4-bb92-2df427c2b899,01/09/2016,Sep-16,9,2016,BERG RIVER,Major Dam,130010,33.83,88850,68.34
39744734-c728-471e-964b-023ad80fd22b,02/09/2016,Sep-16,9,2016,BERG RIVER,Major Dam,130010,33.89,89080,68.52
1479b1e6-0d28-4c45-b110-e39999e070b4,03/09/2016,Sep-16,9,2016,BERG RIVER,Major Dam,130010,33.93,89270,68.66
dbe2fc95-1663-41f7-8c17-cbbc8bcef185,04/09/2016,Sep-16,9,2016,BERG RIVER,Major Dam,130010,33.95,89360,68.73
37dfef32-1db9-451d-b4d4-2601539597f7,05/09/2016,Sep-16,9,2016,BERG RIVER,Major Dam,130010,33.99,89550,68.88
dd30d43b-0f9c-4b3b-898d-a00a18ef7738,06/09/2016,Sep-16,9,2016,BERG RIVER,Major Dam,130010,34.01,89650,68.96
1e08ed58-5a96-4539-9216-f9b5bf813baa,07/09/2016,Sep-16,9,2016,BERG RIVER,Major Dam,130010,34.18,90160,69.35
55df87aa-6699-4355-ace2-8aacc2848157,08/09/2016,Sep-16,9,2016,BERG RIVER,Major Dam,130010,34.24,90720,69.78
e0b1548d-aadc-4e0b-8523-23dcafc68077,09/09/2016,Sep-16,9,2016,BERG RIVER,Major Dam,130010,34.29,90960,69.96
d05a626d-f259-43e2-bf52-993155445727,10/09/2016,Sep-16,9,2016,BERG RIVER,Major Dam,130010,34.36,91280,70.21
558cd15f-aefb-4ad7-9502-0007b42a6a38,11/09/2016,Sep-16,9,2016,BERG RIVER,Major Dam,130010,34.39,91430,70.33
81ffacd9-2a56-48b6-a42e-b5a6934178b7,12/09/2016,Sep-16,9,2016,BERG RIVER,Major Dam,130010,34.41,91520,70.39
381fbf52-8085-45d8-9aea-9fa350dc2d63,13/09/2016,Sep-16,9,2016,BERG RIVER,Major Dam,130010,34.52,92040,70.79
5a790dc8-efda-4457-8d10-2546de3cbfae,14/09/2016,Sep-16,9,2016,BERG RIVER,Major Dam,130010,34.54,92130,70.86
ea7425bb-0bf6-42e4-9426-bab690679a67,15/09/2016,Sep-16,9,2016,BERG RIVER,Major Dam,130010,34.54,92130,70.86
dc68f13f-594a-4fc2-9045-eb599add9938,16/09/2016,Sep-16,9,2016,BERG RIVER,Major Dam,130010,34.54,92130,70.86
cc2c92a3-c7bc-46fd-b560-5a58de394c0a,17/09/2016,Sep-16,9,2016,BERG RIVER,Major Dam,130010,34.58,92320,71.01
391ab309-23ff-4cee-82d4-8e7042cfeb53,18/09/2016,Sep-16,9,2016,BERG RIVER,Major Dam,130010,34.65,92260,70.96
f8ec966f-7f04-480f-9e1a-3e949191d3f1,19/09/2016,Sep-16,9,2016,BERG RIVER,Major Dam,130010,34.7,92890,71.45
0ef89ed4-ee41-4ad8-8033-01984e06cb2d,20/09/2016,Sep-16,9,2016,BERG RIVER,Major Dam,130010,34.73,93040,71.56
20c261c2-0a76-4fcd-ac57-1acaa1176ad7,21/09/2016,Sep-16,9,2016,BERG RIVER,Major Dam,130010,34.76,93180,71.67
0183eb2e-7092-4031-a35c-3e584fccd971,22/09/2016,Sep-16,9,2016,BERG RIVER,Major Dam,130010,34.8,93870,72.2
41d48138-77fe-47fb-a48b-98c27a139a9c,23/09/2016,Sep-16,9,2016,BERG RIVER,Major Dam,130010,34.84,93560,71.96
982d9702-088f-498d-a390-eeb7a8d274eb,24/09/2016,Sep-16,9,2016,BERG RIVER,Major Dam,130010,34.85,93610,72
c7c38eef-dca8-4b14-be7e-8f14be444523,25/09/2016,Sep-16,9,2016,BERG RIVER,Major Dam,130010,34.86,93660,72.04
e0c65277-2991-4569-8dd4-bcd4462b37fd,26/09/2016,Sep-16,9,2016,BERG RIVER,Major Dam,130010,34.87,93700,72.07
cf7038de-fd79-496a-9961-5812fc1c1ed1,27/09/2016,Sep-16,9,2016,BERG RIVER,Major Dam,130010,34.95,94090,72.37
ce2d60f8-a8a2-4f0f-998e-24b35a9f7cec,28/09/2016,Sep-16,9,2016,BERG RIVER,Major Dam,130010,34.95,94090,72.37
c63522d9-097a-48c3-b8a8-4b682ee02343,29/09/2016,Sep-16,9,2016,BERG RIVER,Major Dam,130010,35.03,94470,72.66
3aae29cc-0af1-41af-bac9-bb82f601d67c,30/09/2016,Sep-16,9,2016,BERG RIVER,Major Dam,130010,35.07,94660,72.81
5c12832f-eed0-41a6-927a-c6f6421a63b9,01/10/2016,Oct-16,10,2016,BERG RIVER,Major Dam,130010,35.09,94760,72.89
db4e21c2-48e6-42b0-bd59-b497a503bbef,02/10/2016,Oct-16,10,2016,BERG RIVER,Major Dam,130010,35.1,94810,72.93
f5a76b11-eba2-4eb7-b3ac-8d933cd746c7,03/10/2016,Oct-16,10,2016,BERG RIVER,Major Dam,130010,35.11,94860,72.96
00ea85b1-b8a1-4a42-9535-8c369b204bcb,04/10/2016,Oct-16,10,2016,BERG RIVER,Major Dam,130010,35.13,94950,73.03
d55934ea-3390-483b-8d44-567f3b9f4746,05/10/2016,Oct-16,10,2016,BERG RIVER,Major Dam,130010,35.12,94900,72.99
0eede7fa-e00f-429c-b0ba-3ef1e3ad7fb5,06/10/2016,Oct-16,10,2016,BERG RIVER,Major Dam,130010,35.11,94860,72.96
9c31d052-0d02-415d-9fe4-5d9758772d8f,07/10/2016,Oct-16,10,2016,BERG RIVER,Major Dam,130010,35.15,95050,73.11
ab9ccb22-6c13-4cba-b9b9-7944031aa17f,08/10/2016,Oct-16,10,2016,BERG RIVER,Major Dam,130010,35.15,95050,73.11
93aca98f-66aa-4da7-86d1-1723bcafb237,09/10/2016,Oct-16,10,2016,BERG RIVER,Major Dam,130010,35.16,95100,73.15
9e45578c-7343-4819-8a8a-d671cd41948b,10/10/2016,Oct-16,10,2016,BERG RIVER,Major Dam,130010,35.16,95100,73.15
82a0e813-ddac-4160-8273-0187e28b2c63,11/10/2016,Oct-16,10,2016,BERG RIVER,Major Dam,130010,35.18,95190,73.22
b4464a87-2700-4a6b-8126-8c1685e21bd0,12/10/2016,Oct-16,10,2016,BERG RIVER,Major Dam,130010,35.24,95480,73.44
d4a4d582-f652-41aa-be0d-ae1b771f2ba0,13/10/2016,Oct-16,10,2016,BERG RIVER,Major Dam,130010,35.24,95480,73.44
06fcaad1-8dfd-40a4-85a1-a2bf351e5ab7,14/10/2016,Oct-16,10,2016,BERG RIVER,Major Dam,130010,35.24,95480,73.44
d4c509ab-afd5-45a4-954e-63d2a0244a76,15/10/2016,Oct-16,10,2016,BERG RIVER,Major Dam,130010,35.22,95390,73.37
aa169502-74a9-4eae-91f2-b9f9c1113c4f,16/10/2016,Oct-16,10,2016,BERG RIVER,Major Dam,130010,35.21,95340,73.33
982781d6-6e2c-456b-adbf-591da0cd8457,17/10/2016,Oct-16,10,2016,BERG RIVER,Major Dam,130010,35.2,95290,73.29
64292988-b826-4f26-868f-5ba461d5688f,18/10/2016,Oct-16,10,2016,BERG RIVER,Major Dam,130010,35.2,95290,73.29
a1d88141-9c23-45b6-a654-d6f4ad1b589a,19/10/2016,Oct-16,10,2016,BERG RIVER,Major Dam,130010,35.2,95290,73.29
77669e0b-4edc-4e66-bf04-cfc7c38c10ed,20/10/2016,Oct-16,10,2016,BERG RIVER,Major Dam,130010,35.29,95720,73.63
e5087b8f-ff3f-48da-9444-dafbb46d140f,21/10/2016,Oct-16,10,2016,BERG RIVER,Major Dam,130010,35.28,95680,73.59
fc654930-7745-4e9c-b3b7-3f2b39a5cc68,22/10/2016,Oct-16,10,2016,BERG RIVER,Major Dam,130010,35.29,95720,73.63
c2d362a3-85b9-460f-b00a-ebfe238fea9e,23/10/2016,Oct-16,10,2016,BERG RIVER,Major Dam,130010,35.29,95720,73.63
6f5272ff-d24c-4041-82cf-8f033a8e5b1d,24/10/2016,Oct-16,10,2016,BERG RIVER,Major Dam,130010,35.3,95770,73.66
71cf2010-ecc8-4415-b126-d6bb734f4975,25/10/2016,Oct-16,10,2016,BERG RIVER,Major Dam,130010,35.31,95820,73.7
70402f0e-cf6e-42ff-b516-0c9dcc77624d,26/10/2016,Oct-16,10,2016,BERG RIVER,Major Dam,130010,35.31,95820,73.7
9aee9c9a-3016-459b-948d-be993b270c66,27/10/2016,Oct-16,10,2016,BERG RIVER,Major Dam,130010,35.25,95530,73.48
49e4619a-20b6-4dda-bb76-005faf51ab52,28/10/2016,Oct-16,10,2016,BERG RIVER,Major Dam,130010,35.18,95190,73.22
bb4e192d-0a19-4237-8d30-a8a4558483dd,29/10/2016,Oct-16,10,2016,BERG RIVER,Major Dam,130010,35.14,95000,73.07
1054e074-31ea-43f4-a15f-a0d1c682e25e,30/10/2016,Oct-16,10,2016,BERG RIVER,Major Dam,130010,35.12,94900,72.99
7559d143-3786-4539-9a11-42e805e519b6,31/10/2016,Oct-16,10,2016,BERG RIVER,Major Dam,130010,35.11,94860,72.96
a15130e7-10b0-40fb-821a-c7b9d90c1357,01/11/2016,Nov-16,11,2016,BERG RIVER,Major Dam,130010,35.07,94660,72.81
a3199604-6113-42bd-96fc-4d64f4052153,02/11/2016,Nov-16,11,2016,BERG RIVER,Major Dam,130010,35.05,94670,72.82
72c230a3-d1a5-4695-a947-144a4b1026ec,03/11/2016,Nov-16,11,2016,BERG RIVER,Major Dam,130010,35.01,94370,72.59
74d52589-00e9-47cb-948d-1215e787040c,04/11/2016,Nov-16,11,2016,BERG RIVER,Major Dam,130010,34.96,94130,72.4
2c8ec259-ce9b-4a73-960e-aabfcd988fb0,05/11/2016,Nov-16,11,2016,BERG RIVER,Major Dam,130010,34.93,93990,72.29
bb237c94-9967-458c-9d15-a73a447dac2c,06/11/2016,Nov-16,11,2016,BERG RIVER,Major Dam,130010,34.89,93800,72.15
1f662534-73b0-4210-82f6-416f25b977a3,07/11/2016,Nov-16,11,2016,BERG RIVER,Major Dam,130010,34.86,93660,72.04
b696613c-1d9d-40df-b52f-1d9fb568fb53,08/11/2016,Nov-16,11,2016,BERG RIVER,Major Dam,130010,34.83,93510,71.93
a6cf8a13-6210-4c5f-8789-58bed374ff8d,09/11/2016,Nov-16,11,2016,BERG RIVER,Major Dam,130010,34.8,93870,72.2
15011bb7-391d-4771-ae92-398715b2aa27,10/11/2016,Nov-16,11,2016,BERG RIVER,Major Dam,130010,34.76,93180,71.67
6dbe4837-8638-413d-a183-042341eb0974,11/11/2016,Nov-16,11,2016,BERG RIVER,Major Dam,130010,34.73,93040,71.56
ba346f03-1751-4d82-a202-7c9518e8cb86,12/11/2016,Nov-16,11,2016,BERG RIVER,Major Dam,130010,34.7,92890,71.45
57cfe69d-0a20-4d6a-897d-552e830633c7,13/11/2016,Nov-16,11,2016,BERG RIVER,Major Dam,130010,34.67,92750,71.34
1335a9a3-dc25-441f-b202-f3eca90fc803,14/11/2016,Nov-16,11,2016,BERG RIVER,Major Dam,130010,34.6,92420,71.09
62497d81-c7d7-48b1-8bb0-925cdcb2cbd7,15/11/2016,Nov-16,11,2016,BERG RIVER,Major Dam,130010,34.51,91990,70.76
b3df61d1-2531-44f8-96fc-a871042f3aed,16/11/2016,Nov-16,11,2016,BERG RIVER,Major Dam,130010,34.42,91570,70.43
5651b5ca-74be-4885-b5fe-4d9960d8be4e,17/11/2016,Nov-16,11,2016,BERG RIVER,Major Dam,130010,34.28,90910,69.93
23f5c6f7-5744-4b1e-9697-eb86e912da03,18/11/2016,Nov-16,11,2016,BERG RIVER,Major Dam,130010,34.24,90720,69.78
6e72b6ec-83ff-4d66-9865-2b3269a19382,19/11/2016,Nov-16,11,2016,BERG RIVER,Major Dam,130010,34.24,90720,69.78
11de8cc3-c66d-4a88-bd9b-1838e8897dcf,20/11/2016,Nov-16,11,2016,BERG RIVER,Major Dam,130010,34.24,90720,69.78
1ef83041-9b79-4a9f-a026-969e7620e409,21/11/2016,Nov-16,11,2016,BERG RIVER,Major Dam,130010,34.03,89740,69.03
2f39ae57-12ba-4763-a900-09cbe71c1625,22/11/2016,Nov-16,11,2016,BERG RIVER,Major Dam,130010,34,89600,68.92
42295647-02b0-4bca-af51-c5100ab04246,23/11/2016,Nov-16,11,2016,BERG RIVER,Major Dam,130010,33.96,89410,68.77
9bdb4152-7e36-4419-b893-7f3b71a24bd3,24/11/2016,Nov-16,11,2016,BERG RIVER,Major Dam,130010,33.87,88990,68.45
ee553d7c-f6ac-418c-b74e-34d1053d9a8d,25/11/2016,Nov-16,11,2016,BERG RIVER,Major Dam,130010,33.82,88750,68.26
5e8d7fec-acef-4033-8430-18c8087b6f36,26/11/2016,Nov-16,11,2016,BERG RIVER,Major Dam,130010,33.76,88470,68.05
8d980ca4-d30b-44b4-9d4f-2cbac6c0c310,27/11/2016,Nov-16,11,2016,BERG RIVER,Major Dam,130010,33.71,88240,67.87
6d8a4bf1-0788-4ba1-aebf-705ff72c694f,28/11/2016,Nov-16,11,2016,BERG RIVER,Major Dam,130010,33.66,87960,67.66
eca760c3-c2b4-40d8-b06f-fba0a482bdba,29/11/2016,Nov-16,11,2016,BERG RIVER,Major Dam,130010,33.61,87780,67.52
e532d0c9-dafd-484f-a325-150754a15a11,30/11/2016,Nov-16,11,2016,BERG RIVER,Major Dam,130010,33.56,87543,67.34
6f30a3c6-e374-4d2f-94c2-bdb472dd6778,01/12/2016,Dec-16,12,2016,BERG RIVER,Major Dam,130010,33.5,87260,67.12
6340ba25-181c-4755-a0e1-ce3176519a4d,02/12/2016,Dec-16,12,2016,BERG RIVER,Major Dam,130010,33.42,86890,66.83
1dd8e652-a8ec-4daf-9406-a1453c0eb03b,03/12/2016,Dec-16,12,2016,BERG RIVER,Major Dam,130010,33.36,86610,66.62
bce72e18-da2f-416b-b659-add09c3f5b96,04/12/2016,Dec-16,12,2016,BERG RIVER,Major Dam,130010,33.28,86240,66.33
ade7b7aa-1dcf-4c8e-ab8c-2f56349c38c1,05/12/2016,Dec-16,12,2016,BERG RIVER,Major Dam,130010,33.2,86430,66.48
8c778fe5-94a9-4d75-992b-ddaca325e02a,06/12/2016,Dec-16,12,2016,BERG RIVER,Major Dam,130010,33.12,85510,65.77
5f2110cd-7011-490e-998f-275832150d1e,07/12/2016,Dec-16,12,2016,BERG RIVER,Major Dam,130010,33.03,85100,65.46
95bde440-cb17-4385-8ad6-b859bde53ca5,08/12/2016,Dec-16,12,2016,BERG RIVER,Major Dam,130010,32.94,84690,65.14
1981aa71-af0f-4aea-bea5-05b4ecc96364,09/12/2016,Dec-16,12,2016,BERG RIVER,Major Dam,130010,32.86,84320,64.86
0a992de8-d2b6-4b59-a445-f40abd818a01,10/12/2016,Dec-16,12,2016,BERG RIVER,Major Dam,130010,32.78,83970,64.59
c7e9671d-d226-44f0-83ce-06b5f90912e9,11/12/2016,Dec-16,12,2016,BERG RIVER,Major Dam,130010,32.7,83600,64.3
4d20deef-94d3-4970-ba06-0b13a3598269,12/12/2016,Dec-16,12,2016,BERG RIVER,Major Dam,130010,32.61,83200,64
eae94ce9-a3c3-47f3-9b5c-2a2b3bb6eab9,13/12/2016,Dec-16,12,2016,BERG RIVER,Major Dam,130010,32.53,82840,63.72
92051408-4208-4f77-995a-92b1b0a26070,14/12/2016,Dec-16,12,2016,BERG RIVER,Major Dam,130010,32.48,82620,63.55
d87fd0b4-8da1-4cc0-9791-5e7a754be806,15/12/2016,Dec-16,12,2016,BERG RIVER,Major Dam,130010,32.37,82120,63.16
d1127df1-6ec3-4b3d-9448-4c000065a847,16/12/2016,Dec-16,12,2016,BERG RIVER,Major Dam,130010,32.29,81760,62.89
2b2f5351-4c39-4cda-ba6a-6eb416b12e28,17/12/2016,Dec-16,12,2016,BERG RIVER,Major Dam,130010,32.2,81360,62.58
7d37a282-b115-4fc2-9bfe-41adeab44e3b,18/12/2016,Dec-16,12,2016,BERG RIVER,Major Dam,130010,32.08,80830,62.17
623e0cc5-99e1-44dd-9a24-a4a7763f3174,19/12/2016,Dec-16,12,2016,BERG RIVER,Major Dam,130010,32.04,80650,62.03
b67f0ecf-adaa-4c76-abac-3a9690e18ea8,20/12/2016,Dec-16,12,2016,BERG RIVER,Major Dam,130010,31.95,80260,61.73
dd76cbbf-95a2-48d5-a3e1-ae45bae3c033,21/12/2016,Dec-16,12,2016,BERG RIVER,Major Dam,130010,31.86,79860,61.43
c7bca903-6e56-4e2c-9f71-4d7a1cd64952,22/12/2016,Dec-16,12,2016,BERG RIVER,Major Dam,130010,31.77,79460,61.12
02aee6dd-eb68-4f36-8708-752f8046127c,23/12/2016,Dec-16,12,2016,BERG RIVER,Major Dam,130010,31.69,78670,60.51
d56a3cd5-2dd6-44d1-a344-a4589727131e,24/12/2016,Dec-16,12,2016,BERG RIVER,Major Dam,130010,31.61,78750,60.57
18284d46-672e-4ffa-8861-9c99a4b95a57,25/12/2016,Dec-16,12,2016,BERG RIVER,Major Dam,130010,31.55,78490,60.37
6c6ae27b-6aeb-478f-b690-7608364dfcb0,26/12/2016,Dec-16,12,2016,BERG RIVER,Major Dam,130010,31.49,78220,60.16
3cea2133-f062-48c8-b275-5bbc4978bd83,27/12/2016,Dec-16,12,2016,BERG RIVER,Major Dam,130010,31.4,77830,59.86
6435b6c2-4224-4023-af12-b403e928659c,28/12/2016,Dec-16,12,2016,BERG RIVER,Major Dam,130010,31.42,77920,59.93
b552dbf7-a7e6-4857-8e20-323886ce61d7,29/12/2016,Dec-16,12,2016,BERG RIVER,Major Dam,130010,31.33,77530,59.63
cd217f6f-0d91-4a4d-99a8-aab567ad7c59,30/12/2016,Dec-16,12,2016,BERG RIVER,Major Dam,130010,31.18,76870,59.13
d4e510ca-3203-4237-b6e5-9ba2302483d6,31/12/2016,Dec-16,12,2016,BERG RIVER,Major Dam,130010,31.06,76360,58.73
db9c2c40-d34e-4810-93a1-81fd06157a56,01/01/2017,Jan-17,1,2017,BERG RIVER,Major Dam,130010,30.95,75880,58.36
b8b4dd15-1616-49f3-b5e5-de49096b3dc7,02/01/2017,Jan-17,1,2017,BERG RIVER,Major Dam,130010,30.84,75410,58
781defeb-5101-43c1-aa5a-dbd3e85704c2,03/01/2017,Jan-17,1,2017,BERG RIVER,Major Dam,130010,30.74,74980,57.67
45bef12b-8da0-4c00-aee9-f83c34a0507d,04/01/2017,Jan-17,1,2017,BERG RIVER,Major Dam,130010,30.66,74640,57.41
cbbdc0ae-78d6-4ccc-a7a2-8b26a4fec637,05/01/2017,Jan-17,1,2017,BERG RIVER,Major Dam,130010,30.57,74260,57.12
79beeaa4-b4b8-4392-b939-0a5c8949dbc1,06/01/2017,Jan-17,1,2017,BERG RIVER,Major Dam,130010,30.48,73880,56.83
b0bf9eb3-f7c8-44d7-9a46-a4f06400e948,07/01/2017,Jan-17,1,2017,BERG RIVER,Major Dam,130010,30.37,73410,56.46
f3d11fd7-cf20-48d8-8159-63254df44b8d,08/01/2017,Jan-17,1,2017,BERG RIVER,Major Dam,130010,30.29,73080,56.21
525277c6-9f53-425e-978d-108ab6b9aa55,09/01/2017,Jan-17,1,2017,BERG RIVER,Major Dam,130010,30.22,72780,55.98
432e76ac-a1db-4f18-a01b-dfe645c280c1,10/01/2017,Jan-17,1,2017,BERG RIVER,Major Dam,130010,30.08,72200,55.53
a6610e98-a2ea-4a4b-a611-63ba2c6ce6af,11/01/2017,Jan-17,1,2017,BERG RIVER,Major Dam,130010,29.96,71700,55.15
32c5f32b-9ad1-437a-a181-a154be84fd41,12/01/2017,Jan-17,1,2017,BERG RIVER,Major Dam,130010,29.84,71190,54.76
5b1fa533-4585-46a0-bb43-004820610c21,13/01/2017,Jan-17,1,2017,BERG RIVER,Major Dam,130010,29.71,70650,54.34
e03f1098-0e87-4d71-a177-c39c6438185a,14/01/2017,Jan-17,1,2017,BERG RIVER,Major Dam,130010,29.65,70400,54.15
a214e5d9-e83a-4f88-8826-54d11397881e,15/01/2017,Jan-17,1,2017,BERG RIVER,Major Dam,130010,29.55,69990,53.83
9138eb0d-c84e-403a-8fb0-7ad9eee7f9aa,16/01/2017,Jan-17,1,2017,BERG RIVER,Major Dam,130010,29.46,69610,53.54
7d83d7ca-bf46-44da-833a-9366a24587d4,17/01/2017,Jan-17,1,2017,BERG RIVER,Major Dam,130010,29.36,69200,53.23
6e642cad-3112-42bc-9bc5-a4441b00a983,18/01/2017,Jan-17,1,2017,BERG RIVER,Major Dam,130010,29.24,68700,52.84
07aa5f91-d036-4c99-a74c-9161d9eacc63,19/01/2017,Jan-17,1,2017,BERG RIVER,Major Dam,130010,29.15,68340,52.57
546e64be-4fd9-4842-a2d4-0e9332fa0b85,20/01/2017,Jan-17,1,2017,BERG RIVER,Major Dam,130010,29.05,67920,52.24
7dae4b7e-d5a7-4558-872e-056f2c5ec386,21/01/2017,Jan-17,1,2017,BERG RIVER,Major Dam,130010,28.93,67440,51.87
61f872d7-9d16-43ad-a9d8-bfa3df042a1d,22/01/2017,Jan-17,1,2017,BERG RIVER,Major Dam,130010,28.79,66870,51.43
f951bca6-18fb-453e-9cfa-92fafa16e3c7,23/01/2017,Jan-17,1,2017,BERG RIVER,Major Dam,130010,28.62,66190,50.91
505abde4-5ef2-4622-8c46-a0e655b4f6d3,24/01/2017,Jan-17,1,2017,BERG RIVER,Major Dam,130010,28.56,65940,50.72
59f28daf-91d5-4802-9a2e-30f193b8ad95,25/01/2017,Jan-17,1,2017,BERG RIVER,Major Dam,130010,28.5,65710,50.54
708dafa0-92a1-444a-82ec-44609137312b,26/01/2017,Jan-17,1,2017,BERG RIVER,Major Dam,130010,28.35,65110,50.08
a8ce490f-e4dc-43c4-ad47-b82589f8c619,27/01/2017,Jan-17,1,2017,BERG RIVER,Major Dam,130010,28.24,64670,49.74
09a6de22-4577-4f09-946d-fd332187e542,28/01/2017,Jan-17,1,2017,BERG RIVER,Major Dam,130010,28.18,64440,49.57
b879fdef-aeeb-4769-a344-0ca9bcb7254f,29/01/2017,Jan-17,1,2017,BERG RIVER,Major Dam,130010,28.07,64000,49.23
4e91daaf-f2b4-4f19-a9d7-66fad98b67ad,30/01/2017,Jan-17,1,2017,BERG RIVER,Major Dam,130010,28,63730,49.02
380331ca-09c7-431b-9dfd-c52723062b30,31/01/2017,Jan-17,1,2017,BERG RIVER,Major Dam,130010,27.94,63490,48.83
99298773-378d-4a7c-a1c9-62a5fbf8e4b8,01/02/2017,Feb-17,2,2017,BERG RIVER,Major Dam,130010,27.86,63170,48.59
e066ccd6-ba25-4a89-8f0c-aa91fc73c65e,02/02/2017,Feb-17,2,2017,BERG RIVER,Major Dam,130010,27.74,62700,48.23
dc489f28-c8ab-4ee4-ac57-daed36fe395a,03/02/2017,Feb-17,2,2017,BERG RIVER,Major Dam,130010,27.65,62350,47.96
c803b44e-71b7-4c02-9627-61b4e583e2aa,04/02/2017,Feb-17,2,2017,BERG RIVER,Major Dam,130010,27.53,61870,47.59
24a599ca-bbb7-41ef-971a-679e47daa0cf,05/02/2017,Feb-17,2,2017,BERG RIVER,Major Dam,130010,27.46,61600,47.38
27cb018a-21a5-4f44-8c7d-2f3b43fa128c,06/02/2017,Feb-17,2,2017,BERG RIVER,Major Dam,130010,27.34,61130,47.02
cd488095-2f53-4db7-8ae0-5d2b0150d37e,07/02/2017,Feb-17,2,2017,BERG RIVER,Major Dam,130010,27.24,60750,46.73
10755ada-7c95-494b-9812-e5aae0c00dd3,08/02/2017,Feb-17,2,2017,BERG RIVER,Major Dam,130010,27.09,60170,46.28
5436d725-8c1b-4e65-81fe-be80eca32634,09/02/2017,Feb-17,2,2017,BERG RIVER,Major Dam,130010,26.93,59560,45.81
bc254e8f-c8d3-48b6-8d31-e911d123e376,10/02/2017,Feb-17,2,2017,BERG RIVER,Major Dam,130010,26.9,59450,45.73
f8358c5e-ef63-46c1-8a84-3b127de3b7e7,11/02/2017,Feb-17,2,2017,BERG RIVER,Major Dam,130010,26.88,59370,45.67
3c5b3213-65c0-415b-ba4f-8029ff77a8c4,12/02/2017,Feb-17,2,2017,BERG RIVER,Major Dam,130010,26.85,59250,45.57
9a926d4c-a2fe-452f-a78d-4c2a73b26722,13/02/2017,Feb-17,2,2017,BERG RIVER,Major Dam,130010,26.82,59140,45.49
9b389af4-2195-4760-8620-7edc3f54d3a3,14/02/2017,Feb-17,2,2017,BERG RIVER,Major Dam,130010,26.69,58640,45.1
55274612-ec59-4370-9d1e-552aca827534,15/02/2017,Feb-17,2,2017,BERG RIVER,Major Dam,130010,26.52,58000,44.61
31a0b08f-c18f-417a-bddf-b91d53a8af2a,16/02/2017,Feb-17,2,2017,BERG RIVER,Major Dam,130010,26.39,57520,44.24
3f88a2ad-146a-4375-8423-a2719e8361e0,17/02/2017,Feb-17,2,2017,BERG RIVER,Major Dam,130010,26.35,57380,44.14
73f412d5-fc82-4d2d-9cc3-ae25f249ce9a,18/02/2017,Feb-17,2,2017,BERG RIVER,Major Dam,130010,26.31,57230,44.02
559fb7d9-d54c-4557-9a6d-8d69be825e7c,19/02/2017,Feb-17,2,2017,BERG RIVER,Major Dam,130010,26.26,57040,43.87
30cf21f9-c86c-47e5-b286-2245a4d5bde1,20/02/2017,Feb-17,2,2017,BERG RIVER,Major Dam,130010,26.13,56560,43.5
b2cb6dba-4502-41de-b756-466a4fdd401e,21/02/2017,Feb-17,2,2017,BERG RIVER,Major Dam,130010,25.94,55850,42.96
772839da-5be3-4925-8d44-d8cb7f7cc988,22/02/2017,Feb-17,2,2017,BERG RIVER,Major Dam,130010,25.8,55340,42.57
6be5df5a-b731-4cc6-8e60-9f6fdb047735,23/02/2017,Feb-17,2,2017,BERG RIVER,Major Dam,130010,25.75,55050,42.34
61f835ff-f2fe-414c-8d12-bb5e4d18f986,24/02/2017,Feb-17,2,2017,BERG RIVER,Major Dam,130010,25.72,55050,42.34
10ed7c3c-fd54-4c40-a99c-15c6545bf76d,25/02/2017,Feb-17,2,2017,BERG RIVER,Major Dam,130010,25.7,54980,42.29
121acdd0-8c36-4bee-9c96-9e0604c08e03,26/02/2017,Feb-17,2,2017,BERG RIVER,Major Dam,130010,25.68,54900,42.23
860b4169-9b39-42d8-b431-fc56796870a8,27/02/2017,Feb-17,2,2017,BERG RIVER,Major Dam,130010,25.65,54760,42.12
aa7e6d4f-7b1f-43a8-9425-562c290a68a1,28/02/2017,Feb-17,2,2017,BERG RIVER,Major Dam,130010,25.49,54210,41.7
ed05886d-a1f3-49cd-9ae7-02825238008b,01/03/2017,Mar-17,3,2017,BERG RIVER,Major Dam,130010,25.34,53670,41.28
449e410d-2483-44a2-8a1e-9a3f1c2adbc5,02/03/2017,Mar-17,3,2017,BERG RIVER,Major Dam,130010,25.2,53170,40.9
a2178b37-8786-40b0-a8ff-5984868b1e85,03/03/2017,Mar-17,3,2017,BERG RIVER,Major Dam,130010,25.17,53060,40.81
898c3164-12e2-42e4-9668-8e56dd658a4e,04/03/2017,Mar-17,3,2017,BERG RIVER,Major Dam,130010,25.14,52950,40.73
6a3d96dc-c5bf-4605-9a04-99938024df10,05/03/2017,Mar-17,3,2017,BERG RIVER,Major Dam,130010,25.12,52880,40.67
8b5e0f37-670e-4ca7-80a5-119e33b3574f,06/03/2017,Mar-17,3,2017,BERG RIVER,Major Dam,130010,25.1,52810,40.62
0963511a-b47b-4648-890e-8815f1302933,07/03/2017,Mar-17,3,2017,BERG RIVER,Major Dam,130010,24.94,52240,40.18
abc2c798-4638-478f-a4d4-de743ec143d7,08/03/2017,Mar-17,3,2017,BERG RIVER,Major Dam,130010,24.77,51640,39.72
6c4e7aef-f00d-46b3-aeab-54b428455eac,09/03/2017,Mar-17,3,2017,BERG RIVER,Major Dam,130010,24.62,51110,39.31
4291f201-5e09-4968-b37b-d63f3af29e50,10/03/2017,Mar-17,3,2017,BERG RIVER,Major Dam,130010,24.58,50970,39.2
67772073-2fa2-4446-ae0d-47304c8b1605,11/03/2017,Mar-17,3,2017,BERG RIVER,Major Dam,130010,24.58,50970,39.2
bef10d95-fd87-4025-afb2-efcf28d628d7,12/03/2017,Mar-17,3,2017,BERG RIVER,Major Dam,130010,24.58,50970,39.2
263d3119-dfc5-4dbe-ab93-9eed006e1c79,13/03/2017,Mar-17,3,2017,BERG RIVER,Major Dam,130010,24.52,50770,39.05
3759bc45-d4b6-4fb0-bf9f-32e0923d2499,14/03/2017,Mar-17,3,2017,BERG RIVER,Major Dam,130010,24.36,50210,38.62
232df57d-930b-4140-aab4-ebf3763ba3a2,15/03/2017,Mar-17,3,2017,BERG RIVER,Major Dam,130010,24.2,49660,38.2
9affa6b4-ec36-4646-8cde-2129e79b2e86,16/03/2017,Mar-17,3,2017,BERG RIVER,Major Dam,130010,24.1,49320,37.94
a46cd665-0e50-48dc-84d2-64f478ee6304,17/03/2017,Mar-17,3,2017,BERG RIVER,Major Dam,130010,24.07,49220,37.86
938243e4-fc77-4eff-883d-24ebdde6d074,18/03/2017,Mar-17,3,2017,BERG RIVER,Major Dam,130010,24.02,49040,37.72
cd351ea1-0bc1-4bad-97f1-468f26f608c5,19/03/2017,Mar-17,3,2017,BERG RIVER,Major Dam,130010,24,48980,37.67
f7eecaf8-3170-48fd-8904-3098dddb4cca,20/03/2017,Mar-17,3,2017,BERG RIVER,Major Dam,130010,23.99,48950,37.65
98261ac9-874c-47ee-ab28-196786955948,21/03/2017,Mar-17,3,2017,BERG RIVER,Major Dam,130010,23.99,48950,37.65
12ce6b7b-52b2-43ba-9195-63d8eee471ca,22/03/2017,Mar-17,3,2017,BERG RIVER,Major Dam,130010,23.67,47860,36.81
55c0cfba-8639-42a3-92be-5474288af894,23/03/2017,Mar-17,3,2017,BERG RIVER,Major Dam,130010,23.59,47580,36.6
58d17fce-4d28-4384-ae26-6e71ec88b278,24/03/2017,Mar-17,3,2017,BERG RIVER,Major Dam,130010,23.57,47520,36.55
1b9aca77-8219-4d31-8dcd-bce3145334a6,25/03/2017,Mar-17,3,2017,BERG RIVER,Major Dam,130010,23.57,47520,36.55
b5082f93-bdff-45de-98c9-d75a83312a21,26/03/2017,Mar-17,3,2017,BERG RIVER,Major Dam,130010,23.57,47520,36.55
ae8dcab2-7820-4c52-b204-64414ed2142d,27/03/2017,Mar-17,3,2017,BERG RIVER,Major Dam,130010,23.53,47380,36.44
2997774c-48fe-40a4-bb79-af2298e64875,28/03/2017,Mar-17,3,2017,BERG RIVER,Major Dam,130010,23.41,46980,36.14
e4afd49f-4229-4c4d-836a-7e5eabd11601,29/03/2017,Mar-17,3,2017,BERG RIVER,Major Dam,130010,23.28,46550,35.8
1ecb4cc5-5612-46dd-84d0-b5cf2450bd2b,30/03/2017,Mar-17,3,2017,BERG RIVER,Major Dam,130010,23.27,46510,35.77
302d56f3-ad98-413b-8c24-6757c64ccf70,31/03/2017,Mar-17,3,2017,BERG RIVER,Major Dam,130010,23.26,46480,35.75
f55f42c1-685e-4cdc-a434-dcd21e85ceb8,01/04/2017,Apr-17,4,2017,BERG RIVER,Major Dam,130010,23.26,46480,35.75
0ac004e2-ecc0-4f5d-bea4-e9fbf92e2812,02/04/2017,Apr-17,4,2017,BERG RIVER,Major Dam,130010,23.26,46480,35.75
6e441ebd-a295-4927-89cd-e5b3b6788b44,03/04/2017,Apr-17,4,2017,BERG RIVER,Major Dam,130010,23.23,46380,35.67
e1990600-d2f9-4a73-918d-f37d32b65d4d,04/04/2017,Apr-17,4,2017,BERG RIVER,Major Dam,130010,23.09,45920,35.32
8caa0500-df4b-4a18-ba60-f076da50a5df,05/04/2017,Apr-17,4,2017,BERG RIVER,Major Dam,130010,22.95,45460,34.97
2cd81367-67d2-4fa4-b30c-151e623ab314,06/04/2017,Apr-17,4,2017,BERG RIVER,Major Dam,130010,22.94,45420,34.94
b371e91d-da1d-493d-9e6b-f9fd27f78b1c,07/04/2017,Apr-17,4,2017,BERG RIVER,Major Dam,130010,22.93,45390,34.91
40a28328-cc32-4d5b-b7b2-dbeb9f6a56a4,08/04/2017,Apr-17,4,2017,BERG RIVER,Major Dam,130010,22.93,45390,34.91
cda1808a-6e97-4095-883b-b50e441fdde1,09/04/2017,Apr-17,4,2017,BERG RIVER,Major Dam,130010,22.93,45390,34.91
81f99066-466b-4b1a-89d5-fd812490e235,10/04/2017,Apr-17,4,2017,BERG RIVER,Major Dam,130010,22.9,45290,34.84
d8f51aad-8e19-4c56-9f65-50378a96896d,11/04/2017,Apr-17,4,2017,BERG RIVER,Major Dam,130010,22.76,44840,34.49
71867651-153c-4304-a870-59754675ce8e,12/04/2017,Apr-17,4,2017,BERG RIVER,Major Dam,130010,22.63,44420,34.17
e3142858-f995-472d-9439-c7b752f8a818,13/04/2017,Apr-17,4,2017,BERG RIVER,Major Dam,130010,22.61,44350,34.11
2249323a-8da0-47f9-b72c-6ea6e5073468,14/04/2017,Apr-17,4,2017,BERG RIVER,Major Dam,130010,22.61,44350,34.11
0c7dbd43-0540-4141-9c28-c3f7c8b28b50,15/04/2017,Apr-17,4,2017,BERG RIVER,Major Dam,130010,22.61,44350,34.11
2883190a-55a0-4ccd-ba47-61c7c510ed6d,16/04/2017,Apr-17,4,2017,BERG RIVER,Major Dam,130010,22.6,44320,34.09
822dd5c0-1690-4f97-9b94-f32b24db0fc5,17/04/2017,Apr-17,4,2017,BERG RIVER,Major Dam,130010,22.59,44290,34.07
674b52ff-91b5-4ded-8e67-8146b0235b7e,18/04/2017,Apr-17,4,2017,BERG RIVER,Major Dam,130010,22.48,43930,33.79
ce9b6673-3aa0-44c0-b52d-7a65d5ea155d,19/04/2017,Apr-17,4,2017,BERG RIVER,Major Dam,130010,22.38,43610,33.54
67bcbb68-5db3-4d6a-abee-0db73bd8ed28,20/04/2017,Apr-17,4,2017,BERG RIVER,Major Dam,130010,22.38,43610,33.54
e379c3c5-f988-4534-bbda-2799f86dc579,21/04/2017,Apr-17,4,2017,BERG RIVER,Major Dam,130010,22.37,43580,33.52
1825e1fb-d4d9-43e5-a16c-bbc0ea9d6ac4,22/04/2017,Apr-17,4,2017,BERG RIVER,Major Dam,130010,22.35,43520,33.47
4f64a8a8-eba3-4571-acff-7ac9bfe85a26,23/04/2017,Apr-17,4,2017,BERG RIVER,Major Dam,130010,22.34,43490,33.45
6c0ed104-003f-45f0-ad0d-5a87d1ec7ad4,24/04/2017,Apr-17,4,2017,BERG RIVER,Major Dam,130010,22.34,43490,33.45
6c182814-7f9a-42ee-a5ef-6033e224a989,25/04/2017,Apr-17,4,2017,BERG RIVER,Major Dam,130010,22.32,43420,33.4
e2cffba8-493b-4741-ad77-58435c687cac,26/04/2017,Apr-17,4,2017,BERG RIVER,Major Dam,130010,22.29,43330,33.33
cd8bba26-ef04-4bd5-b5f7-8dde1e4932da,27/04/2017,Apr-17,4,2017,BERG RIVER,Major Dam,130010,22.29,43330,33.33
9e96b33c-da91-4246-8a50-d09cbc2b9ca7,28/04/2017,Apr-17,4,2017,BERG RIVER,Major Dam,130010,22.29,43330,33.33
f9f6674b-c77e-49b8-8a67-a4135678df73,29/04/2017,Apr-17,4,2017,BERG RIVER,Major Dam,130010,22.29,43330,33.33
8987d8a1-559e-4293-8c9c-18d83a54be5e,30/04/2017,Apr-17,4,2017,BERG RIVER,Major Dam,130010,22.29,43330,33.33
d5432bdb-bdb0-4147-bf8a-d5407c65d198,01/05/2017,May-17,5,2017,BERG RIVER,Major Dam,130010,22.29,43330,33.33
f9528a21-106e-44db-af0a-3762b2208c83,02/05/2017,May-17,5,2017,BERG RIVER,Major Dam,130010,22.29,43330,33.33
128a4a0f-0435-482e-9766-862341b8836a,03/05/2017,May-17,5,2017,BERG RIVER,Major Dam,130010,22.27,43260,33.27
e78d2134-d699-4dd2-a234-413f136fbfcc,04/05/2017,May-17,5,2017,BERG RIVER,Major Dam,130010,22.24,43160,33.2
8df99cfa-5c2c-4861-ab5d-6c4db2eedbdf,05/05/2017,May-17,5,2017,BERG RIVER,Major Dam,130010,22.21,43070,33.13
96b4dd28-697e-4527-9e49-f4047636de9a,06/05/2017,May-17,5,2017,BERG RIVER,Major Dam,130010,22.18,42980,33.06
cdc1a383-767a-4ba3-99d0-49b5e2538ee3,07/05/2017,May-17,5,2017,BERG RIVER,Major Dam,130010,22.18,42980,33.06
3d104db5-f723-449f-97f9-6761f3099266,08/08/2017,Aug-17,8,2017,BERG RIVER,Major Dam,130010,22.17,42950,33.04
21bd30f2-9f36-436b-bf24-37dfae4da291,09/05/2017,May-17,5,2017,BERG RIVER,Major Dam,130010,22.13,42820,32.94
b9c266e6-f16a-48f7-b887-7dd398cfc924,10/05/2017,May-17,5,2017,BERG RIVER,Major Dam,130010,22.11,42760,32.89
ad07f858-6a67-4e9a-bfd3-80606815391d,11/05/2017,May-17,5,2017,BERG RIVER,Major Dam,130010,22.05,42570,32.74
a0925a08-5c1d-4d75-b6c3-8a3bdabfa70e,12/05/2017,May-17,5,2017,BERG RIVER,Major Dam,130010,21.99,42380,32.6
f6900104-2851-40b0-948f-f0ef75f2db92,13/05/2017,May-17,5,2017,BERG RIVER,Major Dam,130010,21.94,42220,32.47
c3f8b8bc-d1f7-4eaf-a2f2-850055413f58,14/05/2017,May-17,5,2017,BERG RIVER,Major Dam,130010,21.93,42190,32.45
64afbe0b-a308-4c35-8e9e-c7f71946c7d4,15/05/2017,May-17,5,2017,BERG RIVER,Major Dam,130010,21.92,42160,32.43
24f1a9f7-7519-4eba-bcd4-e552d1fc5638,16/05/2017,May-17,5,2017,BERG RIVER,Major Dam,130010,21.86,41970,32.28
13bd046e-ee23-414f-a039-a3ba4caad1b8,17/05/2017,May-17,5,2017,BERG RIVER,Major Dam,130010,21.8,41780,32.14
3d01b9f9-1fe7-4fd0-89fe-3131c92b04c2,18/05/2017,May-17,5,2017,BERG RIVER,Major Dam,130010,21.75,41620,32.01
22c5fa4c-211e-4108-b9b8-36415c96331a,19/05/2017,May-17,5,2017,BERG RIVER,Major Dam,130010,21.68,41400,31.84
20a0f451-c88f-4d53-b5af-76132fe9c3bd,20/05/2017,May-17,5,2017,BERG RIVER,Major Dam,130010,21.63,41250,31.73
98663d70-f04e-42f1-9056-44f9808c687d,21/05/2017,May-17,5,2017,BERG RIVER,Major Dam,130010,21.61,41190,31.68
9c6cba27-8f5f-4484-aaa2-1b371c53e1c3,22/05/2017,May-17,5,2017,BERG RIVER,Major Dam,130010,21.6,41160,31.66
5b5b7d20-998b-4b21-8064-aacba28b113b,23/05/2017,May-17,5,2017,BERG RIVER,Major Dam,130010,21.56,41030,31.56
06ff4906-72c4-4601-b228-b3ba69425e68,24/05/2017,May-17,5,2017,BERG RIVER,Major Dam,130010,21.48,40780,31.37
5517490f-928d-4691-8112-4b509704baff,25/05/2017,May-17,5,2017,BERG RIVER,Major Dam,130010,21.43,40630,31.25
01b0ef76-3657-4a7d-8a26-9419ef896ad4,26/05/2017,May-17,5,2017,BERG RIVER,Major Dam,130010,21.37,40440,31.11
cca69782-8795-4343-a172-2fe87967d065,27/05/2017,May-17,5,2017,BERG RIVER,Major Dam,130010,21.34,40350,31.04
265d2102-27ef-4074-9356-b3ad000fd211,28/05/2017,May-17,5,2017,BERG RIVER,Major Dam,130010,21.33,40320,31.01
e00fd37b-e59f-424e-ae29-810a2cc1a4c7,29/05/2017,May-17,5,2017,BERG RIVER,Major Dam,130010,21.31,40260,30.97
6c9e9fa3-b118-4264-ac55-11b74d8c710d,30/05/2017,May-17,5,2017,BERG RIVER,Major Dam,130010,21.25,40080,30.83
71edb6ba-ac8a-4bdb-aebd-a1bd77ca4703,31/05/2017,May-17,5,2017,BERG RIVER,Major Dam,130010,21.19,39890,30.68
db440f85-28ca-46f7-8eaa-f350a7ec6b1e,01/06/2017,Jun-17,6,2017,BERG RIVER,Major Dam,130010,21.12,39680,30.52
3df027a3-143b-453b-aa4f-67680948ea26,02/06/2017,Jun-17,6,2017,BERG RIVER,Major Dam,130010,21.06,39500,30.38
23828579-6c41-436c-a10c-4be1887d16de,03/06/2017,Jun-17,6,2017,BERG RIVER,Major Dam,130010,21,39320,30.24
72165d1c-575d-44e6-a054-4931b451c64c,04/06/2017,Jun-17,6,2017,BERG RIVER,Major Dam,130010,21.05,39470,30.36
1cf873d9-74a4-40c9-9293-0ab4462be7ca,05/06/2017,Jun-17,6,2017,BERG RIVER,Major Dam,130010,21.05,39470,30.36
1eca1f1f-7b1f-4b80-a74a-af5ba0df3367,06/06/2017,Jun-17,6,2017,BERG RIVER,Major Dam,130010,21.01,39350,30.27
cd3a7a11-10d0-44fe-8b47-2424d298e27e,07/06/2017,Jun-17,6,2017,BERG RIVER,Major Dam,130010,20.04,39440,30.34
b234bf3b-2f26-4624-b249-b535ae6eba36,08/06/2017,Jun-17,6,2017,BERG RIVER,Major Dam,130010,21.27,40140,30.87
954322cd-f174-4238-8a5c-5a4d0de57998,09/06/2017,Jun-17,6,2017,BERG RIVER,Major Dam,130010,21.33,40320,31.01
0b604a14-2837-4515-92db-8b4f981d25ec,10/06/2017,Jun-17,6,2017,BERG RIVER,Major Dam,130010,21.34,40350,31.04
ea7a499a-b4c4-4fdb-8362-09135c490ed6,11/06/2017,Jun-17,6,2017,BERG RIVER,Major Dam,130010,21.72,41530,31.94
9b77ab4c-42c7-4ab1-a7d5-1292a69802e2,12/06/2017,Jun-17,6,2017,BERG RIVER,Major Dam,130010,21.82,41840,32.18
189d9a07-6753-487f-8aae-97d7bff53c25,13/06/2017,Jun-17,6,2017,BERG RIVER,Major Dam,130010,22.12,42790,32.91
ad8f9d5c-e838-417e-affc-a36836fe01cd,14/06/2017,Jun-17,6,2017,BERG RIVER,Major Dam,130010,22.47,43900,33.77
368daea6-4503-4620-96c9-9d1efd8c9bb0,15/06/2017,Jun-17,6,2017,BERG RIVER,Major Dam,130010,22.52,44060,33.89
104d417e-1892-41d4-b81b-d4d48ea08fdf,16/06/2017,Jun-17,6,2017,BERG RIVER,Major Dam,130010,22.54,44130,33.94
7093a702-06b0-4e76-89e7-0a1ef42af809,17/06/2017,Jun-17,6,2017,BERG RIVER,Major Dam,130010,22.59,44290,34.07
0f645b72-a464-4f90-b013-24046b3af5a6,18/06/2017,Jun-17,6,2017,BERG RIVER,Major Dam,130010,22.62,44380,34.14
bbf4dc71-a855-4fa4-a33a-aa58f384a579,19/06/2017,Jun-17,6,2017,BERG RIVER,Major Dam,130010,22.64,44450,34.19
95869795-daa7-40f2-afeb-993840b6c6ee,20/06/2017,Jun-17,6,2017,BERG RIVER,Major Dam,130010,22.75,44800,34.46
0cc5c8ef-4cae-4127-b431-5e1fe9980f64,21/06/2017,Jun-17,6,2017,BERG RIVER,Major Dam,130010,22.8,44970,34.59
d7535fb6-6ff8-4684-8993-67802d7f4f46,22/06/2017,Jun-17,6,2017,BERG RIVER,Major Dam,130010,22.98,45560,35.04
dc3a106e-d546-4a43-8b8a-b53ae50df703,23/06/2017,Jun-17,6,2017,BERG RIVER,Major Dam,130010,23.44,47080,36.21
e9e9bdbb-1d72-4144-9799-95e169f059e8,24/06/2017,Jun-17,6,2017,BERG RIVER,Major Dam,130010,23.51,47320,36.4
faf0f91a-6ab3-425f-ad59-1640aff8fe6e,25/06/2017,Jun-17,6,2017,BERG RIVER,Major Dam,130010,23.55,47450,36.5
0f3015a4-5577-4647-84b4-1daed5230e2a,26/06/2017,Jun-17,6,2017,BERG RIVER,Major Dam,130010,23.57,47520,36.55
be664d93-7d96-4956-bc4c-5490972a2b53,27/06/2017,Jun-17,6,2017,BERG RIVER,Major Dam,130010,23.55,47450,36.5
ff52f96f-b928-46ce-9a82-13ac19b669c8,28/06/2017,Jun-17,6,2017,BERG RIVER,Major Dam,130010,23.58,47550,36.57
e8217ebb-c8be-4095-bce8-4c9c594909f5,29/06/2017,Jun-17,6,2017,BERG RIVER,Major Dam,130010,23.66,47820,36.78
82d01250-7ac5-4904-bca8-d6e0ef8e2bd7,30/06/2017,Jun-17,6,2017,BERG RIVER,Major Dam,130010,23.65,47790,36.76
2bbde300-1fbf-48af-8cc6-67a53d79df89,01/07/2017,Jul-17,7,2017,BERG RIVER,Major Dam,130010,23.67,47860,36.81
4c863204-1366-47cc-900b-0a77d3255339,02/07/2017,Jul-17,7,2017,BERG RIVER,Major Dam,130010,23.69,47920,36.86
a164b0c3-026b-457f-a0f5-ab2c8afde936,03/07/2017,Jul-17,7,2017,BERG RIVER,Major Dam,130010,22.7,47960,36.89
22e9070a-6b64-4b1b-bf14-497708bdd42c,04/07/2017,Jul-17,7,2017,BERG RIVER,Major Dam,130010,22.67,47860,36.81
a34f922b-27bd-4544-a3bb-576823a2d7e8,05/07/2017,Jul-17,7,2017,BERG RIVER,Major Dam,130010,23.7,47960,36.89
df1464c2-2085-4a49-a562-d5e490c88660,06/07/2017,Jul-17,7,2017,BERG RIVER,Major Dam,130010,23.72,48020,36.94
a9e5a250-ae15-413e-bc3d-03c12358915a,07/07/2017,Jul-17,7,2017,BERG RIVER,Major Dam,130010,23.73,48060,36.97
4ba4934f-b7ac-4d12-9351-732e539001a0,08/07/2017,Jul-17,7,2017,BERG RIVER,Major Dam,130010,23.75,48130,37.02
04e31a30-b8fa-424a-bd36-7b6aed69cf3c,09/07/2017,Jul-17,7,2017,BERG RIVER,Major Dam,130010,23.78,48230,37.1
f0a64903-0e8d-438d-9b64-9504b70f1889,10/07/2017,Jul-17,7,2017,BERG RIVER,Major Dam,130010,23.83,48400,37.23
14dd43f3-7914-4107-9c86-e889372f359b,11/07/2017,Jul-17,7,2017,BERG RIVER,Major Dam,130010,23.88,48570,37.36
2c055c0a-82ec-45cb-b673-01e7fb5d96e7,12/07/2017,Jul-17,7,2017,BERG RIVER,Major Dam,130010,23.9,48640,37.41
5b8afcf2-fb34-4ecd-b10b-029a357b165c,13/07/2017,Jul-17,7,2017,BERG RIVER,Major Dam,130010,23.93,48740,37.49
83617e5b-bc07-4b95-b897-aaf036054ba8,14/07/2017,Jul-17,7,2017,BERG RIVER,Major Dam,130010,23.94,48770,37.51
c401cf1d-9167-42bb-84a5-cd458b30a6a2,15/07/2017,Jul-17,7,2017,BERG RIVER,Major Dam,130010,23.96,48840,37.57
78e81f91-00dc-43ca-9fcd-180f98e23f68,16/07/2017,Jul-17,7,2017,BERG RIVER,Major Dam,130010,24.27,49900,38.38
8ec24f2f-0fec-4382-a212-885f8ea0beac,17/07/2017,Jul-17,7,2017,BERG RIVER,Major Dam,130010,24.41,50390,38.76
5183366f-e697-42c8-9d33-ecaa05d86ae3,18/07/2017,Jul-17,7,2017,BERG RIVER,Major Dam,130010,24.49,50660,38.97
aa5a1922-f350-47f6-9e61-b3729f71c2c5,19/07/2017,Jul-17,7,2017,BERG RIVER,Major Dam,130010,24.54,50840,39.1
3aad59fa-dc5a-4bee-bbfb-c8abc9c607ee,20/07/2017,Jul-17,7,2017,BERG RIVER,Major Dam,130010,24.6,51050,39.27
ee834a1a-7937-42fa-8ae9-c1d80fe5f75d,21/07/2017,Jul-17,7,2017,BERG RIVER,Major Dam,130010,24.66,51260,39.43
eb7d402a-5f3f-4510-a7d6-c01b73e5ffce,22/07/2017,Jul-17,7,2017,BERG RIVER,Major Dam,130010,24.72,51470,39.59
444dc0bd-ddea-4678-8c4c-d918584181a9,23/07/2017,Jul-17,7,2017,BERG RIVER,Major Dam,130010,24.73,51500,39.61
520a64bf-85cd-4b52-be68-76018d6213a1,24/07/2017,Jul-17,7,2017,BERG RIVER,Major Dam,130010,24.74,51540,39.64
a690d296-8f1b-40aa-a065-40057a44fb65,25/07/2017,Jul-17,7,2017,BERG RIVER,Major Dam,130010,24.8,51750,39.8
666d71df-c5f9-43df-9ae6-f1536a431a6a,26/07/2017,Jul-17,7,2017,BERG RIVER,Major Dam,130010,24.98,52380,40.29
55d97d25-32f0-4561-b305-016cd2dd986c,27/07/2017,Jul-17,7,2017,BERG RIVER,Major Dam,130010,25.09,52780,40.6
bcea8598-8fc5-4e36-917b-5b012678a455,28/07/2017,Jul-17,7,2017,BERG RIVER,Major Dam,130010,25.16,53030,40.79
2aee45b6-4673-4b11-8bc6-15021ec94854,29/07/2017,Jul-17,7,2017,BERG RIVER,Major Dam,130010,25.23,53280,40.98
7ba6cebd-76b4-4b3c-ba7b-f2d58a1c16bf,30/07/2017,Jul-17,7,2017,BERG RIVER,Major Dam,130010,25.24,53310,41
48351604-6490-417b-9237-592289158ec5,31/07/2017,Jul-17,7,2017,BERG RIVER,Major Dam,130010,25.24,53310,41
f232db69-f959-4673-af99-cdb4c201239b,01/08/2017,Aug-17,8,2017,BERG RIVER,Major Dam,130010,25.32,53600,41.23
a88e9d9d-df11-45e6-a175-7c0af9164ca0,02/08/2017,Aug-17,8,2017,BERG RIVER,Major Dam,130010,25.86,55560,42.74
a9331291-05fe-4f0d-bd2d-b16d101925bf,03/08/2017,Aug-17,8,2017,BERG RIVER,Major Dam,130010,26.21,56850,43.73
f102d32f-d885-43d4-b26e-269b7c237ce7,04/08/2017,Aug-17,8,2017,BERG RIVER,Major Dam,130010,26.38,57490,44.22
1ba3c5c6-28eb-4756-85cf-b8ffa62eccf1,05/08/2017,Aug-17,8,2017,BERG RIVER,Major Dam,130010,26.48,57860,44.5
ec530526-4fd6-4d23-8088-4b295535645d,06/08/2017,Aug-17,8,2017,BERG RIVER,Major Dam,130010,26.53,58050,44.65
a5fa7c7a-2538-4622-bd93-a5ce0025a652,07/08/2017,Aug-17,8,2017,BERG RIVER,Major Dam,130010,26.58,58240,44.8
b3bb0b67-dcb9-4fc5-9c81-9c23216e1c21,08/08/2017,Aug-17,8,2017,BERG RIVER,Major Dam,130010,26.64,58460,44.97
b83dfbe4-c53d-4b6b-873b-698b3423ad3e,09/08/2017,Aug-17,8,2017,BERG RIVER,Major Dam,130010,26.7,58690,45.14
3c82d913-4596-480c-8f73-9b281a7607a8,10/08/2017,Aug-17,8,2017,BERG RIVER,Major Dam,130010,26.73,58800,45.23
202ca340-aa3a-41bb-bb4c-89b035dbb491,11/08/2017,Aug-17,8,2017,BERG RIVER,Major Dam,130010,27.02,59910,46.08
0ca24816-8710-46da-bd50-00329eae7404,12/08/2017,Aug-17,8,2017,BERG RIVER,Major Dam,130010,27.69,62500,48.07
4fcb9d5e-50ac-45fb-b586-717b42c178dd,13/08/2017,Aug-17,8,2017,BERG RIVER,Major Dam,130010,27.86,63170,48.59
fc344334-65fe-4941-9bcf-0082c2a1e021,14/08/2017,Aug-17,8,2017,BERG RIVER,Major Dam,130010,27.96,63570,48.9
2ccee658-189f-4073-884f-a8be1cb70b00,15/08/2017,Aug-17,8,2017,BERG RIVER,Major Dam,130010,28.09,64080,49.29
e22487f7-7724-4378-837d-38769863c226,16/08/2017,Aug-17,8,2017,BERG RIVER,Major Dam,130010,28.3,64910,49.93
71901bc1-3b9b-4c34-be49-733e3d525258,17/08/2017,Aug-17,8,2017,BERG RIVER,Major Dam,130010,28.55,65910,50.7
af848ba3-c2b5-4b48-81e7-4143de5241b1,18/08/2017,Aug-17,8,2017,BERG RIVER,Major Dam,130010,28.7,66510,51.16
470b9c39-0005-432e-b524-f13a4f9b5c79,19/08/2017,Aug-17,8,2017,BERG RIVER,Major Dam,130010,28.83,67040,51.57
377aac21-a4b0-4338-8522-bec9a1fda9c9,20/08/2017,Aug-17,8,2017,BERG RIVER,Major Dam,130010,28.91,67360,51.81
81593bd3-ec67-478a-adc2-5c3cb6eeb62a,21/08/2017,Aug-17,8,2017,BERG RIVER,Major Dam,130010,28.95,67520,51.93
381adac8-40f3-40b9-81e6-ba5905b87061,22/08/2017,Aug-17,8,2017,BERG RIVER,Major Dam,130010,29.09,68090,52.37
3a98b6b8-cd0c-4263-b561-2950e90d240d,23/08/2017,Aug-17,8,2017,BERG RIVER,Major Dam,130010,29.28,68870,52.97
63a9db2e-ce65-4b16-98be-52130a722c10,24/08/2017,Aug-17,8,2017,BERG RIVER,Major Dam,130010,29.5,69780,53.67
0fdd52d6-e1de-4183-98f2-0ecef5c5bfa7,25/08/2017,Aug-17,8,2017,BERG RIVER,Major Dam,130010,29.88,71360,54.89
6292f5ac-c540-4e85-8c7f-44895e1c367b,26/08/2017,Aug-17,8,2017,BERG RIVER,Major Dam,130010,29.78,70950,54.57
46169088-ea0f-4b5e-9ce1-cbee900bb16d,27/08/2017,Aug-17,8,2017,BERG RIVER,Major Dam,130010,29.86,71280,54.83
3747be2c-e593-4be5-a797-aa460ffcd305,28/08/2017,Aug-17,8,2017,BERG RIVER,Major Dam,130010,29.92,71530,55.02
2638120b-9648-481d-b540-c77ff65debc0,29/08/2017,Aug-17,8,2017,BERG RIVER,Major Dam,130010,30.01,71910,55.31
c5670180-aa24-4403-84e6-ef7467c9a4bc,30/08/2017,Aug-17,8,2017,BERG RIVER,Major Dam,130010,30.12,72370,55.66
69b534a4-e431-45ae-9115-99c62a4b6be5,31/08/2017,Aug-17,8,2017,BERG RIVER,Major Dam,130010,30.25,72910,56.08
49483cc7-45ff-4517-a27b-8fd69c03c194,01/09/2017,Sep-17,9,2017,BERG RIVER,Major Dam,130010,30.35,73330,56.4
4671e8cb-2e3c-464f-840a-4903e3282bce,02/09/2017,Sep-17,9,2017,BERG RIVER,Major Dam,130010,30.43,73670,56.66
095558bb-d5d1-473e-861c-a2fe678082fd,03/09/2017,Sep-17,9,2017,BERG RIVER,Major Dam,130010,30.48,73880,56.83
f1321997-48e7-4a76-b9cc-8807726b73ee,04/09/2017,Sep-17,9,2017,BERG RIVER,Major Dam,130010,30.54,74140,57.03
4a47f306-e716-4e01-a9a4-30d7c589ae77,05/09/2017,Sep-17,9,2017,BERG RIVER,Major Dam,130010,30.62,74480,57.29
843117cb-770c-4440-ba6f-b248768d6e88,06/09/2017,Sep-17,9,2017,BERG RIVER,Major Dam,130010,30.72,74900,57.61
c7695650-07a0-4d63-b094-d3c002cdbebc,07/09/2017,Sep-17,9,2017,BERG RIVER,Major Dam,130010,30.81,75290,57.91
2b7107a0-f07f-4443-a851-66581a910fce,08/09/2017,Sep-17,9,2017,BERG RIVER,Major Dam,130010,31.3,77400,59.53
0192f662-3f11-4216-89ec-214afbe84633,09/09/2017,Sep-17,9,2017,BERG RIVER,Major Dam,130010,31.59,78670,60.51
005bbf99-f890-4d19-b6c6-c2e4cad05622,10/09/2017,Sep-17,9,2017,BERG RIVER,Major Dam,130010,31.71,79200,60.92
8b3098a0-5785-4390-9720-261011ca051a,11/09/2017,Sep-17,9,2017,BERG RIVER,Major Dam,130010,31.77,79460,61.12
3486ff8f-74d1-4267-8a78-bd80255dfd43,12/09/2017,Sep-17,9,2017,BERG RIVER,Major Dam,130010,31.85,79810,61.39
30184336-56fe-41d1-a989-4507de27818f,13/09/2017,Sep-17,9,2017,BERG RIVER,Major Dam,130010,31.92,80120,61.63
b016e86e-2e95-4920-9f82-228890d99c66,14/09/2017,Sep-17,9,2017,BERG RIVER,Major Dam,130010,31.98,80390,61.83
b0a5c3a1-cb8a-47b8-a566-328aeeaa7df1,15/09/2017,Sep-17,9,2017,BERG RIVER,Major Dam,130010,32.04,80660,62.04
1cc601c6-1dfa-4e0a-bba1-f11ff46cf006,16/09/2017,Sep-17,9,2017,BERG RIVER,Major Dam,130010,32.09,80880,62.21
48a8d99b-d21b-4158-a0c5-325ad69c4015,17/09/2017,Sep-17,9,2017,BERG RIVER,Major Dam,130010,32.16,81190,62.45
da8932ee-a9af-49ac-a86d-610dc28aa5c1,18/09/2017,Sep-17,9,2017,BERG RIVER,Major Dam,130010,32.21,81410,62.62
ac0033d3-d54f-4038-8971-0f8ed2c0ce3d,19/09/2017,Sep-17,9,2017,BERG RIVER,Major Dam,130010,32.29,81770,62.9
caca25a0-caeb-4100-8b56-9573d1c910f8,20/09/2017,Sep-17,9,2017,BERG RIVER,Major Dam,130010,32.35,82030,63.1
d92af09b-8405-4b38-ac50-b59e0899402d,21/09/2017,Sep-17,9,2017,BERG RIVER,Major Dam,130010,32.37,82120,63.16
973d3fa7-8550-4381-b58d-1efd27d0438f,22/09/2017,Sep-17,9,2017,BERG RIVER,Major Dam,130010,32.46,82530,63.48
33d030ae-166a-4600-9305-0c6d5cb02a4e,23/09/2017,Sep-17,9,2017,BERG RIVER,Major Dam,130010,32.48,82620,63.55
919641aa-477f-4b48-b45a-4cbbfab9c9d9,24/09/2017,Sep-17,9,2017,BERG RIVER,Major Dam,130010,32.51,82750,63.65
6ac2d205-c9e2-4de9-b5b8-145b50fe7150,25/09/2017,Sep-17,9,2017,BERG RIVER,Major Dam,130010,32.55,82930,63.79
ef42eaf2-3f38-4ab0-bbf8-5c74b05942e2,26/09/2017,Sep-17,9,2017,BERG RIVER,Major Dam,130010,32.63,83290,64.06
f1db1ae6-9db4-490f-a8ad-9a7e1e5d1b04,27/09/2017,Sep-17,9,2017,BERG RIVER,Major Dam,130010,32.72,83700,64.38
a71c2d66-20fe-4a28-8e59-6dcdfdd794bb,28/09/2017,Sep-17,9,2017,BERG RIVER,Major Dam,130010,32.78,83970,64.59
b18ccb0e-fad5-4627-863e-3155ed3f04f7,29/09/2017,Sep-17,9,2017,BERG RIVER,Major Dam,130010,32.82,84150,64.73
40a83c3e-89ae-419c-8132-1f40c4dd1472,30/09/2017,Sep-17,9,2017,BERG RIVER,Major Dam,130010,32.88,84420,64.93
22170051-e5d7-471d-83ab-09c90d12add5,01/10/2017,Oct-17,10,2017,BERG RIVER,Major Dam,130010,32.9,84510,65
955f96a5-910d-45ea-a813-ce319858b0b7,02/10/2017,Oct-17,10,2017,BERG RIVER,Major Dam,130010,32.9,84510,65
1a00c1fb-6afe-4a7e-93df-57dd8190517e,03/10/2017,Oct-17,10,2017,BERG RIVER,Major Dam,130010,32.97,84830,65.25
5f9e2fda-31b2-4721-a68b-42ca90ee4121,04/10/2017,Oct-17,10,2017,BERG RIVER,Major Dam,130010,33.06,85240,65.56
3cfc792c-4ec1-47e9-83d0-1fcb836e1589,05/10/2017,Oct-17,10,2017,BERG RIVER,Major Dam,130010,33.18,85790,65.99
20a597aa-2f6d-470e-97f2-9b4031021433,06/10/2017,Oct-17,10,2017,BERG RIVER,Major Dam,130010,33.23,86020,66.16
e6ad9e75-c95a-4215-b586-6ecd8a087e9c,07/10/2017,Oct-17,10,2017,BERG RIVER,Major Dam,130010,33.28,86250,66.34
ee3e4cea-653a-45c9-a637-92e652c6379d,08/10/2017,Oct-17,10,2017,BERG RIVER,Major Dam,130010,33.31,86390,66.45
8c865a8f-9bc9-4f7c-860c-4fb0b77eb5c4,09/10/2017,Oct-17,10,2017,BERG RIVER,Major Dam,130010,33.35,86570,66.59
2911ff26-a04c-4879-9384-414643315260,10/10/2017,Oct-17,10,2017,BERG RIVER,Major Dam,130010,33.39,86760,66.73
fa14702c-4baa-4c95-8c25-ea26c8cdb7be,11/10/2017,Oct-17,10,2017,BERG RIVER,Major Dam,130010,33.4,86800,66.76
3e83c6b6-3ccd-4daf-8775-8d904c7aac9d,12/10/2017,Oct-17,10,2017,BERG RIVER,Major Dam,130010,33.38,86710,66.69
3b5c8ad6-78bb-4d7b-82ed-93c07ec4027a,13/10/2017,Oct-17,10,2017,BERG RIVER,Major Dam,130010,33.36,86620,66.63
d8f1a9bb-e2ad-4c74-bf09-3b23eef4331d,14/10/2017,Oct-17,10,2017,BERG RIVER,Major Dam,130010,33.34,86530,66.56
e6a64364-356c-48e5-a043-fb94350233b6,15/10/2017,Oct-17,10,2017,BERG RIVER,Major Dam,130010,33.33,86480,66.52
5cbe70bf-0491-4156-824d-e9714a327e37,16/10/2017,Oct-17,10,2017,BERG RIVER,Major Dam,130010,33.36,86620,66.63
78c7a0ed-4cf5-41ee-bbfe-ef1a1fafd602,17/10/2017,Oct-17,10,2017,BERG RIVER,Major Dam,130010,33.45,87030,66.94
0c4abe4b-d070-4284-8b11-660616ef83d2,18/10/2017,Oct-17,10,2017,BERG RIVER,Major Dam,130010,33.45,87030,66.94
f52ca379-3feb-425a-9869-55490c2335c1,19/10/2017,Oct-17,10,2017,BERG RIVER,Major Dam,130010,33.61,87780,67.52
dd3509eb-ec01-43ae-a28b-1b94a9ac8a6e,20/10/2017,Oct-17,10,2017,BERG RIVER,Major Dam,130010,33.68,88100,67.76
69c6668b-9795-467f-9a2a-4fda8961dbf3,21/10/2017,Oct-17,10,2017,BERG RIVER,Major Dam,130010,33.73,88330,67.94
cffad550-d016-4ddd-ae2f-0e1874539f33,22/10/2017,Oct-17,10,2017,BERG RIVER,Major Dam,130010,33.76,88470,68.05
02d9c9bf-5987-4650-88db-9eb9f99b8129,23/10/2017,Oct-17,10,2017,BERG RIVER,Major Dam,130010,33.78,88570,68.13
850de6d9-4252-4563-9c91-43924461c6a9,24/10/2017,Oct-17,10,2017,BERG RIVER,Major Dam,130010,33.79,88610,68.16
3689345b-3623-4554-951e-355874c3a316,25/10/2017,Oct-17,10,2017,BERG RIVER,Major Dam,130010,33.81,88710,68.23
297fb94a-1780-480e-ae10-cdb67f486078,26/10/2017,Oct-17,10,2017,BERG RIVER,Major Dam,130010,33.86,88940,68.41
a1150d1a-d4fd-4b06-a1ee-596f7b9ea6b2,27/10/2017,Oct-17,10,2017,BERG RIVER,Major Dam,130010,33.91,89180,68.59
3e887c7a-1f44-4ced-a761-0367d8e23112,28/10/2017,Oct-17,10,2017,BERG RIVER,Major Dam,130010,33.92,89220,68.63
7f7b96ba-df29-4c08-9d9a-b4b635f6f110,29/10/2017,Oct-17,10,2017,BERG RIVER,Major Dam,130010,33.93,89270,68.66
7791232d-c62d-4424-a964-1adb7233b7ed,30/10/2017,Oct-17,10,2017,BERG RIVER,Major Dam,130010,33.94,89320,68.7
4194f61a-fdc9-4bce-9a22-23cd7cd348d2,31/10/2017,Oct-17,10,2017,BERG RIVER,Major Dam,130010,33.94,89320,68.7
b4c16c7e-d7b8-470d-bbe1-b885276870ce,01/11/2017,Nov-17,11,2017,BERG RIVER,Major Dam,130010,33.92,89220,68.63
01d32ad2-a0c6-4495-a8b4-d718c21a0bb4,02/11/2017,Nov-17,11,2017,BERG RIVER,Major Dam,130010,33.85,88900,68.38
099c2ef7-7ba9-43d9-ba6b-f5e1fe93e920,03/11/2017,Nov-17,11,2017,BERG RIVER,Major Dam,130010,33.8,88660,68.19
f606a2d3-b9ea-4a47-8d28-30440c187932,04/11/2017,Nov-17,11,2017,BERG RIVER,Major Dam,130010,33.78,88570,68.13
96ae4c79-fbdf-4b66-8f7e-f38cf4fb0528,05/11/2017,Nov-17,11,2017,BERG RIVER,Major Dam,130010,33.8,88660,68.19
14e2ee55-6cca-43f8-aa42-50eee54f2119,06/11/2017,Nov-17,11,2017,BERG RIVER,Major Dam,130010,33.81,88710,68.23
7f07adb8-d67b-4234-b2fe-5dc63e502025,07/11/2017,Nov-17,11,2017,BERG RIVER,Major Dam,130010,33.81,88710,68.23
78731900-7e28-44b2-853c-0595165ef0c8,08/11/2017,Nov-17,11,2017,BERG RIVER,Major Dam,130010,33.79,88610,68.16
bb5891ae-2cc6-4b12-b089-e9c31aa001fe,09/11/2017,Nov-17,11,2017,BERG RIVER,Major Dam,130010,33.73,88330,67.94
160e4926-6106-438b-b77f-48e94df0dab3,10/11/2017,Nov-17,11,2017,BERG RIVER,Major Dam,130010,33.69,88150,67.8
1db5a68a-4d1e-43a7-9d56-14e1ffd365df,11/11/2017,Nov-17,11,2017,BERG RIVER,Major Dam,130010,33.64,87920,67.63
8c4ee237-ff7f-4162-892a-4046a95d7cb4,12/11/2017,Nov-17,11,2017,BERG RIVER,Major Dam,130010,33.59,87680,67.44
89afc1fe-d10c-41e6-8a2a-a0d2541f5169,13/11/2017,Nov-17,11,2017,BERG RIVER,Major Dam,130010,33.54,87450,67.26
02e7903f-90d4-4ea7-8b99-583a81ff6f6d,14/11/2017,Nov-17,11,2017,BERG RIVER,Major Dam,130010,33.49,87220,67.09
30670c1c-14ce-4eb8-80a3-2fa802dedf51,15/11/2017,Nov-17,11,2017,BERG RIVER,Major Dam,130010,33.44,86990,66.91
fc88ccf7-15e8-49c9-9aff-103b282fbb9c,16/11/2017,Nov-17,11,2017,BERG RIVER,Major Dam,130010,33.4,86800,66.76
b51c15ef-95a7-4708-967b-7dee0a8db0d2,17/11/2017,Nov-17,11,2017,BERG RIVER,Major Dam,130010,33.36,86620,66.63
bcd6b141-cad5-4392-924d-03f2144db0b8,18/11/2017,Nov-17,11,2017,BERG RIVER,Major Dam,130010,33.25,86110,66.23
12f3128c-10f9-444d-be3f-68f36267b742,19/11/2017,Nov-17,11,2017,BERG RIVER,Major Dam,130010,33.22,85930,66.09
52dd0fcf-e40d-47de-a7d7-d9a7598aef00,20/11/2017,Nov-17,11,2017,BERG RIVER,Major Dam,130010,33.15,85650,65.88
739d8af0-deee-4158-9d79-539121193dac,21/11/2017,Nov-17,11,2017,BERG RIVER,Major Dam,130010,33.14,85610,65.85
54ac3e56-adfc-4338-997e-ee6daae8dddd,22/11/2017,Nov-17,11,2017,BERG RIVER,Major Dam,130010,33.25,86110,66.23
df2e058b-c999-4055-afe9-53a297fe8c33,23/11/2017,Nov-17,11,2017,BERG RIVER,Major Dam,130010,33.25,86110,66.23
bb551daa-7939-46b2-adfa-5fe4e925ab44,24/11/2017,Nov-17,11,2017,BERG RIVER,Major Dam,130010,33.28,86250,66.34
68c358e7-7ba6-42ba-9592-489cd7da5e0c,25/11/2017,Nov-17,11,2017,BERG RIVER,Major Dam,130010,33.25,86110,66.23
d232cac1-9c9d-4f7d-a15a-3f8a31f18c10,26/11/2017,Nov-17,11,2017,BERG RIVER,Major Dam,130010,33.21,85930,66.09
0c9ece8f-8a61-4800-9698-a4523e33afaf,27/11/2017,Nov-17,11,2017,BERG RIVER,Major Dam,130010,33.19,85840,66.03
001ee727-4a5a-4601-91c1-7e457278f648,28/11/2017,Nov-17,11,2017,BERG RIVER,Major Dam,130010,33.14,85610,65.85
7a482da9-bc5d-4a9a-9137-9cfae73ce19c,29/11/2017,Nov-17,11,2017,BERG RIVER,Major Dam,130010,33.08,85330,65.63
8118507c-e540-487b-8af9-dbc8d42087e0,30/11/2017,Nov-17,11,2017,BERG RIVER,Major Dam,130010,33.03,85150,65.49
7a7268b6-b3e1-4b92-88af-0c3d68fee1f0,01/12/2017,Dec-17,12,2017,BERG RIVER,Major Dam,130010,32.98,84880,65.29
e88bb1b7-96a4-4803-a10a-fac4979df60d,02/12/2017,Dec-17,12,2017,BERG RIVER,Major Dam,130010,32.92,84600,65.07
ee261e6c-af34-4863-91fa-e56772161320,03/12/2017,Dec-17,12,2017,BERG RIVER,Major Dam,130010,32.87,84370,64.9
cbc29c8d-cf9e-46b4-b833-8fa9a544507f,04/12/2017,Dec-17,12,2017,BERG RIVER,Major Dam,130010,32.85,84280,64.83
4b814ef3-2983-4979-a548-04592a63112f,05/12/2017,Dec-17,12,2017,BERG RIVER,Major Dam,130010,32.8,84060,64.66
326c5da1-66e9-4176-8d31-323b7c2d5343,06/12/2017,Dec-17,12,2017,BERG RIVER,Major Dam,130010,32.75,83830,64.48
b17c7086-8b6c-4df0-afb3-9f5a15b360bf,07/12/2017,Dec-17,12,2017,BERG RIVER,Major Dam,130010,32.69,83560,64.27
ebefdd10-e842-4e44-a4ff-b583a3d7682b,08/12/2017,Dec-17,12,2017,BERG RIVER,Major Dam,130010,32.63,83290,64.06
838dd245-a108-493a-a0aa-2fbd21f1f866,09/12/2017,Dec-17,12,2017,BERG RIVER,Major Dam,130010,32.58,83060,63.89
5d69669b-4eb1-4cbe-8e4b-5e0cbb014333,10/12/2017,Dec-17,12,2017,BERG RIVER,Major Dam,130010,32.53,82840,63.72
c0eb5ab4-774c-4025-b57d-a98a9c909b69,11/12/2017,Dec-17,12,2017,BERG RIVER,Major Dam,130010,32.48,82570,63.51
367e4845-7116-45fc-b811-17f65970253d,12/12/2017,Dec-17,12,2017,BERG RIVER,Major Dam,130010,32.42,82350,63.34
58fdfe86-78b7-4c1f-b041-9aa9b78f2bd8,13/12/2017,Dec-17,12,2017,BERG RIVER,Major Dam,130010,32.37,82120,63.16
999dea01-ca4f-477e-9173-1afbdd516392,14/12/2017,Dec-17,12,2017,BERG RIVER,Major Dam,130010,32.32,81900,63
1790ad26-17be-411d-9f9f-f6a219b4ee65,15/12/2017,Dec-17,12,2017,BERG RIVER,Major Dam,130010,32.26,81630,62.79
cfdb1777-2818-4259-a5b2-4fc7b7ee1f6a,16/12/2017,Dec-17,12,2017,BERG RIVER,Major Dam,130010,32.18,81280,62.52
a446969b-94c0-4f36-b02c-ece093109374,17/12/2017,Dec-17,12,2017,BERG RIVER,Major Dam,130010,32.11,80970,62.28
acd6074e-afa1-47f3-afb9-5ee6be265749,18/12/2017,Dec-17,12,2017,BERG RIVER,Major Dam,130010,32.06,80750,62.11
42018f0c-ee9c-44de-870b-74797def8520,19/12/2017,Dec-17,12,2017,BERG RIVER,Major Dam,130010,31.99,80440,61.87
c41e3f6f-7690-4db1-8fbe-2fa10a352a14,20/12/2017,Dec-17,12,2017,BERG RIVER,Major Dam,130010,31.93,80170,61.66
f5ce88a0-f5f7-4a88-91e1-37c1bb477cd8,21/12/2017,Dec-17,12,2017,BERG RIVER,Major Dam,130010,31.86,79860,61.43
92372906-8b34-4ddd-bd7a-11a0cdef454b,22/12/2017,Dec-17,12,2017,BERG RIVER,Major Dam,130010,31.77,79460,61.12
8c9ce9d4-683b-4be2-8f59-1dbd0ddc2840,23/12/2017,Dec-17,12,2017,BERG RIVER,Major Dam,130010,31.72,79240,60.95
a953e83a-8ae8-422d-867a-4af316a1b861,24/12/2017,Dec-17,12,2017,BERG RIVER,Major Dam,130010,31.66,78970,60.74
b51fd4f4-c9dd-47f8-bd43-a4fe3786db4b,25/12/2017,Dec-17,12,2017,BERG RIVER,Major Dam,130010,31.6,78710,60.54
0cef6767-4cf7-4ba1-8d23-c70717a7ea97,26/12/2017,Dec-17,12,2017,BERG RIVER,Major Dam,130010,31.53,78400,60.3
46e10f21-5448-4d65-8db2-dce61f58c42b,27/12/2017,Dec-17,12,2017,BERG RIVER,Major Dam,130010,31.46,78100,60.07
2e5ca45a-03bb-4279-8a22-558b78fd7301,28/12/2017,Dec-17,12,2017,BERG RIVER,Major Dam,130010,31.39,77790,59.83
07a39e1d-c148-4d4e-8b57-4b5f2de29b2d,29/12/2017,Dec-17,12,2017,BERG RIVER,Major Dam,130010,31.34,77570,59.66
a6dffd55-cac1-418a-b82e-a5dbf45b873f,30/12/2017,Dec-17,12,2017,BERG RIVER,Major Dam,130010,31.29,77360,59.5
4660837b-c1f5-412f-bb6b-ccc7d48c7428,31/12/2017,Dec-17,12,2017,BERG RIVER,Major Dam,130010,31.24,77140,59.33
1477c341-22fe-40aa-951b-41061b6d1254,01/01/2012,Jan-12,1,2012,DE VILLIERS,Minor Dam,242,26.28,196.5,81.2
3d60196b-3e78-4b91-918f-857eaf761bad,02/01/2012,Jan-12,1,2012,DE VILLIERS,Minor Dam,242,26.28,196.5,81.2
cd40dd52-2d35-41d9-8ae7-eb04222507e0,03/01/2012,Jan-12,1,2012,DE VILLIERS,Minor Dam,242,26.31,197.3,81.53
f954b0dc-5fb8-48a8-87d0-5e8621014be6,04/01/2012,Jan-12,1,2012,DE VILLIERS,Minor Dam,242,26.33,197.8,81.74
ec98c972-d3f0-4e57-a424-de5055c44bad,05/01/2012,Jan-12,1,2012,DE VILLIERS,Minor Dam,242,26.34,198,81.82
b86a21a3-f18c-4af1-9cb6-7af19c313f08,06/01/2012,Jan-12,1,2012,DE VILLIERS,Minor Dam,242,26.36,198.5,82.02
3d04756c-b42e-4478-a157-60e76c9b2a43,07/01/2012,Jan-12,1,2012,DE VILLIERS,Minor Dam,242,26.36,198.5,82.02
f30946fc-dd21-4691-97ba-f15ba541fb03,08/01/2012,Jan-12,1,2012,DE VILLIERS,Minor Dam,242,26.35,198.3,81.94
38272389-5200-4dfd-8acf-f1f25dbffa44,09/01/2012,Jan-12,1,2012,DE VILLIERS,Minor Dam,242,26.33,197.8,81.74
f49363d7-a6c3-49b0-bd80-8e2dbd238145,10/01/2012,Jan-12,1,2012,DE VILLIERS,Minor Dam,242,26.35,198.3,81.94
ec75e45b-44bf-471a-a84b-1eb9b720a173,11/01/2012,Jan-12,1,2012,DE VILLIERS,Minor Dam,242,26.36,198.5,82.02
c84b6a8a-3112-4374-9122-53fc4f48e568,12/01/2012,Jan-12,1,2012,DE VILLIERS,Minor Dam,242,26.36,198.5,82.02
166d5c76-1b33-4728-81ec-3c025ec0d630,13/01/2012,Jan-12,1,2012,DE VILLIERS,Minor Dam,242,26.35,198.3,81.94
1c866a40-44e7-4601-be6f-0b8b2f02187e,14/01/2012,Jan-12,1,2012,DE VILLIERS,Minor Dam,242,26.34,198,81.82
b4c16b56-b7da-4f7e-857e-51783e91afba,15/01/2012,Jan-12,1,2012,DE VILLIERS,Minor Dam,242,26.37,198.8,82.15
2a14afb4-1c95-4370-be7b-0f8ba8952670,16/01/2012,Jan-12,1,2012,DE VILLIERS,Minor Dam,242,26.36,198.5,82.02
7d9e0b27-be21-4513-97f1-4a834cff4d86,17/01/2012,Jan-12,1,2012,DE VILLIERS,Minor Dam,242,26.37,198.8,82.15
bb2eee0f-c421-4651-b01f-113a6611e941,18/01/2012,Jan-12,1,2012,DE VILLIERS,Minor Dam,242,26.25,195.7,80.87
509b7ced-1d62-4d94-9435-14098165694d,19/01/2012,Jan-12,1,2012,DE VILLIERS,Minor Dam,242,26.13,192.8,79.67
8883beac-05c8-4ff4-af9c-8fd4e43ba41d,20/01/2012,Jan-12,1,2012,DE VILLIERS,Minor Dam,242,26,189.6,78.35
3bf76a5e-d6f2-4ed7-8bbb-efc37223f319,21/01/2012,Jan-12,1,2012,DE VILLIERS,Minor Dam,242,25.88,186.8,77.19
5dd89f4e-6b8e-420d-9b3a-e6775552e12f,22/01/2012,Jan-12,1,2012,DE VILLIERS,Minor Dam,242,25.76,183.8,75.95
03690ab6-d0f7-4869-81e3-da3332ebadcd,23/01/2012,Jan-12,1,2012,DE VILLIERS,Minor Dam,242,25.63,180.7,74.67
bbf970d5-762a-4f90-b2da-08bf68b271c5,24/01/2012,Jan-12,1,2012,DE VILLIERS,Minor Dam,242,25.52,178.1,73.6
3dd7249d-ffb2-4cb0-a975-faf4d2be4acf,25/01/2012,Jan-12,1,2012,DE VILLIERS,Minor Dam,242,25.48,177.1,73.18
39f4299d-aa84-46bc-87b0-72e879464bfd,26/01/2012,Jan-12,1,2012,DE VILLIERS,Minor Dam,242,25.42,175.7,72.6
d1cbf6a3-2faf-42ce-9656-03141f0c664b,27/01/2012,Jan-12,1,2012,DE VILLIERS,Minor Dam,242,24.82,161.9,66.9
63d33bbe-d9f1-40cc-87dd-28167c63d483,28/01/2012,Jan-12,1,2012,DE VILLIERS,Minor Dam,242,25.5,177.6,73.39
5931f957-8c7f-4317-b919-6c01ef111bd8,29/01/2012,Jan-12,1,2012,DE VILLIERS,Minor Dam,242,24.32,151.1,62.44
327d1fe7-dcb7-44df-a3f5-954234daedd2,30/01/2012,Jan-12,1,2012,DE VILLIERS,Minor Dam,242,24.2,148.6,61.4
fe005c05-8213-434d-8602-899115959751,31/01/2012,Jan-12,1,2012,DE VILLIERS,Minor Dam,242,24.04,145.4,60.08
e2e5affc-9b8e-4a72-8cab-2a9353513e9c,01/02/2012,Feb-12,2,2012,DE VILLIERS,Minor Dam,242,23.86,141.8,58.6
16e96081-017f-4f49-9cd3-d4d1131b6ad7,02/02/2012,Feb-12,2,2012,DE VILLIERS,Minor Dam,242,23.64,137.5,56.82
9cfefefa-057d-43df-b2d4-94fded1a37bb,03/02/2012,Feb-12,2,2012,DE VILLIERS,Minor Dam,242,23.45,133.9,55.33
a623bc51-505d-4b8f-a923-5340eda6e4b4,04/02/2012,Feb-12,2,2012,DE VILLIERS,Minor Dam,242,23.3,131.1,54.17
b5de5b38-64c8-4079-90bc-fa38d3ace479,05/02/2012,Feb-12,2,2012,DE VILLIERS,Minor Dam,242,23.3,131.1,54.17
8996ed00-03bc-45d4-829d-f2a15781afe1,06/02/2012,Feb-12,2,2012,DE VILLIERS,Minor Dam,242,23.31,131.3,54.26
765325b0-c419-4128-8421-0c40d31b802b,07/02/2012,Feb-12,2,2012,DE VILLIERS,Minor Dam,242,23.31,131.3,54.26
b9724942-eca7-4df2-a7bd-f0b3c376c315,08/02/2012,Feb-12,2,2012,DE VILLIERS,Minor Dam,242,23.24,130,53.72
a39626cd-52c9-4932-aaea-a6b1e2212828,09/02/2012,Feb-12,2,2012,DE VILLIERS,Minor Dam,242,23.14,128.2,52.98
0e199b0b-9b21-4575-a221-a56173e9a624,10/02/2012,Feb-12,2,2012,DE VILLIERS,Minor Dam,242,23.03,126.2,52.15
e53d730b-4b59-4882-b2e4-2e62ec02dfd2,11/02/2012,Feb-12,2,2012,DE VILLIERS,Minor Dam,242,22.92,124.2,51.32
1891f5d9-5bb0-4fcd-ba28-7d5a916e30eb,12/02/2012,Feb-12,2,2012,DE VILLIERS,Minor Dam,242,22.79,121.9,50.37
ed1af2e4-0033-470f-bc72-48f7def96aa7,13/02/2012,Feb-12,2,2012,DE VILLIERS,Minor Dam,242,22.66,119.6,49.42
ba6e5e7b-8813-4b8a-af86-aa65ae287e19,14/02/2012,Feb-12,2,2012,DE VILLIERS,Minor Dam,242,22.56,117.8,48.68
cfc90a19-70f1-44c3-908f-e3270d97f4e2,15/02/2012,Feb-12,2,2012,DE VILLIERS,Minor Dam,242,22.46,116.1,47.98
9919a4c2-b38a-49d2-8506-24397b0d62ab,16/02/2012,Feb-12,2,2012,DE VILLIERS,Minor Dam,242,22.3,113.3,46.82
356feb67-b69c-4790-9421-3d74c512149d,17/02/2012,Feb-12,2,2012,DE VILLIERS,Minor Dam,242,22.19,111.4,46.03
52985a6f-ceef-4da4-a95b-d64552f4494f,18/02/2012,Feb-12,2,2012,DE VILLIERS,Minor Dam,242,22.06,109.2,45.12
ec14c3be-5bd3-4b8f-9fff-000b2164f9d3,19/02/2012,Feb-12,2,2012,DE VILLIERS,Minor Dam,242,22,108.1,44.67
8474a843-1769-410e-b090-6b6a575dda48,20/02/2012,Feb-12,2,2012,DE VILLIERS,Minor Dam,242,21.82,105.2,43.47
0484eb09-0d4e-4cda-bce2-d315334cef4f,21/02/2012,Feb-12,2,2012,DE VILLIERS,Minor Dam,242,21.66,102.6,42.4
3fd90b65-b597-451e-80ac-77ff25c43d07,22/02/2012,Feb-12,2,2012,DE VILLIERS,Minor Dam,242,21.43,99,40.91
ffa2e0a7-75ad-438e-97fd-c58351a31f8b,23/02/2012,Feb-12,2,2012,DE VILLIERS,Minor Dam,242,21.43,99,40.91
3597313b-231c-4f48-b737-abfc17603618,24/02/2012,Feb-12,2,2012,DE VILLIERS,Minor Dam,242,21.43,99,40.91
939b2746-472c-4e4a-9baf-ad752f492e79,25/02/2012,Feb-12,2,2012,DE VILLIERS,Minor Dam,242,20.94,91.6,37.85
bae13304-ed68-4d0f-8ca6-45b56721e764,26/02/2012,Feb-12,2,2012,DE VILLIERS,Minor Dam,242,20.7,88.1,36.4
6b320e28-4c1a-42bf-ade0-6fb4439d2b47,27/02/2012,Feb-12,2,2012,DE VILLIERS,Minor Dam,242,20.45,84.4,34.88
66d30900-0b27-4d9c-a946-fdcfd35d1b70,28/02/2012,Feb-12,2,2012,DE VILLIERS,Minor Dam,242,20.16,80.4,33.22
d703afff-757b-42d8-9562-4fb15ad5db60,29/02/2012,Feb-12,2,2012,DE VILLIERS,Minor Dam,242,19.88,76.6,31.65
7e80224c-76cd-46fb-b8b8-747478d3a2ac,01/03/2012,Mar-12,3,2012,DE VILLIERS,Minor Dam,242,19.56,72.5,29.96
fee23b54-0e34-43a9-9032-a2620edc2fe8,02/03/2012,Mar-12,3,2012,DE VILLIERS,Minor Dam,242,19.28,69,28.51
4b71e6ad-46c5-41f3-99fa-c41a9c7c9224,03/03/2012,Mar-12,3,2012,DE VILLIERS,Minor Dam,242,19.24,68.5,28.31
5e6560df-ff7a-45ea-8cc8-31ce7bec087d,04/03/2012,Mar-12,3,2012,DE VILLIERS,Minor Dam,242,19.22,68.3,28.22
7d470f00-8235-4423-af55-7890d91fc913,05/03/2012,Mar-12,3,2012,DE VILLIERS,Minor Dam,242,19.2,68,28.1
a70c357b-2fda-41e5-8260-8d78e2b57170,06/03/2012,Mar-12,3,2012,DE VILLIERS,Minor Dam,242,19.18,67.8,28.02
eb6f55bb-18b1-43ff-b4dc-98c7f5e23379,07/03/2012,Mar-12,3,2012,DE VILLIERS,Minor Dam,242,19.16,67.5,27.89
93016260-769f-49b7-993a-5fa2518e7d42,08/03/2012,Mar-12,3,2012,DE VILLIERS,Minor Dam,242,19.14,67.3,27.81
307cb6c7-6972-4e6d-9b68-a3c8662a3cbe,09/03/2012,Mar-12,3,2012,DE VILLIERS,Minor Dam,242,19.1,66.8,27.6
93e679ae-faa2-4b74-bf6f-c61ae669f05e,10/03/2012,Mar-12,3,2012,DE VILLIERS,Minor Dam,242,19.05,66.2,27.36
8d007fc6-c9c4-4f00-807c-0111fde70830,11/03/2012,Mar-12,3,2012,DE VILLIERS,Minor Dam,242,19,65.6,27.11
7dcd695b-89aa-453f-bbb4-bf2d5cd0d8a2,12/03/2012,Mar-12,3,2012,DE VILLIERS,Minor Dam,242,18.94,64.9,26.82
cedbe397-efe0-4d92-afef-a6b48dd3cc8b,13/03/2012,Mar-12,3,2012,DE VILLIERS,Minor Dam,242,18.9,64.4,26.61
bc6ea5f1-e281-41c5-af20-1f7f3f27ce92,14/03/2012,Mar-12,3,2012,DE VILLIERS,Minor Dam,242,18.89,64.3,26.57
b522dfa6-868c-490b-a85b-1d42c6ac753e,15/03/2012,Mar-12,3,2012,DE VILLIERS,Minor Dam,242,18.85,63.8,26.36
daba096d-ee77-4d53-ab78-ece72f4e0b4e,16/03/2012,Mar-12,3,2012,DE VILLIERS,Minor Dam,242,18.83,63.6,26.28
4ff17f50-871b-4bc3-accf-1f258b876260,17/03/2012,Mar-12,3,2012,DE VILLIERS,Minor Dam,242,18.8,63.2,26.12
3caf8b9e-cc97-4623-8071-deee7169a527,18/03/2012,Mar-12,3,2012,DE VILLIERS,Minor Dam,242,18.8,63.2,26.12
af09f3b2-548f-446d-8ec8-6df341d9130a,19/03/2012,Mar-12,3,2012,DE VILLIERS,Minor Dam,242,18.8,63.2,26.12
a578e52e-0c29-436c-8a58-24ede38c81fc,20/03/2012,Mar-12,3,2012,DE VILLIERS,Minor Dam,242,18.73,62.4,25.79
39a78962-57e6-4406-b10a-229d81f5c346,21/03/2012,Mar-12,3,2012,DE VILLIERS,Minor Dam,242,18.68,61.8,25.54
c2cc6398-9fb9-4259-9d5d-a71e3b1a9d3a,22/03/2012,Mar-12,3,2012,DE VILLIERS,Minor Dam,242,18.65,61.4,25.37
6f9fcdb3-863c-45a1-a0e5-79f1b2323f7c,23/03/2012,Mar-12,3,2012,DE VILLIERS,Minor Dam,242,18.62,61.1,25.25
4cb9ca09-58b8-4396-9d28-343fef5c1f2f,24/03/2012,Mar-12,3,2012,DE VILLIERS,Minor Dam,242,18.6,60.9,25.17
38fc028c-7bec-4fb2-9dd7-57abe8046d7a,25/03/2012,Mar-12,3,2012,DE VILLIERS,Minor Dam,242,18.56,60.4,24.96
be174712-9e2e-43d0-b530-f942a4a43bac,26/03/2012,Mar-12,3,2012,DE VILLIERS,Minor Dam,242,18.52,60,24.79
fdea3b15-6737-4297-9195-f3e1c8c7e3f1,27/03/2012,Mar-12,3,2012,DE VILLIERS,Minor Dam,242,18.49,59.7,24.67
d3949a32-6946-4991-8667-aa58e95a8b5a,28/03/2012,Mar-12,3,2012,DE VILLIERS,Minor Dam,242,18.48,59.5,24.59
5240f7cd-ecf0-417e-bcdb-3826b9e022cd,29/03/2012,Mar-12,3,2012,DE VILLIERS,Minor Dam,242,18.44,59.1,24.42
1d8c709b-0dde-4bc0-82aa-17ab2abb0a6d,30/03/2012,Mar-12,3,2012,DE VILLIERS,Minor Dam,242,18.4,58.7,24.26
849598ec-028a-4db5-a856-b47b49304889,31/03/2012,Mar-12,3,2012,DE VILLIERS,Minor Dam,242,18.4,58.7,24.26
6fe70d99-fa7c-41f7-af5b-3699f8c29edd,01/04/2012,Apr-12,4,2012,DE VILLIERS,Minor Dam,242,18.42,58.9,24.34
7189df7f-6d3f-4955-9404-4bba92ef7048,02/04/2012,Apr-12,4,2012,DE VILLIERS,Minor Dam,242,18.38,58.5,24.17
f6188a94-546d-414f-967b-53ad767cfee7,03/04/2012,Apr-12,4,2012,DE VILLIERS,Minor Dam,242,18.35,58.1,24.01
8dd0cc77-4ba8-4ada-ab64-a518606781be,04/04/2012,Apr-12,4,2012,DE VILLIERS,Minor Dam,242,18.33,57.9,23.93
72a5f147-53f3-4367-852a-c1b9eaac3aef,05/04/2012,Apr-12,4,2012,DE VILLIERS,Minor Dam,242,18.3,57.6,23.8
4c90b0ef-7176-496d-b625-046f3f364716,06/04/2012,Apr-12,4,2012,DE VILLIERS,Minor Dam,242,18.3,57.6,23.8
93746e97-cd5f-416d-a69c-c8369c58415e,07/04/2012,Apr-12,4,2012,DE VILLIERS,Minor Dam,242,18.3,57.6,23.8
74596f68-bddc-48ab-9553-0e3eac53788a,08/04/2012,Apr-12,4,2012,DE VILLIERS,Minor Dam,242,18.34,58,23.97
533ec572-74f5-48ea-9d70-53105d78723d,09/04/2012,Apr-12,4,2012,DE VILLIERS,Minor Dam,242,18.66,61.6,25.45
1853cccf-9fd2-4075-a660-c8f784db9014,10/04/2012,Apr-12,4,2012,DE VILLIERS,Minor Dam,242,18.95,65,26.86
7be5c40b-4598-4661-83c2-2479e48e5aec,11/04/2012,Apr-12,4,2012,DE VILLIERS,Minor Dam,242,19.05,66.2,27.36
c21aee06-172c-4bd8-ae6b-981dda5fffe2,12/04/2012,Apr-12,4,2012,DE VILLIERS,Minor Dam,242,19.1,66.8,27.6
41ad577c-8b9c-493c-8bf3-140a51e015fa,13/04/2012,Apr-12,4,2012,DE VILLIERS,Minor Dam,242,19.1,66.8,27.6
50fd885c-cd47-40bb-87bc-f2a3411aa91e,14/04/2012,Apr-12,4,2012,DE VILLIERS,Minor Dam,242,19.13,67.2,27.77
5c407376-9310-4df0-9e7c-93dd0f84d2f9,15/04/2012,Apr-12,4,2012,DE VILLIERS,Minor Dam,242,19.2,68,28.1
59823ca9-43ee-432e-958f-e491c7100057,16/04/2012,Apr-12,4,2012,DE VILLIERS,Minor Dam,242,19.28,69,28.51
8f79feee-e966-47da-85b2-1cef7a4ac986,17/04/2012,Apr-12,4,2012,DE VILLIERS,Minor Dam,242,19.28,69,28.51
13b34842-39fb-4a0a-b431-47e35df730f4,18/04/2012,Apr-12,4,2012,DE VILLIERS,Minor Dam,242,19.3,69.2,28.6
9db97f4d-dca4-4994-9dca-f3adf8ca03ee,19/04/2012,Apr-12,4,2012,DE VILLIERS,Minor Dam,242,19.33,69.6,28.76
22d963b7-e63e-4375-8c9a-f3e1359744c8,20/04/2012,Apr-12,4,2012,DE VILLIERS,Minor Dam,242,19.34,69.7,28.8
4a2f70d5-f76c-4cb7-9f26-1594216a8d30,21/04/2012,Apr-12,4,2012,DE VILLIERS,Minor Dam,242,19.34,69.7,28.8
34dfb76b-2379-4692-9a93-099a32d32ac6,22/04/2012,Apr-12,4,2012,DE VILLIERS,Minor Dam,242,19.35,69.9,28.88
a111bfc4-5a75-4ded-960b-ceaee1969d14,23/04/2012,Apr-12,4,2012,DE VILLIERS,Minor Dam,242,19.36,70,28.93
7493c78e-c2e6-45fc-b9fb-10af825e82cd,24/04/2012,Apr-12,4,2012,DE VILLIERS,Minor Dam,242,19.37,70.1,28.97
c8f95a4d-de97-4de5-ad1e-4882be7f485e,25/04/2012,Apr-12,4,2012,DE VILLIERS,Minor Dam,242,19.38,70.2,29.01
1a84feb9-e4bd-4a1e-bc87-bac26dc23cac,26/04/2012,Apr-12,4,2012,DE VILLIERS,Minor Dam,242,19.38,70.2,29.01
f155eca5-c2fd-4b29-8074-6ed197a04367,27/04/2012,Apr-12,4,2012,DE VILLIERS,Minor Dam,242,19.39,70.4,29.09
0003840a-fb55-4826-b364-ca11b65869c0,28/04/2012,Apr-12,4,2012,DE VILLIERS,Minor Dam,242,19.43,70.9,29.3
e36f15bc-1694-4291-9165-dce10da28433,29/04/2012,Apr-12,4,2012,DE VILLIERS,Minor Dam,242,19.49,71.6,29.59
70e46214-06c4-4276-9728-b0d4606f375b,30/04/2012,Apr-12,4,2012,DE VILLIERS,Minor Dam,242,19.5,71.7,29.63
5e61c89d-87fa-449f-808a-682881119428,01/05/2012,May-12,5,2012,DE VILLIERS,Minor Dam,242,19.5,71.7,29.63
245169eb-d708-4f3c-96c5-d232d6162a54,02/05/2012,May-12,5,2012,DE VILLIERS,Minor Dam,242,19.72,74.5,30.79
74bc1986-1dc2-41cf-b53c-b0bc4473aefe,03/05/2012,May-12,5,2012,DE VILLIERS,Minor Dam,242,19.85,76.2,31.49
ccee98c5-6780-4170-9650-cc62528ea2ae,04/05/2012,May-12,5,2012,DE VILLIERS,Minor Dam,242,20.28,82.1,33.93
375f8b2b-d91b-412f-9339-21899778325e,05/05/2012,May-12,5,2012,DE VILLIERS,Minor Dam,242,20.62,86.9,35.91
73b8f9ea-9ad4-481a-93bd-7ab26a3b9a80,06/05/2012,May-12,5,2012,DE VILLIERS,Minor Dam,242,20.78,89.2,36.86
781d12d5-49c2-45b5-9797-dd2319a4563b,07/05/2012,May-12,5,2012,DE VILLIERS,Minor Dam,242,20.89,90.8,37.52
18773eeb-98df-456f-9782-afc38d8580e1,08/05/2012,May-12,5,2012,DE VILLIERS,Minor Dam,242,20.96,91.8,37.93
308312c3-f283-42e4-871a-fef6382e0a3c,09/05/2012,May-12,5,2012,DE VILLIERS,Minor Dam,242,20.98,92.1,38.06
58d1a2e9-877c-40c0-8095-30a982272279,10/05/2012,May-12,5,2012,DE VILLIERS,Minor Dam,242,21.03,92.9,38.39
7cf019b5-bacc-42b7-87b0-3fdae2ecf7bf,11/05/2012,May-12,5,2012,DE VILLIERS,Minor Dam,242,21.03,92.9,38.39
ec1a1101-3c84-45c2-a621-a77c2deb95b5,12/05/2012,May-12,5,2012,DE VILLIERS,Minor Dam,242,21.1,93.9,38.8
47215011-f017-4bc3-a672-559d1d58622a,13/05/2012,May-12,5,2012,DE VILLIERS,Minor Dam,242,21.14,94.5,39.05
277c0b51-b894-448b-8c82-203d92236c2d,14/05/2012,May-12,5,2012,DE VILLIERS,Minor Dam,242,21.18,95.1,39.3
fe0ed66b-4d39-4b07-9442-fc0a38dbaaaf,15/05/2012,May-12,5,2012,DE VILLIERS,Minor Dam,242,21.36,97.9,40.45
36f1dadc-6e94-4206-add8-2e30f2299b90,16/05/2012,May-12,5,2012,DE VILLIERS,Minor Dam,242,21.46,99.5,41.12
07f6e2a8-1aee-4c4e-9d23-1c3bb44c5098,17/05/2012,May-12,5,2012,DE VILLIERS,Minor Dam,242,21.53,100.6,41.57
0c6e48de-3ff6-42ba-bf7a-c1e7dd9bea88,18/05/2012,May-12,5,2012,DE VILLIERS,Minor Dam,242,21.6,101.7,42.02
1794d5dd-e267-4fc1-80aa-8f75688d60de,19/05/2012,May-12,5,2012,DE VILLIERS,Minor Dam,242,21.74,103.9,42.93
c290559f-15d4-41bb-9367-28c93218d329,20/05/2012,May-12,5,2012,DE VILLIERS,Minor Dam,242,21.89,106.3,43.93
59d53598-d2c1-45bb-9cec-e66e87323f20,21/05/2012,May-12,5,2012,DE VILLIERS,Minor Dam,242,21.97,107.6,44.46
0001d839-ef46-4f83-b69a-a029ef5d53a1,22/05/2012,May-12,5,2012,DE VILLIERS,Minor Dam,242,22.06,109.2,45.12
1ef2d08f-7b99-4a6b-a2c2-a875d14456d6,23/05/2012,May-12,5,2012,DE VILLIERS,Minor Dam,242,22.1,109.8,45.37
4c6dff5c-970d-46c1-ac28-b07dabf5138f,24/05/2012,May-12,5,2012,DE VILLIERS,Minor Dam,242,22.16,110.9,45.83
c25ad4f1-4079-4a63-8ccf-64e50ba0cc15,25/05/2012,May-12,5,2012,DE VILLIERS,Minor Dam,242,22.19,111.4,46.03
3e6eb1ab-e2fe-4869-b331-9f66d658cfea,26/05/2012,May-12,5,2012,DE VILLIERS,Minor Dam,242,22.24,112.2,46.36
cfd1b6ac-53a7-4c82-9140-02fffc761afd,27/05/2012,May-12,5,2012,DE VILLIERS,Minor Dam,242,22.31,113.5,46.9
c510987c-fbe5-4c6f-97f2-e0112afba754,28/05/2012,May-12,5,2012,DE VILLIERS,Minor Dam,242,22.85,122.9,50.79
9bc47304-d86b-4998-90eb-c0d481819d3a,29/05/2012,May-12,5,2012,DE VILLIERS,Minor Dam,242,22.9,123.8,51.16
eedc6dfc-cb81-49e3-94a0-bacbb97c9899,30/05/2012,May-12,5,2012,DE VILLIERS,Minor Dam,242,22.93,124.4,51.4
95f1d09c-d2dc-4b47-a872-681b19a7e2f3,31/05/2012,May-12,5,2012,DE VILLIERS,Minor Dam,242,23.2,129.3,53.43
e6b42edb-0a56-413f-8290-67751387085f,01/06/2012,Jun-12,6,2012,DE VILLIERS,Minor Dam,242,23.28,130.8,54.05
f1fa17b5-8ba3-4408-b2e3-6bd94cea02de,02/06/2012,Jun-12,6,2012,DE VILLIERS,Minor Dam,242,23.34,131.9,54.5
50a5cf47-408f-4497-bd0e-bfc973cbbe43,03/06/2012,Jun-12,6,2012,DE VILLIERS,Minor Dam,242,23.39,132.8,54.88
463a46b2-9eaa-4971-b4b7-cf905a1cba6c,04/06/2012,Jun-12,6,2012,DE VILLIERS,Minor Dam,242,23.4,133,54.96
f5f6f24a-fe02-4450-bef5-3998297ac14f,05/06/2012,Jun-12,6,2012,DE VILLIERS,Minor Dam,242,23.48,134.5,55.58
8a990464-4ea8-4994-9c10-08bc146c6afe,06/06/2012,Jun-12,6,2012,DE VILLIERS,Minor Dam,242,23.5,134.8,55.7
57ee72a7-fe1c-4e8d-9d85-7102f7a08fbc,07/06/2012,Jun-12,6,2012,DE VILLIERS,Minor Dam,242,23.58,136.4,56.36
0c13be3b-dc11-4fc5-98c9-f602622085b5,08/06/2012,Jun-12,6,2012,DE VILLIERS,Minor Dam,242,23.7,138.7,57.31
ce1c659b-a21d-40f4-991e-a9cbcda29943,09/06/2012,Jun-12,6,2012,DE VILLIERS,Minor Dam,242,24.43,153.4,63.39
582fae5f-d4cc-46d4-bf21-ffd062ee4877,10/06/2012,Jun-12,6,2012,DE VILLIERS,Minor Dam,242,24.71,159.4,65.87
07e4a14a-a3bc-46ad-be55-b0a39db14d13,11/06/2012,Jun-12,6,2012,DE VILLIERS,Minor Dam,242,24.81,161.6,66.78
0a59f204-d767-4dcc-8c19-1acb3962cf7d,12/06/2012,Jun-12,6,2012,DE VILLIERS,Minor Dam,242,24.88,163.2,67.44
7a72f986-3d33-4b5d-a7ff-f93437ca0854,13/06/2012,Jun-12,6,2012,DE VILLIERS,Minor Dam,242,24.95,164.7,68.06
925f0954-10ca-4cec-baac-5900f4d8f520,14/06/2012,Jun-12,6,2012,DE VILLIERS,Minor Dam,242,24.97,165.2,68.26
a90ec3f1-01ec-4ce5-b695-71c75781f794,15/06/2012,Jun-12,6,2012,DE VILLIERS,Minor Dam,242,25.02,166.3,68.72
009c849d-c431-471c-ae79-70e8fd83ff9d,16/06/2012,Jun-12,6,2012,DE VILLIERS,Minor Dam,242,25.07,167.5,69.21
d7a2ebcf-b5d6-4b77-98e4-f0381b2a9da0,17/06/2012,Jun-12,6,2012,DE VILLIERS,Minor Dam,242,25.1,168.2,69.5
9ff4522d-3fb2-476a-b99a-81eca8df96af,18/06/2012,Jun-12,6,2012,DE VILLIERS,Minor Dam,242,25.1,168.2,69.5
5049791e-50b2-4025-a443-474c5b3e5b8b,19/06/2012,Jun-12,6,2012,DE VILLIERS,Minor Dam,242,25.1,168.2,69.5
e3c1df83-0de3-4606-abf7-c6493fdeed8c,20/06/2012,Jun-12,6,2012,DE VILLIERS,Minor Dam,242,25.15,169.3,69.96
307695a8-a97b-4060-ae15-ef3a556de291,21/06/2012,Jun-12,6,2012,DE VILLIERS,Minor Dam,242,25.17,169.8,70.17
057f15ad-7397-451a-8298-4e9c9f450b78,22/06/2012,Jun-12,6,2012,DE VILLIERS,Minor Dam,242,25.19,170.3,70.37
d7c9895f-93ed-4941-97b3-9fae8e3ac9cd,23/06/2012,Jun-12,6,2012,DE VILLIERS,Minor Dam,242,25.22,171,70.66
8211d42a-448c-4c8f-801a-da4c1c2ce410,24/06/2012,Jun-12,6,2012,DE VILLIERS,Minor Dam,242,25.28,172.4,71.24
d2873739-6623-4c75-a806-7c7427e93070,25/06/2012,Jun-12,6,2012,DE VILLIERS,Minor Dam,242,25.33,173.5,71.69
e8de4525-c0a6-4f87-a4d8-a7acfc10e2da,26/06/2012,Jun-12,6,2012,DE VILLIERS,Minor Dam,242,25.48,177.1,73.18
6ac632e0-9dda-4a81-9d68-9a69610964f3,27/06/2012,Jun-12,6,2012,DE VILLIERS,Minor Dam,242,25.4,175.2,72.4
7534e836-a003-4369-b84e-d2ff3b0fe1d6,28/06/2012,Jun-12,6,2012,DE VILLIERS,Minor Dam,242,25.58,179.5,74.17
c5d35a53-d553-4901-8a63-a1feb232bfa3,29/06/2012,Jun-12,6,2012,DE VILLIERS,Minor Dam,242,25.48,177.1,73.18
cbceba1e-5f46-4fc6-b05a-ca8ccef5b1fc,30/06/2012,Jun-12,6,2012,DE VILLIERS,Minor Dam,242,25.46,176.6,72.98
d928966c-1cfa-4812-a41d-50da06cf3317,01/07/2012,Jul-12,7,2012,DE VILLIERS,Minor Dam,242,25.38,174.7,72.19
904e31b4-4ad8-4ced-b117-4069f2ef30f7,02/07/2012,Jul-12,7,2012,DE VILLIERS,Minor Dam,242,25.34,173.8,71.82
1e1cf72c-e942-4fb1-a507-8a45a43c2c9c,03/07/2012,Jul-12,7,2012,DE VILLIERS,Minor Dam,242,25.26,171.9,71.03
07b54815-b2e0-459a-b676-8be921fbc23a,04/07/2012,Jul-12,7,2012,DE VILLIERS,Minor Dam,242,25.12,168.6,69.67
327a2e05-55ed-48c0-9f03-8188c683f450,05/07/2012,Jul-12,7,2012,DE VILLIERS,Minor Dam,242,25.31,173.1,71.53
ba3b4ba5-1fde-4c35-9a75-49de7b036e39,06/07/2012,Jul-12,7,2012,DE VILLIERS,Minor Dam,242,25.4,175.2,72.4
f98f95f7-e303-4df3-9e7d-a8868d3c6adc,07/07/2012,Jul-12,7,2012,DE VILLIERS,Minor Dam,242,25.4,175.2,72.4
1455284c-e53a-4081-850c-45e262ba50e4,08/07/2012,Jul-12,7,2012,DE VILLIERS,Minor Dam,242,25.72,182.9,75.58
322dd5c7-bd62-4fd7-ae33-b8b9f78e1c57,09/07/2012,Jul-12,7,2012,DE VILLIERS,Minor Dam,242,26.04,190.6,78.76
c64637d9-7944-4d83-a67c-ff1e6c4ee590,10/07/2012,Jul-12,7,2012,DE VILLIERS,Minor Dam,242,26.8,210,86.78
bd45c053-150b-4b02-91bc-35ce461bf7ac,11/07/2012,Jul-12,7,2012,DE VILLIERS,Minor Dam,242,27.02,215.9,89.21
7b297a92-5f50-45d9-8e00-38f57d4fd91b,12/07/2012,Jul-12,7,2012,DE VILLIERS,Minor Dam,242,27.36,225.5,93.18
9445d6bf-f670-47d1-b9d8-d904e71d2f07,13/07/2012,Jul-12,7,2012,DE VILLIERS,Minor Dam,242,27.51,230.1,95.08
012822ce-1005-46d3-8c4f-f91e629316ec,14/07/2012,Jul-12,7,2012,DE VILLIERS,Minor Dam,242,27.66,235.2,97.19
d2e42486-20e6-4c4d-a770-54ed4e563496,15/07/2012,Jul-12,7,2012,DE VILLIERS,Minor Dam,242,27.66,235.2,97.19
ee79989d-8077-4c1b-800c-514afa2b0997,16/07/2012,Jul-12,7,2012,DE VILLIERS,Minor Dam,242,27.69,236.2,97.6
a3c170a0-8ec2-4dff-a6ed-fe44f7170979,17/07/2012,Jul-12,7,2012,DE VILLIERS,Minor Dam,242,27.84,242.4,100.17
cb1ff010-bbca-4e79-b955-abc7a56eab8c,18/07/2012,Jul-12,7,2012,DE VILLIERS,Minor Dam,242,27.84,242.4,100.17
83d8bea2-cef6-487c-941e-c2275ec2d6f3,19/07/2012,Jul-12,7,2012,DE VILLIERS,Minor Dam,242,27.84,242.4,100.17
4ce94008-2a03-4c7e-9d2b-1206b005f223,20/07/2012,Jul-12,7,2012,DE VILLIERS,Minor Dam,242,27.84,242.4,100.17
2b61e981-54f8-458a-b3c7-9d607a8227ba,21/07/2012,Jul-12,7,2012,DE VILLIERS,Minor Dam,242,27.85,242.9,100.37
8908c42e-33b2-44a5-bffd-180c459c92c4,22/07/2012,Jul-12,7,2012,DE VILLIERS,Minor Dam,242,27.87,243.7,100.7
a91eac7a-a712-4f38-9419-25a18ee9ee00,23/07/2012,Jul-12,7,2012,DE VILLIERS,Minor Dam,242,27.87,243.7,100.7
312f26ab-9591-43f1-b7eb-c22387df8f17,24/07/2012,Jul-12,7,2012,DE VILLIERS,Minor Dam,242,27.85,242.9,100.37
d221bb56-038e-48c1-92d5-e1c2f6e6b536,25/07/2012,Jul-12,7,2012,DE VILLIERS,Minor Dam,242,27.85,242.9,100.37
ada43481-827a-4e76-8436-9536ee0729c9,26/07/2012,Jul-12,7,2012,DE VILLIERS,Minor Dam,242,27.85,242.9,100.37
195ed617-625a-4813-be51-aac2fbd2d1a0,27/07/2012,Jul-12,7,2012,DE VILLIERS,Minor Dam,242,27.85,242.9,100.37
7407834c-2ea0-4b69-8806-5de58c7d5dec,28/07/2012,Jul-12,7,2012,DE VILLIERS,Minor Dam,242,27.85,242.9,100.37
a77800f0-7cfb-4041-880e-1b1624b7a062,29/07/2012,Jul-12,7,2012,DE VILLIERS,Minor Dam,242,27.85,242.9,100.37
da5a0467-4b0e-433d-bb64-95cc969488a7,30/07/2012,Jul-12,7,2012,DE VILLIERS,Minor Dam,242,27.84,242.4,100.17
b1568510-7e66-462b-a263-e7c1e134db79,31/07/2012,Jul-12,7,2012,DE VILLIERS,Minor Dam,242,27.81,241.2,99.67
852d3175-36b1-4b39-b01d-052cd2086866,01/08/2012,Aug-12,8,2012,DE VILLIERS,Minor Dam,242,27.84,242.4,100.17
87de2fe0-77fb-4389-8d11-856411f9df09,02/08/2012,Aug-12,8,2012,DE VILLIERS,Minor Dam,242,27.8,240.7,99.46
4ea6447c-f319-479d-b2f5-5834eed225d8,03/08/2012,Aug-12,8,2012,DE VILLIERS,Minor Dam,242,27.79,240.3,99.3
3d1b002e-6b0d-40a2-b815-90d14518f8f2,04/08/2012,Aug-12,8,2012,DE VILLIERS,Minor Dam,242,27.78,239.9,99.13
120da189-b565-40ee-9909-62387e607c10,05/08/2012,Aug-12,8,2012,DE VILLIERS,Minor Dam,242,27.74,238.2,98.43
59048e38-1213-462e-b491-f67ee55867f9,06/08/2012,Aug-12,8,2012,DE VILLIERS,Minor Dam,242,27.7,236.5,97.73
8e1ff7f2-5e02-4378-bf52-72a46ab13181,07/08/2012,Aug-12,8,2012,DE VILLIERS,Minor Dam,242,27.68,235.8,97.44
33fd8c28-7b1b-4a26-b4e0-df726a09bb34,08/08/2012,Aug-12,8,2012,DE VILLIERS,Minor Dam,242,27.69,236.2,97.6
1b7b501d-3ea4-4d64-ac2b-1d7d2fd8c9e8,09/08/2012,Aug-12,8,2012,DE VILLIERS,Minor Dam,242,27.68,235.8,97.44
b5033ecc-a8fe-4c07-a185-edc03c88b125,10/08/2012,Aug-12,8,2012,DE VILLIERS,Minor Dam,242,27.63,234.2,96.78
7c36f8f3-6d72-4c0d-b9d4-87844b4a29c7,11/08/2012,Aug-12,8,2012,DE VILLIERS,Minor Dam,242,27.6,233.2,96.36
774776c5-58e6-414b-8f6b-69f5fc77ce4c,12/08/2012,Aug-12,8,2012,DE VILLIERS,Minor Dam,242,27.72,237.4,98.1
0388dfef-cb17-4d09-935a-22bcd753da04,13/08/2012,Aug-12,8,2012,DE VILLIERS,Minor Dam,242,27.86,243.3,100.54
3b7784b9-dba8-4171-a616-e70c71cdb89d,14/08/2012,Aug-12,8,2012,DE VILLIERS,Minor Dam,242,27.85,242.9,100.37
8a67e805-de7c-426a-972b-85dad1c20368,15/08/2012,Aug-12,8,2012,DE VILLIERS,Minor Dam,242,27.85,242.9,100.37
9ed81839-bdc0-4090-a7cc-0f072a5a8384,16/08/2012,Aug-12,8,2012,DE VILLIERS,Minor Dam,242,27.87,243.7,100.7
42bd82f5-b25f-48ce-bd71-b633ff9a9136,17/08/2012,Aug-12,8,2012,DE VILLIERS,Minor Dam,242,27.89,244.6,101.07
486ea0d5-6afe-4e2c-b727-af08eac92f30,18/08/2012,Aug-12,8,2012,DE VILLIERS,Minor Dam,242,27.87,243.7,100.7
1abd02ca-b478-418a-a7f6-b4159f11e90b,19/08/2012,Aug-12,8,2012,DE VILLIERS,Minor Dam,242,27.85,242.9,100.37
1ba41ad8-d115-489d-b0dc-7d867cba8dba,20/08/2012,Aug-12,8,2012,DE VILLIERS,Minor Dam,242,27.85,242.9,100.37
209e84ed-6144-4702-9bb6-5b1995c8fe2c,21/08/2012,Aug-12,8,2012,DE VILLIERS,Minor Dam,242,27.88,244.1,100.87
9b951454-edc0-41fe-a31b-97d071699c9f,22/08/2012,Aug-12,8,2012,DE VILLIERS,Minor Dam,242,27.86,243.3,100.54
b5b9bf01-b47e-45e4-96ee-cdf62554535f,23/08/2012,Aug-12,8,2012,DE VILLIERS,Minor Dam,242,27.86,243.3,100.54
a635e9de-1d79-46b8-bf06-19fc29be6537,24/08/2012,Aug-12,8,2012,DE VILLIERS,Minor Dam,242,27.85,242.9,100.37
34c7f623-3054-41c9-b3db-f24739c66e4e,25/08/2012,Aug-12,8,2012,DE VILLIERS,Minor Dam,242,27.84,242.4,100.17
0e252b6a-2193-44e9-8828-53348107b567,26/08/2012,Aug-12,8,2012,DE VILLIERS,Minor Dam,242,27.86,243.3,100.54
4fcf0abc-5bc3-40b0-8109-1488c6d0d71e,27/08/2012,Aug-12,8,2012,DE VILLIERS,Minor Dam,242,27.88,244.1,100.87
203ae084-752d-4a23-9420-1db893065ec9,28/08/2012,Aug-12,8,2012,DE VILLIERS,Minor Dam,242,27.88,244.1,100.87
09ab0e65-2c73-4ebe-83a1-cb7a85efdfb1,29/08/2012,Aug-12,8,2012,DE VILLIERS,Minor Dam,242,27.85,242.9,100.37
d463829a-2d3f-4110-a669-3bb3b943bdd5,30/08/2012,Aug-12,8,2012,DE VILLIERS,Minor Dam,242,27.84,242.4,100.17
c2ba9860-b566-45c2-a62d-f30757e6e3c5,31/08/2012,Aug-12,8,2012,DE VILLIERS,Minor Dam,242,27.84,242.4,100.17
6b7853cc-0a17-4a69-b54f-9b568e8b70f9,01/09/2012,Sep-12,9,2012,DE VILLIERS,Minor Dam,242,27.84,242.4,100.17
1d478277-d399-4c84-b1d4-616482027d6e,02/09/2012,Sep-12,9,2012,DE VILLIERS,Minor Dam,242,27.84,242.4,100.17
ad83b386-9601-481a-9dda-086361a5919a,03/09/2012,Sep-12,9,2012,DE VILLIERS,Minor Dam,242,27.86,243.3,100.54
ef308f76-8d6b-440e-835e-2b73b42f865e,04/09/2012,Sep-12,9,2012,DE VILLIERS,Minor Dam,242,27.86,243.3,100.54
3bba11ec-ecb6-4a11-b7ca-4b0739a0c63a,05/09/2012,Sep-12,9,2012,DE VILLIERS,Minor Dam,242,27.85,242.9,100.37
0f81a3ba-a9cc-4d9c-b885-2b8a8e3db495,06/09/2012,Sep-12,9,2012,DE VILLIERS,Minor Dam,242,27.84,242.4,100.17
9ea4624a-96d0-405d-b1fe-67161edb3794,07/09/2012,Sep-12,9,2012,DE VILLIERS,Minor Dam,242,27.83,242,100
3c1d7354-f303-4f65-9703-e503b27ed98a,08/09/2012,Sep-12,9,2012,DE VILLIERS,Minor Dam,242,27.81,241.2,99.67
64ac4f99-ed55-4e03-b78d-5a96c0d7fe6f,09/09/2012,Sep-12,9,2012,DE VILLIERS,Minor Dam,242,27.81,241.2,99.67
77d3c686-df58-4048-b841-5015bce4e1a4,10/09/2012,Sep-12,9,2012,DE VILLIERS,Minor Dam,242,27.83,242,100
be24bc34-f764-4963-b389-44ba2e02810b,11/09/2012,Sep-12,9,2012,DE VILLIERS,Minor Dam,242,27.78,239.9,99.13
9bb764a8-9de9-42e7-b8fc-e775302e4fbd,12/09/2012,Sep-12,9,2012,DE VILLIERS,Minor Dam,242,27.74,238.2,98.43
b1a1297d-53dc-4183-9a6e-8ed45e02b5fd,13/09/2012,Sep-12,9,2012,DE VILLIERS,Minor Dam,242,27.71,236.9,97.89
34900c24-4919-4b96-bca3-36b69f905478,14/09/2012,Sep-12,9,2012,DE VILLIERS,Minor Dam,242,27.65,234.8,97.02
1ca53ac3-34e4-4355-809e-778e620bdb93,15/09/2012,Sep-12,9,2012,DE VILLIERS,Minor Dam,242,27.71,236.9,97.89
50c85b06-e392-4358-a440-8eaf1a1b492c,16/09/2012,Sep-12,9,2012,DE VILLIERS,Minor Dam,242,27.68,235.8,97.44
29764a11-3bcd-4285-a4ad-17521b0d0bbe,17/09/2012,Sep-12,9,2012,DE VILLIERS,Minor Dam,242,27.64,234.5,96.9
0837603e-1ac5-4046-a7db-a2ffe238000c,18/09/2012,Sep-12,9,2012,DE VILLIERS,Minor Dam,242,27.62,233.8,96.61
29970e07-4a1c-425a-b0b4-65425960308b,19/09/2012,Sep-12,9,2012,DE VILLIERS,Minor Dam,242,27.59,232.8,96.2
823cd6ac-3359-475e-863c-5d4d7eb0d599,20/09/2012,Sep-12,9,2012,DE VILLIERS,Minor Dam,242,27.56,231.8,95.79
4e27ec50-f0a7-4365-b0d7-4c76173b3242,21/09/2012,Sep-12,9,2012,DE VILLIERS,Minor Dam,242,27.53,230.8,95.37
3bafd161-6206-42d8-94e1-8e199657b30a,22/09/2012,Sep-12,9,2012,DE VILLIERS,Minor Dam,242,27.5,229.8,94.96
c95e27cb-fde6-44c1-8349-01b284c4f7ed,23/09/2012,Sep-12,9,2012,DE VILLIERS,Minor Dam,242,27.54,231.1,95.5
7427b0ff-fd6c-413d-bc52-9322a2d86f75,24/09/2012,Sep-12,9,2012,DE VILLIERS,Minor Dam,242,27.65,234.8,97.02
529bc0a6-21d3-4c8c-b376-126c7d29e58f,25/09/2012,Sep-12,9,2012,DE VILLIERS,Minor Dam,242,27.85,242.9,100.37
4fb25aed-c473-49d5-9acf-99506e151d0f,26/09/2012,Sep-12,9,2012,DE VILLIERS,Minor Dam,242,27.86,243.3,100.54
e4bb2574-84fa-49d8-8936-db918fe2e49a,27/09/2012,Sep-12,9,2012,DE VILLIERS,Minor Dam,242,27.86,243.3,100.54
1542e803-845a-4629-be81-a7435463b60d,28/09/2012,Sep-12,9,2012,DE VILLIERS,Minor Dam,242,27.89,244.6,101.07
64915559-4937-46a8-9f2e-f0f4e660e88c,29/09/2012,Sep-12,9,2012,DE VILLIERS,Minor Dam,242,27.92,245.8,101.57
95088379-c0af-4f4d-a4b1-b9efde76f34e,30/09/2012,Sep-12,9,2012,DE VILLIERS,Minor Dam,242,27.87,243.7,100.7
93a998f1-775f-4d18-a39a-8ee753db7df1,01/10/2012,Oct-12,10,2012,DE VILLIERS,Minor Dam,242,27.85,242.9,100.37
d7f6fc53-e493-4b89-9344-c6e1d492d1f6,02/10/2012,Oct-12,10,2012,DE VILLIERS,Minor Dam,242,27.85,242.9,100.37
01c199e2-44f9-43bb-893f-f11706b5abb8,03/10/2012,Oct-12,10,2012,DE VILLIERS,Minor Dam,242,27.85,242.9,100.37
75589bf0-dd7d-439f-a7e1-b3a8f2c998a9,04/10/2012,Oct-12,10,2012,DE VILLIERS,Minor Dam,242,27.85,242.9,100.37
49c5d01f-85d6-4045-baba-7a0c53e7e358,05/10/2012,Oct-12,10,2012,DE VILLIERS,Minor Dam,242,27.87,243.7,100.7
a9885d2d-f9e1-4eff-bc7f-e37c7b0c9215,06/10/2012,Oct-12,10,2012,DE VILLIERS,Minor Dam,242,27.87,243.7,100.7
e2a45241-3fa6-433a-adab-6c2f8d670643,07/10/2012,Oct-12,10,2012,DE VILLIERS,Minor Dam,242,27.87,243.7,100.7
5aa08e3b-81da-4a1b-98eb-1e84cfc2738c,08/10/2012,Oct-12,10,2012,DE VILLIERS,Minor Dam,242,27.86,243.3,100.54
91f76db7-216e-40d6-b676-98d60bb3899d,09/10/2012,Oct-12,10,2012,DE VILLIERS,Minor Dam,242,27.84,242.4,100.17
a2eb7612-d830-4bc3-9a9e-b974cab9a0b4,10/10/2012,Oct-12,10,2012,DE VILLIERS,Minor Dam,242,27.84,242.4,100.17
866c63e7-a5fc-4863-ad6d-f8ff38e4bc23,11/10/2012,Oct-12,10,2012,DE VILLIERS,Minor Dam,242,27.84,242.4,100.17
165a1c0a-ad51-4efc-9ede-80ffb8b1c830,12/10/2012,Oct-12,10,2012,DE VILLIERS,Minor Dam,242,27.84,242.4,100.17
dbd4633d-edf9-40b0-95d9-ba67c79daeba,13/10/2012,Oct-12,10,2012,DE VILLIERS,Minor Dam,242,27.84,242.4,100.17
810fb31e-f1ea-4a05-8aa3-b53538e46e67,14/10/2012,Oct-12,10,2012,DE VILLIERS,Minor Dam,242,27.83,242,100
4e110970-c30d-4ddf-9be3-8beb63318cfc,15/10/2012,Oct-12,10,2012,DE VILLIERS,Minor Dam,242,27.83,242,100
366745d2-b6ae-44cf-83cb-2c91b13d3315,16/10/2012,Oct-12,10,2012,DE VILLIERS,Minor Dam,242,27.82,241.6,99.83
077ad2eb-d6df-41d1-9dd7-744cf3bb5ac1,17/10/2012,Oct-12,10,2012,DE VILLIERS,Minor Dam,242,27.82,241.6,99.83
a9fb7389-149f-4dc4-837f-4387baaa39d4,18/10/2012,Oct-12,10,2012,DE VILLIERS,Minor Dam,242,27.82,241.6,99.83
94a79d4d-065f-4e24-87d1-cb1051bb61ce,19/10/2012,Oct-12,10,2012,DE VILLIERS,Minor Dam,242,27.7,236.5,97.73
c3c868f8-4b22-400f-896d-dc49a2d8d8e7,20/10/2012,Oct-12,10,2012,DE VILLIERS,Minor Dam,242,27.76,239.1,98.8
5e77bc3d-fbd9-4b72-ab72-191f2acef798,21/10/2012,Oct-12,10,2012,DE VILLIERS,Minor Dam,242,27.84,242.4,100.17
be6cdb9b-b0f5-42db-8526-2da9a95a111d,22/10/2012,Oct-12,10,2012,DE VILLIERS,Minor Dam,242,27.82,241.6,99.83
0c11de86-e34b-4d3f-bc1e-31d1cb664b81,23/10/2012,Oct-12,10,2012,DE VILLIERS,Minor Dam,242,27.83,242,100
1725adc2-055a-45a2-bc4e-05fa90d2bfe7,24/10/2012,Oct-12,10,2012,DE VILLIERS,Minor Dam,242,27.83,242,100
c9d6330b-ef80-40ef-a998-fc1033885dd1,25/10/2012,Oct-12,10,2012,DE VILLIERS,Minor Dam,242,27.81,241.2,99.67
05b03fc2-c76a-41bf-9f70-0aa46f75935b,26/10/2012,Oct-12,10,2012,DE VILLIERS,Minor Dam,242,27.74,238.2,98.43
a7a79bc6-f6ec-47a2-ad30-fda90e87e9e4,27/10/2012,Oct-12,10,2012,DE VILLIERS,Minor Dam,242,27.68,235.8,97.44
b22ef80a-31da-47d9-a387-ee4f820f089a,28/10/2012,Oct-12,10,2012,DE VILLIERS,Minor Dam,242,27.62,233.8,96.61
2c208558-a8c8-4d56-94b2-8474a40826dd,29/10/2012,Oct-12,10,2012,DE VILLIERS,Minor Dam,242,27.55,231.5,95.66
01f655cd-a69a-4dab-8976-9703b9d36b6e,30/10/2012,Oct-12,10,2012,DE VILLIERS,Minor Dam,242,27.45,228.2,94.3
627d1336-66a8-4441-83f4-ae0c8c02a2b6,31/10/2012,Oct-12,10,2012,DE VILLIERS,Minor Dam,242,27.4,226.6,93.64
a011f961-3dbb-4494-b6e8-120374fe3771,01/11/2012,Nov-12,11,2012,DE VILLIERS,Minor Dam,242,27.31,224,92.56
91e741de-da36-4d10-8e97-f4b2f0abb6f5,02/11/2012,Nov-12,11,2012,DE VILLIERS,Minor Dam,242,27.35,225.2,93.06
8249743f-ff3b-436b-8a2d-7dd3f7a4c840,03/11/2012,Nov-12,11,2012,DE VILLIERS,Minor Dam,242,27.25,222.3,91.86
f448a1a7-4cc7-4180-ac74-70bde535ad2a,04/11/2012,Nov-12,11,2012,DE VILLIERS,Minor Dam,242,27.25,222.3,91.86
91858b17-dc1b-4072-a1e1-93435c73666e,05/11/2012,Nov-12,11,2012,DE VILLIERS,Minor Dam,242,27.25,222.3,91.86
9cef64f0-1d99-4fb8-b94e-c07d82aab343,06/11/2012,Nov-12,11,2012,DE VILLIERS,Minor Dam,242,27.26,222.6,91.98
c897ed55-b811-400b-96e7-1bdd47e57eff,07/11/2012,Nov-12,11,2012,DE VILLIERS,Minor Dam,242,27.27,222.9,92.11
1ae2c585-51f8-48a9-b1f8-666f7feab2a9,08/11/2012,Nov-12,11,2012,DE VILLIERS,Minor Dam,242,27.28,223.2,92.23
5bb2c73d-5653-4ffc-8f59-dfedcc981e7b,09/11/2012,Nov-12,11,2012,DE VILLIERS,Minor Dam,242,27.29,223.4,92.31
0402cfd2-1877-4ae8-8053-3357ac65a856,10/11/2012,Nov-12,11,2012,DE VILLIERS,Minor Dam,242,27.3,223.7,92.44
f493e386-228d-4766-8b3d-3d8e5d5edd78,11/11/2012,Nov-12,11,2012,DE VILLIERS,Minor Dam,242,27.32,224.3,92.69
8d5168d7-070d-469f-888c-eea0ff182fc6,12/11/2012,Nov-12,11,2012,DE VILLIERS,Minor Dam,242,27.33,224.6,92.81
5e912894-0235-4567-b98c-ae2965e846cf,13/11/2012,Nov-12,11,2012,DE VILLIERS,Minor Dam,242,27.35,225.2,93.06
41c2746d-4b55-4a47-8210-48155b32546b,14/11/2012,Nov-12,11,2012,DE VILLIERS,Minor Dam,242,27.36,225.5,93.18
b6a84e01-3860-4a89-b37d-f8e982ffa83b,15/11/2012,Nov-12,11,2012,DE VILLIERS,Minor Dam,242,27.37,225.8,93.31
3d120511-42fe-425b-953a-33357ee02652,16/11/2012,Nov-12,11,2012,DE VILLIERS,Minor Dam,242,27.38,226,93.39
a22c3aa9-167f-4b3c-9ac3-81ffbdf1f6b2,17/11/2012,Nov-12,11,2012,DE VILLIERS,Minor Dam,242,27.39,226.3,93.51
c28185fb-bfd6-4d2d-ad1c-a48dfde87897,18/11/2012,Nov-12,11,2012,DE VILLIERS,Minor Dam,242,27.42,227.3,93.93
be4d01b4-13e8-4fb7-8cc7-9d24786aa4f4,19/11/2012,Nov-12,11,2012,DE VILLIERS,Minor Dam,242,27.42,227.3,93.93
6bb577ec-4e76-428b-a79d-cea7ab6eeb9a,20/11/2012,Nov-12,11,2012,DE VILLIERS,Minor Dam,242,27.42,227.3,93.93
60619924-2d0c-4a51-8053-6daa68243acb,21/11/2012,Nov-12,11,2012,DE VILLIERS,Minor Dam,242,27.43,227.6,94.05
0d010143-8ed6-4acf-a0e8-54a21373e4c0,22/11/2012,Nov-12,11,2012,DE VILLIERS,Minor Dam,242,27.42,227.3,93.93
d1848aab-1142-48bd-b67b-3a4defb6b1f0,23/11/2012,Nov-12,11,2012,DE VILLIERS,Minor Dam,242,27.43,227.6,94.05
10dbf90a-ed48-401d-ae64-b55fc9db05ed,24/11/2012,Nov-12,11,2012,DE VILLIERS,Minor Dam,242,27.45,228.2,94.3
ef1e1b36-0433-47f4-a547-a341487717d8,25/11/2012,Nov-12,11,2012,DE VILLIERS,Minor Dam,242,27.51,230.1,95.08
00caf80b-305c-46d9-9caf-332ac1dded5e,26/11/2012,Nov-12,11,2012,DE VILLIERS,Minor Dam,242,27.54,231.1,95.5
eac66ec0-8e57-47b8-aa68-fc0ee9188eaa,27/11/2012,Nov-12,11,2012,DE VILLIERS,Minor Dam,242,27.55,231.5,95.66
f0fa16a6-166e-4d22-a12c-1b3ee129538b,28/11/2012,Nov-12,11,2012,DE VILLIERS,Minor Dam,242,27.56,231.8,95.79
57b238d6-4af9-48a7-8c53-665c70b85363,29/11/2012,Nov-12,11,2012,DE VILLIERS,Minor Dam,242,27.57,232.2,95.95
76cf9a4d-2022-4f40-8a5f-7bd879f0b38c,30/11/2012,Nov-12,11,2012,DE VILLIERS,Minor Dam,242,27.58,232.5,96.07
82f7ad07-9539-46f8-99dd-88462b68e58e,01/12/2012,Dec-12,12,2012,DE VILLIERS,Minor Dam,242,27.58,232.5,96.07
79292a5d-53af-4793-80f9-ee511f21ee80,02/12/2012,Dec-12,12,2012,DE VILLIERS,Minor Dam,242,27.59,232.8,96.2
69013765-44ff-458f-b136-058adf5b60c0,03/12/2012,Dec-12,12,2012,DE VILLIERS,Minor Dam,242,27.6,233.2,96.36
19e9a5cf-1bfd-4b38-9839-363eb3d59ca9,04/12/2012,Dec-12,12,2012,DE VILLIERS,Minor Dam,242,27.61,233.5,96.49
2b8180ce-6efe-42cd-bd88-f206f5a613fb,05/12/2012,Dec-12,12,2012,DE VILLIERS,Minor Dam,242,27.62,233.8,96.61
332c7402-babb-4c71-ab34-3b12e7712094,06/12/2012,Dec-12,12,2012,DE VILLIERS,Minor Dam,242,27.62,233.8,96.61
2c0fb7da-2bc6-4d6e-9097-b43f0f300744,07/12/2012,Dec-12,12,2012,DE VILLIERS,Minor Dam,242,27.63,234.2,96.78
e46d1590-9896-4478-9a83-a9157dc52ff1,08/12/2012,Dec-12,12,2012,DE VILLIERS,Minor Dam,242,27.62,233.8,96.61
d0694c7a-c1d3-494d-9075-757efcf7506c,09/12/2012,Dec-12,12,2012,DE VILLIERS,Minor Dam,242,27.12,218.6,90.33
90d667a6-8f23-490b-9983-4fa781b01010,10/12/2012,Dec-12,12,2012,DE VILLIERS,Minor Dam,242,27.12,218.6,90.33
3a29cca0-084f-404b-ae51-3448e308dc40,11/12/2012,Dec-12,12,2012,DE VILLIERS,Minor Dam,242,27.64,234.5,96.9
7fc42376-3b88-458d-9e02-3847010b54d5,12/12/2012,Dec-12,12,2012,DE VILLIERS,Minor Dam,242,27.65,234.8,97.02
eaa5f4fc-87b3-48e1-8c29-b12e694ea413,13/12/2012,Dec-12,12,2012,DE VILLIERS,Minor Dam,242,27.66,235.2,97.19
afdba9da-dd8c-4e2e-b331-0f625aadfa57,14/12/2012,Dec-12,12,2012,DE VILLIERS,Minor Dam,242,27.68,235.8,97.44
92573703-d8cc-49bc-8798-556bb3491ebb,15/12/2012,Dec-12,12,2012,DE VILLIERS,Minor Dam,242,27.7,236.5,97.73
959c453c-0439-45c6-b3b3-3d35e3b33d66,16/12/2012,Dec-12,12,2012,DE VILLIERS,Minor Dam,242,27.71,236.9,97.89
859fc22e-2045-4f76-8da3-f8ae0d1f6bdd,17/12/2012,Dec-12,12,2012,DE VILLIERS,Minor Dam,242,27.72,237.4,98.1
4277a848-5096-4217-ba0b-49eb1745dc1e,18/12/2012,Dec-12,12,2012,DE VILLIERS,Minor Dam,242,27.71,236.9,97.89
527cc332-cdb7-4a76-80b0-09f3e45fc0e5,19/12/2012,Dec-12,12,2012,DE VILLIERS,Minor Dam,242,27.71,236.9,97.89
7e354d92-d5f5-48ba-b6fb-6b293df352c9,20/12/2012,Dec-12,12,2012,DE VILLIERS,Minor Dam,242,27.71,236.9,97.89
24c6f492-2fb0-4c4b-81b9-47d547d9a1bb,21/12/2012,Dec-12,12,2012,DE VILLIERS,Minor Dam,242,27.72,237.4,98.1
b1c32ea0-d0dd-4477-b3fe-8ef2f574bc16,22/12/2012,Dec-12,12,2012,DE VILLIERS,Minor Dam,242,27.72,237.4,98.1
78002f0a-11d5-4e5a-a80e-bfed7d32e652,23/12/2012,Dec-12,12,2012,DE VILLIERS,Minor Dam,242,27.72,237.4,98.1
e7f24f43-fb97-4988-a659-36a812e2c195,24/12/2012,Dec-12,12,2012,DE VILLIERS,Minor Dam,242,27.72,237.4,98.1
9732dae2-98f9-4f8b-9516-06e8c3ca759f,25/12/2012,Dec-12,12,2012,DE VILLIERS,Minor Dam,242,27.73,237.8,98.26
293f615e-d680-4e72-bdd8-b91b84b4a907,26/12/2012,Dec-12,12,2012,DE VILLIERS,Minor Dam,242,27.74,238.2,98.43
8ff2b680-aedb-40c3-8277-12e3b590632d,27/12/2012,Dec-12,12,2012,DE VILLIERS,Minor Dam,242,27.74,238.2,98.43
1f15487a-172f-457e-ad51-d56dcf428848,28/12/2012,Dec-12,12,2012,DE VILLIERS,Minor Dam,242,27.74,238.2,98.43
48b347d0-9044-49a4-b48f-c6a93b30e5e1,29/12/2012,Dec-12,12,2012,DE VILLIERS,Minor Dam,242,27.75,238.6,98.6
1c63ca43-a39d-4cda-b8a1-08b6f72b4938,30/12/2012,Dec-12,12,2012,DE VILLIERS,Minor Dam,242,27.75,238.6,98.6
48cbb475-eb54-41e8-933f-5eb1383ce294,31/12/2012,Dec-12,12,2012,DE VILLIERS,Minor Dam,242,27.75,238.6,98.6
679e1901-c489-47a1-870e-aae0db50e592,01/01/2013,Jan-13,1,2013,DE VILLIERS,Minor Dam,242,27.76,239.1,98.8
01604bb9-d272-463f-95ed-1404acdf41b1,02/01/2013,Jan-13,1,2013,DE VILLIERS,Minor Dam,242,27.76,239.1,98.8
1733274f-a214-4ab6-b89d-af7ed1729b4f,03/01/2013,Jan-13,1,2013,DE VILLIERS,Minor Dam,242,27.75,238.6,98.6
bef67538-c04c-4f12-9879-a0ede34e0b5c,04/01/2013,Jan-13,1,2013,DE VILLIERS,Minor Dam,242,27.75,238.6,98.6
99ae98a8-7ec9-4e3c-9e29-50d52da8cbbf,05/01/2013,Jan-13,1,2013,DE VILLIERS,Minor Dam,242,27.75,238.6,98.6
b01d42bd-1407-436b-a66e-06e29bf379ef,06/01/2013,Jan-13,1,2013,DE VILLIERS,Minor Dam,242,27.75,238.6,98.6
27b5d883-ade0-46ae-bc98-3ad2df7e85fa,07/01/2013,Jan-13,1,2013,DE VILLIERS,Minor Dam,242,27.74,238.2,98.43
9909dcd8-a344-448e-9c9e-e262ad1dcf18,08/01/2013,Jan-13,1,2013,DE VILLIERS,Minor Dam,242,27.69,236.2,97.6
f9d38cca-c255-4471-a796-f1d05627ce40,09/01/2013,Jan-13,1,2013,DE VILLIERS,Minor Dam,242,27.65,234.8,97.02
d9c89899-0756-401f-a454-351b0bf7f994,10/01/2013,Jan-13,1,2013,DE VILLIERS,Minor Dam,242,27.56,231.8,95.79
5393d543-2a41-443c-a92f-b9dc9fd8cdff,11/01/2013,Jan-13,1,2013,DE VILLIERS,Minor Dam,242,27.43,227.6,94.05
835a3793-2ecc-48e5-82f8-4042a1c31a2b,12/01/2013,Jan-13,1,2013,DE VILLIERS,Minor Dam,242,27.32,224.3,92.69
16983cec-e60d-435c-b670-07acb7816278,13/01/2013,Jan-13,1,2013,DE VILLIERS,Minor Dam,242,27.2,220.8,91.24
2cdac8d3-2ae3-46c8-8fb1-87ea2f92c868,14/01/2013,Jan-13,1,2013,DE VILLIERS,Minor Dam,242,27.08,217.5,89.88
d68d3d73-6a55-4ab2-b360-a76828269a30,15/01/2013,Jan-13,1,2013,DE VILLIERS,Minor Dam,242,26.96,214.3,88.55
c7e0902f-7d86-48b3-962d-7b1283b359e1,16/01/2013,Jan-13,1,2013,DE VILLIERS,Minor Dam,242,26.8,210,86.78
2db46d9d-63c2-4c0a-88ac-61df0821cb28,17/01/2013,Jan-13,1,2013,DE VILLIERS,Minor Dam,242,26.7,207.4,85.7
1e86962c-1d78-4a14-b3a8-86fa8602079e,18/01/2013,Jan-13,1,2013,DE VILLIERS,Minor Dam,242,26.56,203.7,84.17
9708a365-7723-4960-8bf8-24d7018a4e5d,19/01/2013,Jan-13,1,2013,DE VILLIERS,Minor Dam,242,26.42,200.1,82.69
85b225eb-5423-49d8-996e-b134ef10ee50,20/01/2013,Jan-13,1,2013,DE VILLIERS,Minor Dam,242,26.29,196.7,81.28
52bfe85e-8a58-46ea-8111-e4c5fcfd3661,21/01/2013,Jan-13,1,2013,DE VILLIERS,Minor Dam,242,26.17,193.7,80.04
c07ce340-7036-4c5c-a579-73d37c57211f,22/01/2013,Jan-13,1,2013,DE VILLIERS,Minor Dam,242,26.02,190.1,78.55
b7dced72-bcad-48ad-9685-12d08dfb844c,23/01/2013,Jan-13,1,2013,DE VILLIERS,Minor Dam,242,25.87,186.5,77.07
b31ece37-a741-4217-9a9a-62ce9a29f854,24/01/2013,Jan-13,1,2013,DE VILLIERS,Minor Dam,242,25.72,182.9,75.58
57ca4cc2-34d8-4a14-af46-a086e011555e,25/01/2013,Jan-13,1,2013,DE VILLIERS,Minor Dam,242,25.59,179.7,74.26
d1db0fb7-3a42-4a3c-ad97-c9bd24a02de7,26/01/2013,Jan-13,1,2013,DE VILLIERS,Minor Dam,242,25.44,176.2,72.81
32023c52-bc0a-4c05-8967-aec1f294d38c,27/01/2013,Jan-13,1,2013,DE VILLIERS,Minor Dam,242,25.29,172.6,71.32
040c5b1a-1c8f-4440-aecf-64a9e747de6c,28/01/2013,Jan-13,1,2013,DE VILLIERS,Minor Dam,242,25.13,168.9,69.79
805ec286-0ecd-4854-9f8a-50a32652b789,29/01/2013,Jan-13,1,2013,DE VILLIERS,Minor Dam,242,24.98,165.4,68.35
0195c07a-aa20-4a95-9679-1ec2171568e8,30/01/2013,Jan-13,1,2013,DE VILLIERS,Minor Dam,242,24.83,162.1,66.98
06627850-16c4-4e31-ab90-aea068dc4fcc,31/01/2013,Jan-13,1,2013,DE VILLIERS,Minor Dam,242,24.68,158.8,65.62
87789372-d25c-42ba-a7dc-a1d816a966b2,01/02/2013,Feb-13,2,2013,DE VILLIERS,Minor Dam,242,24.53,155.6,64.3
52ca4b65-5f5e-40f6-ad0b-620a4dc99252,02/02/2013,Feb-13,2,2013,DE VILLIERS,Minor Dam,242,24.39,152.6,63.06
63779a84-f6b8-4db1-9fe9-5d1012bac81c,03/02/2013,Feb-13,2,2013,DE VILLIERS,Minor Dam,242,24.26,149.9,61.94
90801189-4c75-4efe-a94f-7dd9870308f9,04/02/2013,Feb-13,2,2013,DE VILLIERS,Minor Dam,242,24.07,146,60.33
28116b52-9fb0-4824-a3fa-5c8f977489e9,05/02/2013,Feb-13,2,2013,DE VILLIERS,Minor Dam,242,23.91,142.8,59.01
f4fa16c7-cc7d-404f-b4a1-d6298e5e2cb7,06/02/2013,Feb-13,2,2013,DE VILLIERS,Minor Dam,242,23.72,139,57.44
f826cb9a-ba06-498a-86c6-0e1a292cd7a8,07/02/2013,Feb-13,2,2013,DE VILLIERS,Minor Dam,242,23.53,135.4,55.95
e8203692-c4bd-4578-a8f8-76429222216d,08/02/2013,Feb-13,2,2013,DE VILLIERS,Minor Dam,242,23.34,131.9,54.5
d1d03f51-6fcf-4fd6-a062-91900aa9c725,09/02/2013,Feb-13,2,2013,DE VILLIERS,Minor Dam,242,23.18,128.9,53.26
96e7db17-197e-49f2-a30f-5be3d37a8f9b,10/02/2013,Feb-13,2,2013,DE VILLIERS,Minor Dam,242,23.11,127.6,52.73
47b6b199-3054-491b-868a-71670a42b3db,11/02/2013,Feb-13,2,2013,DE VILLIERS,Minor Dam,242,22.96,124.9,51.61
88ce17f7-e721-4f6b-965b-73d6ef20bd6f,12/02/2013,Feb-13,2,2013,DE VILLIERS,Minor Dam,242,22.86,123.1,50.87
5924822d-442f-42a7-981c-1decefc85b38,13/02/2013,Feb-13,2,2013,DE VILLIERS,Minor Dam,242,22.68,119.9,49.55
2f76b2c8-9754-474e-91f4-d66b990863b0,14/02/2013,Feb-13,2,2013,DE VILLIERS,Minor Dam,242,22.53,117.3,48.47
f0e4dadd-c37c-447c-963e-f61dcba40fad,15/02/2013,Feb-13,2,2013,DE VILLIERS,Minor Dam,242,22.31,113.5,46.9
e04d031f-59c0-4c16-bcc2-daaf67d7c045,16/02/2013,Feb-13,2,2013,DE VILLIERS,Minor Dam,242,22.07,109.3,45.17
62ada013-881c-4ee0-9457-45199d6a7176,17/02/2013,Feb-13,2,2013,DE VILLIERS,Minor Dam,242,21.84,105.5,43.6
1a6a3cdf-d03f-42b5-85c6-e4f1429d2063,18/02/2013,Feb-13,2,2013,DE VILLIERS,Minor Dam,242,21.79,104.7,43.26
05b771ae-64da-44a4-b55d-d30cf05c9e81,19/02/2013,Feb-13,2,2013,DE VILLIERS,Minor Dam,242,21.6,101.7,42.02
73ec65d8-3b70-432c-ae95-dc67a1c73c0b,20/02/2013,Feb-13,2,2013,DE VILLIERS,Minor Dam,242,21.3,97,40.08
725d37e3-b47a-4f05-a0df-f844a6b10c84,21/02/2013,Feb-13,2,2013,DE VILLIERS,Minor Dam,242,20.97,92,38.02
ebc41533-1776-4265-b883-55be8bd0ad11,22/02/2013,Feb-13,2,2013,DE VILLIERS,Minor Dam,242,21.05,93.2,38.51
07e5cbb4-200e-43c7-ae05-3550149938d1,23/02/2013,Feb-13,2,2013,DE VILLIERS,Minor Dam,242,21.2,95.5,39.46
d1cb6cbb-52dd-4064-a524-f792406bfcb9,24/02/2013,Feb-13,2,2013,DE VILLIERS,Minor Dam,242,21.25,96.2,39.75
063c39bf-6a52-4c3d-9dcd-c0894a21cc53,25/02/2013,Feb-13,2,2013,DE VILLIERS,Minor Dam,242,21.27,96.5,39.88
f742f3b3-0494-48a4-b112-fb87e4c6594d,26/02/2013,Feb-13,2,2013,DE VILLIERS,Minor Dam,242,21.27,96.5,39.88
0b064c00-29c0-4b09-94d8-20d10a2fc494,27/02/2013,Feb-13,2,2013,DE VILLIERS,Minor Dam,242,21.57,101.2,41.82
4242e54b-777f-47fe-85c0-1bf456bed556,28/02/2013,Feb-13,2,2013,DE VILLIERS,Minor Dam,242,21.8,104.9,43.35
50cdfdab-9218-4241-be0a-435f37f3998a,01/03/2013,Mar-13,3,2013,DE VILLIERS,Minor Dam,242,22.33,113.8,47.02
fc294690-e9c8-4438-b47f-76b6c33d6103,02/03/2013,Mar-13,3,2013,DE VILLIERS,Minor Dam,242,22.88,123.5,51.03
24ab5f7a-101a-4032-b185-ccb8a7b030e1,03/03/2013,Mar-13,3,2013,DE VILLIERS,Minor Dam,242,23.32,131.5,54.34
98fddf39-ad4c-403d-bc4f-b4ac230666ea,04/03/2013,Mar-13,3,2013,DE VILLIERS,Minor Dam,242,23.63,137.3,56.74
9baf32e4-2367-4f00-b221-4b48884d9f8d,05/03/2013,Mar-13,3,2013,DE VILLIERS,Minor Dam,242,24.05,145.6,60.17
11aca6f7-8b0d-4706-88ff-0857f876d8d6,06/03/2013,Mar-13,3,2013,DE VILLIERS,Minor Dam,242,24.42,153.2,63.31
41ff7fbc-d3a3-49ad-ba67-28223caf129c,07/03/2013,Mar-13,3,2013,DE VILLIERS,Minor Dam,242,24.77,160.8,66.45
e87ac558-2b69-42ae-b779-9b489ba42d86,08/03/2013,Mar-13,3,2013,DE VILLIERS,Minor Dam,242,25.08,167.7,69.3
656147bd-640b-4b39-b99e-24ec8ae5de50,09/03/2013,Mar-13,3,2013,DE VILLIERS,Minor Dam,242,25.47,176.9,73.1
d79dac2f-be0b-4677-8038-ea40e3f63a92,10/03/2013,Mar-13,3,2013,DE VILLIERS,Minor Dam,242,25.8,184.8,76.36
61c62bfe-fc72-49e1-a927-96952309125c,11/03/2013,Mar-13,3,2013,DE VILLIERS,Minor Dam,242,26.02,190.1,78.55
2a9a12d6-d2df-4984-bd6c-2e046b087146,12/03/2013,Mar-13,3,2013,DE VILLIERS,Minor Dam,242,26.17,193.7,80.04
0f973cbb-ad3c-496f-b149-044c2dc181b6,13/03/2013,Mar-13,3,2013,DE VILLIERS,Minor Dam,242,26.3,197,81.4
e2496ad9-c5eb-4cfd-9500-c9801372db96,14/03/2013,Mar-13,3,2013,DE VILLIERS,Minor Dam,242,26.32,197.5,81.61
afb14893-1588-4997-85e7-21f38ea62609,15/03/2013,Mar-13,3,2013,DE VILLIERS,Minor Dam,242,26.33,197.8,81.74
65a2b0e5-c031-48f3-ac1d-c3004e328120,16/03/2013,Mar-13,3,2013,DE VILLIERS,Minor Dam,242,26.32,197.5,81.61
11777451-5913-4479-8c75-5b0db1bafe76,17/03/2013,Mar-13,3,2013,DE VILLIERS,Minor Dam,242,26.32,197.5,81.61
fa813c84-3155-4c57-b588-967626cf3dff,18/03/2013,Mar-13,3,2013,DE VILLIERS,Minor Dam,242,26.31,197.3,81.53
b193fc3e-4502-4efa-b76a-efd98ad70af6,19/03/2013,Mar-13,3,2013,DE VILLIERS,Minor Dam,242,26.3,197,81.4
99852b5e-3437-4d95-8ffd-f2b9ab2975ec,20/03/2013,Mar-13,3,2013,DE VILLIERS,Minor Dam,242,26.29,196.7,81.28
32bc9c8c-05a3-455c-9f9b-9b506e1e8c18,21/03/2013,Mar-13,3,2013,DE VILLIERS,Minor Dam,242,26.28,196.5,81.2
69b35306-f499-4b2b-af73-ff790157ce2d,22/03/2013,Mar-13,3,2013,DE VILLIERS,Minor Dam,242,26.28,196.5,81.2
bbb4f72e-d17e-4c3d-a570-4284cd8d9993,23/03/2013,Mar-13,3,2013,DE VILLIERS,Minor Dam,242,26.27,196.2,81.07
63281a8b-6dca-4039-9057-18acec4a0911,24/03/2013,Mar-13,3,2013,DE VILLIERS,Minor Dam,242,26.25,195.7,80.87
fc857241-810a-46e5-a9c0-36d3ff58fc7d,25/03/2013,Mar-13,3,2013,DE VILLIERS,Minor Dam,242,26.23,195.2,80.66
d3967da2-6daf-493d-99fa-578aa433fcdc,26/03/2013,Mar-13,3,2013,DE VILLIERS,Minor Dam,242,26.22,195,80.58
ca1cf5db-ea56-4e77-852f-b1d56d644519,27/03/2013,Mar-13,3,2013,DE VILLIERS,Minor Dam,242,26.21,194.7,80.45
03cabea9-64ec-4236-904d-a48d61e0e1f0,28/03/2013,Mar-13,3,2013,DE VILLIERS,Minor Dam,242,26.2,194.5,80.37
20ba2541-e3a8-480d-bffc-99a150073a54,29/03/2013,Mar-13,3,2013,DE VILLIERS,Minor Dam,242,26.2,194.5,80.37
98f77d48-187b-45c2-80b3-790bcdde7e32,30/03/2013,Mar-13,3,2013,DE VILLIERS,Minor Dam,242,26.21,194.7,80.45
2dd8cc87-90cc-43ea-8b84-409b22297dc1,31/03/2013,Mar-13,3,2013,DE VILLIERS,Minor Dam,242,26.2,194.5,80.37
9dddb86e-9799-48df-b103-6340179fe7e6,01/04/2013,Apr-13,4,2013,DE VILLIERS,Minor Dam,242,26.18,194,80.17
0e9bcafa-15b4-4962-af6b-271be7e7ea9d,02/04/2013,Apr-13,4,2013,DE VILLIERS,Minor Dam,242,26.23,195.2,80.66
ba0887be-ccf4-4bc0-8e0a-c7cd96752f3b,03/04/2013,Apr-13,4,2013,DE VILLIERS,Minor Dam,242,26.37,198.8,82.15
b94559b6-71ea-48a0-bf85-e2b7ee552ceb,04/04/2013,Apr-13,4,2013,DE VILLIERS,Minor Dam,242,26.3,197,81.4
46218b39-2bac-4fd5-a210-6dd210785ff8,05/04/2013,Apr-13,4,2013,DE VILLIERS,Minor Dam,242,26.17,193.7,80.04
a28be01e-723d-4ef2-bcee-8682f54f16c8,06/04/2013,Apr-13,4,2013,DE VILLIERS,Minor Dam,242,26.03,190.4,78.68
9ea0fd0a-30a7-4204-9d85-152ef5f1a9cd,07/04/2013,Apr-13,4,2013,DE VILLIERS,Minor Dam,242,25.83,185.5,76.65
72e90c97-9fdf-4677-b7f0-fac9e35ae1ff,08/04/2013,Apr-13,4,2013,DE VILLIERS,Minor Dam,242,25.72,182.9,75.58
c7e1e9fe-2458-47b4-b907-c05919e41b4f,09/04/2013,Apr-13,4,2013,DE VILLIERS,Minor Dam,242,25.58,179.5,74.17
df7d17f9-76f7-4501-9eef-b2a42a2060d5,10/04/2013,Apr-13,4,2013,DE VILLIERS,Minor Dam,242,25.48,177.1,73.18
1183bf57-12a3-40b2-a70b-e4d12a28028a,11/04/2013,Apr-13,4,2013,DE VILLIERS,Minor Dam,242,25.34,173.8,71.82
5f993970-6fd7-4c8c-91d8-11136803f2af,12/04/2013,Apr-13,4,2013,DE VILLIERS,Minor Dam,242,25.23,171.2,70.74
f7b32c16-cc5a-497c-a618-47b8ba518735,13/04/2013,Apr-13,4,2013,DE VILLIERS,Minor Dam,242,25.08,167.7,69.3
38e6364f-79d6-4f20-81f6-1251172e0c32,14/04/2013,Apr-13,4,2013,DE VILLIERS,Minor Dam,242,24.98,165.4,68.35
644aac5c-ec2a-4cb0-92ac-eba32d8f0e73,15/04/2013,Apr-13,4,2013,DE VILLIERS,Minor Dam,242,24.84,162.3,67.07
f807325e-53bb-4b95-b601-a01cd21607c9,16/04/2013,Apr-13,4,2013,DE VILLIERS,Minor Dam,242,24.68,158.8,65.62
71d200ba-4d0b-4a9c-97a5-abb4f321882f,17/04/2013,Apr-13,4,2013,DE VILLIERS,Minor Dam,242,24.52,155.4,64.21
bc5a6c88-b59a-46d3-a035-6ba1f1391700,18/04/2013,Apr-13,4,2013,DE VILLIERS,Minor Dam,242,24.7,159.2,65.79
9ba27e3e-996f-4ed3-9b17-4d45d1c4f177,19/04/2013,Apr-13,4,2013,DE VILLIERS,Minor Dam,242,25.64,180.9,74.75
9d84e550-da8c-48c0-854b-e4a56ae2f325,20/04/2013,Apr-13,4,2013,DE VILLIERS,Minor Dam,242,25.75,183.6,75.87
08e4f13c-5f51-4f58-84cb-3f473a65dc0f,21/04/2013,Apr-13,4,2013,DE VILLIERS,Minor Dam,242,25.8,184.8,76.36
9ec3afd1-3a34-4273-80e6-88f485643d35,22/04/2013,Apr-13,4,2013,DE VILLIERS,Minor Dam,242,25.75,183.6,75.87
d6add752-d47b-4bca-8218-b30751a3ef2e,23/04/2013,Apr-13,4,2013,DE VILLIERS,Minor Dam,242,25.67,181.7,75.08
c71cd825-9847-4544-a256-eeb2ec7c2543,24/04/2013,Apr-13,4,2013,DE VILLIERS,Minor Dam,242,25.6,180,74.38
3e749882-b786-415a-8d77-3cfcb9cd952f,25/04/2013,Apr-13,4,2013,DE VILLIERS,Minor Dam,242,25.51,177.8,73.47
066c284f-67ec-4850-abc3-f6f179eab620,26/04/2013,Apr-13,4,2013,DE VILLIERS,Minor Dam,242,25.42,175.7,72.6
e523d43d-ef94-4b14-97d7-138d8f9409e9,27/04/2013,Apr-13,4,2013,DE VILLIERS,Minor Dam,242,25.32,173.3,71.61
6f9faeaa-47e5-4f93-9489-8dbdc134b336,28/04/2013,Apr-13,4,2013,DE VILLIERS,Minor Dam,242,25.23,171.2,70.74
3bbd5e52-3d42-40fc-baf7-ddd71f018c2a,29/04/2013,Apr-13,4,2013,DE VILLIERS,Minor Dam,242,25.1,168.2,69.5
81cc07ac-1bdd-4957-9308-0a7e8376f8d2,30/04/2013,Apr-13,4,2013,DE VILLIERS,Minor Dam,242,25.02,166.3,68.72
2e90d02f-0944-45be-a1ba-96e604aa35da,01/05/2013,May-13,5,2013,DE VILLIERS,Minor Dam,242,24.94,164.5,67.98
bc53e94a-c8b8-4592-bced-172bb731c7e1,02/05/2013,May-13,5,2013,DE VILLIERS,Minor Dam,242,24.84,162.3,67.07
6705749d-41b7-47a3-b59a-26e7d08bfe62,03/05/2013,May-13,5,2013,DE VILLIERS,Minor Dam,242,24.74,160.1,66.16
50b8fd54-5a98-44af-b502-e9e1e72e6ff8,04/05/2013,May-13,5,2013,DE VILLIERS,Minor Dam,242,24.67,158.6,65.54
0dc93683-26e3-4b93-b2cb-dab9f7411859,05/05/2013,May-13,5,2013,DE VILLIERS,Minor Dam,242,24.6,157.1,64.92
d4ee5f96-771f-4e39-9ed3-40d94e5dbfdc,06/05/2013,May-13,5,2013,DE VILLIERS,Minor Dam,242,24.41,153,63.22
80a04ae2-8307-46a7-820d-a4b74e6f1602,07/05/2013,May-13,5,2013,DE VILLIERS,Minor Dam,242,24.4,152.8,63.14
03cfdbf8-dbf8-4283-9b85-e8161efad983,08/05/2013,May-13,5,2013,DE VILLIERS,Minor Dam,242,24.3,150.7,62.27
e22c071f-0cc4-4845-a38b-1f92bdc54a69,09/05/2013,May-13,5,2013,DE VILLIERS,Minor Dam,242,24.2,148.6,61.4
ca3d6d25-4f45-45ef-be7d-8b190dc37453,10/05/2013,May-13,5,2013,DE VILLIERS,Minor Dam,242,24.1,146.6,60.58
4c7d98a8-44c5-411c-aa65-c95d66b140c3,11/05/2013,May-13,5,2013,DE VILLIERS,Minor Dam,242,24,144.6,59.75
1837255f-bc29-447a-ba74-54038bd205c0,12/05/2013,May-13,5,2013,DE VILLIERS,Minor Dam,242,23.9,142.6,58.93
28e756b8-b9d7-4786-a374-e55bb2455c23,13/05/2013,May-13,5,2013,DE VILLIERS,Minor Dam,242,23.8,140.6,58.1
90c95717-36db-4cdb-98b7-27fba26b2596,14/05/2013,May-13,5,2013,DE VILLIERS,Minor Dam,242,23.69,138.5,57.23
44e61b35-5747-4e5b-a17c-fdf0cc247446,15/05/2013,May-13,5,2013,DE VILLIERS,Minor Dam,242,23.57,136.2,56.28
6d77eb9c-4c75-4d57-b15f-502cb58c3246,16/05/2013,May-13,5,2013,DE VILLIERS,Minor Dam,242,23.35,132.1,54.59
2f7918db-a440-449d-906a-0135af568e12,17/05/2013,May-13,5,2013,DE VILLIERS,Minor Dam,242,23.18,128.9,53.26
ca911c82-f723-4b9d-a46f-2592c0fc7a65,18/05/2013,May-13,5,2013,DE VILLIERS,Minor Dam,242,23.01,125.8,51.98
5d4e8892-fa87-4445-bcee-b62787d64586,19/05/2013,May-13,5,2013,DE VILLIERS,Minor Dam,242,22.82,122.4,50.58
c3c39125-174a-4d5e-a7ef-3683d318f990,20/05/2013,May-13,5,2013,DE VILLIERS,Minor Dam,242,22.65,119.4,49.34
0115790b-f43e-4e77-bce0-b7027b8fdbca,21/05/2013,May-13,5,2013,DE VILLIERS,Minor Dam,242,22.46,116.1,47.98
cc3d9422-c600-498f-92b9-29436990bff8,22/05/2013,May-13,5,2013,DE VILLIERS,Minor Dam,242,22.3,113.3,46.82
716d4d79-d71d-4f7c-8c11-07d4d80c2009,23/05/2013,May-13,5,2013,DE VILLIERS,Minor Dam,242,22.11,110,45.45
970c19bf-7753-4174-bf06-59965e5e03aa,24/05/2013,May-13,5,2013,DE VILLIERS,Minor Dam,242,21.94,107.1,44.26
d3c46173-15a4-44ee-aea3-55486ecc84b9,25/05/2013,May-13,5,2013,DE VILLIERS,Minor Dam,242,21.75,104,42.98
9347b54d-4678-4d57-9d04-d4d95e866565,26/05/2013,May-13,5,2013,DE VILLIERS,Minor Dam,242,21.56,101,41.74
738fe86b-7121-4574-b977-3b9cacf54f61,27/05/2013,May-13,5,2013,DE VILLIERS,Minor Dam,242,21.39,98.4,40.66
fbc5a371-a20a-4e0e-9211-41d051df23c8,28/05/2013,May-13,5,2013,DE VILLIERS,Minor Dam,242,21.87,106,43.8
d6b4eb7a-f27d-4b29-88a7-8820fbfe07a9,29/05/2013,May-13,5,2013,DE VILLIERS,Minor Dam,242,22.06,109.2,45.12
76b1b1e3-2a93-451a-98ac-9ee032edbe05,30/05/2013,May-13,5,2013,DE VILLIERS,Minor Dam,242,22.13,110.4,45.62
9bec6715-9ec5-4da9-a009-140219ffff6e,31/05/2013,May-13,5,2013,DE VILLIERS,Minor Dam,242,22.43,115.5,47.73
1911bd9c-4844-4059-9618-d382091e1bcf,01/06/2013,Jun-13,6,2013,DE VILLIERS,Minor Dam,242,22.83,122.6,50.66
d33f0704-ee1b-4cc2-81b0-f3f5ca10775c,02/06/2013,Jun-13,6,2013,DE VILLIERS,Minor Dam,242,23.12,127.8,52.81
5bb94333-6151-4ead-9d1f-5e2cda2adfc2,03/06/2013,Jun-13,6,2013,DE VILLIERS,Minor Dam,242,24.35,151.7,62.69
8197c128-cd17-461f-aa46-797fe2b66562,04/06/2013,Jun-13,6,2013,DE VILLIERS,Minor Dam,242,24.8,161.4,66.69
64609c58-956d-4ed7-89dc-4deec6850ed7,05/06/2013,Jun-13,6,2013,DE VILLIERS,Minor Dam,242,24.98,165.4,68.35
96b82599-7fbd-4cbb-bbca-f90f8991a747,06/06/2013,Jun-13,6,2013,DE VILLIERS,Minor Dam,242,25.14,169.1,69.88
9336e02a-b8db-48f0-9ea5-effe9feccdb5,07/06/2013,Jun-13,6,2013,DE VILLIERS,Minor Dam,242,25.2,170.5,70.45
be5e515d-3f8c-4ac6-8324-5025a2073ad8,08/06/2013,Jun-13,6,2013,DE VILLIERS,Minor Dam,242,25.26,171.9,71.03
6ce8a178-9af1-4031-bff0-dfec2520789d,09/06/2013,Jun-13,6,2013,DE VILLIERS,Minor Dam,242,25.56,179,73.97
49266fe0-dd31-416d-b8ba-135ccc2daacf,10/06/2013,Jun-13,6,2013,DE VILLIERS,Minor Dam,242,25.85,186,76.86
f0069f7a-6c5c-48c0-90d3-e4b6c7f5bfe9,11/06/2013,Jun-13,6,2013,DE VILLIERS,Minor Dam,242,25.95,188.4,77.85
c0b41896-0c60-4207-be9c-a64f261e0518,12/06/2013,Jun-13,6,2013,DE VILLIERS,Minor Dam,242,26,189.6,78.35
d1c5bc20-b189-4347-a295-971ca31edf02,13/06/2013,Jun-13,6,2013,DE VILLIERS,Minor Dam,242,26.02,190.1,78.55
389b92c5-5b9c-481d-85a3-629bf7cfbed5,14/06/2013,Jun-13,6,2013,DE VILLIERS,Minor Dam,242,26.06,191.1,78.97
1b202588-3c4f-43d0-a46d-fc3b0c5f821a,15/06/2013,Jun-13,6,2013,DE VILLIERS,Minor Dam,242,26.1,192,79.34
1e6798e5-7e97-429d-9ec2-08d8ca78d7f6,16/06/2013,Jun-13,6,2013,DE VILLIERS,Minor Dam,242,26.2,194.5,80.37
813ae71c-9693-4ad9-9bfb-e2804a37a70f,17/06/2013,Jun-13,6,2013,DE VILLIERS,Minor Dam,242,26.23,195.2,80.66
062c1497-4c97-4f6e-b4cd-0a098028c64c,18/06/2013,Jun-13,6,2013,DE VILLIERS,Minor Dam,242,26.19,194.2,80.25
fa74f378-62d8-48a2-85ce-0c87b0ea617b,19/06/2013,Jun-13,6,2013,DE VILLIERS,Minor Dam,242,26.12,192.5,79.55
53c7840b-cf6c-4f54-9d9d-7d9724419157,20/06/2013,Jun-13,6,2013,DE VILLIERS,Minor Dam,242,26.1,192,79.34
381fdc60-7cd6-4d62-9be8-068386e7c19b,21/06/2013,Jun-13,6,2013,DE VILLIERS,Minor Dam,242,26.17,193.7,80.04
a144d41d-2253-4fcf-9161-ce5e29fac42a,22/06/2013,Jun-13,6,2013,DE VILLIERS,Minor Dam,242,26.24,195.5,80.79
c3258fe4-e1bc-4e59-baad-3b19feacad37,23/06/2013,Jun-13,6,2013,DE VILLIERS,Minor Dam,242,26.32,197.5,81.61
e8a575a0-52ab-4023-aa36-6cc882a95c76,24/06/2013,Jun-13,6,2013,DE VILLIERS,Minor Dam,242,26.27,196.2,81.07
49b2ca56-5687-4c81-93a0-ba6b957130c9,25/06/2013,Jun-13,6,2013,DE VILLIERS,Minor Dam,242,26.23,195.2,80.66
6a8fa726-1d94-4004-9b45-329d73bbee96,26/06/2013,Jun-13,6,2013,DE VILLIERS,Minor Dam,242,26.65,206.1,85.17
9e04fe49-35c9-4a0c-8301-10d0b9fab4bf,27/06/2013,Jun-13,6,2013,DE VILLIERS,Minor Dam,242,26.89,212.4,87.77
f1159d6e-f737-4f74-9519-d9016d2899f0,28/06/2013,Jun-13,6,2013,DE VILLIERS,Minor Dam,242,27,215.3,88.97
3a551840-fe91-4a6b-bb32-88c1a0ab42df,29/06/2013,Jun-13,6,2013,DE VILLIERS,Minor Dam,242,27.09,217.8,90
17bbc81e-c4d2-4d84-8f7c-f1b8408cd405,30/06/2013,Jun-13,6,2013,DE VILLIERS,Minor Dam,242,27.13,218.9,90.45
47470b14-a769-4635-ac00-a86efc75cbfe,01/07/2013,Jul-13,7,2013,DE VILLIERS,Minor Dam,242,27.15,219.4,90.66
c61e3ad3-3cf2-4082-b42a-e4b3b27fae1f,02/07/2013,Jul-13,7,2013,DE VILLIERS,Minor Dam,242,27.13,218.9,90.45
bbfdce99-f01e-4ad4-a81f-c2b11f60677f,03/07/2013,Jul-13,7,2013,DE VILLIERS,Minor Dam,242,27.1,218,90.08
1fbf9ab4-38ec-4a29-b012-cf852ea636f8,04/07/2013,Jul-13,7,2013,DE VILLIERS,Minor Dam,242,27.07,217.2,89.75
65f0db15-77ff-4b95-9f62-23313d21b9b2,05/07/2013,Jul-13,7,2013,DE VILLIERS,Minor Dam,242,27.04,216.4,89.42
5c5ac3bf-b367-498d-8f0e-def8283a09eb,06/07/2013,Jul-13,7,2013,DE VILLIERS,Minor Dam,242,27,215.3,88.97
d54cb47e-01dc-4d70-9b02-ca5d80ccc9f5,07/07/2013,Jul-13,7,2013,DE VILLIERS,Minor Dam,242,26.95,214,88.43
c3582bc4-8af9-4081-9fd4-9d85225d401c,08/07/2013,Jul-13,7,2013,DE VILLIERS,Minor Dam,242,26.89,212.4,87.77
e8f08255-91d0-41d1-a157-a0ac93824c50,09/07/2013,Jul-13,7,2013,DE VILLIERS,Minor Dam,242,26.87,211.8,87.52
736d06e1-8d22-4b08-b9dd-d54f2962804a,10/07/2013,Jul-13,7,2013,DE VILLIERS,Minor Dam,242,26.84,211.1,87.23
39822742-2ca9-40e1-8f99-41ac255f744b,11/07/2013,Jul-13,7,2013,DE VILLIERS,Minor Dam,242,26.79,209.7,86.65
ea069f72-1cf7-463d-a9eb-a9713be0515f,12/07/2013,Jul-13,7,2013,DE VILLIERS,Minor Dam,242,26.73,208.1,85.99
120d721a-dd90-46da-b392-aa216e43e040,13/07/2013,Jul-13,7,2013,DE VILLIERS,Minor Dam,242,26.68,206.8,85.45
5fdc604a-927f-404c-986a-c3d8728dfde8,14/07/2013,Jul-13,7,2013,DE VILLIERS,Minor Dam,242,26.63,205.5,84.92
715a089f-3e7e-4cd3-ad4b-96c719f26511,15/07/2013,Jul-13,7,2013,DE VILLIERS,Minor Dam,242,26.63,205.5,84.92
3e4f9a12-a181-4e51-b5f4-bbfee5c89f9d,16/07/2013,Jul-13,7,2013,DE VILLIERS,Minor Dam,242,26.51,202.4,83.64
dc929f6a-18ac-4f06-99b5-b33a7a1cd0e6,17/07/2013,Jul-13,7,2013,DE VILLIERS,Minor Dam,242,26.42,200.1,82.69
663a69fe-00ce-4915-a8b8-aaf726898b46,18/07/2013,Jul-13,7,2013,DE VILLIERS,Minor Dam,242,26.38,199,82.23
b08e4889-0a68-46a6-b2e2-4dba14f71055,19/07/2013,Jul-13,7,2013,DE VILLIERS,Minor Dam,242,26.33,197.8,81.74
1f2f265a-6062-4f41-8d22-ad62bae5f3ca,20/07/2013,Jul-13,7,2013,DE VILLIERS,Minor Dam,242,26.46,201.1,83.1
65400c3f-6a3e-4e93-aa07-66fa07215094,21/07/2013,Jul-13,7,2013,DE VILLIERS,Minor Dam,242,26.66,206.3,85.25
8ce07cbe-b4a8-4956-b716-afcc6453a8f9,22/07/2013,Jul-13,7,2013,DE VILLIERS,Minor Dam,242,26.74,208.4,86.12
35a79dc9-8e89-4d1b-a68a-23fad24dc5d4,23/07/2013,Jul-13,7,2013,DE VILLIERS,Minor Dam,242,27.02,215.9,89.21
2777a215-8a9d-4ad7-92d2-475eac9650a0,24/07/2013,Jul-13,7,2013,DE VILLIERS,Minor Dam,242,26.89,212.4,87.77
d0d5910b-5877-4689-8de5-d77be0f9ab2d,25/07/2013,Jul-13,7,2013,DE VILLIERS,Minor Dam,242,26.95,214,88.43
962a23cc-3e9f-49e0-9ff3-11aa01f4f0a5,26/07/2013,Jul-13,7,2013,DE VILLIERS,Minor Dam,242,27,215.3,88.97
0cacf04b-067a-45c1-a008-af9442610cea,27/07/2013,Jul-13,7,2013,DE VILLIERS,Minor Dam,242,27.03,216.1,89.3
a93ef965-4f9d-4cfb-b396-133923c0b5ef,28/07/2013,Jul-13,7,2013,DE VILLIERS,Minor Dam,242,27.21,221.1,91.36
c11cc8d6-dc42-43be-988c-bddf110f74b5,29/07/2013,Jul-13,7,2013,DE VILLIERS,Minor Dam,242,27.44,227.9,94.17
01f8d816-b4ea-420a-a834-1a04fee828bb,30/07/2013,Jul-13,7,2013,DE VILLIERS,Minor Dam,242,27.48,229.2,94.71
de0668bf-732b-402b-ba5b-7194eaa61821,31/07/2013,Jul-13,7,2013,DE VILLIERS,Minor Dam,242,27.56,231.8,95.79
19ba30b0-6bd8-4130-9fb0-0001cfae9eb9,01/08/2013,Aug-13,8,2013,DE VILLIERS,Minor Dam,242,27.58,232.5,96.07
b37b3e45-050e-429f-962c-ce183dabba0f,02/08/2013,Aug-13,8,2013,DE VILLIERS,Minor Dam,242,27.58,232.5,96.07
db4eafd5-fb03-4e71-b8d4-991667c01bbb,03/08/2013,Aug-13,8,2013,DE VILLIERS,Minor Dam,242,27.55,231.5,95.66
f7bcc645-200a-4fe0-8c07-41dc16ece0a4,04/08/2013,Aug-13,8,2013,DE VILLIERS,Minor Dam,242,27.48,229.2,94.71
4098cc3d-d3ce-477c-9370-2f98d6b17baf,05/08/2013,Aug-13,8,2013,DE VILLIERS,Minor Dam,242,27.45,228.2,94.3
dc05a0aa-1a4e-4a8a-b688-18967f252608,06/08/2013,Aug-13,8,2013,DE VILLIERS,Minor Dam,242,27.38,226,93.39
821b23da-c079-4f06-8e41-ef207f790eb7,07/08/2013,Aug-13,8,2013,DE VILLIERS,Minor Dam,242,27.34,224.9,92.93
a3653d2d-9da8-46fc-bcb5-4b0c7d8563c3,08/08/2013,Aug-13,8,2013,DE VILLIERS,Minor Dam,242,27.32,224.3,92.69
a5d59033-9c35-421c-bcff-eae714c8ca02,09/08/2013,Aug-13,8,2013,DE VILLIERS,Minor Dam,242,27.38,226,93.39
dfe4c3fc-e3a1-4367-8b57-f60e1cc50972,10/08/2013,Aug-13,8,2013,DE VILLIERS,Minor Dam,242,27.37,225.8,93.31
d0e7c83e-e524-4b08-879e-96a8cd444293,11/08/2013,Aug-13,8,2013,DE VILLIERS,Minor Dam,242,27.37,225.8,93.31
4dc95c7f-5c0d-4580-921b-ccbd5379aefb,12/08/2013,Aug-13,8,2013,DE VILLIERS,Minor Dam,242,27.38,226,93.39
eb65ef07-bef9-4ed1-b9a5-2cf16aa88334,13/08/2013,Aug-13,8,2013,DE VILLIERS,Minor Dam,242,27.38,226,93.39
beaa84c6-ce69-4d44-994f-0e94c037ae8a,14/08/2013,Aug-13,8,2013,DE VILLIERS,Minor Dam,242,27.7,236.5,97.73
ce13a1d2-8b85-4791-84cc-ec6db76e16b6,15/08/2013,Aug-13,8,2013,DE VILLIERS,Minor Dam,242,27.84,242.4,100.17
a47bfef2-97a8-42b7-9a11-bde17f835f69,16/08/2013,Aug-13,8,2013,DE VILLIERS,Minor Dam,242,27.9,245,101.24
5f3c5ba9-8cee-45fe-9f87-cd02225ff2e1,17/08/2013,Aug-13,8,2013,DE VILLIERS,Minor Dam,242,27.9,245,101.24
875f5c21-1327-4df4-b8a5-9640e4a07886,18/08/2013,Aug-13,8,2013,DE VILLIERS,Minor Dam,242,27.9,245,101.24
6af6cb10-14e8-4349-b003-6a7849bf9d0a,19/08/2013,Aug-13,8,2013,DE VILLIERS,Minor Dam,242,27.88,244.1,100.87
d875542d-e859-4c6b-93a4-9dcd13b0fce3,20/08/2013,Aug-13,8,2013,DE VILLIERS,Minor Dam,242,27.88,244.1,100.87
95919852-fb5e-4518-8b50-783d775a7104,21/08/2013,Aug-13,8,2013,DE VILLIERS,Minor Dam,242,27.86,243.3,100.54
f50bc5ad-8ab9-4a23-bfff-941f190723a7,22/08/2013,Aug-13,8,2013,DE VILLIERS,Minor Dam,242,27.93,246.2,101.74
daf276ff-e5e9-457d-b0e4-a24f8059a611,23/08/2013,Aug-13,8,2013,DE VILLIERS,Minor Dam,242,27.89,244.6,101.07
89ba7e88-fe9e-466c-a195-87e91459246a,24/08/2013,Aug-13,8,2013,DE VILLIERS,Minor Dam,242,27.86,243.3,100.54
097d6238-16f1-49e7-96c7-84371afb9054,25/08/2013,Aug-13,8,2013,DE VILLIERS,Minor Dam,242,27.84,242.4,100.17
96bb4a08-a285-4cf0-8bbf-9949ab4cf1df,26/08/2013,Aug-13,8,2013,DE VILLIERS,Minor Dam,242,27.84,242.4,100.17
6e9ba701-d068-43be-96fc-ee21acedfdd1,27/08/2013,Aug-13,8,2013,DE VILLIERS,Minor Dam,242,27.84,242.4,100.17
f61a010b-20a5-4034-8af9-b2adc8e2b79f,28/08/2013,Aug-13,8,2013,DE VILLIERS,Minor Dam,242,27.84,242.4,100.17
2f312c92-60be-4571-91ad-78f18a00d810,29/08/2013,Aug-13,8,2013,DE VILLIERS,Minor Dam,242,27.9,245,101.24
9c28741c-e9a8-4ac8-bb35-e011f5e3a082,30/08/2013,Aug-13,8,2013,DE VILLIERS,Minor Dam,242,27.9,245,101.24
7fd9f4ae-1e92-48f5-8dcc-dc3513f049e0,31/08/2013,Aug-13,8,2013,DE VILLIERS,Minor Dam,242,27.9,245,101.24
2c40fa5a-7adf-4cb2-8b6f-5a599eacbea7,01/09/2013,Sep-13,9,2013,DE VILLIERS,Minor Dam,242,27.86,243.3,100.54
3bfe548c-3e73-441d-851f-7a162c6a9bd4,02/09/2013,Sep-13,9,2013,DE VILLIERS,Minor Dam,242,27.85,242.9,100.37
8cb32ccf-4634-42ec-af74-3f962397ba78,03/09/2013,Sep-13,9,2013,DE VILLIERS,Minor Dam,242,27.85,242.9,100.37
b0808887-6ec2-4782-adaf-a79c0513799e,04/09/2013,Sep-13,9,2013,DE VILLIERS,Minor Dam,242,27.88,244.1,100.87
7e877749-3f65-42af-8295-ec7fc34dea63,05/09/2013,Sep-13,9,2013,DE VILLIERS,Minor Dam,242,27.86,243.3,100.54
e0bd539b-2975-4a79-b5e3-a819a425bc7d,06/09/2013,Sep-13,9,2013,DE VILLIERS,Minor Dam,242,27.84,242.4,100.17
1b752366-bbbe-461d-bbe9-2afb0199394a,07/09/2013,Sep-13,9,2013,DE VILLIERS,Minor Dam,242,27.84,242.4,100.17
2c256027-87bd-4ee7-bf40-e76fba349660,08/09/2013,Sep-13,9,2013,DE VILLIERS,Minor Dam,242,27.84,242.4,100.17
ea9e3822-4bfc-4855-9e65-8af05f2f736c,09/09/2013,Sep-13,9,2013,DE VILLIERS,Minor Dam,242,27.84,242.4,100.17
d686c491-fa03-443f-a425-e1d076eb56b1,10/09/2013,Sep-13,9,2013,DE VILLIERS,Minor Dam,242,27.85,242.9,100.37
6732197a-5e72-4b83-b196-02f62209bb21,11/09/2013,Sep-13,9,2013,DE VILLIERS,Minor Dam,242,27.85,242.9,100.37
6e6ef149-74c0-4e41-8ba8-a16b18841848,12/09/2013,Sep-13,9,2013,DE VILLIERS,Minor Dam,242,27.86,243.3,100.54
f9644a4c-4942-47e5-a3bd-2fb42605459a,13/09/2013,Sep-13,9,2013,DE VILLIERS,Minor Dam,242,27.84,242.4,100.17
f396af4c-aefd-4891-bdf0-1d4a74fa670d,14/09/2013,Sep-13,9,2013,DE VILLIERS,Minor Dam,242,27.88,244.1,100.87
e04c200c-a506-45cd-8f59-3de670d7ed74,15/09/2013,Sep-13,9,2013,DE VILLIERS,Minor Dam,242,27.88,244.1,100.87
6dc5e9ea-b40d-4683-a3b2-50b1693d8756,16/09/2013,Sep-13,9,2013,DE VILLIERS,Minor Dam,242,27.86,243.3,100.54
86707ec1-d172-4ba6-a72f-14887a2c71a8,17/09/2013,Sep-13,9,2013,DE VILLIERS,Minor Dam,242,27.86,243.3,100.54
bc2bc9f0-7b51-44bc-acc0-96ed728841f7,18/09/2013,Sep-13,9,2013,DE VILLIERS,Minor Dam,242,27.86,243.3,100.54
5d211705-15be-4cf8-9cc8-fbc2b49ee11f,19/09/2013,Sep-13,9,2013,DE VILLIERS,Minor Dam,242,27.88,244.1,100.87
7a1cf0d3-3ebd-4361-b560-97d4076f4bef,20/09/2013,Sep-13,9,2013,DE VILLIERS,Minor Dam,242,27.87,243.7,100.7
24425a9b-d82a-4257-b7f5-de6c9a12c1ed,21/09/2013,Sep-13,9,2013,DE VILLIERS,Minor Dam,242,27.88,244.1,100.87
3a2635e7-4294-4ef4-8623-96299a8baed5,22/09/2013,Sep-13,9,2013,DE VILLIERS,Minor Dam,242,27.88,244.1,100.87
e264cf3d-07d3-47e8-947a-f967fad88cbc,23/09/2013,Sep-13,9,2013,DE VILLIERS,Minor Dam,242,27.83,242,100
859394cc-d1d7-4b43-a76f-33b6c761a877,24/09/2013,Sep-13,9,2013,DE VILLIERS,Minor Dam,242,27.84,242.4,100.17
2f9e4699-feb1-4c50-9fcb-17e780498db1,25/09/2013,Sep-13,9,2013,DE VILLIERS,Minor Dam,242,27.84,242.4,100.17
4089fa61-fdb4-44e0-8a92-bb6f3118a67e,26/09/2013,Sep-13,9,2013,DE VILLIERS,Minor Dam,242,27.84,242.4,100.17
b580f2c0-8d15-4003-8431-ec7a3ab1025d,27/09/2013,Sep-13,9,2013,DE VILLIERS,Minor Dam,242,27.84,242.4,100.17
4bc2b29d-67f8-49c4-b9dd-2e045b200145,28/09/2013,Sep-13,9,2013,DE VILLIERS,Minor Dam,242,27.86,243.3,100.54
27df88c5-a7c0-4916-aaec-f343afa1465d,29/09/2013,Sep-13,9,2013,DE VILLIERS,Minor Dam,242,27.86,243.3,100.54
2912a428-01d1-44dd-81e2-95db693587bb,30/09/2013,Sep-13,9,2013,DE VILLIERS,Minor Dam,242,27.86,243.3,100.54
24d8cbea-fec5-40cb-8bee-81dd5c950703,01/10/2013,Oct-13,10,2013,DE VILLIERS,Minor Dam,242,27.86,243.3,100.54
d20e822f-63df-4f49-971f-7be951d91fdf,02/10/2013,Oct-13,10,2013,DE VILLIERS,Minor Dam,242,27.84,242.4,100.17
d1cc5b9f-c1f9-4ebb-857e-61649b7d9153,03/10/2013,Oct-13,10,2013,DE VILLIERS,Minor Dam,242,27.84,242.4,100.17
e4db98e4-ed82-4768-b226-dd7b2f1dd1c5,04/10/2013,Oct-13,10,2013,DE VILLIERS,Minor Dam,242,27.84,242.4,100.17
9e3df801-f941-4509-81bb-6da26094dbfe,05/10/2013,Oct-13,10,2013,DE VILLIERS,Minor Dam,242,27.83,242,100
beee5ce1-42df-46b4-8a10-e06f4461b2fd,06/10/2013,Oct-13,10,2013,DE VILLIERS,Minor Dam,242,27.84,242.4,100.17
fab261c5-6a82-4fb5-b517-832faa94c2cd,07/10/2013,Oct-13,10,2013,DE VILLIERS,Minor Dam,242,27.84,242.4,100.17
8574f85f-aba9-4759-9d49-ffe9b3dd492e,08/10/2013,Oct-13,10,2013,DE VILLIERS,Minor Dam,242,27.82,241.6,99.83
6157596b-b044-42e1-abbb-55a88997fd19,09/10/2013,Oct-13,10,2013,DE VILLIERS,Minor Dam,242,27.82,241.6,99.83
cba13c43-84af-42d5-9fe4-24902c727a0b,10/10/2013,Oct-13,10,2013,DE VILLIERS,Minor Dam,242,27.82,241.6,99.83
318d4ceb-9c52-4498-8e4d-f514b7e77928,11/10/2013,Oct-13,10,2013,DE VILLIERS,Minor Dam,242,27.82,241.6,99.83
6b2b7a49-7ada-4c7e-8755-adcfcd5ea70d,12/10/2013,Oct-13,10,2013,DE VILLIERS,Minor Dam,242,27.82,241.6,99.83
181ef237-e6d9-475a-9299-2bd7be24efcf,13/10/2013,Oct-13,10,2013,DE VILLIERS,Minor Dam,242,27.82,241.6,99.83
50b59543-519e-4e41-b410-56c270ccc904,14/10/2013,Oct-13,10,2013,DE VILLIERS,Minor Dam,242,27.83,242,100
a4b422b6-2197-440c-9a2d-7565cb161ea2,15/10/2013,Oct-13,10,2013,DE VILLIERS,Minor Dam,242,27.84,242.4,100.17
ae9e8643-0fe8-4d69-9797-e7cd930b89ab,16/10/2013,Oct-13,10,2013,DE VILLIERS,Minor Dam,242,27.84,242.4,100.17
1f0f3718-1c08-4e49-bc8b-b0f69d287d14,17/10/2013,Oct-13,10,2013,DE VILLIERS,Minor Dam,242,27.84,242.4,100.17
feaf44fe-c886-4562-905c-fed681d79165,18/10/2013,Oct-13,10,2013,DE VILLIERS,Minor Dam,242,27.84,242.4,100.17
61261169-2154-492f-abe1-15d13ca57ae3,19/10/2013,Oct-13,10,2013,DE VILLIERS,Minor Dam,242,27.84,242.4,100.17
9a171e2e-3963-43f7-a957-d996771083e7,20/10/2013,Oct-13,10,2013,DE VILLIERS,Minor Dam,242,27.83,242,100
4974efca-496c-4337-878e-c87d7905535d,21/10/2013,Oct-13,10,2013,DE VILLIERS,Minor Dam,242,27.83,242,100
0b60119b-0042-433c-8000-04b0a95dc269,22/10/2013,Oct-13,10,2013,DE VILLIERS,Minor Dam,242,27.79,239.9,99.13
fb81667a-66bc-42a1-9780-3c40a04682ec,23/10/2013,Oct-13,10,2013,DE VILLIERS,Minor Dam,242,27.78,239.9,99.13
b8cb4da0-bf30-465f-88af-4f71b1b56fc3,24/10/2013,Oct-13,10,2013,DE VILLIERS,Minor Dam,242,27.76,239.1,98.8
d8528c86-41ee-4967-a13f-d76b64aebca7,25/10/2013,Oct-13,10,2013,DE VILLIERS,Minor Dam,242,27.75,238.6,98.6
d3ed0c87-92ef-4713-b9f5-06d63a5cb150,26/10/2013,Oct-13,10,2013,DE VILLIERS,Minor Dam,242,27.75,238.6,98.6
16a739fc-0feb-4dfa-bb67-0f0f1488197d,27/10/2013,Oct-13,10,2013,DE VILLIERS,Minor Dam,242,27.75,238.6,98.6
5e66774a-5bb7-4a38-94dd-0d6a8e1d314b,28/10/2013,Oct-13,10,2013,DE VILLIERS,Minor Dam,242,27.75,238.6,98.6
17288f1c-1a89-4a8c-8e95-7f95c1c9adfb,29/10/2013,Oct-13,10,2013,DE VILLIERS,Minor Dam,242,27.79,240.3,99.3
617a97d8-efe9-4e42-a111-580ea1333c50,30/10/2013,Oct-13,10,2013,DE VILLIERS,Minor Dam,242,27.79,240.3,99.3
d5b6c93b-f718-4f65-9513-fe2318f36aa6,31/10/2013,Oct-13,10,2013,DE VILLIERS,Minor Dam,242,27.82,241.6,99.83
67a2a05e-67e9-4b97-8c84-52e48a933443,01/11/2013,Nov-13,11,2013,DE VILLIERS,Minor Dam,242,27.89,244.6,101.07
3e6c1aa1-dc3c-4039-b0e6-ec0f21bb2782,02/11/2013,Nov-13,11,2013,DE VILLIERS,Minor Dam,242,27.89,244.6,101.07
3dcd2a81-0250-4c6b-b55d-5044563fb768,03/11/2013,Nov-13,11,2013,DE VILLIERS,Minor Dam,242,27.86,243.3,100.54
b0ca6429-1a33-48fb-a2ec-25c791f8ff00,04/11/2013,Nov-13,11,2013,DE VILLIERS,Minor Dam,242,27.85,242.9,100.37
e2cde766-287c-430a-8d05-f82462889a43,05/11/2013,Nov-13,11,2013,DE VILLIERS,Minor Dam,242,27.84,242.4,100.17
300154ad-7cda-4af4-aa71-825323e683eb,06/11/2013,Nov-13,11,2013,DE VILLIERS,Minor Dam,242,27.84,242.4,100.17
9afea99f-74a9-4447-b3a7-c40bcb771648,07/11/2013,Nov-13,11,2013,DE VILLIERS,Minor Dam,242,27.83,242,100
76b7e1e6-8b87-4681-80b7-e00909872cc6,08/11/2013,Nov-13,11,2013,DE VILLIERS,Minor Dam,242,27.83,242,100
f9472cd0-8233-4ca3-9b55-b87e881d4b0b,09/11/2013,Nov-13,11,2013,DE VILLIERS,Minor Dam,242,27.83,242,100
d9ed690a-1846-44ef-bf3f-e16613a157ac,10/11/2013,Nov-13,11,2013,DE VILLIERS,Minor Dam,242,27.83,242,100
cd56d90f-eb1c-4994-872d-86a45fc6acf3,11/11/2013,Nov-13,11,2013,DE VILLIERS,Minor Dam,242,27.82,241.6,99.83
69771132-1299-465e-a212-a06c166d86d8,12/11/2013,Nov-13,11,2013,DE VILLIERS,Minor Dam,242,27.8,240.7,99.46
6a463de2-8b04-4a8e-9e50-09de6c4e8286,13/11/2013,Nov-13,11,2013,DE VILLIERS,Minor Dam,242,27.79,240.3,99.3
1468cfef-5379-4b53-b28c-ff0fab6d861d,14/11/2013,Nov-13,11,2013,DE VILLIERS,Minor Dam,242,27.78,239.9,99.13
d6fd2ac3-5810-4736-bb38-98b6c9a7ec4e,15/11/2013,Nov-13,11,2013,DE VILLIERS,Minor Dam,242,27.78,239.9,99.13
22ffea76-f422-432d-8bcc-e60f15ee8474,16/11/2013,Nov-13,11,2013,DE VILLIERS,Minor Dam,242,27.78,239.9,99.13
f464838d-49e7-43f7-a1ec-74604819a9bd,17/11/2013,Nov-13,11,2013,DE VILLIERS,Minor Dam,242,27.93,246.2,101.74
4110bfdd-0f7c-42ff-b245-a207884a11f6,18/11/2013,Nov-13,11,2013,DE VILLIERS,Minor Dam,242,27.89,244.6,101.07
3e31c8c7-6187-427b-a165-9771b7de4537,19/11/2013,Nov-13,11,2013,DE VILLIERS,Minor Dam,242,27.86,243.3,100.54
aaf871b7-42b6-41f6-b846-63c9dd6547e8,20/11/2013,Nov-13,11,2013,DE VILLIERS,Minor Dam,242,27.85,242.9,100.37
5725d39f-fcc5-47dd-9d9c-3deec6ac2946,21/11/2013,Nov-13,11,2013,DE VILLIERS,Minor Dam,242,27.86,243.3,100.54
bed32286-9ef2-458a-ba99-e716babf604b,22/11/2013,Nov-13,11,2013,DE VILLIERS,Minor Dam,242,27.86,243.3,100.54
afc5cd2f-e971-46ea-9fbb-eba21a036a53,23/11/2013,Nov-13,11,2013,DE VILLIERS,Minor Dam,242,27.84,242.4,100.17
a6a0fb3d-f545-49be-b67b-ac084a5e46f0,24/11/2013,Nov-13,11,2013,DE VILLIERS,Minor Dam,242,27.84,242.4,100.17
92e172e1-211d-446e-ae68-21dd8cca709f,25/11/2013,Nov-13,11,2013,DE VILLIERS,Minor Dam,242,27.82,241.6,99.83
6a095596-02ff-43a7-a8e7-168ad2b2e656,26/11/2013,Nov-13,11,2013,DE VILLIERS,Minor Dam,242,27.81,241.2,99.67
23941026-d134-43aa-8409-b7b8bebcba2c,27/11/2013,Nov-13,11,2013,DE VILLIERS,Minor Dam,242,27.81,241.2,99.67
27c395af-0d7f-4560-8e66-2896d456dac0,28/11/2013,Nov-13,11,2013,DE VILLIERS,Minor Dam,242,27.81,241.2,99.67
6fa89a36-4583-4c5f-995f-44d96b0fa7b8,29/11/2013,Nov-13,11,2013,DE VILLIERS,Minor Dam,242,27.81,241.2,99.67
be8fef30-ee91-4b50-98ac-a0b5c83294b1,30/11/2013,Nov-13,11,2013,DE VILLIERS,Minor Dam,242,27.8,240.7,99.46
622c4253-396d-4e41-a8ad-4f517f52cb44,01/12/2013,Dec-13,12,2013,DE VILLIERS,Minor Dam,242,27.8,240.7,99.46
f20209c6-f4e6-4682-a3ca-7d16f5e7d652,02/12/2013,Dec-13,12,2013,DE VILLIERS,Minor Dam,242,27.78,239.9,99.13
e0dfdc45-86d7-4705-aea5-a6d43a6ce4d6,03/12/2013,Dec-13,12,2013,DE VILLIERS,Minor Dam,242,27.76,239.1,98.8
b15d9ee6-1f5d-47eb-9715-ca7994d0b5b2,04/12/2013,Dec-13,12,2013,DE VILLIERS,Minor Dam,242,27.74,238.2,98.43
e3e4a300-9df5-4921-abaf-3707d085c720,05/12/2013,Dec-13,12,2013,DE VILLIERS,Minor Dam,242,27.74,238.2,98.43
7e0de400-2cb6-4fda-894f-fb9e42a1439b,06/12/2013,Dec-13,12,2013,DE VILLIERS,Minor Dam,242,27.74,238.2,98.43
6f2b1e4a-4eaa-4b74-a7e2-37d94d7fb7f1,07/12/2013,Dec-13,12,2013,DE VILLIERS,Minor Dam,242,27.71,236.9,97.89
d9b032d0-8921-4485-a0fe-737cedefe2be,08/12/2013,Dec-13,12,2013,DE VILLIERS,Minor Dam,242,27.71,236.9,97.89
4bce42ee-8b11-420b-bae8-2044711ebeec,09/12/2013,Dec-13,12,2013,DE VILLIERS,Minor Dam,242,27.72,237.4,98.1
fe91946a-bea3-4ceb-90e1-e2a39aead2fd,10/12/2013,Dec-13,12,2013,DE VILLIERS,Minor Dam,242,27.72,237.4,98.1
118ec1d3-aef1-40f1-a7c6-a5a5c221af43,11/12/2013,Dec-13,12,2013,DE VILLIERS,Minor Dam,242,27.71,236.9,97.89
e9b53490-bd43-4922-82a4-8358f594baf2,12/12/2013,Dec-13,12,2013,DE VILLIERS,Minor Dam,242,27.71,236.9,97.89
a2bc73a7-9f2e-415f-beb0-a4da3bd2bf07,13/12/2013,Dec-13,12,2013,DE VILLIERS,Minor Dam,242,27.7,236.5,97.73
021a1847-fad3-4657-8cc5-8ffec50c71a6,14/12/2013,Dec-13,12,2013,DE VILLIERS,Minor Dam,242,27.7,236.5,97.73
2bfc5596-fd7a-4640-97eb-10df1e6ca07f,15/12/2013,Dec-13,12,2013,DE VILLIERS,Minor Dam,242,27.73,237.8,98.26
1dc3ed0c-4014-4984-9e55-420cc9929737,16/12/2013,Dec-13,12,2013,DE VILLIERS,Minor Dam,242,27.73,237.8,98.26
db15b650-790a-4908-a3ea-82f21a7c9ad9,17/12/2013,Dec-13,12,2013,DE VILLIERS,Minor Dam,242,27.73,237.8,98.26
b719c157-c214-4781-bd65-21d60f46c052,18/12/2013,Dec-13,12,2013,DE VILLIERS,Minor Dam,242,27.7,236.5,97.73
cc72ae22-37f8-4771-9daa-8b53259ba1a3,19/12/2013,Dec-13,12,2013,DE VILLIERS,Minor Dam,242,27.7,236.5,97.73
2b7d2184-7933-4a53-9d6e-682ab76df734,20/12/2013,Dec-13,12,2013,DE VILLIERS,Minor Dam,242,27.7,236.5,97.73
c30dd344-dc6a-44c0-9e4d-a990c841af7d,21/12/2013,Dec-13,12,2013,DE VILLIERS,Minor Dam,242,27.68,235.8,97.44
9110e958-2112-4010-9295-19c6569e3bc8,22/12/2013,Dec-13,12,2013,DE VILLIERS,Minor Dam,242,27.66,235.2,97.19
9fe90044-e07b-421a-b660-b214c0991741,23/12/2013,Dec-13,12,2013,DE VILLIERS,Minor Dam,242,27.65,234.8,97.02
41e304cb-2935-4f2b-8ed2-cb38982c0a05,24/12/2013,Dec-13,12,2013,DE VILLIERS,Minor Dam,242,27.65,234.8,97.02
5c31ebf5-cb04-467a-88d0-24d3daa5d3ab,25/12/2013,Dec-13,12,2013,DE VILLIERS,Minor Dam,242,27.65,234.8,97.02
03ad4bae-cfc3-4494-9799-4ee2cfd6a4fd,26/12/2013,Dec-13,12,2013,DE VILLIERS,Minor Dam,242,27.65,234.8,97.02
b752b2a5-508e-4083-9ba3-8fa6ec1bf814,27/12/2013,Dec-13,12,2013,DE VILLIERS,Minor Dam,242,27.65,234.8,97.02
26d51b0b-1d43-46d4-8217-9dad0baa450e,28/12/2013,Dec-13,12,2013,DE VILLIERS,Minor Dam,242,27.65,234.8,97.02
60946b08-9f72-4bd7-a81f-fcfe61b90734,29/12/2013,Dec-13,12,2013,DE VILLIERS,Minor Dam,242,27.66,235.2,97.19
95dcfa51-7c56-4e59-b37e-3f60e636a285,30/12/2013,Dec-13,12,2013,DE VILLIERS,Minor Dam,242,27.66,235.2,97.19
bf23e56c-a508-4ebe-a206-26b52c77a509,31/12/2013,Dec-13,12,2013,DE VILLIERS,Minor Dam,242,27.65,234.8,97.02
4ec33341-21ce-4263-bd6b-a6195af493e5,01/01/2014,Jan-14,1,2014,DE VILLIERS,Minor Dam,242,27.65,234.8,97.02
93898247-ca27-428d-bcb6-422c3078f534,02/01/2014,Jan-14,1,2014,DE VILLIERS,Minor Dam,242,27.65,234.8,97.02
216673b5-f62e-46f6-bb24-0d8048891af1,03/01/2014,Jan-14,1,2014,DE VILLIERS,Minor Dam,242,27.64,234.5,96.9
ace3726b-e710-4d9a-9495-dc21c6590691,04/01/2014,Jan-14,1,2014,DE VILLIERS,Minor Dam,242,27.64,234.5,96.9
bca21357-8c92-4174-a34a-ea367de636f7,05/01/2014,Jan-14,1,2014,DE VILLIERS,Minor Dam,242,27.64,234.5,96.9
658e9c6c-047f-44d8-b08e-11c9fee20f1e,06/01/2014,Jan-14,1,2014,DE VILLIERS,Minor Dam,242,27.64,234.5,96.9
433504a6-dda1-4134-8017-2cb9506c8ce7,07/01/2014,Jan-14,1,2014,DE VILLIERS,Minor Dam,242,27.64,234.5,96.9
7f512381-aac6-4448-b3a5-b4a8984b6350,08/01/2014,Jan-14,1,2014,DE VILLIERS,Minor Dam,242,27.66,235.2,97.19
9084b21c-efc5-4de5-9854-f955fb73dfa4,09/01/2014,Jan-14,1,2014,DE VILLIERS,Minor Dam,242,27.68,235.8,97.44
53f718b8-95de-4bc7-bd83-2c6dea9b8455,10/01/2014,Jan-14,1,2014,DE VILLIERS,Minor Dam,242,27.69,236.2,97.6
7d22c380-205d-4154-a7c6-e65f238370f6,11/01/2014,Jan-14,1,2014,DE VILLIERS,Minor Dam,242,27.73,237.8,98.26
7c197303-5842-48de-86cc-8aab3e9bab3d,12/01/2014,Jan-14,1,2014,DE VILLIERS,Minor Dam,242,27.73,237.8,98.26
76d700cb-a0c2-4069-8334-ed6bf365ccb4,13/01/2014,Jan-14,1,2014,DE VILLIERS,Minor Dam,242,27.73,237.8,98.26
09fa9b82-ddbd-4290-972d-c3f38869642a,14/01/2014,Jan-14,1,2014,DE VILLIERS,Minor Dam,242,27.73,237.8,98.26
e5e6e41e-8052-4e82-8e8b-231497f1c2de,15/01/2014,Jan-14,1,2014,DE VILLIERS,Minor Dam,242,27.73,237.8,98.26
0eb1b8ab-9018-4f81-a1f1-d932bb1a52c8,16/01/2014,Jan-14,1,2014,DE VILLIERS,Minor Dam,242,27.72,237.4,98.1
4a5da515-b3c2-4cc2-9713-f4a067e13653,17/01/2014,Jan-14,1,2014,DE VILLIERS,Minor Dam,242,27.7,236.5,97.73
215318a5-a373-46f5-abbf-415ea74f65a7,18/01/2014,Jan-14,1,2014,DE VILLIERS,Minor Dam,242,27.68,235.8,97.44
c245b66a-6004-44af-b3d6-79d5712796b8,19/01/2014,Jan-14,1,2014,DE VILLIERS,Minor Dam,242,27.68,235.8,97.44
9f0a943e-7c11-4129-8796-5f525dee8193,20/01/2014,Jan-14,1,2014,DE VILLIERS,Minor Dam,242,27.68,235.8,97.44
3a46fa51-1337-4054-8f2a-992051f0ede8,21/01/2014,Jan-14,1,2014,DE VILLIERS,Minor Dam,242,27.67,235.5,97.31
f573d5fe-a67f-4b00-8a8d-c358e8903acf,22/01/2014,Jan-14,1,2014,DE VILLIERS,Minor Dam,242,27.67,235.5,97.31
6dc84a11-dfa1-4dd7-bfb7-81f4e6152ae4,23/01/2014,Jan-14,1,2014,DE VILLIERS,Minor Dam,242,27.67,235.5,97.31
95886cd7-75f7-45d2-ac81-56fc62a54858,24/01/2014,Jan-14,1,2014,DE VILLIERS,Minor Dam,242,27.65,234.8,97.02
a1e3e8da-0186-4945-b95b-0b8175312e87,25/01/2014,Jan-14,1,2014,DE VILLIERS,Minor Dam,242,27.65,234.8,97.02
404291b3-a7fa-4d22-b813-8cafdd0ef1c1,26/01/2014,Jan-14,1,2014,DE VILLIERS,Minor Dam,242,27.64,234.5,96.9
76e18157-9697-4c81-b7e5-ff260041ef40,27/01/2014,Jan-14,1,2014,DE VILLIERS,Minor Dam,242,27.64,234.5,96.9
bdd729f4-85e6-41d9-a159-3cacf14aa9a6,28/01/2014,Jan-14,1,2014,DE VILLIERS,Minor Dam,242,27.63,234.2,96.78
77aff206-8efe-4e15-836a-11a157a328d2,29/01/2014,Jan-14,1,2014,DE VILLIERS,Minor Dam,242,27.62,233.8,96.61
384bf800-53c0-41b6-82bd-b97f38ffbf74,30/01/2014,Jan-14,1,2014,DE VILLIERS,Minor Dam,242,27.61,233.5,96.49
e32f336b-d8f2-429f-86a6-f4259124eb5c,31/01/2014,Jan-14,1,2014,DE VILLIERS,Minor Dam,242,27.61,233.5,96.49
3fd57cd9-b785-4f8e-b076-a4e167b01b29,01/02/2014,Feb-14,2,2014,DE VILLIERS,Minor Dam,242,27.6,233.2,96.36
e391f61c-cd63-4f45-bd57-00ac35c97abd,02/02/2014,Feb-14,2,2014,DE VILLIERS,Minor Dam,242,27.59,232.8,96.2
c56e0fb3-c920-4a2b-a128-330d72df0172,03/02/2014,Feb-14,2,2014,DE VILLIERS,Minor Dam,242,27.59,232.8,96.2
b2783f09-3a4f-43e1-ab17-ad4e8a4e0b42,04/02/2014,Feb-14,2,2014,DE VILLIERS,Minor Dam,242,27.59,232.8,96.2
6d61034a-c05c-480e-9b2a-f8855500d58a,05/02/2014,Feb-14,2,2014,DE VILLIERS,Minor Dam,242,27.59,232.8,96.2
bf31dea5-2d1c-4196-aea4-d499baa5cb0a,06/02/2014,Feb-14,2,2014,DE VILLIERS,Minor Dam,242,27.57,232.2,95.95
5c5567d5-7320-451e-8a82-975b4f0b8056,07/02/2014,Feb-14,2,2014,DE VILLIERS,Minor Dam,242,27.54,231.1,95.5
815ed539-88a0-4e6b-bfe9-287e35aa5655,08/02/2014,Feb-14,2,2014,DE VILLIERS,Minor Dam,242,27.53,230.8,95.37
57e2bfcd-9727-427f-b16f-c8505b160687,09/02/2014,Feb-14,2,2014,DE VILLIERS,Minor Dam,242,27.53,230.8,95.37
f95f1501-87dc-492b-936e-87797d38be6a,10/02/2014,Feb-14,2,2014,DE VILLIERS,Minor Dam,242,27.53,230.8,95.37
51519960-697b-4eea-94b8-28b326ad5b09,11/02/2014,Feb-14,2,2014,DE VILLIERS,Minor Dam,242,27.53,230.8,95.37
5da314c0-819d-4dff-b46b-bade792d9b44,12/02/2014,Feb-14,2,2014,DE VILLIERS,Minor Dam,242,27.51,230.1,95.08
1ea971cc-2167-43eb-bb3a-be3b6b8b292e,13/02/2014,Feb-14,2,2014,DE VILLIERS,Minor Dam,242,27.5,229.8,94.96
357ffe02-4b2b-4538-b51c-9deb3bb3e026,14/02/2014,Feb-14,2,2014,DE VILLIERS,Minor Dam,242,27.49,229.5,94.83
dcda09a2-2a7a-4511-b32f-a929b169348b,15/02/2014,Feb-14,2,2014,DE VILLIERS,Minor Dam,242,27.49,229.5,94.83
1fe66bcf-b4a7-4f99-8e47-aef7ac23e5c2,16/02/2014,Feb-14,2,2014,DE VILLIERS,Minor Dam,242,27.48,229.2,94.71
078f9ec5-4318-4b57-9ec1-11ef5478a96d,17/02/2014,Feb-14,2,2014,DE VILLIERS,Minor Dam,242,27.48,229.2,94.71
4c06e33c-4e0d-42ea-a7da-7751f334bcfb,18/02/2014,Feb-14,2,2014,DE VILLIERS,Minor Dam,242,27.47,228.8,94.55
5707364b-27ba-447b-a9cc-710de1a0ea7a,19/02/2014,Feb-14,2,2014,DE VILLIERS,Minor Dam,242,27.46,228.5,94.42
a7540be3-cb8b-47a1-a856-8058a88681ac,20/02/2014,Feb-14,2,2014,DE VILLIERS,Minor Dam,242,27.46,228.5,94.42
f3dc4d84-07e5-4f11-87b5-e3aedd589d34,21/02/2014,Feb-14,2,2014,DE VILLIERS,Minor Dam,242,27.46,228.5,94.42
cde46f1a-4003-4588-86c9-86aabeda6efa,22/02/2014,Feb-14,2,2014,DE VILLIERS,Minor Dam,242,27.45,228.2,94.3
2f7d70c1-6c84-44c5-9fb3-8f775658b2ec,23/02/2014,Feb-14,2,2014,DE VILLIERS,Minor Dam,242,27.43,227.6,94.05
fdd2b8c5-87dd-42d2-91c2-f5083324a443,24/02/2014,Feb-14,2,2014,DE VILLIERS,Minor Dam,242,27.41,226.9,93.76
8f88e969-81bf-481e-91e3-7c4778e78364,25/02/2014,Feb-14,2,2014,DE VILLIERS,Minor Dam,242,27.41,226.9,93.76
a62ed066-562b-41e2-b50a-4d475587c556,26/02/2014,Feb-14,2,2014,DE VILLIERS,Minor Dam,242,27.41,226.9,93.76
ee083735-4c06-4fec-93dd-a57e654f97ef,27/02/2014,Feb-14,2,2014,DE VILLIERS,Minor Dam,242,27.38,226,93.39
64b04882-810c-42c4-95b6-b6c977d9f386,28/02/2014,Feb-14,2,2014,DE VILLIERS,Minor Dam,242,27.38,226,93.39
206028f3-1b12-46cf-8844-f24c9d18ea74,01/03/2014,Mar-14,3,2014,DE VILLIERS,Minor Dam,242,27.38,226,93.39
5197cfd7-0f5f-4371-bb8a-2d2685f1fe89,02/03/2014,Mar-14,3,2014,DE VILLIERS,Minor Dam,242,27.37,225.8,93.31
ac9ad760-081f-43c9-bc72-04c6ca94a841,03/03/2014,Mar-14,3,2014,DE VILLIERS,Minor Dam,242,27.37,225.8,93.31
b7139ad2-df71-4362-a058-438b3f7c9c28,04/03/2014,Mar-14,3,2014,DE VILLIERS,Minor Dam,242,27.36,225.5,93.18
7c0ef58b-9798-4f76-8080-7721bbfa63be,05/03/2014,Mar-14,3,2014,DE VILLIERS,Minor Dam,242,27.36,225.5,93.18
1274b917-372f-4fb9-8d44-817f9a9bf8a5,06/03/2014,Mar-14,3,2014,DE VILLIERS,Minor Dam,242,27.36,225.5,93.18
bcb9fd73-cfbe-4e72-a0de-6cddfcd6de1c,07/03/2014,Mar-14,3,2014,DE VILLIERS,Minor Dam,242,27.36,225.5,93.18
7162d03a-1de3-436e-ad11-786c128ce30d,08/03/2014,Mar-14,3,2014,DE VILLIERS,Minor Dam,242,27.36,225.5,93.18
634f1fa2-dd30-436f-a82a-b681a02108c8,09/03/2014,Mar-14,3,2014,DE VILLIERS,Minor Dam,242,27.34,224.9,92.93
5ef074b2-a129-4efd-a962-137edf222909,10/03/2014,Mar-14,3,2014,DE VILLIERS,Minor Dam,242,27.32,224.3,92.69
bc3c0f1b-b291-414a-a547-b01648dd02de,11/03/2014,Mar-14,3,2014,DE VILLIERS,Minor Dam,242,27.32,224.3,92.69
bb87f369-437c-48cc-9d01-bee7be3969ce,12/03/2014,Mar-14,3,2014,DE VILLIERS,Minor Dam,242,27.32,224.3,92.69
bdf40b19-86ff-4012-a77f-711610c27d28,13/03/2014,Mar-14,3,2014,DE VILLIERS,Minor Dam,242,27.31,224,92.56
4e886f71-6f7b-40f7-8c24-6e527b6d685d,14/03/2014,Mar-14,3,2014,DE VILLIERS,Minor Dam,242,27.29,223.4,92.31
7a5f37f4-4e57-464c-ac80-8defd1b29163,15/03/2014,Mar-14,3,2014,DE VILLIERS,Minor Dam,242,27.27,222.9,92.11
9572e172-f7d4-4073-b232-1744169aba47,16/03/2014,Mar-14,3,2014,DE VILLIERS,Minor Dam,242,27.27,222.9,92.11
74fd051c-6018-430a-937d-83e6c0998285,17/03/2014,Mar-14,3,2014,DE VILLIERS,Minor Dam,242,27.26,222.6,91.98
724350a7-cc4e-4edd-a6d8-75ad34237a25,18/03/2014,Mar-14,3,2014,DE VILLIERS,Minor Dam,242,27.25,222.3,91.86
d7a874c1-6f3f-4bf0-92ff-08e0913503b5,19/03/2014,Mar-14,3,2014,DE VILLIERS,Minor Dam,242,27.25,222.3,91.86
a3d08b9d-106a-48e3-a5dd-e0c40c583960,20/03/2014,Mar-14,3,2014,DE VILLIERS,Minor Dam,242,27.24,222,91.74
f0d4f025-c920-4402-8da1-15fde75d0190,21/03/2014,Mar-14,3,2014,DE VILLIERS,Minor Dam,242,27.24,222,91.74
16461438-80b9-435a-81a6-804f4f3ec046,22/03/2014,Mar-14,3,2014,DE VILLIERS,Minor Dam,242,27.23,221.7,91.61
edd5a504-8139-44d9-9007-2574da31d65b,23/03/2014,Mar-14,3,2014,DE VILLIERS,Minor Dam,242,27.22,221.4,91.49
fdeaa9a0-875b-47eb-9a82-b5fd5af48b27,24/03/2014,Mar-14,3,2014,DE VILLIERS,Minor Dam,242,27.2,220.8,91.24
109bfa0d-4f98-4668-ad31-767d0bcdc356,25/03/2014,Mar-14,3,2014,DE VILLIERS,Minor Dam,242,27.2,220.8,91.24
ebacbde9-8c71-49f2-8ba8-e1321ab0b910,26/03/2014,Mar-14,3,2014,DE VILLIERS,Minor Dam,242,27.22,221.4,91.49
39deb0f5-4d3e-47ba-9559-db0c17cfaac6,27/03/2014,Mar-14,3,2014,DE VILLIERS,Minor Dam,242,27.36,225.5,93.18
727983d0-a133-4caf-a475-0977310bce9c,28/03/2014,Mar-14,3,2014,DE VILLIERS,Minor Dam,242,27.52,230.5,95.25
03f0bdbc-8b42-4807-8e5a-c1585b1ddac2,29/03/2014,Mar-14,3,2014,DE VILLIERS,Minor Dam,242,27.56,231.8,95.79
40f62231-15af-4a7c-ba15-34e88e3ecc38,30/03/2014,Mar-14,3,2014,DE VILLIERS,Minor Dam,242,27.57,232.2,95.95
a60cb987-a997-427e-9857-6fb38655718e,31/03/2014,Mar-14,3,2014,DE VILLIERS,Minor Dam,242,27.6,233.2,96.36
6e779f60-5ce7-416c-8076-c382ca24afe5,01/04/2014,Apr-14,4,2014,DE VILLIERS,Minor Dam,242,27.6,233.2,96.36
5d61a3a2-a37e-4eff-af59-ad831db5c73e,02/04/2014,Apr-14,4,2014,DE VILLIERS,Minor Dam,242,27.62,233.8,96.61
65fffd3f-1196-4ce1-8b43-a2a498f5b21c,03/04/2014,Apr-14,4,2014,DE VILLIERS,Minor Dam,242,27.83,242,100
df8cbe9a-4cb8-490a-a4f9-a816cdc2a555,04/04/2014,Apr-14,4,2014,DE VILLIERS,Minor Dam,242,27.87,243.7,100.7
20f203f7-2546-498d-a196-8e22f652dbf9,05/04/2014,Apr-14,4,2014,DE VILLIERS,Minor Dam,242,27.85,242.9,100.37
3b3dbfe8-c9c8-4613-86be-c36631b22ebc,06/04/2014,Apr-14,4,2014,DE VILLIERS,Minor Dam,242,27.82,241.6,99.83
5ab767a9-a87f-4bfc-b323-4e5a78e5cd0b,07/04/2014,Apr-14,4,2014,DE VILLIERS,Minor Dam,242,27.83,242,100
8db14feb-6720-4aa9-b994-93808e353f21,08/04/2014,Apr-14,4,2014,DE VILLIERS,Minor Dam,242,27.82,241.6,99.83
62f7df4d-cf45-465e-97a6-d160b846bfeb,09/04/2014,Apr-14,4,2014,DE VILLIERS,Minor Dam,242,27.82,241.6,99.83
b239f59f-06fb-4e7a-827c-487139a3419e,10/04/2014,Apr-14,4,2014,DE VILLIERS,Minor Dam,242,27.82,241.6,99.83
35c19489-6ebd-4bab-a294-ae717f802c48,11/04/2014,Apr-14,4,2014,DE VILLIERS,Minor Dam,242,27.81,241.2,99.67
2fd9b914-02c7-447f-99b7-1d982bbf2eaa,12/04/2014,Apr-14,4,2014,DE VILLIERS,Minor Dam,242,27.81,241.2,99.67
958d1bfa-f849-495d-ba23-965db2af9e38,13/04/2014,Apr-14,4,2014,DE VILLIERS,Minor Dam,242,27.81,241.2,99.67
dc77926d-de6f-4288-b029-1f4a3e798aba,14/04/2014,Apr-14,4,2014,DE VILLIERS,Minor Dam,242,27.8,240.7,99.46
d86c7697-4467-4995-996d-49a1af1c1772,15/04/2014,Apr-14,4,2014,DE VILLIERS,Minor Dam,242,27.8,240.7,99.46
9f6156ab-5e50-46b8-bce3-5475e6dd5ddf,16/04/2014,Apr-14,4,2014,DE VILLIERS,Minor Dam,242,27.8,240.7,99.46
207b67b8-05ca-4f7b-b439-6dc357c86d2f,17/04/2014,Apr-14,4,2014,DE VILLIERS,Minor Dam,242,27.78,239.9,99.13
890bdf1c-45f4-477b-8187-87a421c5d772,18/04/2014,Apr-14,4,2014,DE VILLIERS,Minor Dam,242,27.77,239.5,98.97
0434b71e-5a2d-4f2e-ab28-2b002f4e0939,19/04/2014,Apr-14,4,2014,DE VILLIERS,Minor Dam,242,27.65,234.8,97.02
f4d12c96-93f0-44e4-bff8-d52c152d8c21,20/04/2014,Apr-14,4,2014,DE VILLIERS,Minor Dam,242,27.67,235.5,97.31
cb62c1c5-4c67-47f1-97c8-1291f025cdeb,21/04/2014,Apr-14,4,2014,DE VILLIERS,Minor Dam,242,27.64,234.5,96.9
825b58d1-c172-4665-92ca-421b77241da6,22/04/2014,Apr-14,4,2014,DE VILLIERS,Minor Dam,242,27.62,233.8,96.61
1397d7a4-eaeb-42ed-ac8f-364bfa75a92b,23/04/2014,Apr-14,4,2014,DE VILLIERS,Minor Dam,242,27.72,237.4,98.1
de5c7133-91ad-48c0-bdec-fcad0ea7bcbc,24/04/2014,Apr-14,4,2014,DE VILLIERS,Minor Dam,242,27.72,237.4,98.1
fa8861fe-bf53-4ce1-b644-77e0a75ac2b7,25/04/2014,Apr-14,4,2014,DE VILLIERS,Minor Dam,242,27.71,236.9,97.89
442088fb-3a7c-4c49-9370-fb6a986a1b98,26/04/2014,Apr-14,4,2014,DE VILLIERS,Minor Dam,242,27.71,236.9,97.89
3c76904c-4010-4c8f-9915-fe0c64090055,27/04/2014,Apr-14,4,2014,DE VILLIERS,Minor Dam,242,27.7,236.5,97.73
34bfb696-3091-47aa-829f-d4a0133aa431,28/04/2014,Apr-14,4,2014,DE VILLIERS,Minor Dam,242,27.7,236.5,97.73
32b4943d-875c-4e67-91dd-ba516eaf14b5,29/04/2014,Apr-14,4,2014,DE VILLIERS,Minor Dam,242,27.68,235.8,97.44
3fb7abbf-3892-4fb7-9a01-6769ccb5a58e,30/04/2014,Apr-14,4,2014,DE VILLIERS,Minor Dam,242,27.68,235.8,97.44
6bb6ab76-4b23-42d7-8152-0f42a1b34435,01/05/2014,May-14,5,2014,DE VILLIERS,Minor Dam,242,27.68,235.8,97.44
efb6b25b-d8d6-4854-a2cf-b7e2b1cb2384,02/05/2014,May-14,5,2014,DE VILLIERS,Minor Dam,242,27.67,235.5,97.31
daaeb354-db70-4f11-a616-52265fb0eeda,03/05/2014,May-14,5,2014,DE VILLIERS,Minor Dam,242,27.65,234.8,97.02
67c7f3bb-a4a5-4666-88b0-099e26f72d32,04/05/2014,May-14,5,2014,DE VILLIERS,Minor Dam,242,27.63,234.2,96.78
0c7fa916-c0dc-4af1-a517-ebde26610e94,05/05/2014,May-14,5,2014,DE VILLIERS,Minor Dam,242,27.63,234.2,96.78
dab03e5a-66e4-4e13-8fee-4a0e50bbffbd,06/05/2014,May-14,5,2014,DE VILLIERS,Minor Dam,242,27.84,242.4,100.17
6411e122-27f4-4eac-9db4-642b1d271872,07/05/2014,May-14,5,2014,DE VILLIERS,Minor Dam,242,27.7,236.5,97.73
42118af3-db17-4a8a-93cc-8b0bc8075d78,08/05/2014,May-14,5,2014,DE VILLIERS,Minor Dam,242,27.64,234.5,96.9
cc502ddb-6b21-43da-96c1-ce6e7278a21d,09/05/2014,May-14,5,2014,DE VILLIERS,Minor Dam,242,27.64,234.5,96.9
5b602bbe-9d9e-4175-b935-3c7df005ab7a,10/05/2014,May-14,5,2014,DE VILLIERS,Minor Dam,242,27.74,238.2,98.43
8eda0123-ddd1-49ed-88fd-dde5011de576,11/05/2014,May-14,5,2014,DE VILLIERS,Minor Dam,242,27.82,241.6,99.83
c3501c04-00f9-401a-a52b-e60812c5fbbf,12/05/2014,May-14,5,2014,DE VILLIERS,Minor Dam,242,27.84,242.4,100.17
244cc3af-4a2e-43fc-87ea-f25e40510ccd,13/05/2014,May-14,5,2014,DE VILLIERS,Minor Dam,242,27.84,242.4,100.17
51912e57-2d5e-47a2-ab73-ed3f29cfe358,14/05/2014,May-14,5,2014,DE VILLIERS,Minor Dam,242,27.84,242.4,100.17
b963c714-6a34-4b0d-b4bd-9eef5f29830c,15/05/2014,May-14,5,2014,DE VILLIERS,Minor Dam,242,27.83,242,100
67f7376e-5923-4797-9f83-4f064d894d5b,16/05/2014,May-14,5,2014,DE VILLIERS,Minor Dam,242,27.83,242,100
f4b80fd1-81bc-4d52-9ff8-4865fe147cb0,17/05/2014,May-14,5,2014,DE VILLIERS,Minor Dam,242,27.87,243.7,100.7
16d05e4d-16ff-4e06-91b6-2f5fc6789887,18/05/2014,May-14,5,2014,DE VILLIERS,Minor Dam,242,27.85,242.9,100.37
d5936607-add8-4c43-a9ac-eb0f1f9970e4,19/05/2014,May-14,5,2014,DE VILLIERS,Minor Dam,242,27.84,242.4,100.17
96094c89-b51f-457f-a029-4eb66e33b359,20/05/2014,May-14,5,2014,DE VILLIERS,Minor Dam,242,27.84,242.4,100.17
21ef3b8b-ad90-4c6e-ae7e-e6c350663149,21/05/2014,May-14,5,2014,DE VILLIERS,Minor Dam,242,27.84,242.4,100.17
612779b7-97e5-454d-a349-4b4e689f5097,22/05/2014,May-14,5,2014,DE VILLIERS,Minor Dam,242,27.85,242.9,100.37
066fa9f8-1144-40bb-bce1-bb8547640714,23/05/2014,May-14,5,2014,DE VILLIERS,Minor Dam,242,27.85,242.9,100.37
26aeb727-7e4b-417a-9f47-1d9c6035b504,24/05/2014,May-14,5,2014,DE VILLIERS,Minor Dam,242,27.85,242.9,100.37
e462d901-5231-40a6-a57d-8bd95c445d7f,25/05/2014,May-14,5,2014,DE VILLIERS,Minor Dam,242,27.85,242.9,100.37
a6d998bd-0af5-4c36-b369-137354760e4b,26/05/2014,May-14,5,2014,DE VILLIERS,Minor Dam,242,27.85,242.9,100.37
56a912e7-b434-4a0a-b6aa-5b446eb03181,27/05/2014,May-14,5,2014,DE VILLIERS,Minor Dam,242,27.84,242.4,100.17
30048b28-759b-4d4b-87d3-f713fafd2433,28/05/2014,May-14,5,2014,DE VILLIERS,Minor Dam,242,27.85,242.9,100.37
a91ca5ad-bef7-4ca5-8d2b-af40f0a5830c,29/05/2014,May-14,5,2014,DE VILLIERS,Minor Dam,242,27.87,243.7,100.7
309f22d1-6153-4a79-bce9-b33608b26152,30/05/2014,May-14,5,2014,DE VILLIERS,Minor Dam,242,27.9,245,101.24
c1bea9a6-7c97-4d2a-b229-9ed65f31710f,31/05/2014,May-14,5,2014,DE VILLIERS,Minor Dam,242,27.88,244.1,100.87
f8dc632b-5dc5-4a36-99c4-86086661d62a,01/06/2014,Jun-14,6,2014,DE VILLIERS,Minor Dam,242,27.85,242.9,100.37
160c2363-b1a2-4766-a968-cae5979af5b6,02/06/2014,Jun-14,6,2014,DE VILLIERS,Minor Dam,242,27.89,244.6,101.07
827adcdd-202a-4fc2-9bed-b4d5e1aa9437,03/06/2014,Jun-14,6,2014,DE VILLIERS,Minor Dam,242,27.86,243.3,100.54
37a60fb5-48ae-45c8-b122-5064d3d043df,04/06/2014,Jun-14,6,2014,DE VILLIERS,Minor Dam,242,27.86,243.3,100.54
7dc0eb5c-9406-453f-8f72-6d164990ebaa,05/06/2014,Jun-14,6,2014,DE VILLIERS,Minor Dam,242,27.91,245.4,101.4
cadf77ce-d73b-4385-9f1d-d0086fb292ec,06/06/2014,Jun-14,6,2014,DE VILLIERS,Minor Dam,242,27.91,245.4,101.4
55d53fcd-ef02-4088-8017-37c3360d8a0e,07/06/2014,Jun-14,6,2014,DE VILLIERS,Minor Dam,242,27.88,244.1,100.87
e5edca83-f6be-4410-a6a9-a1bc602c618b,08/06/2014,Jun-14,6,2014,DE VILLIERS,Minor Dam,242,27.84,242.4,100.17
b1685103-c9e1-4d6c-b7e6-40aab86d05c9,09/06/2014,Jun-14,6,2014,DE VILLIERS,Minor Dam,242,27.84,242.4,100.17
a7847513-4c34-48e9-8563-93b64e4d67c5,10/06/2014,Jun-14,6,2014,DE VILLIERS,Minor Dam,242,27.89,244.6,101.07
936265a4-c1e5-407e-be66-a21246808cdc,11/06/2014,Jun-14,6,2014,DE VILLIERS,Minor Dam,242,27.87,243.7,100.7
3df7378b-f680-434b-8650-98c2103a7e3c,12/06/2014,Jun-14,6,2014,DE VILLIERS,Minor Dam,242,27.85,242.9,100.37
ebd1e512-23cd-4a46-9360-e92d5eeae8dd,13/06/2014,Jun-14,6,2014,DE VILLIERS,Minor Dam,242,27.84,242.4,100.17
1d9e7e56-5819-49ae-a06a-877cf9f6ac08,14/06/2014,Jun-14,6,2014,DE VILLIERS,Minor Dam,242,27.84,242.4,100.17
fc995c1e-c907-487b-a972-cc08923edc86,15/06/2014,Jun-14,6,2014,DE VILLIERS,Minor Dam,242,27.91,245.4,101.4
fb74444f-4b8c-4737-aacc-1490b5c62abe,16/06/2014,Jun-14,6,2014,DE VILLIERS,Minor Dam,242,27.91,245.4,101.4
9ab60eda-84f8-449f-aa69-124a746fb765,17/06/2014,Jun-14,6,2014,DE VILLIERS,Minor Dam,242,27.9,245,101.24
1f7b948f-9c3e-4b82-9ace-38fa925ed5bd,18/06/2014,Jun-14,6,2014,DE VILLIERS,Minor Dam,242,27.88,244.1,100.87
0206f695-5098-4723-aad5-ed3f5cb75c0f,19/06/2014,Jun-14,6,2014,DE VILLIERS,Minor Dam,242,27.86,243.3,100.54
7e069b03-c88e-493a-9648-014ea78a05a4,20/06/2014,Jun-14,6,2014,DE VILLIERS,Minor Dam,242,27.87,243.7,100.7
5118ced1-1019-4686-b73e-53af2fae6167,21/06/2014,Jun-14,6,2014,DE VILLIERS,Minor Dam,242,27.87,243.7,100.7
c46d6f3d-9db7-446e-8266-74d87a6033c9,22/06/2014,Jun-14,6,2014,DE VILLIERS,Minor Dam,242,27.86,243.3,100.54
b47d9243-af84-46ce-890e-17c8a8faaf77,23/06/2014,Jun-14,6,2014,DE VILLIERS,Minor Dam,242,27.86,243.3,100.54
3728e44a-2068-4aa7-8fe9-b7ead69bd818,24/06/2014,Jun-14,6,2014,DE VILLIERS,Minor Dam,242,27.85,242.9,100.37
174f971e-5dc9-4851-9159-c6983628e714,25/06/2014,Jun-14,6,2014,DE VILLIERS,Minor Dam,242,27.84,242.4,100.17
46530121-7aea-4973-974b-9b2ae5211474,26/06/2014,Jun-14,6,2014,DE VILLIERS,Minor Dam,242,27.83,242,100
8c055083-db2b-426c-aa5a-251da847c3b5,27/06/2014,Jun-14,6,2014,DE VILLIERS,Minor Dam,242,27.88,244.1,100.87
7808de62-6e29-47ee-a053-0bfbe807b0a1,28/06/2014,Jun-14,6,2014,DE VILLIERS,Minor Dam,242,27.89,244.6,101.07
386672a4-c1e9-4723-9efe-91b50b338167,29/06/2014,Jun-14,6,2014,DE VILLIERS,Minor Dam,242,27.86,243.3,100.54
6d83dcf0-38de-4faa-a53d-07b025a80836,30/06/2014,Jun-14,6,2014,DE VILLIERS,Minor Dam,242,27.86,243.3,100.54
b88e53d9-5dcc-459f-9aa7-9d9a0f2641ad,01/07/2014,Jul-14,7,2014,DE VILLIERS,Minor Dam,242,27.85,242.9,100.37
5272ec67-c80a-46bb-bed9-3a4eea2d5976,02/07/2014,Jul-14,7,2014,DE VILLIERS,Minor Dam,242,27.84,242.4,100.17
9b55c4e7-5710-4759-92fa-3b70f5d29304,03/07/2014,Jul-14,7,2014,DE VILLIERS,Minor Dam,242,27.84,242.4,100.17
e674a263-a1e9-49c5-a56f-b8409e612546,04/07/2014,Jul-14,7,2014,DE VILLIERS,Minor Dam,242,27.92,245.8,101.57
ffcca8cb-91ab-45a1-9392-c6a60514ca95,05/07/2014,Jul-14,7,2014,DE VILLIERS,Minor Dam,242,27.86,243.3,100.54
fa941215-d629-43b3-9f27-0b23e311e1c1,06/07/2014,Jul-14,7,2014,DE VILLIERS,Minor Dam,242,27.91,245.4,101.4
090430bd-5fb9-4873-bef6-1ba96210c417,07/07/2014,Jul-14,7,2014,DE VILLIERS,Minor Dam,242,27.89,244.6,101.07
913ddb0c-f8b1-40df-ba60-d6e554da093c,08/07/2014,Jul-14,7,2014,DE VILLIERS,Minor Dam,242,27.88,244.1,100.87
0ec1a5d8-bade-4997-8237-5c2df01f86f2,09/07/2014,Jul-14,7,2014,DE VILLIERS,Minor Dam,242,27.86,243.3,100.54
ebde5521-2559-485f-91eb-972d3b8bfc4b,10/07/2014,Jul-14,7,2014,DE VILLIERS,Minor Dam,242,27.84,242.4,100.17
2b8d2fa7-449d-4bd4-9f3b-a95b5e01fd13,11/07/2014,Jul-14,7,2014,DE VILLIERS,Minor Dam,242,27.84,242.4,100.17
1945155a-474b-445a-b2ad-8864daaa18cf,12/07/2014,Jul-14,7,2014,DE VILLIERS,Minor Dam,242,27.84,242.4,100.17
0c0bdbf9-d17c-4cee-a28d-414e6325b59c,13/07/2014,Jul-14,7,2014,DE VILLIERS,Minor Dam,242,27.84,242.4,100.17
f12600cc-9732-4086-8073-1eced560f68b,14/07/2014,Jul-14,7,2014,DE VILLIERS,Minor Dam,242,27.84,242.4,100.17
890f9459-5215-4961-8639-06cb4fbe63f1,15/07/2014,Jul-14,7,2014,DE VILLIERS,Minor Dam,242,27.79,240.3,99.3
43c73d20-e7bd-4fbc-b5af-aeec6e74c95c,16/07/2014,Jul-14,7,2014,DE VILLIERS,Minor Dam,242,27.79,240.3,99.3
c4e6c060-0075-4bdc-a603-caf9d1720d7a,17/07/2014,Jul-14,7,2014,DE VILLIERS,Minor Dam,242,27.79,240.3,99.3
69939f71-59d3-4562-87cf-9c64404a6cd1,18/07/2014,Jul-14,7,2014,DE VILLIERS,Minor Dam,242,27.88,244.1,100.87
9e40f928-7a39-40aa-a4ae-9600e719ce81,19/07/2014,Jul-14,7,2014,DE VILLIERS,Minor Dam,242,27.9,245,101.24
39b1186a-2a75-4f72-9f1e-87263cd8d08d,20/07/2014,Jul-14,7,2014,DE VILLIERS,Minor Dam,242,27.9,245,101.24
6cc5fb87-d847-4ae4-8bb5-21708facc1ad,21/07/2014,Jul-14,7,2014,DE VILLIERS,Minor Dam,242,27.88,244.1,100.87
2ddf95fb-f524-432e-9d41-4d871e7dcf89,22/07/2014,Jul-14,7,2014,DE VILLIERS,Minor Dam,242,27.85,242.9,100.37
5460eacc-df73-4726-b119-31f4b1e9bcef,23/07/2014,Jul-14,7,2014,DE VILLIERS,Minor Dam,242,27.84,242.4,100.17
473da2e4-3cfc-4a82-9395-bd3030d5aadb,24/07/2014,Jul-14,7,2014,DE VILLIERS,Minor Dam,242,27.84,242.4,100.17
a146bbaa-29ee-4f36-9a0e-97826fa722ff,25/07/2014,Jul-14,7,2014,DE VILLIERS,Minor Dam,242,27.84,242.4,100.17
4e4294d5-b6a9-474c-ab0e-cb0880364827,26/07/2014,Jul-14,7,2014,DE VILLIERS,Minor Dam,242,27.87,243.7,100.7
f93a9ec7-e74a-4dad-9f55-a087a9869444,27/07/2014,Jul-14,7,2014,DE VILLIERS,Minor Dam,242,27.86,243.3,100.54
220df6e7-b3ac-4d4a-9b8e-d4b700480dab,28/07/2014,Jul-14,7,2014,DE VILLIERS,Minor Dam,242,27.86,243.3,100.54
94b48e47-738f-4693-ac72-c31e49b9eda8,29/07/2014,Jul-14,7,2014,DE VILLIERS,Minor Dam,242,27.85,242.9,100.37
71a1747e-c258-4dbf-8c83-960ae9e06a36,30/07/2014,Jul-14,7,2014,DE VILLIERS,Minor Dam,242,27.85,242.9,100.37
a9ea1a4c-46fe-42c7-b05f-e0f6501aba99,31/07/2014,Jul-14,7,2014,DE VILLIERS,Minor Dam,242,27.85,242.9,100.37
9b1fe736-87ab-46a8-96d3-3c6a95688a15,01/08/2014,Aug-14,8,2014,DE VILLIERS,Minor Dam,242,27.84,242.4,100.17
bb4a8559-f728-4934-a284-ece2874b77a7,02/08/2014,Aug-14,8,2014,DE VILLIERS,Minor Dam,242,27.84,242.4,100.17
a0a72de6-2637-4cca-b232-e2be7587e2de,03/08/2014,Aug-14,8,2014,DE VILLIERS,Minor Dam,242,27.84,242.4,100.17
457b8ee4-7577-41e2-84b7-6b57e55fe18b,04/08/2014,Aug-14,8,2014,DE VILLIERS,Minor Dam,242,27.84,242.4,100.17
600306ce-9e33-47c2-8740-b36a17557717,05/08/2014,Aug-14,8,2014,DE VILLIERS,Minor Dam,242,27.85,242.9,100.37
16c5cb94-5eb5-4a55-a2ab-ea894b99d3d6,06/08/2014,Aug-14,8,2014,DE VILLIERS,Minor Dam,242,27.91,245.4,101.4
acfe787f-d40a-4109-b4a5-2361bda0bcec,07/08/2014,Aug-14,8,2014,DE VILLIERS,Minor Dam,242,27.9,245,101.24
7a33171e-4eef-4e5d-b857-2e697db10933,08/08/2014,Aug-14,8,2014,DE VILLIERS,Minor Dam,242,27.9,245,101.24
49852b99-18e2-4078-ac0b-dced4b0ca567,09/08/2014,Aug-14,8,2014,DE VILLIERS,Minor Dam,242,27.87,243.7,100.7
28f3401f-0526-4292-8237-c8a547595dab,10/08/2014,Aug-14,8,2014,DE VILLIERS,Minor Dam,242,27.85,242.9,100.37
4d36d762-e91d-458d-a9bf-67283bce4328,11/08/2014,Aug-14,8,2014,DE VILLIERS,Minor Dam,242,27.84,242.4,100.17
2ec148f0-1145-46f6-bdc2-a724e014fbf3,12/08/2014,Aug-14,8,2014,DE VILLIERS,Minor Dam,242,27.84,242.4,100.17
76cc337a-75a5-450d-a818-16aec358c6f1,13/08/2014,Aug-14,8,2014,DE VILLIERS,Minor Dam,242,27.84,242.4,100.17
a36a972f-eeb5-4b4a-8417-c206af5c990f,14/08/2014,Aug-14,8,2014,DE VILLIERS,Minor Dam,242,27.83,242,100
35e190c7-ca0d-4498-9f30-0635d280d175,15/08/2014,Aug-14,8,2014,DE VILLIERS,Minor Dam,242,27.83,242,100
80309f60-13c9-4491-8d00-4a0a46692d45,16/08/2014,Aug-14,8,2014,DE VILLIERS,Minor Dam,242,27.86,243.3,100.54
ee573a08-15ac-4809-998b-1676eac0c5be,17/08/2014,Aug-14,8,2014,DE VILLIERS,Minor Dam,242,27.84,242.4,100.17
054b35e1-694f-4664-9cd5-92145051ea8d,18/08/2014,Aug-14,8,2014,DE VILLIERS,Minor Dam,242,27.83,242,100
4dde095f-525c-4100-bc31-6081477d287e,19/08/2014,Aug-14,8,2014,DE VILLIERS,Minor Dam,242,27.77,239.5,98.97
9dd2c120-fb96-4fa3-a5c3-a348432be81c,20/08/2014,Aug-14,8,2014,DE VILLIERS,Minor Dam,242,27.73,237.8,98.26
966b5dc6-f202-46d2-b9ef-e82b29bd45da,21/08/2014,Aug-14,8,2014,DE VILLIERS,Minor Dam,242,27.69,236.2,97.6
04a0e864-0858-4431-8378-2e70287885f3,22/08/2014,Aug-14,8,2014,DE VILLIERS,Minor Dam,242,27.86,243.3,100.54
aa9e2cd1-9a51-43bb-a05a-74796b027021,23/08/2014,Aug-14,8,2014,DE VILLIERS,Minor Dam,242,27.88,244.1,100.87
e5bb6789-9c14-4ea6-a187-07b02e0bacf5,24/08/2014,Aug-14,8,2014,DE VILLIERS,Minor Dam,242,27.87,243.7,100.7
f5304967-ea1d-4a82-aa90-edc4ec05257a,25/08/2014,Aug-14,8,2014,DE VILLIERS,Minor Dam,242,27.85,242.9,100.37
0b8a34ad-8fa1-43ee-9637-66fb347c4b79,26/08/2014,Aug-14,8,2014,DE VILLIERS,Minor Dam,242,27.84,242.4,100.17
d2ed3968-f901-4c90-83ad-f21e76f84081,27/08/2014,Aug-14,8,2014,DE VILLIERS,Minor Dam,242,27.87,243.7,100.7
38f39f9c-1c79-43c9-b3b1-ddf9082be40c,28/08/2014,Aug-14,8,2014,DE VILLIERS,Minor Dam,242,27.89,244.6,101.07
29df5af8-cac2-4035-bb5c-e9e4d7103272,29/08/2014,Aug-14,8,2014,DE VILLIERS,Minor Dam,242,27.91,245.4,101.4
131658ec-676f-40c0-a51a-66e659bf6691,30/08/2014,Aug-14,8,2014,DE VILLIERS,Minor Dam,242,27.87,243.7,100.7
ca25b53d-accd-4b1a-b70b-31a4cc8544da,31/08/2014,Aug-14,8,2014,DE VILLIERS,Minor Dam,242,27.87,243.7,100.7
5f3223dc-16a0-4eab-9e6e-4a08c285611b,01/09/2014,Sep-14,9,2014,DE VILLIERS,Minor Dam,242,27.86,243.3,100.54
38c0376d-9566-48e0-b2b6-b116960dea55,02/09/2014,Sep-14,9,2014,DE VILLIERS,Minor Dam,242,27.85,242.9,100.37
f6fd9aed-2033-4957-b79e-422a5ee37c98,03/09/2014,Sep-14,9,2014,DE VILLIERS,Minor Dam,242,27.85,242.9,100.37
e3eafa3f-aef8-4e6e-bb33-7962b280c2e8,04/09/2014,Sep-14,9,2014,DE VILLIERS,Minor Dam,242,27.84,242.4,100.17
52581aa2-b966-4de5-ad0c-fd99deba5dff,05/09/2014,Sep-14,9,2014,DE VILLIERS,Minor Dam,242,27.84,242.4,100.17
85d0b413-9d7f-4b17-ae7b-89eaccc2f6da,06/09/2014,Sep-14,9,2014,DE VILLIERS,Minor Dam,242,27.83,242,100
6572bcf0-ba87-475a-af83-21b3ce4d78fb,07/09/2014,Sep-14,9,2014,DE VILLIERS,Minor Dam,242,27.83,242,100
60f91f3c-de5e-48c6-a45d-033e2f5539a2,08/09/2014,Sep-14,9,2014,DE VILLIERS,Minor Dam,242,27.81,241.2,99.67
ffbdb21c-7e2f-49dc-9699-fddee83091ca,09/09/2014,Sep-14,9,2014,DE VILLIERS,Minor Dam,242,27.79,240.3,99.3
5bde01f6-4000-4eca-8536-6dce09873d1a,10/09/2014,Sep-14,9,2014,DE VILLIERS,Minor Dam,242,27.76,239.1,98.8
1bbf7780-a6d7-4ddf-b8ea-b64b6247de99,11/09/2014,Sep-14,9,2014,DE VILLIERS,Minor Dam,242,27.7,236.5,97.73
f1abe6dd-85d1-4a7e-9599-fcb3040723ce,12/09/2014,Sep-14,9,2014,DE VILLIERS,Minor Dam,242,27.68,235.8,97.44
3c541a88-0e47-4ec4-9acd-bfdbc7dfcfe8,13/09/2014,Sep-14,9,2014,DE VILLIERS,Minor Dam,242,27.67,235.5,97.31
329f17e8-2a48-4c50-9207-79c99853746c,14/09/2014,Sep-14,9,2014,DE VILLIERS,Minor Dam,242,27.66,235.2,97.19
8ac0f70a-ce82-48ad-b7b4-da93d9e70d49,15/09/2014,Sep-14,9,2014,DE VILLIERS,Minor Dam,242,27.61,233.5,96.49
2dc40e40-583f-4ae9-a6d4-bad36d0ebee1,16/09/2014,Sep-14,9,2014,DE VILLIERS,Minor Dam,242,27.58,232.5,96.07
6e11ff52-afa3-4efd-b30e-0c0e9d487124,17/09/2014,Sep-14,9,2014,DE VILLIERS,Minor Dam,242,27.54,231.1,95.5
398cb9f1-8e79-48cd-b164-9048a6d7fe2e,18/09/2014,Sep-14,9,2014,DE VILLIERS,Minor Dam,242,27.49,229.5,94.83
5e24a5f7-853c-402b-b47b-47e1dcffda44,19/09/2014,Sep-14,9,2014,DE VILLIERS,Minor Dam,242,27.47,228.8,94.55
f889a6bb-a9f0-4474-976a-937801dbee06,20/09/2014,Sep-14,9,2014,DE VILLIERS,Minor Dam,242,27.52,230.5,95.25
98cce9a1-75b7-4fa9-8c8d-9b4e7ca6b6f8,21/09/2014,Sep-14,9,2014,DE VILLIERS,Minor Dam,242,27.55,231.5,95.66
be14c000-53ca-45b9-ac9d-1829d8239203,22/09/2014,Sep-14,9,2014,DE VILLIERS,Minor Dam,242,27.53,230.8,95.37
11483c9b-1e0c-48ba-8ae9-89077ead69b7,23/09/2014,Sep-14,9,2014,DE VILLIERS,Minor Dam,242,27.48,229.2,94.71
e4cd7a64-f79e-4d99-969c-6e4abe0a5eda,24/09/2014,Sep-14,9,2014,DE VILLIERS,Minor Dam,242,27.41,226.9,93.76
a5fcf1e0-f969-4b6a-9bbb-d72fe0eb6f3b,25/09/2014,Sep-14,9,2014,DE VILLIERS,Minor Dam,242,27.37,225.8,93.31
3183c4c7-cd22-4be2-b4e8-f42a7937c083,26/09/2014,Sep-14,9,2014,DE VILLIERS,Minor Dam,242,27.32,224.3,92.69
9b3dbaee-34b3-4cea-8ce4-9ef95aee3040,27/09/2014,Sep-14,9,2014,DE VILLIERS,Minor Dam,242,27.27,222.9,92.11
68ff8bbc-f7a7-42ae-bba9-577d6dd4ee72,28/09/2014,Sep-14,9,2014,DE VILLIERS,Minor Dam,242,27.22,221.4,91.49
4ab1922f-bb20-4ebb-9c46-26d2b833e49b,29/09/2014,Sep-14,9,2014,DE VILLIERS,Minor Dam,242,27.2,220.8,91.24
ddedca07-0cd9-48dd-b617-18228290a945,30/09/2014,Sep-14,9,2014,DE VILLIERS,Minor Dam,242,27.17,220,90.91
cf6170c0-cdbd-4b7a-9911-646c3c36d453,01/10/2014,Oct-14,10,2014,DE VILLIERS,Minor Dam,242,27.13,218.9,90.45
a7a2330a-6a77-4f4a-aa6f-d109655fa962,02/10/2014,Oct-14,10,2014,DE VILLIERS,Minor Dam,242,27.09,217.8,90
e1f4ec5d-8fb8-4194-b951-225460f943a6,03/10/2014,Oct-14,10,2014,DE VILLIERS,Minor Dam,242,27.03,216.1,89.3
724e8bd7-142d-416e-97cd-073450a1c453,04/10/2014,Oct-14,10,2014,DE VILLIERS,Minor Dam,242,26.99,215.1,88.88
5cc56e2e-863f-431a-9d37-b2f02768c1c6,05/10/2014,Oct-14,10,2014,DE VILLIERS,Minor Dam,242,26.92,213.2,88.1
f322acbb-75f8-4006-91b8-44c3b86d4d6d,06/10/2014,Oct-14,10,2014,DE VILLIERS,Minor Dam,242,26.85,211.3,87.31
7d4b9c0c-4e6d-4554-9bb1-2d75c15b14fd,07/10/2014,Oct-14,10,2014,DE VILLIERS,Minor Dam,242,26.8,210,86.78
9d46bb30-9a8c-49fa-93f0-ad28dc1a3e4c,08/10/2014,Oct-14,10,2014,DE VILLIERS,Minor Dam,242,26.75,208.7,86.24
9c3e3a2f-cd48-43a2-8472-4b33dc9ae5de,09/10/2014,Oct-14,10,2014,DE VILLIERS,Minor Dam,242,26.71,207.6,85.79
bb1c2ef1-485d-4770-bd87-c2139c9073cb,10/10/2014,Oct-14,10,2014,DE VILLIERS,Minor Dam,242,26.65,206.1,85.17
e1148cd9-0b25-43ad-8292-d8f0c32f0468,11/10/2014,Oct-14,10,2014,DE VILLIERS,Minor Dam,242,26.59,204.5,84.5
acb9ed67-711a-4936-b209-92e684777ceb,12/10/2014,Oct-14,10,2014,DE VILLIERS,Minor Dam,242,26.51,202.4,83.64
17fcf43f-35b2-4ca6-8704-1ee76fdb2324,13/10/2014,Oct-14,10,2014,DE VILLIERS,Minor Dam,242,26.46,201.1,83.1
99767805-f25d-416d-bf63-c5fa5a371f08,14/10/2014,Oct-14,10,2014,DE VILLIERS,Minor Dam,242,26.42,200.1,82.69
9f2564a9-0852-4e07-89ef-9874f72cbbdc,15/10/2014,Oct-14,10,2014,DE VILLIERS,Minor Dam,242,26.35,198.3,81.94
61a63e9f-5d36-4553-80ed-71e76d02eafb,16/10/2014,Oct-14,10,2014,DE VILLIERS,Minor Dam,242,26.28,196.5,81.2
d08a4317-9b05-49de-a32c-cad83b2ec1c1,17/10/2014,Oct-14,10,2014,DE VILLIERS,Minor Dam,242,26.2,194.5,80.37
f6f8e172-7af2-42da-bbca-01fcbe266e6d,18/10/2014,Oct-14,10,2014,DE VILLIERS,Minor Dam,242,26.15,193.3,79.88
3f25f69d-1979-4c0f-8648-0887d539f3d2,19/10/2014,Oct-14,10,2014,DE VILLIERS,Minor Dam,242,26.1,192,79.34
7e48ce68-687b-4d91-9e59-9c21159f2287,20/10/2014,Oct-14,10,2014,DE VILLIERS,Minor Dam,242,26.05,190.8,78.84
15ad38ed-cc13-48b3-aed2-29c2c73d56af,21/10/2014,Oct-14,10,2014,DE VILLIERS,Minor Dam,242,25.97,188.9,78.06
eccc7c67-f58e-4c4e-a150-6487bf54c6f2,22/10/2014,Oct-14,10,2014,DE VILLIERS,Minor Dam,242,25.89,187,77.27
8850902c-232b-42cf-a2c4-a02b95dd51bc,23/10/2014,Oct-14,10,2014,DE VILLIERS,Minor Dam,242,25.81,185,76.45
aca7f0a1-a571-4ea6-96e8-4bcdeec62da8,24/10/2014,Oct-14,10,2014,DE VILLIERS,Minor Dam,242,25.73,183.1,75.66
191a73c1-8ae8-4769-8711-09069a141f48,25/10/2014,Oct-14,10,2014,DE VILLIERS,Minor Dam,242,25.64,180.9,74.75
d3e79486-2157-42da-8e77-04984dc16ab4,26/10/2014,Oct-14,10,2014,DE VILLIERS,Minor Dam,242,25.56,179,73.97
7485e2af-7eff-450f-9d8b-436a4de0cf19,27/10/2014,Oct-14,10,2014,DE VILLIERS,Minor Dam,242,25.48,177.1,73.18
794f1d65-0dd6-463f-b0eb-c41b51e7319a,28/10/2014,Oct-14,10,2014,DE VILLIERS,Minor Dam,242,25.4,175.2,72.4
83f61d56-eb7a-4cad-8775-474843b94b13,29/10/2014,Oct-14,10,2014,DE VILLIERS,Minor Dam,242,25.3,172.8,71.4
d90505da-70d9-4cf7-a0f3-481673bd39ee,30/10/2014,Oct-14,10,2014,DE VILLIERS,Minor Dam,242,25.22,171,70.66
d41a677f-4c74-4772-a6a0-f6ff32964eb8,31/10/2014,Oct-14,10,2014,DE VILLIERS,Minor Dam,242,25.16,169.6,70.08
ab5b6ee8-3d9d-482f-b83a-42e9ff996e2d,01/11/2014,Nov-14,11,2014,DE VILLIERS,Minor Dam,242,25.08,167.7,69.3
cabffe5f-8a41-4b34-8ed7-119510cabed7,02/11/2014,Nov-14,11,2014,DE VILLIERS,Minor Dam,242,24.96,165,68.18
a0be6337-6e5f-414b-8fe4-a9ae503b36c0,03/11/2014,Nov-14,11,2014,DE VILLIERS,Minor Dam,242,24.87,163,67.36
a5a38962-948b-463c-a996-10e71dd878ce,04/11/2014,Nov-14,11,2014,DE VILLIERS,Minor Dam,242,24.79,161.2,66.61
3c6afa49-e1a6-4177-bf1c-90f2439cb76c,05/11/2014,Nov-14,11,2014,DE VILLIERS,Minor Dam,242,24.71,159.4,65.87
07c1a1e5-90c9-4a3c-a77e-9eb4bff6275a,06/11/2014,Nov-14,11,2014,DE VILLIERS,Minor Dam,242,24.6,157.1,64.92
6e6b0184-bca1-46c8-95f9-256bbbdfebb4,07/11/2014,Nov-14,11,2014,DE VILLIERS,Minor Dam,242,24.49,154.7,63.93
043945d1-1c1a-4f69-8aeb-7772e155ac6a,08/11/2014,Nov-14,11,2014,DE VILLIERS,Minor Dam,242,24.4,152.8,63.14
a325c6a1-1f8b-471c-aad4-d8ab78287134,09/11/2014,Nov-14,11,2014,DE VILLIERS,Minor Dam,242,24.4,152.8,63.14
9970a62b-1150-46e8-8749-9380353dcb47,10/11/2014,Nov-14,11,2014,DE VILLIERS,Minor Dam,242,24.4,152.8,63.14
52db4b39-155a-4e0e-92f8-37f4367fc9a4,11/11/2014,Nov-14,11,2014,DE VILLIERS,Minor Dam,242,24.39,152.6,63.06
36c21d9e-a797-4240-8ea8-5b787740cca5,12/11/2014,Nov-14,11,2014,DE VILLIERS,Minor Dam,242,24.39,152.6,63.06
8e593682-0278-444d-93ce-0e7f9e420297,13/11/2014,Nov-14,11,2014,DE VILLIERS,Minor Dam,242,24.39,152.6,63.06
196b1fa1-95df-4991-b184-64f7e1a0b8f4,14/11/2014,Nov-14,11,2014,DE VILLIERS,Minor Dam,242,24.39,152.6,63.06
cd6ccf5f-00b3-4b65-ae86-80f754926e4c,15/11/2014,Nov-14,11,2014,DE VILLIERS,Minor Dam,242,24.39,152.6,63.06
eb582a1d-fe16-4511-b1de-8ae202081b68,16/11/2014,Nov-14,11,2014,DE VILLIERS,Minor Dam,242,24.4,152.8,63.14
35d48107-63f9-46eb-9614-47ae8a3046d9,17/11/2014,Nov-14,11,2014,DE VILLIERS,Minor Dam,242,24.41,153,63.22
000967e2-7d7e-40f8-a16c-c788d2fcce15,18/11/2014,Nov-14,11,2014,DE VILLIERS,Minor Dam,242,24.41,153,63.22
c18cd67d-fb73-4b5a-be24-1765546f4778,19/11/2014,Nov-14,11,2014,DE VILLIERS,Minor Dam,242,24.42,153.2,63.31
873660aa-d845-40f6-a8cf-48ab42cedc20,20/11/2014,Nov-14,11,2014,DE VILLIERS,Minor Dam,242,24.43,153.4,63.39
dec8af98-705d-4a0f-8569-b2bf1b444a97,21/11/2014,Nov-14,11,2014,DE VILLIERS,Minor Dam,242,24.43,153.4,63.39
46450f46-7960-4855-9c85-27309cf5e526,22/11/2014,Nov-14,11,2014,DE VILLIERS,Minor Dam,242,24.43,153.4,63.39
509f20cc-a2ac-49b9-bc83-104392018429,23/11/2014,Nov-14,11,2014,DE VILLIERS,Minor Dam,242,24.42,153.2,63.31
1b029224-ceb8-4e5a-8441-da4e8f8551e2,24/11/2014,Nov-14,11,2014,DE VILLIERS,Minor Dam,242,24.42,153.2,63.31
54004aa5-5a6e-40f0-9ada-6268d490c546,25/11/2014,Nov-14,11,2014,DE VILLIERS,Minor Dam,242,24.42,153.2,63.31
b5dc7a5a-0136-4c68-9671-91115f05abcc,26/11/2014,Nov-14,11,2014,DE VILLIERS,Minor Dam,242,24.42,153.2,63.31
787cd40a-e613-4ab7-98a9-ede7d1bdd1e1,27/11/2014,Nov-14,11,2014,DE VILLIERS,Minor Dam,242,24.42,153.2,63.31
0ab9edbc-66af-4b5a-8452-4a9f40500a06,28/11/2014,Nov-14,11,2014,DE VILLIERS,Minor Dam,242,24.43,153.4,63.39
c9a73f82-20e1-4a4c-b8c2-0c6403a8bf68,29/11/2014,Nov-14,11,2014,DE VILLIERS,Minor Dam,242,24.45,153.8,63.55
ea02d631-3ad9-420e-94c8-46ec3a88b91d,30/11/2014,Nov-14,11,2014,DE VILLIERS,Minor Dam,242,24.46,154.1,63.68
815b3742-53a7-4b47-92d4-450f17902253,01/12/2014,Dec-14,12,2014,DE VILLIERS,Minor Dam,242,24.46,154.1,63.68
f0727bd9-92df-4857-94c1-051024c5679d,02/12/2014,Dec-14,12,2014,DE VILLIERS,Minor Dam,242,24.45,153.8,63.55
703ef6da-efda-4251-9c75-1be0b1dc5db7,03/12/2014,Dec-14,12,2014,DE VILLIERS,Minor Dam,242,24.45,153.8,63.55
030c8b07-b758-4b61-9355-13b99048529b,04/12/2014,Dec-14,12,2014,DE VILLIERS,Minor Dam,242,24.45,153.8,63.55
cb5fa6e6-0bf5-4223-aebc-7d8b6b03db0a,05/12/2014,Dec-14,12,2014,DE VILLIERS,Minor Dam,242,24.45,153.8,63.55
2ac72a5e-e5bd-443e-ba7f-224b6066e575,06/12/2014,Dec-14,12,2014,DE VILLIERS,Minor Dam,242,24.44,153.6,63.47
a5344e1d-1db4-4f9f-8da9-8064b63a35bb,07/12/2014,Dec-14,12,2014,DE VILLIERS,Minor Dam,242,24.44,153.6,63.47
7a134c3d-1cd8-4f92-b403-b389f3a38eed,08/12/2014,Dec-14,12,2014,DE VILLIERS,Minor Dam,242,24.44,153.6,63.47
ec60a54a-9647-4d7a-abe8-5f1aca60f8fc,09/12/2014,Dec-14,12,2014,DE VILLIERS,Minor Dam,242,24.42,153.2,63.31
6816a98a-0049-460f-9ed2-0af0626adb27,10/12/2014,Dec-14,12,2014,DE VILLIERS,Minor Dam,242,24.41,153,63.22
f66e9951-6fa0-4c97-a60b-0157ff046d23,11/12/2014,Dec-14,12,2014,DE VILLIERS,Minor Dam,242,24.4,152.8,63.14
17a7a7f9-1d96-4799-a7b5-1fe8d7b86110,12/12/2014,Dec-14,12,2014,DE VILLIERS,Minor Dam,242,24.4,152.8,63.14
86296287-b44b-4197-81f1-eae9a884658c,13/12/2014,Dec-14,12,2014,DE VILLIERS,Minor Dam,242,24.41,153,63.22
9f2020d0-3ad3-4e1a-b302-ebfa0db17354,14/12/2014,Dec-14,12,2014,DE VILLIERS,Minor Dam,242,24.42,153.2,63.31
66cd515b-79dd-4b85-b3ba-7803d6f4601b,15/12/2014,Dec-14,12,2014,DE VILLIERS,Minor Dam,242,24.43,153.4,63.39
ed9a4686-5738-4cf4-b133-0b5fa221b0ea,16/12/2014,Dec-14,12,2014,DE VILLIERS,Minor Dam,242,24.43,153.4,63.39
c3cfb858-1fa7-4112-9b49-68ead5c05af7,17/12/2014,Dec-14,12,2014,DE VILLIERS,Minor Dam,242,24.43,153.4,63.39
42b05959-25f8-4739-ae49-f5ca3eb30fee,18/12/2014,Dec-14,12,2014,DE VILLIERS,Minor Dam,242,24.44,153.6,63.47
495f0525-3da3-42d6-95b2-c73ff91c8319,19/12/2014,Dec-14,12,2014,DE VILLIERS,Minor Dam,242,24.43,153.4,63.39
17a9a6a2-b98c-46ac-b05b-8a744cc1abba,20/12/2014,Dec-14,12,2014,DE VILLIERS,Minor Dam,242,24.42,153.2,63.31
fb7a406d-79f6-46ad-bf34-d0cc8b332fcc,21/12/2014,Dec-14,12,2014,DE VILLIERS,Minor Dam,242,24.41,153,63.22
a39d4a4d-ecf7-40d3-bf59-a4548621e0b7,22/12/2014,Dec-14,12,2014,DE VILLIERS,Minor Dam,242,24.41,153,63.22
46ef5ef4-cb1f-4414-841d-84d6374a3611,23/12/2014,Dec-14,12,2014,DE VILLIERS,Minor Dam,242,24.41,153,63.22
41e051d9-8986-44dd-b0fd-29354c9485d2,24/12/2014,Dec-14,12,2014,DE VILLIERS,Minor Dam,242,24.41,153,63.22
e1cf60e6-9980-4144-bb53-8727767fbbf4,25/12/2014,Dec-14,12,2014,DE VILLIERS,Minor Dam,242,24.41,153,63.22
10cc666b-cc7e-4e36-85aa-ea439d831c77,26/12/2014,Dec-14,12,2014,DE VILLIERS,Minor Dam,242,24.43,153.4,63.39
287e7789-27d2-4197-b17f-a49c63eb501e,27/12/2014,Dec-14,12,2014,DE VILLIERS,Minor Dam,242,24.46,154.1,63.68
4456a4b3-21aa-4f92-a086-64440811e9b3,28/12/2014,Dec-14,12,2014,DE VILLIERS,Minor Dam,242,24.48,154.5,63.84
eb4f1d3d-be54-4724-947f-b0bb24384c49,29/12/2014,Dec-14,12,2014,DE VILLIERS,Minor Dam,242,24.48,154.5,63.84
6d36c53f-4800-422f-bfdb-0090c57c3181,30/12/2014,Dec-14,12,2014,DE VILLIERS,Minor Dam,242,24.46,154.1,63.68
e06faf43-47dc-4bc2-a727-755323452813,31/12/2014,Dec-14,12,2014,DE VILLIERS,Minor Dam,242,24.46,154.1,63.68
521fab5c-9b74-4ad4-a4b1-5f91537d0fb1,01/01/2015,Jan-15,1,2015,DE VILLIERS,Minor Dam,242,24.45,153.8,63.55
c95fdfda-d102-41b5-99e3-76dfaf8767b3,02/01/2015,Jan-15,1,2015,DE VILLIERS,Minor Dam,242,24.45,153.8,63.55
540efd24-f001-49d4-9441-be8e8b3c3b00,03/01/2015,Jan-15,1,2015,DE VILLIERS,Minor Dam,242,24.44,153.6,63.47
cfb806c7-a873-44ff-a75d-aaa0d7fa03cb,04/01/2015,Jan-15,1,2015,DE VILLIERS,Minor Dam,242,24.44,153.6,63.47
7bacf9f6-f6ce-4a2e-a3d4-9b98b7c93011,05/01/2015,Jan-15,1,2015,DE VILLIERS,Minor Dam,242,24.44,153.6,63.47
d4ff7dbf-0cf0-48e1-90fc-c32094204ac6,06/01/2015,Jan-15,1,2015,DE VILLIERS,Minor Dam,242,24.46,154.1,63.68
2217a82d-7fb6-413e-ae59-13660b1cb420,07/01/2015,Jan-15,1,2015,DE VILLIERS,Minor Dam,242,24.5,154.9,64.01
a922393c-73de-486b-8911-d9fe6f38eb9d,08/01/2015,Jan-15,1,2015,DE VILLIERS,Minor Dam,242,24.51,155.1,64.09
ba5bb9c2-08f2-4a09-ae35-7c0856589140,09/01/2015,Jan-15,1,2015,DE VILLIERS,Minor Dam,242,24.51,155.1,64.09
761f0b6d-90f7-4d73-b68d-1dd7f9f7d4a0,10/01/2015,Jan-15,1,2015,DE VILLIERS,Minor Dam,242,24.5,154.9,64.01
fbacef13-cbba-41f6-87e3-4fcb3e5baa4b,11/01/2015,Jan-15,1,2015,DE VILLIERS,Minor Dam,242,24.5,154.9,64.01
a57521fc-e823-4d14-bd10-566110d3a355,12/01/2015,Jan-15,1,2015,DE VILLIERS,Minor Dam,242,24.5,154.9,64.01
2b106cfd-90fe-4dc3-bb14-bdf67093652f,13/01/2015,Jan-15,1,2015,DE VILLIERS,Minor Dam,242,24.48,154.5,63.84
b07c47cf-2d0e-46c8-af81-4bd692a15a76,14/01/2015,Jan-15,1,2015,DE VILLIERS,Minor Dam,242,24.47,154.3,63.76
6d7ec066-8473-44ff-95e7-ac8b462f2e44,15/01/2015,Jan-15,1,2015,DE VILLIERS,Minor Dam,242,24.46,154.1,63.68
f64fea0e-59cf-4370-9147-ba9470ff0d73,16/01/2015,Jan-15,1,2015,DE VILLIERS,Minor Dam,242,24.46,154.1,63.68
79f337ce-16f0-4b15-80dd-164723fea4e6,17/01/2015,Jan-15,1,2015,DE VILLIERS,Minor Dam,242,24.48,154.5,63.84
96ff85db-43f8-4d9a-a804-49696aa676b2,18/01/2015,Jan-15,1,2015,DE VILLIERS,Minor Dam,242,24.48,154.5,63.84
4fc0cebc-0870-4141-952a-505975bcc946,19/01/2015,Jan-15,1,2015,DE VILLIERS,Minor Dam,242,24.48,154.5,63.84
3e69f1a1-4cd3-4e84-bad6-bc28696f3872,20/01/2015,Jan-15,1,2015,DE VILLIERS,Minor Dam,242,24.48,154.5,63.84
a92fbea6-9169-44b1-9219-eb01acde67b0,21/01/2015,Jan-15,1,2015,DE VILLIERS,Minor Dam,242,24.48,154.5,63.84
3890b51c-4f2c-488f-b5ea-774f2ee32410,22/01/2015,Jan-15,1,2015,DE VILLIERS,Minor Dam,242,24.48,154.5,63.84
7325dd65-4e64-41a5-a7bc-e6fe955953ae,23/01/2015,Jan-15,1,2015,DE VILLIERS,Minor Dam,242,24.48,154.5,63.84
8195146c-3c35-451e-96b9-bf591b564d6a,24/01/2015,Jan-15,1,2015,DE VILLIERS,Minor Dam,242,24.47,154.3,63.76
f008e177-70dc-4fb7-81b7-4a25ac0bcce7,25/01/2015,Jan-15,1,2015,DE VILLIERS,Minor Dam,242,24.46,154.1,63.68
6f9c5f91-1c72-42dc-acb4-b91d1a24c28a,26/01/2015,Jan-15,1,2015,DE VILLIERS,Minor Dam,242,24.46,154.1,63.68
d3a736cf-21c4-4b00-a54b-7c0b2995d614,27/01/2015,Jan-15,1,2015,DE VILLIERS,Minor Dam,242,24.4,152.8,63.14
ed89fa8e-557c-4faa-979d-07e360870d8d,28/01/2015,Jan-15,1,2015,DE VILLIERS,Minor Dam,242,24.33,151.3,62.52
d4aa295c-6ed8-4169-a967-65f0a2e450b9,29/01/2015,Jan-15,1,2015,DE VILLIERS,Minor Dam,242,24.24,149.5,61.78
7b859ba0-06e5-4a2b-89a3-7a552af00dc2,30/01/2015,Jan-15,1,2015,DE VILLIERS,Minor Dam,242,24.24,149.5,61.78
e607b89c-b054-4286-b181-fe8fe7b62589,31/01/2015,Jan-15,1,2015,DE VILLIERS,Minor Dam,242,24.08,146.2,60.41
cd270183-be12-4967-ab6c-b2cee811cec4,01/02/2015,Feb-15,2,2015,DE VILLIERS,Minor Dam,242,23.96,143.8,59.42
1b6d8b94-b915-4eb0-b6ea-80f38bf9a7ad,02/02/2015,Feb-15,2,2015,DE VILLIERS,Minor Dam,242,23.84,141.4,58.43
08903629-5306-49ad-b204-1cd34babb03e,03/02/2015,Feb-15,2,2015,DE VILLIERS,Minor Dam,242,23.7,138.7,57.31
aab61447-0009-4aaf-ad05-f4f83a31331a,04/02/2015,Feb-15,2,2015,DE VILLIERS,Minor Dam,242,23.56,136,56.2
524582a8-f62d-4127-a7d5-726a7a90cfd8,05/02/2015,Feb-15,2,2015,DE VILLIERS,Minor Dam,242,23.44,133.7,55.25
2128815a-0b42-40d5-9d12-aa445af0f08d,06/02/2015,Feb-15,2,2015,DE VILLIERS,Minor Dam,242,23.3,131.1,54.17
d24455b7-a494-48af-887f-2378b26713ea,07/02/2015,Feb-15,2,2015,DE VILLIERS,Minor Dam,242,23.16,128.6,53.14
49911274-c826-4962-a2f9-8172f4a2ed38,08/02/2015,Feb-15,2,2015,DE VILLIERS,Minor Dam,242,23.01,125.8,51.98
45c395bb-3ae3-4f62-820c-e02825130ae1,09/02/2015,Feb-15,2,2015,DE VILLIERS,Minor Dam,242,22.88,123.5,51.03
6b4da61e-f2cc-4b72-8efd-caef333de849,10/02/2015,Feb-15,2,2015,DE VILLIERS,Minor Dam,242,22.69,120.1,49.63
8994d7e4-5569-4910-9768-f4c6e5923212,11/02/2015,Feb-15,2,2015,DE VILLIERS,Minor Dam,242,22.54,117.5,48.55
96c6e679-795c-41ec-a972-652b6ae100f0,12/02/2015,Feb-15,2,2015,DE VILLIERS,Minor Dam,242,22.39,114.8,47.44
7490a1b6-166c-4c06-9449-e6cb6cf2cc48,13/02/2015,Feb-15,2,2015,DE VILLIERS,Minor Dam,242,22.25,112.4,46.45
8ec30dc0-25d1-44c1-9596-55946c9e2ca2,14/02/2015,Feb-15,2,2015,DE VILLIERS,Minor Dam,242,22.09,109.7,45.33
d2051d69-ffc0-4fa0-9f2e-403baf282080,15/02/2015,Feb-15,2,2015,DE VILLIERS,Minor Dam,242,21.9,106.5,44.01
76e1939a-dbe5-42c5-80bd-c1670de3315f,16/02/2015,Feb-15,2,2015,DE VILLIERS,Minor Dam,242,21.81,105,43.39
9a554eba-b746-4a57-b4fc-8d87077cf457,17/02/2015,Feb-15,2,2015,DE VILLIERS,Minor Dam,242,21.66,102.6,42.4
4cf6f54c-a413-4395-90da-56a32a6d4c02,18/02/2015,Feb-15,2,2015,DE VILLIERS,Minor Dam,242,21.52,100.4,41.49
46219988-9a73-4164-b4cf-1533aa763a13,19/02/2015,Feb-15,2,2015,DE VILLIERS,Minor Dam,242,21.38,98.2,40.58
815a621f-a506-4a92-8a8c-ae36f726dd1b,20/02/2015,Feb-15,2,2015,DE VILLIERS,Minor Dam,242,21.2,95.5,39.46
268768ab-5646-49ad-bc6d-40b6c083f61a,21/02/2015,Feb-15,2,2015,DE VILLIERS,Minor Dam,242,21,92.4,38.18
e5aa6921-e3ff-4769-b3ab-332cb957d969,22/02/2015,Feb-15,2,2015,DE VILLIERS,Minor Dam,242,20.84,90.1,37.23
4b39fb55-9cd3-4e83-832c-f1d49ec54cca,23/02/2015,Feb-15,2,2015,DE VILLIERS,Minor Dam,242,20.68,87.9,36.32
1000cc16-0853-4945-a32c-28b5be6307d7,24/02/2015,Feb-15,2,2015,DE VILLIERS,Minor Dam,242,20.5,85.2,35.21
83ac8dcd-6663-4956-8760-c0868e30c70c,25/02/2015,Feb-15,2,2015,DE VILLIERS,Minor Dam,242,20.32,82.6,34.13
f4bbb246-221a-42e8-bd7b-c8e5e2cd479d,26/02/2015,Feb-15,2,2015,DE VILLIERS,Minor Dam,242,20.24,81.5,33.68
c55d781d-3b67-4855-845d-b26afe2adebb,27/02/2015,Feb-15,2,2015,DE VILLIERS,Minor Dam,242,20.08,79.3,32.77
57897fe6-d3ef-4c28-a66e-1972d66d5983,28/02/2015,Feb-15,2,2015,DE VILLIERS,Minor Dam,242,19.94,77.4,31.98
bb499320-0430-4adf-8e51-a53a493852ba,01/03/2015,Mar-15,3,2015,DE VILLIERS,Minor Dam,242,19.87,76.5,31.61
35e0f251-4d3a-490b-8800-2056e05feaba,02/03/2015,Mar-15,3,2015,DE VILLIERS,Minor Dam,242,19.81,75.7,31.28
84815ae6-a414-4f68-8e0d-d950d89cfbf1,03/03/2015,Mar-15,3,2015,DE VILLIERS,Minor Dam,242,20.12,79.9,33.02
839d5cd6-071d-46cc-9dbf-b569cb8fbae4,04/03/2015,Mar-15,3,2015,DE VILLIERS,Minor Dam,242,20.37,83.3,34.42
44f6e0ae-8c78-4c9f-9e7e-86d2222314b0,05/03/2015,Mar-15,3,2015,DE VILLIERS,Minor Dam,242,20.6,86.6,35.79
2c5daf41-f96e-46d8-af4e-473d957e8227,06/03/2015,Mar-15,3,2015,DE VILLIERS,Minor Dam,242,20.84,90.1,37.23
404de574-760e-4160-bef5-f6f3924bd683,07/03/2015,Mar-15,3,2015,DE VILLIERS,Minor Dam,242,21.09,93.8,38.76
16e3c521-b5fc-49dd-9d0c-dd40b3e183b7,08/03/2015,Mar-15,3,2015,DE VILLIERS,Minor Dam,242,21.27,96.5,39.88
da968427-101a-4917-a585-a00eaed41196,09/03/2015,Mar-15,3,2015,DE VILLIERS,Minor Dam,242,21.4,98.5,40.7
7e8b6241-2a60-417f-8ea0-c4e3f7202a48,10/03/2015,Mar-15,3,2015,DE VILLIERS,Minor Dam,242,21.65,102.4,42.31
4dc855ee-e0aa-42c7-b8da-10afd7d82394,11/03/2015,Mar-15,3,2015,DE VILLIERS,Minor Dam,242,21.8,104.9,43.35
cce23a75-5331-476e-b5c2-eb117db363ab,12/03/2015,Mar-15,3,2015,DE VILLIERS,Minor Dam,242,21.98,107.8,44.55
ffadae71-4c34-44c4-948e-b80b9efb6a7c,13/03/2015,Mar-15,3,2015,DE VILLIERS,Minor Dam,242,22.17,111,45.87
d95bc8bf-7194-4240-9dcc-d05923d8a014,14/03/2015,Mar-15,3,2015,DE VILLIERS,Minor Dam,242,22.35,114.2,47.19
88156032-34dc-4e70-8cf2-e64003fc54f6,15/03/2015,Mar-15,3,2015,DE VILLIERS,Minor Dam,242,22.48,116.4,48.1
1512d69e-6f4c-4131-82b4-6a8d016f7a87,16/03/2015,Mar-15,3,2015,DE VILLIERS,Minor Dam,242,22.36,114.3,47.23
fc2af367-8ff9-441c-b88e-b859f0a6bd4c,17/03/2015,Mar-15,3,2015,DE VILLIERS,Minor Dam,242,22.2,111.6,46.12
255b9256-a35f-4822-b081-c348f02330a7,18/03/2015,Mar-15,3,2015,DE VILLIERS,Minor Dam,242,21.95,107.3,44.34
cc6d25fc-4de3-4726-8f5b-a9e5c03e76ac,19/03/2015,Mar-15,3,2015,DE VILLIERS,Minor Dam,242,21.8,104.9,43.35
8e7aefac-3ecc-4cbb-a7ce-fc2a738f85f7,20/03/2015,Mar-15,3,2015,DE VILLIERS,Minor Dam,242,21.63,102.1,42.19
5785486a-c625-4972-9aa1-851539539f41,21/03/2015,Mar-15,3,2015,DE VILLIERS,Minor Dam,242,21.47,99.6,41.16
b20bd183-4569-4c27-8d3d-60a17bad7dbc,22/03/2015,Mar-15,3,2015,DE VILLIERS,Minor Dam,242,21.3,97,40.08
40e85884-9056-49f2-8a3a-a28efa1e1d84,23/03/2015,Mar-15,3,2015,DE VILLIERS,Minor Dam,242,21.12,94.2,38.93
2e885264-1432-496c-8b24-fb7aaaae27f1,24/03/2015,Mar-15,3,2015,DE VILLIERS,Minor Dam,242,20.94,91.6,37.85
9aa8eeb5-406c-438e-b2aa-323ed06e2b76,25/03/2015,Mar-15,3,2015,DE VILLIERS,Minor Dam,242,20.76,88.9,36.74
ab069f81-3cf7-4bf7-86bb-de396e1ca874,26/03/2015,Mar-15,3,2015,DE VILLIERS,Minor Dam,242,20.58,86.3,35.66
78f6f268-4dc0-448b-80ea-d8cc032f158c,27/03/2015,Mar-15,3,2015,DE VILLIERS,Minor Dam,242,20.42,84,34.71
0d5103f4-a33a-4335-a7a9-8b4a06ff1739,28/03/2015,Mar-15,3,2015,DE VILLIERS,Minor Dam,242,20.22,81.2,33.55
26a75b63-2dce-49fb-982d-50763e544e6d,29/03/2015,Mar-15,3,2015,DE VILLIERS,Minor Dam,242,20.19,80.8,33.39
97e07817-8f63-466d-b8db-c1f3c2ff1774,30/03/2015,Mar-15,3,2015,DE VILLIERS,Minor Dam,242,20.17,80.5,33.26
af11ec15-ef73-46ee-86ec-1d0895019091,31/03/2015,Mar-15,3,2015,DE VILLIERS,Minor Dam,242,20.17,80.5,33.26
aa160f1b-e6e8-4727-a512-508e60d841e0,01/04/2015,Apr-15,4,2015,DE VILLIERS,Minor Dam,242,20.36,83.2,34.38
2573f53d-7464-4c33-bd36-34cb156c97ac,02/04/2015,Apr-15,4,2015,DE VILLIERS,Minor Dam,242,20.58,86.3,35.66
a67d7430-ae9a-43c0-b67d-f7dc255f3c47,03/04/2015,Apr-15,4,2015,DE VILLIERS,Minor Dam,242,20.79,89.4,36.94
732bf6ed-727b-4f5f-8fc9-a4b943a84555,04/04/2015,Apr-15,4,2015,DE VILLIERS,Minor Dam,242,20.98,92.1,38.06
18d16859-8127-4b79-b71e-65b1b8a3c0a3,05/04/2015,Apr-15,4,2015,DE VILLIERS,Minor Dam,242,21.17,95,39.26
6eca58bd-adc2-4bad-b10d-12a421681f2b,06/04/2015,Apr-15,4,2015,DE VILLIERS,Minor Dam,242,21.37,98.1,40.54
7e5f6614-2c00-41ce-b18b-c59e7a308b9b,07/04/2015,Apr-15,4,2015,DE VILLIERS,Minor Dam,242,21.53,100.6,41.57
75659aa5-d848-49c2-9d34-f2a21b29ec95,08/04/2015,Apr-15,4,2015,DE VILLIERS,Minor Dam,242,21.7,103.2,42.64
b627c99e-7df7-42d0-b3b7-9a5fc8b2bcdb,09/04/2015,Apr-15,4,2015,DE VILLIERS,Minor Dam,242,21.85,105.7,43.68
d88d79e3-8322-4744-8329-28ad03bcc83f,10/04/2015,Apr-15,4,2015,DE VILLIERS,Minor Dam,242,22.05,109,45.04
25c5fbc6-4ed0-4f47-a154-0f9209091f19,11/04/2015,Apr-15,4,2015,DE VILLIERS,Minor Dam,242,22.25,112.4,46.45
7af0b10c-df81-4998-9fd3-6934f546af32,12/04/2015,Apr-15,4,2015,DE VILLIERS,Minor Dam,242,22.11,110,45.45
e75de33c-b84a-47d0-ba5a-6fe73fe5def4,13/04/2015,Apr-15,4,2015,DE VILLIERS,Minor Dam,242,22.1,109.8,45.37
6807ebc5-f9bb-4f70-a7e6-8fecdb015b21,14/04/2015,Apr-15,4,2015,DE VILLIERS,Minor Dam,242,22.1,109.8,45.37
8a25f968-28f9-429f-8b12-c1be3c4dd616,15/04/2015,Apr-15,4,2015,DE VILLIERS,Minor Dam,242,22.09,109.7,45.33
99f44d32-3c82-41fd-8138-e42e71902199,16/04/2015,Apr-15,4,2015,DE VILLIERS,Minor Dam,242,22.08,109.5,45.25
57b3d4c2-3c80-457e-b231-d8700a471626,17/04/2015,Apr-15,4,2015,DE VILLIERS,Minor Dam,242,22.06,109.2,45.12
9d0d3e8b-39e7-4302-badb-a20276535ddf,18/04/2015,Apr-15,4,2015,DE VILLIERS,Minor Dam,242,22.05,109,45.04
4a65c27b-30e9-4081-86e9-d76f98b91389,19/04/2015,Apr-15,4,2015,DE VILLIERS,Minor Dam,242,22.02,108.5,44.83
85b0fa98-6224-48a2-ad37-d2bcff1b1af5,20/04/2015,Apr-15,4,2015,DE VILLIERS,Minor Dam,242,22,108.1,44.67
7a55c48d-c6e4-42c2-90ff-c5e7dd95c4af,21/04/2015,Apr-15,4,2015,DE VILLIERS,Minor Dam,242,21.98,107.8,44.55
60c92c39-1fa7-42d5-b05d-6137cf02f96a,22/04/2015,Apr-15,4,2015,DE VILLIERS,Minor Dam,242,21.96,107.5,44.42
93daab27-05ae-43bf-a0cf-e7afeac0b671,23/04/2015,Apr-15,4,2015,DE VILLIERS,Minor Dam,242,22.05,109,45.04
9061dc3b-b10c-4d55-b0da-226c5142390c,24/04/2015,Apr-15,4,2015,DE VILLIERS,Minor Dam,242,22.16,110.9,45.83
9c092a51-2938-4ca0-b07f-cdb0885c8613,25/04/2015,Apr-15,4,2015,DE VILLIERS,Minor Dam,242,22.29,113.1,46.74
a1e0cb7f-f8b6-4320-b22f-dafbde725d55,26/04/2015,Apr-15,4,2015,DE VILLIERS,Minor Dam,242,22.37,114.5,47.31
d7d1523b-3b23-48f8-8ed4-690541797e5f,27/04/2015,Apr-15,4,2015,DE VILLIERS,Minor Dam,242,22.37,114.5,47.31
98b97ee7-b69e-43a2-860a-737c1c186404,28/04/2015,Apr-15,4,2015,DE VILLIERS,Minor Dam,242,22.37,114.5,47.31
72336da0-edeb-4c2c-a72e-de1977fc102a,29/04/2015,Apr-15,4,2015,DE VILLIERS,Minor Dam,242,22.36,114.3,47.23
98e20ec5-c865-4183-bbe1-966089ad4b02,30/04/2015,Apr-15,4,2015,DE VILLIERS,Minor Dam,242,22.35,114.2,47.19
13c19a8b-6ca5-4a93-9a3a-e88be990ad19,01/05/2015,May-15,5,2015,DE VILLIERS,Minor Dam,242,22.34,114,47.11
a92ee125-896e-48e1-9eb5-03d16b36e48a,02/05/2015,May-15,5,2015,DE VILLIERS,Minor Dam,242,22.32,113.6,46.94
9e4b4bfe-365f-49b5-8f58-ff32a9bdbd0a,03/05/2015,May-15,5,2015,DE VILLIERS,Minor Dam,242,22.28,112.9,46.65
87eca631-74b7-4fba-abad-1885a7067ffa,04/05/2015,May-15,5,2015,DE VILLIERS,Minor Dam,242,22.27,112.8,46.61
efd4144b-c570-4fa1-b5b2-0d71f0a89b37,05/05/2015,May-15,5,2015,DE VILLIERS,Minor Dam,242,22.26,112.6,46.53
cdef0d16-ce0b-466b-8f16-5681c02d5e55,06/05/2015,May-15,5,2015,DE VILLIERS,Minor Dam,242,22.25,112.4,46.45
a9420df9-c68a-47ad-b80d-821e3ff854f1,07/05/2015,May-15,5,2015,DE VILLIERS,Minor Dam,242,22.24,112.2,46.36
4ecb3ca4-aa7b-4354-b5a3-d12b30939381,08/05/2015,May-15,5,2015,DE VILLIERS,Minor Dam,242,22.2,111.6,46.12
3e0b3e58-6f18-4d98-b05c-9ed6767cc760,09/05/2015,May-15,5,2015,DE VILLIERS,Minor Dam,242,22.19,111.4,46.03
447bdd57-7298-4e5f-9b4d-9390d6323d7f,10/05/2015,May-15,5,2015,DE VILLIERS,Minor Dam,242,22.17,111,45.87
0de3046a-a6a7-4185-9058-4bca7b374c02,11/05/2015,May-15,5,2015,DE VILLIERS,Minor Dam,242,22.15,110.7,45.74
4ff13a7f-51e5-4407-958f-fdfc443a62dd,12/05/2015,May-15,5,2015,DE VILLIERS,Minor Dam,242,22.13,110.4,45.62
215ca2d4-f3a7-429f-bf05-70763ebab1f7,13/05/2015,May-15,5,2015,DE VILLIERS,Minor Dam,242,22.11,110,45.45
9d633dfb-9c42-4c7d-a042-55509394dfb6,14/05/2015,May-15,5,2015,DE VILLIERS,Minor Dam,242,22.09,109.7,45.33
a623eb17-45ea-483e-b6cc-ef49e43d9e27,15/05/2015,May-15,5,2015,DE VILLIERS,Minor Dam,242,22.1,109.8,45.37
623da8aa-eb16-474f-a310-5854c383c5ce,16/05/2015,May-15,5,2015,DE VILLIERS,Minor Dam,242,22.1,109.8,45.37
6bf9d11d-b27b-486d-be7b-18704e4d96b9,17/05/2015,May-15,5,2015,DE VILLIERS,Minor Dam,242,22.08,109.5,45.25
76e15858-7e0d-4b16-91d9-6c46ea977650,18/05/2015,May-15,5,2015,DE VILLIERS,Minor Dam,242,22.06,109.2,45.12
9ed574e5-6e8b-40fe-b87d-96f09d08f7cb,19/05/2015,May-15,5,2015,DE VILLIERS,Minor Dam,242,22.04,108.8,44.96
32272ba4-f0ac-4d78-b2f8-41344e1872fe,20/05/2015,May-15,5,2015,DE VILLIERS,Minor Dam,242,22.03,108.6,44.88
7dbd8e63-4344-40e9-a98a-b477e503833e,21/05/2015,May-15,5,2015,DE VILLIERS,Minor Dam,242,22.01,108.3,44.75
9975fe62-aed4-48e6-894c-53de4fa54cab,22/05/2015,May-15,5,2015,DE VILLIERS,Minor Dam,242,21.99,108,44.63
3fd4c824-6d88-4b8e-a159-b610644ae411,23/05/2015,May-15,5,2015,DE VILLIERS,Minor Dam,242,21.95,107.3,44.34
8036a171-6e04-4ddd-a07d-eed04b890659,24/05/2015,May-15,5,2015,DE VILLIERS,Minor Dam,242,21.97,107.6,44.46
3252086a-2ed0-4789-ac87-a2708c1fc56a,25/05/2015,May-15,5,2015,DE VILLIERS,Minor Dam,242,21.96,107.5,44.42
2780ad95-3779-4662-b8c6-10032a81cf1d,26/05/2015,May-15,5,2015,DE VILLIERS,Minor Dam,242,21.93,107,44.21
8bef583b-7b4b-461b-a6b2-09c20072b662,27/05/2015,May-15,5,2015,DE VILLIERS,Minor Dam,242,21.93,107,44.21
c37849ef-1488-4515-b358-3096e23c940a,28/05/2015,May-15,5,2015,DE VILLIERS,Minor Dam,242,21.96,107.5,44.42
9bbd427c-8e37-4f59-a695-b17f5e2ce66e,29/05/2015,May-15,5,2015,DE VILLIERS,Minor Dam,242,21.96,107.5,44.42
2f3c7318-f1af-409f-81ec-fc8729d8bd90,30/05/2015,May-15,5,2015,DE VILLIERS,Minor Dam,242,22.1,109.8,45.37
861dc85c-5210-4246-bbb4-810ab3f90ad9,31/05/2015,May-15,5,2015,DE VILLIERS,Minor Dam,242,22.1,109.8,45.37
a6140f90-fc4f-425a-b8f7-eea65ac3d215,01/06/2015,Jun-15,6,2015,DE VILLIERS,Minor Dam,242,22.25,112.4,46.45
8573d696-a6f9-4050-861a-34891393ec8b,02/06/2015,Jun-15,6,2015,DE VILLIERS,Minor Dam,242,22.3,113.3,46.82
4176421c-8966-45dc-9a4f-1d14582f3e25,03/06/2015,Jun-15,6,2015,DE VILLIERS,Minor Dam,242,22.34,114,47.11
723b89fc-ceb3-401b-9262-e3fce0905d53,04/06/2015,Jun-15,6,2015,DE VILLIERS,Minor Dam,242,22.54,117.5,48.55
14160111-3e08-4a46-b106-cab06e8a8a05,05/06/2015,Jun-15,6,2015,DE VILLIERS,Minor Dam,242,23.12,127.8,52.81
b9ed4b4b-39e6-4d9c-9309-4e5887639102,06/06/2015,Jun-15,6,2015,DE VILLIERS,Minor Dam,242,23.25,130.2,53.8
3b704b43-091c-4890-97ac-3d9298486014,07/06/2015,Jun-15,6,2015,DE VILLIERS,Minor Dam,242,23.28,130.8,54.05
6e4f9ae0-ccea-401a-95a9-df959eace46a,08/06/2015,Jun-15,6,2015,DE VILLIERS,Minor Dam,242,23.3,131.1,54.17
b4443e75-8eab-4532-b1ca-e6ba1f3897c7,09/06/2015,Jun-15,6,2015,DE VILLIERS,Minor Dam,242,23.32,131.5,54.34
eea80fc0-710a-48ba-8a41-c19e1442e53a,10/06/2015,Jun-15,6,2015,DE VILLIERS,Minor Dam,242,23.34,131.9,54.5
2a76feb9-69eb-430b-b9c3-962adbaaa4c2,11/06/2015,Jun-15,6,2015,DE VILLIERS,Minor Dam,242,23.35,132.1,54.59
0b74a970-9a72-4365-bd13-78faebb306ec,12/06/2015,Jun-15,6,2015,DE VILLIERS,Minor Dam,242,23.35,132.1,54.59
13c4819d-ac0e-4c03-8833-6a81b33fda05,13/06/2015,Jun-15,6,2015,DE VILLIERS,Minor Dam,242,23.37,132.4,54.71
a6775f78-8360-4e62-8363-7465a0d83e9f,14/06/2015,Jun-15,6,2015,DE VILLIERS,Minor Dam,242,23.37,132.4,54.71
2957ba38-f363-4c84-aec1-951111dc1b09,15/06/2015,Jun-15,6,2015,DE VILLIERS,Minor Dam,242,23.37,132.4,54.71
1f2b1127-ca1c-4d47-b1f7-fdf12bdc700e,16/06/2015,Jun-15,6,2015,DE VILLIERS,Minor Dam,242,23.36,132.2,54.63
cb1097f1-005b-4122-abe1-4fd1e3aa91cc,17/06/2015,Jun-15,6,2015,DE VILLIERS,Minor Dam,242,23.58,136.4,56.36
8721bd70-571b-4fb0-bdcf-14d5ae9e4af7,18/06/2015,Jun-15,6,2015,DE VILLIERS,Minor Dam,242,23.86,141.8,58.6
08e7b82e-d26c-4f11-9ec3-7a91d893c884,19/06/2015,Jun-15,6,2015,DE VILLIERS,Minor Dam,242,23.91,142.8,59.01
3d57c668-4c92-4817-9218-fbdbb1a3cbfe,20/06/2015,Jun-15,6,2015,DE VILLIERS,Minor Dam,242,23.93,143.2,59.17
ca84d055-a518-4b6d-bdb8-1e3167795c03,21/06/2015,Jun-15,6,2015,DE VILLIERS,Minor Dam,242,23.95,143.6,59.34
1f48480e-24ce-4b85-b9bf-0c22b5a8c58a,22/06/2015,Jun-15,6,2015,DE VILLIERS,Minor Dam,242,24.02,145,59.92
53bd1d77-06dd-4418-a0d8-b5215d76128c,23/06/2015,Jun-15,6,2015,DE VILLIERS,Minor Dam,242,24.04,145.4,60.08
e34f0221-148e-40a9-ad65-fd6a6696700b,24/06/2015,Jun-15,6,2015,DE VILLIERS,Minor Dam,242,24.04,145.4,60.08
0077c3f1-3ed7-4ef5-b83d-2d9314144693,25/06/2015,Jun-15,6,2015,DE VILLIERS,Minor Dam,242,24.25,149.7,61.86
170370da-9701-45e8-adb6-626798e29a52,26/06/2015,Jun-15,6,2015,DE VILLIERS,Minor Dam,242,24.43,153.4,63.39
ada0d1e0-8439-4de4-b5eb-2cc7bbf29323,27/06/2015,Jun-15,6,2015,DE VILLIERS,Minor Dam,242,24.49,154.7,63.93
cd09a36d-b384-43f8-9ef7-d4b5242d8eec,28/06/2015,Jun-15,6,2015,DE VILLIERS,Minor Dam,242,24.55,156,64.46
894afc8f-08e5-4801-b866-f7a0dcc2e033,29/06/2015,Jun-15,6,2015,DE VILLIERS,Minor Dam,242,24.56,156.2,64.55
f64f425c-7602-49fe-8eed-46e1be034f88,30/06/2015,Jun-15,6,2015,DE VILLIERS,Minor Dam,242,24.66,158.4,65.45
218b9c3e-2bd5-471c-87ea-40ed2ba973e6,01/07/2015,Jul-15,7,2015,DE VILLIERS,Minor Dam,242,24.74,160.1,66.16
d63f9edf-e8b6-4626-975d-e56fe9e27424,02/07/2015,Jul-15,7,2015,DE VILLIERS,Minor Dam,242,24.78,161,66.53
ca75d341-7d93-405a-9a8d-f8cd5cae8561,03/07/2015,Jul-15,7,2015,DE VILLIERS,Minor Dam,242,24.82,161.9,66.9
51781804-395b-419e-aaba-49f1f7596183,04/07/2015,Jul-15,7,2015,DE VILLIERS,Minor Dam,242,24.83,162.1,66.98
e33a376f-bf1e-480a-a153-300c3fd2fc61,05/07/2015,Jul-15,7,2015,DE VILLIERS,Minor Dam,242,24.83,162.1,66.98
0b331e24-1552-4f80-9b3c-857606f41207,06/07/2015,Jul-15,7,2015,DE VILLIERS,Minor Dam,242,24.84,162.3,67.07
08ec7fba-f9db-43a7-ba10-46d2bb26dc4e,07/07/2015,Jul-15,7,2015,DE VILLIERS,Minor Dam,242,24.84,162.3,67.07
3a0065cf-4291-4166-a91f-8f8c6f6a5799,08/07/2015,Jul-15,7,2015,DE VILLIERS,Minor Dam,242,24.84,162.3,67.07
c030ca2f-a04a-4bbd-ac1f-58ac6b2ae1c7,09/07/2015,Jul-15,7,2015,DE VILLIERS,Minor Dam,242,24.84,162.3,67.07
74c871b5-b5fb-4e06-ba7d-05a455eefcba,10/07/2015,Jul-15,7,2015,DE VILLIERS,Minor Dam,242,24.84,162.3,67.07
f426b575-19f0-4156-8e44-ca558c31638d,11/07/2015,Jul-15,7,2015,DE VILLIERS,Minor Dam,242,24.84,162.3,67.07
4bf1f9b0-cf14-4139-9b18-fcbffef3a10f,12/07/2015,Jul-15,7,2015,DE VILLIERS,Minor Dam,242,24.82,161.9,66.9
307a8f5f-f423-4c51-bbd2-5527b01b01ba,13/07/2015,Jul-15,7,2015,DE VILLIERS,Minor Dam,242,24.84,162.3,67.07
1ae015d9-ed22-4004-b2aa-59794b39e850,14/07/2015,Jul-15,7,2015,DE VILLIERS,Minor Dam,242,24.84,162.3,67.07
ea2450e3-b379-40c9-8d49-f3ab1f78639f,15/07/2015,Jul-15,7,2015,DE VILLIERS,Minor Dam,242,24.84,162.3,67.07
ed4e7ef1-4507-4bb5-b5b4-aae20bdfe02d,16/07/2015,Jul-15,7,2015,DE VILLIERS,Minor Dam,242,24.84,162.3,67.07
376d2fd4-09d4-46ae-bef7-701fb23ec963,17/07/2015,Jul-15,7,2015,DE VILLIERS,Minor Dam,242,24.84,162.3,67.07
7da370d8-aba4-4346-8a2c-7ce5ea9aae61,18/07/2015,Jul-15,7,2015,DE VILLIERS,Minor Dam,242,24.85,162.5,67.15
90e4837b-2ae5-4a58-b763-7f32b19729ec,19/07/2015,Jul-15,7,2015,DE VILLIERS,Minor Dam,242,25.36,174.2,71.98
1ce5c729-3d33-489c-8c1b-60062966e198,20/07/2015,Jul-15,7,2015,DE VILLIERS,Minor Dam,242,25.44,176.2,72.81
eec306bb-6aba-49f4-a29d-f68ef4f32b54,21/07/2015,Jul-15,7,2015,DE VILLIERS,Minor Dam,242,25.48,177.1,73.18
c8b74f27-5e5c-4f55-885c-fb05cd65f53f,22/07/2015,Jul-15,7,2015,DE VILLIERS,Minor Dam,242,25.5,177.6,73.39
aff35695-e67c-44d3-b882-3fa59b6d1e00,23/07/2015,Jul-15,7,2015,DE VILLIERS,Minor Dam,242,25.51,177.8,73.47
9fe8e5a2-f8fe-4019-b8dc-4eba5786edc1,24/07/2015,Jul-15,7,2015,DE VILLIERS,Minor Dam,242,25.62,180.5,74.59
f392a064-1b58-4556-84b1-eb76158bfeb1,25/07/2015,Jul-15,7,2015,DE VILLIERS,Minor Dam,242,26.1,192,79.34
80269125-956b-4913-959a-616b906d4e49,26/07/2015,Jul-15,7,2015,DE VILLIERS,Minor Dam,242,26.24,195.5,80.79
4fba7f0b-4468-4d85-b30f-98d3ac37ae3d,27/07/2015,Jul-15,7,2015,DE VILLIERS,Minor Dam,242,26.25,195.7,80.87
804e5c6d-ad48-4619-9c81-f7efc4733ba9,28/07/2015,Jul-15,7,2015,DE VILLIERS,Minor Dam,242,26.34,198,81.82
00472e0e-1dff-4025-bc62-3c8e6a17f254,29/07/2015,Jul-15,7,2015,DE VILLIERS,Minor Dam,242,26.34,198,81.82
44274abf-b2e7-4baa-994d-f744693b889f,30/07/2015,Jul-15,7,2015,DE VILLIERS,Minor Dam,242,26.36,198.5,82.02
fd889fe7-0de3-4636-9f39-e17b870801ad,31/07/2015,Jul-15,7,2015,DE VILLIERS,Minor Dam,242,26.53,202.9,83.84
52bd101c-91e8-44a0-b829-034b6ad9933b,01/08/2015,Aug-15,8,2015,DE VILLIERS,Minor Dam,242,26.7,207.4,85.7
c1050360-f24f-4a77-8c6d-57bf934e1a6b,02/08/2015,Aug-15,8,2015,DE VILLIERS,Minor Dam,242,26.75,208.7,86.24
cb1d5f54-2d64-4fb2-a47e-2319c85b7a07,03/08/2015,Aug-15,8,2015,DE VILLIERS,Minor Dam,242,26.77,209.2,86.45
3d605e27-321a-4119-b031-b5145f656e71,04/08/2015,Aug-15,8,2015,DE VILLIERS,Minor Dam,242,26.7,207.4,85.7
8c521772-5817-4b11-9e74-ae93989fdf16,05/08/2015,Aug-15,8,2015,DE VILLIERS,Minor Dam,242,26.6,204.7,84.59
ca2f433a-2864-4c9c-a5fd-794e7058263d,06/08/2015,Aug-15,8,2015,DE VILLIERS,Minor Dam,242,26.5,202.1,83.51
ffdf79be-da34-4e76-890e-593863181be5,07/08/2015,Aug-15,8,2015,DE VILLIERS,Minor Dam,242,26.48,201.6,83.31
ddf4cea9-acd0-423e-a278-940824ccfe5c,08/08/2015,Aug-15,8,2015,DE VILLIERS,Minor Dam,242,26.45,200.8,82.98
3d0bb8b5-1635-479a-ba3f-32eb18937a37,09/08/2015,Aug-15,8,2015,DE VILLIERS,Minor Dam,242,26.45,200.8,82.98
2b09e9e2-3040-43f0-b90c-781f2c48c315,10/08/2015,Aug-15,8,2015,DE VILLIERS,Minor Dam,242,26.37,198.8,82.15
d05074fc-9f32-4a56-ba6e-60ec7d1c3aed,11/08/2015,Aug-15,8,2015,DE VILLIERS,Minor Dam,242,26.32,197.5,81.61
a227cea4-375f-4762-a32a-3cf0ef0c046a,12/08/2015,Aug-15,8,2015,DE VILLIERS,Minor Dam,242,26.25,195.7,80.87
edb8cefc-3f2a-45b5-8366-30179733ba6d,13/08/2015,Aug-15,8,2015,DE VILLIERS,Minor Dam,242,26.23,195.2,80.66
c8440fe8-eeac-4696-a44d-9ada01f7dbae,14/08/2015,Aug-15,8,2015,DE VILLIERS,Minor Dam,242,26.18,194,80.17
922440f3-c547-43c8-b045-fc6bc0ad334e,15/08/2015,Aug-15,8,2015,DE VILLIERS,Minor Dam,242,26.29,196.7,81.28
ffcd1ef4-99da-49df-a272-071d6346281b,16/08/2015,Aug-15,8,2015,DE VILLIERS,Minor Dam,242,26.29,196.7,81.28
fff126a2-b488-4c0c-bbba-681376adb727,17/08/2015,Aug-15,8,2015,DE VILLIERS,Minor Dam,242,26.58,204.2,84.38
cfd6c834-f213-4b33-99d7-d9185cc2ee28,18/08/2015,Aug-15,8,2015,DE VILLIERS,Minor Dam,242,26.66,206.3,85.25
36b77aac-ad15-4d79-9502-f3516301c62b,19/08/2015,Aug-15,8,2015,DE VILLIERS,Minor Dam,242,26.7,207.4,85.7
54f3124a-25dd-42c6-9a9f-38cd82178a18,20/08/2015,Aug-15,8,2015,DE VILLIERS,Minor Dam,242,26.75,208.7,86.24
e8bf2ab1-8268-4fc6-aead-ceeeb5ac9364,21/08/2015,Aug-15,8,2015,DE VILLIERS,Minor Dam,242,26.78,209.5,86.57
fd12d261-d3f2-466c-85fd-8663706437b9,22/08/2015,Aug-15,8,2015,DE VILLIERS,Minor Dam,242,26.8,210,86.78
da47da4e-1fa9-457c-9a22-4e65b0f8d2ee,23/08/2015,Aug-15,8,2015,DE VILLIERS,Minor Dam,242,26.8,210,86.78
f1a1f187-b782-4421-8b40-c25428aaac2d,24/08/2015,Aug-15,8,2015,DE VILLIERS,Minor Dam,242,26.8,210,86.78
942035c4-8365-4b2b-89d5-9883b87edf83,25/08/2015,Aug-15,8,2015,DE VILLIERS,Minor Dam,242,26.8,210,86.78
c3504a37-2582-4eea-aa14-f2425b79df63,26/08/2015,Aug-15,8,2015,DE VILLIERS,Minor Dam,242,26.82,210.5,86.98
b2e17a6b-9a0c-4706-b284-ee0349d2d777,27/08/2015,Aug-15,8,2015,DE VILLIERS,Minor Dam,242,26.85,211.3,87.31
7147617d-8314-457d-b3c7-fa1861bdc56c,28/08/2015,Aug-15,8,2015,DE VILLIERS,Minor Dam,242,26.85,211.3,87.31
8f10fa57-e0f1-47d8-aa11-8306149a5c0e,29/08/2015,Aug-15,8,2015,DE VILLIERS,Minor Dam,242,26.85,211.3,87.31
7f817c70-c278-457b-b31b-bbdff061e899,30/08/2015,Aug-15,8,2015,DE VILLIERS,Minor Dam,242,26.85,211.3,87.31
624ba7d5-b1ca-4ce1-9799-2be52242e53d,31/08/2015,Aug-15,8,2015,DE VILLIERS,Minor Dam,242,26.85,211.3,87.31
b22da7e5-fd16-441b-b821-46f3aba4424f,01/09/2015,Sep-15,9,2015,DE VILLIERS,Minor Dam,242,26.9,212.6,87.85
28ee8753-6e56-48eb-a9ea-f516e28603f1,02/09/2015,Sep-15,9,2015,DE VILLIERS,Minor Dam,242,27.01,215.6,89.09
59fb20e8-089c-44b2-8124-0eca1636b1b8,03/09/2015,Sep-15,9,2015,DE VILLIERS,Minor Dam,242,27.03,216.1,89.3
f59d5878-571b-4a28-953c-d7764c6dc3c9,04/09/2015,Sep-15,9,2015,DE VILLIERS,Minor Dam,242,27.04,216.4,89.42
76d7dd5b-b43f-4ada-b9d9-585a5466873a,05/09/2015,Sep-15,9,2015,DE VILLIERS,Minor Dam,242,27.05,216.7,89.55
da755aa4-4f6c-4d20-9293-f87bf2b71806,06/09/2015,Sep-15,9,2015,DE VILLIERS,Minor Dam,242,27.07,217.2,89.75
73c211ac-c194-49f1-adca-913a3d579f68,07/09/2015,Sep-15,9,2015,DE VILLIERS,Minor Dam,242,27.07,217.2,89.75
43380558-0579-4995-87bc-31b8bfc5cea5,08/09/2015,Sep-15,9,2015,DE VILLIERS,Minor Dam,242,27.11,218.3,90.21
07a873ca-244c-424b-a7ba-5a4d7f7ec306,09/09/2015,Sep-15,9,2015,DE VILLIERS,Minor Dam,242,27.11,218.3,90.21
b08d23f3-3c32-4902-8b54-db0d9ef36671,10/09/2015,Sep-15,9,2015,DE VILLIERS,Minor Dam,242,27.12,218.6,90.33
799d8604-9b50-415c-94ea-b342ebc640f9,11/09/2015,Sep-15,9,2015,DE VILLIERS,Minor Dam,242,27.12,218.6,90.33
fa0f491d-5dbd-400a-a262-6546fd85cae2,12/09/2015,Sep-15,9,2015,DE VILLIERS,Minor Dam,242,27.1,218,90.08
d4ce7ce5-af9b-4b84-ac24-ce384b8d35d8,13/09/2015,Sep-15,9,2015,DE VILLIERS,Minor Dam,242,27.1,218,90.08
661c4cf5-d1cf-47d8-bd36-7faabca234af,14/09/2015,Sep-15,9,2015,DE VILLIERS,Minor Dam,242,27.18,220.3,91.03
0868ffe7-9801-4e27-8a38-a19484ae5eea,15/09/2015,Sep-15,9,2015,DE VILLIERS,Minor Dam,242,27.23,221.7,91.61
775d4b2a-c957-4f58-8abf-198d22393204,16/09/2015,Sep-15,9,2015,DE VILLIERS,Minor Dam,242,27.25,222.3,91.86
d05ac8e9-990e-445f-9782-c22876fe1d00,17/09/2015,Sep-15,9,2015,DE VILLIERS,Minor Dam,242,27.28,223.2,92.23
98eb295b-1a0b-47fd-9b91-71a0d3b43573,18/09/2015,Sep-15,9,2015,DE VILLIERS,Minor Dam,242,27.28,223.2,92.23
e04a2e6b-467e-4663-bf87-2486709d5658,19/09/2015,Sep-15,9,2015,DE VILLIERS,Minor Dam,242,27.28,223.2,92.23
fd4d11d2-afe1-41a5-858c-92af4af70eaa,20/09/2015,Sep-15,9,2015,DE VILLIERS,Minor Dam,242,27.28,223.2,92.23
0f49c698-75f5-465c-a7e7-4e437e58d057,21/09/2015,Sep-15,9,2015,DE VILLIERS,Minor Dam,242,27.29,223.4,92.31
2d729e2b-3755-43b4-9adc-fd5e79354dfb,22/09/2015,Sep-15,9,2015,DE VILLIERS,Minor Dam,242,27.29,223.4,92.31
07df5baa-048d-4884-974d-d2fa659ffaf7,23/09/2015,Sep-15,9,2015,DE VILLIERS,Minor Dam,242,27.29,223.4,92.31
2033ad8b-5a5d-4f8e-b832-c8ccb0fe6a27,24/09/2015,Sep-15,9,2015,DE VILLIERS,Minor Dam,242,27.27,222.9,92.11
0ba4e61a-b72e-46b2-94bf-bc10280deb87,25/09/2015,Sep-15,9,2015,DE VILLIERS,Minor Dam,242,27.27,222.9,92.11
77c9f314-f62d-491e-954f-0b59d1cda3a9,26/09/2015,Sep-15,9,2015,DE VILLIERS,Minor Dam,242,27.27,222.9,92.11
f2066972-8ad4-43dd-8260-21c6eba9ba91,27/09/2015,Sep-15,9,2015,DE VILLIERS,Minor Dam,242,27.27,222.9,92.11
6f516536-99f0-4fee-8007-5db213e6b990,28/09/2015,Sep-15,9,2015,DE VILLIERS,Minor Dam,242,27.27,222.9,92.11
9395031e-aaa8-4973-98b6-042c216938e0,29/09/2015,Sep-15,9,2015,DE VILLIERS,Minor Dam,242,27.29,223.4,92.31
8aee450f-a77e-4db4-b153-fdd686c1fe22,30/09/2015,Sep-15,9,2015,DE VILLIERS,Minor Dam,242,27.29,223.4,92.31
1b83a82d-e1ed-4f6d-83bf-d2c525957e77,01/10/2015,Oct-15,10,2015,DE VILLIERS,Minor Dam,242,27.38,226,93.39
8ca6d0be-be2e-4365-a4da-e064030fa70a,02/10/2015,Oct-15,10,2015,DE VILLIERS,Minor Dam,242,27.45,228.2,94.3
a346d44f-f8a8-48c2-b1bb-41e71799fcc9,03/10/2015,Oct-15,10,2015,DE VILLIERS,Minor Dam,242,27.47,228.8,94.55
90fcf30b-1434-424d-9945-b0d47d59758f,04/10/2015,Oct-15,10,2015,DE VILLIERS,Minor Dam,242,27.5,229.8,94.96
14bd3e49-eb09-4c57-a068-fa7a0b182235,05/10/2015,Oct-15,10,2015,DE VILLIERS,Minor Dam,242,27.64,234.5,96.9
26466d64-4bd1-429f-b53e-efca821eac63,06/10/2015,Oct-15,10,2015,DE VILLIERS,Minor Dam,242,27.68,235.8,97.44
7fa2529c-34d0-469c-b08d-b9a69b1ae451,07/10/2015,Oct-15,10,2015,DE VILLIERS,Minor Dam,242,27.65,234.8,97.02
8a2003d1-8406-419d-b1a0-8fedaf7dbab7,08/10/2015,Oct-15,10,2015,DE VILLIERS,Minor Dam,242,27.65,234.8,97.02
13642275-f69c-46da-9d71-9f13fc11b4d0,09/10/2015,Oct-15,10,2015,DE VILLIERS,Minor Dam,242,27.65,234.8,97.02
51f387f8-5041-4619-9b08-248548f0303e,10/10/2015,Oct-15,10,2015,DE VILLIERS,Minor Dam,242,27.55,231.5,95.66
8ad20f73-2505-41d1-bd63-297b873a26e2,11/10/2015,Oct-15,10,2015,DE VILLIERS,Minor Dam,242,27.5,229.8,94.96
db2b1f55-f0cc-4960-9ed2-849de5f76710,12/10/2015,Oct-15,10,2015,DE VILLIERS,Minor Dam,242,27.5,229.8,94.96
7dd8927b-a919-415c-b113-022a8eb82fc5,13/10/2015,Oct-15,10,2015,DE VILLIERS,Minor Dam,242,27.47,228.8,94.55
9c379a2c-140b-410a-8a53-f451fe554f67,14/10/2015,Oct-15,10,2015,DE VILLIERS,Minor Dam,242,27.41,226.9,93.76
6e3e00be-235c-48fa-9503-086472e7795a,15/10/2015,Oct-15,10,2015,DE VILLIERS,Minor Dam,242,27.36,225.5,93.18
d47c56ed-49dd-4069-b002-51a9a8da963b,16/10/2015,Oct-15,10,2015,DE VILLIERS,Minor Dam,242,27,215.3,88.97
5588f2fb-8510-43cb-aa53-1a412ea57505,17/10/2015,Oct-15,10,2015,DE VILLIERS,Minor Dam,242,27.24,222,91.74
5e2c7e4b-6b1b-492d-9eec-0c92b0f46aa5,18/10/2015,Oct-15,10,2015,DE VILLIERS,Minor Dam,242,27.16,219.7,90.79
29cf04e3-30c6-4c38-b35a-08b61c0a1631,19/10/2015,Oct-15,10,2015,DE VILLIERS,Minor Dam,242,27.08,217.5,89.88
fea55346-d868-48e2-a35e-0e2a2a5bf7af,20/10/2015,Oct-15,10,2015,DE VILLIERS,Minor Dam,242,27,215.3,88.97
8da8a753-56c2-4756-8c3f-068a35728b0a,21/10/2015,Oct-15,10,2015,DE VILLIERS,Minor Dam,242,26.91,212.9,87.98
789e0fb1-95ed-4152-b763-83e6e2d027a7,22/10/2015,Oct-15,10,2015,DE VILLIERS,Minor Dam,242,26.82,210.5,86.98
0af80f2b-f80d-4658-a6db-52f7b06ca3d5,23/10/2015,Oct-15,10,2015,DE VILLIERS,Minor Dam,242,26.72,207.9,85.91
bbf5067d-bb89-4d0e-95b2-5971e09191e0,24/10/2015,Oct-15,10,2015,DE VILLIERS,Minor Dam,242,26.62,205.3,84.83
8ca179de-b586-4e14-baac-e7849125ee2c,25/10/2015,Oct-15,10,2015,DE VILLIERS,Minor Dam,242,26.55,203.4,84.05
24ca7780-1e76-441c-bd91-18489f4162e0,26/10/2015,Oct-15,10,2015,DE VILLIERS,Minor Dam,242,26.48,201.6,83.31
48ca6f6b-897b-4a29-a692-7e50a7e902c3,27/10/2015,Oct-15,10,2015,DE VILLIERS,Minor Dam,242,26.36,198.5,82.02
c14401fe-6c5d-4dd2-a000-98e59dbc8ccc,28/10/2015,Oct-15,10,2015,DE VILLIERS,Minor Dam,242,26.29,196.7,81.28
6c4e6f89-48fe-4978-bed8-2aa4bf197c11,29/10/2015,Oct-15,10,2015,DE VILLIERS,Minor Dam,242,26.24,195.5,80.79
c212c700-2627-4009-b996-ac709dc73169,30/10/2015,Oct-15,10,2015,DE VILLIERS,Minor Dam,242,26.24,195.5,80.79
a5bcd9f9-0e5c-4485-af32-9135d723b65d,31/10/2015,Oct-15,10,2015,DE VILLIERS,Minor Dam,242,26.31,197.3,81.53
bcffba6b-506e-4dc9-a0d4-44905a746ec9,01/11/2015,Nov-15,11,2015,DE VILLIERS,Minor Dam,242,26.21,194.7,80.45
64d32461-b837-4079-865d-e062024e27ab,02/11/2015,Nov-15,11,2015,DE VILLIERS,Minor Dam,242,26.22,195,80.58
3e1e9809-d1ef-44dd-af46-653a244500e5,03/11/2015,Nov-15,11,2015,DE VILLIERS,Minor Dam,242,26.32,197.5,81.61
338f9422-07f6-4d0f-ae21-36b53ca56614,04/11/2015,Nov-15,11,2015,DE VILLIERS,Minor Dam,242,26.32,197.5,81.61
12cd6cb9-8afd-4c38-b3da-e9c0e3dc5f7c,05/11/2015,Nov-15,11,2015,DE VILLIERS,Minor Dam,242,26.33,197.8,81.74
421aae35-52b2-421c-b4da-7ddf0802c9db,06/11/2015,Nov-15,11,2015,DE VILLIERS,Minor Dam,242,26.33,197.8,81.74
8130be9e-9659-4908-90cf-9f45d1b4ba3a,07/11/2015,Nov-15,11,2015,DE VILLIERS,Minor Dam,242,26.32,197.5,81.61
5931509a-6af0-4eab-8630-8d4e86efa5f7,08/11/2015,Nov-15,11,2015,DE VILLIERS,Minor Dam,242,26.33,197.8,81.74
c62c041c-ca2b-45e9-b232-045c2d063327,09/11/2015,Nov-15,11,2015,DE VILLIERS,Minor Dam,242,26.32,197.5,81.61
9da80f65-2aee-4956-bc55-4dd3664a845d,10/11/2015,Nov-15,11,2015,DE VILLIERS,Minor Dam,242,26.3,197,81.4
596ab0d5-b0ea-41d0-9d02-309145123ab3,11/11/2015,Nov-15,11,2015,DE VILLIERS,Minor Dam,242,26.3,197,81.4
777e0af1-dbdd-46c8-b21f-80b55a14c802,12/11/2015,Nov-15,11,2015,DE VILLIERS,Minor Dam,242,26.3,197,81.4
55ca999c-e422-49bf-82bf-bb7a8e57c7b8,13/11/2015,Nov-15,11,2015,DE VILLIERS,Minor Dam,242,26.3,197,81.4
92858697-3e48-4fa4-9bbf-eaaf8db7fa6b,14/11/2015,Nov-15,11,2015,DE VILLIERS,Minor Dam,242,26.3,197,81.4
87e994f0-ee3b-40cb-bbf5-99ced8455a84,15/11/2015,Nov-15,11,2015,DE VILLIERS,Minor Dam,242,26.25,195.7,80.87
e5c037d7-a205-4cb7-a1a4-b4ee591ba090,16/11/2015,Nov-15,11,2015,DE VILLIERS,Minor Dam,242,26.24,195.5,80.79
84a885a4-5e03-4c38-aca9-4de71893d8b4,17/11/2015,Nov-15,11,2015,DE VILLIERS,Minor Dam,242,26.22,195,80.58
e1a18f21-f0ed-4a86-bb6a-6727a38df052,18/11/2015,Nov-15,11,2015,DE VILLIERS,Minor Dam,242,26.2,194.5,80.37
61f7f4fb-bd11-4b3a-b13b-e4a8f3a31696,19/11/2015,Nov-15,11,2015,DE VILLIERS,Minor Dam,242,26.19,194.2,80.25
38521dd0-7ae9-411c-a920-ef9d9c1a7922,20/11/2015,Nov-15,11,2015,DE VILLIERS,Minor Dam,242,26.18,194,80.17
75270218-a106-480c-ad02-aa920c40da76,21/11/2015,Nov-15,11,2015,DE VILLIERS,Minor Dam,242,26.19,194.2,80.25
95c7a1a3-5f79-4d08-bcb5-99809b0a9074,22/11/2015,Nov-15,11,2015,DE VILLIERS,Minor Dam,242,26.19,194.2,80.25
0fa979e8-e631-43fc-b9bb-70382f2a439d,23/11/2015,Nov-15,11,2015,DE VILLIERS,Minor Dam,242,26.19,194.2,80.25
7291d026-8990-4c14-98ad-b4f429a60912,24/11/2015,Nov-15,11,2015,DE VILLIERS,Minor Dam,242,26.17,193.7,80.04
3323ad0e-35f3-4771-b1ca-a1d24ed2387c,25/11/2015,Nov-15,11,2015,DE VILLIERS,Minor Dam,242,26.16,193.5,79.96
0a722a15-3c28-45cd-b4a6-260332ec9493,26/11/2015,Nov-15,11,2015,DE VILLIERS,Minor Dam,242,26.14,193,79.75
d575e4d9-4e73-4166-9f6f-3f05f411e9ba,27/11/2015,Nov-15,11,2015,DE VILLIERS,Minor Dam,242,26.12,192.5,79.55
217f1713-3e0b-4dc9-82b0-8dc5baa8e3d3,28/11/2015,Nov-15,11,2015,DE VILLIERS,Minor Dam,242,26.1,192,79.34
8aebf7fd-7ae5-4075-88d1-2ea46691c839,29/11/2015,Nov-15,11,2015,DE VILLIERS,Minor Dam,242,26.08,191.6,79.17
24d4bbcf-66b3-46b2-bafe-d1c55b305237,30/11/2015,Nov-15,11,2015,DE VILLIERS,Minor Dam,242,26.07,191.3,79.05
851bd2b8-8894-4448-b094-b88fc85fb920,01/12/2015,Dec-15,12,2015,DE VILLIERS,Minor Dam,242,26.07,191.3,79.05
3527a2ca-ba24-42ef-82a6-5d7545c2604c,02/12/2015,Dec-15,12,2015,DE VILLIERS,Minor Dam,242,26.05,190.8,78.84
afcf2bef-3b2f-448c-94f1-f987c8449002,03/12/2015,Dec-15,12,2015,DE VILLIERS,Minor Dam,242,26.03,190.4,78.68
2c798411-985f-4c46-bf98-279da21f1a78,04/12/2015,Dec-15,12,2015,DE VILLIERS,Minor Dam,242,26.02,190.1,78.55
b6645f90-5c9c-4d62-b2bf-c9ecc1b09169,05/12/2015,Dec-15,12,2015,DE VILLIERS,Minor Dam,242,25.99,189.4,78.26
f3ec01d0-3ba7-4f5f-b014-3d4b0e56567f,06/12/2015,Dec-15,12,2015,DE VILLIERS,Minor Dam,242,25.97,188.9,78.06
9964d79f-57d4-44c5-98a1-a58b3a252ad2,07/12/2015,Dec-15,12,2015,DE VILLIERS,Minor Dam,242,25.95,188.4,77.85
3479910c-4c51-4785-9571-59bc963d9743,08/12/2015,Dec-15,12,2015,DE VILLIERS,Minor Dam,242,25.93,187.9,77.64
a7d074da-94a3-4505-9e05-a2a9f3f36889,09/12/2015,Dec-15,12,2015,DE VILLIERS,Minor Dam,242,25.91,187.5,77.48
c8d0ef18-a97a-4e14-9eaa-04d9dd31c381,10/12/2015,Dec-15,12,2015,DE VILLIERS,Minor Dam,242,25.88,186.8,77.19
d0b1b293-8029-4497-994e-daae7d050a5c,11/12/2015,Dec-15,12,2015,DE VILLIERS,Minor Dam,242,25.8,184.8,76.36
7f317962-e017-44e4-b976-7244cc4e49fe,12/12/2015,Dec-15,12,2015,DE VILLIERS,Minor Dam,242,25.85,186,76.86
ff3365a0-a324-49ab-bcf7-e008543d6871,13/12/2015,Dec-15,12,2015,DE VILLIERS,Minor Dam,242,25.83,185.5,76.65
16ddb5f3-55dd-466b-bc06-6631f206495f,14/12/2015,Dec-15,12,2015,DE VILLIERS,Minor Dam,242,25.83,185.5,76.65
8c64d908-74d8-445c-a2aa-bf5a562709cd,15/12/2015,Dec-15,12,2015,DE VILLIERS,Minor Dam,242,25.82,185.3,76.57
5be5a51c-5648-4c18-b000-871c997891fb,16/12/2015,Dec-15,12,2015,DE VILLIERS,Minor Dam,242,25.82,185.3,76.57
68f437d3-6c7a-4f25-b4df-0b132b60a93b,17/12/2015,Dec-15,12,2015,DE VILLIERS,Minor Dam,242,25.78,184.3,76.16
d3097c5f-42d9-4fa4-87de-02fd9e01b4ee,18/12/2015,Dec-15,12,2015,DE VILLIERS,Minor Dam,242,25.76,183.8,75.95
ac50a675-324b-4da9-944a-b061dc86ead3,19/12/2015,Dec-15,12,2015,DE VILLIERS,Minor Dam,242,25.75,183.6,75.87
1c2e44ae-5e8c-4574-a7dd-3e41221db111,20/12/2015,Dec-15,12,2015,DE VILLIERS,Minor Dam,242,25.74,183.3,75.74
a88f7966-00d0-456f-bbf2-a9f74525f3d3,21/12/2015,Dec-15,12,2015,DE VILLIERS,Minor Dam,242,25.73,183.1,75.66
e3cc8324-1c9b-4139-8d90-e679a303c092,22/12/2015,Dec-15,12,2015,DE VILLIERS,Minor Dam,242,25.73,183.1,75.66
82f6525b-0556-4c67-8674-b768f110c945,23/12/2015,Dec-15,12,2015,DE VILLIERS,Minor Dam,242,25.68,181.9,75.17
bacd7cf4-d8d4-4ac9-91ac-07ca271e4f40,24/12/2015,Dec-15,12,2015,DE VILLIERS,Minor Dam,242,25.75,183.6,75.87
87ea8333-d7c3-4630-9e59-fa5e8ebf45c5,25/12/2015,Dec-15,12,2015,DE VILLIERS,Minor Dam,242,25.62,180.5,74.59
5c81c75b-37a1-4a6c-8ad4-79d1800dd118,26/12/2015,Dec-15,12,2015,DE VILLIERS,Minor Dam,242,25.59,179.7,74.26
0ba2ba01-0ad3-4ea1-86ab-e12730011b28,27/12/2015,Dec-15,12,2015,DE VILLIERS,Minor Dam,242,25.57,179.3,74.09
cb6193f4-a45e-4a0e-b3db-521f873337e0,28/12/2015,Dec-15,12,2015,DE VILLIERS,Minor Dam,242,25.56,179,73.97
525c07a9-63fd-4f78-915b-f29d8577b0f2,29/12/2015,Dec-15,12,2015,DE VILLIERS,Minor Dam,242,25.53,178.3,73.68
3308a54d-e756-44ed-836b-a0eff43f5125,30/12/2015,Dec-15,12,2015,DE VILLIERS,Minor Dam,242,25.51,177.8,73.47
645331be-9212-4cc4-8b6e-9c707f11c6b4,31/12/2015,Dec-15,12,2015,DE VILLIERS,Minor Dam,242,25.49,177.3,73.26
eca2f556-2306-4e6e-a52d-e30dd83dbe31,01/01/2016,Jan-16,1,2016,DE VILLIERS,Minor Dam,242,25.47,176.9,73.1
b9069605-c974-408c-badd-418fbf581da1,02/01/2016,Jan-16,1,2016,DE VILLIERS,Minor Dam,242,25.45,176.4,72.89
e7690067-00d4-4294-9d8e-4ebf9cf256d3,03/01/2016,Jan-16,1,2016,DE VILLIERS,Minor Dam,242,25.43,175.9,72.69
3d4eab87-2547-4097-8875-a184ce63fe84,04/01/2016,Jan-16,1,2016,DE VILLIERS,Minor Dam,242,25.42,175.7,72.6
8b917253-6fd4-47b8-a8cb-89fce76e77ef,05/01/2016,Jan-16,1,2016,DE VILLIERS,Minor Dam,242,25.41,175.4,72.48
80a1fce6-5256-4b87-a843-cd6a29fab925,06/01/2016,Jan-16,1,2016,DE VILLIERS,Minor Dam,242,25.39,175,72.31
d989c478-2037-46a1-a762-d6fb837b33b6,07/01/2016,Jan-16,1,2016,DE VILLIERS,Minor Dam,242,25.37,174.5,72.11
1c6710e0-0b19-4ab1-b1ae-5a1f4f5e2087,08/01/2016,Jan-16,1,2016,DE VILLIERS,Minor Dam,242,25.36,174.2,71.98
bddea397-8d43-43ff-bad7-bf30fb8468dd,09/01/2016,Jan-16,1,2016,DE VILLIERS,Minor Dam,242,25.36,174.2,71.98
03baea0e-d839-452a-8a78-7dde3757d01e,10/01/2016,Jan-16,1,2016,DE VILLIERS,Minor Dam,242,25.35,174,71.9
838e2f9e-fad9-4bde-ac3e-7fb66d44cd77,11/01/2016,Jan-16,1,2016,DE VILLIERS,Minor Dam,242,25.36,174.2,71.98
800a4e60-a2c8-47ca-a785-7d4c28f532b8,12/01/2016,Jan-16,1,2016,DE VILLIERS,Minor Dam,242,25.35,174,71.9
5475312a-b531-49af-be6b-8d0ded89d5a3,13/01/2016,Jan-16,1,2016,DE VILLIERS,Minor Dam,242,25.34,173.8,71.82
2860345c-abfa-4e5c-882d-7138fe19b217,14/01/2016,Jan-16,1,2016,DE VILLIERS,Minor Dam,242,25.33,173.5,71.69
d204f44a-e622-4e46-ad30-09995b93f465,15/01/2016,Jan-16,1,2016,DE VILLIERS,Minor Dam,242,25.33,173.5,71.69
53a090e7-71e4-4d1e-b447-fffd63ba38da,16/01/2016,Jan-16,1,2016,DE VILLIERS,Minor Dam,242,25.32,173.3,71.61
007ba159-9081-43fe-9fa1-0912a5fbfff0,17/01/2016,Jan-16,1,2016,DE VILLIERS,Minor Dam,242,25.31,173.1,71.53
7e03d937-415b-4e90-8424-5a2c0fe6dc78,18/01/2016,Jan-16,1,2016,DE VILLIERS,Minor Dam,242,25.3,172.8,71.4
b91449f8-4a1f-43d4-b2cf-df5be6046a1f,19/01/2016,Jan-16,1,2016,DE VILLIERS,Minor Dam,242,25.3,172.8,71.4
01b0bc4a-82fb-476f-b3f0-76191e054fc3,20/01/2016,Jan-16,1,2016,DE VILLIERS,Minor Dam,242,25.3,172.8,71.4
caac4fc7-60e0-4c02-a47a-85723905454c,21/01/2016,Jan-16,1,2016,DE VILLIERS,Minor Dam,242,25.3,172.8,71.4
5c400a4c-0fe9-464f-8612-44357dc31865,22/01/2016,Jan-16,1,2016,DE VILLIERS,Minor Dam,242,25.3,172.8,71.4
129d341a-7f70-434c-882d-be9fbd9a3e09,23/01/2016,Jan-16,1,2016,DE VILLIERS,Minor Dam,242,25.3,172.8,71.4
1eee6272-4cf4-48d0-a574-6929bbd5db95,24/01/2016,Jan-16,1,2016,DE VILLIERS,Minor Dam,242,25.3,172.8,71.4
e7707516-c545-415b-9f79-b99adccbea6c,25/01/2016,Jan-16,1,2016,DE VILLIERS,Minor Dam,242,25.3,172.8,71.4
aba127bf-2ae5-402a-85be-be412308629c,26/01/2016,Jan-16,1,2016,DE VILLIERS,Minor Dam,242,25.38,174.7,72.19
09cebf6f-cfdc-4c33-83be-15ac59e11728,27/01/2016,Jan-16,1,2016,DE VILLIERS,Minor Dam,242,25.38,174.7,72.19
37c34cab-4e99-43a3-9ba8-d2005074848a,28/01/2016,Jan-16,1,2016,DE VILLIERS,Minor Dam,242,25.39,175,72.31
387d083a-1ae3-4ec7-a695-be7609e54dbb,29/01/2016,Jan-16,1,2016,DE VILLIERS,Minor Dam,242,25.39,175,72.31
f30a549d-d020-43d1-8721-2f86674dd257,30/01/2016,Jan-16,1,2016,DE VILLIERS,Minor Dam,242,25.38,174.7,72.19
7d37c91b-5f88-49e8-aa72-cd0ddd7cfce9,31/01/2016,Jan-16,1,2016,DE VILLIERS,Minor Dam,242,25.35,174,71.9
802653c3-726f-4d20-b076-8bd179803748,01/02/2016,Feb-16,2,2016,DE VILLIERS,Minor Dam,242,25.34,173.8,71.82
2ca3eb82-43fa-4c01-a789-f7c1a5fadfca,02/02/2016,Feb-16,2,2016,DE VILLIERS,Minor Dam,242,25.33,173.5,71.69
2f9cae8d-0c01-4a0c-9380-10aa32c687f3,03/02/2016,Feb-16,2,2016,DE VILLIERS,Minor Dam,242,25.33,173.5,71.69
f1e47179-13ce-4502-8660-651841837c38,04/02/2016,Feb-16,2,2016,DE VILLIERS,Minor Dam,242,25.32,173.3,71.61
b59df5b6-dcb7-4155-9020-0a6925c6b322,05/02/2016,Feb-16,2,2016,DE VILLIERS,Minor Dam,242,25.3,172.8,71.4
0936e61a-65e4-4d45-ab42-aaba083ca76a,06/02/2016,Feb-16,2,2016,DE VILLIERS,Minor Dam,242,26.29,196.7,81.28
2889e663-91ea-4d8b-a95f-97ca9641e025,07/02/2016,Feb-16,2,2016,DE VILLIERS,Minor Dam,242,25.29,172.6,71.32
cdae4f28-9443-4f8a-baa6-fc05e1f1e825,08/02/2016,Feb-16,2,2016,DE VILLIERS,Minor Dam,242,25.34,173.8,71.82
a779a273-bfe9-497c-b0bd-38a4cae1e749,09/02/2016,Feb-16,2,2016,DE VILLIERS,Minor Dam,242,25.3,172.8,71.4
b5e56ee0-b0df-4c85-afbb-7203f0623a6f,10/02/2016,Feb-16,2,2016,DE VILLIERS,Minor Dam,242,25.28,172.4,71.24
89912a39-7b72-4fc6-aa18-535fdc50cb14,11/02/2016,Feb-16,2,2016,DE VILLIERS,Minor Dam,242,25.28,172.4,71.24
3d8521b9-6288-416c-acb5-07dd5f8f4ea8,12/02/2016,Feb-16,2,2016,DE VILLIERS,Minor Dam,242,25.28,172.4,71.24
d6a9575e-8a51-4f43-8ef5-11af6ee54c83,13/02/2016,Feb-16,2,2016,DE VILLIERS,Minor Dam,242,25.26,171.9,71.03
a86468e1-5ca0-4855-b424-56fc02a17e23,14/02/2016,Feb-16,2,2016,DE VILLIERS,Minor Dam,242,25.23,171.2,70.74
47bf545a-c341-4f88-a760-61f3d0166f1b,15/02/2016,Feb-16,2,2016,DE VILLIERS,Minor Dam,242,25.21,170.7,70.54
9048ccd1-1077-4b40-a6ef-e9c6eb53e4e2,16/02/2016,Feb-16,2,2016,DE VILLIERS,Minor Dam,242,25.21,170.7,70.54
2dc7cf7d-566b-4b50-b955-23417069df9d,17/02/2016,Feb-16,2,2016,DE VILLIERS,Minor Dam,242,25.21,170.7,70.54
e47b084c-8382-44a9-a6eb-00322cc8eed9,18/02/2016,Feb-16,2,2016,DE VILLIERS,Minor Dam,242,25.18,170,70.25
3fc3914d-bf35-475b-b160-61588c13cbe3,19/02/2016,Feb-16,2,2016,DE VILLIERS,Minor Dam,242,25.17,169.8,70.17
2246e51a-0555-456b-990c-4046edc3e225,20/02/2016,Feb-16,2,2016,DE VILLIERS,Minor Dam,242,25.16,169.6,70.08
36e7ca58-9d1e-4b1f-93d8-e03a038adde0,21/02/2016,Feb-16,2,2016,DE VILLIERS,Minor Dam,242,25.17,169.8,70.17
f2b77220-6801-44d2-87b7-78871c838594,22/02/2016,Feb-16,2,2016,DE VILLIERS,Minor Dam,242,25.18,170,70.25
611c4272-1316-41e5-b86f-1466c4f4700d,23/02/2016,Feb-16,2,2016,DE VILLIERS,Minor Dam,242,25.16,169.6,70.08
b90c95e9-937c-4c94-8231-35995766e6e0,24/02/2016,Feb-16,2,2016,DE VILLIERS,Minor Dam,242,25.14,169.1,69.88
6e5ff3e5-a964-42d3-9c6b-c85cef1528d5,25/02/2016,Feb-16,2,2016,DE VILLIERS,Minor Dam,242,25.13,168.9,69.79
c1cb6399-b52b-478d-a3da-b354216250c9,26/02/2016,Feb-16,2,2016,DE VILLIERS,Minor Dam,242,25.12,168.6,69.67
cf77b91b-f62e-4325-9ae3-49abeb69dac9,27/02/2016,Feb-16,2,2016,DE VILLIERS,Minor Dam,242,25.11,168.4,69.59
f9acf7d9-e9f1-45d0-b829-5659684effa4,28/02/2016,Feb-16,2,2016,DE VILLIERS,Minor Dam,242,25.1,168.2,69.5
34139418-3e92-407d-951b-493dd11afc22,29/02/2016,Feb-16,2,2016,DE VILLIERS,Minor Dam,242,25.09,167.9,69.38
1f54fdea-144f-4c2b-a278-853398ec2e28,01/03/2016,Mar-16,3,2016,DE VILLIERS,Minor Dam,242,25.08,167.7,69.3
ea63852f-2698-49ad-8e3b-e34f92d5841e,02/03/2016,Mar-16,3,2016,DE VILLIERS,Minor Dam,242,25.06,167.2,69.09
1a5a3553-d9cd-44f5-881e-51a47f2ce11d,03/03/2016,Mar-16,3,2016,DE VILLIERS,Minor Dam,242,25.06,167.2,69.09
9f8b4ebb-6114-463a-9c11-650b2dd74f7e,04/03/2016,Mar-16,3,2016,DE VILLIERS,Minor Dam,242,25.05,167,69.01
80459f6d-3995-418d-9023-2ea10751c830,05/03/2016,Mar-16,3,2016,DE VILLIERS,Minor Dam,242,25.04,166.8,68.93
8b54bbf9-b018-4113-9a08-7c4e5d6aa9dc,06/03/2016,Mar-16,3,2016,DE VILLIERS,Minor Dam,242,25.05,167,69.01
ccd7aa6c-e845-4600-8744-744a801cf4b9,07/03/2016,Mar-16,3,2016,DE VILLIERS,Minor Dam,242,25.08,167.7,69.3
3ac5934a-1ea3-4c58-934e-c6bb4339d59b,08/03/2016,Mar-16,3,2016,DE VILLIERS,Minor Dam,242,25.02,166.3,68.72
3e55f588-c7c3-470f-8c27-c5b57db0303d,09/03/2016,Mar-16,3,2016,DE VILLIERS,Minor Dam,242,25,165.8,68.51
34004df5-997c-4905-a255-2b099bb59bcc,10/03/2016,Mar-16,3,2016,DE VILLIERS,Minor Dam,242,24.98,165.4,68.35
50e64abb-9036-4e10-8602-7a798eb313d9,11/03/2016,Mar-16,3,2016,DE VILLIERS,Minor Dam,242,24.96,165,68.18
4e4a0e67-da20-4ad2-9e6c-4509acb37baa,12/03/2016,Mar-16,3,2016,DE VILLIERS,Minor Dam,242,24.93,164.3,67.89
7819c553-559d-4c3b-94c7-e2410f84e93d,13/03/2016,Mar-16,3,2016,DE VILLIERS,Minor Dam,242,24.91,163.9,67.73
fcfa95dc-5452-439e-b79b-f1e9747b4d0a,14/03/2016,Mar-16,3,2016,DE VILLIERS,Minor Dam,242,24.89,163.4,67.52
dacaae31-9160-4e91-881a-0d999c52dd1d,15/03/2016,Mar-16,3,2016,DE VILLIERS,Minor Dam,242,24.88,163,67.36
44661697-74c4-42eb-ba49-e9c6d4f87c0c,16/03/2016,Mar-16,3,2016,DE VILLIERS,Minor Dam,242,24.84,162.3,67.07
210cb988-ba6d-4c60-ab78-596f04cb7c78,17/03/2016,Mar-16,3,2016,DE VILLIERS,Minor Dam,242,24.82,161.9,66.9
f159586f-f2b8-45aa-b6a1-dd56233305ad,18/03/2016,Mar-16,3,2016,DE VILLIERS,Minor Dam,242,24.8,161.4,66.69
75c425d9-1189-407e-b69b-d7954b5135f6,19/03/2016,Mar-16,3,2016,DE VILLIERS,Minor Dam,242,24.79,161.2,66.61
741c0710-467e-461b-a9e5-c76f8a79a784,20/03/2016,Mar-16,3,2016,DE VILLIERS,Minor Dam,242,24.83,162.1,66.98
8ae0f198-7e11-4810-9276-c9a77dcd8e45,21/03/2016,Mar-16,3,2016,DE VILLIERS,Minor Dam,242,24.82,161.9,66.9
8b00bb8b-3bbe-413b-8895-e9a4fe164d7c,22/03/2016,Mar-16,3,2016,DE VILLIERS,Minor Dam,242,24.8,161.4,66.69
11d345b0-6843-4e88-8c0c-687c0c8a2dc0,23/03/2016,Mar-16,3,2016,DE VILLIERS,Minor Dam,242,24.8,161.4,66.69
90bddc61-2ba7-480c-83ce-75ba0d929dfc,24/03/2016,Mar-16,3,2016,DE VILLIERS,Minor Dam,242,24.81,161.6,66.78
fd86ae7b-4592-420f-8a5a-bb889b125217,25/03/2016,Mar-16,3,2016,DE VILLIERS,Minor Dam,242,24.81,161.6,66.78
c9ba6691-5fbd-4830-9480-9144f5abfc07,26/03/2016,Mar-16,3,2016,DE VILLIERS,Minor Dam,242,24.81,161.6,66.78
d20b5abc-f141-4c8b-8726-67f3d750c363,27/03/2016,Mar-16,3,2016,DE VILLIERS,Minor Dam,242,24.82,161.9,66.9
54f308eb-7c8d-4d2b-85a1-d18a6477d550,28/03/2016,Mar-16,3,2016,DE VILLIERS,Minor Dam,242,24.94,164.5,67.98
b4690656-dda4-49e3-916b-588f61cb373c,29/03/2016,Mar-16,3,2016,DE VILLIERS,Minor Dam,242,24.96,165,68.18
f11795cd-d8f9-4cbc-b7f6-c3e2cbcfce87,30/03/2016,Mar-16,3,2016,DE VILLIERS,Minor Dam,242,24.93,164.3,67.89
9bc8d040-24bf-4aa5-95d6-67ca94e5e657,31/03/2016,Mar-16,3,2016,DE VILLIERS,Minor Dam,242,24.93,164.3,67.89
ff93ef84-4cd3-4216-be28-964047531268,01/04/2016,Apr-16,4,2016,DE VILLIERS,Minor Dam,242,24.73,159.9,66.07
fd66bf6e-8675-4ef2-8b49-eaea53a085cc,02/04/2016,Apr-16,4,2016,DE VILLIERS,Minor Dam,242,24.65,158.1,65.33
b8aad3f1-3d30-4d83-9f93-f8131e6bf221,03/04/2016,Apr-16,4,2016,DE VILLIERS,Minor Dam,242,24.58,156.6,64.71
f7f1589d-4baf-4210-9a25-a251e4cecf18,04/04/2016,Apr-16,4,2016,DE VILLIERS,Minor Dam,242,24.5,154.9,64.01
dc7fb3ac-f54f-4bf2-bf2e-f75e66a35810,05/04/2016,Apr-16,4,2016,DE VILLIERS,Minor Dam,242,24.38,152.4,62.98
41cf78a9-e39b-431b-a20e-dc97f8f07f5c,06/04/2016,Apr-16,4,2016,DE VILLIERS,Minor Dam,242,24.28,150.3,62.11
6c9d6469-122a-4cd1-8b6c-97e609f52bbc,07/04/2016,Apr-16,4,2016,DE VILLIERS,Minor Dam,242,24.16,147.8,61.07
3a27ee7f-3569-4f78-a758-c7c16d8e6394,08/04/2016,Apr-16,4,2016,DE VILLIERS,Minor Dam,242,24.06,145.8,60.25
c641ecc4-7cdf-4892-a383-cd228c43a69b,09/04/2016,Apr-16,4,2016,DE VILLIERS,Minor Dam,242,23.94,143.4,59.26
58aa26dc-197c-4002-a078-ae53ce433103,10/04/2016,Apr-16,4,2016,DE VILLIERS,Minor Dam,242,23.82,141,58.26
38ae9fdc-e673-42f6-a274-456317754996,11/04/2016,Apr-16,4,2016,DE VILLIERS,Minor Dam,242,23.7,138.7,57.31
f0eedefa-af38-41fc-a72c-94bf6281153b,12/04/2016,Apr-16,4,2016,DE VILLIERS,Minor Dam,242,23.58,136.4,56.36
1d20dd5d-33a3-400d-b60c-4c2e37f92e63,13/04/2016,Apr-16,4,2016,DE VILLIERS,Minor Dam,242,23.45,133.9,55.33
1e8c94ad-669b-474a-b738-17a732ab38d9,14/04/2016,Apr-16,4,2016,DE VILLIERS,Minor Dam,242,23.3,131.1,54.17
5c4ea617-ec18-46c3-ab77-79ab4e7453fd,15/04/2016,Apr-16,4,2016,DE VILLIERS,Minor Dam,242,23.17,128.7,53.18
8a0240e6-76ac-43f4-86c6-d7539691246b,16/04/2016,Apr-16,4,2016,DE VILLIERS,Minor Dam,242,23.25,130.2,53.8
4c522a71-dc7c-4c6a-a510-5e0f1e529c40,17/04/2016,Apr-16,4,2016,DE VILLIERS,Minor Dam,242,23.38,132.6,54.79
75f32aed-b7f9-4ec9-8925-f5412e0d9a7b,18/04/2016,Apr-16,4,2016,DE VILLIERS,Minor Dam,242,23.49,134.7,55.66
8ec2ab1e-d692-47a4-a30f-1d68bbfd8933,19/04/2016,Apr-16,4,2016,DE VILLIERS,Minor Dam,242,23.52,135.2,55.87
fe03893b-6684-469b-86e9-f263f6ac08b4,20/04/2016,Apr-16,4,2016,DE VILLIERS,Minor Dam,242,23.67,138.1,57.07
650ddc37-1a3e-4a34-885e-d883391fa662,21/04/2016,Apr-16,4,2016,DE VILLIERS,Minor Dam,242,23.8,140.6,58.1
d77723d1-9d69-43c3-b555-aa2dbe8b9552,22/04/2016,Apr-16,4,2016,DE VILLIERS,Minor Dam,242,23.9,142.6,58.93
789495ed-283c-44ca-b3a3-283108fef413,23/04/2016,Apr-16,4,2016,DE VILLIERS,Minor Dam,242,23.97,144,59.5
6f2f27a9-7f59-4b78-a55f-e360d07bfdd5,24/04/2016,Apr-16,4,2016,DE VILLIERS,Minor Dam,242,24.27,150.1,62.02
f008fbe9-0206-4100-95a8-6672033db68a,25/04/2016,Apr-16,4,2016,DE VILLIERS,Minor Dam,242,24.42,153.2,63.31
80a091a2-7ef8-4db1-8d08-c227d3d782d0,26/04/2016,Apr-16,4,2016,DE VILLIERS,Minor Dam,242,24.62,157.5,65.08
bbfd5590-98d8-4954-99f7-fe244a5d8f1b,27/04/2016,Apr-16,4,2016,DE VILLIERS,Minor Dam,242,24.76,160.5,66.32
d44a2888-ed7d-474a-b096-2c7e7b7e780b,28/04/2016,Apr-16,4,2016,DE VILLIERS,Minor Dam,242,24.91,163.9,67.73
455b2c44-90b5-407d-afb1-6079d856ed0c,29/04/2016,Apr-16,4,2016,DE VILLIERS,Minor Dam,242,25.02,166.3,68.72
0fdee182-bde6-4a8c-bbd4-698c3ea3380e,30/04/2016,Apr-16,4,2016,DE VILLIERS,Minor Dam,242,25.62,180.5,74.59
83027d8d-35ef-402f-876b-73b43005b5d6,01/05/2016,May-16,5,2016,DE VILLIERS,Minor Dam,242,25.96,188.7,77.98
70c26798-e427-4f4d-9929-503526290235,02/05/2016,May-16,5,2016,DE VILLIERS,Minor Dam,242,25.17,169.8,70.17
1810532c-30be-4b9a-832d-49e87c82306b,03/05/2016,May-16,5,2016,DE VILLIERS,Minor Dam,242,26.35,198.3,81.94
cc14371e-ed96-4886-b01d-58ffb2e5bb22,04/05/2016,May-16,5,2016,DE VILLIERS,Minor Dam,242,26.5,202.1,83.51
b02f7708-0155-4869-8b61-edf1872afe5c,05/05/2016,May-16,5,2016,DE VILLIERS,Minor Dam,242,26.65,206.1,85.17
7910c686-53c8-4ef7-a5ea-8b84b65036f8,06/05/2016,May-16,5,2016,DE VILLIERS,Minor Dam,242,26.75,208.7,86.24
aebe6a11-414a-4729-b950-295ff13cb89b,07/05/2016,May-16,5,2016,DE VILLIERS,Minor Dam,242,26.85,211.3,87.31
55956dc6-b556-435c-b63a-aedc6ca1c10b,08/05/2016,May-16,5,2016,DE VILLIERS,Minor Dam,242,26.98,214.8,88.76
37699209-1f1f-4c81-8421-321034e788e2,09/05/2016,May-16,5,2016,DE VILLIERS,Minor Dam,242,27.07,217.2,89.75
78c97942-ea64-40ab-952e-8dc92ccf4a4e,10/05/2016,May-16,5,2016,DE VILLIERS,Minor Dam,242,27.16,219.7,90.79
172f2ff8-4008-421b-858d-7ade17ff6e75,11/05/2016,May-16,5,2016,DE VILLIERS,Minor Dam,242,27.23,221.7,91.61
cb607912-7da0-4a79-828e-d3e0c7df44de,12/05/2016,May-16,5,2016,DE VILLIERS,Minor Dam,242,27.3,223.7,92.44
9d548e06-63a2-4eef-9cb4-53989020e313,13/05/2016,May-16,5,2016,DE VILLIERS,Minor Dam,242,27.36,225.5,93.18
bc3c6b49-150f-47e7-8951-b0d10b958b75,14/05/2016,May-16,5,2016,DE VILLIERS,Minor Dam,242,27.26,222.6,91.98
6c2b2276-0d58-4223-85cf-e72033001f82,15/05/2016,May-16,5,2016,DE VILLIERS,Minor Dam,242,27.3,223.7,92.44
4d5a6fe0-d21f-4f8c-9b75-1127a6a218c5,16/05/2016,May-16,5,2016,DE VILLIERS,Minor Dam,242,27.13,218.9,90.45
bdb70c90-530c-4635-b72e-05c8830b28ed,17/05/2016,May-16,5,2016,DE VILLIERS,Minor Dam,242,27.04,216.4,89.42
6f9961a2-85b4-4c99-8627-879592c52371,18/05/2016,May-16,5,2016,DE VILLIERS,Minor Dam,242,26.97,214.5,88.64
cae9aed7-d2cf-4aa6-a1a4-235d7d894c00,19/05/2016,May-16,5,2016,DE VILLIERS,Minor Dam,242,26.9,212.6,87.85
de8d75ec-42a7-4bb2-824b-9dbf791d9777,20/05/2016,May-16,5,2016,DE VILLIERS,Minor Dam,242,26.82,210.5,86.98
03308991-168e-4f52-b876-2da80eb447dc,21/05/2016,May-16,5,2016,DE VILLIERS,Minor Dam,242,26.75,208.7,86.24
7ee9aa2e-97c6-4b29-860a-a34dd428fb03,22/05/2016,May-16,5,2016,DE VILLIERS,Minor Dam,242,26.69,207.1,85.58
9739e870-0fc4-426e-b0b7-2d2c5a2f532f,23/05/2016,May-16,5,2016,DE VILLIERS,Minor Dam,242,26.59,204.5,84.5
7c95a042-e46c-4128-a26e-881338a2123f,24/05/2016,May-16,5,2016,DE VILLIERS,Minor Dam,242,26.48,201.6,83.31
318fbe7d-5d68-45d9-9130-978a6cb911c7,25/05/2016,May-16,5,2016,DE VILLIERS,Minor Dam,242,26.49,201.9,83.43
8f1e5ed9-03d6-483f-aa2c-4f4cfe2e61dd,26/05/2016,May-16,5,2016,DE VILLIERS,Minor Dam,242,26.46,201.1,83.1
1486d941-e9fe-4986-b504-d2bfdf8e9b74,27/05/2016,May-16,5,2016,DE VILLIERS,Minor Dam,242,26.42,200.1,82.69
eddd62bf-9acf-4320-8410-cfc04905a663,28/05/2016,May-16,5,2016,DE VILLIERS,Minor Dam,242,26.37,198.8,82.15
e23f4ee8-a717-4349-97e1-b7bdaed66b2f,29/05/2016,May-16,5,2016,DE VILLIERS,Minor Dam,242,26.28,196.5,81.2
a931fc3f-ad5b-44c6-9f9e-e5d1827e6535,30/05/2016,May-16,5,2016,DE VILLIERS,Minor Dam,242,26.22,195,80.58
2d69df8f-3a21-4d5d-b8d7-2a47ea1dc8ae,31/05/2016,May-16,5,2016,DE VILLIERS,Minor Dam,242,26.14,193,79.75
ecd27071-590d-4801-b26e-723022a3f271,01/06/2016,Jun-16,6,2016,DE VILLIERS,Minor Dam,242,26.08,191.6,79.17
57db7b41-0659-4ed2-a517-ad31121a3f67,02/06/2016,Jun-16,6,2016,DE VILLIERS,Minor Dam,242,25.99,189.4,78.26
8f63c090-409b-4426-a737-73eb7f8d5671,03/06/2016,Jun-16,6,2016,DE VILLIERS,Minor Dam,242,25.91,187.5,77.48
7adb85ad-82c8-4a44-a5f0-f9017f3d1333,04/06/2016,Jun-16,6,2016,DE VILLIERS,Minor Dam,242,25.83,185.5,76.65
4744e4ed-f24b-41c5-b3fc-e8839350d64f,05/06/2016,Jun-16,6,2016,DE VILLIERS,Minor Dam,242,25.77,184.1,76.07
995f4bf1-4bdc-44b7-a44e-aad90d310e22,06/06/2016,Jun-16,6,2016,DE VILLIERS,Minor Dam,242,25.7,182.4,75.37
aee78531-52aa-4758-9584-58cc981b4394,07/06/2016,Jun-16,6,2016,DE VILLIERS,Minor Dam,242,25.63,180.7,74.67
382ada3b-8abf-438f-b4fb-2a1b83246a1f,08/06/2016,Jun-16,6,2016,DE VILLIERS,Minor Dam,242,25.61,180.2,74.46
1ea4aad2-3832-4642-9cd4-84050d9b54d6,09/06/2016,Jun-16,6,2016,DE VILLIERS,Minor Dam,242,25.58,179.5,74.17
554622f4-21c3-435c-a153-3eb8b8817955,10/06/2016,Jun-16,6,2016,DE VILLIERS,Minor Dam,242,25.57,179.3,74.09
5166c93a-4593-4da5-bb10-16a060543be0,11/06/2016,Jun-16,6,2016,DE VILLIERS,Minor Dam,242,25.84,185.8,76.78
958eecd6-9baf-43ff-859b-29a1a8ff4cd6,12/06/2016,Jun-16,6,2016,DE VILLIERS,Minor Dam,242,25.93,187.9,77.64
7dc15305-8ca3-4299-9659-b929f9d5430e,13/06/2016,Jun-16,6,2016,DE VILLIERS,Minor Dam,242,25.94,188.2,77.77
be2491a3-a30b-4d2c-adfd-787f25fa4dfe,14/06/2016,Jun-16,6,2016,DE VILLIERS,Minor Dam,242,25.97,188.9,78.06
bd221e28-690b-42fe-940c-fafc8564b1ce,15/06/2016,Jun-16,6,2016,DE VILLIERS,Minor Dam,242,26.08,191.6,79.17
fe2026b8-b2a0-49b4-b215-43b29ab7f763,16/06/2016,Jun-16,6,2016,DE VILLIERS,Minor Dam,242,26.16,193.5,79.96
b1309852-fe8b-443a-abfd-3fa8c08af9ce,17/06/2016,Jun-16,6,2016,DE VILLIERS,Minor Dam,242,26.52,202.7,83.76
95199ecf-a406-4b64-bf8e-28da5862f1bc,18/06/2016,Jun-16,6,2016,DE VILLIERS,Minor Dam,242,26.54,203.2,83.97
aae972b9-6746-492a-9e2b-9a09fdd6d7fe,19/06/2016,Jun-16,6,2016,DE VILLIERS,Minor Dam,242,26.6,204.7,84.59
bee06ee2-a720-4137-9002-d8c385e826ed,20/06/2016,Jun-16,6,2016,DE VILLIERS,Minor Dam,242,26.7,207.4,85.7
43892691-73f3-4602-98ea-759cc0a9aa42,21/06/2016,Jun-16,6,2016,DE VILLIERS,Minor Dam,242,27.1,218,90.08
2aea56d0-7a83-4f97-bff3-24b0bd25df9a,22/06/2016,Jun-16,6,2016,DE VILLIERS,Minor Dam,242,27.33,224.6,92.81
c01acd22-56ab-4daa-adb9-6c189a253da2,23/06/2016,Jun-16,6,2016,DE VILLIERS,Minor Dam,242,27.37,225.8,93.31
5b58351e-1896-4feb-90ce-e79c91ec01e6,24/06/2016,Jun-16,6,2016,DE VILLIERS,Minor Dam,242,27.39,226.3,93.51
3ebd2bc0-b74c-41bd-9ad0-51105db25f8b,25/06/2016,Jun-16,6,2016,DE VILLIERS,Minor Dam,242,27.4,226.6,93.64
513a0e87-8816-4164-a68f-04960add3a02,26/06/2016,Jun-16,6,2016,DE VILLIERS,Minor Dam,242,27.4,226.6,93.64
2720752a-c594-491e-b38c-d77a327f527d,27/06/2016,Jun-16,6,2016,DE VILLIERS,Minor Dam,242,27.4,226.6,93.64
2fdebd56-f28b-4753-9746-8982cee149de,28/06/2016,Jun-16,6,2016,DE VILLIERS,Minor Dam,242,27.5,229.8,94.96
6460e77f-c963-45a0-932a-a5a3a22f73ea,29/06/2016,Jun-16,6,2016,DE VILLIERS,Minor Dam,242,27.59,232.8,96.2
73a8e08c-f6db-4494-8094-da5ea0162f61,30/06/2016,Jun-16,6,2016,DE VILLIERS,Minor Dam,242,27.59,232.8,96.2
b326ea46-2a63-438b-8f9e-37044b1ed0be,01/07/2016,Jul-16,7,2016,DE VILLIERS,Minor Dam,242,27.59,232.8,96.2
28a9f618-cce3-4c11-bf13-9ed2c3ed0901,02/07/2016,Jul-16,7,2016,DE VILLIERS,Minor Dam,242,27.7,236.5,97.73
3437ca05-9a19-4971-bba2-8acbb2fa3185,03/07/2016,Jul-16,7,2016,DE VILLIERS,Minor Dam,242,27.77,239.5,98.97
7b58dc1c-9274-4893-8e53-704b89d8f5ef,04/07/2016,Jul-16,7,2016,DE VILLIERS,Minor Dam,242,27.79,240.3,99.3
350b0cb0-954f-409a-88d0-536a0cffcb8d,05/07/2016,Jul-16,7,2016,DE VILLIERS,Minor Dam,242,27.79,240.3,99.3
6272722a-3e2a-4e1f-8915-571724291da2,06/07/2016,Jul-16,7,2016,DE VILLIERS,Minor Dam,242,27.8,240.7,99.46
5534aba5-2531-4665-828b-417a65b53fb3,07/07/2016,Jul-16,7,2016,DE VILLIERS,Minor Dam,242,27.86,243.3,100.54
649395bc-2d4e-4097-b063-c3a63f94f754,08/07/2016,Jul-16,7,2016,DE VILLIERS,Minor Dam,242,27.84,242.4,100.17
77be4dd0-505c-46c1-9198-70a4782f5fa5,09/07/2016,Jul-16,7,2016,DE VILLIERS,Minor Dam,242,27.84,242.4,100.17
94e5d9ff-554d-4448-8b94-4bc86c9b46e3,10/07/2016,Jul-16,7,2016,DE VILLIERS,Minor Dam,242,27.84,242.4,100.17
23ecc5e1-c82c-4e55-86bc-5dacaa15d46c,11/07/2016,Jul-16,7,2016,DE VILLIERS,Minor Dam,242,27.84,242.4,100.17
0d4c5299-ec4d-485c-b8fe-f7ebca80b85e,12/07/2016,Jul-16,7,2016,DE VILLIERS,Minor Dam,242,27.83,242,100
cc3d1a7d-2daa-4016-97e0-8d7631315309,13/07/2016,Jul-16,7,2016,DE VILLIERS,Minor Dam,242,27.83,242,100
a37fa7d4-7386-4c2a-9879-8a8f1681b04c,14/07/2016,Jul-16,7,2016,DE VILLIERS,Minor Dam,242,27.83,242,100
17296387-8d36-410e-abc5-71db84228a48,15/07/2016,Jul-16,7,2016,DE VILLIERS,Minor Dam,242,27.81,241.2,99.67
2ca2e6ed-87b5-4eb1-b9e8-d46160841451,16/07/2016,Jul-16,7,2016,DE VILLIERS,Minor Dam,242,27.84,242.4,100.17
d40921aa-0d3a-4a24-ad6c-b903fd82be35,17/07/2016,Jul-16,7,2016,DE VILLIERS,Minor Dam,242,27.77,239.5,98.97
d5fcf654-00f3-4ba6-955a-1790b35fb5da,18/07/2016,Jul-16,7,2016,DE VILLIERS,Minor Dam,242,27.75,238.6,98.6
76b27f15-8c3c-4ce6-9ad6-fb33656fb1af,19/07/2016,Jul-16,7,2016,DE VILLIERS,Minor Dam,242,27.75,238.6,98.6
4fef5fc4-f855-45ef-9758-d75c49fc2570,20/07/2016,Jul-16,7,2016,DE VILLIERS,Minor Dam,242,27.69,236.2,97.6
dc5074b1-5c9f-46f9-ac57-ef12dc7fdb54,21/07/2016,Jul-16,7,2016,DE VILLIERS,Minor Dam,242,27.7,236.5,97.73
3530af74-2654-4cc2-bb8c-1a64d56549fa,22/07/2016,Jul-16,7,2016,DE VILLIERS,Minor Dam,242,27.89,244.6,101.07
736fd116-1fc3-4f74-ae59-614314bc3983,23/07/2016,Jul-16,7,2016,DE VILLIERS,Minor Dam,242,27.88,244.1,100.87
3a8e4317-8cb9-4b09-a908-64d3dc7bbf1d,24/07/2016,Jul-16,7,2016,DE VILLIERS,Minor Dam,242,27.86,243.3,100.54
9a8d1b5c-77a3-491d-8b6d-2438aca7de8f,25/07/2016,Jul-16,7,2016,DE VILLIERS,Minor Dam,242,27.86,243.3,100.54
a0274afc-9353-4466-8150-4ea42e07e507,26/07/2016,Jul-16,7,2016,DE VILLIERS,Minor Dam,242,27.84,242.4,100.17
67321a26-a32c-459b-9965-aee50de0b3df,27/07/2016,Jul-16,7,2016,DE VILLIERS,Minor Dam,242,27.84,242.4,100.17
9aa76215-fe53-42aa-b489-eab4ad78d365,28/07/2016,Jul-16,7,2016,DE VILLIERS,Minor Dam,242,27.87,243.7,100.7
be0d9455-9a32-4a29-8611-0239ac339ad6,29/07/2016,Jul-16,7,2016,DE VILLIERS,Minor Dam,242,27.9,245,101.24
a089616c-b646-4ddc-96c3-7487a0aee26f,30/07/2016,Jul-16,7,2016,DE VILLIERS,Minor Dam,242,27.9,245,101.24
3682f030-9cd1-4d9b-81dc-ade141736440,31/07/2016,Jul-16,7,2016,DE VILLIERS,Minor Dam,242,27.85,242.9,100.37
e2a85051-067a-4070-bfa9-892cb913c839,01/08/2016,Aug-16,8,2016,DE VILLIERS,Minor Dam,242,27.86,243.3,100.54
2d69c963-9aec-435a-89de-6aa5dc6d5e8c,02/08/2016,Aug-16,8,2016,DE VILLIERS,Minor Dam,242,27.86,243.3,100.54
0b5ad06d-fd0c-40e4-bafd-0bf90fc3a200,03/08/2016,Aug-16,8,2016,DE VILLIERS,Minor Dam,242,27.84,242.4,100.17
046fdb06-1b3d-4ffc-9637-3bd08099fb47,04/08/2016,Aug-16,8,2016,DE VILLIERS,Minor Dam,242,27.86,243.3,100.54
2ec7d096-dc89-4436-9cc3-6b391a28fca4,05/08/2016,Aug-16,8,2016,DE VILLIERS,Minor Dam,242,27.84,242.4,100.17
64926e2f-ba86-43a4-b67b-a5af1e948d37,06/08/2016,Aug-16,8,2016,DE VILLIERS,Minor Dam,242,27.86,243.3,100.54
c452d410-4e6b-4779-805c-019a3435dad3,07/08/2016,Aug-16,8,2016,DE VILLIERS,Minor Dam,242,27.85,242.9,100.37
8603efd3-6c07-4cca-827a-aa011b7e5733,08/08/2016,Aug-16,8,2016,DE VILLIERS,Minor Dam,242,27.85,242.9,100.37
da504cff-f481-48f6-9550-7afe471670a7,09/08/2016,Aug-16,8,2016,DE VILLIERS,Minor Dam,242,27.84,242.4,100.17
84dc6496-e79c-4bd1-b2a0-6bcbe81ca892,10/08/2016,Aug-16,8,2016,DE VILLIERS,Minor Dam,242,27.79,240.3,99.3
4b6f0efc-875e-48cd-8525-dd529418ec64,11/08/2016,Aug-16,8,2016,DE VILLIERS,Minor Dam,242,27.8,240.7,99.46
3cd927b9-7401-4d8f-bfd4-e0a08e45fd41,12/08/2016,Aug-16,8,2016,DE VILLIERS,Minor Dam,242,27.8,240.7,99.46
265c579a-9453-431b-b6cf-5a31b2281f53,13/08/2016,Aug-16,8,2016,DE VILLIERS,Minor Dam,242,27.8,240.7,99.46
6a598751-a227-49de-9528-45e9c48ee21d,14/08/2016,Aug-16,8,2016,DE VILLIERS,Minor Dam,242,27.83,242,100
b92a9991-d2cb-43ba-8576-44b5529783e9,15/08/2016,Aug-16,8,2016,DE VILLIERS,Minor Dam,242,27.87,243.7,100.7
10c33fa6-1dc3-41bc-9082-ee6ee8320535,16/08/2016,Aug-16,8,2016,DE VILLIERS,Minor Dam,242,27.89,244.6,101.07
9b31ed74-b725-40dd-ba49-dc088d5dd594,17/08/2016,Aug-16,8,2016,DE VILLIERS,Minor Dam,242,27.84,242.4,100.17
b73bb604-6ca0-4d75-b65b-e0dfda265faa,18/08/2016,Aug-16,8,2016,DE VILLIERS,Minor Dam,242,27.83,242,100
370e9f25-3ef4-44df-9c4c-849f838e0553,19/08/2016,Aug-16,8,2016,DE VILLIERS,Minor Dam,242,27.82,241.6,99.83
9d77ebcd-1767-4681-8df9-b715b3216b9c,20/08/2016,Aug-16,8,2016,DE VILLIERS,Minor Dam,242,27.82,241.6,99.83
7ee5da35-f155-44c1-8a01-2c3157a65370,21/08/2016,Aug-16,8,2016,DE VILLIERS,Minor Dam,242,27.83,242,100
1aa81931-9b54-43f5-87c2-69ffc6a1430e,22/08/2016,Aug-16,8,2016,DE VILLIERS,Minor Dam,242,27.83,242,100
c67fa88f-4ef8-426b-a433-c4f189b1a0d7,23/08/2016,Aug-16,8,2016,DE VILLIERS,Minor Dam,242,27.87,243.7,100.7
2d1cf179-064d-42a5-9c0f-19c0931ce43c,24/08/2016,Aug-16,8,2016,DE VILLIERS,Minor Dam,242,27.85,242.9,100.37
f2ae3086-7807-4e1a-89ea-9e168a4c95d7,25/08/2016,Aug-16,8,2016,DE VILLIERS,Minor Dam,242,27.84,242.4,100.17
f2231850-afe6-4e04-a7a5-f6631d97aa9d,26/08/2016,Aug-16,8,2016,DE VILLIERS,Minor Dam,242,27.85,242.9,100.37
7b071aef-b997-4f1d-bee5-9a6d7d278175,27/08/2016,Aug-16,8,2016,DE VILLIERS,Minor Dam,242,27.84,242.4,100.17
fc052703-b35e-42a8-b1e4-db12f5e7a81f,28/08/2016,Aug-16,8,2016,DE VILLIERS,Minor Dam,242,27.82,241.6,99.83
895d9409-a9a4-40d1-8cc4-744f07828b2c,29/08/2016,Aug-16,8,2016,DE VILLIERS,Minor Dam,242,27.82,241.6,99.83
f9d6566f-1bf8-4a90-aa26-48db1e03b33e,30/08/2016,Aug-16,8,2016,DE VILLIERS,Minor Dam,242,27.79,240.3,99.3
2f628957-59a2-478d-8859-32480b43f9c4,31/08/2016,Aug-16,8,2016,DE VILLIERS,Minor Dam,242,27.79,240.3,99.3
d7e9cbea-65a4-467d-9da0-fd546d881e7c,01/09/2016,Sep-16,9,2016,DE VILLIERS,Minor Dam,242,27.76,239.1,98.8
a7e692aa-51a7-4109-9146-41f3167ccf39,02/09/2016,Sep-16,9,2016,DE VILLIERS,Minor Dam,242,27.75,238.6,98.6
44815bf4-ecab-4a76-a4b1-d76650a7f0e9,03/09/2016,Sep-16,9,2016,DE VILLIERS,Minor Dam,242,27.72,237.4,98.1
370d6479-f6bc-45ad-b7c2-5faeeb9e0afb,04/09/2016,Sep-16,9,2016,DE VILLIERS,Minor Dam,242,27.67,235.5,97.31
bd21b320-e908-4f21-bb32-d252b2cde69b,05/09/2016,Sep-16,9,2016,DE VILLIERS,Minor Dam,242,27.63,234.2,96.78
93b46da1-5836-4d73-838b-63c2171eb054,06/09/2016,Sep-16,9,2016,DE VILLIERS,Minor Dam,242,27.61,233.5,96.49
a9050f58-ea86-40ae-9b15-51c9ebe405e2,07/09/2016,Sep-16,9,2016,DE VILLIERS,Minor Dam,242,27.59,232.8,96.2
7797fc61-089e-4ff6-bbe3-6a1de6b52274,08/09/2016,Sep-16,9,2016,DE VILLIERS,Minor Dam,242,27.56,231.8,95.79
23aca129-9349-4bb9-ab57-eaca3ac6dda7,09/09/2016,Sep-16,9,2016,DE VILLIERS,Minor Dam,242,27.54,231.1,95.5
59414eb7-93a7-4182-b7ba-178232202a83,10/09/2016,Sep-16,9,2016,DE VILLIERS,Minor Dam,242,27.49,229.5,94.83
a2cb562c-b74a-4f29-a4bd-df4f3b1744c2,11/09/2016,Sep-16,9,2016,DE VILLIERS,Minor Dam,242,27.46,228.5,94.42
eacd75ea-760a-4a6f-a7e4-5b7624ecdf4c,12/09/2016,Sep-16,9,2016,DE VILLIERS,Minor Dam,242,27.43,227.6,94.05
fbdaad0e-368d-4527-a05c-5a0717e4bb17,13/09/2016,Sep-16,9,2016,DE VILLIERS,Minor Dam,242,27.39,226.3,93.51
1ca08858-11f3-47ee-90c3-12b0ef398c14,14/09/2016,Sep-16,9,2016,DE VILLIERS,Minor Dam,242,27.34,224.9,92.93
6e233b7b-42c5-4615-bff3-8b5399bb551a,15/09/2016,Sep-16,9,2016,DE VILLIERS,Minor Dam,242,27.35,225.2,93.06
abece336-7441-4907-ac32-fdefde2fd2d7,16/09/2016,Sep-16,9,2016,DE VILLIERS,Minor Dam,242,27.3,223.7,92.44
abb5f385-c678-49b9-938f-76db31153af8,17/09/2016,Sep-16,9,2016,DE VILLIERS,Minor Dam,242,27.3,223.7,92.44
1bcbafeb-8249-4906-8e0a-951411414f7b,18/09/2016,Sep-16,9,2016,DE VILLIERS,Minor Dam,242,27.32,224.3,92.69
627a5d49-9669-4570-bf9d-0d4790fa93c9,19/09/2016,Sep-16,9,2016,DE VILLIERS,Minor Dam,242,27.48,229.2,94.71
5dfe50ae-dba3-45f3-9705-cbff16d7ec87,20/09/2016,Sep-16,9,2016,DE VILLIERS,Minor Dam,242,27.52,230.5,95.25
6e813bf8-a59e-4544-b3af-8a698c3bcd23,21/09/2016,Sep-16,9,2016,DE VILLIERS,Minor Dam,242,27.52,230.5,95.25
d40cce3c-7671-4397-b548-759cd4e9256c,22/09/2016,Sep-16,9,2016,DE VILLIERS,Minor Dam,242,27.51,230.1,95.08
2697e361-68a1-49ae-88f6-1eefef8c6658,23/09/2016,Sep-16,9,2016,DE VILLIERS,Minor Dam,242,27.48,229.2,94.71
29df47e7-8133-4a94-9460-759b27e01f71,24/09/2016,Sep-16,9,2016,DE VILLIERS,Minor Dam,242,27.46,228.5,94.42
a0f35d5c-fe14-4c37-92cf-7030517256cc,25/09/2016,Sep-16,9,2016,DE VILLIERS,Minor Dam,242,27.45,228.2,94.3
6da5b726-983a-4850-9e14-6d8d09964512,26/09/2016,Sep-16,9,2016,DE VILLIERS,Minor Dam,242,27.43,227.6,94.05
ec4a0dfd-2a40-4e01-ae60-1859256b0fb5,27/09/2016,Sep-16,9,2016,DE VILLIERS,Minor Dam,242,27.41,226.9,93.76
ea7fcca3-39f1-4f97-adf4-54e09b4a8771,28/09/2016,Sep-16,9,2016,DE VILLIERS,Minor Dam,242,27.41,226.9,93.76
6963c508-c5f2-45ac-9f5a-be2f5279a6bf,29/09/2016,Sep-16,9,2016,DE VILLIERS,Minor Dam,242,27.45,228.2,94.3
2358ba35-99c8-4f65-be79-f2b768498452,30/09/2016,Sep-16,9,2016,DE VILLIERS,Minor Dam,242,27.44,227.9,94.17
6e424479-ac10-4315-a7a9-8040e6b3b493,01/10/2016,Oct-16,10,2016,DE VILLIERS,Minor Dam,242,27.44,227.9,94.17
63f4914a-25f4-4cb2-b9b3-4c69f833d6af,02/10/2016,Oct-16,10,2016,DE VILLIERS,Minor Dam,242,27.44,227.9,94.17
9f32eb5b-92b5-472b-bf17-92aaca4de7c6,03/10/2016,Oct-16,10,2016,DE VILLIERS,Minor Dam,242,27.43,227.6,94.05
1960faf1-56d4-465f-aa3e-14d7d679e0aa,04/10/2016,Oct-16,10,2016,DE VILLIERS,Minor Dam,242,27.4,226.6,93.64
33d40092-2b52-4b2a-8c9c-e8911bd637b3,05/10/2016,Oct-16,10,2016,DE VILLIERS,Minor Dam,242,27.34,224.9,92.93
43c6a0a3-b062-460e-8a4b-940170e64515,06/10/2016,Oct-16,10,2016,DE VILLIERS,Minor Dam,242,27.3,223.7,92.44
02b6106f-5d78-4066-a23a-e0db1646bf7b,07/10/2016,Oct-16,10,2016,DE VILLIERS,Minor Dam,242,27.25,222.3,91.86
ef305e09-2140-46c0-aa69-4541b699f53a,08/10/2016,Oct-16,10,2016,DE VILLIERS,Minor Dam,242,27.2,220.8,91.24
1ac0cfac-931f-4f37-aebe-2c5f16496b92,09/10/2016,Oct-16,10,2016,DE VILLIERS,Minor Dam,242,27.16,219.7,90.79
05c0f671-2042-4156-bbeb-60e6c0c267b5,10/10/2016,Oct-16,10,2016,DE VILLIERS,Minor Dam,242,27.1,218,90.08
865a55d2-59e6-4346-aed3-7e170fce6ca9,11/10/2016,Oct-16,10,2016,DE VILLIERS,Minor Dam,242,27.05,216.7,89.55
ea5bf1ba-f5c6-4e14-ae31-d5b32ad881e4,12/10/2016,Oct-16,10,2016,DE VILLIERS,Minor Dam,242,27.02,215.9,89.21
ac942ce2-9dc8-436d-8f55-1f04a4aec6f1,13/10/2016,Oct-16,10,2016,DE VILLIERS,Minor Dam,242,26.97,214.5,88.64
4830ba1b-cd9d-4e57-abd4-13e0f842abd9,14/10/2016,Oct-16,10,2016,DE VILLIERS,Minor Dam,242,26.93,213.5,88.22
48c67ac5-aee3-4670-b953-78b9375cb383,15/10/2016,Oct-16,10,2016,DE VILLIERS,Minor Dam,242,26.9,212.6,87.85
1983d4eb-6eb5-4d44-8dff-4864e16d5432,16/10/2016,Oct-16,10,2016,DE VILLIERS,Minor Dam,242,26.9,212.6,87.85
adf9ce06-6c71-4502-a500-517f3a45dc99,17/10/2016,Oct-16,10,2016,DE VILLIERS,Minor Dam,242,26.9,212.6,87.85
c96752e2-a0c2-42c5-9f65-150d83c8086d,18/10/2016,Oct-16,10,2016,DE VILLIERS,Minor Dam,242,26.9,212.6,87.85
290bb17a-5701-47a5-a0b7-6e6b82ff3875,19/10/2016,Oct-16,10,2016,DE VILLIERS,Minor Dam,242,26.9,212.6,87.85
f29ed81f-04c3-4965-b26b-96361afca4a4,20/10/2016,Oct-16,10,2016,DE VILLIERS,Minor Dam,242,26.9,212.6,87.85
88fe7b07-0915-43a5-98a0-644662e71618,21/10/2016,Oct-16,10,2016,DE VILLIERS,Minor Dam,242,26.89,212.4,87.77
2b62b8b1-294a-4c38-ad02-50e4adff39d1,22/10/2016,Oct-16,10,2016,DE VILLIERS,Minor Dam,242,26.89,212.4,87.77
104c5daa-ea6d-4f62-a7f9-bbca38e3f246,23/10/2016,Oct-16,10,2016,DE VILLIERS,Minor Dam,242,26.92,213.2,88.1
28eef00e-1e5e-4b69-989e-e2da4012e4f9,24/10/2016,Oct-16,10,2016,DE VILLIERS,Minor Dam,242,26.93,213.5,88.22
7aaebcc1-96e4-40cf-b011-727bc9f37c03,25/10/2016,Oct-16,10,2016,DE VILLIERS,Minor Dam,242,26.93,213.5,88.22
35492e7a-31a2-4b90-a9ef-ced213d4eebb,26/10/2016,Oct-16,10,2016,DE VILLIERS,Minor Dam,242,26.92,213.2,88.1
e7f85132-4c7f-4fbd-8530-c2ab8d99a249,27/10/2016,Oct-16,10,2016,DE VILLIERS,Minor Dam,242,26.9,212.6,87.85
fc2c70b7-67b9-4e1a-af3e-b65f0c2f294b,28/10/2016,Oct-16,10,2016,DE VILLIERS,Minor Dam,242,26.89,212.4,87.77
e13a621d-1730-4ae6-beac-94f61fdf9840,29/10/2016,Oct-16,10,2016,DE VILLIERS,Minor Dam,242,26.88,212.1,87.64
c10ac9ee-6b43-42fc-b8ba-156a4810f9cd,30/10/2016,Oct-16,10,2016,DE VILLIERS,Minor Dam,242,26.88,212.1,87.64
ad9ff7c2-fb17-4597-8547-d2e994eeb469,31/10/2016,Oct-16,10,2016,DE VILLIERS,Minor Dam,242,26.88,212.1,87.64
ea79e625-dffa-45a6-86dd-c32278a12853,01/11/2016,Nov-16,11,2016,DE VILLIERS,Minor Dam,242,26.88,212.1,87.64
32762399-7f40-49c8-b081-ac265a6bdd6d,02/11/2016,Nov-16,11,2016,DE VILLIERS,Minor Dam,242,26.88,212.1,87.64
1164e917-bd0e-4d81-8362-403b401986dd,03/11/2016,Nov-16,11,2016,DE VILLIERS,Minor Dam,242,26.89,212.4,87.77
35c82788-3f2b-4db6-929f-82f0403cabd4,04/11/2016,Nov-16,11,2016,DE VILLIERS,Minor Dam,242,26.89,212.4,87.77
942524a2-e947-4781-8234-529d14e95ede,05/11/2016,Nov-16,11,2016,DE VILLIERS,Minor Dam,242,26.89,212.4,87.77
c148e3f2-66a5-4491-a022-62746c51a750,06/11/2016,Nov-16,11,2016,DE VILLIERS,Minor Dam,242,26.87,211.8,87.52
bc3dfabd-6f02-4a19-ad4f-11447aa3508e,07/11/2016,Nov-16,11,2016,DE VILLIERS,Minor Dam,242,26.86,211.6,87.44
319250c5-e862-42ef-88f9-0d6a3959d131,08/11/2016,Nov-16,11,2016,DE VILLIERS,Minor Dam,242,26.84,211.1,87.23
cf0aa282-e0fa-403e-99be-089232d9c698,09/11/2016,Nov-16,11,2016,DE VILLIERS,Minor Dam,242,26.83,210.8,87.11
3e9fa898-cd0e-42ba-997c-1ad65545fb7c,10/11/2016,Nov-16,11,2016,DE VILLIERS,Minor Dam,242,26.82,210.5,86.98
d07c557f-b1cc-430e-b02e-4eb61eda2ceb,11/11/2016,Nov-16,11,2016,DE VILLIERS,Minor Dam,242,26.81,210.3,86.9
b2483bfd-510b-44c0-818d-2bee51b5441e,12/11/2016,Nov-16,11,2016,DE VILLIERS,Minor Dam,242,26.8,210,86.78
90825bac-1e00-4b0e-b305-4e9155a599f1,13/11/2016,Nov-16,11,2016,DE VILLIERS,Minor Dam,242,26.97,214.5,88.64
6091f1ae-83dd-4205-a461-ad68fdd6ca32,14/11/2016,Nov-16,11,2016,DE VILLIERS,Minor Dam,242,26.78,209.5,86.57
cdffa6f1-eb2f-47f6-9cc8-143ea5eb5b02,15/11/2016,Nov-16,11,2016,DE VILLIERS,Minor Dam,242,26.78,209.5,86.57
ddd21d68-df9d-4cd8-824b-9f620281ae90,16/11/2016,Nov-16,11,2016,DE VILLIERS,Minor Dam,242,26.76,208.9,86.32
6a042c67-ac76-4986-bf83-a9a911d8a409,17/11/2016,Nov-16,11,2016,DE VILLIERS,Minor Dam,242,26.75,208.7,86.24
c2f3e1a5-dcf6-4785-a739-477788b1a67f,18/11/2016,Nov-16,11,2016,DE VILLIERS,Minor Dam,242,26.73,208.1,85.99
d8e4392d-f454-4ed9-aab6-30ec5e5ed298,19/11/2016,Nov-16,11,2016,DE VILLIERS,Minor Dam,242,26.72,207.9,85.91
ec0d369c-cbea-49d1-bc59-bd7b5fdb7534,20/11/2016,Nov-16,11,2016,DE VILLIERS,Minor Dam,242,26.7,207.4,85.7
199401da-781f-493d-9fc9-4b8cf1f8acce,21/11/2016,Nov-16,11,2016,DE VILLIERS,Minor Dam,242,26.69,207.1,85.58
8f814070-016b-48a0-b19a-0fb25afc21b2,22/11/2016,Nov-16,11,2016,DE VILLIERS,Minor Dam,242,26.68,206.8,85.45
08d3be41-8f99-4525-adef-b06f89f5acc2,23/11/2016,Nov-16,11,2016,DE VILLIERS,Minor Dam,242,26.67,206.6,85.37
42475d60-7ea2-419e-8ebe-55b174f8518e,24/11/2016,Nov-16,11,2016,DE VILLIERS,Minor Dam,242,26.67,206.6,85.37
df4f7e73-37be-47e8-b295-6facd444ea7f,25/11/2016,Nov-16,11,2016,DE VILLIERS,Minor Dam,242,26.65,206.1,85.17
72d34fcb-4bfb-477a-b163-a64f766739bc,26/11/2016,Nov-16,11,2016,DE VILLIERS,Minor Dam,242,26.64,205.8,85.04
80e7f62a-6396-423a-b861-f9cb34f64bfd,27/11/2016,Nov-16,11,2016,DE VILLIERS,Minor Dam,242,26.63,205.5,84.92
3a73bb81-9736-4790-a4c5-b503a918c997,28/11/2016,Nov-16,11,2016,DE VILLIERS,Minor Dam,242,26.62,205.3,84.83
e17e98df-7702-487e-b5ae-4b965c4e60d3,29/11/2016,Nov-16,11,2016,DE VILLIERS,Minor Dam,242,26.6,204.7,84.59
5abce335-10ef-482d-a1b4-df9ed4368584,30/11/2016,Nov-16,11,2016,DE VILLIERS,Minor Dam,242,26.6,204.7,84.59
6a802fe1-e10e-401e-9445-5270fc0fe4bb,01/12/2016,Dec-16,12,2016,DE VILLIERS,Minor Dam,242,26.59,204.5,84.5
1ce311b0-e17b-4980-b3b5-91442f04be39,02/12/2016,Dec-16,12,2016,DE VILLIERS,Minor Dam,242,26.57,204,84.3
c1b28107-4a0e-40c8-b388-899aa0765e9e,03/12/2016,Dec-16,12,2016,DE VILLIERS,Minor Dam,242,26.53,202.9,83.84
34ce1172-f30a-47b2-90f2-9ae5b5036cb2,04/12/2016,Dec-16,12,2016,DE VILLIERS,Minor Dam,242,26.53,202.9,83.84
1409f0f3-80c3-445b-a283-4adbc5716741,05/12/2016,Dec-16,12,2016,DE VILLIERS,Minor Dam,242,26.51,202.4,83.64
db01c516-07d9-4d30-8fd6-fb1ccddc55a9,06/12/2016,Dec-16,12,2016,DE VILLIERS,Minor Dam,242,26.31,197.3,81.53
5f8747b6-304c-45de-999b-fc0e83b96aa1,07/12/2016,Dec-16,12,2016,DE VILLIERS,Minor Dam,242,26.22,195,80.58
b0cd280c-e4dc-4d86-8d6c-746b23937089,08/12/2016,Dec-16,12,2016,DE VILLIERS,Minor Dam,242,26.12,192.5,79.55
f8cba406-ecf1-47c9-95cf-3473097f05f8,09/12/2016,Dec-16,12,2016,DE VILLIERS,Minor Dam,242,26.02,190.1,78.55
02b8a216-853d-4c8d-914f-167881b24263,10/12/2016,Dec-16,12,2016,DE VILLIERS,Minor Dam,242,26.08,191.6,79.17
43ec4a1e-8258-4931-9546-c14eda3408aa,11/12/2016,Dec-16,12,2016,DE VILLIERS,Minor Dam,242,26.09,191.8,79.26
c950c5a0-fae8-46c8-aaa0-2d0b544a21e6,12/12/2016,Dec-16,12,2016,DE VILLIERS,Minor Dam,242,26.05,190.8,78.84
af0ba211-d0ca-4c10-9df5-e7d0a357b4ce,13/12/2016,Dec-16,12,2016,DE VILLIERS,Minor Dam,242,26.03,190.4,78.68
e1cd9c7c-21ac-49f9-ae2d-cddce63a6f84,14/12/2016,Dec-16,12,2016,DE VILLIERS,Minor Dam,242,25.95,188.4,77.85
22969a36-ac3d-496c-90b9-6ded414226b5,15/12/2016,Dec-16,12,2016,DE VILLIERS,Minor Dam,242,25.85,186,76.86
77328eeb-d5b1-47fd-87e6-7c89c79e8569,16/12/2016,Dec-16,12,2016,DE VILLIERS,Minor Dam,242,25.78,184.3,76.16
f43836f3-d555-476a-a719-b9a5db921e40,17/12/2016,Dec-16,12,2016,DE VILLIERS,Minor Dam,242,25.7,182.4,75.37
828c090c-2912-4549-a949-0b6b36b7f178,18/12/2016,Dec-16,12,2016,DE VILLIERS,Minor Dam,242,25.7,182.4,75.37
61418e12-f428-48a0-9999-68d6dabafd5d,19/12/2016,Dec-16,12,2016,DE VILLIERS,Minor Dam,242,25.69,182.1,75.25
eeeda111-ff77-4616-a9f2-26ebcfd9b2fb,20/12/2016,Dec-16,12,2016,DE VILLIERS,Minor Dam,242,25.68,181.9,75.17
8028f93d-2bdb-421a-8ca0-ce821bd0923d,21/12/2016,Dec-16,12,2016,DE VILLIERS,Minor Dam,242,25.67,181.7,75.08
9a043c50-efd9-46d7-9099-37fec00f398b,22/12/2016,Dec-16,12,2016,DE VILLIERS,Minor Dam,242,25.65,181.2,74.88
c466f88d-7b2e-4cd4-a46c-0743de0ec876,23/12/2016,Dec-16,12,2016,DE VILLIERS,Minor Dam,242,25.63,180.7,74.67
95568dd2-dec7-4969-8ec0-31eb23081a4a,24/12/2016,Dec-16,12,2016,DE VILLIERS,Minor Dam,242,25.61,180.2,74.46
5891db70-811a-4a1e-8840-c78e21af8200,25/12/2016,Dec-16,12,2016,DE VILLIERS,Minor Dam,242,25.58,179.5,74.17
47bb0efc-f4fe-43f1-80e2-81859bad613f,26/12/2016,Dec-16,12,2016,DE VILLIERS,Minor Dam,242,25.58,179.5,74.17
d1a84a1e-6ebc-4b5a-8022-54a0bc9cdaf1,27/12/2016,Dec-16,12,2016,DE VILLIERS,Minor Dam,242,25.57,179.3,74.09
c10aefa4-a02e-4c04-8860-c0265202a9e4,28/12/2016,Dec-16,12,2016,DE VILLIERS,Minor Dam,242,25.56,179,73.97
11400ed4-5353-4f4d-b370-c773911b5179,29/12/2016,Dec-16,12,2016,DE VILLIERS,Minor Dam,242,25.55,178.8,73.88
d8278b9c-80b6-48c2-a429-36c4c74befd6,30/12/2016,Dec-16,12,2016,DE VILLIERS,Minor Dam,242,25.54,178.5,73.76
1ecdb285-ba7e-4f2f-bf1f-f80b478a8d49,31/12/2016,Dec-16,12,2016,DE VILLIERS,Minor Dam,242,25.52,178.1,73.6
9778abbf-3eb5-48be-b31a-86882b85d6f7,01/01/2017,Jan-17,1,2017,DE VILLIERS,Minor Dam,242,25.5,177.6,73.39
3ca0ba32-764a-4e81-bb44-a4edd8126ad5,02/01/2017,Jan-17,1,2017,DE VILLIERS,Minor Dam,242,25.48,177.1,73.18
c218db90-62ac-4480-8225-37befd38bf04,03/01/2017,Jan-17,1,2017,DE VILLIERS,Minor Dam,242,25.46,176.6,72.98
6c642543-d779-4863-bc3f-aa5ab09ee8ea,04/01/2017,Jan-17,1,2017,DE VILLIERS,Minor Dam,242,25.45,176.4,72.89
16de5ce5-3ea1-41ec-a4ba-f8b4c6622905,05/01/2017,Jan-17,1,2017,DE VILLIERS,Minor Dam,242,25.43,175.9,72.69
956c7752-8ea1-4197-b0a0-2200b3c95c4a,06/01/2017,Jan-17,1,2017,DE VILLIERS,Minor Dam,242,25.29,172.6,71.32
61daa240-8233-43a8-b225-1733b58485fb,07/01/2017,Jan-17,1,2017,DE VILLIERS,Minor Dam,242,25.19,170.3,70.37
0f2189ce-1ec0-4d4e-83b3-d4bc98abbde2,08/01/2017,Jan-17,1,2017,DE VILLIERS,Minor Dam,242,25.05,167,69.01
66d4eb5d-ae1e-49fb-90b9-b3b87b21d33f,09/01/2017,Jan-17,1,2017,DE VILLIERS,Minor Dam,242,24.9,163.6,67.6
eb76db41-b8b8-4d59-a0fb-4116faba72ee,10/01/2017,Jan-17,1,2017,DE VILLIERS,Minor Dam,242,24.75,160.3,66.24
bb648641-17d7-4f25-aad5-7eab15f94e21,11/01/2017,Jan-17,1,2017,DE VILLIERS,Minor Dam,242,24.73,159.9,66.07
d134e166-7c86-44da-9458-f5e96239e154,12/01/2017,Jan-17,1,2017,DE VILLIERS,Minor Dam,242,24.71,159.4,65.87
32c18f4f-2f17-45bc-a762-5002fe7b1afd,13/01/2017,Jan-17,1,2017,DE VILLIERS,Minor Dam,242,24.7,159.2,65.79
e70b7839-0c9c-4941-8980-c7b9f6715803,14/01/2017,Jan-17,1,2017,DE VILLIERS,Minor Dam,242,24.68,158.8,65.62
538d95c0-71c2-48af-bd87-88307a95f1bc,15/01/2017,Jan-17,1,2017,DE VILLIERS,Minor Dam,242,24.66,158.4,65.45
f50ef6e4-eab2-4e76-9219-caf50e02ba78,16/01/2017,Jan-17,1,2017,DE VILLIERS,Minor Dam,242,24.64,157.9,65.25
ccdb460c-6154-406b-9b8a-fc0ce8b7439e,17/01/2017,Jan-17,1,2017,DE VILLIERS,Minor Dam,242,24.62,157.5,65.08
85cf5021-e963-42c2-8be2-a1d8d2bc18f2,18/01/2017,Jan-17,1,2017,DE VILLIERS,Minor Dam,242,24.6,157.1,64.92
d00e36d5-9bc8-4977-8e58-a423e3aa9837,19/01/2017,Jan-17,1,2017,DE VILLIERS,Minor Dam,242,24.58,156.6,64.71
459d87d1-f514-45db-9d12-9c7e030f306f,20/01/2017,Jan-17,1,2017,DE VILLIERS,Minor Dam,242,24.56,156.2,64.55
fe52c43e-82c4-4350-86c3-b7566ef1c52a,21/01/2017,Jan-17,1,2017,DE VILLIERS,Minor Dam,242,24.55,156,64.46
b8269dd4-4bab-4b5f-bd74-6bbc9edb4ab9,22/01/2017,Jan-17,1,2017,DE VILLIERS,Minor Dam,242,24.53,155.6,64.3
a3b45b09-092f-46a4-ad9d-20b06958bcdf,23/01/2017,Jan-17,1,2017,DE VILLIERS,Minor Dam,242,24.51,155.1,64.09
fc535567-e21c-48a5-be5b-58fa291400ff,24/01/2017,Jan-17,1,2017,DE VILLIERS,Minor Dam,242,24.49,154.7,63.93
c2813af8-098d-4101-b4cb-5bff640e3193,25/01/2017,Jan-17,1,2017,DE VILLIERS,Minor Dam,242,24.47,154.3,63.76
6c5a6963-605b-4d2e-a8d9-85f7bc600adb,26/01/2017,Jan-17,1,2017,DE VILLIERS,Minor Dam,242,24.47,154.3,63.76
bd7d2d38-4cbd-4bd5-badc-d6f4609981e4,27/01/2017,Jan-17,1,2017,DE VILLIERS,Minor Dam,242,24.43,153.4,63.39
8c41174c-6e28-4fa1-bf32-c7e3c1e058f9,28/01/2017,Jan-17,1,2017,DE VILLIERS,Minor Dam,242,24.44,153.6,63.47
1f95daf3-4a41-4fea-8c7a-3d18ffe5bc3b,29/01/2017,Jan-17,1,2017,DE VILLIERS,Minor Dam,242,24.43,153.4,63.39
f969df72-279a-44f0-b4de-ad0d8c443d59,30/01/2017,Jan-17,1,2017,DE VILLIERS,Minor Dam,242,24.41,153,63.22
f2925ede-e428-49f4-ba29-3a85b19057bd,31/01/2017,Jan-17,1,2017,DE VILLIERS,Minor Dam,242,24.42,153.2,63.31
14c4209f-8ca6-4e62-9db7-0e7653332278,01/02/2017,Feb-17,2,2017,DE VILLIERS,Minor Dam,242,24.4,152.8,63.14
7076fdc9-80cb-4e3a-98e0-73ed4d5919fc,02/02/2017,Feb-17,2,2017,DE VILLIERS,Minor Dam,242,24.38,152.4,62.98
79f076bf-8e68-4eee-8f25-adab621603fa,03/02/2017,Feb-17,2,2017,DE VILLIERS,Minor Dam,242,24.36,151.95,62.79
d22c7721-abec-431b-a380-7a6f34e07109,04/02/2017,Feb-17,2,2017,DE VILLIERS,Minor Dam,242,24.34,151.53,62.62
b7a18985-f484-427f-9785-0ae4f9945e03,05/02/2017,Feb-17,2,2017,DE VILLIERS,Minor Dam,242,24.33,151.33,62.53
8e015d9d-77a4-4737-a291-4a9f779769d0,06/02/2017,Feb-17,2,2017,DE VILLIERS,Minor Dam,242,24.33,151.33,62.53
35ee6fc9-f411-497b-b764-23b3c6edacb1,07/02/2017,Feb-17,2,2017,DE VILLIERS,Minor Dam,242,24.31,150.91,62.36
b06a73f9-6a07-4826-acd5-07d3694276ec,08/02/2017,Feb-17,2,2017,DE VILLIERS,Minor Dam,242,24.3,150.71,62.28
9e836383-9b81-4d2d-a209-a38e16b34b5c,09/02/2017,Feb-17,2,2017,DE VILLIERS,Minor Dam,242,24.28,150.3,62.11
9c4dfccf-29b5-4858-89f4-6fb928838ce4,10/02/2017,Feb-17,2,2017,DE VILLIERS,Minor Dam,242,24.14,147.42,60.92
d42d822b-4ee7-4be9-a4f0-9c08dc5e10d7,11/02/2017,Feb-17,2,2017,DE VILLIERS,Minor Dam,242,24.02,144.99,59.91
530b1ce2-9a6e-400a-a7b8-500727e0a0d6,12/02/2017,Feb-17,2,2017,DE VILLIERS,Minor Dam,242,23.9,142.58,58.92
d625453a-00d4-4b88-ad5b-d72a208c5576,13/02/2017,Feb-17,2,2017,DE VILLIERS,Minor Dam,242,23.7,138.66,57.3
1dbe9fec-7e2c-4e76-910f-bf68724aed76,14/02/2017,Feb-17,2,2017,DE VILLIERS,Minor Dam,242,23.58,136.37,56.35
365d6ad4-9dbf-4776-be69-2590ac7e10c7,15/02/2017,Feb-17,2,2017,DE VILLIERS,Minor Dam,242,23.46,134.1,55.41
253fc533-c8cd-4f8a-8715-3296a557f161,16/02/2017,Feb-17,2,2017,DE VILLIERS,Minor Dam,242,23.4,132.98,54.95
73ea9762-d943-4dc6-aae3-ea36f47a4287,17/02/2017,Feb-17,2,2017,DE VILLIERS,Minor Dam,242,23.35,132.06,54.57
e6c7b67e-fa6e-4ad2-9db7-e98a0acaa16f,18/02/2017,Feb-17,2,2017,DE VILLIERS,Minor Dam,242,23.32,131.5,54.34
6ee5885f-56e6-453d-8899-09cf75cec3a5,19/02/2017,Feb-17,2,2017,DE VILLIERS,Minor Dam,242,23.3,131.14,54.19
f4db802f-1ff0-43fd-916a-a72448f02ae2,20/02/2017,Feb-17,2,2017,DE VILLIERS,Minor Dam,242,23.27,130.58,53.96
9e3ab26e-09d1-4bcb-940b-f927e22f90b8,21/02/2017,Feb-17,2,2017,DE VILLIERS,Minor Dam,242,23.25,130.21,53.81
f4cb6e4d-0fe5-4456-82ea-5a3781922903,22/02/2017,Feb-17,2,2017,DE VILLIERS,Minor Dam,242,23.23,129.84,53.65
83e84bb9-8394-4368-a9ce-5288d37f00d7,23/02/2017,Feb-17,2,2017,DE VILLIERS,Minor Dam,242,23.2,129.28,53.42
9ebf2e38-609c-4953-9aed-6268b44a972b,24/02/2017,Feb-17,2,2017,DE VILLIERS,Minor Dam,242,23.17,128.74,53.2
1b09232c-0332-4085-8654-ba4d910bb811,25/02/2017,Feb-17,2,2017,DE VILLIERS,Minor Dam,242,23.14,128.19,52.97
45c04d01-b876-4cae-b84e-211cb5adf4e3,26/02/2017,Feb-17,2,2017,DE VILLIERS,Minor Dam,242,23.11,127.64,52.74
cf2d275a-da1c-4fe8-9b7f-a04dc6076f80,27/02/2017,Feb-17,2,2017,DE VILLIERS,Minor Dam,242,23.09,127.28,52.6
0e1f4e44-4a79-4c9b-8b68-2eb9f650d00c,28/02/2017,Feb-17,2,2017,DE VILLIERS,Minor Dam,242,23.07,126.91,52.44
ba0a3edd-96ee-4652-b85c-4ff8ea896fb3,01/03/2017,Mar-17,3,2017,DE VILLIERS,Minor Dam,242,23.04,126.37,52.22
02eee6df-d13c-425b-a6f0-cda9a38b687b,02/03/2017,Mar-17,3,2017,DE VILLIERS,Minor Dam,242,23.01,125.8,51.98
15734610-2def-464d-a450-9a4c366e2dee,03/03/2017,Mar-17,3,2017,DE VILLIERS,Minor Dam,242,22.99,125.45,51.84
954a0db7-55d9-4790-97ef-78a4f18c3983,04/03/2017,Mar-17,3,2017,DE VILLIERS,Minor Dam,242,22.97,125.09,51.69
5577b09a-bcd7-4c47-87e1-f948f3c3b41c,05/03/2017,Mar-17,3,2017,DE VILLIERS,Minor Dam,242,22.97,125.09,51.69
4ca4a100-2d75-4e8b-8d91-ae819e7eb727,06/03/2017,Mar-17,3,2017,DE VILLIERS,Minor Dam,242,22.93,124.36,51.39
89a862f0-188c-435d-8025-a36dc018691a,07/03/2017,Mar-17,3,2017,DE VILLIERS,Minor Dam,242,22.91,124,51.24
92ce4dc4-17c7-43a0-84e9-b6ba4a1f075a,08/03/2017,Mar-17,3,2017,DE VILLIERS,Minor Dam,242,22.89,123.64,51.09
81d36a28-8112-4fec-8866-41238ec59ff3,09/03/2017,Mar-17,3,2017,DE VILLIERS,Minor Dam,242,22.87,123.28,50.94
0b6e4e1f-b1bc-457d-87ab-f5885211e5e5,10/03/2017,Mar-17,3,2017,DE VILLIERS,Minor Dam,242,22.85,122.93,50.8
1bc5deba-4e22-44e0-8841-6c36a863f3b4,11/03/2017,Mar-17,3,2017,DE VILLIERS,Minor Dam,242,22.83,122.57,50.65
6b6ffd05-12f1-47df-8f65-f286f2c415d0,12/03/2017,Mar-17,3,2017,DE VILLIERS,Minor Dam,242,22.81,122.22,50.5
7392e07a-e4f3-4e31-b71f-559336d4c4b9,13/03/2017,Mar-17,3,2017,DE VILLIERS,Minor Dam,242,22.79,121.86,50.36
711292cd-c6ed-4aca-9a53-f6b4a162a7fa,14/03/2017,Mar-17,3,2017,DE VILLIERS,Minor Dam,242,22.77,121.51,50.21
1dcb0b79-b5c2-46c9-b4c0-7f5aa701a0a1,15/03/2017,Mar-17,3,2017,DE VILLIERS,Minor Dam,242,22.75,121.16,50.07
41b0ec5f-83f4-47b8-ba2f-3aa6de89de72,16/03/2017,Mar-17,3,2017,DE VILLIERS,Minor Dam,242,22.75,121.16,50.07
33a7af89-c733-4851-902b-76dac63b6285,17/03/2017,Mar-17,3,2017,DE VILLIERS,Minor Dam,242,22.73,120.81,49.92
ffd84101-1e0c-4802-bf3d-5e35f73582f8,18/03/2017,Mar-17,3,2017,DE VILLIERS,Minor Dam,242,22.71,120.45,49.77
9c8453d6-7219-49fa-abaa-1e0831c0a7ac,19/03/2017,Mar-17,3,2017,DE VILLIERS,Minor Dam,242,22.7,120.28,49.7
c447999c-05db-4174-adca-e121882927a2,20/03/2017,Mar-17,3,2017,DE VILLIERS,Minor Dam,242,22.68,119.93,49.56
5264584e-1487-4a54-95b7-1b1623f4c3de,21/03/2017,Mar-17,3,2017,DE VILLIERS,Minor Dam,242,22.66,119.58,49.41
5800d88d-29bb-4cd7-9d2d-3677436b9403,22/03/2017,Mar-17,3,2017,DE VILLIERS,Minor Dam,242,22.64,119.22,49.26
c7f4c814-cdcb-4e3f-a349-304be1b53f31,23/03/2017,Mar-17,3,2017,DE VILLIERS,Minor Dam,242,22.62,118.87,49.12
1124b57f-66f8-41e5-9de0-1799e8b47300,24/03/2017,Mar-17,3,2017,DE VILLIERS,Minor Dam,242,22.6,118.52,48.98
ec587146-bb7b-4da4-9daf-595157c601ac,25/03/2017,Mar-17,3,2017,DE VILLIERS,Minor Dam,242,22.61,118.7,49.05
7ab1ed2f-822b-4831-a16a-106cc09fb6ae,26/03/2017,Mar-17,3,2017,DE VILLIERS,Minor Dam,242,22.6,118.52,48.98
84b1906b-5932-491a-8c5a-f4e564d23a3f,27/03/2017,Mar-17,3,2017,DE VILLIERS,Minor Dam,242,22.58,118.17,48.83
aba577b6-b048-428c-82f1-6a0e063b01fc,28/03/2017,Mar-17,3,2017,DE VILLIERS,Minor Dam,242,22.56,117.82,48.69
a249ac50-0247-433a-ad99-7db866d6eee5,29/03/2017,Mar-17,3,2017,DE VILLIERS,Minor Dam,242,22.49,116.59,48.18
5a9bcad3-527e-48ea-aa12-df99e2169e77,30/03/2017,Mar-17,3,2017,DE VILLIERS,Minor Dam,242,22.45,115.89,47.89
939837f0-415c-4894-b23f-815be63c63d7,31/03/2017,Mar-17,3,2017,DE VILLIERS,Minor Dam,242,22.42,115.37,47.67
052d38b6-b733-458f-ba68-01ec30ceb19b,01/04/2017,Apr-17,4,2017,DE VILLIERS,Minor Dam,242,22.42,115.37,47.67
161d723a-a485-4255-aed4-9f28c1451322,02/04/2017,Apr-17,4,2017,DE VILLIERS,Minor Dam,242,22.42,115.37,47.67
51c25950-de9a-438b-b6f4-3b726f71e29f,03/04/2017,Apr-17,4,2017,DE VILLIERS,Minor Dam,242,22.44,115.72,47.82
de2c98e3-a39a-4340-b396-1f94ff5fb2fb,04/04/2017,Apr-17,4,2017,DE VILLIERS,Minor Dam,242,22.4,115.02,47.53
b66c1981-0602-442a-b6f2-2cedcc2cf163,05/04/2017,Apr-17,4,2017,DE VILLIERS,Minor Dam,242,22.39,114.85,47.46
71d70462-e1ca-4eb7-8c82-df1c793a5b12,06/04/2017,Apr-17,4,2017,DE VILLIERS,Minor Dam,242,22.38,114.67,47.38
304d7167-91eb-4936-906e-c11ecf960065,07/04/2017,Apr-17,4,2017,DE VILLIERS,Minor Dam,242,22.36,114.33,47.24
0f17bc39-2427-4f25-b4f5-124a1967a3e6,08/04/2017,Apr-17,4,2017,DE VILLIERS,Minor Dam,242,22.33,113.8,47.02
2cdc9861-54cf-47dc-8fbf-99d21761a0b3,09/04/2017,Apr-17,4,2017,DE VILLIERS,Minor Dam,242,22.3,113.28,46.81
0d0b9450-41be-432f-b7dc-17f00c675d6e,10/04/2017,Apr-17,4,2017,DE VILLIERS,Minor Dam,242,22.28,112.94,46.67
31559393-c56e-4d65-a32d-2ac393341ffa,11/04/2017,Apr-17,4,2017,DE VILLIERS,Minor Dam,242,22.27,112.76,46.6
df42c4c1-1d97-4e29-8d16-31fa51b3ddfe,12/04/2017,Apr-17,4,2017,DE VILLIERS,Minor Dam,242,22.26,112.59,46.52
fadbae77-441d-4723-84ed-5f9b11be2664,13/04/2017,Apr-17,4,2017,DE VILLIERS,Minor Dam,242,22.23,112.08,46.31
118714e6-641f-4ee1-8663-51e95a79fe5d,14/04/2017,Apr-17,4,2017,DE VILLIERS,Minor Dam,242,22.24,112.25,46.38
36d92420-1251-44b6-b15c-06dce87168ed,15/04/2017,Apr-17,4,2017,DE VILLIERS,Minor Dam,242,22.24,112.25,46.38
7e133495-1d8e-4354-9410-fe6b1de4d2c7,16/04/2017,Apr-17,4,2017,DE VILLIERS,Minor Dam,242,22.23,112.08,46.31
da24b00e-dac7-4163-a1a6-389d83d2a7be,17/04/2017,Apr-17,4,2017,DE VILLIERS,Minor Dam,242,22.21,111.73,46.17
3798a713-deb1-4b33-a782-f7e41334c2f6,18/04/2017,Apr-17,4,2017,DE VILLIERS,Minor Dam,242,22.19,111.39,46.03
676fc981-f3dd-439e-86e1-7a4baa71c77e,19/04/2017,Apr-17,4,2017,DE VILLIERS,Minor Dam,242,22.17,111.04,45.88
b57aa4f5-937c-4f6b-9540-9af1eba85190,20/04/2017,Apr-17,4,2017,DE VILLIERS,Minor Dam,242,22.15,110.7,45.74
bf7b549a-14e3-4a3e-ad3a-c062a8198923,21/04/2017,Apr-17,4,2017,DE VILLIERS,Minor Dam,242,22.13,110.36,45.6
bf9976e0-e339-47a9-bbe1-1f72bfefdf38,22/04/2017,Apr-17,4,2017,DE VILLIERS,Minor Dam,242,22.11,110.01,45.46
1ded1821-caa7-4f33-842f-0d2c061b1e76,23/04/2017,Apr-17,4,2017,DE VILLIERS,Minor Dam,242,22.1,109.84,45.39
b31e89a1-79c5-4972-b2a1-0f42f562c7d1,24/04/2017,Apr-17,4,2017,DE VILLIERS,Minor Dam,242,22.09,109.67,45.32
dbff1550-337d-429b-a5c4-09739f6b39c4,25/04/2017,Apr-17,4,2017,DE VILLIERS,Minor Dam,242,22.07,109.33,45.18
dbcf2a58-8443-4039-9145-c63fc936805e,26/04/2017,Apr-17,4,2017,DE VILLIERS,Minor Dam,242,22.04,108.81,44.96
30adfd9f-a1fa-467c-8b9c-b2a3930e0ccc,27/04/2017,Apr-17,4,2017,DE VILLIERS,Minor Dam,242,22.02,108.47,44.82
eeaff182-3f68-4362-85e2-53c78ff3e0c0,28/04/2017,Apr-17,4,2017,DE VILLIERS,Minor Dam,242,22,108.12,44.68
86385373-f727-4a24-b0bb-650e8dc3429d,29/04/2017,Apr-17,4,2017,DE VILLIERS,Minor Dam,242,21.99,107.96,44.61
e9a9dc1e-1ea6-4bc2-9dec-fc5e839f67ac,30/04/2017,Apr-17,4,2017,DE VILLIERS,Minor Dam,242,21.98,107.79,44.54
88eb02db-b62a-4b88-98e6-6cfaa453ac68,01/05/2017,May-17,5,2017,DE VILLIERS,Minor Dam,242,21.96,107.46,44.4
cc66b91a-7dff-4592-9598-767685f3a9e0,02/05/2017,May-17,5,2017,DE VILLIERS,Minor Dam,242,21.95,107.29,44.33
7535d4b5-e557-42b9-9366-b2c6a3967070,03/05/2017,May-17,5,2017,DE VILLIERS,Minor Dam,242,21.92,106.79,44.13
09c9afc9-54f4-4cef-a0a5-76348765409e,04/05/2017,May-17,5,2017,DE VILLIERS,Minor Dam,242,21.9,106.46,43.99
908703dd-9ff0-41c4-9ef9-33f2a89f061c,05/05/2017,May-17,5,2017,DE VILLIERS,Minor Dam,242,21.88,106.14,43.86
aef0928a-d54d-4e08-8fd5-f41d1e03fa3e,06/05/2017,May-17,5,2017,DE VILLIERS,Minor Dam,242,21.87,105.98,43.79
212c5eef-d36b-42e4-89b7-a0de6a9f82de,07/05/2017,May-17,5,2017,DE VILLIERS,Minor Dam,242,21.86,105.82,43.73
3a59c57a-23b4-43a9-ada3-0fc0018a959d,08/08/2017,Aug-17,8,2017,DE VILLIERS,Minor Dam,242,21.84,105.5,43.6
a3e6770d-0ea6-4f1b-a19c-26ee60fbc36f,09/05/2017,May-17,5,2017,DE VILLIERS,Minor Dam,242,21.82,105.17,43.46
668a77b5-0caf-49b7-8d25-2bbd2f521799,10/05/2017,May-17,5,2017,DE VILLIERS,Minor Dam,242,21.79,104.69,43.26
18cdcd02-2b92-49f6-8afc-e2a2175c96f3,11/05/2017,May-17,5,2017,DE VILLIERS,Minor Dam,242,21.77,104.37,43.13
9c5fe5a8-790b-4589-95ab-24f072129b9a,12/05/2017,May-17,5,2017,DE VILLIERS,Minor Dam,242,21.76,104.21,43.06
40cfd6c1-c59c-456b-b4de-fe328f2b4749,13/05/2017,May-17,5,2017,DE VILLIERS,Minor Dam,242,21.76,104.21,43.06
6979909f-2502-41aa-b912-6c7d36178174,14/05/2017,May-17,5,2017,DE VILLIERS,Minor Dam,242,21.74,103.89,42.93
3c010685-443b-411f-9469-3c7f623a95d8,15/05/2017,May-17,5,2017,DE VILLIERS,Minor Dam,242,21.72,103.57,42.8
1f0e8158-7d34-4ed5-8848-a3bb70c91823,16/05/2017,May-17,5,2017,DE VILLIERS,Minor Dam,242,21.71,103.4,42.73
64efa24e-ecbc-4f2f-b933-40e9e9126c71,17/05/2017,May-17,5,2017,DE VILLIERS,Minor Dam,242,21.71,103.4,42.73
beed56d6-40f1-4074-9a55-63deae4ba894,18/05/2017,May-17,5,2017,DE VILLIERS,Minor Dam,242,21.68,102.93,42.53
649673d3-eb87-4715-8659-bc3c9d894b75,19/05/2017,May-17,5,2017,DE VILLIERS,Minor Dam,242,21.66,102.61,42.4
205e68fd-cfd6-4c80-b9ee-53f324adb9ac,20/05/2017,May-17,5,2017,DE VILLIERS,Minor Dam,242,21.64,102.29,42.27
9642c359-deae-406c-b94f-fe3f4f5f9a72,21/05/2017,May-17,5,2017,DE VILLIERS,Minor Dam,242,21.62,101.97,42.14
8b991016-07e9-4cb6-835f-c33e63651583,22/05/2017,May-17,5,2017,DE VILLIERS,Minor Dam,242,21.62,101.97,42.14
b0b0eb31-98c5-4f70-9359-6315f120f6e0,23/05/2017,May-17,5,2017,DE VILLIERS,Minor Dam,242,21.6,101.65,42
cc3db2e7-cbde-4563-b5c7-75ecea93bfd9,24/05/2017,May-17,5,2017,DE VILLIERS,Minor Dam,242,21.58,101.34,41.88
060916b4-3877-4231-9862-1ea188e17e7b,25/05/2017,May-17,5,2017,DE VILLIERS,Minor Dam,242,21.56,101.03,41.75
1b3d8578-afd4-490b-bec3-184d325d34e5,26/05/2017,May-17,5,2017,DE VILLIERS,Minor Dam,242,21.54,100.71,41.62
b3bfc042-86f9-493d-9e26-016d5fbc43d3,27/05/2017,May-17,5,2017,DE VILLIERS,Minor Dam,242,21.54,100.71,41.62
843881d6-a87f-4e60-9050-9bab7c4cd36a,28/05/2017,May-17,5,2017,DE VILLIERS,Minor Dam,242,21.56,101.03,41.75
5d684e71-f967-411c-8b9d-7cfaac43d536,29/05/2017,May-17,5,2017,DE VILLIERS,Minor Dam,242,21.57,101.18,41.81
fc9643f4-0ac3-4a2b-a9f2-9bb98e7241e5,30/05/2017,May-17,5,2017,DE VILLIERS,Minor Dam,242,21.54,100.71,41.62
118f6d1b-e69b-4482-88ca-050240361557,31/05/2017,May-17,5,2017,DE VILLIERS,Minor Dam,242,21.52,100.4,41.49
890ee39c-a8e6-41e5-9add-57e4ceacac3b,01/06/2017,Jun-17,6,2017,DE VILLIERS,Minor Dam,242,21.49,99.93,41.29
2b650f60-2031-4e7f-833f-e2dc1f42ea61,02/06/2017,Jun-17,6,2017,DE VILLIERS,Minor Dam,242,21.46,99.46,41.1
ddf06c75-6db2-4a7f-8a86-8a40f6e48e5f,03/06/2017,Jun-17,6,2017,DE VILLIERS,Minor Dam,242,21.43,98.99,40.9
67781896-431f-4ae4-9f6c-ef73a9237204,04/06/2017,Jun-17,6,2017,DE VILLIERS,Minor Dam,242,21.38,98.21,40.58
0cbd2abf-e001-4949-aa0d-4bcdacd3612a,05/06/2017,Jun-17,6,2017,DE VILLIERS,Minor Dam,242,21.38,98.21,40.58
826fc395-4802-49f0-bfeb-7352d56ad949,06/06/2017,Jun-17,6,2017,DE VILLIERS,Minor Dam,242,21.36,97.9,40.45
ec621f28-3902-4880-b911-aa0db7dec528,07/06/2017,Jun-17,6,2017,DE VILLIERS,Minor Dam,242,21.34,97.59,40.33
d2321272-541d-4984-87b7-68fcb5978ac1,08/06/2017,Jun-17,6,2017,DE VILLIERS,Minor Dam,242,21.36,97.9,40.45
0c45a530-aea8-40ef-8950-074b8a523131,09/06/2017,Jun-17,6,2017,DE VILLIERS,Minor Dam,242,21.42,98.83,40.84
baca791b-d4d3-4745-9fad-e9615c03c1c6,10/06/2017,Jun-17,6,2017,DE VILLIERS,Minor Dam,242,21.47,99.62,41.17
89db67e2-59c7-4e77-af74-de206c0a3d46,11/06/2017,Jun-17,6,2017,DE VILLIERS,Minor Dam,242,21.47,99.62,41.17
33cafdec-c51f-4ab1-bb25-201581ffdb50,12/06/2017,Jun-17,6,2017,DE VILLIERS,Minor Dam,242,21.55,100.87,41.68
280d4601-2b83-4852-af2e-a84b3148bbad,13/06/2017,Jun-17,6,2017,DE VILLIERS,Minor Dam,242,21.6,101.65,42
e6cc9b15-5191-4fb4-b5de-291f440d06c6,14/06/2017,Jun-17,6,2017,DE VILLIERS,Minor Dam,242,22.24,112.25,46.38
9afbe4d5-2f78-4c6f-a746-aebbd809555f,15/06/2017,Jun-17,6,2017,DE VILLIERS,Minor Dam,242,22.61,118.7,49.05
a3478c0a-3d8a-4ee9-975a-b8b42edf432e,16/06/2017,Jun-17,6,2017,DE VILLIERS,Minor Dam,242,22.76,121.33,50.14
be3146ac-51cf-4364-8fd2-1253336c7005,17/06/2017,Jun-17,6,2017,DE VILLIERS,Minor Dam,242,22.87,123.28,50.94
e81592fc-d46d-4bc3-9b68-7799308c5608,18/06/2017,Jun-17,6,2017,DE VILLIERS,Minor Dam,242,22.44,115.72,47.82
08c7d58b-0e80-48e9-857f-1bb2628d311b,19/06/2017,Jun-17,6,2017,DE VILLIERS,Minor Dam,242,23.04,126.37,52.22
934b43c4-9f5b-4347-9a25-9546983b7254,20/06/2017,Jun-17,6,2017,DE VILLIERS,Minor Dam,242,23.06,126.73,52.37
05cf837c-39f3-4d79-baa9-ab268cebc8bd,21/06/2017,Jun-17,6,2017,DE VILLIERS,Minor Dam,242,23.24,130.02,53.73
eb843bff-0000-4ce7-b04c-f851f2504346,22/06/2017,Jun-17,6,2017,DE VILLIERS,Minor Dam,242,23.28,130.76,54.03
cd4422e1-c304-457a-9981-41a3a2fba347,23/06/2017,Jun-17,6,2017,DE VILLIERS,Minor Dam,242,23.5,134.85,55.72
d36efc06-635c-4bfc-a5ff-12b7d28f4c14,24/06/2017,Jun-17,6,2017,DE VILLIERS,Minor Dam,242,23.7,138.66,57.3
1e399231-a2ad-4396-84ef-a168e3494c80,25/06/2017,Jun-17,6,2017,DE VILLIERS,Minor Dam,242,23.8,140.59,58.1
c143aae0-6dda-4715-b6d9-57f93c8ed412,26/06/2017,Jun-17,6,2017,DE VILLIERS,Minor Dam,242,23.79,140.4,58.02
9bc73015-1fa5-41a8-9841-71de9215b372,27/06/2017,Jun-17,6,2017,DE VILLIERS,Minor Dam,242,23.79,140.4,58.02
b34ec43c-7e42-4a65-b28b-77dcbeb80479,28/06/2017,Jun-17,6,2017,DE VILLIERS,Minor Dam,242,23.78,140.21,57.94
c5e615cd-8195-447e-b38b-4fb61f18f2a0,29/06/2017,Jun-17,6,2017,DE VILLIERS,Minor Dam,242,23.83,141.19,58.34
c9e72f21-4086-4f60-984a-40e60855758d,30/06/2017,Jun-17,6,2017,DE VILLIERS,Minor Dam,242,23.83,141.19,58.34
bbc628e0-a045-4ce6-8ce2-024c915306a9,01/07/2017,Jul-17,7,2017,DE VILLIERS,Minor Dam,242,23.85,141.59,58.51
1374d7b4-2d70-4905-8f02-163fc9d90f2a,02/07/2017,Jul-17,7,2017,DE VILLIERS,Minor Dam,242,24,144.58,59.74
55d5c904-6dda-4380-a341-ed649fe5ac31,03/07/2017,Jul-17,7,2017,DE VILLIERS,Minor Dam,242,24.03,145.19,60
8d332e63-5598-448c-99cd-d49a3401d535,04/07/2017,Jul-17,7,2017,DE VILLIERS,Minor Dam,242,24.13,147.21,60.83
c3ba6417-82e8-43af-bc2e-0a0286937461,05/07/2017,Jul-17,7,2017,DE VILLIERS,Minor Dam,242,24.16,147.83,61.09
191f0f0b-e40c-49f1-81bc-ea0f2d874341,06/07/2017,Jul-17,7,2017,DE VILLIERS,Minor Dam,242,24.2,148.65,61.43
b69be6b7-86e7-4657-8f67-e0c6709f2f7d,07/07/2017,Jul-17,7,2017,DE VILLIERS,Minor Dam,242,24.18,148.24,61.26
f558a930-ebe6-43f9-af25-7bb4184b52e1,08/07/2017,Jul-17,7,2017,DE VILLIERS,Minor Dam,242,24.17,148.03,61.17
5bc35b4d-2d1c-4694-a33f-ae82bbb50872,09/07/2017,Jul-17,7,2017,DE VILLIERS,Minor Dam,242,24.17,148.03,61.17
71ebe605-a192-4eeb-8afb-88305d4be4b4,10/07/2017,Jul-17,7,2017,DE VILLIERS,Minor Dam,242,24.2,148.65,61.43
2bb2b5f8-1d19-4049-949f-8a706219326b,11/07/2017,Jul-17,7,2017,DE VILLIERS,Minor Dam,242,24.24,149.47,61.76
096a3548-1efb-4d96-867f-848bbd53fa4a,12/07/2017,Jul-17,7,2017,DE VILLIERS,Minor Dam,242,24.27,150.09,62.02
d305a61a-c40b-445d-9e42-01217afb44ca,13/07/2017,Jul-17,7,2017,DE VILLIERS,Minor Dam,242,24.25,149.68,61.85
6233e30b-7e60-496b-96c1-13955a8e246c,14/07/2017,Jul-17,7,2017,DE VILLIERS,Minor Dam,242,24.23,149.27,61.68
f7958b63-1846-489f-97bb-6197c12b7b1f,15/07/2017,Jul-17,7,2017,DE VILLIERS,Minor Dam,242,24.21,148.85,61.51
c3a66d13-34e7-45ba-b503-00efbca4a4f8,16/07/2017,Jul-17,7,2017,DE VILLIERS,Minor Dam,242,24.39,152.57,63.05
a260fe27-f379-41d7-a2f1-a08a988a3046,17/07/2017,Jul-17,7,2017,DE VILLIERS,Minor Dam,242,24.48,154.49,63.84
dd721c0d-5ee5-43bd-a8fc-6ffa975abf32,18/07/2017,Jul-17,7,2017,DE VILLIERS,Minor Dam,242,24.57,156.43,64.64
f29d27e3-f2bf-4115-b6e6-608002777e4f,19/07/2017,Jul-17,7,2017,DE VILLIERS,Minor Dam,242,24.6,157.07,64.9
f7b3a3f3-66c2-44cd-b09a-4733c5ed28ff,20/07/2017,Jul-17,7,2017,DE VILLIERS,Minor Dam,242,24.62,157.5,65.08
55f5b7f9-70da-4257-bdb2-eee414b05733,21/07/2017,Jul-17,7,2017,DE VILLIERS,Minor Dam,242,24.68,158.79,65.62
ae5f97e7-9911-40a2-9227-69ff252444cd,22/07/2017,Jul-17,7,2017,DE VILLIERS,Minor Dam,242,24.75,160.32,66.25
4771dad3-bc40-4569-919b-4b47fc16da9e,23/07/2017,Jul-17,7,2017,DE VILLIERS,Minor Dam,242,24.8,161.43,66.71
f44dc3c6-8656-4b7b-896b-432c04c11428,24/07/2017,Jul-17,7,2017,DE VILLIERS,Minor Dam,242,24.82,161.87,66.89
6df903c5-6bbf-4877-a027-fe270623dd3c,25/07/2017,Jul-17,7,2017,DE VILLIERS,Minor Dam,242,24.81,161.65,66.8
018a244c-1aae-4cf7-82bb-9d9540ad3164,26/07/2017,Jul-17,7,2017,DE VILLIERS,Minor Dam,242,24.78,160.98,66.52
9835ebf6-760d-4213-a0b0-f2f52360f0c1,27/07/2017,Jul-17,7,2017,DE VILLIERS,Minor Dam,242,24.81,161.65,66.8
fffa6520-b7ee-45ac-82b8-c2b5cbf51b3b,28/07/2017,Jul-17,7,2017,DE VILLIERS,Minor Dam,242,24.79,161.2,66.61
7cefafc9-1356-4ca7-9231-ceb5e4b6c173,29/07/2017,Jul-17,7,2017,DE VILLIERS,Minor Dam,242,24.8,161.43,66.71
513e7fbd-4e34-4ee3-a57a-3137044ac8d8,30/07/2017,Jul-17,7,2017,DE VILLIERS,Minor Dam,242,24.8,161.43,66.71
6daa63bc-8f4e-4f3a-a004-d8fefcd688e6,31/07/2017,Jul-17,7,2017,DE VILLIERS,Minor Dam,242,24.79,161.2,66.61
e14837bc-0f8e-4025-9cf7-ec3e8fbe755d,01/08/2017,Aug-17,8,2017,DE VILLIERS,Minor Dam,242,24.79,161.2,66.61
ce4beada-ce8f-42a1-980e-2cb6d7881504,02/08/2017,Aug-17,8,2017,DE VILLIERS,Minor Dam,242,24.85,162.53,67.16
f92cf125-755b-45c5-8bd7-6b61c5663b3a,03/08/2017,Aug-17,8,2017,DE VILLIERS,Minor Dam,242,25.05,167,69.01
43eb94b4-2d33-424e-a81b-cdc5b666603b,04/08/2017,Aug-17,8,2017,DE VILLIERS,Minor Dam,242,25.2,170.49,70.45
ae571913-5960-4e5e-8fb3-407c93ba0d87,05/08/2017,Aug-17,8,2017,DE VILLIERS,Minor Dam,242,25.24,171.42,70.83
3a834f40-7369-439c-ba41-79a2b7d736bb,06/08/2017,Aug-17,8,2017,DE VILLIERS,Minor Dam,242,25.33,173.53,71.71
42f32d4e-0efd-4c21-92ec-40dd8041603b,07/08/2017,Aug-17,8,2017,DE VILLIERS,Minor Dam,242,25.37,174.48,72.1
94ac92b6-481e-4e37-872e-bbc7779572e7,08/08/2017,Aug-17,8,2017,DE VILLIERS,Minor Dam,242,25.42,175.67,72.59
f56d223c-331d-4aa4-b796-1d0c74c467dc,09/08/2017,Aug-17,8,2017,DE VILLIERS,Minor Dam,242,25.44,176.15,72.79
5e03e63e-0966-4468-8367-7fdefdebe68f,10/08/2017,Aug-17,8,2017,DE VILLIERS,Minor Dam,242,25.45,176.39,72.89
c9c57d34-98ea-4fcf-9ad9-df3b5b1fbcf7,11/08/2017,Aug-17,8,2017,DE VILLIERS,Minor Dam,242,25.46,176.63,72.99
f9165baa-3b27-41d5-b0d1-8f6966d00662,12/08/2017,Aug-17,8,2017,DE VILLIERS,Minor Dam,242,25.53,178.3,73.68
c17716e2-6097-4923-8ce0-a05f2eeeba52,13/08/2017,Aug-17,8,2017,DE VILLIERS,Minor Dam,242,25.61,180.22,74.47
2eb640ec-f3d2-43b3-8ba4-49f6f493964e,14/08/2017,Aug-17,8,2017,DE VILLIERS,Minor Dam,242,25.65,181.18,74.87
2e19f69f-1019-4e06-a9c8-295c0ed787a5,15/08/2017,Aug-17,8,2017,DE VILLIERS,Minor Dam,242,25.68,181.9,75.17
80a2cb30-b51e-4173-bd29-eea3505b2daa,16/08/2017,Aug-17,8,2017,DE VILLIERS,Minor Dam,242,25.71,182.62,75.46
f6acb70e-997b-4339-ba9b-b69e95a28fe0,17/08/2017,Aug-17,8,2017,DE VILLIERS,Minor Dam,242,25.9,187.21,77.36
9f838a27-3576-4a25-a0ff-107aba7df4c7,18/08/2017,Aug-17,8,2017,DE VILLIERS,Minor Dam,242,26.01,189.87,78.46
d4f6e6ba-c9e8-485a-95d2-a811b93de0cd,19/08/2017,Aug-17,8,2017,DE VILLIERS,Minor Dam,242,26.06,191.08,78.96
db8d4f04-678c-44d6-bbce-ccc56284b9c3,20/08/2017,Aug-17,8,2017,DE VILLIERS,Minor Dam,242,26.09,191.81,79.26
a529535a-971c-4528-824c-05a7f2d2f32b,21/08/2017,Aug-17,8,2017,DE VILLIERS,Minor Dam,242,26.09,191.81,79.26
792db085-e7d8-4901-9fa3-3c62cf587263,22/08/2017,Aug-17,8,2017,DE VILLIERS,Minor Dam,242,26.09,191.81,79.26
573effc6-4ed9-4d53-8acc-2f27e5e01bae,23/08/2017,Aug-17,8,2017,DE VILLIERS,Minor Dam,242,26.13,192.77,79.66
5f6e9d58-eaff-4f75-bc11-e3a1d0b095a4,24/08/2017,Aug-17,8,2017,DE VILLIERS,Minor Dam,242,26.15,193.25,79.86
8689ce01-a06c-42ce-93cb-7612ab67189f,25/08/2017,Aug-17,8,2017,DE VILLIERS,Minor Dam,242,26.19,194.22,80.26
a39556a3-ef17-4faa-9d87-313bf1071335,26/08/2017,Aug-17,8,2017,DE VILLIERS,Minor Dam,242,26.22,194.97,80.57
33cf2dbb-9a80-43de-8405-faff7487fa2c,27/08/2017,Aug-17,8,2017,DE VILLIERS,Minor Dam,242,26.24,195.48,80.78
20554ede-368d-4379-a35b-dd5163412a69,28/08/2017,Aug-17,8,2017,DE VILLIERS,Minor Dam,242,26.24,195.48,80.78
b6f208c2-c298-4625-849d-41142469f096,29/08/2017,Aug-17,8,2017,DE VILLIERS,Minor Dam,242,26.26,195.98,80.98
5d13860e-829e-441a-9be0-a2d01b3d93be,30/08/2017,Aug-17,8,2017,DE VILLIERS,Minor Dam,242,26.27,196.24,81.09
f833781c-f216-4cee-8ed3-3efd56f3e9fe,31/08/2017,Aug-17,8,2017,DE VILLIERS,Minor Dam,242,26.31,197.25,81.51
58d2ec8d-ff1e-41a6-83e8-307dd69af916,01/09/2017,Sep-17,9,2017,DE VILLIERS,Minor Dam,242,26.35,198.28,81.93
cfa3ed5a-a2bd-404f-b4cb-d1af9b081eb5,02/09/2017,Sep-17,9,2017,DE VILLIERS,Minor Dam,242,26.39,199.3,82.36
922f2a0c-fe87-48d6-b9bd-3e5f4461cbda,03/09/2017,Sep-17,9,2017,DE VILLIERS,Minor Dam,242,26.38,199.05,82.25
5c07e860-2248-4f19-a177-cece09549d84,04/09/2017,Sep-17,9,2017,DE VILLIERS,Minor Dam,242,26.36,198.53,82.04
e1c75199-a3f0-47ca-b304-6593753dc6ff,05/09/2017,Sep-17,9,2017,DE VILLIERS,Minor Dam,242,26.34,198.02,81.83
57c15203-8a2b-41e3-90b0-1a4649f5e83c,06/09/2017,Sep-17,9,2017,DE VILLIERS,Minor Dam,242,26.33,197.77,81.72
5ea14256-3c38-4c70-a00b-7b89b5dff784,07/09/2017,Sep-17,9,2017,DE VILLIERS,Minor Dam,242,26.38,199.05,82.25
94e8a03d-16a6-41a1-821b-3857629d1971,08/09/2017,Sep-17,9,2017,DE VILLIERS,Minor Dam,242,26.37,198.79,82.14
d5bd856e-5191-4351-8a4a-24e72b927744,09/09/2017,Sep-17,9,2017,DE VILLIERS,Minor Dam,242,26.78,209.46,86.55
395d7235-65ec-4628-8e39-ba575b13e037,10/09/2017,Sep-17,9,2017,DE VILLIERS,Minor Dam,242,26.95,213.99,88.43
be5aea46-b750-476a-97a7-8d9397e61c17,11/09/2017,Sep-17,9,2017,DE VILLIERS,Minor Dam,242,26.95,213.99,88.43
86b55aa8-f88f-4010-94da-9c9d845f3a65,12/09/2017,Sep-17,9,2017,DE VILLIERS,Minor Dam,242,26.95,213.99,88.43
4743ff68-564d-4343-8c1a-24202847b67d,13/09/2017,Sep-17,9,2017,DE VILLIERS,Minor Dam,242,26.93,213.45,88.2
2485c83f-5a24-482d-a6fe-e13c603aa183,14/09/2017,Sep-17,9,2017,DE VILLIERS,Minor Dam,242,26.93,213.45,88.2
59758250-7f36-4268-a0d0-a9d1c0676f8b,15/09/2017,Sep-17,9,2017,DE VILLIERS,Minor Dam,242,26.94,213.72,88.31
7dfe0d1e-61ff-49f7-82ad-a10435b47b03,16/09/2017,Sep-17,9,2017,DE VILLIERS,Minor Dam,242,26.95,213.99,88.43
861abac9-5b26-49c9-a5bc-310c0054ae10,17/09/2017,Sep-17,9,2017,DE VILLIERS,Minor Dam,242,26.97,214.53,88.65
bf90508c-d181-4ed8-ac11-ec5041cda3cd,18/09/2017,Sep-17,9,2017,DE VILLIERS,Minor Dam,242,27,215.34,88.98
64f44c5e-6d78-425c-9770-50a90b385b05,19/09/2017,Sep-17,9,2017,DE VILLIERS,Minor Dam,242,27.03,216.14,89.31
42bd8048-3088-45bd-8f3c-18b73d1131f0,20/09/2017,Sep-17,9,2017,DE VILLIERS,Minor Dam,242,27.05,216.68,89.54
b7975546-e806-41ec-8a1d-9729656a9030,21/09/2017,Sep-17,9,2017,DE VILLIERS,Minor Dam,242,27.07,217.22,89.76
0feeb8cf-6c51-4a4d-a2e9-0ce06500800d,22/09/2017,Sep-17,9,2017,DE VILLIERS,Minor Dam,242,27.09,217.75,89.98
39c24d6a-455a-4b14-a27d-344ab9fac4c8,23/09/2017,Sep-17,9,2017,DE VILLIERS,Minor Dam,242,27.12,218.58,90.32
12e9b7a5-8741-431f-9fc9-c19a87ea6d9e,24/09/2017,Sep-17,9,2017,DE VILLIERS,Minor Dam,242,27.15,219.42,90.67
f2e27e6f-4a62-41e6-9644-5d6fed9b308b,25/09/2017,Sep-17,9,2017,DE VILLIERS,Minor Dam,242,27.18,220.25,91.01
69f2999b-ed26-4613-bb2c-ab520061200e,26/09/2017,Sep-17,9,2017,DE VILLIERS,Minor Dam,242,27.22,221.4,91.49
1f69a5db-83db-4049-b5da-8faa71f2a17a,27/09/2017,Sep-17,9,2017,DE VILLIERS,Minor Dam,242,27.25,222.27,91.85
234d4a98-86b3-44fd-8dca-3df3d18e7969,28/09/2017,Sep-17,9,2017,DE VILLIERS,Minor Dam,242,27.27,222.86,92.09
d1fee295-708d-4737-8bc0-f1f8892da7d0,29/09/2017,Sep-17,9,2017,DE VILLIERS,Minor Dam,242,27.29,223.44,92.33
1bd5964c-9b35-428b-a07a-00b3b9fe7845,30/09/2017,Sep-17,9,2017,DE VILLIERS,Minor Dam,242,27.3,223.74,92.45
a0c08734-ef83-46d6-9285-3bcab46496a4,01/10/2017,Oct-17,10,2017,DE VILLIERS,Minor Dam,242,27.3,223.74,92.45
79153f2b-3a21-49b8-a9a3-8096b341fa69,02/10/2017,Oct-17,10,2017,DE VILLIERS,Minor Dam,242,27.29,223.44,92.33
70136c44-a162-44ff-980e-3e0eb525be3d,03/10/2017,Oct-17,10,2017,DE VILLIERS,Minor Dam,242,27.31,224.02,92.57
9537c8b3-236d-4302-9bd7-94a29f523c2b,04/10/2017,Oct-17,10,2017,DE VILLIERS,Minor Dam,242,27.35,225.18,93.05
92b79aee-cade-48e7-87d2-70d37786ff12,05/10/2017,Oct-17,10,2017,DE VILLIERS,Minor Dam,242,27.41,226.94,93.78
2adde42d-4cc8-4dda-b1b8-6a4d111f2a52,06/10/2017,Oct-17,10,2017,DE VILLIERS,Minor Dam,242,27.43,227.58,94.04
2cb0fbfa-85b8-420a-86f9-4ba8374f7968,07/10/2017,Oct-17,10,2017,DE VILLIERS,Minor Dam,242,27.45,228.21,94.3
3910269f-367c-42cf-b6be-f1f04dceaea6,08/10/2017,Oct-17,10,2017,DE VILLIERS,Minor Dam,242,27.48,229.17,94.7
3e2b7b09-44ed-4cee-b8fd-dad72d08d0f3,09/10/2017,Oct-17,10,2017,DE VILLIERS,Minor Dam,242,27.5,229.8,94.96
fce1b114-026a-49c5-bbff-8e53f26828ad,10/10/2017,Oct-17,10,2017,DE VILLIERS,Minor Dam,242,27.5,229.8,94.96
4fbecf9f-a73a-4a80-9e6e-547a0d121b67,11/10/2017,Oct-17,10,2017,DE VILLIERS,Minor Dam,242,27.5,229.8,94.96
5c754c8b-5144-4307-ba28-c7c09f713dc2,12/10/2017,Oct-17,10,2017,DE VILLIERS,Minor Dam,242,27.49,229.47,94.82
17c08ae3-f499-44da-81f7-7c444e0186b3,13/10/2017,Oct-17,10,2017,DE VILLIERS,Minor Dam,242,27.48,229.17,94.7
f1731b25-b4c5-4609-be59-670b64b2e953,14/10/2017,Oct-17,10,2017,DE VILLIERS,Minor Dam,242,27.48,229.17,94.7
a4141f0f-0058-490b-a739-2a48241c134b,15/10/2017,Oct-17,10,2017,DE VILLIERS,Minor Dam,242,27.48,229.17,94.7
c487322c-4a27-4318-9c4a-aa5ecb045435,16/10/2017,Oct-17,10,2017,DE VILLIERS,Minor Dam,242,27.5,229.8,94.96
4a6b6bc5-9c51-472d-a152-ba9c310a39f6,17/10/2017,Oct-17,10,2017,DE VILLIERS,Minor Dam,242,27.57,232.15,95.93
961d7e23-8f2f-41e7-9418-44a8c5e932b1,18/10/2017,Oct-17,10,2017,DE VILLIERS,Minor Dam,242,27.6,233.16,96.35
f65da21d-fd7b-4428-b538-11597f37b694,19/10/2017,Oct-17,10,2017,DE VILLIERS,Minor Dam,242,27.62,233.83,96.62
9ad98530-c43a-42b7-98ca-344516fce639,20/10/2017,Oct-17,10,2017,DE VILLIERS,Minor Dam,242,27.66,235.17,97.18
3e238c2b-5556-42a0-8b2b-2eaa228c90b3,21/10/2017,Oct-17,10,2017,DE VILLIERS,Minor Dam,242,27.67,235.5,97.31
38bb28b6-4d89-4242-a1ef-7b2f89bfc506,22/10/2017,Oct-17,10,2017,DE VILLIERS,Minor Dam,242,27.7,236.51,97.73
d69b8a60-e79a-4338-a06e-f7d307a624ce,23/10/2017,Oct-17,10,2017,DE VILLIERS,Minor Dam,242,27.72,237.36,98.08
62146e1f-6648-4c7a-bf00-6a3bf49eb378,24/10/2017,Oct-17,10,2017,DE VILLIERS,Minor Dam,242,27.74,238.2,98.43
f4960f89-efdc-4f6f-a76e-0c793fccc22c,25/10/2017,Oct-17,10,2017,DE VILLIERS,Minor Dam,242,27.74,238.2,98.43
a1531e01-3c3a-4e2f-ad55-167f0a0cd397,26/10/2017,Oct-17,10,2017,DE VILLIERS,Minor Dam,242,27.71,236.93,97.9
5aec6723-d405-479a-b820-34dc39de95fe,27/10/2017,Oct-17,10,2017,DE VILLIERS,Minor Dam,242,27.76,239.05,98.78
8e1c117e-243d-4fb0-8e8c-d545191b823f,28/10/2017,Oct-17,10,2017,DE VILLIERS,Minor Dam,242,27.76,239.05,98.78
fd3b74e5-b5d4-41d7-b423-cce59a96860d,29/10/2017,Oct-17,10,2017,DE VILLIERS,Minor Dam,242,27.75,238.63,98.61
423dc8ae-5e36-4a00-bc88-e2febce41fcd,30/10/2017,Oct-17,10,2017,DE VILLIERS,Minor Dam,242,27.73,237.78,98.26
088e5e5b-f2a2-444d-a0e7-50d2220feed0,31/10/2017,Oct-17,10,2017,DE VILLIERS,Minor Dam,242,27.68,235.84,97.45
4c8680de-55f8-4d4b-a768-563104de6dde,01/11/2017,Nov-17,11,2017,DE VILLIERS,Minor Dam,242,27.63,234.16,96.76
e4589c72-44f8-4d84-8a9b-330bce9942b5,02/11/2017,Nov-17,11,2017,DE VILLIERS,Minor Dam,242,27.52,230.47,95.24
14e9cc97-6c93-45a2-9990-605221856463,03/11/2017,Nov-17,11,2017,DE VILLIERS,Minor Dam,242,27.47,228.85,94.57
45405d5c-3ac5-47ce-8748-5a27ce7252d2,04/11/2017,Nov-17,11,2017,DE VILLIERS,Minor Dam,242,27.44,227.89,94.17
abaffb2c-5f77-4559-a046-95fe76124f7e,05/11/2017,Nov-17,11,2017,DE VILLIERS,Minor Dam,242,27.45,228.21,94.3
ff3c2c26-9023-45ec-9581-511e08b433dd,06/11/2017,Nov-17,11,2017,DE VILLIERS,Minor Dam,242,27.43,227.58,94.04
a6f619a7-7924-4f72-8758-94aa14e93952,07/11/2017,Nov-17,11,2017,DE VILLIERS,Minor Dam,242,27.4,226.62,93.64
cda2778d-72e9-4e83-afa8-0199c7c0087b,08/11/2017,Nov-17,11,2017,DE VILLIERS,Minor Dam,242,27.36,225.47,93.17
a44f4d45-1ad8-437c-ab1d-d4cd723ff608,09/11/2017,Nov-17,11,2017,DE VILLIERS,Minor Dam,242,27.32,224.31,92.69
dfcbddb9-a97d-4c69-a3c9-34980f897437,10/11/2017,Nov-17,11,2017,DE VILLIERS,Minor Dam,242,27.24,221.98,91.73
6b0534f0-45d2-48e0-aec4-0470b8e51846,11/11/2017,Nov-17,11,2017,DE VILLIERS,Minor Dam,242,27.16,219.7,90.79
8769490b-a79b-4005-9939-3789399a3827,12/11/2017,Nov-17,11,2017,DE VILLIERS,Minor Dam,242,27.06,216.95,89.65
073826df-3137-476e-91e3-ccda232d55c8,13/11/2017,Nov-17,11,2017,DE VILLIERS,Minor Dam,242,26.97,214.53,88.65
69d29f71-3def-4bab-bd60-150bc849c53d,14/11/2017,Nov-17,11,2017,DE VILLIERS,Minor Dam,242,26.89,212.38,87.76
b867006c-0e94-4229-ab03-cf4908ca950d,15/11/2017,Nov-17,11,2017,DE VILLIERS,Minor Dam,242,26.85,211.32,87.32
a6577d14-e3f6-4bf5-90e2-0d247f2fdbc8,16/11/2017,Nov-17,11,2017,DE VILLIERS,Minor Dam,242,26.82,210.52,86.99
7e7e62b6-dc75-40a8-9598-22655322c557,17/11/2017,Nov-17,11,2017,DE VILLIERS,Minor Dam,242,26.78,209.46,86.55
b1f2b73f-9f78-4c18-bece-8a1aee84adf7,18/11/2017,Nov-17,11,2017,DE VILLIERS,Minor Dam,242,26.7,207.36,85.69
14835c22-1f72-49bc-b47b-e299cdc6262d,19/11/2017,Nov-17,11,2017,DE VILLIERS,Minor Dam,242,26.64,205.79,85.04
0852cc32-8b8d-4990-8d2e-71c32a4e3f82,20/11/2017,Nov-17,11,2017,DE VILLIERS,Minor Dam,242,26.57,203.96,84.28
5e21f0b6-f3db-499b-8379-bb2aedad6207,21/11/2017,Nov-17,11,2017,DE VILLIERS,Minor Dam,242,26.48,201.62,83.31
defae977-70cc-4993-b610-4c0e2c9493a8,22/11/2017,Nov-17,11,2017,DE VILLIERS,Minor Dam,242,26.47,201.36,83.21
8a4d3457-cc09-4cd2-a87e-d7a1dcd0c6c7,23/11/2017,Nov-17,11,2017,DE VILLIERS,Minor Dam,242,26.47,201.36,83.21
8dfda660-bda0-42eb-9a39-7fa0b6781c4c,24/11/2017,Nov-17,11,2017,DE VILLIERS,Minor Dam,242,26.46,201.1,83.1
68bda26e-fdab-41e9-917c-ee067a84f680,25/11/2017,Nov-17,11,2017,DE VILLIERS,Minor Dam,242,26.4,199.56,82.46
6ea08d2d-5f9b-4ab5-a2f0-b3bfd71abfa7,26/11/2017,Nov-17,11,2017,DE VILLIERS,Minor Dam,242,26.32,197.51,81.62
687102b6-baf1-4691-a426-b1aabf118b95,27/11/2017,Nov-17,11,2017,DE VILLIERS,Minor Dam,242,26.21,194.71,80.46
6af5d6e9-b187-43fe-8a1b-6539929354d9,28/11/2017,Nov-17,11,2017,DE VILLIERS,Minor Dam,242,26.19,194.22,80.26
5b8b234d-0be5-40d1-b61a-0620a476c002,29/11/2017,Nov-17,11,2017,DE VILLIERS,Minor Dam,242,26.14,193.01,79.76
4e2c00ab-08ba-4fab-a62a-1a6592561353,30/11/2017,Nov-17,11,2017,DE VILLIERS,Minor Dam,242,26.14,193.01,79.76
231c2ecb-6b04-4cc2-ac94-4dd5499f6f54,01/12/2017,Dec-17,12,2017,DE VILLIERS,Minor Dam,242,26.14,193.01,79.76
47aaf1f4-adf7-41a3-80af-f3c67037e1e9,02/12/2017,Dec-17,12,2017,DE VILLIERS,Minor Dam,242,26.13,192.77,79.66
53380b2c-6c41-42ef-bd80-a432dd49ab76,03/12/2017,Dec-17,12,2017,DE VILLIERS,Minor Dam,242,26.13,192.77,79.66
588f8771-890f-490a-a7d3-cf96c6e8d54b,04/12/2017,Dec-17,12,2017,DE VILLIERS,Minor Dam,242,26.17,193.74,80.06
12c278cd-0da0-46f8-81a9-e5835c3efbed,05/12/2017,Dec-17,12,2017,DE VILLIERS,Minor Dam,242,26.18,193.98,80.16
75f63336-bd1c-43c4-8a36-db5325f29b66,06/12/2017,Dec-17,12,2017,DE VILLIERS,Minor Dam,242,26.19,194.22,80.26
4e27dfe3-af47-411f-abea-e94a0af7c4dc,07/12/2017,Dec-17,12,2017,DE VILLIERS,Minor Dam,242,26.2,194.46,80.36
40c3382c-edfb-4d6b-9944-1a5fd61de178,08/12/2017,Dec-17,12,2017,DE VILLIERS,Minor Dam,242,26.21,194.71,80.46
3cf4b388-4a3e-42cf-aeb3-8ebb0c250a19,09/12/2017,Dec-17,12,2017,DE VILLIERS,Minor Dam,242,26.22,194.97,80.57
6cd7df00-b4c5-4ab7-a956-751efaeed7a2,10/12/2017,Dec-17,12,2017,DE VILLIERS,Minor Dam,242,26.2,194.46,80.36
04e04c42-2acf-47e9-be79-286aea013cf0,11/12/2017,Dec-17,12,2017,DE VILLIERS,Minor Dam,242,26.18,193.98,80.16
a795c207-3ed7-4e5f-aa8e-b54de7299064,12/12/2017,Dec-17,12,2017,DE VILLIERS,Minor Dam,242,26.18,193.98,80.16
a1bdd174-73cb-409d-853b-eb82c69ac2d6,13/12/2017,Dec-17,12,2017,DE VILLIERS,Minor Dam,242,26.18,193.98,80.16
a1124339-6758-43ba-a1aa-e5c2e558597a,14/12/2017,Dec-17,12,2017,DE VILLIERS,Minor Dam,242,26.19,194.22,80.26
0196055c-6a21-4c97-b17a-ee8d990e7c73,15/12/2017,Dec-17,12,2017,DE VILLIERS,Minor Dam,242,26.2,194.46,80.36
83c5b0a9-770c-4d7d-a12a-ad377f434e61,16/12/2017,Dec-17,12,2017,DE VILLIERS,Minor Dam,242,26.21,194.71,80.46
4ec1414d-2478-47d5-9269-3afc4d49732c,17/12/2017,Dec-17,12,2017,DE VILLIERS,Minor Dam,242,26.22,194.97,80.57
85fd42cb-7c66-4692-9415-de57ce0d2f1a,18/12/2017,Dec-17,12,2017,DE VILLIERS,Minor Dam,242,26.22,194.97,80.57
06267d81-39fb-4051-a584-1b89755c5e7d,19/12/2017,Dec-17,12,2017,DE VILLIERS,Minor Dam,242,26.23,195.22,80.67
014d2997-f3fd-44d0-97c7-4930a443df99,20/12/2017,Dec-17,12,2017,DE VILLIERS,Minor Dam,242,26.23,195.22,80.67
ca4fe5a1-c41b-49d4-a320-6f0864609367,21/12/2017,Dec-17,12,2017,DE VILLIERS,Minor Dam,242,26.21,194.71,80.46
61d71cf6-77ac-4135-b392-47f6f1b83a9a,22/12/2017,Dec-17,12,2017,DE VILLIERS,Minor Dam,242,26.19,194.22,80.26
b8bc0bca-a482-4adf-b61b-a0c5ca8023c2,23/12/2017,Dec-17,12,2017,DE VILLIERS,Minor Dam,242,26.19,194.22,80.26
bfc0ae63-881d-457a-ab86-fc5f68e5211d,24/12/2017,Dec-17,12,2017,DE VILLIERS,Minor Dam,242,26.18,193.98,80.16
21444108-49ca-4ad4-8997-b57248b10e06,25/12/2017,Dec-17,12,2017,DE VILLIERS,Minor Dam,242,26.18,193.98,80.16
453fe2c4-9225-4dbc-b850-2aec80ba4587,26/12/2017,Dec-17,12,2017,DE VILLIERS,Minor Dam,242,26.18,193.98,80.16
a4cb28ac-b253-4dd0-9481-6ede495c6296,27/12/2017,Dec-17,12,2017,DE VILLIERS,Minor Dam,242,26.17,193.74,80.06
4140f87d-16d5-4505-8d45-0f227b2562a4,28/12/2017,Dec-17,12,2017,DE VILLIERS,Minor Dam,242,26.16,193.5,79.96
2b55da84-e3b3-40fc-856c-d438631af331,29/12/2017,Dec-17,12,2017,DE VILLIERS,Minor Dam,242,26.15,193.25,79.86
7f443525-97f2-4f3b-b8d9-640900ac084b,30/12/2017,Dec-17,12,2017,DE VILLIERS,Minor Dam,242,16.14,37.78,15.61
f7e0824d-6c75-4db2-bc84-698f77219fc7,31/12/2017,Dec-17,12,2017,DE VILLIERS,Minor Dam,242,26.18,193.98,80.16
53b675a0-a2da-4604-9ca8-c5827744cf51,01/01/2012,Jan-12,1,2012,HELY-HUTCHINSON,Minor Dam,925,14.17,763,82.49
1a84b746-15a3-4776-b379-15fee19b4e42,02/01/2012,Jan-12,1,2012,HELY-HUTCHINSON,Minor Dam,925,14.17,763,82.49
6bd8c997-b97c-449b-93d4-5ae28f39c9c1,03/01/2012,Jan-12,1,2012,HELY-HUTCHINSON,Minor Dam,925,14.24,773,83.57
31b9eb5f-9ff0-4d50-ba85-e6f749b2e15d,04/01/2012,Jan-12,1,2012,HELY-HUTCHINSON,Minor Dam,925,14.38,794,85.84
03234d59-006e-4bdd-a0d6-ce971e0ce971,05/01/2012,Jan-12,1,2012,HELY-HUTCHINSON,Minor Dam,925,14.4,797,86.16
d62280b4-0344-41e6-b2a6-27ae9f952ccc,06/01/2012,Jan-12,1,2012,HELY-HUTCHINSON,Minor Dam,925,14.41,798,86.27
2bd39bcd-3801-4afa-b535-f1997ff94009,07/01/2012,Jan-12,1,2012,HELY-HUTCHINSON,Minor Dam,925,14.43,801,86.59
380d802e-a4e7-4ff3-bbae-328b645f3481,08/01/2012,Jan-12,1,2012,HELY-HUTCHINSON,Minor Dam,925,14.43,801,86.59
a653afb1-ed2f-4bad-8dff-148fbbbfa5d3,09/01/2012,Jan-12,1,2012,HELY-HUTCHINSON,Minor Dam,925,14.43,801,86.59
5a934e1a-9d11-47c7-9a76-9f0817aec768,10/01/2012,Jan-12,1,2012,HELY-HUTCHINSON,Minor Dam,925,14.44,802,86.7
3925e5a8-c915-4bdc-b896-f7ee794e9063,11/01/2012,Jan-12,1,2012,HELY-HUTCHINSON,Minor Dam,925,14.45,804,86.92
b7f58b05-1e00-42a5-9565-368756829453,12/01/2012,Jan-12,1,2012,HELY-HUTCHINSON,Minor Dam,925,14.45,804,86.92
3e283375-465a-4a58-8102-6100a6f9bf0f,13/01/2012,Jan-12,1,2012,HELY-HUTCHINSON,Minor Dam,925,14.45,804,86.92
2ef56b2e-679c-428d-b22a-87869f163bac,14/01/2012,Jan-12,1,2012,HELY-HUTCHINSON,Minor Dam,925,14.44,802,86.7
f65a5092-01f2-4ec8-89b2-df034b0a03d1,15/01/2012,Jan-12,1,2012,HELY-HUTCHINSON,Minor Dam,925,14.48,808,87.35
177223d7-02f8-45bb-b1f2-0d658b192055,16/01/2012,Jan-12,1,2012,HELY-HUTCHINSON,Minor Dam,925,14.5,811,87.68
7aa68512-919a-450e-9a1f-7a168ae765c4,17/01/2012,Jan-12,1,2012,HELY-HUTCHINSON,Minor Dam,925,14.5,811,87.68
67f084a2-0835-49bc-9772-94bb9654f3ba,18/01/2012,Jan-12,1,2012,HELY-HUTCHINSON,Minor Dam,925,14.44,802,86.7
0c4f2697-0510-4c7f-aca4-d363828e6a21,19/01/2012,Jan-12,1,2012,HELY-HUTCHINSON,Minor Dam,925,14.38,794,85.84
ed5043d8-d63a-40cb-85ec-b6f403c574a1,20/01/2012,Jan-12,1,2012,HELY-HUTCHINSON,Minor Dam,925,14.29,781,84.43
c82efa9e-8fe3-4913-a9eb-cf2a022264c8,21/01/2012,Jan-12,1,2012,HELY-HUTCHINSON,Minor Dam,925,14.2,767,82.92
558e8b04-159f-49e5-acdb-d7abd8c4a918,22/01/2012,Jan-12,1,2012,HELY-HUTCHINSON,Minor Dam,925,14.15,760,82.16
4fc69dcd-ad80-4728-9e80-baa830278413,23/01/2012,Jan-12,1,2012,HELY-HUTCHINSON,Minor Dam,925,14.09,751,81.19
eb39b69b-c48e-4d6f-80be-24df78d61e0a,24/01/2012,Jan-12,1,2012,HELY-HUTCHINSON,Minor Dam,925,14.03,742,80.22
3a2aeeb3-46b4-4ffd-a50d-95114e67f66e,25/01/2012,Jan-12,1,2012,HELY-HUTCHINSON,Minor Dam,925,13.99,736,79.57
8a58427d-26ae-4ecf-b6a9-9593a5e2b483,26/01/2012,Jan-12,1,2012,HELY-HUTCHINSON,Minor Dam,925,13.89,721,77.95
1a8cb653-06e0-4dec-b021-368caba735cc,27/01/2012,Jan-12,1,2012,HELY-HUTCHINSON,Minor Dam,925,13.86,717,77.51
2842de70-1e91-45d6-b342-85b3d7eb9b3d,28/01/2012,Jan-12,1,2012,HELY-HUTCHINSON,Minor Dam,925,13.79,707,76.43
e88017cd-bc09-4532-ba99-c27734936cfc,29/01/2012,Jan-12,1,2012,HELY-HUTCHINSON,Minor Dam,925,13.69,692,74.81
efbba565-3e95-402d-bed4-401bb663a121,30/01/2012,Jan-12,1,2012,HELY-HUTCHINSON,Minor Dam,925,13.66,688,74.38
24b3fc51-480e-4908-823f-1dcd54c1ef9c,31/01/2012,Jan-12,1,2012,HELY-HUTCHINSON,Minor Dam,925,13.58,676,73.08
7c4414e9-942e-4d63-97b3-687ac30a60f0,01/02/2012,Feb-12,2,2012,HELY-HUTCHINSON,Minor Dam,925,13.5,665,71.89
95b9b3ac-857d-4ed0-b23b-0142abf40c5f,02/02/2012,Feb-12,2,2012,HELY-HUTCHINSON,Minor Dam,925,13.42,653,70.59
0e5b01c1-b49e-436a-9c25-9f11ce20e107,03/02/2012,Feb-12,2,2012,HELY-HUTCHINSON,Minor Dam,925,13.35,643,69.51
74bc4892-3094-46f1-821c-6295d47b82da,04/02/2012,Feb-12,2,2012,HELY-HUTCHINSON,Minor Dam,925,13.29,635,68.65
f9193635-aaa7-4696-86de-80ed089e4d46,05/02/2012,Feb-12,2,2012,HELY-HUTCHINSON,Minor Dam,925,13.25,629,68
d3c8c62e-96d0-4c25-a33a-0c4d67435396,06/02/2012,Feb-12,2,2012,HELY-HUTCHINSON,Minor Dam,925,13.17,618,66.81
deb35d26-da33-4e3e-beaf-0a69075f92ef,07/02/2012,Feb-12,2,2012,HELY-HUTCHINSON,Minor Dam,925,13.17,618,66.81
299d7efc-82ca-4cc4-b27c-46adda3af1a0,08/02/2012,Feb-12,2,2012,HELY-HUTCHINSON,Minor Dam,925,13.16,616,66.59
e0174484-2419-4266-a649-29478f9a4ce7,09/02/2012,Feb-12,2,2012,HELY-HUTCHINSON,Minor Dam,925,12.97,591,63.89
ecae7936-766a-40fa-85b4-b002e931da96,10/02/2012,Feb-12,2,2012,HELY-HUTCHINSON,Minor Dam,925,12.83,574,62.05
36e3e1ff-1b49-4b21-b068-0e90b8ae295a,11/02/2012,Feb-12,2,2012,HELY-HUTCHINSON,Minor Dam,925,12.51,534,57.73
80f09292-9fe1-4ae5-8958-f603d7e205f2,12/02/2012,Feb-12,2,2012,HELY-HUTCHINSON,Minor Dam,925,12.28,505,54.59
99e71bff-5e87-4b37-b251-b3e532434070,13/02/2012,Feb-12,2,2012,HELY-HUTCHINSON,Minor Dam,925,12.02,474,51.24
2869ae5f-5e6e-44f6-a9be-c2a02b3d13cb,14/02/2012,Feb-12,2,2012,HELY-HUTCHINSON,Minor Dam,925,11.79,447,48.32
1066f85b-e2d3-474a-8ba4-b30bd20de31e,15/02/2012,Feb-12,2,2012,HELY-HUTCHINSON,Minor Dam,925,11.58,425,45.95
bb329e55-2f65-4bc9-afb5-4fd511f55389,16/02/2012,Feb-12,2,2012,HELY-HUTCHINSON,Minor Dam,925,11.36,402,43.46
218da1e9-a18e-4706-912b-582ef901f36b,17/02/2012,Feb-12,2,2012,HELY-HUTCHINSON,Minor Dam,925,11.03,369,39.89
465ff464-67d1-487b-934b-3bb0af1b1ba7,18/02/2012,Feb-12,2,2012,HELY-HUTCHINSON,Minor Dam,925,10.75,342,36.97
846f1bb8-5037-4f9a-87cc-4988da5c3dda,19/02/2012,Feb-12,2,2012,HELY-HUTCHINSON,Minor Dam,925,10.51,320,34.59
fff16e76-c46e-480f-8e6b-acf6e79ed528,20/02/2012,Feb-12,2,2012,HELY-HUTCHINSON,Minor Dam,925,10.16,290,31.35
d76a7b1d-016a-4047-a7e0-b4f7e662f2cb,21/02/2012,Feb-12,2,2012,HELY-HUTCHINSON,Minor Dam,925,9.86,264,28.54
8088f75b-e9b6-48ae-aef7-68b409f36844,22/02/2012,Feb-12,2,2012,HELY-HUTCHINSON,Minor Dam,925,9.71,252,27.24
79ba62c0-a643-4d03-aff1-eb4d5891a1b4,23/02/2012,Feb-12,2,2012,HELY-HUTCHINSON,Minor Dam,925,9.62,246,26.59
97b407c1-ed81-4a4f-bde3-e479dfe57c5b,24/02/2012,Feb-12,2,2012,HELY-HUTCHINSON,Minor Dam,925,9.46,234,25.3
03023d90-ee5d-4a15-b4b9-ab147bab7ea8,25/02/2012,Feb-12,2,2012,HELY-HUTCHINSON,Minor Dam,925,9.31,223,24.11
00dd3b4e-e6f0-41a3-9dbf-fba49d08628c,26/02/2012,Feb-12,2,2012,HELY-HUTCHINSON,Minor Dam,925,9.25,218,23.57
4255562a-12ff-48e5-971e-215ad4b1e7ea,27/02/2012,Feb-12,2,2012,HELY-HUTCHINSON,Minor Dam,925,9.1,207,22.38
a8ecc3c7-74de-486c-9fc8-ed2cbf2fca0a,28/02/2012,Feb-12,2,2012,HELY-HUTCHINSON,Minor Dam,925,8.96,199,21.51
05ce8785-4498-475e-a8af-24e295cfa66d,29/02/2012,Feb-12,2,2012,HELY-HUTCHINSON,Minor Dam,925,8.73,184,19.89
17b34495-fed9-421a-8276-89a3a91f7401,01/03/2012,Mar-12,3,2012,HELY-HUTCHINSON,Minor Dam,925,8.57,175,18.92
5147315f-188a-4363-a24c-0c5de328971b,02/03/2012,Mar-12,3,2012,HELY-HUTCHINSON,Minor Dam,925,8.57,175,18.92
0b93f69c-c48b-4f94-af03-4cd791e4acf7,03/03/2012,Mar-12,3,2012,HELY-HUTCHINSON,Minor Dam,925,8.57,175,18.92
0f4d5ad1-baf5-4267-ad57-7e33e19dd1c7,04/03/2012,Mar-12,3,2012,HELY-HUTCHINSON,Minor Dam,925,8.56,174,18.81
f96c040b-29eb-4bb4-a0f8-313c909ea66f,05/03/2012,Mar-12,3,2012,HELY-HUTCHINSON,Minor Dam,925,8.56,174,18.81
246c410b-7d4d-47c0-b86e-290b27c0bb07,06/03/2012,Mar-12,3,2012,HELY-HUTCHINSON,Minor Dam,925,8.56,174,18.81
8cfaba47-e574-48f0-bd61-c1d333b120ae,07/03/2012,Mar-12,3,2012,HELY-HUTCHINSON,Minor Dam,925,8.56,174,18.81
be5aa4ce-4dea-4c33-85fa-ac55ba4672c9,08/03/2012,Mar-12,3,2012,HELY-HUTCHINSON,Minor Dam,925,8.54,173,18.7
d25853ce-1a78-43e8-9481-f3784edc3019,09/03/2012,Mar-12,3,2012,HELY-HUTCHINSON,Minor Dam,925,8.54,173,18.7
2bc56cd8-3536-475b-bba0-c499211f1bdf,10/03/2012,Mar-12,3,2012,HELY-HUTCHINSON,Minor Dam,925,8.54,173,18.7
611ed887-cc54-4d1a-a0a7-8e58558ee8ce,11/03/2012,Mar-12,3,2012,HELY-HUTCHINSON,Minor Dam,925,8.54,173,18.7
6c2a27ee-2c98-423c-a08b-de7e6d6f282b,12/03/2012,Mar-12,3,2012,HELY-HUTCHINSON,Minor Dam,925,8.54,173,18.7
bd4a1f0b-5e5f-4fa4-822f-189ec206a552,13/03/2012,Mar-12,3,2012,HELY-HUTCHINSON,Minor Dam,925,8.53,172,18.59
c8ba62a9-d173-4064-b9d8-5688bc77a4a6,14/03/2012,Mar-12,3,2012,HELY-HUTCHINSON,Minor Dam,925,8.53,172,18.59
378190df-b7fa-4042-bdfe-fbce2fda1bad,15/03/2012,Mar-12,3,2012,HELY-HUTCHINSON,Minor Dam,925,7.94,137,14.81
00b90892-3d2b-4db3-a7d8-21162776eecb,16/03/2012,Mar-12,3,2012,HELY-HUTCHINSON,Minor Dam,925,8.52,172,18.59
fce07a8e-1c8a-4724-9a89-85780d40fa93,17/03/2012,Mar-12,3,2012,HELY-HUTCHINSON,Minor Dam,925,8.51,171,18.49
783f9b2d-92af-49c7-a9d0-339ab8b97cc3,18/03/2012,Mar-12,3,2012,HELY-HUTCHINSON,Minor Dam,925,8.29,158,17.08
18fff1ce-3f45-44e3-bbb0-8d7d34289fc1,19/03/2012,Mar-12,3,2012,HELY-HUTCHINSON,Minor Dam,925,7.98,140,15.14
70246664-58de-4e90-a3e0-ed5dd74ddfb5,20/03/2012,Mar-12,3,2012,HELY-HUTCHINSON,Minor Dam,925,7.7,126,13.62
2e82929e-7d61-46fb-be70-7adc54f2bdf0,21/03/2012,Mar-12,3,2012,HELY-HUTCHINSON,Minor Dam,925,7.37,111,12
bdebfd74-fb64-4040-8fc4-12eee566140e,22/03/2012,Mar-12,3,2012,HELY-HUTCHINSON,Minor Dam,925,7.04,97,10.49
4cee0568-b2e6-4cd5-91ae-7356c1fa39b6,23/03/2012,Mar-12,3,2012,HELY-HUTCHINSON,Minor Dam,925,6.66,82,8.86
4cacdf8f-42a6-4b7a-9c95-29d81effdbe4,24/03/2012,Mar-12,3,2012,HELY-HUTCHINSON,Minor Dam,925,6.2,67,7.24
c3f9194f-24cd-470c-9c77-596f90d3f312,25/03/2012,Mar-12,3,2012,HELY-HUTCHINSON,Minor Dam,925,5.72,52,5.62
e073c655-25f9-4db0-9efe-0e6ef0ed0a2f,26/03/2012,Mar-12,3,2012,HELY-HUTCHINSON,Minor Dam,925,5.26,40,4.32
dca4519b-53e7-4529-ad06-bf08713556d6,27/03/2012,Mar-12,3,2012,HELY-HUTCHINSON,Minor Dam,925,3.56,12,1.3
e0b7b9e8-2749-411a-b806-76e6a6753dc9,28/03/2012,Mar-12,3,2012,HELY-HUTCHINSON,Minor Dam,925,0,0,0
8cfd45e0-fc9d-43ef-a053-2949a9b2be7d,29/03/2012,Mar-12,3,2012,HELY-HUTCHINSON,Minor Dam,925,0,0,0
5d3bfaca-6a3c-4879-b823-94b797500dbf,30/03/2012,Mar-12,3,2012,HELY-HUTCHINSON,Minor Dam,925,0,0,0
18f09a8d-c1a7-4e15-84af-20db731c2572,31/03/2012,Mar-12,3,2012,HELY-HUTCHINSON,Minor Dam,925,0,0,0
4095de2b-9552-46bf-9334-071320a283da,01/04/2012,Apr-12,4,2012,HELY-HUTCHINSON,Minor Dam,925,4.53,25,2.7
a6f59be1-3970-4e5e-ac0d-d0b37690e1fe,02/04/2012,Apr-12,4,2012,HELY-HUTCHINSON,Minor Dam,925,4.64,27,2.92
66ca1ce7-4f31-4ec7-895a-cf95aa1bf840,03/04/2012,Apr-12,4,2012,HELY-HUTCHINSON,Minor Dam,925,4.66,27,2.92
46ea09bc-ba15-452c-9106-13b0ff537a7a,04/04/2012,Apr-12,4,2012,HELY-HUTCHINSON,Minor Dam,925,0,0,0
2ae82084-7674-408f-94db-594e00540948,05/04/2012,Apr-12,4,2012,HELY-HUTCHINSON,Minor Dam,925,0,0,0
2fabe535-a066-4f91-918c-169d90e0c94c,06/04/2012,Apr-12,4,2012,HELY-HUTCHINSON,Minor Dam,925,0,0,0
4546641c-ca23-44a0-bf25-4b7ff1c8a0ba,07/04/2012,Apr-12,4,2012,HELY-HUTCHINSON,Minor Dam,925,0,0,0
3b7175eb-5fff-4203-a6cf-76080f2c00fa,08/04/2012,Apr-12,4,2012,HELY-HUTCHINSON,Minor Dam,925,0,0,0
50175717-4b5d-48be-bf5d-0bebe1173e5b,09/04/2012,Apr-12,4,2012,HELY-HUTCHINSON,Minor Dam,925,0,0,0
f9b99de6-304b-4c05-a58c-109460d7558e,10/04/2012,Apr-12,4,2012,HELY-HUTCHINSON,Minor Dam,925,0,0,0
a0e9f2db-707b-4799-a7ad-dfcff53fb2c2,11/04/2012,Apr-12,4,2012,HELY-HUTCHINSON,Minor Dam,925,0,0,0
3e7829b6-08cc-44a7-9711-078273f4bdcc,12/04/2012,Apr-12,4,2012,HELY-HUTCHINSON,Minor Dam,925,0,0,0
4a8e17ae-d77a-4753-a958-058d72e277a6,13/04/2012,Apr-12,4,2012,HELY-HUTCHINSON,Minor Dam,925,0,0,0
2f059f17-ab64-470f-94b6-e7b3cf65281d,14/04/2012,Apr-12,4,2012,HELY-HUTCHINSON,Minor Dam,925,0,0,0
52070bbc-bc7d-47a7-bc00-c723b91f9136,15/04/2012,Apr-12,4,2012,HELY-HUTCHINSON,Minor Dam,925,0,0,0
2f7eef3d-aed1-438d-b5b9-64990016843c,16/04/2012,Apr-12,4,2012,HELY-HUTCHINSON,Minor Dam,925,0,0,0
b66ebb6e-8c58-433d-9830-0cc89f912aa4,17/04/2012,Apr-12,4,2012,HELY-HUTCHINSON,Minor Dam,925,0,0,0
3d15c50d-79cd-4d7f-ae87-263d522d7b7b,18/04/2012,Apr-12,4,2012,HELY-HUTCHINSON,Minor Dam,925,0,0,0
7ad6a5fd-ad7e-4d49-b06d-540e6e485bb4,19/04/2012,Apr-12,4,2012,HELY-HUTCHINSON,Minor Dam,925,0,0,0
0aca10e1-aeed-4b2b-a504-330790eed2f3,20/04/2012,Apr-12,4,2012,HELY-HUTCHINSON,Minor Dam,925,0,0,0
ac25467e-1b9a-4ca8-aad2-eb868ca24cf0,21/04/2012,Apr-12,4,2012,HELY-HUTCHINSON,Minor Dam,925,0,0,0
658595b3-5978-4cf0-9dd5-1003acf5767f,22/04/2012,Apr-12,4,2012,HELY-HUTCHINSON,Minor Dam,925,0,0,0
16f2e49d-fd0f-4418-9285-b41835de3edc,23/04/2012,Apr-12,4,2012,HELY-HUTCHINSON,Minor Dam,925,0,0,0
ce46353e-e9d6-48cd-b76e-f25c9631322a,24/04/2012,Apr-12,4,2012,HELY-HUTCHINSON,Minor Dam,925,0,0,0
cacd2e47-384d-4c9c-b0fe-c8ea3b784692,25/04/2012,Apr-12,4,2012,HELY-HUTCHINSON,Minor Dam,925,0,0,0
f73baeb7-716c-4ec1-98b8-3a7abc8a10bb,26/04/2012,Apr-12,4,2012,HELY-HUTCHINSON,Minor Dam,925,0,0,0
784f010e-c562-4729-808e-8a1db655217c,27/04/2012,Apr-12,4,2012,HELY-HUTCHINSON,Minor Dam,925,0,0,0
77a95650-afe9-4aa0-b19e-0ee44f844fab,28/04/2012,Apr-12,4,2012,HELY-HUTCHINSON,Minor Dam,925,0,0,0
183df601-9810-41b2-aa6e-ca713b32b298,29/04/2012,Apr-12,4,2012,HELY-HUTCHINSON,Minor Dam,925,0,0,0
58d21cec-bc64-4aa6-b2cc-580f6f698cd4,30/04/2012,Apr-12,4,2012,HELY-HUTCHINSON,Minor Dam,925,0,0,0
f5be1ecd-d9ee-46d0-9786-74ce1a6bb3f6,01/05/2012,May-12,5,2012,HELY-HUTCHINSON,Minor Dam,925,0,0,0
23bb2bdf-4021-4059-ae27-872460e7c588,02/05/2012,May-12,5,2012,HELY-HUTCHINSON,Minor Dam,925,0,0,0
6e76c1fd-1f91-4c20-9f18-bc2aa1e41f90,03/05/2012,May-12,5,2012,HELY-HUTCHINSON,Minor Dam,925,0,0,0
96c42412-1667-4a4a-bef6-203fd3068fad,04/05/2012,May-12,5,2012,HELY-HUTCHINSON,Minor Dam,925,0,0,0
535ef907-9e8f-4e39-88eb-449f850310c4,05/05/2012,May-12,5,2012,HELY-HUTCHINSON,Minor Dam,925,0,0,0
bad4d362-c43d-4d13-b9d6-94e54770748e,06/05/2012,May-12,5,2012,HELY-HUTCHINSON,Minor Dam,925,0,0,0
e5961c43-825f-49ba-83eb-7ebdbd7d2763,07/05/2012,May-12,5,2012,HELY-HUTCHINSON,Minor Dam,925,0,0,0
0e991232-7d90-45ae-9d95-b13dbd3c1465,08/05/2012,May-12,5,2012,HELY-HUTCHINSON,Minor Dam,925,0,0,0
f175e446-8d48-45bc-ad79-9788aa528e62,09/05/2012,May-12,5,2012,HELY-HUTCHINSON,Minor Dam,925,0,0,0
8dcbb787-8a0a-43e5-ba11-888ca1589f0f,10/05/2012,May-12,5,2012,HELY-HUTCHINSON,Minor Dam,925,0,0,0
99cc578c-36e4-4936-b1f6-96ce6dfa3227,11/05/2012,May-12,5,2012,HELY-HUTCHINSON,Minor Dam,925,0,0,0
df816735-468a-4c8d-ad1b-da47ff204972,12/05/2012,May-12,5,2012,HELY-HUTCHINSON,Minor Dam,925,0,0,0
5d46f1ea-3870-4026-967e-1832d2752b6d,13/05/2012,May-12,5,2012,HELY-HUTCHINSON,Minor Dam,925,0,0,0
b7bf56d0-719f-4553-bf94-112b610ad1a4,14/05/2012,May-12,5,2012,HELY-HUTCHINSON,Minor Dam,925,0,0,0
ac23b331-a0ee-4739-88c2-abd07b041e78,15/05/2012,May-12,5,2012,HELY-HUTCHINSON,Minor Dam,925,0,0,0
68da6356-ae54-4293-9cb7-07a3e6c4f3f0,16/05/2012,May-12,5,2012,HELY-HUTCHINSON,Minor Dam,925,0,0,0
db98aeb1-0000-4ab2-8e89-40730789b00a,17/05/2012,May-12,5,2012,HELY-HUTCHINSON,Minor Dam,925,0,0,0
a5bf6b0d-59b2-4c83-9ec1-ffa3ea81919e,18/05/2012,May-12,5,2012,HELY-HUTCHINSON,Minor Dam,925,0,0,0
9fb1d125-3a89-4aeb-9564-89c5cb904e78,19/05/2012,May-12,5,2012,HELY-HUTCHINSON,Minor Dam,925,0,0,0
87de4846-89ce-412d-8745-9b2c74355445,20/05/2012,May-12,5,2012,HELY-HUTCHINSON,Minor Dam,925,0,0,0
18620ee8-5886-410f-a7e1-0745bc0a8541,21/05/2012,May-12,5,2012,HELY-HUTCHINSON,Minor Dam,925,0,0,0
46a3d7c9-f31e-4411-8cec-3398c96fbd9a,22/05/2012,May-12,5,2012,HELY-HUTCHINSON,Minor Dam,925,0,0,0
0318e236-0278-4da1-ac8b-f963e6e19d90,23/05/2012,May-12,5,2012,HELY-HUTCHINSON,Minor Dam,925,0,0,0
0b779749-35c1-4d4f-810c-123c15574b0e,24/05/2012,May-12,5,2012,HELY-HUTCHINSON,Minor Dam,925,0,0,0
95e92fd0-b2a3-4c17-9413-7c0c7b3d24b1,25/05/2012,May-12,5,2012,HELY-HUTCHINSON,Minor Dam,925,0,0,0
1db5e9ed-2477-4781-a791-c1d3b91ecc20,26/05/2012,May-12,5,2012,HELY-HUTCHINSON,Minor Dam,925,0,0,0
066a78d1-632a-44a2-a0c4-da0bca7e7a1b,27/05/2012,May-12,5,2012,HELY-HUTCHINSON,Minor Dam,925,0,0,0
09a36d95-d2f9-4478-b35c-c5346386577c,28/05/2012,May-12,5,2012,HELY-HUTCHINSON,Minor Dam,925,0,0,0
64ce9501-51a7-42b1-85b8-6b493d2c7f01,29/05/2012,May-12,5,2012,HELY-HUTCHINSON,Minor Dam,925,0,0,0
117f2247-60d1-4cd6-9438-e0a2e02b0a35,30/05/2012,May-12,5,2012,HELY-HUTCHINSON,Minor Dam,925,0,0,0
f63c1c78-2482-4068-8a74-8c2c66e71559,31/05/2012,May-12,5,2012,HELY-HUTCHINSON,Minor Dam,925,0,0,0
bce2c258-1313-4c37-a775-7b0791097b73,01/06/2012,Jun-12,6,2012,HELY-HUTCHINSON,Minor Dam,925,0,0,0
46f82afd-4f98-4bc5-a9f7-660f4a59049a,02/06/2012,Jun-12,6,2012,HELY-HUTCHINSON,Minor Dam,925,0,0,0
b6e06c64-02e5-42b5-af0e-1ca847014a5d,03/06/2012,Jun-12,6,2012,HELY-HUTCHINSON,Minor Dam,925,0,0,0
2dfa3108-15c0-4dba-bb4e-372a7f1bb22d,04/06/2012,Jun-12,6,2012,HELY-HUTCHINSON,Minor Dam,925,0,0,0
b1bda324-1d64-47f6-a521-58630d8ad187,05/06/2012,Jun-12,6,2012,HELY-HUTCHINSON,Minor Dam,925,0,0,0
41382df4-c158-4d6b-9b40-6a36641ff69e,06/06/2012,Jun-12,6,2012,HELY-HUTCHINSON,Minor Dam,925,0,0,0
fa56e98d-65ca-46b3-bb90-629909b6f75d,07/06/2012,Jun-12,6,2012,HELY-HUTCHINSON,Minor Dam,925,0,0,0
89821b24-c537-47a6-a4a5-e1d22874f3c9,08/06/2012,Jun-12,6,2012,HELY-HUTCHINSON,Minor Dam,925,7.2,104,11.24
fb1ffefe-ca47-4ffd-a7ba-a0f6f63fee01,09/06/2012,Jun-12,6,2012,HELY-HUTCHINSON,Minor Dam,925,9.31,223,24.11
7685c888-20f3-4345-9c42-8019ed452bf1,10/06/2012,Jun-12,6,2012,HELY-HUTCHINSON,Minor Dam,925,9.77,257,27.78
6985a4c4-7995-47f4-b627-3504bb9496e3,11/06/2012,Jun-12,6,2012,HELY-HUTCHINSON,Minor Dam,925,9.88,266,28.76
c94e0cec-d0af-4e10-a344-455cb8317394,12/06/2012,Jun-12,6,2012,HELY-HUTCHINSON,Minor Dam,925,9.93,270,29.19
3d4dffb0-bb8e-4d33-9647-657cab58983a,13/06/2012,Jun-12,6,2012,HELY-HUTCHINSON,Minor Dam,925,9.97,274,29.62
27f14b45-7d89-4322-ba5a-86308afe9f39,14/06/2012,Jun-12,6,2012,HELY-HUTCHINSON,Minor Dam,925,10.03,279,30.16
b9a6c582-40f9-49e8-9b7f-33e0048dcfe4,15/06/2012,Jun-12,6,2012,HELY-HUTCHINSON,Minor Dam,925,10.06,281,30.38
45a4c7d6-79cc-4c57-93f5-a5d1a0b11f9d,16/06/2012,Jun-12,6,2012,HELY-HUTCHINSON,Minor Dam,925,10.09,284,30.7
f908a781-d172-4fc1-93d6-66110828343a,17/06/2012,Jun-12,6,2012,HELY-HUTCHINSON,Minor Dam,925,10.17,290,31.35
5f1905ae-0f24-4358-952d-5fb4279d15ce,18/06/2012,Jun-12,6,2012,HELY-HUTCHINSON,Minor Dam,925,10.2,293,31.68
b0d27ac4-93c0-4ff7-86bf-2710a181f3dc,19/06/2012,Jun-12,6,2012,HELY-HUTCHINSON,Minor Dam,925,10.26,298,32.22
adfa58c9-9aa3-42e4-9aaa-eb1e1be3a4cc,20/06/2012,Jun-12,6,2012,HELY-HUTCHINSON,Minor Dam,925,10.28,300,32.43
d989db85-b33e-41cf-8cb1-c063323b6c75,21/06/2012,Jun-12,6,2012,HELY-HUTCHINSON,Minor Dam,925,10.3,302,32.65
9e1d6d0e-f404-4946-afed-dcb7084bcfce,22/06/2012,Jun-12,6,2012,HELY-HUTCHINSON,Minor Dam,925,10.3,302,32.65
6fc76b67-3093-41c3-8757-06a8b0ff7ba6,23/06/2012,Jun-12,6,2012,HELY-HUTCHINSON,Minor Dam,925,10.3,302,32.65
9425eacf-6977-44ae-9c67-bb8894e69f43,24/06/2012,Jun-12,6,2012,HELY-HUTCHINSON,Minor Dam,925,10.31,303,32.76
013ca417-e20e-447f-9352-5dbf98e260fc,25/06/2012,Jun-12,6,2012,HELY-HUTCHINSON,Minor Dam,925,10.36,307,33.19
7c4335eb-8404-4a71-b3fa-ee715402d355,26/06/2012,Jun-12,6,2012,HELY-HUTCHINSON,Minor Dam,925,10.83,350,37.84
bf5aa6bc-c857-41e0-b501-ee8bd7dbd7fe,27/06/2012,Jun-12,6,2012,HELY-HUTCHINSON,Minor Dam,925,10.94,360,38.92
844e59ee-a56c-4053-9fc6-1ed1c442db11,28/06/2012,Jun-12,6,2012,HELY-HUTCHINSON,Minor Dam,925,11.66,433,46.81
80e02bbf-8c7c-4cb6-ace8-2e8960bfc991,29/06/2012,Jun-12,6,2012,HELY-HUTCHINSON,Minor Dam,925,11.73,441,47.68
13c557f6-a44c-4464-b46c-ba252f2fe9b6,30/06/2012,Jun-12,6,2012,HELY-HUTCHINSON,Minor Dam,925,11.75,443,47.89
b12a49d9-8da7-4c3e-965c-d69016e26f24,01/07/2012,Jul-12,7,2012,HELY-HUTCHINSON,Minor Dam,925,12.16,491,53.08
6801d573-f5eb-4f6a-ad5a-e3489a683d78,02/07/2012,Jul-12,7,2012,HELY-HUTCHINSON,Minor Dam,925,12.21,496,53.62
88cf256f-6b3d-41c4-ac4e-81691ac6d2b4,03/07/2012,Jul-12,7,2012,HELY-HUTCHINSON,Minor Dam,925,12.28,505,54.59
1eb425cd-f827-4f00-89b5-33e1b99aabf9,04/07/2012,Jul-12,7,2012,HELY-HUTCHINSON,Minor Dam,925,12.36,515,55.68
ac822434-bd7a-40c9-b946-a3e490dbe62a,05/07/2012,Jul-12,7,2012,HELY-HUTCHINSON,Minor Dam,925,12.7,558,60.32
342efb80-1d08-44df-bdde-10481b89893b,06/07/2012,Jul-12,7,2012,HELY-HUTCHINSON,Minor Dam,925,12.79,569,61.51
e7b2234e-0b6f-4a04-8671-46146ea4a5d9,07/07/2012,Jul-12,7,2012,HELY-HUTCHINSON,Minor Dam,925,12.85,576,62.27
fdead236-ecde-47dd-adf8-6c4a2942f7c7,08/07/2012,Jul-12,7,2012,HELY-HUTCHINSON,Minor Dam,925,13.39,648,70.05
e6489fd0-19e3-4dfa-828f-c512e50f337a,09/07/2012,Jul-12,7,2012,HELY-HUTCHINSON,Minor Dam,925,13.7,694,75.03
af1390bb-2370-48d5-8f94-da3083c0f1a9,10/07/2012,Jul-12,7,2012,HELY-HUTCHINSON,Minor Dam,925,15.02,890,96.22
99dd0c86-22bb-4e78-af51-c605f26549fe,11/07/2012,Jul-12,7,2012,HELY-HUTCHINSON,Minor Dam,925,15.3,934,100.97
6b3e7bb4-b000-4d68-b29d-59a5f3cf0e2b,12/07/2012,Jul-12,7,2012,HELY-HUTCHINSON,Minor Dam,925,15.36,943,101.95
07a35142-18e2-4ffd-8ce7-9da76a542ee2,13/07/2012,Jul-12,7,2012,HELY-HUTCHINSON,Minor Dam,925,15.3,934,100.97
8ba88a74-6754-48c6-8d3d-5e648f0c9e2a,14/07/2012,Jul-12,7,2012,HELY-HUTCHINSON,Minor Dam,925,15.28,931,100.65
d0768d5c-c912-4882-b6c4-5cfef2be2d26,15/07/2012,Jul-12,7,2012,HELY-HUTCHINSON,Minor Dam,925,15.22,922,99.68
f3c2b5c8-c860-4752-9d63-d3485f8f566f,16/07/2012,Jul-12,7,2012,HELY-HUTCHINSON,Minor Dam,925,15.26,928,100.32
df6395c0-3716-4978-b772-b284dbe38110,17/07/2012,Jul-12,7,2012,HELY-HUTCHINSON,Minor Dam,925,15.28,931,100.65
a8881127-a581-4748-a305-ea40eb02c343,18/07/2012,Jul-12,7,2012,HELY-HUTCHINSON,Minor Dam,925,15.27,929,100.43
5d6cddb5-2938-4068-9061-93c0dec0a4d9,19/07/2012,Jul-12,7,2012,HELY-HUTCHINSON,Minor Dam,925,15.25,926,100.11
30dd564a-0d32-409b-8faf-b263ad1eb019,20/07/2012,Jul-12,7,2012,HELY-HUTCHINSON,Minor Dam,925,15.23,923,99.78
b5a32c23-bc1c-4d27-af05-e2f8bb1f928b,21/07/2012,Jul-12,7,2012,HELY-HUTCHINSON,Minor Dam,925,15.27,929,100.43
3065f8cf-409e-4f80-88a9-bf6e34695b20,22/07/2012,Jul-12,7,2012,HELY-HUTCHINSON,Minor Dam,925,15.36,943,101.95
2eaee577-16c6-4a34-9398-419790a76d31,23/07/2012,Jul-12,7,2012,HELY-HUTCHINSON,Minor Dam,925,15.29,932,100.76
c5a2d70b-4211-4cf9-8bd8-2131c421e4c8,24/07/2012,Jul-12,7,2012,HELY-HUTCHINSON,Minor Dam,925,15.27,929,100.43
9abeec10-22d3-45ec-823b-e934f9bf9c59,25/07/2012,Jul-12,7,2012,HELY-HUTCHINSON,Minor Dam,925,15.27,929,100.43
55daee1f-52c2-41a1-bbc8-d76b2f658e0f,26/07/2012,Jul-12,7,2012,HELY-HUTCHINSON,Minor Dam,925,15.27,929,100.43
0fe911a8-604f-4421-9fe8-eca3556ed512,27/07/2012,Jul-12,7,2012,HELY-HUTCHINSON,Minor Dam,925,15.26,928,100.32
9a287284-6ba6-47e4-aa5e-d29291d2fbea,28/07/2012,Jul-12,7,2012,HELY-HUTCHINSON,Minor Dam,925,15.26,928,100.32
b7297ce2-0cdd-4e3a-ab92-0fcdc6216cc3,29/07/2012,Jul-12,7,2012,HELY-HUTCHINSON,Minor Dam,925,15.24,925,100
7d463b91-d244-4a7a-ae48-13fc22842092,30/07/2012,Jul-12,7,2012,HELY-HUTCHINSON,Minor Dam,925,15.24,925,100
650aa735-193e-4181-a191-8f18f2ece5ec,31/07/2012,Jul-12,7,2012,HELY-HUTCHINSON,Minor Dam,925,15.24,925,100
c056ee93-a155-457b-ab00-fe57a670b60a,01/08/2012,Aug-12,8,2012,HELY-HUTCHINSON,Minor Dam,925,15.26,928,100.32
3175926a-bb99-476a-bfe6-2a0e67c7f4ca,02/08/2012,Aug-12,8,2012,HELY-HUTCHINSON,Minor Dam,925,15.26,928,100.32
eff50840-4a76-439c-a6a3-6aaa6e1be01d,03/08/2012,Aug-12,8,2012,HELY-HUTCHINSON,Minor Dam,925,15.25,926,100.11
d0e3b779-ead8-4ca8-8116-a83fd5f0ee55,04/08/2012,Aug-12,8,2012,HELY-HUTCHINSON,Minor Dam,925,15.25,926,100.11
7fb167c5-8df0-42ae-ab3f-d11bcbfbac8a,05/08/2012,Aug-12,8,2012,HELY-HUTCHINSON,Minor Dam,925,15.27,929,100.43
c5b38514-5acc-42c9-a8c7-f43e3585c06f,06/08/2012,Aug-12,8,2012,HELY-HUTCHINSON,Minor Dam,925,15.28,931,100.65
299adc45-e520-4b96-a90e-b8d491f22702,07/08/2012,Aug-12,8,2012,HELY-HUTCHINSON,Minor Dam,925,15.34,940,101.62
872a59de-62e9-40bb-a3e1-f3b31bd70808,08/08/2012,Aug-12,8,2012,HELY-HUTCHINSON,Minor Dam,925,15.36,943,101.95
e856f27e-d800-4b22-afe6-6fa7c11ed8a1,09/08/2012,Aug-12,8,2012,HELY-HUTCHINSON,Minor Dam,925,15.34,940,101.62
bd3a1ed8-0ffc-4819-b9c5-c63b47708b35,10/08/2012,Aug-12,8,2012,HELY-HUTCHINSON,Minor Dam,925,15.25,926,100.11
8195c9a8-1a84-4eaa-8334-2cea77cd4699,11/08/2012,Aug-12,8,2012,HELY-HUTCHINSON,Minor Dam,925,15.26,928,100.32
fb548a32-2abe-4c08-8040-9b8ef69723a7,12/08/2012,Aug-12,8,2012,HELY-HUTCHINSON,Minor Dam,925,15.35,942,101.84
2edb9735-87c7-4139-b409-5c8839d9f585,13/08/2012,Aug-12,8,2012,HELY-HUTCHINSON,Minor Dam,925,15.3,934,100.97
8c0ae5e0-de0b-44c0-b2d8-8892b6943181,14/08/2012,Aug-12,8,2012,HELY-HUTCHINSON,Minor Dam,925,15.26,928,100.32
0d0df0f3-d542-4adf-ad01-404d9162920d,15/08/2012,Aug-12,8,2012,HELY-HUTCHINSON,Minor Dam,925,15.24,925,100
1336e680-4a4d-481a-9de7-d58d092837c9,16/08/2012,Aug-12,8,2012,HELY-HUTCHINSON,Minor Dam,925,15.28,931,100.65
85c3d55e-011d-4c86-9d3b-898ebc9fd523,17/08/2012,Aug-12,8,2012,HELY-HUTCHINSON,Minor Dam,925,15.31,936,101.19
12bf9a09-e625-47ed-8f51-f3b81c3098e1,18/08/2012,Aug-12,8,2012,HELY-HUTCHINSON,Minor Dam,925,15.27,929,100.43
f393df2b-e180-47d2-81b0-a2a6721e2b67,19/08/2012,Aug-12,8,2012,HELY-HUTCHINSON,Minor Dam,925,15.27,929,100.43
4a8d7311-3bfe-4cd5-a7cc-30c9c28ce00a,20/08/2012,Aug-12,8,2012,HELY-HUTCHINSON,Minor Dam,925,15.26,928,100.32
38517d8b-407f-4bc2-b9db-7c8be9aa1964,21/08/2012,Aug-12,8,2012,HELY-HUTCHINSON,Minor Dam,925,15.3,934,100.97
77105a65-efd5-41de-9f6d-63e0e375016f,22/08/2012,Aug-12,8,2012,HELY-HUTCHINSON,Minor Dam,925,15.27,929,100.43
4b140be5-e9b6-4000-9d33-2e884d5ef0db,23/08/2012,Aug-12,8,2012,HELY-HUTCHINSON,Minor Dam,925,15.26,928,100.32
6a5fe32d-a558-4c28-a994-79b48bfaeacc,24/08/2012,Aug-12,8,2012,HELY-HUTCHINSON,Minor Dam,925,15.26,928,100.32
18b47c3e-e2a8-4c0c-8655-f7cd22aa3ebe,25/08/2012,Aug-12,8,2012,HELY-HUTCHINSON,Minor Dam,925,15.26,928,100.32
8bb9fcbb-f4aa-4df5-aa16-8808dbbf48c5,26/08/2012,Aug-12,8,2012,HELY-HUTCHINSON,Minor Dam,925,15.25,926,100.11
2d5a8259-3089-469d-99af-dfbf9cc01b0a,27/08/2012,Aug-12,8,2012,HELY-HUTCHINSON,Minor Dam,925,15.32,937,101.3
097e781d-5db5-4c7d-bea4-fbfe7ede0a1f,28/08/2012,Aug-12,8,2012,HELY-HUTCHINSON,Minor Dam,925,15.25,926,100.11
1aa40eca-6e33-4e11-ba69-6ea5cb20bc56,29/08/2012,Aug-12,8,2012,HELY-HUTCHINSON,Minor Dam,925,15.23,923,99.78
51382f3c-f858-466b-a92d-dbed18ea6487,30/08/2012,Aug-12,8,2012,HELY-HUTCHINSON,Minor Dam,925,15.23,923,99.78
2e701745-4c1b-41f2-9f27-1a320249736c,31/08/2012,Aug-12,8,2012,HELY-HUTCHINSON,Minor Dam,925,15.23,923,99.78
9c7d2670-f6e2-4d7b-b8af-d4b50e5b3642,01/09/2012,Sep-12,9,2012,HELY-HUTCHINSON,Minor Dam,925,15.23,923,99.78
a9d2a1d4-4e90-4e1a-8480-8884db602259,02/09/2012,Sep-12,9,2012,HELY-HUTCHINSON,Minor Dam,925,15.26,928,100.32
b2ef0a36-312b-4a0f-83ef-98d3b8c8e810,03/09/2012,Sep-12,9,2012,HELY-HUTCHINSON,Minor Dam,925,15.26,928,100.32
91600f00-79cc-455a-b8af-29c0e3633cac,04/09/2012,Sep-12,9,2012,HELY-HUTCHINSON,Minor Dam,925,15.26,928,100.32
6ee5a83b-f694-4bab-9ede-b41a23e933bb,05/09/2012,Sep-12,9,2012,HELY-HUTCHINSON,Minor Dam,925,15.26,928,100.32
cb3d9bdf-2c27-4a24-a633-94e650f6c43e,06/09/2012,Sep-12,9,2012,HELY-HUTCHINSON,Minor Dam,925,15.22,922,99.68
add35d42-c6b8-4351-82b6-923d8cb74f14,07/09/2012,Sep-12,9,2012,HELY-HUTCHINSON,Minor Dam,925,15.22,922,99.68
65de5e6c-9e38-4620-9752-47037f6bd080,08/09/2012,Sep-12,9,2012,HELY-HUTCHINSON,Minor Dam,925,15.22,922,99.68
484d0679-8a1d-49dd-9675-673e9b420039,09/09/2012,Sep-12,9,2012,HELY-HUTCHINSON,Minor Dam,925,15.24,925,100
9651b934-99dd-4792-8860-632da368d9b4,10/09/2012,Sep-12,9,2012,HELY-HUTCHINSON,Minor Dam,925,15.24,925,100
f0bc5df9-ccd8-40f6-9b0f-d7da79ed3bfc,11/09/2012,Sep-12,9,2012,HELY-HUTCHINSON,Minor Dam,925,15.36,943,101.95
8d8c26a5-f73f-49df-be9e-ea4466258284,12/09/2012,Sep-12,9,2012,HELY-HUTCHINSON,Minor Dam,925,15.26,928,100.32
210721de-e052-4362-b372-197b51ec5c51,13/09/2012,Sep-12,9,2012,HELY-HUTCHINSON,Minor Dam,925,15.24,925,100
5c303ceb-20ae-4a13-9592-857b3047517a,14/09/2012,Sep-12,9,2012,HELY-HUTCHINSON,Minor Dam,925,15.24,925,100
604a6e0a-8ccd-4ce2-a52c-60a4e923a280,15/09/2012,Sep-12,9,2012,HELY-HUTCHINSON,Minor Dam,925,15.25,926,100.11
367acb26-e311-495d-9466-4907b413d106,16/09/2012,Sep-12,9,2012,HELY-HUTCHINSON,Minor Dam,925,15.23,923,99.78
45b8fcda-b436-4721-85e4-d6f104eb8054,17/09/2012,Sep-12,9,2012,HELY-HUTCHINSON,Minor Dam,925,15.23,923,99.78
54285c6d-8f20-4dd2-a58d-59449750a6f9,18/09/2012,Sep-12,9,2012,HELY-HUTCHINSON,Minor Dam,925,15.23,923,99.78
fdf1b832-888b-454c-b3b2-ed1c8e113c47,19/09/2012,Sep-12,9,2012,HELY-HUTCHINSON,Minor Dam,925,15.23,923,99.78
1c89c8e4-207a-4b12-a253-8969ec0b6d6f,20/09/2012,Sep-12,9,2012,HELY-HUTCHINSON,Minor Dam,925,15.24,925,100
05f3da36-6d06-4bc3-a009-06cbff7ab1ea,21/09/2012,Sep-12,9,2012,HELY-HUTCHINSON,Minor Dam,925,15.23,923,99.78
f5ba1a7e-b898-4709-ba01-0d81d8b4eddf,22/09/2012,Sep-12,9,2012,HELY-HUTCHINSON,Minor Dam,925,15.33,939,101.51
1051e4db-3bca-4176-b3c4-b15a32e27fef,23/09/2012,Sep-12,9,2012,HELY-HUTCHINSON,Minor Dam,925,15.27,929,100.43
43c3eae5-3f8b-4761-9784-01fd12a8829a,24/09/2012,Sep-12,9,2012,HELY-HUTCHINSON,Minor Dam,925,15.26,928,100.32
62367489-7ec3-40a0-9573-772615733e99,25/09/2012,Sep-12,9,2012,HELY-HUTCHINSON,Minor Dam,925,15.26,928,100.32
94d70acc-2531-4598-9d21-797e7f2d0ed5,26/09/2012,Sep-12,9,2012,HELY-HUTCHINSON,Minor Dam,925,15.26,928,100.32
c433568e-e5b5-499c-89b9-1c92472de127,27/09/2012,Sep-12,9,2012,HELY-HUTCHINSON,Minor Dam,925,15.25,926,100.11
949cdab9-e57f-47f9-bcfa-d47bce8944d7,28/09/2012,Sep-12,9,2012,HELY-HUTCHINSON,Minor Dam,925,15.31,936,101.19
55da8108-d030-4045-b81e-d805bc9fc8bc,29/09/2012,Sep-12,9,2012,HELY-HUTCHINSON,Minor Dam,925,15.31,936,101.19
41968e4d-ab0b-4809-bae5-b154ff52a542,30/09/2012,Sep-12,9,2012,HELY-HUTCHINSON,Minor Dam,925,15.31,936,101.19
aeecef68-416f-4391-8b95-55947275ecd9,01/10/2012,Oct-12,10,2012,HELY-HUTCHINSON,Minor Dam,925,15.32,937,101.3
a69a38ba-81be-40bb-bb40-4b83fbf38ef2,02/10/2012,Oct-12,10,2012,HELY-HUTCHINSON,Minor Dam,925,15.24,925,100
0a2e7e29-dbd8-4706-a792-f9f7b264d5da,03/10/2012,Oct-12,10,2012,HELY-HUTCHINSON,Minor Dam,925,15.24,925,100
11fd5565-94bc-40fe-9d04-49f229129f08,04/10/2012,Oct-12,10,2012,HELY-HUTCHINSON,Minor Dam,925,15.24,925,100
89313d6a-89b2-48ff-94ec-8367200bde26,05/10/2012,Oct-12,10,2012,HELY-HUTCHINSON,Minor Dam,925,15.27,929,100.43
2034ee58-2ed4-4527-a7f0-f34cf705c6cc,06/10/2012,Oct-12,10,2012,HELY-HUTCHINSON,Minor Dam,925,15.26,928,100.32
6a869232-a094-4123-91ca-b347ceb2ef76,07/10/2012,Oct-12,10,2012,HELY-HUTCHINSON,Minor Dam,925,15.25,926,100.11
efa2add6-0d24-4b81-952a-52595c1b769f,08/10/2012,Oct-12,10,2012,HELY-HUTCHINSON,Minor Dam,925,15.25,926,100.11
7cc77dff-f0cd-4e48-9df3-2af1c8cc3677,09/10/2012,Oct-12,10,2012,HELY-HUTCHINSON,Minor Dam,925,15.25,926,100.11
86f56f91-2dba-40d2-aaf2-de658f2060f6,10/10/2012,Oct-12,10,2012,HELY-HUTCHINSON,Minor Dam,925,15.24,925,100
a2c0a612-d715-497e-bcbb-e98cf69eef74,11/10/2012,Oct-12,10,2012,HELY-HUTCHINSON,Minor Dam,925,15.24,925,100
7dae405d-2d93-4527-b8e3-dc9dac9d062b,12/10/2012,Oct-12,10,2012,HELY-HUTCHINSON,Minor Dam,925,15.24,925,100
3813df33-144c-4a75-b3c5-5fba90e02a8a,13/10/2012,Oct-12,10,2012,HELY-HUTCHINSON,Minor Dam,925,15.24,925,100
83aab981-7a69-4bdd-a106-65f7c3e8f445,14/10/2012,Oct-12,10,2012,HELY-HUTCHINSON,Minor Dam,925,15.23,923,99.78
7f681b20-b3c0-4877-baa4-68255e9d3af2,15/10/2012,Oct-12,10,2012,HELY-HUTCHINSON,Minor Dam,925,15.23,923,99.78
b4743944-185f-43a0-a551-955cdca59649,16/10/2012,Oct-12,10,2012,HELY-HUTCHINSON,Minor Dam,925,15.22,922,99.68
c88771ea-28b3-4315-b73a-d3315db4e056,17/10/2012,Oct-12,10,2012,HELY-HUTCHINSON,Minor Dam,925,15.22,922,99.68
d8c9013c-05ba-4c76-9006-ce53ee01dffc,18/10/2012,Oct-12,10,2012,HELY-HUTCHINSON,Minor Dam,925,15.22,922,99.68
074568e0-e436-4438-b291-458c4eb0bedf,19/10/2012,Oct-12,10,2012,HELY-HUTCHINSON,Minor Dam,925,15.22,922,99.68
6dff4ec2-511f-41a8-8beb-40fd7f698833,20/10/2012,Oct-12,10,2012,HELY-HUTCHINSON,Minor Dam,925,15.24,925,100
504f0679-73c5-44ba-ae88-0ab2ff31fe3f,21/10/2012,Oct-12,10,2012,HELY-HUTCHINSON,Minor Dam,925,15.27,929,100.43
886efbb7-7d3b-4b57-8dbc-203339e03d2a,22/10/2012,Oct-12,10,2012,HELY-HUTCHINSON,Minor Dam,925,15.26,928,100.32
b4c4b9e1-5531-4c44-b128-6a8d2124e462,23/10/2012,Oct-12,10,2012,HELY-HUTCHINSON,Minor Dam,925,15.26,928,100.32
6b53db95-2117-4de6-a6d1-151fedec8704,24/10/2012,Oct-12,10,2012,HELY-HUTCHINSON,Minor Dam,925,15.24,925,100
90ef60a8-9bf0-472c-bded-6d4bd026abee,25/10/2012,Oct-12,10,2012,HELY-HUTCHINSON,Minor Dam,925,15.24,925,100
3a95d5a9-993f-47b0-b9f2-d733c91afdb0,26/10/2012,Oct-12,10,2012,HELY-HUTCHINSON,Minor Dam,925,15.23,923,99.78
235d1370-439d-45af-ab18-867605878996,27/10/2012,Oct-12,10,2012,HELY-HUTCHINSON,Minor Dam,925,15.24,925,100
4befc1e2-c02a-4fc2-8483-993156412888,28/10/2012,Oct-12,10,2012,HELY-HUTCHINSON,Minor Dam,925,15.24,925,100
802b29da-20f2-48fe-8784-8356d2bb6ab6,29/10/2012,Oct-12,10,2012,HELY-HUTCHINSON,Minor Dam,925,15.24,925,100
e5881868-4483-415e-9cae-0fbe584286ea,30/10/2012,Oct-12,10,2012,HELY-HUTCHINSON,Minor Dam,925,15.24,925,100
6e85a31e-3d34-43e4-8419-68ab83628dbe,31/10/2012,Oct-12,10,2012,HELY-HUTCHINSON,Minor Dam,925,15.24,925,100
bc5f5c43-99ba-4e9b-be12-ac354ec93195,01/11/2012,Nov-12,11,2012,HELY-HUTCHINSON,Minor Dam,925,15.23,923,99.78
302e772a-acc7-4837-9679-3354b1e89e58,02/11/2012,Nov-12,11,2012,HELY-HUTCHINSON,Minor Dam,925,15.22,922,99.68
a02da849-c352-45c9-aafb-6d565e946264,03/11/2012,Nov-12,11,2012,HELY-HUTCHINSON,Minor Dam,925,15.22,922,99.68
885163ce-0a8b-4c27-8935-f7e96a5968aa,04/11/2012,Nov-12,11,2012,HELY-HUTCHINSON,Minor Dam,925,15.25,926,100.11
c88c1c70-2253-4eb0-a4c1-6ae19cbc2da9,05/11/2012,Nov-12,11,2012,HELY-HUTCHINSON,Minor Dam,925,15.25,926,100.11
3cbc728b-7425-4ca8-86aa-acde8687e81a,06/11/2012,Nov-12,11,2012,HELY-HUTCHINSON,Minor Dam,925,15.25,926,100.11
cde730c4-250c-4122-a973-8bb449145639,07/11/2012,Nov-12,11,2012,HELY-HUTCHINSON,Minor Dam,925,15.25,926,100.11
8e7b931c-d0f8-4b37-ac17-06cad767d131,08/11/2012,Nov-12,11,2012,HELY-HUTCHINSON,Minor Dam,925,15.21,920,99.46
a38068f7-f94d-4da6-a08b-adee8ac41c86,09/11/2012,Nov-12,11,2012,HELY-HUTCHINSON,Minor Dam,925,15.21,920,99.46
379d4871-bd6d-4eca-80d8-ce1adfe2e04f,10/11/2012,Nov-12,11,2012,HELY-HUTCHINSON,Minor Dam,925,15.21,920,99.46
ada4005e-2de0-42e2-8314-8b7196777035,11/11/2012,Nov-12,11,2012,HELY-HUTCHINSON,Minor Dam,925,15.2,918,99.24
1646f351-16de-4dfb-ac57-e235f5f4013c,12/11/2012,Nov-12,11,2012,HELY-HUTCHINSON,Minor Dam,925,15.19,917,99.14
df211d4b-54fa-454b-893c-d8b4109f19f0,13/11/2012,Nov-12,11,2012,HELY-HUTCHINSON,Minor Dam,925,15.19,917,99.14
07181fbc-493e-4a75-bba4-2990ce76e866,14/11/2012,Nov-12,11,2012,HELY-HUTCHINSON,Minor Dam,925,15.19,917,99.14
4ba0777b-3bf1-4802-b67b-017fcc6cbce4,15/11/2012,Nov-12,11,2012,HELY-HUTCHINSON,Minor Dam,925,15.19,917,99.14
c736221b-6f61-4ed4-a648-ae1bccdb59a6,16/11/2012,Nov-12,11,2012,HELY-HUTCHINSON,Minor Dam,925,15.19,917,99.14
24b3dde0-0de8-4892-812d-53e5140a870e,17/11/2012,Nov-12,11,2012,HELY-HUTCHINSON,Minor Dam,925,15.18,915,98.92
1a9e3550-c982-4cce-acb4-a015f3fc47de,18/11/2012,Nov-12,11,2012,HELY-HUTCHINSON,Minor Dam,925,15.18,915,98.92
deb01880-0271-40da-88f4-017532b9f833,19/11/2012,Nov-12,11,2012,HELY-HUTCHINSON,Minor Dam,925,15.18,915,98.92
35d08a6e-cfaa-40d0-9cc1-610f2be8ebe0,20/11/2012,Nov-12,11,2012,HELY-HUTCHINSON,Minor Dam,925,15.2,918,99.24
2a251f99-7b9c-4bfc-a611-27554f277578,21/11/2012,Nov-12,11,2012,HELY-HUTCHINSON,Minor Dam,925,15.19,917,99.14
1abb65c8-36fb-4858-9f6c-c7c6b19c8dd0,22/11/2012,Nov-12,11,2012,HELY-HUTCHINSON,Minor Dam,925,15.19,917,99.14
7a9dc62c-dd5c-4ec2-8bb5-8ad141abf3a3,23/11/2012,Nov-12,11,2012,HELY-HUTCHINSON,Minor Dam,925,15.19,917,99.14
aa5ab230-6f47-4fe5-8d17-719311fcef79,24/11/2012,Nov-12,11,2012,HELY-HUTCHINSON,Minor Dam,925,15.18,915,98.92
e3c3bf22-b272-4b07-bfcd-c6f85eead05a,25/11/2012,Nov-12,11,2012,HELY-HUTCHINSON,Minor Dam,925,15.22,922,99.68
bda06b06-43a0-4261-8955-c17d5a76b26b,26/11/2012,Nov-12,11,2012,HELY-HUTCHINSON,Minor Dam,925,15.25,926,100.11
ee28f8ad-3c93-4560-82df-c1853ad4aa12,27/11/2012,Nov-12,11,2012,HELY-HUTCHINSON,Minor Dam,925,15.23,923,99.78
04e278b8-9a10-4a0e-9e9f-2cef7c8c1364,28/11/2012,Nov-12,11,2012,HELY-HUTCHINSON,Minor Dam,925,15.23,923,99.78
ace13af2-369e-49bc-9533-4c34e16192c2,29/11/2012,Nov-12,11,2012,HELY-HUTCHINSON,Minor Dam,925,15.22,922,99.68
c36c2e54-92d2-4982-971c-25e15960696c,30/11/2012,Nov-12,11,2012,HELY-HUTCHINSON,Minor Dam,925,15.22,922,99.68
491ac1fc-5130-48d0-a856-28d8c1fffbf2,01/12/2012,Dec-12,12,2012,HELY-HUTCHINSON,Minor Dam,925,15.21,920,99.46
a52b3142-6aa1-450d-8e9d-84e2ccc988f1,02/12/2012,Dec-12,12,2012,HELY-HUTCHINSON,Minor Dam,925,15.2,918,99.24
76c4d5fd-1653-4daf-9e0a-dc096693fd81,03/12/2012,Dec-12,12,2012,HELY-HUTCHINSON,Minor Dam,925,15.2,918,99.24
271bf535-1eee-4a5d-a96a-bb6f9635b512,04/12/2012,Dec-12,12,2012,HELY-HUTCHINSON,Minor Dam,925,15.19,917,99.14
4550ea0d-faeb-4d6a-8dad-67703536e626,05/12/2012,Dec-12,12,2012,HELY-HUTCHINSON,Minor Dam,925,15.18,915,98.92
c559b80a-cc3b-4cbf-84e0-2abd615ff525,06/12/2012,Dec-12,12,2012,HELY-HUTCHINSON,Minor Dam,925,15.17,914,98.81
469471df-c161-4b5f-920c-fa57033bed03,07/12/2012,Dec-12,12,2012,HELY-HUTCHINSON,Minor Dam,925,15.17,914,98.81
5c9b603f-ff63-45cb-bcfb-337f3752ed8b,08/12/2012,Dec-12,12,2012,HELY-HUTCHINSON,Minor Dam,925,15.17,914,98.81
807844d2-f961-4794-964e-4000265e76d2,09/12/2012,Dec-12,12,2012,HELY-HUTCHINSON,Minor Dam,925,15.17,914,98.81
b812ce2b-37ec-407c-84df-772e8f606ef0,10/12/2012,Dec-12,12,2012,HELY-HUTCHINSON,Minor Dam,925,15.17,914,98.81
dc4f2706-9171-4254-97f6-99dc0ab870db,11/12/2012,Dec-12,12,2012,HELY-HUTCHINSON,Minor Dam,925,15.16,912,98.59
500b14e5-2c1b-443b-8061-5b410ecbbb65,12/12/2012,Dec-12,12,2012,HELY-HUTCHINSON,Minor Dam,925,15.15,911,98.49
4bcead8e-8423-4693-8c94-bc492dd42e21,13/12/2012,Dec-12,12,2012,HELY-HUTCHINSON,Minor Dam,925,15.14,909,98.27
22d14d13-a13c-42c2-bcbc-e30a8a4d6a93,14/12/2012,Dec-12,12,2012,HELY-HUTCHINSON,Minor Dam,925,15.14,909,98.27
ab20898b-4f19-425a-8699-54dc3f14245e,15/12/2012,Dec-12,12,2012,HELY-HUTCHINSON,Minor Dam,925,15.14,909,98.27
06c040a4-0c55-4a07-b5ec-38d3edb053d4,16/12/2012,Dec-12,12,2012,HELY-HUTCHINSON,Minor Dam,925,15.14,909,98.27
c4d25197-07d9-4edb-8f68-75e99a61c6e1,17/12/2012,Dec-12,12,2012,HELY-HUTCHINSON,Minor Dam,925,15.14,909,98.27
aee90041-075f-47c1-abc2-e8f3f871a6cd,18/12/2012,Dec-12,12,2012,HELY-HUTCHINSON,Minor Dam,925,15.14,909,98.27
4e412851-66df-4120-b2a1-1b6acef7dd23,19/12/2012,Dec-12,12,2012,HELY-HUTCHINSON,Minor Dam,925,15.14,909,98.27
7ecb393f-fb00-4402-8bc6-61291f093afa,20/12/2012,Dec-12,12,2012,HELY-HUTCHINSON,Minor Dam,925,15.14,909,98.27
9db85416-11c1-47b3-8646-74ef240807e9,21/12/2012,Dec-12,12,2012,HELY-HUTCHINSON,Minor Dam,925,15.14,909,98.27
3f85b513-cfc9-46c1-ae28-46fe75180ad0,22/12/2012,Dec-12,12,2012,HELY-HUTCHINSON,Minor Dam,925,15.12,906,97.95
dcd2375f-378c-4db9-bf24-60dcb3c89888,23/12/2012,Dec-12,12,2012,HELY-HUTCHINSON,Minor Dam,925,15.11,904,97.73
72745a5d-4091-4899-8f86-8213a01543bd,24/12/2012,Dec-12,12,2012,HELY-HUTCHINSON,Minor Dam,925,15.1,903,97.62
c4af130c-92c0-400f-acab-d68deb467506,25/12/2012,Dec-12,12,2012,HELY-HUTCHINSON,Minor Dam,925,15.1,903,97.62
ff90f6ce-0be1-49cd-9956-06a4b451ac63,26/12/2012,Dec-12,12,2012,HELY-HUTCHINSON,Minor Dam,925,15.09,901,97.41
db2aa256-47e2-425d-84b5-ce9dd9f95728,27/12/2012,Dec-12,12,2012,HELY-HUTCHINSON,Minor Dam,925,15.09,901,97.41
ecc35a0d-0c97-45d4-814c-d082b7e02d82,28/12/2012,Dec-12,12,2012,HELY-HUTCHINSON,Minor Dam,925,15.08,900,97.3
66562bf0-6d34-4df7-8024-1b10cf777a57,29/12/2012,Dec-12,12,2012,HELY-HUTCHINSON,Minor Dam,925,15.07,898,97.08
82cd92c8-0c99-40ad-a56f-5e845797c0fd,30/12/2012,Dec-12,12,2012,HELY-HUTCHINSON,Minor Dam,925,15.07,898,97.08
4d472422-22fa-4330-aad3-89aaba200115,31/12/2012,Dec-12,12,2012,HELY-HUTCHINSON,Minor Dam,925,15.06,896,96.86
68091350-e790-4107-9f5e-7a1c50e6208a,01/01/2013,Jan-13,1,2013,HELY-HUTCHINSON,Minor Dam,925,15.06,896,96.86
5ae6d6fe-ce84-43cd-bb0e-c58624ef3c12,02/01/2013,Jan-13,1,2013,HELY-HUTCHINSON,Minor Dam,925,15.05,895,96.76
586c11b5-7426-44ec-93d6-940b7d856373,03/01/2013,Jan-13,1,2013,HELY-HUTCHINSON,Minor Dam,925,15.04,893,96.54
12842545-abd8-4ccd-b72e-1569bd0b835e,04/01/2013,Jan-13,1,2013,HELY-HUTCHINSON,Minor Dam,925,15.03,892,96.43
db28c5b0-147e-4325-ba19-609b39ccf531,05/01/2013,Jan-13,1,2013,HELY-HUTCHINSON,Minor Dam,925,15.03,892,96.43
d56b52df-626d-4b63-b930-02c646d1eff7,06/01/2013,Jan-13,1,2013,HELY-HUTCHINSON,Minor Dam,925,15.03,892,96.43
c54f63b2-1c64-4465-812e-d0e19e1f72a0,07/01/2013,Jan-13,1,2013,HELY-HUTCHINSON,Minor Dam,925,15.03,892,96.43
ba4bcd1c-dd6c-41ae-baf3-3d51bbea47c9,08/01/2013,Jan-13,1,2013,HELY-HUTCHINSON,Minor Dam,925,15.01,889,96.11
ab5706f2-26e3-4239-adb1-f96e5b51603d,09/01/2013,Jan-13,1,2013,HELY-HUTCHINSON,Minor Dam,925,15,887,95.89
19690ce2-9dfd-4b20-8602-0b0b1ca6bf5a,10/01/2013,Jan-13,1,2013,HELY-HUTCHINSON,Minor Dam,925,15,887,95.89
d47dc704-b5cb-4688-9c1a-02eb0ff16bd4,11/01/2013,Jan-13,1,2013,HELY-HUTCHINSON,Minor Dam,925,15.01,889,96.11
b9a45244-ca24-4303-9a42-c32af93b4c61,12/01/2013,Jan-13,1,2013,HELY-HUTCHINSON,Minor Dam,925,15.03,892,96.43
d1b280f9-6c6e-4931-ae19-297bdbebfa13,13/01/2013,Jan-13,1,2013,HELY-HUTCHINSON,Minor Dam,925,15.06,896,96.86
e3d2c1d4-e5d3-439d-a890-780a4520da11,14/01/2013,Jan-13,1,2013,HELY-HUTCHINSON,Minor Dam,925,15.06,896,96.86
02a3a32e-be1c-4042-b887-56930079bebd,15/01/2013,Jan-13,1,2013,HELY-HUTCHINSON,Minor Dam,925,15.05,895,96.76
0f454533-134c-442e-b082-b72f7930f63d,16/01/2013,Jan-13,1,2013,HELY-HUTCHINSON,Minor Dam,925,14.97,882,95.35
2dd865a7-de65-4d54-a8db-365cdc6f56ba,17/01/2013,Jan-13,1,2013,HELY-HUTCHINSON,Minor Dam,925,14.98,884,95.57
fdfc3405-d95d-4f70-87f6-9537d73d51a2,18/01/2013,Jan-13,1,2013,HELY-HUTCHINSON,Minor Dam,925,14.98,884,95.57
69b94e11-e030-4fdb-bb61-fd8b48a5a502,19/01/2013,Jan-13,1,2013,HELY-HUTCHINSON,Minor Dam,925,14.97,882,95.35
efcfffd8-6c75-424f-8cd5-3a99a3ae6edf,20/01/2013,Jan-13,1,2013,HELY-HUTCHINSON,Minor Dam,925,14.96,881,95.24
262bfa24-7871-4172-846b-0aec28324f0c,21/01/2013,Jan-13,1,2013,HELY-HUTCHINSON,Minor Dam,925,14.96,881,95.24
09b4db05-c947-4b44-985e-440b1b8bda34,22/01/2013,Jan-13,1,2013,HELY-HUTCHINSON,Minor Dam,925,14.95,879,95.03
86b9e741-9a65-4ce8-8f29-d1785996daf7,23/01/2013,Jan-13,1,2013,HELY-HUTCHINSON,Minor Dam,925,14.95,879,95.03
976b81db-38d3-4320-b904-7cfb1aa3715a,24/01/2013,Jan-13,1,2013,HELY-HUTCHINSON,Minor Dam,925,14.95,879,95.03
9c14c304-f3ee-45db-8287-e404baa7478e,25/01/2013,Jan-13,1,2013,HELY-HUTCHINSON,Minor Dam,925,14.93,876,94.7
694f401c-e11d-4711-ba2f-3610d7ce7441,26/01/2013,Jan-13,1,2013,HELY-HUTCHINSON,Minor Dam,925,14.9,871,94.16
33d43fdb-0e05-4127-a6bb-7766ba427800,27/01/2013,Jan-13,1,2013,HELY-HUTCHINSON,Minor Dam,925,14.83,861,93.08
6158b36d-cd3d-4206-b9ff-c4e4c47dccfc,28/01/2013,Jan-13,1,2013,HELY-HUTCHINSON,Minor Dam,925,14.76,850,91.89
9537d894-5d63-4cd6-bbcd-f97a8c99ac26,29/01/2013,Jan-13,1,2013,HELY-HUTCHINSON,Minor Dam,925,14.68,838,90.59
8ee5592e-3b52-4f85-ae17-eb826daba1c9,30/01/2013,Jan-13,1,2013,HELY-HUTCHINSON,Minor Dam,925,14.66,835,90.27
5ad0f376-f41c-4e14-8fd6-04fae506816b,31/01/2013,Jan-13,1,2013,HELY-HUTCHINSON,Minor Dam,925,14.63,830,89.73
3fa98df0-e5ca-4454-9536-f8a5cca3424a,01/02/2013,Feb-13,2,2013,HELY-HUTCHINSON,Minor Dam,925,14.57,821,88.76
9b84ae06-431e-48d9-90ff-00add9f8cb5c,02/02/2013,Feb-13,2,2013,HELY-HUTCHINSON,Minor Dam,925,14.5,811,87.68
f3046e07-0b6c-48a8-a917-03f841914f66,03/02/2013,Feb-13,2,2013,HELY-HUTCHINSON,Minor Dam,925,14.46,805,87.03
0c366c88-0103-4d31-9236-7e9ea4b7af03,04/02/2013,Feb-13,2,2013,HELY-HUTCHINSON,Minor Dam,925,14.42,800,86.49
5704c042-aacf-4f38-b150-e068c874f6a4,05/02/2013,Feb-13,2,2013,HELY-HUTCHINSON,Minor Dam,925,14.39,795,85.95
2de43afe-c522-42d6-82f6-1ce76db7e5de,06/02/2013,Feb-13,2,2013,HELY-HUTCHINSON,Minor Dam,925,14.35,789,85.3
dc17182d-13fe-4335-a645-21b44bdab106,07/02/2013,Feb-13,2,2013,HELY-HUTCHINSON,Minor Dam,925,14.26,776,83.89
a70c0a8d-b9d1-4194-a9fd-41ecb0224082,08/02/2013,Feb-13,2,2013,HELY-HUTCHINSON,Minor Dam,925,14.18,764,82.59
9f72c236-41ab-4edb-80e0-8a82b1fa62f8,09/02/2013,Feb-13,2,2013,HELY-HUTCHINSON,Minor Dam,925,14.01,739,79.89
09207aa7-ff7f-4c4c-b38b-2dcf48088901,10/02/2013,Feb-13,2,2013,HELY-HUTCHINSON,Minor Dam,925,13.82,711,76.86
6dd5f21f-19e0-4155-ad9d-9d86c4118d79,11/02/2013,Feb-13,2,2013,HELY-HUTCHINSON,Minor Dam,925,13.64,685,74.05
6ba80136-97dc-4e64-8bec-2c74bd39f121,12/02/2013,Feb-13,2,2013,HELY-HUTCHINSON,Minor Dam,925,13.51,666,72
6f482962-fbcd-4c6a-a844-b844a8098c3c,13/02/2013,Feb-13,2,2013,HELY-HUTCHINSON,Minor Dam,925,13.42,653,70.59
bad7a782-b50f-47ab-93e4-2eb0113ed3a5,14/02/2013,Feb-13,2,2013,HELY-HUTCHINSON,Minor Dam,925,13.31,637,68.86
bda79c7f-6f0e-4de5-93af-f97acb8b0e39,15/02/2013,Feb-13,2,2013,HELY-HUTCHINSON,Minor Dam,925,13.2,622,67.24
70c63d57-8bdf-48ec-9289-cc88508571a3,16/02/2013,Feb-13,2,2013,HELY-HUTCHINSON,Minor Dam,925,13.14,613,66.27
09ecaf9c-f6fe-468d-9a81-6afdcda7826e,17/02/2013,Feb-13,2,2013,HELY-HUTCHINSON,Minor Dam,925,12.98,593,64.11
15744ff1-a268-4cd6-8f82-485db983ca15,18/02/2013,Feb-13,2,2013,HELY-HUTCHINSON,Minor Dam,925,12.87,578,62.49
0d8ab09a-8d60-40d0-9934-b63f343a6369,19/02/2013,Feb-13,2,2013,HELY-HUTCHINSON,Minor Dam,925,12.76,565,61.08
3ed05507-e792-465e-9ddf-b20c83f482d6,20/02/2013,Feb-13,2,2013,HELY-HUTCHINSON,Minor Dam,925,12.63,549,59.35
2caa67b7-0ea7-4b2f-9dc2-ad7a9de1359a,21/02/2013,Feb-13,2,2013,HELY-HUTCHINSON,Minor Dam,925,12.41,522,56.43
cad8efd8-9bcc-4a03-9f25-6e43f9e799b9,22/02/2013,Feb-13,2,2013,HELY-HUTCHINSON,Minor Dam,925,12.21,496,53.62
dd634b5a-e0fc-4b6f-95e1-553113e1aca1,23/02/2013,Feb-13,2,2013,HELY-HUTCHINSON,Minor Dam,925,11.92,462,49.95
3026f499-3451-4aa8-b0fc-5178954e9e77,24/02/2013,Feb-13,2,2013,HELY-HUTCHINSON,Minor Dam,925,11.62,429,46.38
06ed6078-19e3-4750-9c6f-c07cbdb88856,25/02/2013,Feb-13,2,2013,HELY-HUTCHINSON,Minor Dam,925,11.33,399,43.14
46cadba8-5faf-432d-9d02-39962bd84c16,26/02/2013,Feb-13,2,2013,HELY-HUTCHINSON,Minor Dam,925,11.1,376,40.65
62318974-d435-4d22-963f-1a725a31a1a0,27/02/2013,Feb-13,2,2013,HELY-HUTCHINSON,Minor Dam,925,10.87,354,38.27
5ab2164d-e5a6-447a-b68d-3c0842e5732e,28/02/2013,Feb-13,2,2013,HELY-HUTCHINSON,Minor Dam,925,10.61,329,35.57
7f4e0bbb-caa6-4472-a723-31f32d1325e8,01/03/2013,Mar-13,3,2013,HELY-HUTCHINSON,Minor Dam,925,10.36,307,33.19
eceebd48-8f4c-42c6-9e11-deee3391a47c,02/03/2013,Mar-13,3,2013,HELY-HUTCHINSON,Minor Dam,925,10,276,29.84
d253f9bc-4548-4b57-acc8-a2b6f14717a8,03/03/2013,Mar-13,3,2013,HELY-HUTCHINSON,Minor Dam,925,9.71,252,27.24
b82476c9-90f7-4e83-b554-ce22d859f023,04/03/2013,Mar-13,3,2013,HELY-HUTCHINSON,Minor Dam,925,9.33,224,24.22
ec1e2063-00ab-45e0-9208-ff52bba94324,05/03/2013,Mar-13,3,2013,HELY-HUTCHINSON,Minor Dam,925,9.01,202,21.84
2a85c3ef-d30a-42eb-93de-941902d34f0f,06/03/2013,Mar-13,3,2013,HELY-HUTCHINSON,Minor Dam,925,8.71,183,19.78
eaaa1a16-a00e-4485-bf5b-2f4fd8019826,07/03/2013,Mar-13,3,2013,HELY-HUTCHINSON,Minor Dam,925,8.27,157,16.97
4f5420f2-7800-4d35-82f0-46fade09e871,08/03/2013,Mar-13,3,2013,HELY-HUTCHINSON,Minor Dam,925,7.76,129,13.95
5c3f6076-252b-4b38-a4ac-7ac7d35bea35,09/03/2013,Mar-13,3,2013,HELY-HUTCHINSON,Minor Dam,925,7.33,110,11.89
7411795e-209e-4ed2-bee2-e8f168fcd883,10/03/2013,Mar-13,3,2013,HELY-HUTCHINSON,Minor Dam,925,7.46,115,12.43
88be4912-276e-4aec-8bac-3b50ef5d3054,11/03/2013,Mar-13,3,2013,HELY-HUTCHINSON,Minor Dam,925,7.06,98,10.59
619c9491-5fbc-4ace-a281-a61a287b61f6,12/03/2013,Mar-13,3,2013,HELY-HUTCHINSON,Minor Dam,925,6.45,75,8.11
c7399c0a-a0df-423a-83c7-b8b3dedd16ec,13/03/2013,Mar-13,3,2013,HELY-HUTCHINSON,Minor Dam,925,5.82,55,5.95
e37bb52d-a921-4c02-b4bb-771179686b74,14/03/2013,Mar-13,3,2013,HELY-HUTCHINSON,Minor Dam,925,4.83,31,3.35
84276350-bb8f-41b8-bba5-ebf458f98e5d,15/03/2013,Mar-13,3,2013,HELY-HUTCHINSON,Minor Dam,925,0,0,0
f2699a96-2887-436e-b216-0d6c3116a8ba,16/03/2013,Mar-13,3,2013,HELY-HUTCHINSON,Minor Dam,925,0,0,0
3c833def-5b2e-4665-bc6f-e673dfd73131,17/03/2013,Mar-13,3,2013,HELY-HUTCHINSON,Minor Dam,925,0,0,0
7f237721-4937-4013-9d24-c40223ff0c15,18/03/2013,Mar-13,3,2013,HELY-HUTCHINSON,Minor Dam,925,0,0,0
0a12ecc6-88aa-4430-88b3-1e41356ca049,19/03/2013,Mar-13,3,2013,HELY-HUTCHINSON,Minor Dam,925,0,0,0
f4446e74-61f3-4dbd-9668-33d22f056c2e,20/03/2013,Mar-13,3,2013,HELY-HUTCHINSON,Minor Dam,925,0,0,0
9ba59815-bf97-443f-8264-465cef388f95,21/03/2013,Mar-13,3,2013,HELY-HUTCHINSON,Minor Dam,925,0,0,0
3e4b6832-8341-46d2-8f7a-e7b6b5af65c9,22/03/2013,Mar-13,3,2013,HELY-HUTCHINSON,Minor Dam,925,0,0,0
d9450736-d606-4f48-a1a0-4a5cda650c56,23/03/2013,Mar-13,3,2013,HELY-HUTCHINSON,Minor Dam,925,0,0,0
69825c98-ef06-4f2d-bfa8-82941deb26de,24/03/2013,Mar-13,3,2013,HELY-HUTCHINSON,Minor Dam,925,0,0,0
2d48e86a-c640-4b0c-ade3-0d41e5e22c50,25/03/2013,Mar-13,3,2013,HELY-HUTCHINSON,Minor Dam,925,0,0,0
076ecd83-8a78-47d9-a836-d413f8f1d3a9,26/03/2013,Mar-13,3,2013,HELY-HUTCHINSON,Minor Dam,925,0,0,0
838fdeb9-ddae-473e-bdb4-85e92eceb409,27/03/2013,Mar-13,3,2013,HELY-HUTCHINSON,Minor Dam,925,0,0,0
0cd447da-d017-4a08-8556-34dd13ab3243,28/03/2013,Mar-13,3,2013,HELY-HUTCHINSON,Minor Dam,925,0,0,0
6248bfda-5eb1-4821-a702-18c377091bae,29/03/2013,Mar-13,3,2013,HELY-HUTCHINSON,Minor Dam,925,0,0,0
9bc40d1a-d94e-40a0-a106-84db47dcd9a4,30/03/2013,Mar-13,3,2013,HELY-HUTCHINSON,Minor Dam,925,0,0,0
44abe5e2-194b-4d9b-894f-c48d598446bd,31/03/2013,Mar-13,3,2013,HELY-HUTCHINSON,Minor Dam,925,0,0,0
2eb2f7fa-3fee-4fc3-97bd-9e555015ce53,01/04/2013,Apr-13,4,2013,HELY-HUTCHINSON,Minor Dam,925,0,0,0
a69b3cb9-47a3-49db-8730-1ea134d9e619,02/04/2013,Apr-13,4,2013,HELY-HUTCHINSON,Minor Dam,925,0,0,0
6ea38d42-12d1-4ddf-8352-823c88f875e9,03/04/2013,Apr-13,4,2013,HELY-HUTCHINSON,Minor Dam,925,0,0,0
85a09a2c-cd4e-43b1-bab8-14254d0e5f9e,04/04/2013,Apr-13,4,2013,HELY-HUTCHINSON,Minor Dam,925,0,0,0
91e58d62-e97b-4c52-a483-e7fb0b4958d2,05/04/2013,Apr-13,4,2013,HELY-HUTCHINSON,Minor Dam,925,0,0,0
d88c9d1d-697c-4af7-bedb-2752aeccf891,06/04/2013,Apr-13,4,2013,HELY-HUTCHINSON,Minor Dam,925,0,0,0
bf7c110b-124c-4b97-8ec2-c82d99767069,07/04/2013,Apr-13,4,2013,HELY-HUTCHINSON,Minor Dam,925,0,0,0
b3cbae57-867e-42ce-8603-310be2696665,08/04/2013,Apr-13,4,2013,HELY-HUTCHINSON,Minor Dam,925,0,0,0
5d727a44-dd37-4819-8e45-25d50a127f64,09/04/2013,Apr-13,4,2013,HELY-HUTCHINSON,Minor Dam,925,0,0,0
d12246a4-e7d6-40a9-88b4-ea67e153818d,10/04/2013,Apr-13,4,2013,HELY-HUTCHINSON,Minor Dam,925,0,0,0
8709a6e5-a00f-4fc1-8580-08bd15b14c2d,11/04/2013,Apr-13,4,2013,HELY-HUTCHINSON,Minor Dam,925,0,0,0
3292255d-f577-45a8-8757-c562d31cfe08,12/04/2013,Apr-13,4,2013,HELY-HUTCHINSON,Minor Dam,925,0,0,0
fba350f8-69de-440d-b95c-122737c6f35e,13/04/2013,Apr-13,4,2013,HELY-HUTCHINSON,Minor Dam,925,0,0,0
c071a5a3-c9d8-4806-8c5e-2b35406b19c2,14/04/2013,Apr-13,4,2013,HELY-HUTCHINSON,Minor Dam,925,0,0,0
f3d288a5-2c65-4d18-99aa-6f514ee7b976,15/04/2013,Apr-13,4,2013,HELY-HUTCHINSON,Minor Dam,925,0,0,0
8b03ecdc-14e9-4638-a6fa-683bcb4e48d5,16/04/2013,Apr-13,4,2013,HELY-HUTCHINSON,Minor Dam,925,0,0,0
149da07a-37f7-43f8-8fdd-2ae2bd8fc340,17/04/2013,Apr-13,4,2013,HELY-HUTCHINSON,Minor Dam,925,0,0,0
c7659218-da92-486e-bc5c-4f32e86e46e3,18/04/2013,Apr-13,4,2013,HELY-HUTCHINSON,Minor Dam,925,0,0,0
826039cb-d757-4591-a801-9c1fd1d46908,19/04/2013,Apr-13,4,2013,HELY-HUTCHINSON,Minor Dam,925,0,0,0
43989acc-6e28-41e1-ae3f-69beeaed9af9,20/04/2013,Apr-13,4,2013,HELY-HUTCHINSON,Minor Dam,925,9.8,259,28
dc6f90b5-4f1d-49d1-a3f7-b8e3ebb68ab9,21/04/2013,Apr-13,4,2013,HELY-HUTCHINSON,Minor Dam,925,9.86,264,28.54
f30bdb3e-47d4-4341-bc8f-35124f3ef224,22/04/2013,Apr-13,4,2013,HELY-HUTCHINSON,Minor Dam,925,9.91,268,28.97
74c49d31-5557-4c08-a43b-1f23abf9bfe7,23/04/2013,Apr-13,4,2013,HELY-HUTCHINSON,Minor Dam,925,9.92,269,29.08
370ab798-0d82-4d2b-b949-2f113c00c930,24/04/2013,Apr-13,4,2013,HELY-HUTCHINSON,Minor Dam,925,9.94,271,29.3
b4518d5f-8001-49cb-b7e4-a955d1ef15cb,25/04/2013,Apr-13,4,2013,HELY-HUTCHINSON,Minor Dam,925,9.96,273,29.51
9ab47354-623a-497d-b625-3918b4e4531b,26/04/2013,Apr-13,4,2013,HELY-HUTCHINSON,Minor Dam,925,9.98,274,29.62
fa5df51b-f967-4c8b-a589-1d5afc738a4c,27/04/2013,Apr-13,4,2013,HELY-HUTCHINSON,Minor Dam,925,9.98,274,29.62
f24a9fba-d82c-470c-ace1-b88490a9be10,28/04/2013,Apr-13,4,2013,HELY-HUTCHINSON,Minor Dam,925,9.99,275,29.73
28692725-91e9-410f-9095-9e3dbfc5534d,29/04/2013,Apr-13,4,2013,HELY-HUTCHINSON,Minor Dam,925,9.99,275,29.73
27d680d2-bdac-45b0-8409-8b7cc4bf287f,30/04/2013,Apr-13,4,2013,HELY-HUTCHINSON,Minor Dam,925,9.99,275,29.73
5d813f02-d0dd-4711-b516-ba345b056068,01/05/2013,May-13,5,2013,HELY-HUTCHINSON,Minor Dam,925,9.99,275,29.73
712ef711-d792-477a-9b40-96c5a4654d8d,02/05/2013,May-13,5,2013,HELY-HUTCHINSON,Minor Dam,925,9.99,275,29.73
b8e83df2-65fa-4e27-aca2-3425a1798214,03/05/2013,May-13,5,2013,HELY-HUTCHINSON,Minor Dam,925,9.99,275,29.73
cf69452e-1f18-4af6-aa51-9008003f4af9,04/05/2013,May-13,5,2013,HELY-HUTCHINSON,Minor Dam,925,10.2,293,31.68
d0060f3b-3937-411e-bacb-983b31d7698f,05/05/2013,May-13,5,2013,HELY-HUTCHINSON,Minor Dam,925,10.29,301,32.54
40fe8a9a-611d-441d-ada1-9d43f8c8a1b2,06/05/2013,May-13,5,2013,HELY-HUTCHINSON,Minor Dam,925,10.32,304,32.86
f2f38dfd-7f73-4053-9590-2ef3cc3f1ef6,07/05/2013,May-13,5,2013,HELY-HUTCHINSON,Minor Dam,925,10.38,309,33.41
fd2208e6-0af7-4f9a-8c4b-11f6db607767,08/05/2013,May-13,5,2013,HELY-HUTCHINSON,Minor Dam,925,10.38,309,33.41
918f35c5-8be5-433d-b3e2-9f8e41bb5b49,09/05/2013,May-13,5,2013,HELY-HUTCHINSON,Minor Dam,925,10.38,309,33.41
8e7ff8ac-555c-4d1c-8e92-bf2a27e287e2,10/05/2013,May-13,5,2013,HELY-HUTCHINSON,Minor Dam,925,10.43,313,33.84
bccdf0c3-1466-4c6c-9cc7-a64c5efa9ba0,11/05/2013,May-13,5,2013,HELY-HUTCHINSON,Minor Dam,925,10.45,315,34.05
858e0a2c-d10a-4a8b-9e18-b9140f385ae7,12/05/2013,May-13,5,2013,HELY-HUTCHINSON,Minor Dam,925,10.46,316,34.16
997ced42-2fae-41c4-97ac-d00dbb5c00ab,13/05/2013,May-13,5,2013,HELY-HUTCHINSON,Minor Dam,925,10.47,317,34.27
60a423dd-b09c-40a2-bcf7-81bd79c58d63,14/05/2013,May-13,5,2013,HELY-HUTCHINSON,Minor Dam,925,10.48,318,34.38
99d6c8b8-c5ba-460d-930b-98fbfc1f3bdb,15/05/2013,May-13,5,2013,HELY-HUTCHINSON,Minor Dam,925,10.49,319,34.49
08303540-6cec-4264-842a-89fa87b3a78d,16/05/2013,May-13,5,2013,HELY-HUTCHINSON,Minor Dam,925,10.5,320,34.59
e3740be3-f2f8-4c21-b6d6-bff45456ce1a,17/05/2013,May-13,5,2013,HELY-HUTCHINSON,Minor Dam,925,10.51,320,34.59
d4f77b12-be93-4329-86ed-a856f1cd3155,18/05/2013,May-13,5,2013,HELY-HUTCHINSON,Minor Dam,925,10.52,321,34.7
57244eae-c17a-4c48-b4d4-ea56f987ec34,19/05/2013,May-13,5,2013,HELY-HUTCHINSON,Minor Dam,925,10.52,321,34.7
8bc39612-b3a7-4b8e-bd16-25ec791cbf49,20/05/2013,May-13,5,2013,HELY-HUTCHINSON,Minor Dam,925,10.42,313,33.84
55a8220b-c722-458b-840d-117ae73f4421,21/05/2013,May-13,5,2013,HELY-HUTCHINSON,Minor Dam,925,10.52,321,34.7
b0cf3945-9da0-4f02-a467-9bbbaed00fae,22/05/2013,May-13,5,2013,HELY-HUTCHINSON,Minor Dam,925,10.54,323,34.92
90d22590-b54f-496c-a331-6fbe7c90cf61,23/05/2013,May-13,5,2013,HELY-HUTCHINSON,Minor Dam,925,10.55,324,35.03
728aedbb-4fdc-44da-a398-19efbf96ccd3,24/05/2013,May-13,5,2013,HELY-HUTCHINSON,Minor Dam,925,10.56,325,35.14
1e73bd3b-2df2-4387-bd97-9c9f64c5ae70,25/05/2013,May-13,5,2013,HELY-HUTCHINSON,Minor Dam,925,10.56,325,35.14
194016d2-b4db-43b5-a239-d55a34e2e6da,26/05/2013,May-13,5,2013,HELY-HUTCHINSON,Minor Dam,925,10.56,325,35.14
0fb6c48e-7505-40a1-98d5-db8a30a66769,27/05/2013,May-13,5,2013,HELY-HUTCHINSON,Minor Dam,925,10.76,343,37.08
5fbee121-5be3-411c-8db6-2aa596a01112,28/05/2013,May-13,5,2013,HELY-HUTCHINSON,Minor Dam,925,11.76,444,48
c510f3a6-99f6-4848-b504-6615fc30ebae,29/05/2013,May-13,5,2013,HELY-HUTCHINSON,Minor Dam,925,12.07,480,51.89
709bf89e-34e6-46a8-9134-102d7768b0cd,30/05/2013,May-13,5,2013,HELY-HUTCHINSON,Minor Dam,925,12.22,498,53.84
5306aefd-ef1f-4be7-9e94-c8b0c435cf6b,31/05/2013,May-13,5,2013,HELY-HUTCHINSON,Minor Dam,925,12.66,553,59.78
3719d815-5a64-4c20-af89-5c0140da51c3,01/06/2013,Jun-13,6,2013,HELY-HUTCHINSON,Minor Dam,925,13.19,620,67.03
002244fd-bcce-4f8f-b376-c8edbadc191a,02/06/2013,Jun-13,6,2013,HELY-HUTCHINSON,Minor Dam,925,13.38,647,69.95
6661c3b4-5a63-4cdf-96f8-c4bbd909909f,03/06/2013,Jun-13,6,2013,HELY-HUTCHINSON,Minor Dam,925,14.34,788,85.19
e615722e-e071-4a52-bc6e-9051793a7760,04/06/2013,Jun-13,6,2013,HELY-HUTCHINSON,Minor Dam,925,14.58,823,88.97
83cd8a45-776d-4daa-82f2-4632878547b4,05/06/2013,Jun-13,6,2013,HELY-HUTCHINSON,Minor Dam,925,14.72,844,91.24
dca243dc-fb28-4b2b-ae0f-d37d71ce6964,06/06/2013,Jun-13,6,2013,HELY-HUTCHINSON,Minor Dam,925,14.78,853,92.22
67c81b30-76ba-4412-b0bc-2a11b8d3dd96,07/06/2013,Jun-13,6,2013,HELY-HUTCHINSON,Minor Dam,925,14.9,871,94.16
5c56dda6-5323-451f-a822-d35be65d246b,08/06/2013,Jun-13,6,2013,HELY-HUTCHINSON,Minor Dam,925,14.93,876,94.7
19839755-7115-4cf8-8a06-b123a716a8bb,09/06/2013,Jun-13,6,2013,HELY-HUTCHINSON,Minor Dam,925,15.34,940,101.62
9d946127-3040-4507-9dc1-344bb32a1c16,10/06/2013,Jun-13,6,2013,HELY-HUTCHINSON,Minor Dam,925,15.3,934,100.97
49ab9e05-07b9-4d6b-99f1-92ddf4bfbc2a,11/06/2013,Jun-13,6,2013,HELY-HUTCHINSON,Minor Dam,925,15.26,928,100.32
1572406f-eab2-4220-954c-5bcae145448e,12/06/2013,Jun-13,6,2013,HELY-HUTCHINSON,Minor Dam,925,15.24,925,100
70744620-2be5-4163-b0db-74d517a25e18,13/06/2013,Jun-13,6,2013,HELY-HUTCHINSON,Minor Dam,925,15.24,925,100
ee095a47-9664-49c9-b6bf-4b60d110f59f,14/06/2013,Jun-13,6,2013,HELY-HUTCHINSON,Minor Dam,925,15.26,928,100.32
bcb2fdb8-4db1-47ad-ae76-1cfabef0478e,15/06/2013,Jun-13,6,2013,HELY-HUTCHINSON,Minor Dam,925,15.36,943,101.95
ca9d04c7-cd19-4bc5-acf2-9fdede5faaf4,16/06/2013,Jun-13,6,2013,HELY-HUTCHINSON,Minor Dam,925,15.28,931,100.65
0d4f70f3-52ab-4e67-8630-5d8db560cb55,17/06/2013,Jun-13,6,2013,HELY-HUTCHINSON,Minor Dam,925,15.26,928,100.32
eb0e88bc-6478-4d70-8489-38ad4528e9d2,18/06/2013,Jun-13,6,2013,HELY-HUTCHINSON,Minor Dam,925,15.25,926,100.11
eb2c97cc-96a3-4be2-a570-0f745536b1bd,19/06/2013,Jun-13,6,2013,HELY-HUTCHINSON,Minor Dam,925,15.24,925,100
1771f8da-b47e-4463-9cf0-abc31171caad,20/06/2013,Jun-13,6,2013,HELY-HUTCHINSON,Minor Dam,925,15.27,929,100.43
4527f898-ce7f-4893-bfe8-be1cac1ac52f,21/06/2013,Jun-13,6,2013,HELY-HUTCHINSON,Minor Dam,925,15.26,928,100.32
afb585a7-87ba-41b0-9c10-e9cd18511369,22/06/2013,Jun-13,6,2013,HELY-HUTCHINSON,Minor Dam,925,15.24,925,100
d379dee7-f750-4402-92e3-036ac9d69a0b,23/06/2013,Jun-13,6,2013,HELY-HUTCHINSON,Minor Dam,925,15.29,932,100.76
e5bff7db-dc3f-486c-9993-850eece873ad,24/06/2013,Jun-13,6,2013,HELY-HUTCHINSON,Minor Dam,925,15.28,931,100.65
0b5b5260-89b1-4e8c-9eab-6a97877a802b,25/06/2013,Jun-13,6,2013,HELY-HUTCHINSON,Minor Dam,925,15.26,928,100.32
c0d51ac0-bab7-4465-a9a9-af0124d79131,26/06/2013,Jun-13,6,2013,HELY-HUTCHINSON,Minor Dam,925,15.45,958,103.57
a587f28f-2ee9-465f-95b4-3b749253fa45,27/06/2013,Jun-13,6,2013,HELY-HUTCHINSON,Minor Dam,925,15.3,934,100.97
5f26fae2-9f88-4c37-a288-3f27166ac51c,28/06/2013,Jun-13,6,2013,HELY-HUTCHINSON,Minor Dam,925,15.26,928,100.32
bb86b755-0a47-4fda-ba15-77c59cd9dcf0,29/06/2013,Jun-13,6,2013,HELY-HUTCHINSON,Minor Dam,925,15.26,928,100.32
9215a290-01f7-49c5-8c44-d55f40bb4465,30/06/2013,Jun-13,6,2013,HELY-HUTCHINSON,Minor Dam,925,15.25,926,100.11
55d1487e-14b0-48c6-af83-1049a5d47003,01/07/2013,Jul-13,7,2013,HELY-HUTCHINSON,Minor Dam,925,15.25,926,100.11
2b13f689-62eb-47c4-8da6-c75b6efabae6,02/07/2013,Jul-13,7,2013,HELY-HUTCHINSON,Minor Dam,925,15.25,926,100.11
93e57b6e-ace1-4e14-a1e9-c65c12c8c236,03/07/2013,Jul-13,7,2013,HELY-HUTCHINSON,Minor Dam,925,15.24,925,100
5e063dfe-da97-4af7-9885-00a8907e47b6,04/07/2013,Jul-13,7,2013,HELY-HUTCHINSON,Minor Dam,925,15.24,925,100
344fe15d-bc41-49ba-bb1d-c3e65da02213,05/07/2013,Jul-13,7,2013,HELY-HUTCHINSON,Minor Dam,925,15.23,923,99.78
6bee57ad-3506-4f74-80b5-edcfb8ce7402,06/07/2013,Jul-13,7,2013,HELY-HUTCHINSON,Minor Dam,925,15.23,923,99.78
571794a9-2e7c-41f9-8dd1-72d385524a76,07/07/2013,Jul-13,7,2013,HELY-HUTCHINSON,Minor Dam,925,15.22,922,99.68
e1dffca1-beeb-4e37-b74c-cd2d4c2c2e66,08/07/2013,Jul-13,7,2013,HELY-HUTCHINSON,Minor Dam,925,15.26,928,100.32
3e8d9185-b4d1-48ba-8743-72c61cd8431a,09/07/2013,Jul-13,7,2013,HELY-HUTCHINSON,Minor Dam,925,15.28,931,100.65
21092b38-470e-4f75-b396-09ba41241767,10/07/2013,Jul-13,7,2013,HELY-HUTCHINSON,Minor Dam,925,15.27,929,100.43
ae5ea49d-3ba2-4e51-b636-80fa7019e44a,11/07/2013,Jul-13,7,2013,HELY-HUTCHINSON,Minor Dam,925,15.27,929,100.43
63747342-67a6-49b2-8ca0-3e229ad5f33c,12/07/2013,Jul-13,7,2013,HELY-HUTCHINSON,Minor Dam,925,15.25,926,100.11
97907794-8d47-4b02-bd75-e035ceb16552,13/07/2013,Jul-13,7,2013,HELY-HUTCHINSON,Minor Dam,925,15.24,925,100
d206961f-d6c3-4e97-826e-6a986c148a2b,14/07/2013,Jul-13,7,2013,HELY-HUTCHINSON,Minor Dam,925,15.25,926,100.11
ccebf793-2fd4-4865-8d6f-e4b8453cdb1a,15/07/2013,Jul-13,7,2013,HELY-HUTCHINSON,Minor Dam,925,15.24,925,100
804d4235-c877-4fbb-b8c7-68cdd5de9276,16/07/2013,Jul-13,7,2013,HELY-HUTCHINSON,Minor Dam,925,15.28,931,100.65
72f36ad7-e4b7-4366-9beb-f0e533e5950b,17/07/2013,Jul-13,7,2013,HELY-HUTCHINSON,Minor Dam,925,15.26,928,100.32
d91242ba-f365-4d34-9864-36aa0a439923,18/07/2013,Jul-13,7,2013,HELY-HUTCHINSON,Minor Dam,925,15.25,926,100.11
8d1f2323-6101-4437-b9a5-df8f20fa22f2,19/07/2013,Jul-13,7,2013,HELY-HUTCHINSON,Minor Dam,925,15.26,928,100.32
c4158636-35b6-41ae-8738-8fb58f10c4ee,20/07/2013,Jul-13,7,2013,HELY-HUTCHINSON,Minor Dam,925,15.47,961,103.89
d392d17c-b565-41b8-9661-cb1de73204d6,21/07/2013,Jul-13,7,2013,HELY-HUTCHINSON,Minor Dam,925,15.31,936,101.19
3292d754-766c-4310-8883-7ffce7581c9a,22/07/2013,Jul-13,7,2013,HELY-HUTCHINSON,Minor Dam,925,15.29,932,100.76
5d8e77a0-6be4-4f58-be12-373bab6ed5e1,23/07/2013,Jul-13,7,2013,HELY-HUTCHINSON,Minor Dam,925,15.25,926,100.11
995d6ea4-2ec6-4092-a4e1-f4f99f8ace20,24/07/2013,Jul-13,7,2013,HELY-HUTCHINSON,Minor Dam,925,15.32,937,101.3
7fcd0503-a43b-420a-ae86-268616da6964,25/07/2013,Jul-13,7,2013,HELY-HUTCHINSON,Minor Dam,925,15.3,934,100.97
6389eeff-5a62-4272-b8b8-3cf2f8d9f2db,26/07/2013,Jul-13,7,2013,HELY-HUTCHINSON,Minor Dam,925,15.28,931,100.65
d8a20ce7-91ae-4831-b7ff-0cd422faed4b,27/07/2013,Jul-13,7,2013,HELY-HUTCHINSON,Minor Dam,925,15.28,931,100.65
0aafdd72-1ff8-48d8-a2ed-37b43f4762e4,28/07/2013,Jul-13,7,2013,HELY-HUTCHINSON,Minor Dam,925,15.36,943,101.95
dfcb05ce-83f0-4bdd-9238-8ca273c12132,29/07/2013,Jul-13,7,2013,HELY-HUTCHINSON,Minor Dam,925,15.31,936,101.19
f749eda6-458a-4a2f-b99f-7c5204f9e196,30/07/2013,Jul-13,7,2013,HELY-HUTCHINSON,Minor Dam,925,15.28,931,100.65
ca6ae93d-6687-4cb6-84bb-1dc221383370,31/07/2013,Jul-13,7,2013,HELY-HUTCHINSON,Minor Dam,925,15.26,928,100.32
7c527310-be69-4944-a1f3-e40c26f779f4,01/08/2013,Aug-13,8,2013,HELY-HUTCHINSON,Minor Dam,925,15.24,925,100
e013c926-594f-4b58-a76f-8a2bbec26e6c,02/08/2013,Aug-13,8,2013,HELY-HUTCHINSON,Minor Dam,925,15.24,925,100
5a9c6b59-6c1a-48ad-bd3f-6a24a8dd7bc8,03/08/2013,Aug-13,8,2013,HELY-HUTCHINSON,Minor Dam,925,15.24,925,100
3a239605-962a-45cb-abb7-6d408faaa4d9,04/08/2013,Aug-13,8,2013,HELY-HUTCHINSON,Minor Dam,925,15.24,925,100
e94f7303-4d0c-48e2-891b-05063d803ae2,05/08/2013,Aug-13,8,2013,HELY-HUTCHINSON,Minor Dam,925,15.24,925,100
fc7f0d5b-6d31-409f-9f9d-10bae90abce5,06/08/2013,Aug-13,8,2013,HELY-HUTCHINSON,Minor Dam,925,15.22,922,99.68
5674dfd6-91c5-4a7a-9cea-1c7c388e855c,07/08/2013,Aug-13,8,2013,HELY-HUTCHINSON,Minor Dam,925,15.22,922,99.68
57626b98-9a6b-4503-966b-78de9d984830,08/08/2013,Aug-13,8,2013,HELY-HUTCHINSON,Minor Dam,925,15.26,928,100.32
2705c9e3-a5f6-482b-a3f9-40cbc3c59f27,09/08/2013,Aug-13,8,2013,HELY-HUTCHINSON,Minor Dam,925,15.28,931,100.65
1ce35519-5ac1-41d4-9164-cc6e35d88c23,10/08/2013,Aug-13,8,2013,HELY-HUTCHINSON,Minor Dam,925,15.28,931,100.65
b197cea4-787d-42f9-8a34-483bab652734,11/08/2013,Aug-13,8,2013,HELY-HUTCHINSON,Minor Dam,925,15.25,926,100.11
b1085edc-8f69-4b9b-8f99-dc0e01a7eaab,12/08/2013,Aug-13,8,2013,HELY-HUTCHINSON,Minor Dam,925,15.25,926,100.11
e273ec7f-0653-4f90-a067-764da6bf3f81,13/08/2013,Aug-13,8,2013,HELY-HUTCHINSON,Minor Dam,925,15.25,926,100.11
86d1c393-65b7-467e-a900-04a183ac9245,14/08/2013,Aug-13,8,2013,HELY-HUTCHINSON,Minor Dam,925,15.47,961,103.89
08e8068c-4b5f-4064-8de3-3cacb3611a67,15/08/2013,Aug-13,8,2013,HELY-HUTCHINSON,Minor Dam,925,15.32,937,101.3
a9a814a4-847b-41ca-8479-1ae0e2ec84f5,16/08/2013,Aug-13,8,2013,HELY-HUTCHINSON,Minor Dam,925,15.42,953,103.03
4bc715b8-2ae4-4921-a5ef-acf3feca94bc,17/08/2013,Aug-13,8,2013,HELY-HUTCHINSON,Minor Dam,925,15.33,939,101.51
1816ab0f-45fd-4047-b0ad-d2ae75897665,18/08/2013,Aug-13,8,2013,HELY-HUTCHINSON,Minor Dam,925,15.35,942,101.84
6ac3fc7f-c99f-43a6-aef4-f47e518a3612,19/08/2013,Aug-13,8,2013,HELY-HUTCHINSON,Minor Dam,925,15.29,932,100.76
115d86ee-26e6-4503-8d2c-e2b0ec83dd5a,20/08/2013,Aug-13,8,2013,HELY-HUTCHINSON,Minor Dam,925,15.27,929,100.43
6e172b92-f56c-421e-a338-d6c94d0c4305,21/08/2013,Aug-13,8,2013,HELY-HUTCHINSON,Minor Dam,925,15.26,928,100.32
b86174f7-1fd9-494c-a94e-b4e25fec23aa,22/08/2013,Aug-13,8,2013,HELY-HUTCHINSON,Minor Dam,925,15.42,953,103.03
fe7c1f74-a4db-418d-bea0-50767415726a,23/08/2013,Aug-13,8,2013,HELY-HUTCHINSON,Minor Dam,925,15.3,934,100.97
482d984e-1522-4422-a885-87adec5ffad4,24/08/2013,Aug-13,8,2013,HELY-HUTCHINSON,Minor Dam,925,15.25,926,100.11
2ad860c1-e4ce-4d46-a532-e69227e0699c,25/08/2013,Aug-13,8,2013,HELY-HUTCHINSON,Minor Dam,925,15.24,925,100
49555408-e972-4cc1-88cf-45d5537f87ab,26/08/2013,Aug-13,8,2013,HELY-HUTCHINSON,Minor Dam,925,15.24,925,100
24abd214-bfdd-4f3e-9de8-7332ead0b561,27/08/2013,Aug-13,8,2013,HELY-HUTCHINSON,Minor Dam,925,15.24,925,100
706e28b9-68d8-4c58-ad24-b9dbc312582f,28/08/2013,Aug-13,8,2013,HELY-HUTCHINSON,Minor Dam,925,15.24,925,100
cbd82df7-449c-4095-930f-81a87996a386,29/08/2013,Aug-13,8,2013,HELY-HUTCHINSON,Minor Dam,925,15.4,950,102.7
57f48007-d07c-46f3-8b8c-ac6665ad1b63,30/08/2013,Aug-13,8,2013,HELY-HUTCHINSON,Minor Dam,925,15.38,947,102.38
2252be1a-eea6-4de9-84db-09b17b0bc6c4,31/08/2013,Aug-13,8,2013,HELY-HUTCHINSON,Minor Dam,925,15.31,936,101.19
08fc91b1-1cc9-4afd-bab5-8c35cf87e584,01/09/2013,Sep-13,9,2013,HELY-HUTCHINSON,Minor Dam,925,15.31,936,101.19
dfc02dae-37f7-45fe-bfbb-b37ec5152530,02/09/2013,Sep-13,9,2013,HELY-HUTCHINSON,Minor Dam,925,15.29,932,100.76
ceccfe88-8ef2-4ebc-8465-0af7402f149a,03/09/2013,Sep-13,9,2013,HELY-HUTCHINSON,Minor Dam,925,15.26,928,100.32
a47d2560-63fc-41d8-939e-4ad25af3daaf,04/09/2013,Sep-13,9,2013,HELY-HUTCHINSON,Minor Dam,925,15.32,937,101.3
669c4fd9-e49d-433c-85a1-c6dd332f4841,05/09/2013,Sep-13,9,2013,HELY-HUTCHINSON,Minor Dam,925,15.26,928,100.32
b37f560b-23e8-4f5d-97eb-dd65f3c161c3,06/09/2013,Sep-13,9,2013,HELY-HUTCHINSON,Minor Dam,925,15.24,925,100
6fb5dde1-d7cd-475e-8e2d-fafc3aedc45a,07/09/2013,Sep-13,9,2013,HELY-HUTCHINSON,Minor Dam,925,15.24,925,100
fb478289-28a2-48e6-888e-fb9a457b9c88,08/09/2013,Sep-13,9,2013,HELY-HUTCHINSON,Minor Dam,925,15.24,925,100
5c319b86-2985-479f-8208-49a83b5c3942,09/09/2013,Sep-13,9,2013,HELY-HUTCHINSON,Minor Dam,925,15.24,925,100
3a7afbeb-615d-47a5-9da1-faa92a555b04,10/09/2013,Sep-13,9,2013,HELY-HUTCHINSON,Minor Dam,925,15.25,926,100.11
c97e348a-9697-4719-9a48-3df841ca81b9,11/09/2013,Sep-13,9,2013,HELY-HUTCHINSON,Minor Dam,925,15.25,926,100.11
2fd91240-7f34-4362-9b61-fb34c0688c4a,12/09/2013,Sep-13,9,2013,HELY-HUTCHINSON,Minor Dam,925,15.25,926,100.11
fa0787e1-9a23-4dbc-bd26-861b4921efb1,13/09/2013,Sep-13,9,2013,HELY-HUTCHINSON,Minor Dam,925,15.24,925,100
f9f79357-f043-4ee4-be89-fa4d1b1541dd,14/09/2013,Sep-13,9,2013,HELY-HUTCHINSON,Minor Dam,925,15.39,948,102.49
ad265857-a314-4f52-94d7-430bb1b54120,15/09/2013,Sep-13,9,2013,HELY-HUTCHINSON,Minor Dam,925,15.33,939,101.51
105ec769-1212-46ca-a1a8-e247302f0dd7,16/09/2013,Sep-13,9,2013,HELY-HUTCHINSON,Minor Dam,925,15.31,936,101.19
1afee9ee-7d7a-4fbf-8231-1603152e8faf,17/09/2013,Sep-13,9,2013,HELY-HUTCHINSON,Minor Dam,925,15.31,936,101.19
a4d2bb93-9d9d-44b1-a787-359436729177,18/09/2013,Sep-13,9,2013,HELY-HUTCHINSON,Minor Dam,925,15.32,937,101.3
1fbd772f-1c1a-433c-a346-177e20c9548f,19/09/2013,Sep-13,9,2013,HELY-HUTCHINSON,Minor Dam,925,15.29,932,100.76
377dd21c-1d14-4a7f-85c1-46275604d7f1,20/09/2013,Sep-13,9,2013,HELY-HUTCHINSON,Minor Dam,925,15.25,926,100.11
e60b51eb-8b83-45c9-ab4d-40ab18163922,21/09/2013,Sep-13,9,2013,HELY-HUTCHINSON,Minor Dam,925,15.36,943,101.95
27c0d80c-1da1-4194-8643-fc8bd8bec57b,22/09/2013,Sep-13,9,2013,HELY-HUTCHINSON,Minor Dam,925,15.3,934,100.97
0640899b-3cf1-42ba-9dce-9751eceb7968,23/09/2013,Sep-13,9,2013,HELY-HUTCHINSON,Minor Dam,925,15.28,931,100.65
b38a89dc-51b7-4a12-8636-d002bb797281,24/09/2013,Sep-13,9,2013,HELY-HUTCHINSON,Minor Dam,925,15.25,926,100.11
65c2877f-f340-435d-b750-b37bcacc8ed8,25/09/2013,Sep-13,9,2013,HELY-HUTCHINSON,Minor Dam,925,15.25,926,100.11
dbfda5a0-ba84-4323-aef9-8a6cc2ca3eed,26/09/2013,Sep-13,9,2013,HELY-HUTCHINSON,Minor Dam,925,15.25,926,100.11
cfde74a1-c7ba-4735-b21a-34d6d0945974,27/09/2013,Sep-13,9,2013,HELY-HUTCHINSON,Minor Dam,925,15.24,925,100
a9636c07-1c64-4ec4-a73c-74a35c35451c,28/09/2013,Sep-13,9,2013,HELY-HUTCHINSON,Minor Dam,925,15.36,943,101.95
31bb6696-046b-4a67-83c4-612805eed428,29/09/2013,Sep-13,9,2013,HELY-HUTCHINSON,Minor Dam,925,15.29,932,100.76
89dfed1f-b7a6-4874-b7cb-bfc3ab71b512,30/09/2013,Sep-13,9,2013,HELY-HUTCHINSON,Minor Dam,925,15.27,929,100.43
cfb76a94-5a2c-4998-ad23-0b6c5d5a2ed1,01/10/2013,Oct-13,10,2013,HELY-HUTCHINSON,Minor Dam,925,15.25,926,100.11
f03605c4-e8a6-470b-9a38-e49c725e74ca,02/10/2013,Oct-13,10,2013,HELY-HUTCHINSON,Minor Dam,925,15.24,925,100
7609333f-9f84-45d4-9454-f6e2bc8e7a20,03/10/2013,Oct-13,10,2013,HELY-HUTCHINSON,Minor Dam,925,15.24,925,100
58648ae2-3120-42f5-9023-4ea31eb8ea30,04/10/2013,Oct-13,10,2013,HELY-HUTCHINSON,Minor Dam,925,15.24,925,100
b1a5bab6-e0a6-400e-a248-aec7188b3184,05/10/2013,Oct-13,10,2013,HELY-HUTCHINSON,Minor Dam,925,15.24,925,100
414a9916-b636-4688-9e73-b7491f77ff68,06/10/2013,Oct-13,10,2013,HELY-HUTCHINSON,Minor Dam,925,15.26,928,100.32
6899a836-4c99-4d51-b8ec-12c323ed5731,07/10/2013,Oct-13,10,2013,HELY-HUTCHINSON,Minor Dam,925,15.24,925,100
4c0d3f47-8b0b-4e56-83c0-d571a0b707dd,08/10/2013,Oct-13,10,2013,HELY-HUTCHINSON,Minor Dam,925,15.23,923,99.78
9cf3032a-5919-4116-ad76-2f760dc5f038,09/10/2013,Oct-13,10,2013,HELY-HUTCHINSON,Minor Dam,925,15.22,922,99.68
9bd702d8-153b-4a48-8739-06b856d801f1,10/10/2013,Oct-13,10,2013,HELY-HUTCHINSON,Minor Dam,925,15.22,922,99.68
fa8de37a-8e01-42f8-b851-2f3ed65389a5,11/10/2013,Oct-13,10,2013,HELY-HUTCHINSON,Minor Dam,925,15.22,922,99.68
436579fa-a558-44cc-892d-65ae2a04e780,12/10/2013,Oct-13,10,2013,HELY-HUTCHINSON,Minor Dam,925,15.22,922,99.68
8e3e72d1-3d78-4520-a713-ae716125a4dd,13/10/2013,Oct-13,10,2013,HELY-HUTCHINSON,Minor Dam,925,15.22,922,99.68
9b4530ac-536f-4789-a62e-0d712648743b,14/10/2013,Oct-13,10,2013,HELY-HUTCHINSON,Minor Dam,925,15.24,925,100
93c077ea-06ca-45c7-9e42-b64b3775fb8c,15/10/2013,Oct-13,10,2013,HELY-HUTCHINSON,Minor Dam,925,15.24,925,100
a9d223a3-e113-4d4c-a006-08477026ae33,16/10/2013,Oct-13,10,2013,HELY-HUTCHINSON,Minor Dam,925,15.24,925,100
c7eecc66-7d62-4e05-8025-c349a1ba5213,17/10/2013,Oct-13,10,2013,HELY-HUTCHINSON,Minor Dam,925,15.24,925,100
d9d2fc46-c29e-4996-b55a-e72b43ddbbd4,18/10/2013,Oct-13,10,2013,HELY-HUTCHINSON,Minor Dam,925,15.24,925,100
9cfd3ff8-5d28-46c3-889a-9951c3b0d265,19/10/2013,Oct-13,10,2013,HELY-HUTCHINSON,Minor Dam,925,15.24,925,100
70675d43-0701-455d-86bc-e68adf86efd4,20/10/2013,Oct-13,10,2013,HELY-HUTCHINSON,Minor Dam,925,15.23,923,99.78
fb77ea62-da5d-45eb-8e4b-e180281f91e0,21/10/2013,Oct-13,10,2013,HELY-HUTCHINSON,Minor Dam,925,15.23,923,99.78
06616bdc-b7f8-4afe-a592-ffc6176d6836,22/10/2013,Oct-13,10,2013,HELY-HUTCHINSON,Minor Dam,925,15.22,922,99.68
7964bd3e-5f16-477e-8632-742f7539b89d,23/10/2013,Oct-13,10,2013,HELY-HUTCHINSON,Minor Dam,925,15.21,920,99.46
ae039764-34bc-4a58-8c9c-d3b189b229b4,24/10/2013,Oct-13,10,2013,HELY-HUTCHINSON,Minor Dam,925,15.21,920,99.46
ae38a468-972e-444f-b416-74523df97c72,25/10/2013,Oct-13,10,2013,HELY-HUTCHINSON,Minor Dam,925,15.2,918,99.24
b0f1d1c0-64c1-4668-b092-4a687a12d142,26/10/2013,Oct-13,10,2013,HELY-HUTCHINSON,Minor Dam,925,15.19,917,99.14
5e18f21f-7bc3-4c17-84e6-a3fdf6e74f77,27/10/2013,Oct-13,10,2013,HELY-HUTCHINSON,Minor Dam,925,15.08,900,97.3
6704a6b8-e0c5-48f2-8a65-bdb61d395e0f,28/10/2013,Oct-13,10,2013,HELY-HUTCHINSON,Minor Dam,925,14.99,885,95.68
c62f60c5-3e20-4f70-a80a-38dbd5f0f88e,29/10/2013,Oct-13,10,2013,HELY-HUTCHINSON,Minor Dam,925,14.92,874,94.49
98add9b0-ec5f-4fe0-867a-bdf301201ea7,30/10/2013,Oct-13,10,2013,HELY-HUTCHINSON,Minor Dam,925,14.84,862,93.19
02704a16-72d1-454b-9fd2-7d31fb905b89,31/10/2013,Oct-13,10,2013,HELY-HUTCHINSON,Minor Dam,925,14.8,856,92.54
2c81e85e-a932-4732-bf83-706c31212ebb,01/11/2013,Nov-13,11,2013,HELY-HUTCHINSON,Minor Dam,925,15.09,901,97.41
3e541455-5ef9-4dda-8c08-d1eccef08583,02/11/2013,Nov-13,11,2013,HELY-HUTCHINSON,Minor Dam,925,15.36,943,101.95
6c7dd5ab-ff7f-4142-b7a0-8ef02d29633a,03/11/2013,Nov-13,11,2013,HELY-HUTCHINSON,Minor Dam,925,15.27,929,100.43
0125056e-ab1b-4e2c-93ef-ef76e13528b9,04/11/2013,Nov-13,11,2013,HELY-HUTCHINSON,Minor Dam,925,15.2,918,99.24
39d7cfee-f226-4287-960a-e7a4e98af295,05/11/2013,Nov-13,11,2013,HELY-HUTCHINSON,Minor Dam,925,15.12,906,97.95
e2672e27-5c3d-4376-b1f1-5caaf53d6bda,06/11/2013,Nov-13,11,2013,HELY-HUTCHINSON,Minor Dam,925,15.05,895,96.76
4e51a1e7-d51d-4b52-9f15-e28cd247a6d3,07/11/2013,Nov-13,11,2013,HELY-HUTCHINSON,Minor Dam,925,15,887,95.89
1b6b7b34-1efa-410f-b698-aa76e0bbd723,08/11/2013,Nov-13,11,2013,HELY-HUTCHINSON,Minor Dam,925,14.94,878,94.92
a6943222-0aef-4911-bce3-ce6252190a00,09/11/2013,Nov-13,11,2013,HELY-HUTCHINSON,Minor Dam,925,14.86,865,93.51
621c0186-8bc9-4b23-a5b5-20a26e14e20e,10/11/2013,Nov-13,11,2013,HELY-HUTCHINSON,Minor Dam,925,14.78,853,92.22
90ef2515-949f-41f3-8f38-a0b161958b7f,11/11/2013,Nov-13,11,2013,HELY-HUTCHINSON,Minor Dam,925,14.69,839,90.7
c1eef940-cc1d-4aa5-856e-f57ddb5d4ae7,12/11/2013,Nov-13,11,2013,HELY-HUTCHINSON,Minor Dam,925,14.64,832,89.95
fbe03952-f36a-46f8-8df1-883e8a9116b4,13/11/2013,Nov-13,11,2013,HELY-HUTCHINSON,Minor Dam,925,14.53,816,88.22
c3f1733f-51cc-43ba-b24b-67517a783e4d,14/11/2013,Nov-13,11,2013,HELY-HUTCHINSON,Minor Dam,925,14.44,802,86.7
60334ffd-6fc3-4e0c-a684-5d94ee0d3ffe,15/11/2013,Nov-13,11,2013,HELY-HUTCHINSON,Minor Dam,925,14.35,789,85.3
8b575c07-ef01-45b1-917a-c9deba46b217,16/11/2013,Nov-13,11,2013,HELY-HUTCHINSON,Minor Dam,925,14.25,775,83.78
8d8158e1-e558-4cff-94dd-aaef640b0508,17/11/2013,Nov-13,11,2013,HELY-HUTCHINSON,Minor Dam,925,15.39,948,102.49
e0dd4b48-ab9a-40b3-bcac-1a51da7d1c25,18/11/2013,Nov-13,11,2013,HELY-HUTCHINSON,Minor Dam,925,15.34,940,101.62
a4902615-82cc-421d-92fd-2f60ad29bd7f,19/11/2013,Nov-13,11,2013,HELY-HUTCHINSON,Minor Dam,925,15.27,929,100.43
93a00b51-8e56-465d-9313-5616f3485ca4,20/11/2013,Nov-13,11,2013,HELY-HUTCHINSON,Minor Dam,925,15.2,918,99.24
c5f1eb82-fbbb-4b31-a78d-fc9c3366ba9a,21/11/2013,Nov-13,11,2013,HELY-HUTCHINSON,Minor Dam,925,15.17,914,98.81
19f51be7-04ab-4b2c-80f3-dbbfa116212f,22/11/2013,Nov-13,11,2013,HELY-HUTCHINSON,Minor Dam,925,15.2,918,99.24
e1edef80-4cd3-4eae-a862-dd2da78c3c35,23/11/2013,Nov-13,11,2013,HELY-HUTCHINSON,Minor Dam,925,15.23,923,99.78
ffd0b1f0-8612-4926-b10c-1dc7af056414,24/11/2013,Nov-13,11,2013,HELY-HUTCHINSON,Minor Dam,925,15.23,923,99.78
3c60c443-8ce7-4119-8590-81a4050b5ada,25/11/2013,Nov-13,11,2013,HELY-HUTCHINSON,Minor Dam,925,15.23,923,99.78
9d0e1369-53ec-4d7b-bbd4-8a008a51b1d4,26/11/2013,Nov-13,11,2013,HELY-HUTCHINSON,Minor Dam,925,15.23,923,99.78
1d0209af-4ca4-43f0-961c-390656339c20,27/11/2013,Nov-13,11,2013,HELY-HUTCHINSON,Minor Dam,925,15.23,923,99.78
c3af619f-a2ed-46b0-8b6d-b88e287e5750,28/11/2013,Nov-13,11,2013,HELY-HUTCHINSON,Minor Dam,925,15.22,922,99.68
3f57445e-6412-4804-b679-879503e6b091,29/11/2013,Nov-13,11,2013,HELY-HUTCHINSON,Minor Dam,925,15.22,922,99.68
8d079739-d08b-4dfe-8b20-72cd60b11280,30/11/2013,Nov-13,11,2013,HELY-HUTCHINSON,Minor Dam,925,15.21,920,99.46
46555436-2594-476e-81e3-559d2c6bb47b,01/12/2013,Dec-13,12,2013,HELY-HUTCHINSON,Minor Dam,925,15.21,920,99.46
033dbf42-c3de-44e8-b378-45cf2352e750,02/12/2013,Dec-13,12,2013,HELY-HUTCHINSON,Minor Dam,925,15.2,918,99.24
61aa5d14-a11d-4b6a-ad32-ba4f76ebe1a9,03/12/2013,Dec-13,12,2013,HELY-HUTCHINSON,Minor Dam,925,15.19,917,99.14
51514f4c-ec9c-446d-8196-22d0962fa2fa,04/12/2013,Dec-13,12,2013,HELY-HUTCHINSON,Minor Dam,925,15.19,917,99.14
4bdad753-6b65-4380-b03d-6cdf8e5cd47d,05/12/2013,Dec-13,12,2013,HELY-HUTCHINSON,Minor Dam,925,15.19,917,99.14
cc11a127-0f18-4aa8-924f-6e79630a3cd8,06/12/2013,Dec-13,12,2013,HELY-HUTCHINSON,Minor Dam,925,15.18,915,98.92
d9c53185-acff-45cd-902f-ee1713fc23ff,07/12/2013,Dec-13,12,2013,HELY-HUTCHINSON,Minor Dam,925,15.17,914,98.81
e74d9d40-622e-4eaa-b885-ea3c7da1233e,08/12/2013,Dec-13,12,2013,HELY-HUTCHINSON,Minor Dam,925,15.17,914,98.81
28098cf3-12f3-4a53-93b7-34082d62a8e5,09/12/2013,Dec-13,12,2013,HELY-HUTCHINSON,Minor Dam,925,15.17,914,98.81
9fedd17a-ef73-4cd4-9344-9d021ff064a0,10/12/2013,Dec-13,12,2013,HELY-HUTCHINSON,Minor Dam,925,15.16,912,98.59
977f67b4-fc66-416a-afc0-6c2b3b26a369,11/12/2013,Dec-13,12,2013,HELY-HUTCHINSON,Minor Dam,925,15.16,912,98.59
282428bc-0910-4680-96d6-3036dcf97ffe,12/12/2013,Dec-13,12,2013,HELY-HUTCHINSON,Minor Dam,925,15.16,912,98.59
c5791060-c47f-4392-91e6-d5dfeb5018c4,13/12/2013,Dec-13,12,2013,HELY-HUTCHINSON,Minor Dam,925,15.16,912,98.59
d0258939-e154-4cb3-b6ca-9970332d99b2,14/12/2013,Dec-13,12,2013,HELY-HUTCHINSON,Minor Dam,925,15.16,912,98.59
18105fdb-bdf8-4c59-805b-c0d808945f45,15/12/2013,Dec-13,12,2013,HELY-HUTCHINSON,Minor Dam,925,15.16,912,98.59
5de70bd0-2bd5-4336-bebe-3d423765e8d9,16/12/2013,Dec-13,12,2013,HELY-HUTCHINSON,Minor Dam,925,15.16,912,98.59
f8e9d885-948b-49a6-bfdc-774bb091ade6,17/12/2013,Dec-13,12,2013,HELY-HUTCHINSON,Minor Dam,925,15.15,911,98.49
c98dd248-7ced-4f25-b04d-632e285d1f1b,18/12/2013,Dec-13,12,2013,HELY-HUTCHINSON,Minor Dam,925,15.13,907,98.05
0a0ec7c9-5e03-44bb-ade9-ff0d76aa3455,19/12/2013,Dec-13,12,2013,HELY-HUTCHINSON,Minor Dam,925,15.12,906,97.95
f25eb27e-a62e-44a5-899c-e88a5527910b,20/12/2013,Dec-13,12,2013,HELY-HUTCHINSON,Minor Dam,925,15.12,906,97.95
919e5f0d-d886-4378-a479-0d4517b70df5,21/12/2013,Dec-13,12,2013,HELY-HUTCHINSON,Minor Dam,925,15.12,906,97.95
0de84af5-2dd4-4957-9840-29db77e61d69,22/12/2013,Dec-13,12,2013,HELY-HUTCHINSON,Minor Dam,925,15.12,906,97.95
3531ff54-92fa-49d3-8d08-d4e0de3a1d62,23/12/2013,Dec-13,12,2013,HELY-HUTCHINSON,Minor Dam,925,15.12,906,97.95
d2ca4c1b-dda0-490a-844e-7af8c8210fab,24/12/2013,Dec-13,12,2013,HELY-HUTCHINSON,Minor Dam,925,15.11,904,97.73
a1d34956-9e42-4c6b-8261-246ad13c5b74,25/12/2013,Dec-13,12,2013,HELY-HUTCHINSON,Minor Dam,925,15.11,904,97.73
5f6fb0ca-ab00-488b-925f-ac17322163ee,26/12/2013,Dec-13,12,2013,HELY-HUTCHINSON,Minor Dam,925,15.09,901,97.41
ed222673-a8e3-4c56-8c20-331b012ba5e0,27/12/2013,Dec-13,12,2013,HELY-HUTCHINSON,Minor Dam,925,15.07,898,97.08
d46a98e0-f7f3-4590-95ee-8d2f040af154,28/12/2013,Dec-13,12,2013,HELY-HUTCHINSON,Minor Dam,925,15.07,898,97.08
b8c369af-0b2d-414c-b2c8-3b7d2a13953a,29/12/2013,Dec-13,12,2013,HELY-HUTCHINSON,Minor Dam,925,15.08,900,97.3
d7eab53b-70e4-4968-aac9-e930878cb1fe,30/12/2013,Dec-13,12,2013,HELY-HUTCHINSON,Minor Dam,925,15.08,900,97.3
4423235c-80cc-427a-8bb5-cf5a80a8efdb,31/12/2013,Dec-13,12,2013,HELY-HUTCHINSON,Minor Dam,925,15.08,900,97.3
512020ee-2d9d-4934-85f5-a0685509f675,01/01/2014,Jan-14,1,2014,HELY-HUTCHINSON,Minor Dam,925,15.07,898,97.08
9f1b3db4-1dfa-4b83-9644-1b350fa9e664,02/01/2014,Jan-14,1,2014,HELY-HUTCHINSON,Minor Dam,925,15.07,898,97.08
b513724a-2ca7-4844-9432-68ad70e6c2dc,03/01/2014,Jan-14,1,2014,HELY-HUTCHINSON,Minor Dam,925,15.07,898,97.08
7528c29d-50bd-4980-936e-61a401087706,04/01/2014,Jan-14,1,2014,HELY-HUTCHINSON,Minor Dam,925,15.06,896,96.86
e8af2135-c977-48ab-be3e-f983d1e9b1bf,05/01/2014,Jan-14,1,2014,HELY-HUTCHINSON,Minor Dam,925,15.06,896,96.86
4c8ca985-2152-426e-90e9-d939342a3036,06/01/2014,Jan-14,1,2014,HELY-HUTCHINSON,Minor Dam,925,15.05,895,96.76
a4d54dc7-62ab-4553-8bde-17e120b5d71f,07/01/2014,Jan-14,1,2014,HELY-HUTCHINSON,Minor Dam,925,15.05,895,96.76
c3c60905-2b40-42d1-8c51-6db6edef7d0a,08/01/2014,Jan-14,1,2014,HELY-HUTCHINSON,Minor Dam,925,15.08,900,97.3
e27e79df-93b8-4ed7-89ba-8c5784591da2,09/01/2014,Jan-14,1,2014,HELY-HUTCHINSON,Minor Dam,925,15.17,914,98.81
ffa663a7-1b22-4bf0-af54-2f11b3567f98,10/01/2014,Jan-14,1,2014,HELY-HUTCHINSON,Minor Dam,925,15.24,925,100
57ec960a-2a5d-4f3e-89d9-d2e62e988c2f,11/01/2014,Jan-14,1,2014,HELY-HUTCHINSON,Minor Dam,925,15.26,928,100.32
13567e71-03d8-4ae1-8942-aa075c1bac67,12/01/2014,Jan-14,1,2014,HELY-HUTCHINSON,Minor Dam,925,15.26,928,100.32
31b1bc2e-ae99-49bb-bdf1-0b0e21488cb2,13/01/2014,Jan-14,1,2014,HELY-HUTCHINSON,Minor Dam,925,15.24,925,100
c430d204-113d-4113-8174-cacfa0e73685,14/01/2014,Jan-14,1,2014,HELY-HUTCHINSON,Minor Dam,925,15.24,925,100
db62b17a-fb96-4c6a-a64d-3ba8d3c48945,15/01/2014,Jan-14,1,2014,HELY-HUTCHINSON,Minor Dam,925,15.24,925,100
5c6ba7a6-8054-4007-9cdf-dc9119e4fdc4,16/01/2014,Jan-14,1,2014,HELY-HUTCHINSON,Minor Dam,925,15.23,923,99.78
7f5b34f4-0932-45d3-b095-58b7756bc3bf,17/01/2014,Jan-14,1,2014,HELY-HUTCHINSON,Minor Dam,925,15.22,922,99.68
69ca5527-119f-4563-a002-2914e7277538,18/01/2014,Jan-14,1,2014,HELY-HUTCHINSON,Minor Dam,925,15.21,920,99.46
51ad16fa-bad8-4c3c-aad5-3aecb8adbfae,19/01/2014,Jan-14,1,2014,HELY-HUTCHINSON,Minor Dam,925,15.21,920,99.46
755c402a-8a90-4516-910e-a2ca69213a84,20/01/2014,Jan-14,1,2014,HELY-HUTCHINSON,Minor Dam,925,15.2,918,99.24
5893650f-2259-46b5-a2a4-05d04fc6735a,21/01/2014,Jan-14,1,2014,HELY-HUTCHINSON,Minor Dam,925,15.2,918,99.24
d87fe5c8-3302-4722-9738-fef01511c284,22/01/2014,Jan-14,1,2014,HELY-HUTCHINSON,Minor Dam,925,15.2,918,99.24
95420143-2128-48c8-8726-71a55fd929bf,23/01/2014,Jan-14,1,2014,HELY-HUTCHINSON,Minor Dam,925,15.2,918,99.24
7317f9e4-c386-4954-b32f-a9f8c1fd9436,24/01/2014,Jan-14,1,2014,HELY-HUTCHINSON,Minor Dam,925,15.18,915,98.92
de096644-205c-47a8-8d5d-57e9c893fce8,25/01/2014,Jan-14,1,2014,HELY-HUTCHINSON,Minor Dam,925,15.18,915,98.92
97c9722c-d7f0-4359-ae6c-e59f1e07d204,26/01/2014,Jan-14,1,2014,HELY-HUTCHINSON,Minor Dam,925,15.18,915,98.92
a2a76fac-ecd3-4447-b650-8f944527ff51,27/01/2014,Jan-14,1,2014,HELY-HUTCHINSON,Minor Dam,925,15.18,915,98.92
c782fba0-5719-405e-bfa1-d584600b26da,28/01/2014,Jan-14,1,2014,HELY-HUTCHINSON,Minor Dam,925,15.17,914,98.81
94b8ff1a-7af3-4295-8ba5-c94e541dff11,29/01/2014,Jan-14,1,2014,HELY-HUTCHINSON,Minor Dam,925,15.16,912,98.59
9d0db153-4124-4b36-98ff-5d3cb897659d,30/01/2014,Jan-14,1,2014,HELY-HUTCHINSON,Minor Dam,925,15.15,911,98.49
f2aeccf6-e29d-4d35-8f4f-b38132f39264,31/01/2014,Jan-14,1,2014,HELY-HUTCHINSON,Minor Dam,925,15.15,911,98.49
4d0b37f3-c7aa-4106-be95-669176ec4035,01/02/2014,Feb-14,2,2014,HELY-HUTCHINSON,Minor Dam,925,15.15,911,98.49
eac8036d-5cbc-466a-899c-50aed2059063,02/02/2014,Feb-14,2,2014,HELY-HUTCHINSON,Minor Dam,925,15.14,909,98.27
eb848f71-52ca-45ae-90b7-b47b65dfe42c,03/02/2014,Feb-14,2,2014,HELY-HUTCHINSON,Minor Dam,925,15.14,909,98.27
f8ed4ace-1c3b-4e26-b445-13b957267982,04/02/2014,Feb-14,2,2014,HELY-HUTCHINSON,Minor Dam,925,15.14,909,98.27
da9a96a9-6bee-44ac-9eeb-4519028df3eb,05/02/2014,Feb-14,2,2014,HELY-HUTCHINSON,Minor Dam,925,15.13,907,98.05
82e0ad87-dbd1-4069-a91f-3f60eb8e3871,06/02/2014,Feb-14,2,2014,HELY-HUTCHINSON,Minor Dam,925,15.13,907,98.05
207ef59b-6c27-4bb2-8f68-4832f233eff8,07/02/2014,Feb-14,2,2014,HELY-HUTCHINSON,Minor Dam,925,15.12,906,97.95
9fff75db-8212-4060-89f3-52a1dbbf7c75,08/02/2014,Feb-14,2,2014,HELY-HUTCHINSON,Minor Dam,925,15.12,906,97.95
5e7584aa-0448-4ee7-b487-1be79cf194c4,09/02/2014,Feb-14,2,2014,HELY-HUTCHINSON,Minor Dam,925,15.12,906,97.95
e2c362f5-ba2f-47b7-a465-9f9ba300216c,10/02/2014,Feb-14,2,2014,HELY-HUTCHINSON,Minor Dam,925,15.11,904,97.73
279e9f19-95a8-4a7c-a3c9-cc2e74fab83b,11/02/2014,Feb-14,2,2014,HELY-HUTCHINSON,Minor Dam,925,15.19,917,99.14
5dc0407e-9510-4fd0-8149-64582195e5b8,12/02/2014,Feb-14,2,2014,HELY-HUTCHINSON,Minor Dam,925,15.03,892,96.43
58b99185-4b50-445d-881f-314b8681f164,13/02/2014,Feb-14,2,2014,HELY-HUTCHINSON,Minor Dam,925,14.96,881,95.24
52f95b83-06f6-4b18-b295-87b7afb0fef7,14/02/2014,Feb-14,2,2014,HELY-HUTCHINSON,Minor Dam,925,14.94,878,94.92
1b88da11-9561-4bd6-8c64-d92eb9c21162,15/02/2014,Feb-14,2,2014,HELY-HUTCHINSON,Minor Dam,925,14.9,871,94.16
71bdbf72-7318-4dbc-b6a2-63b26137e0ab,16/02/2014,Feb-14,2,2014,HELY-HUTCHINSON,Minor Dam,925,14.88,868,93.84
564a139f-694f-4569-bb1e-fb426505a9e9,17/02/2014,Feb-14,2,2014,HELY-HUTCHINSON,Minor Dam,925,14.81,858,92.76
ce96b5e5-ddb9-4767-ac97-da39ed49a472,18/02/2014,Feb-14,2,2014,HELY-HUTCHINSON,Minor Dam,925,14.74,847,91.57
00e19da1-8ca6-4e21-abe1-9729ac7186c1,19/02/2014,Feb-14,2,2014,HELY-HUTCHINSON,Minor Dam,925,14.57,821,88.76
78482cc8-e578-492b-85cc-4d95de7dbf18,20/02/2014,Feb-14,2,2014,HELY-HUTCHINSON,Minor Dam,925,14.39,795,85.95
694c5b4f-10b8-4777-89c4-17c8120784ab,21/02/2014,Feb-14,2,2014,HELY-HUTCHINSON,Minor Dam,925,14.24,773,83.57
c09acec3-e459-427c-ae07-89d876849ec4,22/02/2014,Feb-14,2,2014,HELY-HUTCHINSON,Minor Dam,925,14.06,746,80.65
d5997e6a-ec88-457a-8ff7-49faf1f9cf33,23/02/2014,Feb-14,2,2014,HELY-HUTCHINSON,Minor Dam,925,13.89,721,77.95
c87d7693-0073-4f52-a362-ca534c4eccfa,24/02/2014,Feb-14,2,2014,HELY-HUTCHINSON,Minor Dam,925,13.72,697,75.35
dd25210d-41b1-4700-9ce3-8bbad53047d8,25/02/2014,Feb-14,2,2014,HELY-HUTCHINSON,Minor Dam,925,13.57,675,72.97
341eaf91-dd99-4ea6-980b-6dccfc281ce5,26/02/2014,Feb-14,2,2014,HELY-HUTCHINSON,Minor Dam,925,13.41,651,70.38
307619fe-c8b3-409e-b352-b56a1b4792e0,27/02/2014,Feb-14,2,2014,HELY-HUTCHINSON,Minor Dam,925,13.23,626,67.68
87892305-3046-4660-905e-24a0fe2397bd,28/02/2014,Feb-14,2,2014,HELY-HUTCHINSON,Minor Dam,925,13.06,603,65.19
bb965c1b-0399-4302-ba06-7ea48c5c38a4,01/03/2014,Mar-14,3,2014,HELY-HUTCHINSON,Minor Dam,925,12.94,587,63.46
88a80b6b-4cc3-4868-81ca-9c0691bd0c78,02/03/2014,Mar-14,3,2014,HELY-HUTCHINSON,Minor Dam,925,12.81,571,61.73
86c5086d-8459-4549-8282-fea53958755d,03/03/2014,Mar-14,3,2014,HELY-HUTCHINSON,Minor Dam,925,12.68,555,60
b7852d3c-c669-4f4c-891b-ffb230ea9983,04/03/2014,Mar-14,3,2014,HELY-HUTCHINSON,Minor Dam,925,12.57,542,58.59
e7e49985-8556-44e3-9253-65f3888a8d23,05/03/2014,Mar-14,3,2014,HELY-HUTCHINSON,Minor Dam,925,12.44,525,56.76
186ae0b4-af72-45b1-b4bc-ee618bbff66c,06/03/2014,Mar-14,3,2014,HELY-HUTCHINSON,Minor Dam,925,12.31,509,55.03
dc8c2a69-b77b-431e-a51e-9015e54698da,07/03/2014,Mar-14,3,2014,HELY-HUTCHINSON,Minor Dam,925,12.17,492,53.19
3f125972-9390-469e-8367-a42a33fd82e3,08/03/2014,Mar-14,3,2014,HELY-HUTCHINSON,Minor Dam,925,12.03,475,51.35
5c4fd183-686b-4861-9013-d74395640716,09/03/2014,Mar-14,3,2014,HELY-HUTCHINSON,Minor Dam,925,11.9,460,49.73
75972d39-7e19-474e-a884-92dcb84cc10e,10/03/2014,Mar-14,3,2014,HELY-HUTCHINSON,Minor Dam,925,11.74,442,47.78
d6091715-43be-44bd-bc8f-5a24cbfa97b2,11/03/2014,Mar-14,3,2014,HELY-HUTCHINSON,Minor Dam,925,11.56,423,45.73
afaef786-47a1-4624-9b82-af43d8199aff,12/03/2014,Mar-14,3,2014,HELY-HUTCHINSON,Minor Dam,925,11.41,407,44
6a1397ed-1464-4da5-9c72-dcc58388efc5,13/03/2014,Mar-14,3,2014,HELY-HUTCHINSON,Minor Dam,925,11.25,391,42.27
97acbf3b-6893-497f-bfd0-ab091973e297,14/03/2014,Mar-14,3,2014,HELY-HUTCHINSON,Minor Dam,925,11.15,381,41.19
3d1204f1-2a26-4e5f-a037-8214dc16925e,15/03/2014,Mar-14,3,2014,HELY-HUTCHINSON,Minor Dam,925,10.99,365,39.46
88636e64-baf2-4060-8648-a061813557cd,16/03/2014,Mar-14,3,2014,HELY-HUTCHINSON,Minor Dam,925,10.81,348,37.62
f890bef2-eba0-411d-9713-f53ea16f573c,17/03/2014,Mar-14,3,2014,HELY-HUTCHINSON,Minor Dam,925,10.65,333,36
9e73cfa3-67d8-4b4c-9bd0-883d3cbdb196,18/03/2014,Mar-14,3,2014,HELY-HUTCHINSON,Minor Dam,925,10.49,319,34.49
4d09fbef-62ce-4b82-9130-deea710ebe4b,19/03/2014,Mar-14,3,2014,HELY-HUTCHINSON,Minor Dam,925,10.3,302,32.65
b72a2b85-fce6-48bf-8994-2fc16c86466b,20/03/2014,Mar-14,3,2014,HELY-HUTCHINSON,Minor Dam,925,10.12,286,30.92
7c788785-b4cf-467b-ae0e-0e2ae0978198,21/03/2014,Mar-14,3,2014,HELY-HUTCHINSON,Minor Dam,925,10.05,280,30.27
e2c3400c-945a-4cc0-883d-2ffe29e18007,22/03/2014,Mar-14,3,2014,HELY-HUTCHINSON,Minor Dam,925,9.88,266,28.76
a7709e9c-f421-4bd5-a45f-20beb5f7c65f,23/03/2014,Mar-14,3,2014,HELY-HUTCHINSON,Minor Dam,925,9.69,251,27.14
9f591085-0c1e-4580-bec5-ebe3326b0fd0,24/03/2014,Mar-14,3,2014,HELY-HUTCHINSON,Minor Dam,925,9.55,240,25.95
4f91777f-a8ff-417a-8551-fe36c350bbd1,25/03/2014,Mar-14,3,2014,HELY-HUTCHINSON,Minor Dam,925,9.46,234,25.3
b36aec55-b785-4c17-ae02-1e312ddb5cfb,26/03/2014,Mar-14,3,2014,HELY-HUTCHINSON,Minor Dam,925,9.55,240,25.95
8af32958-36d7-4300-b6c8-1930dda410f0,27/03/2014,Mar-14,3,2014,HELY-HUTCHINSON,Minor Dam,925,10.39,310,33.51
eee298ff-b5d2-4537-8f33-f5c91cad97ef,28/03/2014,Mar-14,3,2014,HELY-HUTCHINSON,Minor Dam,925,11.17,383,41.41
1616cd07-ef35-4bf7-9e70-d8ad71925056,29/03/2014,Mar-14,3,2014,HELY-HUTCHINSON,Minor Dam,925,11.22,388,41.95
25649414-6dbf-4d58-8c19-27eaee08ba49,30/03/2014,Mar-14,3,2014,HELY-HUTCHINSON,Minor Dam,925,11.09,375,40.54
4e847930-7ed9-42a9-ae1c-1fd87a22aa1e,31/03/2014,Mar-14,3,2014,HELY-HUTCHINSON,Minor Dam,925,11,366,39.57
f6e45101-68ac-43f5-9be0-2feb4d684480,01/04/2014,Apr-14,4,2014,HELY-HUTCHINSON,Minor Dam,925,10.84,351,37.95
1dbd3387-d253-4ad6-99b6-dc2d0acf70f5,02/04/2014,Apr-14,4,2014,HELY-HUTCHINSON,Minor Dam,925,10.84,351,37.95
d18411dd-0afa-4b1b-b3fb-045a8c079910,03/04/2014,Apr-14,4,2014,HELY-HUTCHINSON,Minor Dam,925,11.46,412,44.54
ea8434fb-8b79-4bf7-8d0e-82de65b5fb1e,04/04/2014,Apr-14,4,2014,HELY-HUTCHINSON,Minor Dam,925,11.64,431,46.59
27c0e483-b370-4a8d-b2e2-733518149126,05/04/2014,Apr-14,4,2014,HELY-HUTCHINSON,Minor Dam,925,11.58,425,45.95
0dcbdeb6-f3ff-4114-9924-6aedc5531cd1,06/04/2014,Apr-14,4,2014,HELY-HUTCHINSON,Minor Dam,925,11.46,412,44.54
28084c27-7d3a-440d-8035-8dc35c89a938,07/04/2014,Apr-14,4,2014,HELY-HUTCHINSON,Minor Dam,925,11.32,398,43.03
5a2660ca-cf88-4115-98dc-b35dc3be151c,08/04/2014,Apr-14,4,2014,HELY-HUTCHINSON,Minor Dam,925,11.13,379,40.97
f5dbef32-77f5-4e34-8e45-d9acf3fcb9ae,09/04/2014,Apr-14,4,2014,HELY-HUTCHINSON,Minor Dam,925,11.06,372,40.22
d5c50f6e-92e2-4e6c-8a2f-c36d97b525d7,10/04/2014,Apr-14,4,2014,HELY-HUTCHINSON,Minor Dam,925,10.91,357,38.59
444799b1-9cbb-4e90-9cc2-5a15e9a75cfa,11/04/2014,Apr-14,4,2014,HELY-HUTCHINSON,Minor Dam,925,10.74,341,36.86
b3bb3030-964c-4661-945b-46db421440b9,12/04/2014,Apr-14,4,2014,HELY-HUTCHINSON,Minor Dam,925,10.6,328,35.46
b22fc854-31dc-4808-b4b4-199db7163430,13/04/2014,Apr-14,4,2014,HELY-HUTCHINSON,Minor Dam,925,10.43,313,33.84
641150f8-dea4-4823-891f-b1704aa83009,14/04/2014,Apr-14,4,2014,HELY-HUTCHINSON,Minor Dam,925,10.23,296,32
227c05fe-4210-4870-a855-d11f4bac57fa,15/04/2014,Apr-14,4,2014,HELY-HUTCHINSON,Minor Dam,925,10.08,283,30.59
2883a626-9ca6-498e-b65d-9dd24b0bb534,16/04/2014,Apr-14,4,2014,HELY-HUTCHINSON,Minor Dam,925,10.08,283,30.59
e1d60621-97d4-4ca3-8643-f9b0265954d7,17/04/2014,Apr-14,4,2014,HELY-HUTCHINSON,Minor Dam,925,10.07,282,30.49
8567a42e-092d-4142-aea5-2dead8840a16,18/04/2014,Apr-14,4,2014,HELY-HUTCHINSON,Minor Dam,925,10.07,282,30.49
98a8a79d-05ad-4c3f-8e64-9bea763c95cf,19/04/2014,Apr-14,4,2014,HELY-HUTCHINSON,Minor Dam,925,10,276,29.84
ecb2ef49-a8cc-4bd5-b277-fbc9a2591b6f,20/04/2014,Apr-14,4,2014,HELY-HUTCHINSON,Minor Dam,925,10,276,29.84
5f673eec-fe3e-41e2-ad39-b4c648cf036b,21/04/2014,Apr-14,4,2014,HELY-HUTCHINSON,Minor Dam,925,9.96,273,29.51
fd926aa9-b31b-4aa5-af7a-a2a9efc563e7,22/04/2014,Apr-14,4,2014,HELY-HUTCHINSON,Minor Dam,925,9.96,273,29.51
99909e92-32a7-4b2c-b0bc-bf72a1d87bcd,23/04/2014,Apr-14,4,2014,HELY-HUTCHINSON,Minor Dam,925,10.07,282,30.49
87366f88-a174-493b-80d7-a8ddc10f925c,24/04/2014,Apr-14,4,2014,HELY-HUTCHINSON,Minor Dam,925,10.07,282,30.49
30c265ac-2ba4-4e24-af35-7ea5889fefb9,25/04/2014,Apr-14,4,2014,HELY-HUTCHINSON,Minor Dam,925,10.07,282,30.49
90a0d0b1-aa99-48fb-8d8f-92bc05b53684,26/04/2014,Apr-14,4,2014,HELY-HUTCHINSON,Minor Dam,925,10.07,282,30.49
b18e859b-3fd9-47e8-81e5-96141312081b,27/04/2014,Apr-14,4,2014,HELY-HUTCHINSON,Minor Dam,925,10.06,281,30.38
b1094a9a-c74c-4b38-9696-093b0155ed63,28/04/2014,Apr-14,4,2014,HELY-HUTCHINSON,Minor Dam,925,10.06,281,30.38
b50ed924-91af-4c44-82ac-dcb5ef8535cb,29/04/2014,Apr-14,4,2014,HELY-HUTCHINSON,Minor Dam,925,10.06,281,30.38
3b64bb5f-ebf3-4455-be8c-99695c908922,30/04/2014,Apr-14,4,2014,HELY-HUTCHINSON,Minor Dam,925,10.06,281,30.38
8e393ab5-5b5c-4322-9384-5b110c97d2ae,01/05/2014,May-14,5,2014,HELY-HUTCHINSON,Minor Dam,925,10.06,281,30.38
8ea64133-5e43-40d4-aebc-00b39e62b58e,02/05/2014,May-14,5,2014,HELY-HUTCHINSON,Minor Dam,925,10.06,281,30.38
1614ad1a-59d8-4d4f-b3e3-d9485e79868b,03/05/2014,May-14,5,2014,HELY-HUTCHINSON,Minor Dam,925,10.06,281,30.38
3410d3fc-8412-4c80-b4b2-8170675d9f9f,04/05/2014,May-14,5,2014,HELY-HUTCHINSON,Minor Dam,925,10.06,281,30.38
c87d2a0f-b931-4166-8667-60ff38ff9ab9,05/05/2014,May-14,5,2014,HELY-HUTCHINSON,Minor Dam,925,10.07,282,30.49
712da8d2-2015-45a1-b0ea-a2842829505b,06/05/2014,May-14,5,2014,HELY-HUTCHINSON,Minor Dam,925,10.15,289,31.24
a917a046-ec3d-47b8-8da2-fd97b55535a6,07/05/2014,May-14,5,2014,HELY-HUTCHINSON,Minor Dam,925,10.16,290,31.35
812b5c63-5b13-4540-8c05-f4e25008c36f,08/05/2014,May-14,5,2014,HELY-HUTCHINSON,Minor Dam,925,10.14,288,31.14
05d3bbd8-e687-4953-9992-a8c8434e5b71,09/05/2014,May-14,5,2014,HELY-HUTCHINSON,Minor Dam,925,10.14,288,31.14
73c941f4-9569-4817-99e5-963872d88613,10/05/2014,May-14,5,2014,HELY-HUTCHINSON,Minor Dam,925,10.66,334,36.11
bb35261b-b7db-4240-92e8-f2e777a0e015,11/05/2014,May-14,5,2014,HELY-HUTCHINSON,Minor Dam,925,10.57,326,35.24
f4fe76de-cbb5-4a66-8854-8b78fd85464c,12/05/2014,May-14,5,2014,HELY-HUTCHINSON,Minor Dam,925,10.36,307,33.19
57b91dc4-e4f5-4f75-83c3-91d69b2881c6,13/05/2014,May-14,5,2014,HELY-HUTCHINSON,Minor Dam,925,10.11,285,30.81
bf94b28a-5131-41cc-9e54-13f47a8a7564,14/05/2014,May-14,5,2014,HELY-HUTCHINSON,Minor Dam,925,9.85,263,28.43
6d3c5115-3f45-4ba1-a48d-3314771a86d8,15/05/2014,May-14,5,2014,HELY-HUTCHINSON,Minor Dam,925,9.55,240,25.95
2bfee05f-7899-4f4d-a487-9b3caf97237f,16/05/2014,May-14,5,2014,HELY-HUTCHINSON,Minor Dam,925,9.28,220,23.78
02e4bf4f-f20e-4d56-b5cb-8006407e971a,17/05/2014,May-14,5,2014,HELY-HUTCHINSON,Minor Dam,925,9.58,243,26.27
7d5e77a6-42bb-4db4-9873-db839f0dd0da,18/05/2014,May-14,5,2014,HELY-HUTCHINSON,Minor Dam,925,9.56,241,26.05
ad10d4fb-994a-4f23-8b80-1632399a6b28,19/05/2014,May-14,5,2014,HELY-HUTCHINSON,Minor Dam,925,9.44,232,25.08
8617a721-4b7f-4a85-a67d-51784a20c92b,20/05/2014,May-14,5,2014,HELY-HUTCHINSON,Minor Dam,925,8.97,199,21.51
ad9e8205-d786-4671-8aa2-34b4d3305955,21/05/2014,May-14,5,2014,HELY-HUTCHINSON,Minor Dam,925,8.64,179,19.35
3fbc5c4b-10bc-4232-8440-476eb7bc3338,22/05/2014,May-14,5,2014,HELY-HUTCHINSON,Minor Dam,925,8.36,162,17.51
9df6ba37-27b2-4c3d-b748-8d675ae4215e,23/05/2014,May-14,5,2014,HELY-HUTCHINSON,Minor Dam,925,7.94,137,14.81
e77664c1-c679-4c68-b813-771ce942148a,24/05/2014,May-14,5,2014,HELY-HUTCHINSON,Minor Dam,925,7.54,119,12.86
25d756bd-235b-492d-aca5-bee6e9fa3f6c,25/05/2014,May-14,5,2014,HELY-HUTCHINSON,Minor Dam,925,6.99,95,10.27
8060e7be-baf7-41aa-ab10-def2b119e578,26/05/2014,May-14,5,2014,HELY-HUTCHINSON,Minor Dam,925,6.94,92,9.95
00a07d57-ec1c-491f-b966-7f5a3f895d0d,27/05/2014,May-14,5,2014,HELY-HUTCHINSON,Minor Dam,925,6.63,81,8.76
dfab1dd2-bf8c-4d2f-bb19-2f1df1a95a6b,28/05/2014,May-14,5,2014,HELY-HUTCHINSON,Minor Dam,925,5.71,52,5.62
324aad25-b20f-42a4-930f-1b7fe2b1470c,29/05/2014,May-14,5,2014,HELY-HUTCHINSON,Minor Dam,925,6.08,63,6.81
4db5abe9-d8b9-4764-a8d9-137e1df6f6c3,30/05/2014,May-14,5,2014,HELY-HUTCHINSON,Minor Dam,925,7.43,114,12.32
3a7fcc80-2c1f-4c84-9ec7-d64812bacd5c,31/05/2014,May-14,5,2014,HELY-HUTCHINSON,Minor Dam,925,7.9,135,14.59
2f04d719-2311-4040-b002-716e48fee386,01/06/2014,Jun-14,6,2014,HELY-HUTCHINSON,Minor Dam,925,8.35,162,17.51
09d35222-777c-425e-8de7-45fbfa909032,02/06/2014,Jun-14,6,2014,HELY-HUTCHINSON,Minor Dam,925,9,201,21.73
e708c91f-6135-4056-a0da-5508d8eb994d,03/06/2014,Jun-14,6,2014,HELY-HUTCHINSON,Minor Dam,925,9.41,230,24.86
d4b57cca-1b8b-4eeb-881f-1032daa56b65,04/06/2014,Jun-14,6,2014,HELY-HUTCHINSON,Minor Dam,925,9.61,245,26.49
4a9d6265-3665-47b5-9c97-2e06e2ac2f38,05/06/2014,Jun-14,6,2014,HELY-HUTCHINSON,Minor Dam,925,10.57,326,35.24
c9f3ffaf-c904-4692-8325-c12ac8cdfe3d,06/06/2014,Jun-14,6,2014,HELY-HUTCHINSON,Minor Dam,925,10.89,356,38.49
861a2468-278f-4e51-8ad7-bdb62f796781,07/06/2014,Jun-14,6,2014,HELY-HUTCHINSON,Minor Dam,925,11.02,368,39.78
0d0340fc-f65b-45c6-bdaa-3d1aeabeb44f,08/06/2014,Jun-14,6,2014,HELY-HUTCHINSON,Minor Dam,925,11.08,374,40.43
4deb3956-7c39-4348-99d8-61a6e563f3d9,09/06/2014,Jun-14,6,2014,HELY-HUTCHINSON,Minor Dam,925,11.11,377,40.76
d55500d2-8eb0-44f7-b586-7b860978b2f9,10/06/2014,Jun-14,6,2014,HELY-HUTCHINSON,Minor Dam,925,11.76,444,48
5badb754-6a93-44a7-94e4-8985867a7465,11/06/2014,Jun-14,6,2014,HELY-HUTCHINSON,Minor Dam,925,12.07,480,51.89
233912bb-e782-40d3-8dcc-fcd7c0b41503,12/06/2014,Jun-14,6,2014,HELY-HUTCHINSON,Minor Dam,925,12.18,493,53.3
e340ebda-0f17-47b7-9d79-bb6b0cb75a5d,13/06/2014,Jun-14,6,2014,HELY-HUTCHINSON,Minor Dam,925,12.21,496,53.62
ae8a68b3-4e75-4ca6-a03e-6eb47092a465,14/06/2014,Jun-14,6,2014,HELY-HUTCHINSON,Minor Dam,925,12.23,499,53.95
095ba579-f226-498a-8ab9-96184e4a8c27,15/06/2014,Jun-14,6,2014,HELY-HUTCHINSON,Minor Dam,925,12.44,525,56.76
a9d52f95-7c48-4551-a87d-fa0a6cf6f9ef,16/06/2014,Jun-14,6,2014,HELY-HUTCHINSON,Minor Dam,925,13.62,682,73.73
abace49e-c227-465a-930c-022f198e6574,17/06/2014,Jun-14,6,2014,HELY-HUTCHINSON,Minor Dam,925,13.79,707,76.43
e41363ca-ae77-419f-8386-e2db7ddc38a0,18/06/2014,Jun-14,6,2014,HELY-HUTCHINSON,Minor Dam,925,13.86,717,77.51
956730a7-c6ad-424a-9089-945e32b0ef77,19/06/2014,Jun-14,6,2014,HELY-HUTCHINSON,Minor Dam,925,13.88,720,77.84
a7310bef-5728-4030-8294-5b6c1d740175,20/06/2014,Jun-14,6,2014,HELY-HUTCHINSON,Minor Dam,925,14.1,752,81.3
bbc9082b-83ef-4b63-b592-9f19bb764c02,21/06/2014,Jun-14,6,2014,HELY-HUTCHINSON,Minor Dam,925,14.16,761,82.27
d5d5699e-0611-4fa5-be03-5bf364f89c24,22/06/2014,Jun-14,6,2014,HELY-HUTCHINSON,Minor Dam,925,14.22,770,83.24
47e89f5e-8be9-4ee9-a4a3-90920a147a9a,23/06/2014,Jun-14,6,2014,HELY-HUTCHINSON,Minor Dam,925,14.26,776,83.89
b38999f9-4169-4ef3-b2cc-82894eaa7626,24/06/2014,Jun-14,6,2014,HELY-HUTCHINSON,Minor Dam,925,14.27,778,84.11
2c477de0-10cd-403b-b43c-ce158a10b279,25/06/2014,Jun-14,6,2014,HELY-HUTCHINSON,Minor Dam,925,14.27,778,84.11
4af94341-6660-4767-99a6-190ee10f8474,26/06/2014,Jun-14,6,2014,HELY-HUTCHINSON,Minor Dam,925,14.28,779,84.22
35fbebb4-f790-40c6-a95d-839fd0c760bf,27/06/2014,Jun-14,6,2014,HELY-HUTCHINSON,Minor Dam,925,14.5,811,87.68
d08b8dee-cd73-433a-86a2-af0a1514f5cb,28/06/2014,Jun-14,6,2014,HELY-HUTCHINSON,Minor Dam,925,14.72,844,91.24
02b0d043-f52c-4f48-97bd-b24a814d244e,29/06/2014,Jun-14,6,2014,HELY-HUTCHINSON,Minor Dam,925,14.8,856,92.54
92d78e8d-4d92-4fd4-8b11-3e623ad8176a,30/06/2014,Jun-14,6,2014,HELY-HUTCHINSON,Minor Dam,925,14.81,858,92.76
2b382932-a2ae-4760-9162-2e528996f35f,01/07/2014,Jul-14,7,2014,HELY-HUTCHINSON,Minor Dam,925,14.83,861,93.08
a36e6ca7-4ba7-4cc5-b0e7-9697eec66c82,02/07/2014,Jul-14,7,2014,HELY-HUTCHINSON,Minor Dam,925,14.87,867,93.73
cc34b257-35aa-4c63-b578-3684009c50e2,03/07/2014,Jul-14,7,2014,HELY-HUTCHINSON,Minor Dam,925,14.7,841,90.92
482c2d0b-9eff-498a-8c0f-08170b19e000,04/07/2014,Jul-14,7,2014,HELY-HUTCHINSON,Minor Dam,925,15.06,896,96.86
781c92e6-07ed-42a7-90cf-87e35b751edf,05/07/2014,Jul-14,7,2014,HELY-HUTCHINSON,Minor Dam,925,15.03,892,96.43
f1a4d350-5259-4ef1-9d58-35a807ece79c,06/07/2014,Jul-14,7,2014,HELY-HUTCHINSON,Minor Dam,925,15.29,932,100.76
7923bd4e-8387-4ee1-8c98-b1f711059bb8,07/07/2014,Jul-14,7,2014,HELY-HUTCHINSON,Minor Dam,925,15.27,929,100.43
d634feb9-d7f9-4f18-92a4-7d2710c417ba,08/07/2014,Jul-14,7,2014,HELY-HUTCHINSON,Minor Dam,925,15.27,929,100.43
54c1d9aa-90c8-4f0f-a6bc-d945959f0c5d,09/07/2014,Jul-14,7,2014,HELY-HUTCHINSON,Minor Dam,925,15.26,928,100.32
b27fb499-851c-485b-a748-7634a7f8caa1,10/07/2014,Jul-14,7,2014,HELY-HUTCHINSON,Minor Dam,925,15.24,925,100
42e129f0-9b8b-4922-8cda-e0166f2f39e7,11/07/2014,Jul-14,7,2014,HELY-HUTCHINSON,Minor Dam,925,15.24,925,100
48fab71c-84e7-455f-9aa2-db020847de78,12/07/2014,Jul-14,7,2014,HELY-HUTCHINSON,Minor Dam,925,15.24,925,100
f42bd982-4d68-4b87-8d18-c4ab969aa90d,13/07/2014,Jul-14,7,2014,HELY-HUTCHINSON,Minor Dam,925,15.24,925,100
e12aad58-956d-4fc8-82d4-cb5176a6c1fd,14/07/2014,Jul-14,7,2014,HELY-HUTCHINSON,Minor Dam,925,15.25,926,100.11
766629bf-cc74-4b78-90eb-420f57e5bd0b,15/07/2014,Jul-14,7,2014,HELY-HUTCHINSON,Minor Dam,925,15.24,925,100
ecda3bc3-6ca1-4ec7-a0fd-b4f4d18c3c99,16/07/2014,Jul-14,7,2014,HELY-HUTCHINSON,Minor Dam,925,15.24,925,100
6869e5eb-fe7e-42c3-87a0-c4b5f68360d2,17/07/2014,Jul-14,7,2014,HELY-HUTCHINSON,Minor Dam,925,15.24,925,100
b8ec4722-10d7-4ced-86c5-3ccdfe3bf5f3,18/07/2014,Jul-14,7,2014,HELY-HUTCHINSON,Minor Dam,925,15.4,950,102.7
b69b2cdf-c0da-41ca-ae06-70ce5cf082f1,19/07/2014,Jul-14,7,2014,HELY-HUTCHINSON,Minor Dam,925,15.31,936,101.19
94c16b3c-38dc-4c84-b8f5-958e5e9cd467,20/07/2014,Jul-14,7,2014,HELY-HUTCHINSON,Minor Dam,925,15.33,939,101.51
40c99141-4e66-4c3d-8dab-506bf66f403d,21/07/2014,Jul-14,7,2014,HELY-HUTCHINSON,Minor Dam,925,15.27,929,100.43
c1a61c0d-ff49-42c4-8bf3-8357397204ae,22/07/2014,Jul-14,7,2014,HELY-HUTCHINSON,Minor Dam,925,15.26,928,100.32
e166a6c3-cead-404e-8980-6f96e2bd5a10,23/07/2014,Jul-14,7,2014,HELY-HUTCHINSON,Minor Dam,925,15.24,925,100
ef7bf0e1-79b1-4a0c-a657-bf7fcd1f6f44,24/07/2014,Jul-14,7,2014,HELY-HUTCHINSON,Minor Dam,925,15.24,925,100
8f248563-002b-4823-8123-45ab290dce92,25/07/2014,Jul-14,7,2014,HELY-HUTCHINSON,Minor Dam,925,15.24,925,100
8ee264f5-73c5-4e07-8b96-fd7505d73031,26/07/2014,Jul-14,7,2014,HELY-HUTCHINSON,Minor Dam,925,15.33,939,101.51
74e1ea6b-a122-447c-b928-9fc84aa4d625,27/07/2014,Jul-14,7,2014,HELY-HUTCHINSON,Minor Dam,925,15.31,936,101.19
ea2857da-4a39-4a14-bf82-3920a35022fe,28/07/2014,Jul-14,7,2014,HELY-HUTCHINSON,Minor Dam,925,15.31,936,101.19
e6fb8c13-2195-4e85-ab2b-de83d839fd1c,29/07/2014,Jul-14,7,2014,HELY-HUTCHINSON,Minor Dam,925,15.28,931,100.65
5ecb1e39-1b1a-4007-aaca-48a5b0dc0c2b,30/07/2014,Jul-14,7,2014,HELY-HUTCHINSON,Minor Dam,925,15.26,928,100.32
9467ac80-fd5e-4e7d-bb21-cffce7073ab3,31/07/2014,Jul-14,7,2014,HELY-HUTCHINSON,Minor Dam,925,15.24,925,100
f86022e3-7faa-4e78-8337-f7fbdeab1a9c,01/08/2014,Aug-14,8,2014,HELY-HUTCHINSON,Minor Dam,925,15.24,925,100
4229f496-8cc7-4f64-8b0f-f30f5ddd307e,02/08/2014,Aug-14,8,2014,HELY-HUTCHINSON,Minor Dam,925,15.24,925,100
c8c83a82-0aca-4421-9c4e-b30c3296c3e2,03/08/2014,Aug-14,8,2014,HELY-HUTCHINSON,Minor Dam,925,15.23,923,99.78
614de801-6f3e-442a-a06b-86675bc3e098,04/08/2014,Aug-14,8,2014,HELY-HUTCHINSON,Minor Dam,925,15.23,923,99.78
0f252675-d089-4028-9a92-75aa9080fe5e,05/08/2014,Aug-14,8,2014,HELY-HUTCHINSON,Minor Dam,925,15.26,928,100.32
049557fc-9a64-450a-8b0a-754f33318b7c,06/08/2014,Aug-14,8,2014,HELY-HUTCHINSON,Minor Dam,925,15.37,945,102.16
71da63da-ff83-4d47-9156-482ceb676cbc,07/08/2014,Aug-14,8,2014,HELY-HUTCHINSON,Minor Dam,925,15.32,937,101.3
2a91bbcc-4f4d-4581-aa57-99a465181250,08/08/2014,Aug-14,8,2014,HELY-HUTCHINSON,Minor Dam,925,15.3,934,100.97
96ca3f69-650a-43df-ae02-8a5359855783,09/08/2014,Aug-14,8,2014,HELY-HUTCHINSON,Minor Dam,925,15.26,928,100.32
2a609042-d9ec-4d0c-a890-c4f9088bda84,10/08/2014,Aug-14,8,2014,HELY-HUTCHINSON,Minor Dam,925,15.24,925,100
5e48817b-b263-4212-884f-684cab61bb08,11/08/2014,Aug-14,8,2014,HELY-HUTCHINSON,Minor Dam,925,15.24,925,100
81dd79c4-d353-40fa-bf1e-6169cf1f5b26,12/08/2014,Aug-14,8,2014,HELY-HUTCHINSON,Minor Dam,925,15.24,925,100
53d73a42-64de-4bf4-b63b-67bec2869bd1,13/08/2014,Aug-14,8,2014,HELY-HUTCHINSON,Minor Dam,925,15.24,925,100
99ed1f5c-76bf-45a2-a953-c1da3c2305f2,14/08/2014,Aug-14,8,2014,HELY-HUTCHINSON,Minor Dam,925,15.23,923,99.78
c9e020f4-ae26-4887-843d-c68e79bdab5a,15/08/2014,Aug-14,8,2014,HELY-HUTCHINSON,Minor Dam,925,15.28,931,100.65
d6845e63-b3a7-45c8-b6fb-fedee6be151e,16/08/2014,Aug-14,8,2014,HELY-HUTCHINSON,Minor Dam,925,15.26,928,100.32
68915114-18c1-4160-a590-edca41976279,17/08/2014,Aug-14,8,2014,HELY-HUTCHINSON,Minor Dam,925,15.25,926,100.11
8c90b5eb-2623-4a5d-b11f-895b947752b7,18/08/2014,Aug-14,8,2014,HELY-HUTCHINSON,Minor Dam,925,15.24,925,100
7a28feff-a63e-418c-8062-70e4f2e6300a,19/08/2014,Aug-14,8,2014,HELY-HUTCHINSON,Minor Dam,925,15.24,925,100
6fc3c95b-fcbd-4f2e-961b-bd00f3165bc6,20/08/2014,Aug-14,8,2014,HELY-HUTCHINSON,Minor Dam,925,15.23,923,99.78
e5e79453-8575-4aa8-8ab0-03f6f4dcd9c2,21/08/2014,Aug-14,8,2014,HELY-HUTCHINSON,Minor Dam,925,15.31,936,101.19
a18a3c02-6620-4478-b622-0bf9254b33bb,22/08/2014,Aug-14,8,2014,HELY-HUTCHINSON,Minor Dam,925,15.3,934,100.97
54091d98-369a-4c88-9073-442327484a22,23/08/2014,Aug-14,8,2014,HELY-HUTCHINSON,Minor Dam,925,15.3,934,100.97
271d4ce1-1dbe-41c6-9a46-34d83e085e2a,24/08/2014,Aug-14,8,2014,HELY-HUTCHINSON,Minor Dam,925,15.25,926,100.11
b0bf8e7a-989b-420c-b6d9-0618d980eb9c,25/08/2014,Aug-14,8,2014,HELY-HUTCHINSON,Minor Dam,925,15.26,928,100.32
c1c6cddf-ec4c-4256-a123-ba10de75f02c,26/08/2014,Aug-14,8,2014,HELY-HUTCHINSON,Minor Dam,925,15.26,928,100.32
e3e5e364-2fdc-438e-9b4a-ad2c014784fb,27/08/2014,Aug-14,8,2014,HELY-HUTCHINSON,Minor Dam,925,15.29,932,100.76
904812cc-f7b3-4986-bc59-a185c545dd50,28/08/2014,Aug-14,8,2014,HELY-HUTCHINSON,Minor Dam,925,15.33,939,101.51
65cb80bb-0ad8-43e2-b2c2-c664aad14567,29/08/2014,Aug-14,8,2014,HELY-HUTCHINSON,Minor Dam,925,15.34,940,101.62
e820769d-2f83-47a1-84e5-26a22faa4f02,30/08/2014,Aug-14,8,2014,HELY-HUTCHINSON,Minor Dam,925,15.28,931,100.65
1c3e24f8-77e0-414a-b775-875edd31cdb5,31/08/2014,Aug-14,8,2014,HELY-HUTCHINSON,Minor Dam,925,15.26,928,100.32
d11041d8-ef84-4255-809f-ed42f53c113d,01/09/2014,Sep-14,9,2014,HELY-HUTCHINSON,Minor Dam,925,15.26,928,100.32
0cdab92d-97ad-4438-b277-7fa38a78c63c,02/09/2014,Sep-14,9,2014,HELY-HUTCHINSON,Minor Dam,925,15.25,926,100.11
8d86298b-8755-4823-acdc-1895fcc7903f,03/09/2014,Sep-14,9,2014,HELY-HUTCHINSON,Minor Dam,925,15.24,925,100
83b8a1aa-368b-429f-aa2d-74b65e2659ba,04/09/2014,Sep-14,9,2014,HELY-HUTCHINSON,Minor Dam,925,15.24,925,100
e94a9dda-863e-4e76-9f5d-8d4d21607e4c,05/09/2014,Sep-14,9,2014,HELY-HUTCHINSON,Minor Dam,925,15.23,923,99.78
46d565ea-a6b2-4452-9fd2-cb20cdb20bb6,06/09/2014,Sep-14,9,2014,HELY-HUTCHINSON,Minor Dam,925,15.23,923,99.78
7a6e6eb2-635b-4aa6-8ffb-d420fe452d59,07/09/2014,Sep-14,9,2014,HELY-HUTCHINSON,Minor Dam,925,15.24,925,100
ebfbb37f-605a-4820-aee6-43fed7347e61,08/09/2014,Sep-14,9,2014,HELY-HUTCHINSON,Minor Dam,925,15.25,926,100.11
8419b77c-af7f-4f5f-8dc4-aeb7771c61f6,09/09/2014,Sep-14,9,2014,HELY-HUTCHINSON,Minor Dam,925,15.24,925,100
5c8bd647-1d90-427f-a92f-bfef7be3140d,10/09/2014,Sep-14,9,2014,HELY-HUTCHINSON,Minor Dam,925,15.24,925,100
c480428c-4a1c-421b-aec3-9d441bf763cf,11/09/2014,Sep-14,9,2014,HELY-HUTCHINSON,Minor Dam,925,15.22,922,99.68
9a276b14-c278-4193-944d-651238c1c97c,12/09/2014,Sep-14,9,2014,HELY-HUTCHINSON,Minor Dam,925,15.2,918,99.24
666a4c58-5436-4b16-8b97-9df7da94015c,13/09/2014,Sep-14,9,2014,HELY-HUTCHINSON,Minor Dam,925,15.18,915,98.92
f4cbee91-1613-42c8-b71c-6ff7ff713a2c,14/09/2014,Sep-14,9,2014,HELY-HUTCHINSON,Minor Dam,925,15.18,915,98.92
08370932-ea8e-43c6-854f-672b69d3a7e3,15/09/2014,Sep-14,9,2014,HELY-HUTCHINSON,Minor Dam,925,15.18,915,98.92
4218a3c4-6d26-4af3-afaf-3673013bf3ac,16/09/2014,Sep-14,9,2014,HELY-HUTCHINSON,Minor Dam,925,15.18,915,98.92
fd4239de-2f2a-4e12-b83b-5b8f23b7e848,17/09/2014,Sep-14,9,2014,HELY-HUTCHINSON,Minor Dam,925,15.18,915,98.92
4ccbb37a-d15b-4e2e-8ae9-8de693e9f949,18/09/2014,Sep-14,9,2014,HELY-HUTCHINSON,Minor Dam,925,15.18,915,98.92
5aa27093-7a18-4216-aea3-c078685fe357,19/09/2014,Sep-14,9,2014,HELY-HUTCHINSON,Minor Dam,925,15.26,928,100.32
a5a3f40d-56ee-4c73-bbcb-a50d359d9bca,20/09/2014,Sep-14,9,2014,HELY-HUTCHINSON,Minor Dam,925,15.27,929,100.43
bf56061e-4ab7-4e15-a6f1-a47b3bbebd79,21/09/2014,Sep-14,9,2014,HELY-HUTCHINSON,Minor Dam,925,15.27,929,100.43
63e47860-10d8-495f-b5cd-562f53f70042,22/09/2014,Sep-14,9,2014,HELY-HUTCHINSON,Minor Dam,925,15.26,928,100.32
17469f1e-c03a-49a3-bfec-55e5f14173ba,23/09/2014,Sep-14,9,2014,HELY-HUTCHINSON,Minor Dam,925,15.26,928,100.32
64133d9e-f6e2-44a8-94e7-f10b611ea3c5,24/09/2014,Sep-14,9,2014,HELY-HUTCHINSON,Minor Dam,925,15.25,926,100.11
2f90b6e4-c2ad-4c44-a972-19b12ae99abe,25/09/2014,Sep-14,9,2014,HELY-HUTCHINSON,Minor Dam,925,15.25,926,100.11
d2fd1e7e-4fd7-498b-a50e-70d5da303ddc,26/09/2014,Sep-14,9,2014,HELY-HUTCHINSON,Minor Dam,925,15.24,925,100
e574e375-b055-4c7d-b371-0090cbc64794,27/09/2014,Sep-14,9,2014,HELY-HUTCHINSON,Minor Dam,925,15.24,925,100
c3dbf9f8-a82f-44ac-b5c6-884693ee9946,28/09/2014,Sep-14,9,2014,HELY-HUTCHINSON,Minor Dam,925,15.24,925,100
533126f2-6a1a-498b-b734-ec506f899703,29/09/2014,Sep-14,9,2014,HELY-HUTCHINSON,Minor Dam,925,15.24,925,100
00ebd6ab-bab4-49fc-864e-a0ed61005340,30/09/2014,Sep-14,9,2014,HELY-HUTCHINSON,Minor Dam,925,15.23,923,99.78
e8f25cc8-44bf-4f5e-a45d-92e6b9c52c40,01/10/2014,Oct-14,10,2014,HELY-HUTCHINSON,Minor Dam,925,15.23,923,99.78
d6c4bc01-0ada-4ffe-88cd-12b121643492,02/10/2014,Oct-14,10,2014,HELY-HUTCHINSON,Minor Dam,925,15.21,920,99.46
6fcd0da0-c4b2-46b0-bbe5-4276052bc0e6,03/10/2014,Oct-14,10,2014,HELY-HUTCHINSON,Minor Dam,925,15.19,917,99.14
fa15f11d-63ba-499c-96de-fe116f7693c6,04/10/2014,Oct-14,10,2014,HELY-HUTCHINSON,Minor Dam,925,15.17,914,98.81
091fafd5-1ee8-4f2a-95d2-4b99d8dff2c3,05/10/2014,Oct-14,10,2014,HELY-HUTCHINSON,Minor Dam,925,15.14,909,98.27
5021412f-7a01-41d8-8362-98886fdc34bb,06/10/2014,Oct-14,10,2014,HELY-HUTCHINSON,Minor Dam,925,15.07,898,97.08
8f828e25-6666-4502-a446-922f718e5fc5,07/10/2014,Oct-14,10,2014,HELY-HUTCHINSON,Minor Dam,925,15,887,95.89
90b05405-498b-4618-8720-39c76743f8f0,08/10/2014,Oct-14,10,2014,HELY-HUTCHINSON,Minor Dam,925,14.92,874,94.49
8035da7c-a4fb-487a-9e9d-0042bbcf1d54,09/10/2014,Oct-14,10,2014,HELY-HUTCHINSON,Minor Dam,925,14.82,859,92.86
c1ac3a9f-fcdc-4757-a4f1-7f34e248de77,10/10/2014,Oct-14,10,2014,HELY-HUTCHINSON,Minor Dam,925,14.72,844,91.24
897fa9a0-5f63-4d68-8e2c-6c12ef1505d8,11/10/2014,Oct-14,10,2014,HELY-HUTCHINSON,Minor Dam,925,14.66,835,90.27
f2892fb7-34df-489a-bc9b-6935290bdd15,12/10/2014,Oct-14,10,2014,HELY-HUTCHINSON,Minor Dam,925,14.56,820,88.65
a3950532-e316-48ef-9a53-087a59422a20,13/10/2014,Oct-14,10,2014,HELY-HUTCHINSON,Minor Dam,925,14.46,805,87.03
caa80460-b592-4302-bfd3-6629d72d44c4,14/10/2014,Oct-14,10,2014,HELY-HUTCHINSON,Minor Dam,925,14.36,791,85.51
f74676fc-f8b1-4335-aeae-ffd31cc5e3f5,15/10/2014,Oct-14,10,2014,HELY-HUTCHINSON,Minor Dam,925,14.27,778,84.11
b58582eb-85ae-4d6b-9fdb-4655fde6f0ea,16/10/2014,Oct-14,10,2014,HELY-HUTCHINSON,Minor Dam,925,14.17,763,82.49
05612b5f-64e3-4c23-a79a-84306db2b631,17/10/2014,Oct-14,10,2014,HELY-HUTCHINSON,Minor Dam,925,14.06,746,80.65
6c402deb-913b-4f31-a306-59f368e4cae2,18/10/2014,Oct-14,10,2014,HELY-HUTCHINSON,Minor Dam,925,13.95,730,78.92
33f8ca59-dcea-49da-b072-a00813846c69,19/10/2014,Oct-14,10,2014,HELY-HUTCHINSON,Minor Dam,925,13.85,716,77.41
89dc62ca-442c-4d1a-8519-6730ac54dedd,20/10/2014,Oct-14,10,2014,HELY-HUTCHINSON,Minor Dam,925,13.75,701,75.78
7ef15668-fe09-40e9-abd5-674f885aaa71,21/10/2014,Oct-14,10,2014,HELY-HUTCHINSON,Minor Dam,925,13.62,682,73.73
4818084d-dfe3-4be1-ad57-966d2b8ad5d4,22/10/2014,Oct-14,10,2014,HELY-HUTCHINSON,Minor Dam,925,13.48,662,71.57
eb753eaf-7787-46cd-bfd7-e6a8d5a4a7e7,23/10/2014,Oct-14,10,2014,HELY-HUTCHINSON,Minor Dam,925,13.38,647,69.95
9123becd-b40f-4066-b476-4ec7ca0d6841,24/10/2014,Oct-14,10,2014,HELY-HUTCHINSON,Minor Dam,925,13.26,630,68.11
dad08efd-6505-4ef9-bfed-c1690b83cca4,25/10/2014,Oct-14,10,2014,HELY-HUTCHINSON,Minor Dam,925,13.15,615,66.49
df93eec1-bb23-4b5e-a5fe-019e024020ca,26/10/2014,Oct-14,10,2014,HELY-HUTCHINSON,Minor Dam,925,13.03,599,64.76
a139b2a9-a1e1-41e7-a8aa-60aaf13dc223,27/10/2014,Oct-14,10,2014,HELY-HUTCHINSON,Minor Dam,925,12.94,587,63.46
6c345d96-1574-4635-a327-9535b9f0c894,28/10/2014,Oct-14,10,2014,HELY-HUTCHINSON,Minor Dam,925,12.79,569,61.51
58d4b94f-502b-44ce-99c2-3641a6aaae15,29/10/2014,Oct-14,10,2014,HELY-HUTCHINSON,Minor Dam,925,12.66,553,59.78
4b3703f6-6af4-4044-8bbf-d9e3b76ef7aa,30/10/2014,Oct-14,10,2014,HELY-HUTCHINSON,Minor Dam,925,12.56,540,58.38
a3807272-6e63-4210-8947-55d13f616e47,31/10/2014,Oct-14,10,2014,HELY-HUTCHINSON,Minor Dam,925,12.43,524,56.65
2fba877d-36c1-4ff6-a0d1-fb60c8273a63,01/11/2014,Nov-14,11,2014,HELY-HUTCHINSON,Minor Dam,925,12.31,509,55.03
3acef563-b53b-4e4d-9bbb-20d7c68e2779,02/11/2014,Nov-14,11,2014,HELY-HUTCHINSON,Minor Dam,925,12.17,492,53.19
0cbe7197-f15f-4bf1-9e1b-6fb2fa9473fa,03/11/2014,Nov-14,11,2014,HELY-HUTCHINSON,Minor Dam,925,12.03,475,51.35
edaa2e36-21f3-4caa-82fb-e90ca9cf68fc,04/11/2014,Nov-14,11,2014,HELY-HUTCHINSON,Minor Dam,925,11.91,461,49.84
9dcece3a-96cb-46c5-a730-c1c5a4a41287,05/11/2014,Nov-14,11,2014,HELY-HUTCHINSON,Minor Dam,925,11.79,447,48.32
22daba95-299e-4fe8-b5b0-99eb4f9325f8,06/11/2014,Nov-14,11,2014,HELY-HUTCHINSON,Minor Dam,925,11.64,431,46.59
51d6eeca-e0f1-4a4c-8aec-94437013d21e,07/11/2014,Nov-14,11,2014,HELY-HUTCHINSON,Minor Dam,925,11.52,418,45.19
941a7e10-3992-4729-a333-1e30eff3eafc,08/11/2014,Nov-14,11,2014,HELY-HUTCHINSON,Minor Dam,925,11.44,410,44.32
f09600f4-7dcf-4b76-b99e-cf468dddd6ff,09/11/2014,Nov-14,11,2014,HELY-HUTCHINSON,Minor Dam,925,11.27,393,42.49
f7cbf38a-c8ae-4135-9954-d9e6b152b41b,10/11/2014,Nov-14,11,2014,HELY-HUTCHINSON,Minor Dam,925,11.1,376,40.65
c6247334-0d7d-4c2e-818d-595fb4f33ed6,11/11/2014,Nov-14,11,2014,HELY-HUTCHINSON,Minor Dam,925,10.93,359,38.81
b2fe2595-ab9a-424a-b546-520d1e50f607,12/11/2014,Nov-14,11,2014,HELY-HUTCHINSON,Minor Dam,925,10.9,356,38.49
80280350-735b-46a3-ad7d-ede56aeb1a7b,13/11/2014,Nov-14,11,2014,HELY-HUTCHINSON,Minor Dam,925,10.95,361,39.03
7c1b68bb-1e6d-4739-a766-ba7811d0e06e,14/11/2014,Nov-14,11,2014,HELY-HUTCHINSON,Minor Dam,925,10.91,357,38.59
8aef1f30-e0f6-4407-9e03-a2400af992f4,15/11/2014,Nov-14,11,2014,HELY-HUTCHINSON,Minor Dam,925,10.92,358,38.7
92ab2b7b-9061-4085-b687-f886f5d57fa4,16/11/2014,Nov-14,11,2014,HELY-HUTCHINSON,Minor Dam,925,10.96,362,39.14
c291162a-516c-4cee-9a56-50aec5b27b1d,17/11/2014,Nov-14,11,2014,HELY-HUTCHINSON,Minor Dam,925,10.96,362,39.14
d2595575-63f5-445e-ba77-fae348496abd,18/11/2014,Nov-14,11,2014,HELY-HUTCHINSON,Minor Dam,925,10.97,363,39.24
1587bce3-a6b3-4bba-8d49-f35a8894c030,19/11/2014,Nov-14,11,2014,HELY-HUTCHINSON,Minor Dam,925,10.98,364,39.35
078da57f-216d-46b6-a09c-fe97ea378ee4,20/11/2014,Nov-14,11,2014,HELY-HUTCHINSON,Minor Dam,925,10.99,365,39.46
bb75c2ec-3ef3-481d-a1eb-c268bdb74975,21/11/2014,Nov-14,11,2014,HELY-HUTCHINSON,Minor Dam,925,10.98,364,39.35
ee19b817-a1bb-4ce2-bd8e-9d9853932812,22/11/2014,Nov-14,11,2014,HELY-HUTCHINSON,Minor Dam,925,10.98,364,39.35
3f30ed34-7196-43f2-b725-1e1af60f2026,23/11/2014,Nov-14,11,2014,HELY-HUTCHINSON,Minor Dam,925,10.98,364,39.35
68bddb31-49ae-4f09-8d96-fff3f9d758cb,24/11/2014,Nov-14,11,2014,HELY-HUTCHINSON,Minor Dam,925,10.97,363,39.24
170d6ef6-d0b6-4792-81a5-711f03c3db67,25/11/2014,Nov-14,11,2014,HELY-HUTCHINSON,Minor Dam,925,10.97,363,39.24
0af24741-ec12-4b6f-8810-31ab08b807ab,26/11/2014,Nov-14,11,2014,HELY-HUTCHINSON,Minor Dam,925,10.97,363,39.24
008805d9-9ac1-4af4-8006-b47660c27ea6,27/11/2014,Nov-14,11,2014,HELY-HUTCHINSON,Minor Dam,925,10.97,363,39.24
4b7d0107-499a-43dd-8ecd-bff1b0696131,28/11/2014,Nov-14,11,2014,HELY-HUTCHINSON,Minor Dam,925,10.98,364,39.35
bc4cf057-83b1-41d0-b6fa-54fef1ecb20d,29/11/2014,Nov-14,11,2014,HELY-HUTCHINSON,Minor Dam,925,10.98,364,39.35
10349d53-9d7a-4fcf-a7b7-facabc9f9e1b,30/11/2014,Nov-14,11,2014,HELY-HUTCHINSON,Minor Dam,925,10.98,364,39.35
3ebec8fd-cd8b-4a22-b10a-6947cd508fa9,01/12/2014,Dec-14,12,2014,HELY-HUTCHINSON,Minor Dam,925,10.97,363,39.24
d16c7197-1c0b-4183-af4d-dbdfefd0c688,02/12/2014,Dec-14,12,2014,HELY-HUTCHINSON,Minor Dam,925,10.97,363,39.24
10b0b334-10ea-4fb0-bad4-d7a81dbd7c1c,03/12/2014,Dec-14,12,2014,HELY-HUTCHINSON,Minor Dam,925,10.97,363,39.24
345b44cb-ac8b-41a0-a6b3-c471c87e8c40,04/12/2014,Dec-14,12,2014,HELY-HUTCHINSON,Minor Dam,925,10.96,362,39.14
0b6d60b9-9ec2-438a-bbe0-dc350cc26205,05/12/2014,Dec-14,12,2014,HELY-HUTCHINSON,Minor Dam,925,10.96,362,39.14
dbef73b2-7f4b-4822-94b4-a01ffba6032d,06/12/2014,Dec-14,12,2014,HELY-HUTCHINSON,Minor Dam,925,10.96,362,39.14
18e0a41e-761f-4b3c-b372-e5fe9328e592,07/12/2014,Dec-14,12,2014,HELY-HUTCHINSON,Minor Dam,925,10.96,362,39.14
02a58188-503f-4e20-aafc-39b2c13670ba,08/12/2014,Dec-14,12,2014,HELY-HUTCHINSON,Minor Dam,925,10.96,362,39.14
f6780c6b-ad9d-4300-a60c-f19fe030ae27,09/12/2014,Dec-14,12,2014,HELY-HUTCHINSON,Minor Dam,925,10.96,362,39.14
6f50962d-799e-4f6a-a3db-22ad56d13d6b,10/12/2014,Dec-14,12,2014,HELY-HUTCHINSON,Minor Dam,925,10.96,362,39.14
176af13c-0221-4d50-afab-5c24d26528a3,11/12/2014,Dec-14,12,2014,HELY-HUTCHINSON,Minor Dam,925,10.96,362,39.14
9a74344b-10da-475c-8b76-0dfab77d6372,12/12/2014,Dec-14,12,2014,HELY-HUTCHINSON,Minor Dam,925,10.95,361,39.03
b824d54b-aeec-4733-aa9e-a9536fd9e9dc,13/12/2014,Dec-14,12,2014,HELY-HUTCHINSON,Minor Dam,925,10.95,361,39.03
3b6eacbb-42d1-46d0-bc75-051f4bd14833,14/12/2014,Dec-14,12,2014,HELY-HUTCHINSON,Minor Dam,925,10.95,361,39.03
18b96c0b-312d-4bc8-99fa-f55d79b744a5,15/12/2014,Dec-14,12,2014,HELY-HUTCHINSON,Minor Dam,925,10.95,361,39.03
9ab395ae-59ed-49b7-8c64-5a94a4fc7eca,16/12/2014,Dec-14,12,2014,HELY-HUTCHINSON,Minor Dam,925,10.95,361,39.03
3df48a9e-7f51-4214-b786-456b94301215,17/12/2014,Dec-14,12,2014,HELY-HUTCHINSON,Minor Dam,925,10.95,361,39.03
44475d86-3988-4b60-82bb-d60ac9e0f240,18/12/2014,Dec-14,12,2014,HELY-HUTCHINSON,Minor Dam,925,10.94,360,38.92
3a4a6fc9-c867-49bf-a028-c229794faad2,19/12/2014,Dec-14,12,2014,HELY-HUTCHINSON,Minor Dam,925,10.93,359,38.81
21d881c1-b1b8-4add-aa61-6f4d471a1962,20/12/2014,Dec-14,12,2014,HELY-HUTCHINSON,Minor Dam,925,10.92,358,38.7
67654edd-82f2-4623-854d-4a9bf87c40c0,21/12/2014,Dec-14,12,2014,HELY-HUTCHINSON,Minor Dam,925,10.91,357,38.59
3f145366-a0aa-4d9d-83fd-34639b552300,22/12/2014,Dec-14,12,2014,HELY-HUTCHINSON,Minor Dam,925,10.91,357,38.59
a9780fb7-4896-45da-afe1-ccb6257e64d1,23/12/2014,Dec-14,12,2014,HELY-HUTCHINSON,Minor Dam,925,10.89,356,38.49
6478063f-eb68-481a-b478-e60fe83e7867,24/12/2014,Dec-14,12,2014,HELY-HUTCHINSON,Minor Dam,925,10.89,356,38.49
65e85deb-96c7-44a1-958c-9cb7b8b17391,25/12/2014,Dec-14,12,2014,HELY-HUTCHINSON,Minor Dam,925,10.89,356,38.49
0d36144d-cc11-4a40-b5fa-c9074f30c7bb,26/12/2014,Dec-14,12,2014,HELY-HUTCHINSON,Minor Dam,925,10.89,356,38.49
270f674f-5b82-4787-ad98-b5da55b9f459,27/12/2014,Dec-14,12,2014,HELY-HUTCHINSON,Minor Dam,925,10.91,357,38.59
ee63c659-d090-437b-9b40-d9d2b464b188,28/12/2014,Dec-14,12,2014,HELY-HUTCHINSON,Minor Dam,925,11.04,370,40
776a7b2f-6830-4cfe-9ba6-0e2c0c543157,29/12/2014,Dec-14,12,2014,HELY-HUTCHINSON,Minor Dam,925,11.04,370,40
173662f0-1073-4ab4-8a8e-468327a2c626,30/12/2014,Dec-14,12,2014,HELY-HUTCHINSON,Minor Dam,925,11.04,370,40
db127179-e055-40a8-9d12-a547f63f8182,31/12/2014,Dec-14,12,2014,HELY-HUTCHINSON,Minor Dam,925,11.04,370,40
7d98610b-8613-40e0-a2f2-a937049a1129,01/01/2015,Jan-15,1,2015,HELY-HUTCHINSON,Minor Dam,925,5.44,44,4.76
5362a8fa-0de0-45fc-8322-7b149053055c,02/01/2015,Jan-15,1,2015,HELY-HUTCHINSON,Minor Dam,925,5.44,44,4.76
dc76f198-a11a-47be-81b7-e8a8b1f9c371,03/01/2015,Jan-15,1,2015,HELY-HUTCHINSON,Minor Dam,925,11.04,370,40
67ececf6-352e-45b9-9118-85f23e8f9f51,04/01/2015,Jan-15,1,2015,HELY-HUTCHINSON,Minor Dam,925,11.04,370,40
4f067db2-8009-412f-a67d-8bf01ac46424,05/01/2015,Jan-15,1,2015,HELY-HUTCHINSON,Minor Dam,925,11.04,370,40
7690f029-c272-4678-8aa4-949bc78e92b3,06/01/2015,Jan-15,1,2015,HELY-HUTCHINSON,Minor Dam,925,11.09,375,40.54
1d8fd4b5-c34c-40d2-82da-2ae8714ff241,07/01/2015,Jan-15,1,2015,HELY-HUTCHINSON,Minor Dam,925,11.6,427,46.16
07e80d42-6d9f-4d88-a774-dab4c73d9356,08/01/2015,Jan-15,1,2015,HELY-HUTCHINSON,Minor Dam,925,11.64,431,46.59
f543c70c-2b59-443f-a373-0029272b2ac2,09/01/2015,Jan-15,1,2015,HELY-HUTCHINSON,Minor Dam,925,11.65,432,46.7
6fd79f4b-59ff-4234-950b-ad3cfe1289fb,10/01/2015,Jan-15,1,2015,HELY-HUTCHINSON,Minor Dam,925,11.67,434,46.92
73c569d8-0b7c-465c-a79c-ed3f23c33e44,11/01/2015,Jan-15,1,2015,HELY-HUTCHINSON,Minor Dam,925,11.67,434,46.92
13d4f548-1dc1-4e67-a81c-e2ca7d2441ce,12/01/2015,Jan-15,1,2015,HELY-HUTCHINSON,Minor Dam,925,11.67,434,46.92
04e501c6-527b-4ef6-add3-cd85d63ef6c3,13/01/2015,Jan-15,1,2015,HELY-HUTCHINSON,Minor Dam,925,11.67,434,46.92
7977a89d-0b15-4ad1-8e61-d7514ce7b7a6,14/01/2015,Jan-15,1,2015,HELY-HUTCHINSON,Minor Dam,925,11.67,434,46.92
0bd1b743-7ca9-4382-ac7e-80bc1fa1ec5f,15/01/2015,Jan-15,1,2015,HELY-HUTCHINSON,Minor Dam,925,11.67,434,46.92
e314df59-2b53-4948-bbd4-0aa2d5af8ecc,16/01/2015,Jan-15,1,2015,HELY-HUTCHINSON,Minor Dam,925,11.67,434,46.92
33ef7461-f842-47dc-9adc-4a2420c2ece6,17/01/2015,Jan-15,1,2015,HELY-HUTCHINSON,Minor Dam,925,11.76,444,48
c574df5d-b99d-4c97-a996-8a62bb11af40,18/01/2015,Jan-15,1,2015,HELY-HUTCHINSON,Minor Dam,925,11.79,447,48.32
a2510dae-f86c-4f93-ba93-40bcd94f99a3,19/01/2015,Jan-15,1,2015,HELY-HUTCHINSON,Minor Dam,925,11.79,447,48.32
4a4f3679-67be-474b-9411-2bd30462e398,20/01/2015,Jan-15,1,2015,HELY-HUTCHINSON,Minor Dam,925,11.79,447,48.32
b2951028-bdc4-4ba9-81c9-84ad3ce238de,21/01/2015,Jan-15,1,2015,HELY-HUTCHINSON,Minor Dam,925,11.77,446,48.22
b0a1308d-23bf-4983-978a-88f2a40054e7,22/01/2015,Jan-15,1,2015,HELY-HUTCHINSON,Minor Dam,925,11.76,444,48
860b74c3-848e-4689-a925-5550ad3e2f2e,23/01/2015,Jan-15,1,2015,HELY-HUTCHINSON,Minor Dam,925,11.76,444,48
9bba3b26-8da0-47c1-a7c8-295591e9a376,24/01/2015,Jan-15,1,2015,HELY-HUTCHINSON,Minor Dam,925,11.76,444,48
fde6aa75-c31a-460e-a75d-06be18ef02a6,25/01/2015,Jan-15,1,2015,HELY-HUTCHINSON,Minor Dam,925,11.76,444,48
0230970d-92c6-4d6b-ade0-5608845d16b3,26/01/2015,Jan-15,1,2015,HELY-HUTCHINSON,Minor Dam,925,11.76,444,48
80657e20-6dcf-40cd-a9a9-536b20be17ed,27/01/2015,Jan-15,1,2015,HELY-HUTCHINSON,Minor Dam,925,11.76,444,48
183ed1f0-2d2f-4d53-8361-5a705216e459,28/01/2015,Jan-15,1,2015,HELY-HUTCHINSON,Minor Dam,925,11.7,438,47.35
2413b3a0-2cfe-49a1-a960-9e076e383f69,29/01/2015,Jan-15,1,2015,HELY-HUTCHINSON,Minor Dam,925,11.36,402,43.46
4bc6665e-aa6e-4b01-923a-fb57955995c0,30/01/2015,Jan-15,1,2015,HELY-HUTCHINSON,Minor Dam,925,11.11,377,40.76
d072d853-aa6d-4193-aa01-abc69f33e8c2,31/01/2015,Jan-15,1,2015,HELY-HUTCHINSON,Minor Dam,925,10.86,353,38.16
d879385c-5bc0-458e-b616-d00ea8eca7b4,01/02/2015,Feb-15,2,2015,HELY-HUTCHINSON,Minor Dam,925,10.64,332,35.89
c3494940-d758-4b02-88cf-16710d24bd71,02/02/2015,Feb-15,2,2015,HELY-HUTCHINSON,Minor Dam,925,10.38,309,33.41
d56fd8db-f320-4b2b-bab9-6732e045ab38,03/02/2015,Feb-15,2,2015,HELY-HUTCHINSON,Minor Dam,925,10.1,285,30.81
294b0c21-ce28-42af-934c-7c1d1abf28a5,04/02/2015,Feb-15,2,2015,HELY-HUTCHINSON,Minor Dam,925,9.82,261,28.22
c05ca6af-479b-48df-8e52-77efe768a736,05/02/2015,Feb-15,2,2015,HELY-HUTCHINSON,Minor Dam,925,9.62,246,26.59
9bc17efb-23fd-4137-a09e-7f47f6af8783,06/02/2015,Feb-15,2,2015,HELY-HUTCHINSON,Minor Dam,925,9.29,221,23.89
a329a374-6c60-47c7-bccd-86e22911df6f,07/02/2015,Feb-15,2,2015,HELY-HUTCHINSON,Minor Dam,925,8.99,200,21.62
60460a42-2b20-4f5a-843c-60f4e5ebba2c,08/02/2015,Feb-15,2,2015,HELY-HUTCHINSON,Minor Dam,925,8.59,176,19.03
6eb98e60-1d13-4eda-80a0-2299e21dab76,09/02/2015,Feb-15,2,2015,HELY-HUTCHINSON,Minor Dam,925,8.16,150,16.22
c7c22e98-c562-4fd3-a573-119bbd6b366d,10/02/2015,Feb-15,2,2015,HELY-HUTCHINSON,Minor Dam,925,7.85,133,14.38
3895b056-e831-4848-9d84-0d2c0b2d077a,11/02/2015,Feb-15,2,2015,HELY-HUTCHINSON,Minor Dam,925,7.42,114,12.32
7597ad61-c1f8-49d8-86f6-e8f271d02b04,12/02/2015,Feb-15,2,2015,HELY-HUTCHINSON,Minor Dam,925,6.97,94,10.16
01895895-b43f-4b0d-8c6a-ac179865920a,13/02/2015,Feb-15,2,2015,HELY-HUTCHINSON,Minor Dam,925,6.46,75,8.11
ef4e3ab3-b16d-4bc7-94e7-411cb6908be3,14/02/2015,Feb-15,2,2015,HELY-HUTCHINSON,Minor Dam,925,5.79,54,5.84
2d95fd42-5754-43ce-8788-ba520b5e8ea1,15/02/2015,Feb-15,2,2015,HELY-HUTCHINSON,Minor Dam,925,5.06,36,3.89
efd0b066-2b8c-45dc-a678-d1ce252efc96,16/02/2015,Feb-15,2,2015,HELY-HUTCHINSON,Minor Dam,925,4.26,20,2.16
61b0ec0f-22ef-4133-af7e-af72eb506071,17/02/2015,Feb-15,2,2015,HELY-HUTCHINSON,Minor Dam,925,0,0,0
7b145771-2b40-4d38-8f4d-931b44b63a87,18/02/2015,Feb-15,2,2015,HELY-HUTCHINSON,Minor Dam,925,0,0,0
63bc23e4-1541-4265-aad4-3c4453f49bc6,19/02/2015,Feb-15,2,2015,HELY-HUTCHINSON,Minor Dam,925,0,0,0
ee8b28a4-a655-462d-b74d-3b6a2c6c6cb0,20/02/2015,Feb-15,2,2015,HELY-HUTCHINSON,Minor Dam,925,0,0,0
851cc0f2-aa9c-40f7-9972-a2352a5fd399,21/02/2015,Feb-15,2,2015,HELY-HUTCHINSON,Minor Dam,925,0,0,0
1c0626d7-7432-4249-968a-173713bcd230,22/02/2015,Feb-15,2,2015,HELY-HUTCHINSON,Minor Dam,925,0,0,0
f3a38fe5-2125-47e9-8091-70cf0e4fd7ef,23/02/2015,Feb-15,2,2015,HELY-HUTCHINSON,Minor Dam,925,0,0,0
fc556fe6-7832-45ce-89c0-6b379443784c,24/02/2015,Feb-15,2,2015,HELY-HUTCHINSON,Minor Dam,925,0,0,0
a4be901b-0936-46c7-afa2-35cb01fc4210,25/02/2015,Feb-15,2,2015,HELY-HUTCHINSON,Minor Dam,925,0,0,0
b09bd0b6-2001-41cc-9781-5917338e5773,26/02/2015,Feb-15,2,2015,HELY-HUTCHINSON,Minor Dam,925,0,0,0
928342e6-f843-44e9-a64e-55afa98be5be,27/02/2015,Feb-15,2,2015,HELY-HUTCHINSON,Minor Dam,925,0,0,0
9ed27bf4-6abd-4aaa-a329-79a4f7098c36,28/02/2015,Feb-15,2,2015,HELY-HUTCHINSON,Minor Dam,925,0,0,0
594030ef-b5d1-4aa8-ab3d-1c7346c16235,01/03/2015,Mar-15,3,2015,HELY-HUTCHINSON,Minor Dam,925,0,0,0
9b1a51e1-2854-4f5a-99ea-dc2fb54af8a3,02/03/2015,Mar-15,3,2015,HELY-HUTCHINSON,Minor Dam,925,0,0,0
dad3b502-73c6-4cd3-85b5-ca7228ba5ffe,03/03/2015,Mar-15,3,2015,HELY-HUTCHINSON,Minor Dam,925,0,0,0
4c244d85-8634-4157-ac85-d4514d6c8ed6,04/03/2015,Mar-15,3,2015,HELY-HUTCHINSON,Minor Dam,925,0,0,0
2844ee1d-24fc-47c8-ba9d-7d9344604e49,05/03/2015,Mar-15,3,2015,HELY-HUTCHINSON,Minor Dam,925,0,0,0
bac7b290-0098-4aa0-a10b-766f18ac0603,06/03/2015,Mar-15,3,2015,HELY-HUTCHINSON,Minor Dam,925,0,0,0
f4c6b1f1-5202-4862-8c1f-8fba8b141e0f,07/03/2015,Mar-15,3,2015,HELY-HUTCHINSON,Minor Dam,925,0,0,0
982fcf08-0688-4029-bfe7-5e62d751459f,08/03/2015,Mar-15,3,2015,HELY-HUTCHINSON,Minor Dam,925,0,0,0
db57be4e-2e36-4771-9aee-30567360b1dc,09/03/2015,Mar-15,3,2015,HELY-HUTCHINSON,Minor Dam,925,0,0,0
a5fe8acf-aea1-40bf-a360-dab3bb00be98,10/03/2015,Mar-15,3,2015,HELY-HUTCHINSON,Minor Dam,925,0,0,0
9165d31a-55d9-407a-8026-e5444d9b4b67,11/03/2015,Mar-15,3,2015,HELY-HUTCHINSON,Minor Dam,925,0,0,0
32216890-bb2d-49bc-9214-996ae4819ff0,12/03/2015,Mar-15,3,2015,HELY-HUTCHINSON,Minor Dam,925,0,0,0
932f41f4-9c07-46a2-9a0a-ac112a209e3e,13/03/2015,Mar-15,3,2015,HELY-HUTCHINSON,Minor Dam,925,0,0,0
69249923-871e-4f65-af1f-b66b0920e95b,14/03/2015,Mar-15,3,2015,HELY-HUTCHINSON,Minor Dam,925,0,0,0
4aae2692-2464-482f-b97f-85be69755029,15/03/2015,Mar-15,3,2015,HELY-HUTCHINSON,Minor Dam,925,0,0,0
ae8f1edf-da4d-4ea7-b9bf-eb852f5f20ab,16/03/2015,Mar-15,3,2015,HELY-HUTCHINSON,Minor Dam,925,0,0,0
fe42ed6a-0ef3-4119-bf72-8a9b733ad9c8,17/03/2015,Mar-15,3,2015,HELY-HUTCHINSON,Minor Dam,925,0,0,0
2c4bb715-9270-4b1a-a13d-1cf41412221b,18/03/2015,Mar-15,3,2015,HELY-HUTCHINSON,Minor Dam,925,0,0,0
9971078e-dfdf-4a09-8ed9-c41e790abf08,19/03/2015,Mar-15,3,2015,HELY-HUTCHINSON,Minor Dam,925,0,0,0
b87e409f-90e7-4ede-aed3-102cc69ad2b2,20/03/2015,Mar-15,3,2015,HELY-HUTCHINSON,Minor Dam,925,0,0,0
53fe7d3a-57ec-48fc-a3e6-23d124ccb923,21/03/2015,Mar-15,3,2015,HELY-HUTCHINSON,Minor Dam,925,0,0,0
c972c8ed-a803-4157-be41-990e588c27d7,22/03/2015,Mar-15,3,2015,HELY-HUTCHINSON,Minor Dam,925,0,0,0
a19da524-9381-42d8-9b46-1cada8e90b96,23/03/2015,Mar-15,3,2015,HELY-HUTCHINSON,Minor Dam,925,0,0,0
59e2fabc-bae6-4b78-93b4-c4b86e5bed90,24/03/2015,Mar-15,3,2015,HELY-HUTCHINSON,Minor Dam,925,0,0,0
8ebf1c38-7e9c-4c5c-9317-42c0ea6032ac,25/03/2015,Mar-15,3,2015,HELY-HUTCHINSON,Minor Dam,925,0,0,0
8fcea15a-b94d-45e4-bb27-5e02dfd814ac,26/03/2015,Mar-15,3,2015,HELY-HUTCHINSON,Minor Dam,925,0,0,0
a13b6489-280c-41d0-9789-90263ca1b1fc,27/03/2015,Mar-15,3,2015,HELY-HUTCHINSON,Minor Dam,925,0,0,0
24afe538-203e-423b-89d1-13dd71af01ee,28/03/2015,Mar-15,3,2015,HELY-HUTCHINSON,Minor Dam,925,0,0,0
5e99907a-c598-4d4d-9a06-dba9f5a43d8b,29/03/2015,Mar-15,3,2015,HELY-HUTCHINSON,Minor Dam,925,0,0,0
ff001266-c9c0-4f73-a260-3c43a7d87e21,30/03/2015,Mar-15,3,2015,HELY-HUTCHINSON,Minor Dam,925,0,0,0
6f62aac4-30a4-4830-9da8-896c2357e863,31/03/2015,Mar-15,3,2015,HELY-HUTCHINSON,Minor Dam,925,0,0,0
9141366c-89be-4f6c-bfbf-cfc040a78d7c,01/04/2015,Apr-15,4,2015,HELY-HUTCHINSON,Minor Dam,925,0,0,0
0b15f2d1-220a-4f9a-a539-386cef481317,02/04/2015,Apr-15,4,2015,HELY-HUTCHINSON,Minor Dam,925,0,0,0
12c50b37-b548-435f-945b-d67d1160a89f,03/04/2015,Apr-15,4,2015,HELY-HUTCHINSON,Minor Dam,925,0,0,0
c2d6e49c-c672-4ce4-b9f5-eef60bf9fe46,04/04/2015,Apr-15,4,2015,HELY-HUTCHINSON,Minor Dam,925,0,0,0
562bfed9-b776-4e74-bdc5-0298d3b8ec8f,05/04/2015,Apr-15,4,2015,HELY-HUTCHINSON,Minor Dam,925,0,0,0
002d75db-1055-4fad-9dfc-d1a7d58a2681,06/04/2015,Apr-15,4,2015,HELY-HUTCHINSON,Minor Dam,925,0,0,0
e41b24f2-6809-4aa4-a024-c1e5f2bf4d0f,07/04/2015,Apr-15,4,2015,HELY-HUTCHINSON,Minor Dam,925,0,0,0
d99061e9-8c11-41c7-bad5-a0939995d236,08/04/2015,Apr-15,4,2015,HELY-HUTCHINSON,Minor Dam,925,0,0,0
07f87d2f-8518-4d54-9b78-e67a1de45016,09/04/2015,Apr-15,4,2015,HELY-HUTCHINSON,Minor Dam,925,0,0,0
3cbfe24f-dad4-47ca-8cf1-d7c211e0457d,10/04/2015,Apr-15,4,2015,HELY-HUTCHINSON,Minor Dam,925,0,0,0
7588bd7e-988d-42f8-bf49-7510ae5abf51,11/04/2015,Apr-15,4,2015,HELY-HUTCHINSON,Minor Dam,925,0,0,0
5ef76ee7-182a-440b-8d0b-075d51eda8c3,12/04/2015,Apr-15,4,2015,HELY-HUTCHINSON,Minor Dam,925,0,0,0
86f2dacc-d415-4633-b656-1ee77e4ed8dd,13/04/2015,Apr-15,4,2015,HELY-HUTCHINSON,Minor Dam,925,0,0,0
be9523a5-8108-4906-a9ec-a27d66725c5d,14/04/2015,Apr-15,4,2015,HELY-HUTCHINSON,Minor Dam,925,0,0,0
bb4438b1-7745-4b67-8bd7-2fa20c4e5be7,15/04/2015,Apr-15,4,2015,HELY-HUTCHINSON,Minor Dam,925,0,0,0
594cb6e3-a3be-4a89-8f4a-722db120ff93,16/04/2015,Apr-15,4,2015,HELY-HUTCHINSON,Minor Dam,925,0,0,0
99e24048-e81d-4e75-ad79-2e1827c16504,17/04/2015,Apr-15,4,2015,HELY-HUTCHINSON,Minor Dam,925,0,0,0
ea3ff879-bdf9-4407-b9f6-eb8ec3080fdf,18/04/2015,Apr-15,4,2015,HELY-HUTCHINSON,Minor Dam,925,0,0,0
7df70bff-4ce0-4998-981c-3ebc5ecf6cfe,19/04/2015,Apr-15,4,2015,HELY-HUTCHINSON,Minor Dam,925,0,0,0
7beafca7-0098-4dde-a6ac-d7372601fc48,20/04/2015,Apr-15,4,2015,HELY-HUTCHINSON,Minor Dam,925,0,0,0
9bfe386d-8b8b-432c-9ee0-2cb4ed7b5488,21/04/2015,Apr-15,4,2015,HELY-HUTCHINSON,Minor Dam,925,0,0,0
f4259723-ea67-42da-8e51-737cea89a6e4,22/04/2015,Apr-15,4,2015,HELY-HUTCHINSON,Minor Dam,925,0,0,0
ccd99fba-64e6-429f-8744-d062dcb32e2a,23/04/2015,Apr-15,4,2015,HELY-HUTCHINSON,Minor Dam,925,0,0,0
f218d022-80f3-4a5f-ad1c-65cb22f0221a,24/04/2015,Apr-15,4,2015,HELY-HUTCHINSON,Minor Dam,925,0,0,0
1b583ca6-ecb0-4b8b-ab7a-d42a838a6f5e,25/04/2015,Apr-15,4,2015,HELY-HUTCHINSON,Minor Dam,925,0,0,0
f77d6be9-23c8-4325-884b-b990dcf28f9b,26/04/2015,Apr-15,4,2015,HELY-HUTCHINSON,Minor Dam,925,0,0,0
e215fe5e-6b21-4856-a161-fa5300e3ba86,27/04/2015,Apr-15,4,2015,HELY-HUTCHINSON,Minor Dam,925,0,0,0
cd7fb7a1-c9fa-4d46-bc46-bb9708394b3b,28/04/2015,Apr-15,4,2015,HELY-HUTCHINSON,Minor Dam,925,0,0,0
cd98f9e7-8afd-492d-bdf9-c2ecb171717c,29/04/2015,Apr-15,4,2015,HELY-HUTCHINSON,Minor Dam,925,0,0,0
74472aab-8a42-4c41-9ab1-e82573d48699,30/04/2015,Apr-15,4,2015,HELY-HUTCHINSON,Minor Dam,925,0,0,0
edadaf12-b0ff-43e8-8219-90528b3298c2,01/05/2015,May-15,5,2015,HELY-HUTCHINSON,Minor Dam,925,0,0,0
b330ad4f-b3f5-4e79-9357-a56f66cd2bc7,02/05/2015,May-15,5,2015,HELY-HUTCHINSON,Minor Dam,925,0,0,0
5fce6d0f-765d-4c8f-85da-aec5c76c87e4,03/05/2015,May-15,5,2015,HELY-HUTCHINSON,Minor Dam,925,0,0,0
7d7199c4-0e51-4d6a-815b-fd45c51956bb,04/05/2015,May-15,5,2015,HELY-HUTCHINSON,Minor Dam,925,0,0,0
d0b78d8e-4119-4d5b-8161-73ce4b5d064c,05/05/2015,May-15,5,2015,HELY-HUTCHINSON,Minor Dam,925,0,0,0
78266cb0-6c14-413a-9a13-c98f1206659d,06/05/2015,May-15,5,2015,HELY-HUTCHINSON,Minor Dam,925,0,0,0
c605e29a-4ef8-4aca-9cb0-79bd81a6494d,07/05/2015,May-15,5,2015,HELY-HUTCHINSON,Minor Dam,925,0,0,0
606fc22f-4c96-404f-9bb8-f2a6e8d16960,08/05/2015,May-15,5,2015,HELY-HUTCHINSON,Minor Dam,925,0,0,0
4e958ecb-7313-4024-91b3-36cd479d8275,09/05/2015,May-15,5,2015,HELY-HUTCHINSON,Minor Dam,925,0,0,0
16e7e687-7a61-41e8-b425-351ec5f6325e,10/05/2015,May-15,5,2015,HELY-HUTCHINSON,Minor Dam,925,0,0,0
2d499e48-79ca-4f2e-a8fc-57101623a35a,11/05/2015,May-15,5,2015,HELY-HUTCHINSON,Minor Dam,925,0,0,0
e1d9ef14-72bd-402a-9c83-91e3d919640e,12/05/2015,May-15,5,2015,HELY-HUTCHINSON,Minor Dam,925,0,0,0
54c566ae-0dc3-42e9-a9d1-00dd616c4c5b,13/05/2015,May-15,5,2015,HELY-HUTCHINSON,Minor Dam,925,0,0,0
5d21ce33-9c3d-4fb0-ab85-2a428a3233b3,14/05/2015,May-15,5,2015,HELY-HUTCHINSON,Minor Dam,925,0,0,0
41b9826c-a1a9-42e4-a4ee-a27196f68370,15/05/2015,May-15,5,2015,HELY-HUTCHINSON,Minor Dam,925,0,0,0
7a10387b-0074-43eb-91df-3503c175c541,16/05/2015,May-15,5,2015,HELY-HUTCHINSON,Minor Dam,925,0,0,0
ebb8aeae-fc73-4413-8976-5c8bbaa2c266,17/05/2015,May-15,5,2015,HELY-HUTCHINSON,Minor Dam,925,0,0,0
b1d1ee0d-d710-4374-a0e7-f8f753ef8b4c,18/05/2015,May-15,5,2015,HELY-HUTCHINSON,Minor Dam,925,0,0,0
439feef2-0fa7-4a90-9162-0d2f427a59ab,19/05/2015,May-15,5,2015,HELY-HUTCHINSON,Minor Dam,925,0,0,0
4916dfdc-24a4-4704-9f35-dd774a15ccce,20/05/2015,May-15,5,2015,HELY-HUTCHINSON,Minor Dam,925,0,0,0
29af6155-4837-430c-8730-a1113cac5158,21/05/2015,May-15,5,2015,HELY-HUTCHINSON,Minor Dam,925,0,0,0
22e44aab-b6d9-445d-b0a8-f54930770805,22/05/2015,May-15,5,2015,HELY-HUTCHINSON,Minor Dam,925,0,0,0
9fdba095-b1dc-494f-8375-c4ef49681900,23/05/2015,May-15,5,2015,HELY-HUTCHINSON,Minor Dam,925,0,0,0
ecf36c1b-37e0-4630-902b-65eda0a7141f,24/05/2015,May-15,5,2015,HELY-HUTCHINSON,Minor Dam,925,0,0,0
8e83b6cd-3e47-4953-933e-4292c49ead5e,25/05/2015,May-15,5,2015,HELY-HUTCHINSON,Minor Dam,925,0,0,0
59776a18-8176-4b50-aa08-f24d5142031e,26/05/2015,May-15,5,2015,HELY-HUTCHINSON,Minor Dam,925,0,0,0
c8a4a197-f245-457d-80ac-b4a5f2fcf069,27/05/2015,May-15,5,2015,HELY-HUTCHINSON,Minor Dam,925,0,0,0
10bc6e0b-1ae5-467e-9c13-405eeb2455d9,28/05/2015,May-15,5,2015,HELY-HUTCHINSON,Minor Dam,925,0,0,0
72302cad-54a5-4824-b80f-e47cae974aa7,29/05/2015,May-15,5,2015,HELY-HUTCHINSON,Minor Dam,925,0,0,0
6b4e6cb3-5d32-4ac3-8293-b291536a1950,30/05/2015,May-15,5,2015,HELY-HUTCHINSON,Minor Dam,925,8.25,156,16.86
31c2bba0-71de-4e36-b371-324b84735c53,31/05/2015,May-15,5,2015,HELY-HUTCHINSON,Minor Dam,925,8.2,153,16.54
e0684365-ffc8-4f82-9751-4699f60b7ac1,01/06/2015,Jun-15,6,2015,HELY-HUTCHINSON,Minor Dam,925,8.8,188,20.32
b0409e2c-4dc7-4f31-b554-3d66272682f1,02/06/2015,Jun-15,6,2015,HELY-HUTCHINSON,Minor Dam,925,9.06,205,22.16
dc76b31a-1d34-439e-8961-ad75b99e891d,03/06/2015,Jun-15,6,2015,HELY-HUTCHINSON,Minor Dam,925,9.08,206,22.27
25201d27-d0dd-4396-8373-2ba8bee0e478,04/06/2015,Jun-15,6,2015,HELY-HUTCHINSON,Minor Dam,925,9.71,252,27.24
329f1b71-3cde-4967-94f6-31e1bd39e030,05/06/2015,Jun-15,6,2015,HELY-HUTCHINSON,Minor Dam,925,10.91,357,38.59
16c45beb-12ba-48c4-8f59-c1757b4c962a,06/06/2015,Jun-15,6,2015,HELY-HUTCHINSON,Minor Dam,925,11.04,370,40
0ea1ae88-05a3-46ad-afc2-07f872585cf2,07/06/2015,Jun-15,6,2015,HELY-HUTCHINSON,Minor Dam,925,11.12,378,40.86
41c08c48-72b9-416e-81ff-7876d5f43abe,08/06/2015,Jun-15,6,2015,HELY-HUTCHINSON,Minor Dam,925,11.16,382,41.3
f7412016-bcde-4cc2-984f-6835ec85a39d,09/06/2015,Jun-15,6,2015,HELY-HUTCHINSON,Minor Dam,925,11.18,384,41.51
c0439637-8a34-4957-a634-622d083f8df0,10/06/2015,Jun-15,6,2015,HELY-HUTCHINSON,Minor Dam,925,11.2,386,41.73
dc75516b-65a8-4375-8d91-a1a4fecd3840,11/06/2015,Jun-15,6,2015,HELY-HUTCHINSON,Minor Dam,925,11.21,387,41.84
b4fb4a5b-4af2-4a30-9f4c-f2c05ac11b75,12/06/2015,Jun-15,6,2015,HELY-HUTCHINSON,Minor Dam,925,11.22,388,41.95
843cf062-ce84-40b4-9b0f-7322a4a11605,13/06/2015,Jun-15,6,2015,HELY-HUTCHINSON,Minor Dam,925,11.23,389,42.05
a3ca8dcd-0940-47e3-888b-8717db92b575,14/06/2015,Jun-15,6,2015,HELY-HUTCHINSON,Minor Dam,925,11.23,389,42.05
5a8c157c-e588-4513-80e1-2fa7634043a6,15/06/2015,Jun-15,6,2015,HELY-HUTCHINSON,Minor Dam,925,11.23,389,42.05
58bf4173-b27f-456c-b6d8-7e5cf626ff4f,16/06/2015,Jun-15,6,2015,HELY-HUTCHINSON,Minor Dam,925,11.26,392,42.38
c002aa16-0ec9-4629-bcaa-10b270d544c9,17/06/2015,Jun-15,6,2015,HELY-HUTCHINSON,Minor Dam,925,11.73,441,47.68
968d68f4-fcfa-4513-8bfd-970f3a3ed1ff,18/06/2015,Jun-15,6,2015,HELY-HUTCHINSON,Minor Dam,925,12.11,485,52.43
de0ea345-0472-40de-b196-e49959e0e29f,19/06/2015,Jun-15,6,2015,HELY-HUTCHINSON,Minor Dam,925,12.18,493,53.3
3c3c3ddd-9a71-41fe-b16f-5dce252aedce,20/06/2015,Jun-15,6,2015,HELY-HUTCHINSON,Minor Dam,925,12.22,498,53.84
f8fee809-c273-4456-9979-312230151d75,21/06/2015,Jun-15,6,2015,HELY-HUTCHINSON,Minor Dam,925,12.25,501,54.16
da87d68d-aa2d-4f03-b565-c2e8213408a7,22/06/2015,Jun-15,6,2015,HELY-HUTCHINSON,Minor Dam,925,12.28,505,54.59
0fa23fa2-5eb5-462c-ab45-c586dedad2a1,23/06/2015,Jun-15,6,2015,HELY-HUTCHINSON,Minor Dam,925,12.29,506,54.7
f5172d58-17d7-4e3c-9a26-5d7386582968,24/06/2015,Jun-15,6,2015,HELY-HUTCHINSON,Minor Dam,925,12.29,506,54.7
32157bc0-eff1-4fda-83b7-a3f55286deeb,25/06/2015,Jun-15,6,2015,HELY-HUTCHINSON,Minor Dam,925,12.74,563,60.86
718fa83d-b44c-4651-8124-ead1d58e1eda,26/06/2015,Jun-15,6,2015,HELY-HUTCHINSON,Minor Dam,925,12.92,585,63.24
a9a85a5a-0ef1-4c33-9663-f289390dce57,27/06/2015,Jun-15,6,2015,HELY-HUTCHINSON,Minor Dam,925,13,595,64.32
419543bd-9e67-469d-a4e8-87bfda10f7a9,28/06/2015,Jun-15,6,2015,HELY-HUTCHINSON,Minor Dam,925,13.24,627,67.78
bf4e2d3e-92eb-4606-a652-650983d61197,29/06/2015,Jun-15,6,2015,HELY-HUTCHINSON,Minor Dam,925,13.28,632,68.32
b4bf3aba-1a27-40b1-b9e5-f2297a4c5d4a,30/06/2015,Jun-15,6,2015,HELY-HUTCHINSON,Minor Dam,925,13.41,651,70.38
6a99bc8b-017e-44b0-8633-e5c408725266,01/07/2015,Jul-15,7,2015,HELY-HUTCHINSON,Minor Dam,925,13.59,677,73.19
025afd71-f432-4cfd-82a2-f502f9791d4d,02/07/2015,Jul-15,7,2015,HELY-HUTCHINSON,Minor Dam,925,13.62,682,73.73
a1ff8403-aeb0-4d78-a51e-805e3ce4cde3,03/07/2015,Jul-15,7,2015,HELY-HUTCHINSON,Minor Dam,925,13.64,685,74.05
d7225ffc-1b47-4746-815a-4c2cfbb14551,04/07/2015,Jul-15,7,2015,HELY-HUTCHINSON,Minor Dam,925,13.65,686,74.16
efd5a057-c6ba-44ed-9bfa-36b52ba07937,05/07/2015,Jul-15,7,2015,HELY-HUTCHINSON,Minor Dam,925,13.66,688,74.38
5a3c2f93-3863-4095-b443-63c6539b95e8,06/07/2015,Jul-15,7,2015,HELY-HUTCHINSON,Minor Dam,925,13.68,691,74.7
e8813ab8-39fa-47f7-90ca-e8a9990950ab,07/07/2015,Jul-15,7,2015,HELY-HUTCHINSON,Minor Dam,925,13.69,692,74.81
e45b20f6-4481-49a8-9959-cb1cb1242cf4,08/07/2015,Jul-15,7,2015,HELY-HUTCHINSON,Minor Dam,925,13.69,692,74.81
ee3eae01-2ad0-424c-bf8b-fdde01b6dd5a,09/07/2015,Jul-15,7,2015,HELY-HUTCHINSON,Minor Dam,925,13.7,694,75.03
d08cdd96-4535-435b-976d-fd7eb3a7ae07,10/07/2015,Jul-15,7,2015,HELY-HUTCHINSON,Minor Dam,925,13.7,694,75.03
b4a02981-a0b6-430c-ba86-653184eb0b1f,11/07/2015,Jul-15,7,2015,HELY-HUTCHINSON,Minor Dam,925,13.71,695,75.14
cd67678f-35ed-4143-8386-56f7e48abfba,12/07/2015,Jul-15,7,2015,HELY-HUTCHINSON,Minor Dam,925,13.72,697,75.35
28d99813-0370-466f-a1b7-78b6e126f54e,13/07/2015,Jul-15,7,2015,HELY-HUTCHINSON,Minor Dam,925,13.79,707,76.43
d267c952-214d-4ad4-bbb6-1e5af9123ab2,14/07/2015,Jul-15,7,2015,HELY-HUTCHINSON,Minor Dam,925,13.84,714,77.19
6a1a7df1-f1e0-445a-b3ba-44edde669c2c,15/07/2015,Jul-15,7,2015,HELY-HUTCHINSON,Minor Dam,925,13.86,717,77.51
8e694cff-016c-4b75-9381-bf23ba19336e,16/07/2015,Jul-15,7,2015,HELY-HUTCHINSON,Minor Dam,925,13.87,718,77.62
7b0428ae-4cdb-48c7-bb2d-607cbdd84eb4,17/07/2015,Jul-15,7,2015,HELY-HUTCHINSON,Minor Dam,925,13.88,720,77.84
ab72adf9-5287-494f-a82f-597f67411992,18/07/2015,Jul-15,7,2015,HELY-HUTCHINSON,Minor Dam,925,14.02,740,80
1fd5ff60-998a-43d2-96fd-e6a86a62d916,19/07/2015,Jul-15,7,2015,HELY-HUTCHINSON,Minor Dam,925,14.99,885,95.68
d68950b2-e103-4dbe-94b0-8ba28df95543,20/07/2015,Jul-15,7,2015,HELY-HUTCHINSON,Minor Dam,925,15.06,896,96.86
2075be81-9963-4621-9b24-fd1c8bcbf4c3,21/07/2015,Jul-15,7,2015,HELY-HUTCHINSON,Minor Dam,925,15.1,903,97.62
8adf30e6-9155-40aa-91a3-4b3241ef34ef,22/07/2015,Jul-15,7,2015,HELY-HUTCHINSON,Minor Dam,925,15.12,906,97.95
344462e7-3ce5-4bce-a9b2-6e5458be5899,23/07/2015,Jul-15,7,2015,HELY-HUTCHINSON,Minor Dam,925,15.12,906,97.95
396cbafe-f4f0-4643-b220-e92e099dd837,24/07/2015,Jul-15,7,2015,HELY-HUTCHINSON,Minor Dam,925,15.24,925,100
dbafc446-ddd4-4dd1-904b-c8c900439dfd,25/07/2015,Jul-15,7,2015,HELY-HUTCHINSON,Minor Dam,925,15.33,939,101.51
d9b281bd-db74-4954-b740-bb62f87ede58,26/07/2015,Jul-15,7,2015,HELY-HUTCHINSON,Minor Dam,925,15.29,932,100.76
c3551d1f-5f62-4fe0-9c08-ae3e9d15b7ca,27/07/2015,Jul-15,7,2015,HELY-HUTCHINSON,Minor Dam,925,15.26,928,100.32
5f4d83f7-9cf8-4773-ae63-36d5e5764821,28/07/2015,Jul-15,7,2015,HELY-HUTCHINSON,Minor Dam,925,15.24,925,100
1f0609b5-d4c4-442b-b612-b6c8dbec4f00,29/07/2015,Jul-15,7,2015,HELY-HUTCHINSON,Minor Dam,925,15.24,925,100
6e7de500-03d9-4271-9a47-388831cf6a6e,30/07/2015,Jul-15,7,2015,HELY-HUTCHINSON,Minor Dam,925,15.25,926,100.11
72b2125c-07f0-4dac-b8e4-b053183c34c2,31/07/2015,Jul-15,7,2015,HELY-HUTCHINSON,Minor Dam,925,15.43,954,103.14
68a78451-8b05-4304-aa02-efadcbb24e0b,01/08/2015,Aug-15,8,2015,HELY-HUTCHINSON,Minor Dam,925,15.26,928,100.32
f623646f-5f4c-4044-8e31-cb6053f65dc4,02/08/2015,Aug-15,8,2015,HELY-HUTCHINSON,Minor Dam,925,15.28,931,100.65
cbd0e78b-2960-459b-b089-87b369f78cee,03/08/2015,Aug-15,8,2015,HELY-HUTCHINSON,Minor Dam,925,15.24,925,100
2e529e6f-dd8c-4449-9528-3ccc7718ad0b,04/08/2015,Aug-15,8,2015,HELY-HUTCHINSON,Minor Dam,925,15.24,925,100
6c3e315a-5de5-4a58-8fef-082a16ad6760,05/08/2015,Aug-15,8,2015,HELY-HUTCHINSON,Minor Dam,925,15.26,928,100.32
91811c61-eb53-480f-bc0c-36b286be677f,06/08/2015,Aug-15,8,2015,HELY-HUTCHINSON,Minor Dam,925,15.26,928,100.32
5291a1e1-e5ea-4ab0-bf50-fb5c8b9899ed,07/08/2015,Aug-15,8,2015,HELY-HUTCHINSON,Minor Dam,925,15.25,926,100.11
dc16cb94-e66d-4f35-8ba4-4c91c5316399,08/08/2015,Aug-15,8,2015,HELY-HUTCHINSON,Minor Dam,925,15.24,925,100
4327bf43-7bd8-4a85-9e12-ae5d23f058b7,09/08/2015,Aug-15,8,2015,HELY-HUTCHINSON,Minor Dam,925,15.24,925,100
d24a69f3-7a7f-4313-b720-559febe8acff,10/08/2015,Aug-15,8,2015,HELY-HUTCHINSON,Minor Dam,925,15.24,925,100
851d3e4b-72f1-4c4d-a2a7-6b06fe6c04c8,11/08/2015,Aug-15,8,2015,HELY-HUTCHINSON,Minor Dam,925,15.24,925,100
08607b00-5f64-4746-9f0b-4fdcd4d67e25,12/08/2015,Aug-15,8,2015,HELY-HUTCHINSON,Minor Dam,925,15.23,923,99.78
9e652659-a57f-41a7-85a4-f022622a2d39,13/08/2015,Aug-15,8,2015,HELY-HUTCHINSON,Minor Dam,925,15.22,922,99.68
b19e1b3c-2d15-43fc-851c-5dbd444ef6b9,14/08/2015,Aug-15,8,2015,HELY-HUTCHINSON,Minor Dam,925,15.24,925,100
21f6149e-0a48-4b88-8443-a2e2cb31a930,15/08/2015,Aug-15,8,2015,HELY-HUTCHINSON,Minor Dam,925,15.29,932,100.76
63f46cf7-2792-4b8e-9b02-b3fd0a3328ab,16/08/2015,Aug-15,8,2015,HELY-HUTCHINSON,Minor Dam,925,15.26,928,100.32
68d13f7e-bf4b-4855-9e78-f65c1d091e78,17/08/2015,Aug-15,8,2015,HELY-HUTCHINSON,Minor Dam,925,15.36,943,101.95
cedc0c1f-14fd-44b3-ace7-716e47eb6cb2,18/08/2015,Aug-15,8,2015,HELY-HUTCHINSON,Minor Dam,925,15.26,928,100.32
fac44bbd-b5fa-48f8-b469-01477f0d3f33,19/08/2015,Aug-15,8,2015,HELY-HUTCHINSON,Minor Dam,925,15.26,928,100.32
dbdd9a37-fd12-49b8-91e3-bddb73d035f3,20/08/2015,Aug-15,8,2015,HELY-HUTCHINSON,Minor Dam,925,15.26,928,100.32
c5639dde-db33-482e-88c6-e78b4c3f4746,21/08/2015,Aug-15,8,2015,HELY-HUTCHINSON,Minor Dam,925,15.26,928,100.32
548ce63f-1d5e-4ebe-8cbd-ddd6600bfb28,22/08/2015,Aug-15,8,2015,HELY-HUTCHINSON,Minor Dam,925,15.26,928,100.32
f5e58ee3-fb84-4c3c-b3d0-30c7d0b7c5ea,23/08/2015,Aug-15,8,2015,HELY-HUTCHINSON,Minor Dam,925,15.26,928,100.32
d6a530be-2094-4a87-a1cd-89c467bf0927,24/08/2015,Aug-15,8,2015,HELY-HUTCHINSON,Minor Dam,925,15.26,928,100.32
d2a98412-c67b-44ca-83ff-d875ad44c3b8,25/08/2015,Aug-15,8,2015,HELY-HUTCHINSON,Minor Dam,925,15.26,928,100.32
945e0deb-8f32-4a47-8b64-7ea9d7c8ecf0,26/08/2015,Aug-15,8,2015,HELY-HUTCHINSON,Minor Dam,925,15.29,932,100.76
9a049d01-15f2-48d9-b418-c486e805ba6c,27/08/2015,Aug-15,8,2015,HELY-HUTCHINSON,Minor Dam,925,15.29,932,100.76
99e3b654-69a7-4a1d-a256-e2a9b197a868,28/08/2015,Aug-15,8,2015,HELY-HUTCHINSON,Minor Dam,925,15.29,932,100.76
2bbba9da-7788-49d2-b216-556614c2239c,29/08/2015,Aug-15,8,2015,HELY-HUTCHINSON,Minor Dam,925,15.24,925,100
5d7f7b4f-9ead-4f82-84cf-341e618b0fd4,30/08/2015,Aug-15,8,2015,HELY-HUTCHINSON,Minor Dam,925,15.24,925,100
9d7c8757-7499-4650-b842-e3319ae6ebcf,31/08/2015,Aug-15,8,2015,HELY-HUTCHINSON,Minor Dam,925,15.25,926,100.11
dd562f50-ce5b-4666-b07f-73398198d88d,01/09/2015,Sep-15,9,2015,HELY-HUTCHINSON,Minor Dam,925,15.31,936,101.19
d2660ed4-cc8b-4546-9f44-ee6908bd463d,02/09/2015,Sep-15,9,2015,HELY-HUTCHINSON,Minor Dam,925,15.27,929,100.43
555b11c0-150f-4d80-a811-3b780fbb871d,03/09/2015,Sep-15,9,2015,HELY-HUTCHINSON,Minor Dam,925,15.22,922,99.68
6c26aed0-5978-45d1-b982-fb58badb37f5,04/09/2015,Sep-15,9,2015,HELY-HUTCHINSON,Minor Dam,925,15.24,925,100
d2e70a84-c9ba-4b21-89de-21c1cb93e34c,05/09/2015,Sep-15,9,2015,HELY-HUTCHINSON,Minor Dam,925,15.23,923,99.78
83b1a628-2c87-462e-9db8-ff4bd69d20b8,06/09/2015,Sep-15,9,2015,HELY-HUTCHINSON,Minor Dam,925,15.25,926,100.11
cee605a8-4c07-4339-b9d1-43961714adf8,07/09/2015,Sep-15,9,2015,HELY-HUTCHINSON,Minor Dam,925,15.25,926,100.11
69da93ca-86a5-4320-8215-f3d14b99ed08,08/09/2015,Sep-15,9,2015,HELY-HUTCHINSON,Minor Dam,925,15.26,928,100.32
bc271fac-5de9-40b9-9026-c3573d0dd43b,09/09/2015,Sep-15,9,2015,HELY-HUTCHINSON,Minor Dam,925,15.26,928,100.32
9b02f369-769e-4afe-be97-ed11f0f29a1e,10/09/2015,Sep-15,9,2015,HELY-HUTCHINSON,Minor Dam,925,15.24,925,100
ec2c90b0-ea08-423a-814f-83ffcad579f2,11/09/2015,Sep-15,9,2015,HELY-HUTCHINSON,Minor Dam,925,15.25,926,100.11
87c716d6-07c6-46c6-947f-46b84cb1b5d8,12/09/2015,Sep-15,9,2015,HELY-HUTCHINSON,Minor Dam,925,15.23,923,99.78
c3659736-717c-4a12-88c2-f8ec77092582,13/09/2015,Sep-15,9,2015,HELY-HUTCHINSON,Minor Dam,925,15.23,923,99.78
b8f628ca-7926-4875-b0ff-570dc9306437,14/09/2015,Sep-15,9,2015,HELY-HUTCHINSON,Minor Dam,925,15.23,923,99.78
40611050-c38b-4f4e-be39-52334521f9fe,15/09/2015,Sep-15,9,2015,HELY-HUTCHINSON,Minor Dam,925,15.22,922,99.68
536b5100-4a65-4f09-ad68-dd9929b48eba,16/09/2015,Sep-15,9,2015,HELY-HUTCHINSON,Minor Dam,925,15.24,925,100
bc53a42d-9e26-4e19-a141-34d1f8af5f96,17/09/2015,Sep-15,9,2015,HELY-HUTCHINSON,Minor Dam,925,15.27,929,100.43
aba33677-0baa-4392-9a0f-82fca33935f6,18/09/2015,Sep-15,9,2015,HELY-HUTCHINSON,Minor Dam,925,15.27,929,100.43
becc4dbc-8a04-43e4-ac2b-ba79c43649e5,19/09/2015,Sep-15,9,2015,HELY-HUTCHINSON,Minor Dam,925,15.25,926,100.11
ab0e2bcc-4974-48fc-b2f0-358d68f23c98,20/09/2015,Sep-15,9,2015,HELY-HUTCHINSON,Minor Dam,925,15.24,925,100
dff15116-8ec5-4a40-9af5-0fdb5cb1d6df,21/09/2015,Sep-15,9,2015,HELY-HUTCHINSON,Minor Dam,925,15.27,929,100.43
7da0e4d0-73fd-4365-a5fc-98d7728f5cb5,22/09/2015,Sep-15,9,2015,HELY-HUTCHINSON,Minor Dam,925,15.24,925,100
67a9e0f8-1e99-46c0-9dbf-6f8ea3b86592,23/09/2015,Sep-15,9,2015,HELY-HUTCHINSON,Minor Dam,925,15.24,925,100
37d4e58a-6857-4cc8-9425-769332e2c68a,24/09/2015,Sep-15,9,2015,HELY-HUTCHINSON,Minor Dam,925,15.23,923,99.78
084bf3b2-214a-41d2-8922-270d69481a18,25/09/2015,Sep-15,9,2015,HELY-HUTCHINSON,Minor Dam,925,15.24,925,100
01fdf247-f161-4fe8-8ecd-60ac56fc1974,26/09/2015,Sep-15,9,2015,HELY-HUTCHINSON,Minor Dam,925,15.23,923,99.78
528752ad-001c-4c14-9439-844fe3a8f009,27/09/2015,Sep-15,9,2015,HELY-HUTCHINSON,Minor Dam,925,15.23,923,99.78
aca05aea-08a2-477c-8da9-f9ea8f450e68,28/09/2015,Sep-15,9,2015,HELY-HUTCHINSON,Minor Dam,925,15.25,926,100.11
98979dc2-eac1-45e4-9790-0061d02eb81d,29/09/2015,Sep-15,9,2015,HELY-HUTCHINSON,Minor Dam,925,15.26,928,100.32
c1aeec53-6ead-47f8-8112-ccb2bd5f7f54,30/09/2015,Sep-15,9,2015,HELY-HUTCHINSON,Minor Dam,925,15.26,928,100.32
a61448c5-3974-4ec0-bf70-04f9c4b1a97e,01/10/2015,Oct-15,10,2015,HELY-HUTCHINSON,Minor Dam,925,15.31,936,101.19
04f2786e-bbf7-4a4a-8d6b-fcb5b7bff491,02/10/2015,Oct-15,10,2015,HELY-HUTCHINSON,Minor Dam,925,15.27,929,100.43
66da6042-75a2-4d92-b282-f0a6d03f7324,03/10/2015,Oct-15,10,2015,HELY-HUTCHINSON,Minor Dam,925,15.24,925,100
623e35bf-0ca3-4c2f-85bc-c66c40f84599,04/10/2015,Oct-15,10,2015,HELY-HUTCHINSON,Minor Dam,925,15.29,932,100.76
8b8156f1-10a3-4022-8808-a880ea564e58,05/10/2015,Oct-15,10,2015,HELY-HUTCHINSON,Minor Dam,925,15.31,936,101.19
5f4af508-a7e3-40bb-99ed-5630cb461821,06/10/2015,Oct-15,10,2015,HELY-HUTCHINSON,Minor Dam,925,15.27,929,100.43
fa6c9507-04cd-4536-937a-c877e4e9f5bb,07/10/2015,Oct-15,10,2015,HELY-HUTCHINSON,Minor Dam,925,15.29,932,100.76
e8142c9d-64a0-4c8a-a950-6b25aca37a7a,08/10/2015,Oct-15,10,2015,HELY-HUTCHINSON,Minor Dam,925,15.27,929,100.43
146ad854-6c52-410c-a003-b3e1524eef96,09/10/2015,Oct-15,10,2015,HELY-HUTCHINSON,Minor Dam,925,15.26,928,100.32
eb6597c5-a4ad-4c8b-8fdc-e1fbdc91b8fb,10/10/2015,Oct-15,10,2015,HELY-HUTCHINSON,Minor Dam,925,15.25,926,100.11
53153f0a-3657-4dfc-846c-098abf40abac,11/10/2015,Oct-15,10,2015,HELY-HUTCHINSON,Minor Dam,925,15.26,928,100.32
b1632eb1-c963-4ca7-a029-e49669f9ae8f,12/10/2015,Oct-15,10,2015,HELY-HUTCHINSON,Minor Dam,925,15.26,928,100.32
d980c0d9-7d96-4b8c-a2d1-76a3dcb28d2e,13/10/2015,Oct-15,10,2015,HELY-HUTCHINSON,Minor Dam,925,15.25,926,100.11
02e0be30-7fc0-4c72-bfba-07c4b6c13efb,14/10/2015,Oct-15,10,2015,HELY-HUTCHINSON,Minor Dam,925,15.24,925,100
a5d7a8d8-2710-44dd-bdaa-3fd5da2bd2c7,15/10/2015,Oct-15,10,2015,HELY-HUTCHINSON,Minor Dam,925,15.26,928,100.32
2ccc26aa-b1de-426f-a0d4-41ea596f07b7,16/10/2015,Oct-15,10,2015,HELY-HUTCHINSON,Minor Dam,925,15.25,926,100.11
974eb38d-7e6d-47bc-9f3c-787ae1f74fdf,17/10/2015,Oct-15,10,2015,HELY-HUTCHINSON,Minor Dam,925,15.27,929,100.43
9ed02830-f065-4c4f-8db1-8afaafff03db,18/10/2015,Oct-15,10,2015,HELY-HUTCHINSON,Minor Dam,925,15.26,928,100.32
3aa08c8f-3bf9-4288-87f5-7cbb4864edcb,19/10/2015,Oct-15,10,2015,HELY-HUTCHINSON,Minor Dam,925,15.24,925,100
75a97093-d993-4617-ac09-27f3825e95d0,20/10/2015,Oct-15,10,2015,HELY-HUTCHINSON,Minor Dam,925,15.23,923,99.78
d20b4306-dd0e-4203-9c15-7ee954cc488e,21/10/2015,Oct-15,10,2015,HELY-HUTCHINSON,Minor Dam,925,15.23,923,99.78
f769708a-08b9-4234-a6c2-c58f1b5a59e9,22/10/2015,Oct-15,10,2015,HELY-HUTCHINSON,Minor Dam,925,15.24,925,100
fb81229e-f697-4a0b-974f-a58115d4ed42,23/10/2015,Oct-15,10,2015,HELY-HUTCHINSON,Minor Dam,925,15.22,922,99.68
15cf3b08-29b8-410b-b440-4a0f7d2abcbe,24/10/2015,Oct-15,10,2015,HELY-HUTCHINSON,Minor Dam,925,15.22,922,99.68
03304765-d610-4f02-87ca-58b536d5b1d5,25/10/2015,Oct-15,10,2015,HELY-HUTCHINSON,Minor Dam,925,15.21,920,99.46
2db57436-bb22-4df8-af99-76b345ba478e,26/10/2015,Oct-15,10,2015,HELY-HUTCHINSON,Minor Dam,925,15.2,918,99.24
3ca84080-af21-4c5e-b054-78cd2630304f,27/10/2015,Oct-15,10,2015,HELY-HUTCHINSON,Minor Dam,925,15.18,915,98.92
7750c1b9-34ef-4fb7-ae11-3d28ec2dab7d,28/10/2015,Oct-15,10,2015,HELY-HUTCHINSON,Minor Dam,925,15.19,917,99.14
7b007d9d-09ae-4438-a308-08ad1b8f66b0,29/10/2015,Oct-15,10,2015,HELY-HUTCHINSON,Minor Dam,925,15.16,912,98.59
c1289cd3-1eee-4c4e-a04c-69f1d744d0b7,30/10/2015,Oct-15,10,2015,HELY-HUTCHINSON,Minor Dam,925,15.15,911,98.49
8a83816d-9b02-41bb-b5b0-b8c92cbb477b,31/10/2015,Oct-15,10,2015,HELY-HUTCHINSON,Minor Dam,925,15.15,911,98.49
16937078-a3f8-43f1-b9e6-e685f62e49b3,01/11/2015,Nov-15,11,2015,HELY-HUTCHINSON,Minor Dam,925,15.15,911,98.49
ff175d55-6ea3-43d8-bf5e-c880a307f5a7,02/11/2015,Nov-15,11,2015,HELY-HUTCHINSON,Minor Dam,925,15.16,912,98.59
a440724c-f4ed-432c-89a7-579df9d63278,03/11/2015,Nov-15,11,2015,HELY-HUTCHINSON,Minor Dam,925,15.26,928,100.32
51a35fcd-6fad-4e12-ac05-02a3e45d7840,04/11/2015,Nov-15,11,2015,HELY-HUTCHINSON,Minor Dam,925,15.26,928,100.32
7c4732ad-01cb-4810-9f7b-b5dea2ceff9d,05/11/2015,Nov-15,11,2015,HELY-HUTCHINSON,Minor Dam,925,15.24,925,100
3453633c-6c3d-4193-aeb5-0c4aa2b9ff93,06/11/2015,Nov-15,11,2015,HELY-HUTCHINSON,Minor Dam,925,15.23,923,99.78
90b8f4e7-229e-4b61-9f46-9b2a9bb39cdf,07/11/2015,Nov-15,11,2015,HELY-HUTCHINSON,Minor Dam,925,15.22,922,99.68
67699784-3417-426b-94f4-07c89c17811a,08/11/2015,Nov-15,11,2015,HELY-HUTCHINSON,Minor Dam,925,15.25,926,100.11
8d7bec75-c0ca-4715-b8b0-31988687ca5e,09/11/2015,Nov-15,11,2015,HELY-HUTCHINSON,Minor Dam,925,15.25,926,100.11
d0ccf88e-e78b-471e-b2b7-8bae94de3af6,10/11/2015,Nov-15,11,2015,HELY-HUTCHINSON,Minor Dam,925,15.23,923,99.78
daba6210-6d6c-4b3a-8e26-0002108a9403,11/11/2015,Nov-15,11,2015,HELY-HUTCHINSON,Minor Dam,925,15.23,923,99.78
167e773f-244d-444c-be85-8c98627c3a21,12/11/2015,Nov-15,11,2015,HELY-HUTCHINSON,Minor Dam,925,15.23,923,99.78
eeff32a5-9348-430d-b19a-aef7903bc4a8,13/11/2015,Nov-15,11,2015,HELY-HUTCHINSON,Minor Dam,925,15.23,923,99.78
a1848eb2-ae38-4165-b71d-85fbfcb851e2,14/11/2015,Nov-15,11,2015,HELY-HUTCHINSON,Minor Dam,925,15.22,922,99.68
ca9829c0-136b-4b9d-90d5-69628b3f75a4,15/11/2015,Nov-15,11,2015,HELY-HUTCHINSON,Minor Dam,925,15.23,923,99.78
c63d4659-0e6b-4649-9d8a-0c08f3b69ed4,16/11/2015,Nov-15,11,2015,HELY-HUTCHINSON,Minor Dam,925,15.23,923,99.78
62c8a3ec-7074-444f-bc9b-4a3bcd7976d8,17/11/2015,Nov-15,11,2015,HELY-HUTCHINSON,Minor Dam,925,15.24,925,100
9c800e4a-e41d-4da1-a669-248ab51505f5,18/11/2015,Nov-15,11,2015,HELY-HUTCHINSON,Minor Dam,925,15.25,926,100.11
34acc01f-cea6-47ad-8c27-f6bded35b710,19/11/2015,Nov-15,11,2015,HELY-HUTCHINSON,Minor Dam,925,15.22,922,99.68
9a78ebe0-9e47-4684-bb83-35494b5cc4e9,20/11/2015,Nov-15,11,2015,HELY-HUTCHINSON,Minor Dam,925,15.21,920,99.46
edea7047-1131-4ef3-b739-b479559471ba,21/11/2015,Nov-15,11,2015,HELY-HUTCHINSON,Minor Dam,925,15.25,926,100.11
3040ee53-c66e-40be-8d98-073d4e6b4caf,22/11/2015,Nov-15,11,2015,HELY-HUTCHINSON,Minor Dam,925,15.26,928,100.32
e20903c0-f266-4de4-a323-d118e9a11bbf,23/11/2015,Nov-15,11,2015,HELY-HUTCHINSON,Minor Dam,925,15.26,928,100.32
c0a168b5-4d08-4f48-bb5e-e1f28b2728b0,24/11/2015,Nov-15,11,2015,HELY-HUTCHINSON,Minor Dam,925,15.25,926,100.11
59f0e533-dd33-4e49-b1cd-0b9bef6a8629,25/11/2015,Nov-15,11,2015,HELY-HUTCHINSON,Minor Dam,925,15.25,926,100.11
f4c9ddd1-a319-4161-bbc8-db262cb49726,26/11/2015,Nov-15,11,2015,HELY-HUTCHINSON,Minor Dam,925,15.25,926,100.11
689f9051-e77d-425d-8fe8-908ea8855012,27/11/2015,Nov-15,11,2015,HELY-HUTCHINSON,Minor Dam,925,15.25,926,100.11
9185b28f-8384-4acf-92f5-2182dc69fed6,28/11/2015,Nov-15,11,2015,HELY-HUTCHINSON,Minor Dam,925,15.25,926,100.11
660e5c05-cfb5-4820-9ba2-b1b437786252,29/11/2015,Nov-15,11,2015,HELY-HUTCHINSON,Minor Dam,925,15.23,923,99.78
2d413397-8a8f-45ce-8f69-6ad18d9a7344,30/11/2015,Nov-15,11,2015,HELY-HUTCHINSON,Minor Dam,925,15.23,923,99.78
417e4545-d5fb-4df1-9ec3-f12abe5967f7,01/12/2015,Dec-15,12,2015,HELY-HUTCHINSON,Minor Dam,925,15.22,922,99.68
9c1be6a1-0da0-451e-b40e-61e3a097222f,02/12/2015,Dec-15,12,2015,HELY-HUTCHINSON,Minor Dam,925,15.21,920,99.46
93731d7b-3c84-4213-8600-ba72c301a801,03/12/2015,Dec-15,12,2015,HELY-HUTCHINSON,Minor Dam,925,15.21,920,99.46
94c16bee-4251-469c-93cd-87a10f45a313,04/12/2015,Dec-15,12,2015,HELY-HUTCHINSON,Minor Dam,925,15.2,918,99.24
4b102e42-39bf-4f43-8f0e-cfa297d804e1,05/12/2015,Dec-15,12,2015,HELY-HUTCHINSON,Minor Dam,925,15.2,918,99.24
ffd915fa-ec35-4a28-b358-4737ff3741fd,06/12/2015,Dec-15,12,2015,HELY-HUTCHINSON,Minor Dam,925,15.19,917,99.14
74f5e6c5-07d0-441a-a692-fead654a0a56,07/12/2015,Dec-15,12,2015,HELY-HUTCHINSON,Minor Dam,925,15.18,915,98.92
4b435e7a-9369-4668-b1a6-e0cd1eb48642,08/12/2015,Dec-15,12,2015,HELY-HUTCHINSON,Minor Dam,925,15.18,915,98.92
97a367b3-d201-43cd-93d1-22fba22a074a,09/12/2015,Dec-15,12,2015,HELY-HUTCHINSON,Minor Dam,925,15.17,914,98.81
e319f509-80bc-44fd-b1fd-b571c8ff9556,10/12/2015,Dec-15,12,2015,HELY-HUTCHINSON,Minor Dam,925,15.16,912,98.59
5d66d5a0-2765-4c89-84fc-306d668dfec4,11/12/2015,Dec-15,12,2015,HELY-HUTCHINSON,Minor Dam,925,15.16,912,98.59
60798924-7705-433a-8064-cccfef5a3220,12/12/2015,Dec-15,12,2015,HELY-HUTCHINSON,Minor Dam,925,15.15,911,98.49
7261543b-3fde-40dc-b268-db544adca6ef,13/12/2015,Dec-15,12,2015,HELY-HUTCHINSON,Minor Dam,925,15.23,923,99.78
f57fcc38-f439-4e40-ad0a-1846405b1de9,14/12/2015,Dec-15,12,2015,HELY-HUTCHINSON,Minor Dam,925,15.24,925,100
eb993c77-2c13-4853-b1ac-722418749c47,15/12/2015,Dec-15,12,2015,HELY-HUTCHINSON,Minor Dam,925,15.22,922,99.68
6a0658f2-663f-4d6e-b546-4dcb5254248c,16/12/2015,Dec-15,12,2015,HELY-HUTCHINSON,Minor Dam,925,15.22,922,99.68
0842eac9-6d4e-4e74-862b-14f8edf4567e,17/12/2015,Dec-15,12,2015,HELY-HUTCHINSON,Minor Dam,925,15.23,923,99.78
18db3eaf-647a-47f7-841e-9b234f39623f,18/12/2015,Dec-15,12,2015,HELY-HUTCHINSON,Minor Dam,925,15.22,922,99.68
57c1154d-0ae7-45a8-b4e1-1fd0aaf87743,19/12/2015,Dec-15,12,2015,HELY-HUTCHINSON,Minor Dam,925,15.22,922,99.68
8e9ce6d9-9cfb-4722-ba6c-a74646e1139f,20/12/2015,Dec-15,12,2015,HELY-HUTCHINSON,Minor Dam,925,15.23,923,99.78
208e3531-54e9-4f71-8835-ed9cc9530412,21/12/2015,Dec-15,12,2015,HELY-HUTCHINSON,Minor Dam,925,15.23,923,99.78
ef4460c2-b687-440f-b7b0-cba68873a8b1,22/12/2015,Dec-15,12,2015,HELY-HUTCHINSON,Minor Dam,925,15.23,923,99.78
5e8ca551-56a2-4081-a315-bf999a98892c,23/12/2015,Dec-15,12,2015,HELY-HUTCHINSON,Minor Dam,925,15.23,923,99.78
f680037d-9ae4-4384-8792-8c8d59423868,24/12/2015,Dec-15,12,2015,HELY-HUTCHINSON,Minor Dam,925,15.21,920,99.46
0fe141bd-519a-4d87-a364-7204784d8888,25/12/2015,Dec-15,12,2015,HELY-HUTCHINSON,Minor Dam,925,15.21,920,99.46
3be82fbb-8753-4963-b958-ae30761bde5c,26/12/2015,Dec-15,12,2015,HELY-HUTCHINSON,Minor Dam,925,15.21,920,99.46
7cf8d905-1acb-4abe-8bae-e4d072113ed6,27/12/2015,Dec-15,12,2015,HELY-HUTCHINSON,Minor Dam,925,15.2,918,99.24
b0863c39-1840-4b07-88e1-1b306f12f62b,28/12/2015,Dec-15,12,2015,HELY-HUTCHINSON,Minor Dam,925,15.19,917,99.14
aed242a7-7c0c-4fd2-a09e-11cdc5c4a105,29/12/2015,Dec-15,12,2015,HELY-HUTCHINSON,Minor Dam,925,15.17,914,98.81
62f6cde2-3e20-4ada-a200-bc0337a09e97,30/12/2015,Dec-15,12,2015,HELY-HUTCHINSON,Minor Dam,925,15.16,912,98.59
5bd4db67-a7dc-482b-9082-ff1fec101041,31/12/2015,Dec-15,12,2015,HELY-HUTCHINSON,Minor Dam,925,15.15,911,98.49
645861b2-9cba-4240-8300-8af9d60af722,01/01/2016,Jan-16,1,2016,HELY-HUTCHINSON,Minor Dam,925,15.15,911,98.49
bb20fe95-1fdb-4200-aba2-e13ebb9396ae,02/01/2016,Jan-16,1,2016,HELY-HUTCHINSON,Minor Dam,925,15.14,909,98.27
3971893b-8f19-4cb0-ac6b-5d3993351bd0,03/01/2016,Jan-16,1,2016,HELY-HUTCHINSON,Minor Dam,925,15.13,907,98.05
ddd8b1dd-fbe7-43f7-a49b-0bd8e7b0f392,04/01/2016,Jan-16,1,2016,HELY-HUTCHINSON,Minor Dam,925,15.12,906,97.95
abef2676-cd5d-4900-a848-d18a34a91d2c,05/01/2016,Jan-16,1,2016,HELY-HUTCHINSON,Minor Dam,925,15.12,906,97.95
73c78b6c-ed2c-4f1f-8d4d-b48261f52975,06/01/2016,Jan-16,1,2016,HELY-HUTCHINSON,Minor Dam,925,15.11,904,97.73
476c1dcb-ce87-47fe-b9cd-4403e1170388,07/01/2016,Jan-16,1,2016,HELY-HUTCHINSON,Minor Dam,925,15.1,903,97.62
822e5216-ce17-49b0-836f-af2979319810,08/01/2016,Jan-16,1,2016,HELY-HUTCHINSON,Minor Dam,925,15.09,901,97.41
deeddfac-4321-4533-a8f9-54a428196426,09/01/2016,Jan-16,1,2016,HELY-HUTCHINSON,Minor Dam,925,15.08,900,97.3
8678adbc-e258-4c5d-b9cd-4f66a8a1acd3,10/01/2016,Jan-16,1,2016,HELY-HUTCHINSON,Minor Dam,925,15.08,900,97.3
d1153a7e-f9f4-4501-bc8d-86e8094872a0,11/01/2016,Jan-16,1,2016,HELY-HUTCHINSON,Minor Dam,925,15.08,900,97.3
04c4ada0-6f6a-4128-8857-c1e9915cb885,12/01/2016,Jan-16,1,2016,HELY-HUTCHINSON,Minor Dam,925,15.06,896,96.86
1915f7ca-72e0-4102-aebe-7945f41c154d,13/01/2016,Jan-16,1,2016,HELY-HUTCHINSON,Minor Dam,925,15.06,896,96.86
c6b81d08-cc2b-4952-9cbf-15d924889d51,14/01/2016,Jan-16,1,2016,HELY-HUTCHINSON,Minor Dam,925,15.05,895,96.76
8b49f2d8-9b23-41c0-8295-005308d18cfb,15/01/2016,Jan-16,1,2016,HELY-HUTCHINSON,Minor Dam,925,15.04,893,96.54
1161a4fb-d293-4409-a331-faf4f2a72ca6,16/01/2016,Jan-16,1,2016,HELY-HUTCHINSON,Minor Dam,925,15.04,893,96.54
6b727b6d-c31b-4133-8dcc-3e6a96207562,17/01/2016,Jan-16,1,2016,HELY-HUTCHINSON,Minor Dam,925,15.04,893,96.54
9947b208-5345-4a93-a950-9cc231278143,18/01/2016,Jan-16,1,2016,HELY-HUTCHINSON,Minor Dam,925,15.03,892,96.43
db612a89-ad8f-47bf-b4c6-e0db59eb5fda,19/01/2016,Jan-16,1,2016,HELY-HUTCHINSON,Minor Dam,925,15.02,890,96.22
9faa0d43-9a05-45d6-93f4-b02077a80a63,20/01/2016,Jan-16,1,2016,HELY-HUTCHINSON,Minor Dam,925,15.01,889,96.11
4f41749d-0892-4520-9aee-543e585d6d3d,21/01/2016,Jan-16,1,2016,HELY-HUTCHINSON,Minor Dam,925,15.01,889,96.11
6438c4d2-4143-455e-9f11-80d752232034,22/01/2016,Jan-16,1,2016,HELY-HUTCHINSON,Minor Dam,925,14.9,871,94.16
6d6d08bf-85ed-4442-a2d0-85539a55b36c,23/01/2016,Jan-16,1,2016,HELY-HUTCHINSON,Minor Dam,925,14.9,871,94.16
532736a2-885b-4218-8437-185e6ed2d24c,24/01/2016,Jan-16,1,2016,HELY-HUTCHINSON,Minor Dam,925,14.86,865,93.51
9fdbbc4f-9ba8-4243-b205-d5a080e4a36b,25/01/2016,Jan-16,1,2016,HELY-HUTCHINSON,Minor Dam,925,14.76,850,91.89
9729b88d-c64c-48aa-afd9-48fd486261e7,26/01/2016,Jan-16,1,2016,HELY-HUTCHINSON,Minor Dam,925,14.8,856,92.54
8a8345b2-c383-4962-b2e5-dcffc538a26d,27/01/2016,Jan-16,1,2016,HELY-HUTCHINSON,Minor Dam,925,14.79,855,92.43
5deae728-a009-4356-a4a4-95fd7a34f884,28/01/2016,Jan-16,1,2016,HELY-HUTCHINSON,Minor Dam,925,14.73,845,91.35
6556f6f9-f1b7-4001-a07b-c994c73966ff,29/01/2016,Jan-16,1,2016,HELY-HUTCHINSON,Minor Dam,925,14.69,839,90.7
5981d1fa-6c5c-47b4-a035-1b41ed1a127d,30/01/2016,Jan-16,1,2016,HELY-HUTCHINSON,Minor Dam,925,14.68,838,90.59
7a999d06-a6b1-4b39-a792-6ccea3de182a,31/01/2016,Jan-16,1,2016,HELY-HUTCHINSON,Minor Dam,925,14.66,835,90.27
4352ead3-7356-4d82-8f96-96d733b89a85,01/02/2016,Feb-16,2,2016,HELY-HUTCHINSON,Minor Dam,925,14.65,833,90.05
5cb88439-eaae-4b75-a35f-b8f0b0299420,02/02/2016,Feb-16,2,2016,HELY-HUTCHINSON,Minor Dam,925,14.64,832,89.95
e765b7d2-b8dd-4149-bbd5-5fd1c8d074fd,03/02/2016,Feb-16,2,2016,HELY-HUTCHINSON,Minor Dam,925,14.62,829,89.62
2efd7456-ceb0-4807-a24e-d1a68c7b0f64,04/02/2016,Feb-16,2,2016,HELY-HUTCHINSON,Minor Dam,925,14.61,827,89.41
4a198c2f-2394-473a-8fcc-c8658e0bd976,05/02/2016,Feb-16,2,2016,HELY-HUTCHINSON,Minor Dam,925,14.59,824,89.08
eb10bad2-e1a9-4bf5-8bd2-f1ec524a6add,06/02/2016,Feb-16,2,2016,HELY-HUTCHINSON,Minor Dam,925,14.56,820,88.65
def7808f-b90c-4136-8e4a-c17b63c6762f,07/02/2016,Feb-16,2,2016,HELY-HUTCHINSON,Minor Dam,925,14.56,820,88.65
eba1fbe4-4ad2-4f1c-9181-2657ac594af1,08/02/2016,Feb-16,2,2016,HELY-HUTCHINSON,Minor Dam,925,14.55,819,88.54
da75f7d5-b2ae-4c57-8d9d-adbf2054fb4c,09/02/2016,Feb-16,2,2016,HELY-HUTCHINSON,Minor Dam,925,14.51,813,87.89
80af1ae5-b831-4ecb-b4b0-5b414afbf2b1,10/02/2016,Feb-16,2,2016,HELY-HUTCHINSON,Minor Dam,925,14.5,811,87.68
c1767282-084e-43f3-9cba-ea24cb9c5d9a,11/02/2016,Feb-16,2,2016,HELY-HUTCHINSON,Minor Dam,925,14.49,810,87.57
c69c7cdb-caf9-42f4-9d47-130e5cc36d2b,12/02/2016,Feb-16,2,2016,HELY-HUTCHINSON,Minor Dam,925,14.49,810,87.57
298473c2-cbca-4608-a2c7-7c4d57767abb,13/02/2016,Feb-16,2,2016,HELY-HUTCHINSON,Minor Dam,925,14.41,798,86.27
04f23738-68b6-4562-94f7-307ecac3e418,14/02/2016,Feb-16,2,2016,HELY-HUTCHINSON,Minor Dam,925,14.39,795,85.95
b24d8308-00be-455c-9bff-02a579262ad6,15/02/2016,Feb-16,2,2016,HELY-HUTCHINSON,Minor Dam,925,14.39,795,85.95
74ca2a93-652c-4570-b51e-a40bb5b3610c,16/02/2016,Feb-16,2,2016,HELY-HUTCHINSON,Minor Dam,925,14.34,788,85.19
fb69a2c4-9399-49b6-8a04-e34117eb7fd3,17/02/2016,Feb-16,2,2016,HELY-HUTCHINSON,Minor Dam,925,14.33,787,85.08
73187d8b-fe82-4632-a062-cabdbdd55615,18/02/2016,Feb-16,2,2016,HELY-HUTCHINSON,Minor Dam,925,14.32,785,84.86
378a5086-f0d6-4aa4-a0cb-de45e13da09e,19/02/2016,Feb-16,2,2016,HELY-HUTCHINSON,Minor Dam,925,14.29,781,84.43
6a66d8b6-1359-4da0-bd05-c95eddd8d5c1,20/02/2016,Feb-16,2,2016,HELY-HUTCHINSON,Minor Dam,925,14.28,779,84.22
7a2a4441-d221-4221-99f6-488ac8cfbd9b,21/02/2016,Feb-16,2,2016,HELY-HUTCHINSON,Minor Dam,925,14.27,778,84.11
867af8d0-17da-4691-8818-aa006e385a18,22/02/2016,Feb-16,2,2016,HELY-HUTCHINSON,Minor Dam,925,14.26,776,83.89
403a7a66-4488-4687-9974-ce43524d2509,23/02/2016,Feb-16,2,2016,HELY-HUTCHINSON,Minor Dam,925,14.23,772,83.46
ffae7f7c-53bc-4310-b75a-3466bfcbd65a,24/02/2016,Feb-16,2,2016,HELY-HUTCHINSON,Minor Dam,925,14.21,769,83.14
7f0d34a1-ad51-48ef-bbc0-2ce84aad0291,25/02/2016,Feb-16,2,2016,HELY-HUTCHINSON,Minor Dam,925,14.19,766,82.81
3f81d278-e266-4905-8063-ac0897e3196e,26/02/2016,Feb-16,2,2016,HELY-HUTCHINSON,Minor Dam,925,14.17,763,82.49
99f2bf4b-d7ad-4176-a6c6-55eaf6816815,27/02/2016,Feb-16,2,2016,HELY-HUTCHINSON,Minor Dam,925,14.16,761,82.27
d939eac6-c62e-4eeb-925d-33325f0a6f5e,28/02/2016,Feb-16,2,2016,HELY-HUTCHINSON,Minor Dam,925,14.14,758,81.95
26fb29f8-0b2c-48da-97d8-c0e236d686d7,29/02/2016,Feb-16,2,2016,HELY-HUTCHINSON,Minor Dam,925,14.12,755,81.62
75d8002f-2185-4c88-89a8-248028c1c391,01/03/2016,Mar-16,3,2016,HELY-HUTCHINSON,Minor Dam,925,14.11,754,81.51
e9b03936-8a32-4ce8-ba5c-128478f2abd9,02/03/2016,Mar-16,3,2016,HELY-HUTCHINSON,Minor Dam,925,14.08,749,80.97
e30dfb9a-4ef3-4ee9-80a9-5b31d174a1cd,03/03/2016,Mar-16,3,2016,HELY-HUTCHINSON,Minor Dam,925,14.06,746,80.65
a60a7d6a-0e37-4a6d-a665-226c174a7049,04/03/2016,Mar-16,3,2016,HELY-HUTCHINSON,Minor Dam,925,14.06,746,80.65
0776b4cf-1f54-46c2-8c2b-015a52ed4143,05/03/2016,Mar-16,3,2016,HELY-HUTCHINSON,Minor Dam,925,14,738,79.78
3924962c-b58c-4e6e-a9d8-fffb06a022af,06/03/2016,Mar-16,3,2016,HELY-HUTCHINSON,Minor Dam,925,14,738,79.78
e492eb2f-7b44-4f76-bad5-8d9dc5b7da79,07/03/2016,Mar-16,3,2016,HELY-HUTCHINSON,Minor Dam,925,14.02,740,80
978bc386-ad29-428e-abec-7058ea1bc7f2,08/03/2016,Mar-16,3,2016,HELY-HUTCHINSON,Minor Dam,925,13.99,736,79.57
a19b35b2-0127-4e7d-a787-dbb250998b9b,09/03/2016,Mar-16,3,2016,HELY-HUTCHINSON,Minor Dam,925,13.97,733,79.24
be979741-750d-4953-b14a-1153d1808b8b,10/03/2016,Mar-16,3,2016,HELY-HUTCHINSON,Minor Dam,925,13.95,730,78.92
da1fbca8-d5ec-4e33-9ab5-8e348d77c0c7,11/03/2016,Mar-16,3,2016,HELY-HUTCHINSON,Minor Dam,925,13.92,726,78.49
74c6a7a0-b455-4def-8c36-9282844cd207,12/03/2016,Mar-16,3,2016,HELY-HUTCHINSON,Minor Dam,925,13.9,723,78.16
410d5775-85d7-47da-8e83-1e885dedf78f,13/03/2016,Mar-16,3,2016,HELY-HUTCHINSON,Minor Dam,925,13.87,718,77.62
88503cdd-79b2-4ae0-920d-9e5b192a833e,14/03/2016,Mar-16,3,2016,HELY-HUTCHINSON,Minor Dam,925,13.85,716,77.41
42d697bf-3a23-440e-b797-1ee26330fbcb,15/03/2016,Mar-16,3,2016,HELY-HUTCHINSON,Minor Dam,925,13.83,713,77.08
d48eb35a-8dd3-490f-9e06-f87381742f7c,16/03/2016,Mar-16,3,2016,HELY-HUTCHINSON,Minor Dam,925,13.81,710,76.76
3f68862b-6211-4232-908f-a7308feb8c51,17/03/2016,Mar-16,3,2016,HELY-HUTCHINSON,Minor Dam,925,13.78,705,76.22
b44bd1c6-1b6c-4582-a3dd-d17326130f40,18/03/2016,Mar-16,3,2016,HELY-HUTCHINSON,Minor Dam,925,13.75,701,75.78
6d451377-fdc4-4247-8a8c-4ad056f644f3,19/03/2016,Mar-16,3,2016,HELY-HUTCHINSON,Minor Dam,925,13.72,697,75.35
6dcbaf17-88d4-40fc-98fa-9b5a46602504,20/03/2016,Mar-16,3,2016,HELY-HUTCHINSON,Minor Dam,925,13.76,703,76
9dd35b5f-bb91-4e9c-a255-bf7c3539cb2f,21/03/2016,Mar-16,3,2016,HELY-HUTCHINSON,Minor Dam,925,13.74,700,75.68
021b09f1-33ce-4c18-bf38-18dce193fdf2,22/03/2016,Mar-16,3,2016,HELY-HUTCHINSON,Minor Dam,925,13.72,697,75.35
d277f0bb-cd6a-49ac-bf0b-67e95a6b8acf,23/03/2016,Mar-16,3,2016,HELY-HUTCHINSON,Minor Dam,925,13.69,692,74.81
a3ee4c75-5012-43a0-a82c-b9c0f552d0a8,24/03/2016,Mar-16,3,2016,HELY-HUTCHINSON,Minor Dam,925,13.67,689,74.49
2bfbd6fd-5a77-4776-8974-bfd068d83c06,25/03/2016,Mar-16,3,2016,HELY-HUTCHINSON,Minor Dam,925,13.64,685,74.05
47ec26d3-4f7b-49d0-a3a5-e1f1ec1709db,26/03/2016,Mar-16,3,2016,HELY-HUTCHINSON,Minor Dam,925,13.62,682,73.73
097e541f-230c-474a-b248-7bfc6931482a,27/03/2016,Mar-16,3,2016,HELY-HUTCHINSON,Minor Dam,925,13.6,679,73.41
a1d367dc-1d38-4353-9e2e-129db339b45a,28/03/2016,Mar-16,3,2016,HELY-HUTCHINSON,Minor Dam,925,13.78,705,76.22
0b1ebc29-1c2d-4966-b658-b3ee0235c020,29/03/2016,Mar-16,3,2016,HELY-HUTCHINSON,Minor Dam,925,13.84,714,77.19
951b8976-c3e7-44de-bb5c-86e296e37361,30/03/2016,Mar-16,3,2016,HELY-HUTCHINSON,Minor Dam,925,13.83,713,77.08
b3e623d4-f7e7-4093-9e82-a38c6b8e98b5,31/03/2016,Mar-16,3,2016,HELY-HUTCHINSON,Minor Dam,925,13.96,732,79.14
622ae64a-e73f-4635-9b39-022ea3af43d3,01/04/2016,Apr-16,4,2016,HELY-HUTCHINSON,Minor Dam,925,14.06,746,80.65
571e395b-da59-4991-b30b-dd9f1c9d38d0,02/04/2016,Apr-16,4,2016,HELY-HUTCHINSON,Minor Dam,925,14.03,742,80.22
4da3dc0d-0d45-40b1-812c-234848c18199,03/04/2016,Apr-16,4,2016,HELY-HUTCHINSON,Minor Dam,925,14.03,742,80.22
3608edc4-4d5c-47f9-9c4e-3233d4fc288c,04/04/2016,Apr-16,4,2016,HELY-HUTCHINSON,Minor Dam,925,14,738,79.78
b27a2492-08fd-40a4-8566-7dcdee90d3fe,05/04/2016,Apr-16,4,2016,HELY-HUTCHINSON,Minor Dam,925,13.95,730,78.92
f423dcb4-0d23-4b13-a048-55148f342174,06/04/2016,Apr-16,4,2016,HELY-HUTCHINSON,Minor Dam,925,13.85,716,77.41
435a53bf-3839-4d38-a455-ffa343b7f760,07/04/2016,Apr-16,4,2016,HELY-HUTCHINSON,Minor Dam,925,13.78,705,76.22
f33dd6b8-6691-492f-9523-e5b726e09a12,08/04/2016,Apr-16,4,2016,HELY-HUTCHINSON,Minor Dam,925,13.72,697,75.35
06cbc722-1618-44da-8f2f-be20e234bc37,09/04/2016,Apr-16,4,2016,HELY-HUTCHINSON,Minor Dam,925,13.52,667,72.11
fe17e655-08b6-4f9b-9e83-f53a3137b7f1,10/04/2016,Apr-16,4,2016,HELY-HUTCHINSON,Minor Dam,925,13.31,637,68.86
4984f0db-86e4-49ec-aae4-944a82b31f43,11/04/2016,Apr-16,4,2016,HELY-HUTCHINSON,Minor Dam,925,13.27,632,68.32
97855cad-9d51-4705-bc0a-03800ba916e2,12/04/2016,Apr-16,4,2016,HELY-HUTCHINSON,Minor Dam,925,13.18,619,66.92
6b3706b3-6b2c-40fa-a8e8-3015e34b1baf,13/04/2016,Apr-16,4,2016,HELY-HUTCHINSON,Minor Dam,925,13.08,605,65.41
9170fc3b-5184-45d5-aea6-a9d047e6b8c8,14/04/2016,Apr-16,4,2016,HELY-HUTCHINSON,Minor Dam,925,13.03,599,64.76
9787caf0-ba0d-4ffb-a416-af02747e5906,15/04/2016,Apr-16,4,2016,HELY-HUTCHINSON,Minor Dam,925,12.93,586,63.35
a3c82bc4-ad31-4541-aa82-74ac2e1f3beb,16/04/2016,Apr-16,4,2016,HELY-HUTCHINSON,Minor Dam,925,12.87,578,62.49
a83f2404-b382-4d0c-80c3-ba5824946faa,17/04/2016,Apr-16,4,2016,HELY-HUTCHINSON,Minor Dam,925,12.76,565,61.08
fcb2bca7-3b01-416c-8ef2-badb78445b1d,18/04/2016,Apr-16,4,2016,HELY-HUTCHINSON,Minor Dam,925,12.66,553,59.78
80c76814-06d6-4297-a96b-0f9151d5d8ff,19/04/2016,Apr-16,4,2016,HELY-HUTCHINSON,Minor Dam,925,12.6,545,58.92
fb497085-be98-4252-84f8-f4c68d302185,20/04/2016,Apr-16,4,2016,HELY-HUTCHINSON,Minor Dam,925,12.49,532,57.51
4c320418-085d-44fb-b3db-32571018da34,21/04/2016,Apr-16,4,2016,HELY-HUTCHINSON,Minor Dam,925,12.41,522,56.43
1a81a159-e3ea-4983-a275-8ef2427ebd21,22/04/2016,Apr-16,4,2016,HELY-HUTCHINSON,Minor Dam,925,12.35,514,55.57
c9bdb21c-7469-49fd-8589-4f052360f695,23/04/2016,Apr-16,4,2016,HELY-HUTCHINSON,Minor Dam,925,12.33,512,55.35
14154989-7eac-4339-8540-f9a0b94aded3,24/04/2016,Apr-16,4,2016,HELY-HUTCHINSON,Minor Dam,925,12.68,555,60
8b8f2e26-94ca-4f37-a2d7-901d1171913c,25/04/2016,Apr-16,4,2016,HELY-HUTCHINSON,Minor Dam,925,12.63,549,59.35
07668686-fd53-4301-a156-a4672f826bd5,26/04/2016,Apr-16,4,2016,HELY-HUTCHINSON,Minor Dam,925,12.61,547,59.14
56926dc9-b111-4e61-809a-6c45d628f7d6,27/04/2016,Apr-16,4,2016,HELY-HUTCHINSON,Minor Dam,925,12.61,547,59.14
be264ffd-77b6-4e8a-8c35-d3bb784deb8e,28/04/2016,Apr-16,4,2016,HELY-HUTCHINSON,Minor Dam,925,12.56,540,58.38
5e6f96d2-53d5-428c-a746-000d8bb317d6,29/04/2016,Apr-16,4,2016,HELY-HUTCHINSON,Minor Dam,925,12.51,534,57.73
aa252cc7-caba-40c5-bf2f-1f55ba533436,30/04/2016,Apr-16,4,2016,HELY-HUTCHINSON,Minor Dam,925,13.55,672,72.65
d2247519-af71-4cf8-96c2-94c27eeeff96,01/05/2016,May-16,5,2016,HELY-HUTCHINSON,Minor Dam,925,13.56,673,72.76
cdbde869-5690-432b-956f-9c9a80cdda5f,02/05/2016,May-16,5,2016,HELY-HUTCHINSON,Minor Dam,925,13.59,677,73.19
2640101c-2547-42c6-8f26-501e2676186b,03/05/2016,May-16,5,2016,HELY-HUTCHINSON,Minor Dam,925,13.51,666,72
5cfe8bf5-cff0-42f6-a85b-1af1d3d467bb,04/05/2016,May-16,5,2016,HELY-HUTCHINSON,Minor Dam,925,13.5,665,71.89
ee90195a-2ce2-4e3a-87cb-4682c356c30b,05/05/2016,May-16,5,2016,HELY-HUTCHINSON,Minor Dam,925,13.39,648,70.05
3dbac451-558c-4d4d-936f-e35def5bc046,06/05/2016,May-16,5,2016,HELY-HUTCHINSON,Minor Dam,925,13.38,647,69.95
ba154cb1-4ce7-478d-802e-848298471d90,07/05/2016,May-16,5,2016,HELY-HUTCHINSON,Minor Dam,925,13.32,639,69.08
62669e27-96a6-4b14-8701-c6514fba3cbc,08/05/2016,May-16,5,2016,HELY-HUTCHINSON,Minor Dam,925,13.21,623,67.35
15d04e2f-6157-4686-8f30-0c9a976deef4,09/05/2016,May-16,5,2016,HELY-HUTCHINSON,Minor Dam,925,13.15,615,66.49
85ac935f-b2e4-46ae-9011-a5aeb9d10cdd,10/05/2016,May-16,5,2016,HELY-HUTCHINSON,Minor Dam,925,13.06,603,65.19
d1f203ac-a15c-4a8c-badf-2de4ef66c7f8,11/05/2016,May-16,5,2016,HELY-HUTCHINSON,Minor Dam,925,12.98,593,64.11
1da6275c-8adf-46e1-b299-452798b05faa,12/05/2016,May-16,5,2016,HELY-HUTCHINSON,Minor Dam,925,12.88,580,62.7
1f4cd51d-fcd4-4897-9344-4f86214e472e,13/05/2016,May-16,5,2016,HELY-HUTCHINSON,Minor Dam,925,12.81,571,61.73
f907fa73-11d5-4bce-aea1-196d917ef5e8,14/05/2016,May-16,5,2016,HELY-HUTCHINSON,Minor Dam,925,12.72,560,60.54
0585ea74-328f-4284-bff0-3b6de058f708,15/05/2016,May-16,5,2016,HELY-HUTCHINSON,Minor Dam,925,12.68,555,60
9691f122-548f-4369-80fe-8c09c81f98b9,16/05/2016,May-16,5,2016,HELY-HUTCHINSON,Minor Dam,925,12.59,544,58.81
782bebca-3067-4a37-8d0a-3aa2d01504b0,17/05/2016,May-16,5,2016,HELY-HUTCHINSON,Minor Dam,925,12.49,532,57.51
d66012a5-4f6e-4936-b529-dac552a8d44b,18/05/2016,May-16,5,2016,HELY-HUTCHINSON,Minor Dam,925,12.4,520,56.22
81f4531e-ca7c-485d-aaa9-d11a320e3496,19/05/2016,May-16,5,2016,HELY-HUTCHINSON,Minor Dam,925,12.31,509,55.03
519d7083-7411-4815-811a-d743dec65192,20/05/2016,May-16,5,2016,HELY-HUTCHINSON,Minor Dam,925,12.29,506,54.7
46b39bd3-9bd0-4f1a-afa3-63365e84ec20,21/05/2016,May-16,5,2016,HELY-HUTCHINSON,Minor Dam,925,12.26,503,54.38
efb8f7a4-abb8-4082-9714-316fe8d675c6,22/05/2016,May-16,5,2016,HELY-HUTCHINSON,Minor Dam,925,12.21,496,53.62
8817cc9e-d23e-4878-82d1-c52528760574,23/05/2016,May-16,5,2016,HELY-HUTCHINSON,Minor Dam,925,12.11,485,52.43
3f54a988-967f-4731-9432-1ce5d4a6a8d5,24/05/2016,May-16,5,2016,HELY-HUTCHINSON,Minor Dam,925,12.03,475,51.35
01eee7b0-2b00-459c-9e37-cb21525bc9bb,25/05/2016,May-16,5,2016,HELY-HUTCHINSON,Minor Dam,925,12.24,500,54.05
d2283b59-3721-40f8-a178-054647e720eb,26/05/2016,May-16,5,2016,HELY-HUTCHINSON,Minor Dam,925,12.25,501,54.16
c6dda759-783a-46c5-9de5-9f4cb2430371,27/05/2016,May-16,5,2016,HELY-HUTCHINSON,Minor Dam,925,12.26,503,54.38
b245d55e-01a1-4aa1-a49b-4170e81bab2e,28/05/2016,May-16,5,2016,HELY-HUTCHINSON,Minor Dam,925,12.16,491,53.08
8867a689-d8b2-4f21-900d-34d2b5f8c4e9,29/05/2016,May-16,5,2016,HELY-HUTCHINSON,Minor Dam,925,12.04,476,51.46
e674064a-d0eb-48d1-a5ee-86ddc1b1e911,30/05/2016,May-16,5,2016,HELY-HUTCHINSON,Minor Dam,925,11.99,470,50.81
9dbb71cd-3bde-4702-a613-5996c822646d,31/05/2016,May-16,5,2016,HELY-HUTCHINSON,Minor Dam,925,11.93,463,50.05
2497399a-281b-4d00-a3f7-507835a8054f,01/06/2016,Jun-16,6,2016,HELY-HUTCHINSON,Minor Dam,925,11.8,449,48.54
d4ca2778-cc59-4cda-99dc-9683c766c00f,02/06/2016,Jun-16,6,2016,HELY-HUTCHINSON,Minor Dam,925,11.72,440,47.57
125d3424-841b-41bd-af59-a679d3ae54e3,03/06/2016,Jun-16,6,2016,HELY-HUTCHINSON,Minor Dam,925,11.62,429,46.38
bfe76e7a-c8dd-48bb-8511-df32f9c6d127,04/06/2016,Jun-16,6,2016,HELY-HUTCHINSON,Minor Dam,925,11.56,423,45.73
5b31091c-f8ee-4e9f-9232-9eac202df9c5,05/06/2016,Jun-16,6,2016,HELY-HUTCHINSON,Minor Dam,925,11.44,410,44.32
606b9ce6-7bf6-4174-86ec-df6faa3c1da8,06/06/2016,Jun-16,6,2016,HELY-HUTCHINSON,Minor Dam,925,11.36,402,43.46
1673e554-f73c-4891-a41c-1a2a7a6e7724,07/06/2016,Jun-16,6,2016,HELY-HUTCHINSON,Minor Dam,925,11.26,392,42.38
af5273b9-076e-4e2b-8af0-4c256825a226,08/06/2016,Jun-16,6,2016,HELY-HUTCHINSON,Minor Dam,925,11.17,383,41.41
c4c9dbb9-26d3-4c6d-9875-b6cdd3b91ce1,09/06/2016,Jun-16,6,2016,HELY-HUTCHINSON,Minor Dam,925,11.11,377,40.76
eed45582-4468-48d7-8d3b-4474d8d2fc3e,10/06/2016,Jun-16,6,2016,HELY-HUTCHINSON,Minor Dam,925,11.11,377,40.76
2ee2e883-75f4-4f9c-ae51-e95f2a7637e3,11/06/2016,Jun-16,6,2016,HELY-HUTCHINSON,Minor Dam,925,11.81,450,48.65
b6da671f-595c-4581-9fe7-05877d977363,12/06/2016,Jun-16,6,2016,HELY-HUTCHINSON,Minor Dam,925,11.99,470,50.81
b79d9401-737b-42f7-8189-b3128ff41442,13/06/2016,Jun-16,6,2016,HELY-HUTCHINSON,Minor Dam,925,12.05,477,51.57
925ad53c-82ba-47d0-b137-001dd707c40c,14/06/2016,Jun-16,6,2016,HELY-HUTCHINSON,Minor Dam,925,12.08,481,52
01ede41d-a061-43da-87eb-1887d4ae3758,15/06/2016,Jun-16,6,2016,HELY-HUTCHINSON,Minor Dam,925,12.35,514,55.57
f91d76f8-8c98-49ad-b33b-5581ae5c1646,16/06/2016,Jun-16,6,2016,HELY-HUTCHINSON,Minor Dam,925,12.86,577,62.38
024e8622-86b4-48ee-bf43-eb39c5807169,17/06/2016,Jun-16,6,2016,HELY-HUTCHINSON,Minor Dam,925,13.19,620,67.03
d94699c1-e023-4f03-bea0-08d8764201b0,18/06/2016,Jun-16,6,2016,HELY-HUTCHINSON,Minor Dam,925,13.26,630,68.11
b753427b-cc1d-4131-8c13-d6278082d2df,19/06/2016,Jun-16,6,2016,HELY-HUTCHINSON,Minor Dam,925,13.28,632,68.32
30937c7e-dcd2-47e0-b37a-13cdfcd462c2,20/06/2016,Jun-16,6,2016,HELY-HUTCHINSON,Minor Dam,925,13.49,663,71.68
8a8b70dc-ff45-4b4f-bb13-28eab816020b,21/06/2016,Jun-16,6,2016,HELY-HUTCHINSON,Minor Dam,925,14.28,779,84.22
b940322e-4718-4613-a0d4-bc37e9bbf749,22/06/2016,Jun-16,6,2016,HELY-HUTCHINSON,Minor Dam,925,14.45,804,86.92
c9f435d9-9f61-4996-bbfa-3a8dc77cb402,23/06/2016,Jun-16,6,2016,HELY-HUTCHINSON,Minor Dam,925,14.53,816,88.22
2ecc3751-792c-4e6a-91df-524e38db99bf,24/06/2016,Jun-16,6,2016,HELY-HUTCHINSON,Minor Dam,925,14.53,816,88.22
f38d4cbe-3a55-4658-b6a2-fff0b50f2f66,25/06/2016,Jun-16,6,2016,HELY-HUTCHINSON,Minor Dam,925,14.56,820,88.65
db7bb4df-23a9-420b-8042-fa4efb716ec2,26/06/2016,Jun-16,6,2016,HELY-HUTCHINSON,Minor Dam,925,14.56,820,88.65
505ffd78-0c68-43d3-a1cc-880f67cc2a96,27/06/2016,Jun-16,6,2016,HELY-HUTCHINSON,Minor Dam,925,14.58,823,88.97
33918057-39ce-4629-9484-aaef90120628,28/06/2016,Jun-16,6,2016,HELY-HUTCHINSON,Minor Dam,925,14.75,848,91.68
2f88bc09-c89d-4bac-b950-3db62de8f55b,29/06/2016,Jun-16,6,2016,HELY-HUTCHINSON,Minor Dam,925,14.89,870,94.05
b5d2115d-eb06-4628-b342-544d2d3f0280,30/06/2016,Jun-16,6,2016,HELY-HUTCHINSON,Minor Dam,925,14.93,876,94.7
efbe095a-8d2b-495b-976f-8f101fe33e59,01/07/2016,Jul-16,7,2016,HELY-HUTCHINSON,Minor Dam,925,14.94,878,94.92
a2d43b0e-4246-422d-93bd-0f13699f0ed3,02/07/2016,Jul-16,7,2016,HELY-HUTCHINSON,Minor Dam,925,14.99,885,95.68
691d9d7a-4dbf-44b0-a84f-ce3f0725b260,03/07/2016,Jul-16,7,2016,HELY-HUTCHINSON,Minor Dam,925,15.05,895,96.76
7aa2e5fe-5293-4e0f-9beb-dad878f93120,04/07/2016,Jul-16,7,2016,HELY-HUTCHINSON,Minor Dam,925,15.1,903,97.62
4d8049ea-a39e-4258-b204-5fbceadb6f34,05/07/2016,Jul-16,7,2016,HELY-HUTCHINSON,Minor Dam,925,15.12,906,97.95
9c7da4ca-6d49-48a0-83e8-2fffa436073c,06/07/2016,Jul-16,7,2016,HELY-HUTCHINSON,Minor Dam,925,15.13,907,98.05
2b0d65cd-ef43-4238-8fb4-5eb054c37925,07/07/2016,Jul-16,7,2016,HELY-HUTCHINSON,Minor Dam,925,15.29,932,100.76
4e4487c6-f38c-4e2b-b467-51469f4ad97d,08/07/2016,Jul-16,7,2016,HELY-HUTCHINSON,Minor Dam,925,15.26,928,100.32
47e8a01c-a094-4b40-a68a-a71934bbfa93,09/07/2016,Jul-16,7,2016,HELY-HUTCHINSON,Minor Dam,925,15.25,926,100.11
e61ac7c4-0078-4baf-9333-883440d23ee9,10/07/2016,Jul-16,7,2016,HELY-HUTCHINSON,Minor Dam,925,15.3,934,100.97
d259c5db-57ac-43e1-bf17-b1a708062f1a,11/07/2016,Jul-16,7,2016,HELY-HUTCHINSON,Minor Dam,925,15.27,929,100.43
8fb69086-5c36-485a-b9de-8dc446c5bc9b,12/07/2016,Jul-16,7,2016,HELY-HUTCHINSON,Minor Dam,925,15.25,926,100.11
60349d90-8a0e-430a-bebe-3d76c9d97ecb,13/07/2016,Jul-16,7,2016,HELY-HUTCHINSON,Minor Dam,925,15.25,926,100.11
eab8bbd7-6b73-4f32-962b-dfffe7203e55,14/07/2016,Jul-16,7,2016,HELY-HUTCHINSON,Minor Dam,925,15.24,925,100
a7962044-bde6-45ab-83ee-36c59ebf3119,15/07/2016,Jul-16,7,2016,HELY-HUTCHINSON,Minor Dam,925,15.24,925,100
66e0f2dc-608a-4732-ae57-425743584267,16/07/2016,Jul-16,7,2016,HELY-HUTCHINSON,Minor Dam,925,15.26,928,100.32
ab3ac1d2-9f12-4bca-b4cf-55046f003aab,17/07/2016,Jul-16,7,2016,HELY-HUTCHINSON,Minor Dam,925,15.25,926,100.11
afcd1d88-bd01-4419-8611-eb9eee3c8c40,18/07/2016,Jul-16,7,2016,HELY-HUTCHINSON,Minor Dam,925,15.24,925,100
d7f5baec-b198-4b1f-be49-f1b05f5f25c8,19/07/2016,Jul-16,7,2016,HELY-HUTCHINSON,Minor Dam,925,15.24,925,100
596184f4-11da-475f-8f75-efb3a8394439,20/07/2016,Jul-16,7,2016,HELY-HUTCHINSON,Minor Dam,925,15.25,926,100.11
bb3367e2-676d-4615-9709-1290aca5d121,21/07/2016,Jul-16,7,2016,HELY-HUTCHINSON,Minor Dam,925,15.28,931,100.65
4cfadc72-8189-4987-bbcd-20ce122fa37a,22/07/2016,Jul-16,7,2016,HELY-HUTCHINSON,Minor Dam,925,15.34,940,101.62
359f8998-e822-4092-8ef2-a97220a47e46,23/07/2016,Jul-16,7,2016,HELY-HUTCHINSON,Minor Dam,925,15.28,931,100.65
66ff09d9-163a-4fc1-8829-5925e2162087,24/07/2016,Jul-16,7,2016,HELY-HUTCHINSON,Minor Dam,925,15.26,928,100.32
41cae7d9-f4d6-48fb-95f6-121095d37dd7,25/07/2016,Jul-16,7,2016,HELY-HUTCHINSON,Minor Dam,925,15.27,929,100.43
09db6269-93a3-4350-8d25-3cf20f39e461,26/07/2016,Jul-16,7,2016,HELY-HUTCHINSON,Minor Dam,925,15.25,926,100.11
335f4eb2-43f8-4276-a76b-ca9ea9336c74,27/07/2016,Jul-16,7,2016,HELY-HUTCHINSON,Minor Dam,925,15.25,926,100.11
4c84df91-f6e5-4c64-bc3d-dc4821053f62,28/07/2016,Jul-16,7,2016,HELY-HUTCHINSON,Minor Dam,925,15.29,932,100.76
ef9638da-9a26-49bd-8b5e-e45194612dc2,29/07/2016,Jul-16,7,2016,HELY-HUTCHINSON,Minor Dam,925,15.38,947,102.38
de9f1dae-4a74-490d-9202-4a391ef413a4,30/07/2016,Jul-16,7,2016,HELY-HUTCHINSON,Minor Dam,925,15.31,936,101.19
0ada54cd-b5a3-4b0e-980c-056acd36aefd,31/07/2016,Jul-16,7,2016,HELY-HUTCHINSON,Minor Dam,925,15.22,922,99.68
2a0e5729-3f8a-4f66-b810-384d75e16a34,01/08/2016,Aug-16,8,2016,HELY-HUTCHINSON,Minor Dam,925,15.26,928,100.32
bb6b96db-532f-4091-ae44-af562384597d,02/08/2016,Aug-16,8,2016,HELY-HUTCHINSON,Minor Dam,925,15.26,928,100.32
eda51062-6949-42db-a2da-cdce23838992,03/08/2016,Aug-16,8,2016,HELY-HUTCHINSON,Minor Dam,925,15.26,928,100.32
46cf54ca-ab90-40df-a973-0e0527c4a24c,04/08/2016,Aug-16,8,2016,HELY-HUTCHINSON,Minor Dam,925,15.34,940,101.62
9a8dc8cf-0ebf-4b8c-85cc-2659ddba44d2,05/08/2016,Aug-16,8,2016,HELY-HUTCHINSON,Minor Dam,925,15.32,937,101.3
2fcff41e-34d1-480f-93c2-67c68b1a9760,06/08/2016,Aug-16,8,2016,HELY-HUTCHINSON,Minor Dam,925,15.26,928,100.32
31c531b1-1696-4160-af1c-5bef9fad1466,07/08/2016,Aug-16,8,2016,HELY-HUTCHINSON,Minor Dam,925,15.23,923,99.78
55ae2224-bb97-4984-9bef-f7223d58650c,08/08/2016,Aug-16,8,2016,HELY-HUTCHINSON,Minor Dam,925,15.26,928,100.32
fdb45386-bdc0-4a9c-964b-f5749647c594,09/08/2016,Aug-16,8,2016,HELY-HUTCHINSON,Minor Dam,925,15.24,925,100
90e63c67-1dcc-4641-abc1-9b0503f88115,10/08/2016,Aug-16,8,2016,HELY-HUTCHINSON,Minor Dam,925,15.22,922,99.68
5b4e6de3-5935-4f53-9948-6ab564632cb8,11/08/2016,Aug-16,8,2016,HELY-HUTCHINSON,Minor Dam,925,15.27,929,100.43
747850aa-e060-4448-84dd-adfa936542e5,12/08/2016,Aug-16,8,2016,HELY-HUTCHINSON,Minor Dam,925,15.23,923,99.78
ec9a16d5-385e-43c8-bd5a-75dd291b8d3c,13/08/2016,Aug-16,8,2016,HELY-HUTCHINSON,Minor Dam,925,15.24,925,100
a7a37c8d-89e3-42d1-b9ab-77426d0dd26c,14/08/2016,Aug-16,8,2016,HELY-HUTCHINSON,Minor Dam,925,15.25,926,100.11
e8860ecf-1a36-433c-8f91-e510c9b698fc,15/08/2016,Aug-16,8,2016,HELY-HUTCHINSON,Minor Dam,925,15.26,928,100.32
122da842-0703-4f8f-b942-2c13cf9213b7,16/08/2016,Aug-16,8,2016,HELY-HUTCHINSON,Minor Dam,925,15.29,932,100.76
e05f4ff5-a4b3-4ace-88bd-241be921b52d,17/08/2016,Aug-16,8,2016,HELY-HUTCHINSON,Minor Dam,925,15.25,926,100.11
026057dd-d23d-45ca-b2d8-58c452d68034,18/08/2016,Aug-16,8,2016,HELY-HUTCHINSON,Minor Dam,925,15.27,929,100.43
bc0241f9-1eff-444c-8b2d-1d135e930c85,19/08/2016,Aug-16,8,2016,HELY-HUTCHINSON,Minor Dam,925,15.26,928,100.32
fd68539f-7521-4cee-b290-a78101993a09,20/08/2016,Aug-16,8,2016,HELY-HUTCHINSON,Minor Dam,925,15.27,929,100.43
9981951e-7269-48f0-a841-4c3b3caf61aa,21/08/2016,Aug-16,8,2016,HELY-HUTCHINSON,Minor Dam,925,15.27,929,100.43
68cc7c6f-d58e-4df4-b128-14b81e220f44,22/08/2016,Aug-16,8,2016,HELY-HUTCHINSON,Minor Dam,925,15.27,929,100.43
1955d3ff-e813-4f8f-be97-f265ed9aa03e,23/08/2016,Aug-16,8,2016,HELY-HUTCHINSON,Minor Dam,925,15.3,934,100.97
17a32995-baeb-4bf8-867c-ebec90cd4374,24/08/2016,Aug-16,8,2016,HELY-HUTCHINSON,Minor Dam,925,15.26,928,100.32
f4ab1583-c166-4543-9a9f-7be9bdeffea0,25/08/2016,Aug-16,8,2016,HELY-HUTCHINSON,Minor Dam,925,15.25,926,100.11
366aad82-af7e-436a-92c4-ed585fe84e61,26/08/2016,Aug-16,8,2016,HELY-HUTCHINSON,Minor Dam,925,15.25,926,100.11
0abe4c57-f6d6-44b0-acee-964150b5bc21,27/08/2016,Aug-16,8,2016,HELY-HUTCHINSON,Minor Dam,925,15.24,925,100
54069896-eaf5-465e-ada1-92be493ffa59,28/08/2016,Aug-16,8,2016,HELY-HUTCHINSON,Minor Dam,925,15.23,923,99.78
54bc294f-22c8-46a1-82cb-156e63d7bf4e,29/08/2016,Aug-16,8,2016,HELY-HUTCHINSON,Minor Dam,925,15.23,923,99.78
44126d9e-dc4b-4467-9827-6edf83f14175,30/08/2016,Aug-16,8,2016,HELY-HUTCHINSON,Minor Dam,925,15.23,923,99.78
d0af7cd6-e62d-4a6e-9319-63aa711eebf0,31/08/2016,Aug-16,8,2016,HELY-HUTCHINSON,Minor Dam,925,15.23,923,99.78
041c2276-d9c4-4e0a-be79-eb4ca32746cf,01/09/2016,Sep-16,9,2016,HELY-HUTCHINSON,Minor Dam,925,15.23,923,99.78
25c6a098-1c80-4ad7-b0d9-2ceedbc27c51,02/09/2016,Sep-16,9,2016,HELY-HUTCHINSON,Minor Dam,925,15.25,926,100.11
e511db8e-0233-4f1b-88e2-e8653a46ea42,03/09/2016,Sep-16,9,2016,HELY-HUTCHINSON,Minor Dam,925,15.24,925,100
25f08955-974b-4dd9-a671-0876c9d48e0f,04/09/2016,Sep-16,9,2016,HELY-HUTCHINSON,Minor Dam,925,15.24,925,100
2db44992-b03e-4635-abee-1f0d8ec0e689,05/09/2016,Sep-16,9,2016,HELY-HUTCHINSON,Minor Dam,925,15.24,925,100
7cfda0fa-8558-4f11-a0db-9135970ccc86,06/09/2016,Sep-16,9,2016,HELY-HUTCHINSON,Minor Dam,925,15.25,926,100.11
2295b17c-b198-44e5-9cda-0058dbcb840f,07/09/2016,Sep-16,9,2016,HELY-HUTCHINSON,Minor Dam,925,15.25,926,100.11
968d02c8-113c-4aa8-ab29-4d0625bc9a44,08/09/2016,Sep-16,9,2016,HELY-HUTCHINSON,Minor Dam,925,15.26,928,100.32
061946c7-9695-4b06-97d8-dafb967aa820,09/09/2016,Sep-16,9,2016,HELY-HUTCHINSON,Minor Dam,925,15.25,926,100.11
dff2208f-e78f-4d46-94c8-c194f83f9011,10/09/2016,Sep-16,9,2016,HELY-HUTCHINSON,Minor Dam,925,15.22,922,99.68
ff6f4963-1b40-4ab8-ae69-9c2614bc60f5,11/09/2016,Sep-16,9,2016,HELY-HUTCHINSON,Minor Dam,925,15.24,925,100
2d65bdfc-0815-4bcd-a15f-dbf4d2680942,12/09/2016,Sep-16,9,2016,HELY-HUTCHINSON,Minor Dam,925,15.24,925,100
26f7f6dd-3611-45d6-a0cb-0ab9952771ba,13/09/2016,Sep-16,9,2016,HELY-HUTCHINSON,Minor Dam,925,15.24,925,100
7d164095-ceb2-46c1-b471-da563917abbe,14/09/2016,Sep-16,9,2016,HELY-HUTCHINSON,Minor Dam,925,15.24,925,100
6b2566bb-883f-4ab9-a503-4bcb43246ab7,15/09/2016,Sep-16,9,2016,HELY-HUTCHINSON,Minor Dam,925,15.25,926,100.11
a63f0d0a-3ce3-4a8e-8607-50bffc13f9c6,16/09/2016,Sep-16,9,2016,HELY-HUTCHINSON,Minor Dam,925,15.24,925,100
18d30660-608b-45a3-a297-3319d54808dd,17/09/2016,Sep-16,9,2016,HELY-HUTCHINSON,Minor Dam,925,15.36,943,101.95
7952531b-3a44-4f70-b34c-f46b9d5fc2e6,18/09/2016,Sep-16,9,2016,HELY-HUTCHINSON,Minor Dam,925,15.38,947,102.38
2ce14de9-23f3-4c2f-be0a-7119266c42b7,19/09/2016,Sep-16,9,2016,HELY-HUTCHINSON,Minor Dam,925,15.25,926,100.11
2dc2176e-6a8d-4242-9796-ff08230bcb68,20/09/2016,Sep-16,9,2016,HELY-HUTCHINSON,Minor Dam,925,15.25,926,100.11
47e90e78-4507-407a-9c4c-c9e189bdecd5,21/09/2016,Sep-16,9,2016,HELY-HUTCHINSON,Minor Dam,925,15.25,926,100.11
82d8199c-e2b2-437d-bade-c0bceed3c70c,22/09/2016,Sep-16,9,2016,HELY-HUTCHINSON,Minor Dam,925,15.24,925,100
00c056b3-9536-48ec-989a-09815c3d9771,23/09/2016,Sep-16,9,2016,HELY-HUTCHINSON,Minor Dam,925,15.24,925,100
4c9fd704-79b8-4da4-899f-a17206a83f10,24/09/2016,Sep-16,9,2016,HELY-HUTCHINSON,Minor Dam,925,15.24,925,100
85bf7d2a-dd69-407c-ab62-5e28b49a5eab,25/09/2016,Sep-16,9,2016,HELY-HUTCHINSON,Minor Dam,925,15.24,925,100
b2c0bcad-b509-4f4d-971a-23d89ba11116,26/09/2016,Sep-16,9,2016,HELY-HUTCHINSON,Minor Dam,925,15.25,926,100.11
e8eb7c46-7f62-45c2-82c2-37b35692b785,27/09/2016,Sep-16,9,2016,HELY-HUTCHINSON,Minor Dam,925,15.24,925,100
c423a9bf-5615-4f66-9bbd-b569f51b68a5,28/09/2016,Sep-16,9,2016,HELY-HUTCHINSON,Minor Dam,925,15.29,932,100.76
35437a9d-625e-422e-a1d6-63e1e7a690c1,29/09/2016,Sep-16,9,2016,HELY-HUTCHINSON,Minor Dam,925,15.27,929,100.43
b024d11d-9ee5-4c0f-bf25-7144ee4b8476,30/09/2016,Sep-16,9,2016,HELY-HUTCHINSON,Minor Dam,925,15.25,926,100.11
db2909e0-9aa2-46b9-9f52-b142183e9548,01/10/2016,Oct-16,10,2016,HELY-HUTCHINSON,Minor Dam,925,15.24,925,100
1b8df3b2-677d-454a-b9d2-593a9a039965,02/10/2016,Oct-16,10,2016,HELY-HUTCHINSON,Minor Dam,925,15.25,926,100.11
ab47eaed-6681-4921-a499-c1fb683fd7ef,03/10/2016,Oct-16,10,2016,HELY-HUTCHINSON,Minor Dam,925,15.24,925,100
f6ea5375-620b-4f44-a32e-32b7aee099cb,04/10/2016,Oct-16,10,2016,HELY-HUTCHINSON,Minor Dam,925,15.24,925,100
2213e8ba-3efa-458e-9bec-c26ee658c6a3,05/10/2016,Oct-16,10,2016,HELY-HUTCHINSON,Minor Dam,925,15.24,925,100
1837e0d0-c3a0-45e2-a79d-47e56ecd8162,06/10/2016,Oct-16,10,2016,HELY-HUTCHINSON,Minor Dam,925,15.23,923,99.78
1393c608-b6be-4268-a4de-dbda547ce8eb,07/10/2016,Oct-16,10,2016,HELY-HUTCHINSON,Minor Dam,925,15.24,925,100
dd37228c-4fa8-400a-8b95-e58f79f790a7,08/10/2016,Oct-16,10,2016,HELY-HUTCHINSON,Minor Dam,925,15.23,923,99.78
9289f869-e4e2-4176-b9fa-7f611d25cbcc,09/10/2016,Oct-16,10,2016,HELY-HUTCHINSON,Minor Dam,925,15.23,923,99.78
c9a43fb5-2a3d-4ed2-b446-81430f66b5ff,10/10/2016,Oct-16,10,2016,HELY-HUTCHINSON,Minor Dam,925,15.23,923,99.78
8dc3714e-59b1-4ddb-b0e4-1bee1c0b149e,11/10/2016,Oct-16,10,2016,HELY-HUTCHINSON,Minor Dam,925,15.23,923,99.78
439445ab-674d-41f1-9985-d513a3e6fd65,12/10/2016,Oct-16,10,2016,HELY-HUTCHINSON,Minor Dam,925,15.28,931,100.65
1a1f3fa3-5416-495e-993a-36886e499bd2,13/10/2016,Oct-16,10,2016,HELY-HUTCHINSON,Minor Dam,925,15.25,926,100.11
78bfd164-1761-4b66-9b8f-f1af007c7507,14/10/2016,Oct-16,10,2016,HELY-HUTCHINSON,Minor Dam,925,15.24,925,100
e964efa5-667f-45b9-8cbc-754185af5213,15/10/2016,Oct-16,10,2016,HELY-HUTCHINSON,Minor Dam,925,15.23,923,99.78
683811ea-c1c7-4dc6-a1e6-acb7d6abf80a,16/10/2016,Oct-16,10,2016,HELY-HUTCHINSON,Minor Dam,925,15.22,922,99.68
9e0d05d4-a7f9-4a67-9887-ac02d939bccb,17/10/2016,Oct-16,10,2016,HELY-HUTCHINSON,Minor Dam,925,15.24,925,100
2b927d86-382b-470c-9b8c-c7dbba62a3a0,18/10/2016,Oct-16,10,2016,HELY-HUTCHINSON,Minor Dam,925,15.24,925,100
61d7446f-79d7-43cc-99d4-b9dd452fe664,19/10/2016,Oct-16,10,2016,HELY-HUTCHINSON,Minor Dam,925,15.24,925,100
b2ea7532-df36-444e-80ce-7e4dfcea2cc1,20/10/2016,Oct-16,10,2016,HELY-HUTCHINSON,Minor Dam,925,15.23,923,99.78
3275ad9b-326f-4868-acd4-71e44dd75a55,21/10/2016,Oct-16,10,2016,HELY-HUTCHINSON,Minor Dam,925,15.23,923,99.78
b17279f6-cc61-4f91-97df-efd3345e9c9e,22/10/2016,Oct-16,10,2016,HELY-HUTCHINSON,Minor Dam,925,15.22,922,99.68
c2c8df42-62b4-4d89-9aa6-5d115621678c,23/10/2016,Oct-16,10,2016,HELY-HUTCHINSON,Minor Dam,925,15.25,926,100.11
2b1c2fcb-2b36-4043-ad5e-5bf1b8e4fa87,24/10/2016,Oct-16,10,2016,HELY-HUTCHINSON,Minor Dam,925,15.24,925,100
6e27b714-6a9a-4e9e-9741-54eb79a8f83d,25/10/2016,Oct-16,10,2016,HELY-HUTCHINSON,Minor Dam,925,15.24,925,100
8f19b1ff-c202-40e4-a86a-e4b671709791,26/10/2016,Oct-16,10,2016,HELY-HUTCHINSON,Minor Dam,925,15.24,925,100
4a0dea8b-5ee7-44df-be1f-08323c2ceeb6,27/10/2016,Oct-16,10,2016,HELY-HUTCHINSON,Minor Dam,925,15.23,923,99.78
86ed74d1-18aa-4837-a4ae-d5821785cd90,28/10/2016,Oct-16,10,2016,HELY-HUTCHINSON,Minor Dam,925,15.23,923,99.78
45d5bce5-bfee-4d58-a456-452ee47549f6,29/10/2016,Oct-16,10,2016,HELY-HUTCHINSON,Minor Dam,925,15.23,923,99.78
cc46ed22-1416-4683-9ea2-b143f32a841d,30/10/2016,Oct-16,10,2016,HELY-HUTCHINSON,Minor Dam,925,15.23,923,99.78
f97982ac-13d3-4c7b-aae2-c01d7e3ce5e9,31/10/2016,Oct-16,10,2016,HELY-HUTCHINSON,Minor Dam,925,15.23,923,99.78
b300819a-4465-4f0a-ac38-d57c76d5f17b,01/11/2016,Nov-16,11,2016,HELY-HUTCHINSON,Minor Dam,925,15.22,922,99.68
bd04e345-ed6b-408e-b275-898fff727b55,02/11/2016,Nov-16,11,2016,HELY-HUTCHINSON,Minor Dam,925,15.22,922,99.68
2a275bbc-2da0-4bdf-9a33-8e4189930e79,03/11/2016,Nov-16,11,2016,HELY-HUTCHINSON,Minor Dam,925,15.21,920,99.46
6f6052bf-53ba-40e2-bc45-69bde68a642a,04/11/2016,Nov-16,11,2016,HELY-HUTCHINSON,Minor Dam,925,15.19,917,99.14
6593c0ba-0bbe-429b-9320-83e129d9b3a5,05/11/2016,Nov-16,11,2016,HELY-HUTCHINSON,Minor Dam,925,15.19,917,99.14
948f583c-1944-4f76-a274-60fe3e8cbd6a,06/11/2016,Nov-16,11,2016,HELY-HUTCHINSON,Minor Dam,925,15.18,915,98.92
87bdb438-6d39-4628-9387-aa1df148bab9,07/11/2016,Nov-16,11,2016,HELY-HUTCHINSON,Minor Dam,925,15.18,915,98.92
253d21d2-ba1d-401b-8889-78cf4aad20d5,08/11/2016,Nov-16,11,2016,HELY-HUTCHINSON,Minor Dam,925,15.18,915,98.92
c720c91f-1352-4189-8076-cc284eb2f27e,09/11/2016,Nov-16,11,2016,HELY-HUTCHINSON,Minor Dam,925,15.17,914,98.81
a7930227-cab8-4f87-8d97-e53d6e083c8e,10/11/2016,Nov-16,11,2016,HELY-HUTCHINSON,Minor Dam,925,15.17,914,98.81
e77da200-48cf-4a89-af86-1ab840d27d6b,11/11/2016,Nov-16,11,2016,HELY-HUTCHINSON,Minor Dam,925,15.16,912,98.59
02ce756a-236a-4e90-8136-1ff11e69742c,12/11/2016,Nov-16,11,2016,HELY-HUTCHINSON,Minor Dam,925,15.15,911,98.49
bae20c73-088f-48e3-b8af-154f01cea661,13/11/2016,Nov-16,11,2016,HELY-HUTCHINSON,Minor Dam,925,15.15,911,98.49
96803aad-b1fb-4a8d-90dd-765d40d55821,14/11/2016,Nov-16,11,2016,HELY-HUTCHINSON,Minor Dam,925,15.15,911,98.49
425a56ad-65cc-4a15-9185-9317b05873e2,15/11/2016,Nov-16,11,2016,HELY-HUTCHINSON,Minor Dam,925,15.14,909,98.27
20a8dc5a-ab9d-4f3d-a8f1-7ae8ff3c8abf,16/11/2016,Nov-16,11,2016,HELY-HUTCHINSON,Minor Dam,925,15.14,909,98.27
1563b1b8-39e0-4775-9de6-9318893d4baa,17/11/2016,Nov-16,11,2016,HELY-HUTCHINSON,Minor Dam,925,15.13,907,98.05
4b5940a2-7ed6-4dfa-a6bc-8268271edae7,18/11/2016,Nov-16,11,2016,HELY-HUTCHINSON,Minor Dam,925,15.12,906,97.95
05b0506d-0ec5-4769-8e94-29f46eed477b,19/11/2016,Nov-16,11,2016,HELY-HUTCHINSON,Minor Dam,925,15.12,906,97.95
07999d9d-2cf2-42a4-a8ba-5f3b74f32143,20/11/2016,Nov-16,11,2016,HELY-HUTCHINSON,Minor Dam,925,15.1,903,97.62
ef5aa798-4de6-4bd9-a3d8-ad71e85c63d8,21/11/2016,Nov-16,11,2016,HELY-HUTCHINSON,Minor Dam,925,15.1,903,97.62
0229b5fa-d2e0-41e5-a6f2-acef1f49a4de,22/11/2016,Nov-16,11,2016,HELY-HUTCHINSON,Minor Dam,925,15.09,901,97.41
ab06e9a0-9228-4112-95f2-dfa39b0490c8,23/11/2016,Nov-16,11,2016,HELY-HUTCHINSON,Minor Dam,925,15.08,900,97.3
cd963360-469c-4440-8cda-df60f6915576,24/11/2016,Nov-16,11,2016,HELY-HUTCHINSON,Minor Dam,925,15.08,900,97.3
3347e79b-e3fc-4fcc-9ed1-c42630566eee,25/11/2016,Nov-16,11,2016,HELY-HUTCHINSON,Minor Dam,925,15.08,900,97.3
4329a763-4aef-41d4-ae16-a922fe53db67,26/11/2016,Nov-16,11,2016,HELY-HUTCHINSON,Minor Dam,925,15.08,900,97.3
36f2c0d6-fcf8-401d-99f8-87577996e327,27/11/2016,Nov-16,11,2016,HELY-HUTCHINSON,Minor Dam,925,15.07,898,97.08
b0c54979-dd19-4ca9-bd0f-6ea0ea2b59ce,28/11/2016,Nov-16,11,2016,HELY-HUTCHINSON,Minor Dam,925,15.06,896,96.86
269499c1-f4a4-48a8-9e82-e55056789c23,29/11/2016,Nov-16,11,2016,HELY-HUTCHINSON,Minor Dam,925,15.05,895,96.76
d84ed3c5-476d-4d0b-9fde-2b7e9abb9f23,30/11/2016,Nov-16,11,2016,HELY-HUTCHINSON,Minor Dam,925,15.05,895,96.76
fefc4409-0a49-454d-bfd9-ad3cd4fbf91a,01/12/2016,Dec-16,12,2016,HELY-HUTCHINSON,Minor Dam,925,15.04,893,96.54
c84ef4a3-1eff-4e98-b0b1-7c76cdfe3364,02/12/2016,Dec-16,12,2016,HELY-HUTCHINSON,Minor Dam,925,15.04,893,96.54
58ee37a8-6710-4e21-9d91-34305a1e76d3,03/12/2016,Dec-16,12,2016,HELY-HUTCHINSON,Minor Dam,925,15.04,893,96.54
b0195217-e55f-415b-a1eb-99aaa14d6f70,04/12/2016,Dec-16,12,2016,HELY-HUTCHINSON,Minor Dam,925,15.04,893,96.54
9871fbd0-d528-4207-8f87-9f3bbac81a46,05/12/2016,Dec-16,12,2016,HELY-HUTCHINSON,Minor Dam,925,15.04,893,96.54
ca2b4268-70b8-4082-9bb1-7586b0ed0deb,06/12/2016,Dec-16,12,2016,HELY-HUTCHINSON,Minor Dam,925,15.03,892,96.43
e8ef2aca-ad9f-488b-9ce9-d4e105ea2ba2,07/12/2016,Dec-16,12,2016,HELY-HUTCHINSON,Minor Dam,925,15.02,890,96.22
990669f3-d932-45a8-9b0d-260fe1518931,08/12/2016,Dec-16,12,2016,HELY-HUTCHINSON,Minor Dam,925,15.02,890,96.22
24fedd6a-4621-4bee-908a-b86f2b56d016,09/12/2016,Dec-16,12,2016,HELY-HUTCHINSON,Minor Dam,925,15.01,889,96.11
83c8afde-e6f4-41bc-8e3d-862aacb7eb19,10/12/2016,Dec-16,12,2016,HELY-HUTCHINSON,Minor Dam,925,15.36,943,101.95
c23e4418-7707-45b0-9ae2-aab7bbc13551,11/12/2016,Dec-16,12,2016,HELY-HUTCHINSON,Minor Dam,925,15.28,931,100.65
919deece-3bdb-467a-bc0c-6986b800283f,12/12/2016,Dec-16,12,2016,HELY-HUTCHINSON,Minor Dam,925,15.25,926,100.11
ee9ca7c9-ca34-4101-b6e2-d226c0eafba5,13/12/2016,Dec-16,12,2016,HELY-HUTCHINSON,Minor Dam,925,15.24,925,100
fcb80809-2515-48a5-92bd-8fd4f9ac1d46,14/12/2016,Dec-16,12,2016,HELY-HUTCHINSON,Minor Dam,925,15.24,925,100
df2ba285-f6e5-4e67-a7ad-417bc2bb93b1,15/12/2016,Dec-16,12,2016,HELY-HUTCHINSON,Minor Dam,925,15.23,923,99.78
31746a7d-01d5-4966-b646-bd036e7b64d5,16/12/2016,Dec-16,12,2016,HELY-HUTCHINSON,Minor Dam,925,15.22,922,99.68
8ae47c00-054f-469c-be9c-80fa665795fe,17/12/2016,Dec-16,12,2016,HELY-HUTCHINSON,Minor Dam,925,15.21,920,99.46
f825ebe4-04dc-4a99-94cd-24d84e3c17be,18/12/2016,Dec-16,12,2016,HELY-HUTCHINSON,Minor Dam,925,15.21,920,99.46
f3a4b29f-9eb3-4fd2-9bd3-f376c2a72b35,19/12/2016,Dec-16,12,2016,HELY-HUTCHINSON,Minor Dam,925,15.21,920,99.46
a4b6f23b-bc39-43f4-963a-67008d142320,20/12/2016,Dec-16,12,2016,HELY-HUTCHINSON,Minor Dam,925,15.2,918,99.24
b2ce846f-cb83-4f80-97f1-12aca2968037,21/12/2016,Dec-16,12,2016,HELY-HUTCHINSON,Minor Dam,925,15.19,917,99.14
a6d2ee74-0231-4541-81a8-e1cacc99c963,22/12/2016,Dec-16,12,2016,HELY-HUTCHINSON,Minor Dam,925,15.18,915,98.92
ad28d1c7-3238-4208-b918-7d4190ac18ba,23/12/2016,Dec-16,12,2016,HELY-HUTCHINSON,Minor Dam,925,15.17,914,98.81
8d0c2c07-559a-4c0d-b10b-68ea7f66495f,24/12/2016,Dec-16,12,2016,HELY-HUTCHINSON,Minor Dam,925,15.16,912,98.59
42a0f089-39d9-46f4-9986-6b8bd696180c,25/12/2016,Dec-16,12,2016,HELY-HUTCHINSON,Minor Dam,925,15.18,915,98.92
7d5a22fb-6f28-434b-98ab-34cc370f1993,26/12/2016,Dec-16,12,2016,HELY-HUTCHINSON,Minor Dam,925,15.18,915,98.92
0a8f5401-7bbc-453d-b4ea-d549198d4170,27/12/2016,Dec-16,12,2016,HELY-HUTCHINSON,Minor Dam,925,15.17,914,98.81
e59295dc-5c45-451f-85fb-22747b40e851,28/12/2016,Dec-16,12,2016,HELY-HUTCHINSON,Minor Dam,925,15.17,914,98.81
b7ec1545-7393-4aaa-969c-3c3811fecacd,29/12/2016,Dec-16,12,2016,HELY-HUTCHINSON,Minor Dam,925,15.17,914,98.81
3065fc0d-a46a-43e9-bd7f-2d40e6e9a2d7,30/12/2016,Dec-16,12,2016,HELY-HUTCHINSON,Minor Dam,925,15.17,914,98.81
2dc6df26-ecf7-42ed-9595-506826a3bc69,31/12/2016,Dec-16,12,2016,HELY-HUTCHINSON,Minor Dam,925,15.16,912,98.59
cd6f4ab7-5ed1-4d5b-9761-c1e2be139f87,01/01/2017,Jan-17,1,2017,HELY-HUTCHINSON,Minor Dam,925,15.15,911,98.49
e9fb06ad-fdb6-4695-9882-beaf8b0c6813,02/01/2017,Jan-17,1,2017,HELY-HUTCHINSON,Minor Dam,925,15.15,911,98.49
f31349a6-4740-43ac-b26d-3cb0000bc917,03/01/2017,Jan-17,1,2017,HELY-HUTCHINSON,Minor Dam,925,15.14,909,98.27
36f2316a-c85b-40a5-b7cc-705f96bb40f9,04/01/2017,Jan-17,1,2017,HELY-HUTCHINSON,Minor Dam,925,15.13,907,98.05
e1c3d94c-9bf7-4aef-9475-e8416060f861,05/01/2017,Jan-17,1,2017,HELY-HUTCHINSON,Minor Dam,925,15.13,907,98.05
3b384d80-2080-4d01-8e37-ca68d5b02f8a,06/01/2017,Jan-17,1,2017,HELY-HUTCHINSON,Minor Dam,925,15.13,907,98.05
450a6053-96c3-4b89-8a0d-bc3aa06a8dad,07/01/2017,Jan-17,1,2017,HELY-HUTCHINSON,Minor Dam,925,15.13,907,98.05
96fc5d24-d5ba-4716-a64a-bdb46edc66be,08/01/2017,Jan-17,1,2017,HELY-HUTCHINSON,Minor Dam,925,15.13,907,98.05
69c2adc4-9aba-4444-ba8f-9e24faad89b9,09/01/2017,Jan-17,1,2017,HELY-HUTCHINSON,Minor Dam,925,15.12,906,97.95
f046e85c-f291-48f7-be2c-c727639b2c8d,10/01/2017,Jan-17,1,2017,HELY-HUTCHINSON,Minor Dam,925,15.11,904,97.73
eb076477-efd1-4c59-8987-fb760de30997,11/01/2017,Jan-17,1,2017,HELY-HUTCHINSON,Minor Dam,925,15.1,903,97.62
c3acec09-97a0-4a7e-925c-47d0128ef3bc,12/01/2017,Jan-17,1,2017,HELY-HUTCHINSON,Minor Dam,925,15.09,901,97.41
37b268a4-d6ce-4d48-9ef8-0a32267dcced,13/01/2017,Jan-17,1,2017,HELY-HUTCHINSON,Minor Dam,925,15.08,900,97.3
0ef4e3f6-aeba-4e7e-b780-bacc8d74f1fa,14/01/2017,Jan-17,1,2017,HELY-HUTCHINSON,Minor Dam,925,15.07,898,97.08
12aa73b4-b42c-493d-b191-3198aa91391a,15/01/2017,Jan-17,1,2017,HELY-HUTCHINSON,Minor Dam,925,15.07,898,97.08
16220727-7759-4684-a691-02ceb5e869e7,16/01/2017,Jan-17,1,2017,HELY-HUTCHINSON,Minor Dam,925,15.06,896,96.86
9fdc7efe-f35d-4d18-8ef0-a123cf330d9a,17/01/2017,Jan-17,1,2017,HELY-HUTCHINSON,Minor Dam,925,15.05,895,96.76
d1e7d498-0904-469b-96a6-97d8bac6e08b,18/01/2017,Jan-17,1,2017,HELY-HUTCHINSON,Minor Dam,925,15.04,893,96.54
4c970add-8fb1-42d1-b761-37802dcef3b2,19/01/2017,Jan-17,1,2017,HELY-HUTCHINSON,Minor Dam,925,15.03,892,96.43
275dd702-fde9-484b-b1ee-1c7e1a378498,20/01/2017,Jan-17,1,2017,HELY-HUTCHINSON,Minor Dam,925,15.03,892,96.43
b053030f-ad8b-4bed-a094-5baf9a8d2ae2,21/01/2017,Jan-17,1,2017,HELY-HUTCHINSON,Minor Dam,925,15.03,892,96.43
465fdd97-ef86-4737-9478-3a9f5f31fc74,22/01/2017,Jan-17,1,2017,HELY-HUTCHINSON,Minor Dam,925,15.02,890,96.22
c445bb68-2115-46e7-b070-8cbef8f00704,23/01/2017,Jan-17,1,2017,HELY-HUTCHINSON,Minor Dam,925,15.01,889,96.11
c485a27d-73e6-4347-822d-cc3d3d2c4400,24/01/2017,Jan-17,1,2017,HELY-HUTCHINSON,Minor Dam,925,15,887,95.89
7bdbaa37-4c7a-4a45-832c-83d7ed836259,25/01/2017,Jan-17,1,2017,HELY-HUTCHINSON,Minor Dam,925,14.99,885,95.68
4692467b-a484-47c5-a1f7-9ed4ffd9fc5c,26/01/2017,Jan-17,1,2017,HELY-HUTCHINSON,Minor Dam,925,14.99,885,95.68
07c53bbe-73c0-4b0a-bf52-3c066ed1e87c,27/01/2017,Jan-17,1,2017,HELY-HUTCHINSON,Minor Dam,925,15,887,95.89
1c71ce04-1c69-4575-9e1c-b738865a04a0,28/01/2017,Jan-17,1,2017,HELY-HUTCHINSON,Minor Dam,925,15.02,890,96.22
498819b4-1ef4-48c9-ae45-1ca2f066232f,29/01/2017,Jan-17,1,2017,HELY-HUTCHINSON,Minor Dam,925,15.05,895,96.76
386e0a49-03f9-4074-92f4-1fe964719d39,30/01/2017,Jan-17,1,2017,HELY-HUTCHINSON,Minor Dam,925,15.05,895,96.76
47d079b2-2d05-4c50-9f36-5425b2c04109,31/01/2017,Jan-17,1,2017,HELY-HUTCHINSON,Minor Dam,925,15.07,898,97.08
b96403f9-be50-4872-bf3b-346085186a14,01/02/2017,Feb-17,2,2017,HELY-HUTCHINSON,Minor Dam,925,15.08,900,97.3
d0cf11ae-0cc7-4943-b6bb-84f91be8f110,02/02/2017,Feb-17,2,2017,HELY-HUTCHINSON,Minor Dam,925,15.08,900,97.3
2007ebd5-7607-4949-b06f-0e3399ae70ab,03/02/2017,Feb-17,2,2017,HELY-HUTCHINSON,Minor Dam,925,15.08,899.56,97.25
d4b2e35e-55c6-4673-9562-b9da77f8b569,04/02/2017,Feb-17,2,2017,HELY-HUTCHINSON,Minor Dam,925,15.03,891.72,96.4
5b3c5eb2-7450-4113-ba66-d18ef3cec47f,05/02/2017,Feb-17,2,2017,HELY-HUTCHINSON,Minor Dam,925,15.1,902.7,97.59
ed757869-70e3-4f71-88c2-c30be6044d9f,06/02/2017,Feb-17,2,2017,HELY-HUTCHINSON,Minor Dam,925,15.1,902.7,97.59
5a8e3107-4929-4104-b4c3-4fdd99cdd454,07/02/2017,Feb-17,2,2017,HELY-HUTCHINSON,Minor Dam,925,15.09,901.13,97.42
daba3762-50df-4734-bd3d-1a99b92c3090,08/02/2017,Feb-17,2,2017,HELY-HUTCHINSON,Minor Dam,925,15.09,901.13,97.42
8a893768-7505-4c4c-b17b-a825dbcaf7ee,09/02/2017,Feb-17,2,2017,HELY-HUTCHINSON,Minor Dam,925,15.09,901.13,97.42
73af85e1-b093-4fd7-a7ce-a41817b0fc76,10/02/2017,Feb-17,2,2017,HELY-HUTCHINSON,Minor Dam,925,15.08,899.56,97.25
287bff14-3b62-48e5-abce-4fdd81ccae6a,11/02/2017,Feb-17,2,2017,HELY-HUTCHINSON,Minor Dam,925,15.08,899.56,97.25
5f44f407-710b-4b65-8699-7aa0dc126b11,12/02/2017,Feb-17,2,2017,HELY-HUTCHINSON,Minor Dam,925,15.07,897.99,97.08
dce3328c-2b71-4f7e-9e5f-193f7587bcee,13/02/2017,Feb-17,2,2017,HELY-HUTCHINSON,Minor Dam,925,15.07,897.99,97.08
b87ba665-5e36-404f-9d27-cff0ecf7d68a,14/02/2017,Feb-17,2,2017,HELY-HUTCHINSON,Minor Dam,925,15.07,897.99,97.08
8f16abbc-2d30-48e3-9565-fa31654bb37f,15/02/2017,Feb-17,2,2017,HELY-HUTCHINSON,Minor Dam,925,15.06,896.42,96.91
0b38bc52-857e-4669-b476-de96dd086565,16/02/2017,Feb-17,2,2017,HELY-HUTCHINSON,Minor Dam,925,15.06,896.42,96.91
c1fca269-3792-467c-aa57-95545f527bb3,17/02/2017,Feb-17,2,2017,HELY-HUTCHINSON,Minor Dam,925,15.05,894.86,96.74
6509cc66-6491-49af-8ec6-4f6a64feac5d,18/02/2017,Feb-17,2,2017,HELY-HUTCHINSON,Minor Dam,925,15.04,893.29,96.57
60c408c5-d1ec-4c9a-a79c-51245018afa6,19/02/2017,Feb-17,2,2017,HELY-HUTCHINSON,Minor Dam,925,15.04,893.29,96.57
ebd3b58d-423f-447f-a810-d9bfcac97d12,20/02/2017,Feb-17,2,2017,HELY-HUTCHINSON,Minor Dam,925,15.03,891.72,96.4
513ca9a2-9330-4eb6-a18e-900e4f352027,21/02/2017,Feb-17,2,2017,HELY-HUTCHINSON,Minor Dam,925,15.02,890.15,96.23
85533d9d-a9c1-418e-83d8-2a312524f2fb,22/02/2017,Feb-17,2,2017,HELY-HUTCHINSON,Minor Dam,925,15.01,888.58,96.06
4ba12888-9c0d-465d-a282-8ea4f4f4c2cb,23/02/2017,Feb-17,2,2017,HELY-HUTCHINSON,Minor Dam,925,15.01,888.58,96.06
340bcb44-fe37-4aeb-b9aa-d18c9e2233ef,24/02/2017,Feb-17,2,2017,HELY-HUTCHINSON,Minor Dam,925,15,887.02,95.89
1547ad0d-e4a2-4546-9ce6-9bdbdcbb5a6c,25/02/2017,Feb-17,2,2017,HELY-HUTCHINSON,Minor Dam,925,15,887.02,95.89
c400da87-96eb-4901-9095-59c3a9006c34,26/02/2017,Feb-17,2,2017,HELY-HUTCHINSON,Minor Dam,925,14.98,883.88,95.55
ccdf4d61-7ccb-47b7-9baf-00f01b4895b2,27/02/2017,Feb-17,2,2017,HELY-HUTCHINSON,Minor Dam,925,14.98,883.88,95.55
5328e1c0-09cb-41bd-b828-a0030ed8dcb0,28/02/2017,Feb-17,2,2017,HELY-HUTCHINSON,Minor Dam,925,14.97,882.31,95.38
aac92edd-203f-484d-ab8d-3b7d79cf65a7,01/03/2017,Mar-17,3,2017,HELY-HUTCHINSON,Minor Dam,925,14.96,880.74,95.22
dc7030a9-2f9d-4b69-9d5f-b586d4a81853,02/03/2017,Mar-17,3,2017,HELY-HUTCHINSON,Minor Dam,925,14.95,879,95.03
184dd9d9-6150-4fbd-a03f-5bc7b42b5bbe,03/03/2017,Mar-17,3,2017,HELY-HUTCHINSON,Minor Dam,925,14.94,877.61,94.88
32b521e6-57eb-4698-a56e-ab7a2d36bdb2,04/03/2017,Mar-17,3,2017,HELY-HUTCHINSON,Minor Dam,925,14.94,877.61,94.88
e271fdcd-f471-4a91-8fb9-3efea8574de0,05/03/2017,Mar-17,3,2017,HELY-HUTCHINSON,Minor Dam,925,14.94,877.61,94.88
136ac725-1ec2-4f13-b652-ebdc84744df2,06/03/2017,Mar-17,3,2017,HELY-HUTCHINSON,Minor Dam,925,14.94,877.61,94.88
c10cfbfc-a732-4015-a2cc-f088dddfa62b,07/03/2017,Mar-17,3,2017,HELY-HUTCHINSON,Minor Dam,925,14.93,876.04,94.71
71be4d5b-3ec0-4e63-aec9-59bb991078db,08/03/2017,Mar-17,3,2017,HELY-HUTCHINSON,Minor Dam,925,14.92,874.47,94.54
baa97f3d-35aa-4d23-ab5c-8e22e67253f3,09/03/2017,Mar-17,3,2017,HELY-HUTCHINSON,Minor Dam,925,14.91,872.9,94.37
ba30ca1b-c343-45f3-aa7a-049b98d5c16a,10/03/2017,Mar-17,3,2017,HELY-HUTCHINSON,Minor Dam,925,14.9,871.34,94.2
b1f5ed89-16a9-47cf-a0c7-be762cd5c9f9,11/03/2017,Mar-17,3,2017,HELY-HUTCHINSON,Minor Dam,925,14.89,869.81,94.03
55634375-3928-43c0-8589-6403837f52bb,12/03/2017,Mar-17,3,2017,HELY-HUTCHINSON,Minor Dam,925,14.89,869.81,94.03
f6bd41cc-5556-463e-b212-3d1686a1ed2d,13/03/2017,Mar-17,3,2017,HELY-HUTCHINSON,Minor Dam,925,14.89,869.81,94.03
fb1dc34b-66c7-45ec-940c-6214681a8111,14/03/2017,Mar-17,3,2017,HELY-HUTCHINSON,Minor Dam,925,14.88,868.29,93.87
8f4980fe-d7b8-4a92-bd40-ef8d74c35b8f,15/03/2017,Mar-17,3,2017,HELY-HUTCHINSON,Minor Dam,925,14.88,868.29,93.87
de4c1f40-45a2-4c69-9467-6f428e4da8b9,16/03/2017,Mar-17,3,2017,HELY-HUTCHINSON,Minor Dam,925,14.89,869.81,94.03
9ab357e1-4984-45df-9e5b-1fa929327641,17/03/2017,Mar-17,3,2017,HELY-HUTCHINSON,Minor Dam,925,14.9,871.34,94.2
de000dfd-f2bd-47f3-b389-564db935ed53,18/03/2017,Mar-17,3,2017,HELY-HUTCHINSON,Minor Dam,925,14.91,872.9,94.37
499a7720-4ad3-4a1e-88bb-9770106a883a,19/03/2017,Mar-17,3,2017,HELY-HUTCHINSON,Minor Dam,925,14.92,874.47,94.54
4a754027-7858-41e3-8487-f5e8a52d16bc,20/03/2017,Mar-17,3,2017,HELY-HUTCHINSON,Minor Dam,925,14.93,876.04,94.71
52f02e7c-9e31-4ec7-8c81-88efd9bc05a0,21/03/2017,Mar-17,3,2017,HELY-HUTCHINSON,Minor Dam,925,14.92,874.47,94.54
a15dfbed-bcc4-4e2f-ae42-607b05801bf5,22/03/2017,Mar-17,3,2017,HELY-HUTCHINSON,Minor Dam,925,14.91,872.9,94.37
e5b409ed-4fc3-43f8-8161-346d7e2d7356,23/03/2017,Mar-17,3,2017,HELY-HUTCHINSON,Minor Dam,925,14.9,871.34,94.2
04f8c820-73b7-445c-9a3f-eb03b2e8f8a7,24/03/2017,Mar-17,3,2017,HELY-HUTCHINSON,Minor Dam,925,14.9,871.34,94.2
ce638188-40ac-4674-ba0b-ee5599974c3a,25/03/2017,Mar-17,3,2017,HELY-HUTCHINSON,Minor Dam,925,14.91,872.9,94.37
318b4246-a20d-481b-8bc2-3aff268c7704,26/03/2017,Mar-17,3,2017,HELY-HUTCHINSON,Minor Dam,925,14.91,872.9,94.37
9c0a7885-fe30-4fad-a790-b51897776cc9,27/03/2017,Mar-17,3,2017,HELY-HUTCHINSON,Minor Dam,925,14.9,871.34,94.2
ba384528-1485-47a6-8614-3233fa425250,28/03/2017,Mar-17,3,2017,HELY-HUTCHINSON,Minor Dam,925,14.9,871.34,94.2
cc9adc71-a889-48d5-939c-620c33683661,29/03/2017,Mar-17,3,2017,HELY-HUTCHINSON,Minor Dam,925,14.9,871.34,94.2
ee06f45c-8f45-4b8d-8134-1b2197ca35db,30/03/2017,Mar-17,3,2017,HELY-HUTCHINSON,Minor Dam,925,14.9,871.34,94.2
93bcb577-29d1-41d1-95a0-81b883b44329,31/03/2017,Mar-17,3,2017,HELY-HUTCHINSON,Minor Dam,925,14.9,871.34,94.2
09c7b7af-19db-4d9e-ac5d-ce42e40a7f6a,01/04/2017,Apr-17,4,2017,HELY-HUTCHINSON,Minor Dam,925,14.9,871.34,94.2
583a17a3-f5cf-4adf-a3d6-a8a994ac7735,02/04/2017,Apr-17,4,2017,HELY-HUTCHINSON,Minor Dam,925,14.93,876.04,94.71
26410c6d-3fee-4771-8693-af1c5ea4c621,03/04/2017,Apr-17,4,2017,HELY-HUTCHINSON,Minor Dam,925,14.93,876.04,94.71
7b5f7ca2-3764-4a79-8860-6422f1bcc214,04/04/2017,Apr-17,4,2017,HELY-HUTCHINSON,Minor Dam,925,14.92,874.47,94.54
c1688083-3d35-4aef-99a3-a48b47f9185a,05/04/2017,Apr-17,4,2017,HELY-HUTCHINSON,Minor Dam,925,14.92,874.47,94.54
ca8c2573-6add-412d-8f14-691080833509,06/04/2017,Apr-17,4,2017,HELY-HUTCHINSON,Minor Dam,925,14.92,874.47,94.54
224ccb41-f0f9-4652-8fb9-36ccd14070f4,07/04/2017,Apr-17,4,2017,HELY-HUTCHINSON,Minor Dam,925,14.92,874.47,94.54
7b9387b2-d0cd-4fec-9bec-67f580615ced,08/04/2017,Apr-17,4,2017,HELY-HUTCHINSON,Minor Dam,925,14.91,872.9,94.37
184b037c-f650-466e-878f-bebbf5b2c485,09/04/2017,Apr-17,4,2017,HELY-HUTCHINSON,Minor Dam,925,14.91,872.9,94.37
1573bf51-430c-406a-88c9-7271cd116338,10/04/2017,Apr-17,4,2017,HELY-HUTCHINSON,Minor Dam,925,14.9,871.34,94.2
bc5d3f39-5221-43ed-b1ee-feebf60baf5f,11/04/2017,Apr-17,4,2017,HELY-HUTCHINSON,Minor Dam,925,14.91,872.9,94.37
2b8480aa-0132-4017-86da-43e5c9d538b6,12/04/2017,Apr-17,4,2017,HELY-HUTCHINSON,Minor Dam,925,14.95,879.18,95.05
915f4a95-58b0-4de6-9b80-ef0b46964976,13/04/2017,Apr-17,4,2017,HELY-HUTCHINSON,Minor Dam,925,14.95,879.18,95.05
2fc4c8eb-2e18-40c6-9fe4-508e0cacf28e,14/04/2017,Apr-17,4,2017,HELY-HUTCHINSON,Minor Dam,925,15.05,894.86,96.74
3d563510-09fd-4407-95b7-85c8b0d12e92,15/04/2017,Apr-17,4,2017,HELY-HUTCHINSON,Minor Dam,925,15.13,907.4,98.1
36fc92c9-7b13-46fa-91a7-e18383ce0024,16/04/2017,Apr-17,4,2017,HELY-HUTCHINSON,Minor Dam,925,15.12,905.83,97.93
459703d9-31ce-4a9a-9d11-bedc553f4998,17/04/2017,Apr-17,4,2017,HELY-HUTCHINSON,Minor Dam,925,15.12,905.83,97.93
cad6a67b-56fe-4cce-8899-92ba93e55bd5,18/04/2017,Apr-17,4,2017,HELY-HUTCHINSON,Minor Dam,925,15.12,905.83,97.93
6eb76050-59a7-4302-9dc7-67c5260891e9,19/04/2017,Apr-17,4,2017,HELY-HUTCHINSON,Minor Dam,925,15.18,915.24,98.94
7fcf6254-5e30-4d1a-9f01-d9845ffe7ebc,20/04/2017,Apr-17,4,2017,HELY-HUTCHINSON,Minor Dam,925,15.18,915.24,98.94
81c307b3-d98c-47ee-8bcf-c076ef05f072,21/04/2017,Apr-17,4,2017,HELY-HUTCHINSON,Minor Dam,925,15.17,913.67,98.78
040973ef-6b4e-43df-af24-92a47cc888cd,22/04/2017,Apr-17,4,2017,HELY-HUTCHINSON,Minor Dam,925,15.17,913.67,98.78
97c47006-51c6-4a79-815e-ae340686a4b8,23/04/2017,Apr-17,4,2017,HELY-HUTCHINSON,Minor Dam,925,15.17,913.67,98.78
cb673d91-d333-472e-9ed6-c2a42645af42,24/04/2017,Apr-17,4,2017,HELY-HUTCHINSON,Minor Dam,925,15.17,913.67,98.78
40df0dee-4c65-4d2b-ac42-daaa57c4bfad,25/04/2017,Apr-17,4,2017,HELY-HUTCHINSON,Minor Dam,925,15.17,913.67,98.78
19480bf6-189c-4284-8ec9-bf9b917725bc,26/04/2017,Apr-17,4,2017,HELY-HUTCHINSON,Minor Dam,925,15.17,913.67,98.78
3913763e-cb6d-4938-8a15-f7f9901a8d7a,27/04/2017,Apr-17,4,2017,HELY-HUTCHINSON,Minor Dam,925,15.17,913.67,98.78
3d817b77-f2ec-49ba-91b0-e14ee91b20e4,28/04/2017,Apr-17,4,2017,HELY-HUTCHINSON,Minor Dam,925,15.19,916.81,99.11
c4573f31-c8dd-4369-8b7d-79bc55e3e86b,29/04/2017,Apr-17,4,2017,HELY-HUTCHINSON,Minor Dam,925,15.18,915.24,98.94
ce5faf59-3e66-4584-b1f6-635a34f685f1,30/04/2017,Apr-17,4,2017,HELY-HUTCHINSON,Minor Dam,925,15.17,913.67,98.78
623e1ddc-c187-42cf-9751-f587ddc737a3,01/05/2017,May-17,5,2017,HELY-HUTCHINSON,Minor Dam,925,15.16,912.1,98.61
0148c942-547e-4608-a0d2-a4bfb83f1d9d,02/05/2017,May-17,5,2017,HELY-HUTCHINSON,Minor Dam,925,15.16,912.1,98.61
9413f556-ebc0-450c-bf8a-af1a6dac882e,03/05/2017,May-17,5,2017,HELY-HUTCHINSON,Minor Dam,925,15.2,918.37,99.28
031c490f-a17b-43c7-87fa-4af2ed5fc199,04/05/2017,May-17,5,2017,HELY-HUTCHINSON,Minor Dam,925,15.16,912.1,98.61
709c6fb2-ee06-42a6-a314-5ed71c4206ec,05/05/2017,May-17,5,2017,HELY-HUTCHINSON,Minor Dam,925,15.16,912.1,98.61
da538fcd-e352-4e8e-bfd0-1ad8f90b524f,06/05/2017,May-17,5,2017,HELY-HUTCHINSON,Minor Dam,925,15.15,910.54,98.44
437736d5-ad4d-4c52-b7e5-9d020aca03dc,07/05/2017,May-17,5,2017,HELY-HUTCHINSON,Minor Dam,925,15.16,912.1,98.61
d9d99e48-ed15-4d54-99a8-08230949ce15,08/08/2017,Aug-17,8,2017,HELY-HUTCHINSON,Minor Dam,925,15.17,913.67,98.78
55e3b01e-1d59-4a36-b5f4-f736ed528515,09/05/2017,May-17,5,2017,HELY-HUTCHINSON,Minor Dam,925,15.17,913.67,98.78
930431c3-b111-4aba-aa17-a22927ac0359,10/05/2017,May-17,5,2017,HELY-HUTCHINSON,Minor Dam,925,15.16,912.1,98.61
adfdf2d0-0679-4de3-93e4-3d9d69513141,11/05/2017,May-17,5,2017,HELY-HUTCHINSON,Minor Dam,925,15.16,912.1,98.61
aba7e89f-21b6-490c-8e3f-269c0f593cd2,12/05/2017,May-17,5,2017,HELY-HUTCHINSON,Minor Dam,925,15.17,913.67,98.78
69659df8-32a4-4549-b145-f1d5759a9a4f,13/05/2017,May-17,5,2017,HELY-HUTCHINSON,Minor Dam,925,15.18,915.24,98.94
f215305d-d3c4-483b-a738-c730c602028d,14/05/2017,May-17,5,2017,HELY-HUTCHINSON,Minor Dam,925,15.16,912.1,98.61
ad78f4b1-2be4-4882-bc61-0d7697bb107d,15/05/2017,May-17,5,2017,HELY-HUTCHINSON,Minor Dam,925,15.16,912.1,98.61
4e840d36-faa6-4655-9da9-6cc7643ecf81,16/05/2017,May-17,5,2017,HELY-HUTCHINSON,Minor Dam,925,15.16,912.1,98.61
cd16b76b-40f5-463d-8ed5-e53dc8e9a416,17/05/2017,May-17,5,2017,HELY-HUTCHINSON,Minor Dam,925,15.16,912.1,98.61
a32e9df1-849a-44fd-83f3-d73f7f9d695d,18/05/2017,May-17,5,2017,HELY-HUTCHINSON,Minor Dam,925,15.16,912.1,98.61
edd0364b-2f6b-40f3-9905-57f79e31aa37,19/05/2017,May-17,5,2017,HELY-HUTCHINSON,Minor Dam,925,15.15,910.54,98.44
b4a01df4-769c-432c-ba6c-1854a50bac3f,20/05/2017,May-17,5,2017,HELY-HUTCHINSON,Minor Dam,925,15.14,908.97,98.27
3a496477-1422-44c4-8934-dff56c11356c,21/05/2017,May-17,5,2017,HELY-HUTCHINSON,Minor Dam,925,15.14,908.97,98.27
693ca535-7806-490d-bc1c-9ae9ba34563f,22/05/2017,May-17,5,2017,HELY-HUTCHINSON,Minor Dam,925,15.14,908.97,98.27
1ef87251-016a-4893-8382-2fca25350efc,23/05/2017,May-17,5,2017,HELY-HUTCHINSON,Minor Dam,925,15.14,908.97,98.27
1d402e8b-f240-43ad-87bb-e805e2f23461,24/05/2017,May-17,5,2017,HELY-HUTCHINSON,Minor Dam,925,15.13,907.4,98.1
fe2babf2-2cec-4282-b741-899031968100,25/05/2017,May-17,5,2017,HELY-HUTCHINSON,Minor Dam,925,15.13,907.4,98.1
b97ce9fb-054c-4d91-b7e7-78c10650906b,26/05/2017,May-17,5,2017,HELY-HUTCHINSON,Minor Dam,925,15.13,907.4,98.1
08b8a7b7-82e1-4d3b-91ab-773d11f48c6f,27/05/2017,May-17,5,2017,HELY-HUTCHINSON,Minor Dam,925,15.13,907.4,98.1
9f03b544-2935-436e-ad40-3155d73a57c4,28/05/2017,May-17,5,2017,HELY-HUTCHINSON,Minor Dam,925,15.17,913.67,98.78
35b0d3f6-bd68-4036-bf12-2060e82cc911,29/05/2017,May-17,5,2017,HELY-HUTCHINSON,Minor Dam,925,15.18,915.24,98.94
10b0589e-6810-45ff-b590-8c34587e994f,30/05/2017,May-17,5,2017,HELY-HUTCHINSON,Minor Dam,925,15.16,912.1,98.61
94d71570-d72c-4784-8a09-b91752e83c13,31/05/2017,May-17,5,2017,HELY-HUTCHINSON,Minor Dam,925,15.15,910.54,98.44
3b059b7a-0cae-4681-a9b6-1af1a39454ad,01/06/2017,Jun-17,6,2017,HELY-HUTCHINSON,Minor Dam,925,15.14,908.97,98.27
e73e78be-5315-4489-8066-64834400d0ba,02/06/2017,Jun-17,6,2017,HELY-HUTCHINSON,Minor Dam,925,15.13,907.4,98.1
b7730c4f-f804-4e2d-bc2a-c797b3d62e2d,03/06/2017,Jun-17,6,2017,HELY-HUTCHINSON,Minor Dam,925,15.12,905.83,97.93
9881f762-9233-4e46-be91-70228cf3cbd9,04/06/2017,Jun-17,6,2017,HELY-HUTCHINSON,Minor Dam,925,15.12,905.83,97.93
a6fd6b20-f871-46a4-a9a8-c60584e43338,05/06/2017,Jun-17,6,2017,HELY-HUTCHINSON,Minor Dam,925,15.15,910.54,98.44
3e1184c9-43f1-4dd1-8b44-fa5204e75c49,06/06/2017,Jun-17,6,2017,HELY-HUTCHINSON,Minor Dam,925,15.16,912.1,98.61
947f3861-c0cc-4202-aa9a-6189c183534a,07/06/2017,Jun-17,6,2017,HELY-HUTCHINSON,Minor Dam,925,15.15,910.54,98.44
215ec740-b075-4dcb-a13b-cf6cd8c7d1e7,08/06/2017,Jun-17,6,2017,HELY-HUTCHINSON,Minor Dam,925,15.18,915.24,98.94
f51be3f5-549f-4b42-9834-33f5e082d09c,09/06/2017,Jun-17,6,2017,HELY-HUTCHINSON,Minor Dam,925,15.28,930.92,100.64
f576e85b-4057-4beb-90f4-8375f35dbe4e,10/06/2017,Jun-17,6,2017,HELY-HUTCHINSON,Minor Dam,925,15.28,930.92,100.64
b6d893de-d315-4d6a-96ad-fa21b16f0131,11/06/2017,Jun-17,6,2017,HELY-HUTCHINSON,Minor Dam,925,15.26,927.78,100.3
376fc117-df5b-4f72-a07b-b3aa30c30c44,12/06/2017,Jun-17,6,2017,HELY-HUTCHINSON,Minor Dam,925,15.27,929.35,100.47
bf32b023-e17c-4a14-926d-ebe9a37b9f30,13/06/2017,Jun-17,6,2017,HELY-HUTCHINSON,Minor Dam,925,15.31,935.62,101.15
e960bdcf-f1f9-47e8-9410-c29d07be2f86,14/06/2017,Jun-17,6,2017,HELY-HUTCHINSON,Minor Dam,925,15.47,960.71,103.86
8133ee4f-3e67-4c58-a64e-86bc59110e7b,15/06/2017,Jun-17,6,2017,HELY-HUTCHINSON,Minor Dam,925,15.3,934.05,100.98
45d956c1-2365-4e07-b321-f10b4a48dc5c,16/06/2017,Jun-17,6,2017,HELY-HUTCHINSON,Minor Dam,925,15.29,932.49,100.81
bde8a66d-eb7a-46f0-830c-ff54744ed33c,17/06/2017,Jun-17,6,2017,HELY-HUTCHINSON,Minor Dam,925,15.29,932.49,100.81
6e5a8c5c-1c9f-4ecd-97f7-2cfd0e1d8f50,18/06/2017,Jun-17,6,2017,HELY-HUTCHINSON,Minor Dam,925,15.29,932.49,100.81
468ef57a-a290-43bb-88ad-69b12e76cd17,19/06/2017,Jun-17,6,2017,HELY-HUTCHINSON,Minor Dam,925,15.24,924.65,99.96
2dcd20df-1a67-4bff-8504-ec4db0c06cfc,20/06/2017,Jun-17,6,2017,HELY-HUTCHINSON,Minor Dam,925,15.25,926.21,100.13
06343c55-682e-4302-85ea-bde500c02963,21/06/2017,Jun-17,6,2017,HELY-HUTCHINSON,Minor Dam,925,15.29,932.49,100.81
dcef640a-a543-4d6c-85f3-2730ace69892,22/06/2017,Jun-17,6,2017,HELY-HUTCHINSON,Minor Dam,925,15.29,932.49,100.81
b1cb60ac-663e-4164-921c-5d85f5f64d44,23/06/2017,Jun-17,6,2017,HELY-HUTCHINSON,Minor Dam,925,15.37,945.03,102.17
39179e37-0891-442f-8bc1-b0274d52e7f0,24/06/2017,Jun-17,6,2017,HELY-HUTCHINSON,Minor Dam,925,15.24,924.65,99.96
e225f99f-6043-4cf3-9480-33a60528fb2a,25/06/2017,Jun-17,6,2017,HELY-HUTCHINSON,Minor Dam,925,15.25,926.21,100.13
844071e3-5d20-4f40-b8b8-ed1081076a9a,26/06/2017,Jun-17,6,2017,HELY-HUTCHINSON,Minor Dam,925,15.23,923.08,99.79
475be334-5bf6-421e-908f-ab80879dac88,27/06/2017,Jun-17,6,2017,HELY-HUTCHINSON,Minor Dam,925,15.23,923.08,99.79
7c37cf65-5979-450c-8f91-bf45a85d43a3,28/06/2017,Jun-17,6,2017,HELY-HUTCHINSON,Minor Dam,925,15.23,923.08,99.79
cdadc794-6cd8-4f43-816b-815e669eefd9,29/06/2017,Jun-17,6,2017,HELY-HUTCHINSON,Minor Dam,925,15.26,927.78,100.3
3bae8f86-a984-422b-8182-f1f8fe822500,30/06/2017,Jun-17,6,2017,HELY-HUTCHINSON,Minor Dam,925,15.24,924.65,99.96
543106b9-da76-49a2-b562-27f7e71c3f8f,01/07/2017,Jul-17,7,2017,HELY-HUTCHINSON,Minor Dam,925,15.26,927.78,100.3
266ba0f5-c066-4c07-ad09-2dba75c20ba7,02/07/2017,Jul-17,7,2017,HELY-HUTCHINSON,Minor Dam,925,15.26,927.78,100.3
4e026ebe-cd11-452a-9081-4f638fdb89d8,03/07/2017,Jul-17,7,2017,HELY-HUTCHINSON,Minor Dam,925,15.26,927.78,100.3
d976152b-7566-4b9c-be3c-2b402aeabc50,04/07/2017,Jul-17,7,2017,HELY-HUTCHINSON,Minor Dam,925,15.28,930.92,100.64
50486a53-d6fb-4fc8-b00d-c6db28a6695b,05/07/2017,Jul-17,7,2017,HELY-HUTCHINSON,Minor Dam,925,15.26,927.78,100.3
d1988c7a-0749-4c66-ae75-d0e0d5fd8ad4,06/07/2017,Jul-17,7,2017,HELY-HUTCHINSON,Minor Dam,925,15.24,924.65,99.96
c96f1453-77d1-4ff0-a10b-4451941289f3,07/07/2017,Jul-17,7,2017,HELY-HUTCHINSON,Minor Dam,925,15.24,924.65,99.96
47ce2582-78ac-4c1f-8e8b-79bd5bcf60e3,08/07/2017,Jul-17,7,2017,HELY-HUTCHINSON,Minor Dam,925,15.23,923.08,99.79
defc6463-75be-4217-87b4-5ca70e25eb6d,09/07/2017,Jul-17,7,2017,HELY-HUTCHINSON,Minor Dam,925,15.23,923.08,99.79
b80c9091-91ab-4eaf-b9c3-c452b8329908,10/07/2017,Jul-17,7,2017,HELY-HUTCHINSON,Minor Dam,925,15.3,934.05,100.98
26d49f8d-5909-4e61-8400-6fcb91a845d7,11/07/2017,Jul-17,7,2017,HELY-HUTCHINSON,Minor Dam,925,15.28,930.92,100.64
b582efd4-e8a9-4f8a-8ba6-a4d87224c0f9,12/07/2017,Jul-17,7,2017,HELY-HUTCHINSON,Minor Dam,925,15.26,927.78,100.3
bb456620-6fdc-499b-9c8a-1d1aa93f9fcb,13/07/2017,Jul-17,7,2017,HELY-HUTCHINSON,Minor Dam,925,15.24,924.65,99.96
2da4bafd-eaff-43ac-86b2-513c2179e8e4,14/07/2017,Jul-17,7,2017,HELY-HUTCHINSON,Minor Dam,925,15.24,924.65,99.96
ffb58bcc-ae9c-4c2f-9be6-54e06ef8235d,15/07/2017,Jul-17,7,2017,HELY-HUTCHINSON,Minor Dam,925,15.24,924.65,99.96
8f541b7f-7547-47d8-83f7-8f705fe4cc58,16/07/2017,Jul-17,7,2017,HELY-HUTCHINSON,Minor Dam,925,15.26,927.78,100.3
783f6a0f-a15f-4bf0-bd16-e4b9139fb3e3,17/07/2017,Jul-17,7,2017,HELY-HUTCHINSON,Minor Dam,925,15.32,937.19,101.32
fb09f4f6-fe52-429c-b757-3ee8aa607afd,18/07/2017,Jul-17,7,2017,HELY-HUTCHINSON,Minor Dam,925,15.26,927.78,100.3
49310be5-1b3d-43d0-8adf-8704ec9968e0,19/07/2017,Jul-17,7,2017,HELY-HUTCHINSON,Minor Dam,925,15.24,924.65,99.96
deda3734-021b-4dbf-87e0-81031938ee11,20/07/2017,Jul-17,7,2017,HELY-HUTCHINSON,Minor Dam,925,15.24,924.65,99.96
c39dcf72-b5a1-4f5f-8abb-e580c2482781,21/07/2017,Jul-17,7,2017,HELY-HUTCHINSON,Minor Dam,925,15.28,930.92,100.64
0ef1af4e-c4d5-44fc-86d6-38a7399307af,22/07/2017,Jul-17,7,2017,HELY-HUTCHINSON,Minor Dam,925,15.26,927.78,100.3
24c3829f-fd6f-4ba2-8dc3-3730453f66b3,23/07/2017,Jul-17,7,2017,HELY-HUTCHINSON,Minor Dam,925,15.25,926.21,100.13
4328984d-3514-4042-a08f-6f8900000dbd,24/07/2017,Jul-17,7,2017,HELY-HUTCHINSON,Minor Dam,925,15.24,924.65,99.96
fc266c76-6b82-4055-ac82-5974943e2a3d,25/07/2017,Jul-17,7,2017,HELY-HUTCHINSON,Minor Dam,925,15.24,924.65,99.96
c3ba7b58-eb08-4b7b-9de1-522a9874d7b5,26/07/2017,Jul-17,7,2017,HELY-HUTCHINSON,Minor Dam,925,15.24,924.65,99.96
58c151e4-c6b0-4b0c-8f34-1c178c80b1b1,27/07/2017,Jul-17,7,2017,HELY-HUTCHINSON,Minor Dam,925,15.26,927.78,100.3
98fa18a9-1c2d-46f4-89e5-d61b4809879a,28/07/2017,Jul-17,7,2017,HELY-HUTCHINSON,Minor Dam,925,15.26,927.78,100.3
9e6ae507-b99c-4e77-b5d7-7cea747f0d4a,29/07/2017,Jul-17,7,2017,HELY-HUTCHINSON,Minor Dam,925,15.23,923.08,99.79
6a97af66-afc5-427e-b577-838250727c2b,30/07/2017,Jul-17,7,2017,HELY-HUTCHINSON,Minor Dam,925,15.23,923.08,99.79
6e1d2d2e-3a68-4270-9f39-484233a6fdae,31/07/2017,Jul-17,7,2017,HELY-HUTCHINSON,Minor Dam,925,15.23,923.08,99.79
e9fce5a8-7a98-4733-b37c-af64d6940831,01/08/2017,Aug-17,8,2017,HELY-HUTCHINSON,Minor Dam,925,15.22,921.51,99.62
989927a2-6ba9-40db-988f-32b8dcd17c61,02/08/2017,Aug-17,8,2017,HELY-HUTCHINSON,Minor Dam,925,15.22,921.51,99.62
be5d5c4b-45b1-4373-b272-54d3daeb0cbe,03/08/2017,Aug-17,8,2017,HELY-HUTCHINSON,Minor Dam,925,15.28,930.92,100.64
9e583628-cb07-4b01-808f-5f75ef46809c,04/08/2017,Aug-17,8,2017,HELY-HUTCHINSON,Minor Dam,925,15.29,932.49,100.81
a054b4c5-9d5f-4461-b257-7a784b88ba16,05/08/2017,Aug-17,8,2017,HELY-HUTCHINSON,Minor Dam,925,15.27,929.35,100.47
e1d68368-e844-4adb-a684-1228213dca34,06/08/2017,Aug-17,8,2017,HELY-HUTCHINSON,Minor Dam,925,15.24,924.65,99.96
3e2e5b03-7b4f-48f9-a780-41989a6df0f9,07/08/2017,Aug-17,8,2017,HELY-HUTCHINSON,Minor Dam,925,15.25,926.21,100.13
312c61e0-fb88-456c-808c-de86410ec8f8,08/08/2017,Aug-17,8,2017,HELY-HUTCHINSON,Minor Dam,925,15.24,924.65,99.96
d767c5db-7eca-4149-8dbe-27aba68712e9,09/08/2017,Aug-17,8,2017,HELY-HUTCHINSON,Minor Dam,925,15.24,924.65,99.96
0819081c-858e-44de-9bc0-9a4b7b3d778a,10/08/2017,Aug-17,8,2017,HELY-HUTCHINSON,Minor Dam,925,15.23,923.08,99.79
1058a0e2-c3f9-4454-8df1-e08393988c59,11/08/2017,Aug-17,8,2017,HELY-HUTCHINSON,Minor Dam,925,15.23,923.08,99.79
0c046729-2ba8-4ea0-8a0d-c91960073abe,12/08/2017,Aug-17,8,2017,HELY-HUTCHINSON,Minor Dam,925,15.29,932.49,100.81
cffbe9d1-27aa-488b-8cfa-bd81ec6f06e7,13/08/2017,Aug-17,8,2017,HELY-HUTCHINSON,Minor Dam,925,15.26,927.78,100.3
b3ceeaf4-e539-4ca2-9084-97646e6de3e8,14/08/2017,Aug-17,8,2017,HELY-HUTCHINSON,Minor Dam,925,15.25,926.21,100.13
ed761b74-ada0-4cf8-9aaf-ac1711e814ec,15/08/2017,Aug-17,8,2017,HELY-HUTCHINSON,Minor Dam,925,15.25,926.21,100.13
a14a88ff-c271-44c8-853e-d49f7650532c,16/08/2017,Aug-17,8,2017,HELY-HUTCHINSON,Minor Dam,925,15.28,930.92,100.64
36a5f721-4aac-4468-9760-4aedeb4b4eff,17/08/2017,Aug-17,8,2017,HELY-HUTCHINSON,Minor Dam,925,15.31,935.62,101.15
885c4c44-401d-4d80-9826-b2b9f9f4f8e9,18/08/2017,Aug-17,8,2017,HELY-HUTCHINSON,Minor Dam,925,15.29,932.49,100.81
045d869b-5d9d-4626-b5a2-5eeb709c0bbe,19/08/2017,Aug-17,8,2017,HELY-HUTCHINSON,Minor Dam,925,15.26,927.78,100.3
05e6b5a5-6011-484b-af0a-1f093bf33d95,20/08/2017,Aug-17,8,2017,HELY-HUTCHINSON,Minor Dam,925,15.25,926.21,100.13
057f0505-ad4f-4b98-9e42-df4a4df52108,21/08/2017,Aug-17,8,2017,HELY-HUTCHINSON,Minor Dam,925,15.24,924.65,99.96
7c749b90-41e6-4028-8451-3f60a49bd07f,22/08/2017,Aug-17,8,2017,HELY-HUTCHINSON,Minor Dam,925,15.24,924.65,99.96
d21b909f-7632-434f-aa5a-113511f25f80,23/08/2017,Aug-17,8,2017,HELY-HUTCHINSON,Minor Dam,925,15.25,926.21,100.13
9ef6ec65-eb03-45aa-9fe7-0ed4b72c6d8f,24/08/2017,Aug-17,8,2017,HELY-HUTCHINSON,Minor Dam,925,15.26,927.78,100.3
ab26cb21-4a2a-463a-a4c5-df3ea940de42,25/08/2017,Aug-17,8,2017,HELY-HUTCHINSON,Minor Dam,925,15.34,940.33,101.66
6b8d4f56-4495-401e-be4c-d80f74b0c36b,26/08/2017,Aug-17,8,2017,HELY-HUTCHINSON,Minor Dam,925,15.3,934.05,100.98
3cf5dd2d-a88b-4eb0-815d-ea515fb45857,27/08/2017,Aug-17,8,2017,HELY-HUTCHINSON,Minor Dam,925,15.26,927.78,100.3
f5d21199-8fb9-43bd-bb30-6f8fba4fc1ec,28/08/2017,Aug-17,8,2017,HELY-HUTCHINSON,Minor Dam,925,15.24,924.65,99.96
0c4474ec-120d-4c48-88cb-49aa4264ab04,29/08/2017,Aug-17,8,2017,HELY-HUTCHINSON,Minor Dam,925,15.24,924.65,99.96
ad880b40-786f-4e44-9004-dae779133657,30/08/2017,Aug-17,8,2017,HELY-HUTCHINSON,Minor Dam,925,15.23,923.08,99.79
73ad6af0-8cf7-4ef3-96c0-2df68c9497b5,31/08/2017,Aug-17,8,2017,HELY-HUTCHINSON,Minor Dam,925,15.28,930.92,100.64
d0aa5dfd-e7a3-48be-9739-60c97ab95f32,01/09/2017,Sep-17,9,2017,HELY-HUTCHINSON,Minor Dam,925,15.28,930.92,100.64
c18c543e-b831-4c36-a1a8-dfc59e327d5b,02/09/2017,Sep-17,9,2017,HELY-HUTCHINSON,Minor Dam,925,15.27,929.35,100.47
dea701b3-68d3-4b97-921c-8fbb8c86bfe3,03/09/2017,Sep-17,9,2017,HELY-HUTCHINSON,Minor Dam,925,15.24,924.65,99.96
745ee936-99d5-45fe-922f-166b9f0579de,04/09/2017,Sep-17,9,2017,HELY-HUTCHINSON,Minor Dam,925,15.23,923.08,99.79
19477149-3259-4db8-8da6-4331d099430c,05/09/2017,Sep-17,9,2017,HELY-HUTCHINSON,Minor Dam,925,15.22,921.51,99.62
6e2aec43-50fd-406d-bd70-34528da221cb,06/09/2017,Sep-17,9,2017,HELY-HUTCHINSON,Minor Dam,925,15.23,923.08,99.79
1fbcfd76-ff04-4c0e-a3cd-0155616c59b4,07/09/2017,Sep-17,9,2017,HELY-HUTCHINSON,Minor Dam,925,15.24,924.65,99.96
c9f327b7-c54a-429a-8f55-357fd85b7f8a,08/09/2017,Sep-17,9,2017,HELY-HUTCHINSON,Minor Dam,925,15.24,924.65,99.96
42a3c421-47be-4b9f-b94e-aa51a1d6dd9b,09/09/2017,Sep-17,9,2017,HELY-HUTCHINSON,Minor Dam,925,15.31,935.62,101.15
382c0d1f-0e41-42da-8f60-a8606dfabd1b,10/09/2017,Sep-17,9,2017,HELY-HUTCHINSON,Minor Dam,925,15.29,932.49,100.81
e821030d-1ddd-4465-91c2-fe713f1c46cb,11/09/2017,Sep-17,9,2017,HELY-HUTCHINSON,Minor Dam,925,15.24,924.65,99.96
3a5b4fc5-a662-47b8-8147-214654357a07,12/09/2017,Sep-17,9,2017,HELY-HUTCHINSON,Minor Dam,925,15.24,924.65,99.96
fd8bbc2e-a144-4478-9402-caff2424aa6c,13/09/2017,Sep-17,9,2017,HELY-HUTCHINSON,Minor Dam,925,15.24,924.65,99.96
320d55af-2bc4-40be-a520-053a68afda88,14/09/2017,Sep-17,9,2017,HELY-HUTCHINSON,Minor Dam,925,15.24,924.65,99.96
a200c198-272f-4fef-a307-15f79076aafa,15/09/2017,Sep-17,9,2017,HELY-HUTCHINSON,Minor Dam,925,15.24,924.65,99.96
cff91544-0345-4f9c-b74d-98dc203014e8,16/09/2017,Sep-17,9,2017,HELY-HUTCHINSON,Minor Dam,925,15.23,923.08,99.79
909c699f-977c-4c4b-8278-069939a61531,17/09/2017,Sep-17,9,2017,HELY-HUTCHINSON,Minor Dam,925,15.25,926.21,100.13
c9e6b8a1-1f9d-42bf-8665-62e195b23479,18/09/2017,Sep-17,9,2017,HELY-HUTCHINSON,Minor Dam,925,15.25,926.21,100.13
d452cf91-cabd-4f26-a3db-a117173e1520,19/09/2017,Sep-17,9,2017,HELY-HUTCHINSON,Minor Dam,925,15.24,924.65,99.96
103bb11e-0e24-4585-8b29-ebdd44561a4c,20/09/2017,Sep-17,9,2017,HELY-HUTCHINSON,Minor Dam,925,15.24,924.65,99.96
9355dfbf-657c-4b03-ad8c-6e300de547e2,21/09/2017,Sep-17,9,2017,HELY-HUTCHINSON,Minor Dam,925,15.24,924.65,99.96
c7f2373a-f38b-487b-8122-908a9c7b89f0,22/09/2017,Sep-17,9,2017,HELY-HUTCHINSON,Minor Dam,925,15.24,924.65,99.96
91cd8313-45ea-4729-a453-3a24bafc25ed,23/09/2017,Sep-17,9,2017,HELY-HUTCHINSON,Minor Dam,925,15.24,924.65,99.96
036348be-fbae-4295-937c-0a92936f8cd1,24/09/2017,Sep-17,9,2017,HELY-HUTCHINSON,Minor Dam,925,15.25,926.21,100.13
1804db07-1967-4656-a390-a6f051db4c85,25/09/2017,Sep-17,9,2017,HELY-HUTCHINSON,Minor Dam,925,15.24,924.65,99.96
39084429-ec94-479f-aff5-f1cd0beaf02e,26/09/2017,Sep-17,9,2017,HELY-HUTCHINSON,Minor Dam,925,15.24,924.65,99.96
21cc688e-da8d-4994-9640-a0d03f80f12c,27/09/2017,Sep-17,9,2017,HELY-HUTCHINSON,Minor Dam,925,15.25,926.21,100.13
5612598d-42d5-4286-8479-5fabb7baa62f,28/09/2017,Sep-17,9,2017,HELY-HUTCHINSON,Minor Dam,925,15.24,924.65,99.96
f96238f5-8877-4649-9588-4370fb0ea014,29/09/2017,Sep-17,9,2017,HELY-HUTCHINSON,Minor Dam,925,15.24,924.65,99.96
bc67d8ac-25f4-4514-9836-77be0b1bcca9,30/09/2017,Sep-17,9,2017,HELY-HUTCHINSON,Minor Dam,925,15.23,923.08,99.79
c9aa6447-3be0-473f-bbc3-2e912f06afbb,01/10/2017,Oct-17,10,2017,HELY-HUTCHINSON,Minor Dam,925,15.22,921.51,99.62
ef6eefbf-7ed6-481e-8833-c29c98444b45,02/10/2017,Oct-17,10,2017,HELY-HUTCHINSON,Minor Dam,925,15.22,921.51,99.62
8fcf6df9-f9ff-4c33-808d-48575ebd969f,03/10/2017,Oct-17,10,2017,HELY-HUTCHINSON,Minor Dam,925,15.22,921.51,99.62
d8f46b8a-536e-4aac-af70-ffb36151dcc1,04/10/2017,Oct-17,10,2017,HELY-HUTCHINSON,Minor Dam,925,15.24,924.65,99.96
cd22998b-6761-443c-bca6-17be8ac0f163,05/10/2017,Oct-17,10,2017,HELY-HUTCHINSON,Minor Dam,925,15.3,934.05,100.98
69faeac5-5fe7-413e-9611-0c89b75c71c5,06/10/2017,Oct-17,10,2017,HELY-HUTCHINSON,Minor Dam,925,15.27,929.35,100.47
0848f46e-81a5-4920-a604-d6b04da8fde5,07/10/2017,Oct-17,10,2017,HELY-HUTCHINSON,Minor Dam,925,15.25,926.21,100.13
b1c329aa-29af-444e-9782-e0ae7bde2b97,08/10/2017,Oct-17,10,2017,HELY-HUTCHINSON,Minor Dam,925,15.25,926.21,100.13
bd28b64d-44ee-43d7-aea7-6c974ece1427,09/10/2017,Oct-17,10,2017,HELY-HUTCHINSON,Minor Dam,925,15.28,930.92,100.64
12eb70a3-ba87-4682-8f67-d28683da85e2,10/10/2017,Oct-17,10,2017,HELY-HUTCHINSON,Minor Dam,925,15.28,930.92,100.64
1aa2b731-3689-4d5b-8f4e-557ed4584334,11/10/2017,Oct-17,10,2017,HELY-HUTCHINSON,Minor Dam,925,15.26,927.78,100.3
c9cd1fbe-7c13-4a4e-90fa-1322e6a90737,12/10/2017,Oct-17,10,2017,HELY-HUTCHINSON,Minor Dam,925,15.25,926.21,100.13
e66f9c9c-6c28-4a1c-ae36-0452fb4aeab5,13/10/2017,Oct-17,10,2017,HELY-HUTCHINSON,Minor Dam,925,15.24,924.65,99.96
d57ff309-185a-4402-9c7c-4f6467615b4c,14/10/2017,Oct-17,10,2017,HELY-HUTCHINSON,Minor Dam,925,15.24,924.65,99.96
5267d1f2-6b56-4578-b805-01143cb38c71,15/10/2017,Oct-17,10,2017,HELY-HUTCHINSON,Minor Dam,925,15.25,926.21,100.13
d2067928-32cb-48d0-b885-b33ffbcc9009,16/10/2017,Oct-17,10,2017,HELY-HUTCHINSON,Minor Dam,925,15.288,930.92,100.64
9d0842c2-75d8-48c7-99fc-0f7fc2f88d5d,17/10/2017,Oct-17,10,2017,HELY-HUTCHINSON,Minor Dam,925,15.27,929.35,100.47
6ebec7f3-2c4b-4220-8588-401aff78d546,18/10/2017,Oct-17,10,2017,HELY-HUTCHINSON,Minor Dam,925,15.26,927.78,100.3
abd24aee-a777-490c-814d-3486677790c7,19/10/2017,Oct-17,10,2017,HELY-HUTCHINSON,Minor Dam,925,15.26,927.78,100.3
bd111bdd-7a53-4afe-bd09-a3d30b64879e,20/10/2017,Oct-17,10,2017,HELY-HUTCHINSON,Minor Dam,925,15.27,929.35,100.47
146d8b96-2c3d-4bb6-9aa5-780a17ed1ff7,21/10/2017,Oct-17,10,2017,HELY-HUTCHINSON,Minor Dam,925,15.27,929.35,100.47
3241b00a-10a6-443f-a0db-cce2d5dd5240,22/10/2017,Oct-17,10,2017,HELY-HUTCHINSON,Minor Dam,925,15.24,924.65,99.96
84a0dc68-5536-447c-965e-b4a992e6a1c9,23/10/2017,Oct-17,10,2017,HELY-HUTCHINSON,Minor Dam,925,15.24,924.65,99.96
ccba6eff-9ce9-4679-b816-3625c9f76db6,24/10/2017,Oct-17,10,2017,HELY-HUTCHINSON,Minor Dam,925,15.24,924.65,99.96
cbb14278-8f9a-49e3-bc57-db04b73c9e7f,25/10/2017,Oct-17,10,2017,HELY-HUTCHINSON,Minor Dam,925,15.23,923.08,99.79
18dbaa9f-b9bf-4851-a72d-3ca889863ad0,26/10/2017,Oct-17,10,2017,HELY-HUTCHINSON,Minor Dam,925,15.27,929.35,100.47
edc69f95-b92d-4363-84d3-5c79e9e5d00c,27/10/2017,Oct-17,10,2017,HELY-HUTCHINSON,Minor Dam,925,15.28,930.92,100.64
0ff226f3-15af-4d3c-8a7d-3c8a9f32b542,28/10/2017,Oct-17,10,2017,HELY-HUTCHINSON,Minor Dam,925,15.26,927.78,100.3
d875ff71-79e0-4127-8463-6ee536c273de,29/10/2017,Oct-17,10,2017,HELY-HUTCHINSON,Minor Dam,925,15.26,927.78,100.3
7db4381e-5844-42c5-ac20-0b9a5bcd1542,30/10/2017,Oct-17,10,2017,HELY-HUTCHINSON,Minor Dam,925,15.25,926.21,100.13
a51f3b04-6501-4a7b-a1f9-b23d5fa91462,31/10/2017,Oct-17,10,2017,HELY-HUTCHINSON,Minor Dam,925,15.24,924.65,99.96
7af53bf6-8efc-4841-a4e7-596056475995,01/11/2017,Nov-17,11,2017,HELY-HUTCHINSON,Minor Dam,925,15.23,923.08,99.79
76c57eb0-3a42-463b-afb0-600b899c5435,02/11/2017,Nov-17,11,2017,HELY-HUTCHINSON,Minor Dam,925,15.23,923.08,99.79
c99b14b1-9630-4384-a515-7db98dac2975,03/11/2017,Nov-17,11,2017,HELY-HUTCHINSON,Minor Dam,925,15.23,923.08,99.79
bf87f9a9-df47-4a3e-9344-bb3a0caa0f89,04/11/2017,Nov-17,11,2017,HELY-HUTCHINSON,Minor Dam,925,15.25,926.21,100.13
00e975c7-9235-4b8d-a60e-dc584d16eb55,05/11/2017,Nov-17,11,2017,HELY-HUTCHINSON,Minor Dam,925,15.25,926.21,100.13
43296e30-c049-4aaa-a77f-f48aed3a9ceb,06/11/2017,Nov-17,11,2017,HELY-HUTCHINSON,Minor Dam,925,15.24,924.65,99.96
70fa84d2-160a-4985-9e6e-8ebe09d2f076,07/11/2017,Nov-17,11,2017,HELY-HUTCHINSON,Minor Dam,925,15.24,924.65,99.96
4948cee7-968b-479b-a0fc-ce989cffcd10,08/11/2017,Nov-17,11,2017,HELY-HUTCHINSON,Minor Dam,925,15.23,923.08,99.79
6d63e4d9-3b2d-479e-a1be-5d098375451e,09/11/2017,Nov-17,11,2017,HELY-HUTCHINSON,Minor Dam,925,15.23,923.08,99.79
e9483672-812f-4f5d-9cee-3c36ec7e805d,10/11/2017,Nov-17,11,2017,HELY-HUTCHINSON,Minor Dam,925,15.23,923.08,99.79
a79783f8-f875-4985-b6bb-1839dd1f50d5,11/11/2017,Nov-17,11,2017,HELY-HUTCHINSON,Minor Dam,925,15.25,926.21,100.13
ae049a16-1ff2-4ec3-9b80-d97a72908f03,12/11/2017,Nov-17,11,2017,HELY-HUTCHINSON,Minor Dam,925,15.24,924.65,99.96
3c45aab2-cd75-477f-8395-da4ab50e2bab,13/11/2017,Nov-17,11,2017,HELY-HUTCHINSON,Minor Dam,925,15.23,923.08,99.79
dda4c98e-d856-4458-8c63-a19f2b5bb24c,14/11/2017,Nov-17,11,2017,HELY-HUTCHINSON,Minor Dam,925,15.22,921.51,99.62
7ade4f82-4d24-4333-9831-e4a06fd12b06,15/11/2017,Nov-17,11,2017,HELY-HUTCHINSON,Minor Dam,925,15.23,923.08,99.79
ef2faf00-dab3-4f32-aac4-3ea98814e0a5,16/11/2017,Nov-17,11,2017,HELY-HUTCHINSON,Minor Dam,925,15.28,930.92,100.64
43521420-9d86-4240-ac7b-54810138596c,17/11/2017,Nov-17,11,2017,HELY-HUTCHINSON,Minor Dam,925,15.26,927.78,100.3
b3b9e2d6-85e7-41e5-baeb-af0f25656d91,18/11/2017,Nov-17,11,2017,HELY-HUTCHINSON,Minor Dam,925,15.26,927.78,100.3
a38b7e4d-264e-47c8-b17f-4384e8a06ac3,19/11/2017,Nov-17,11,2017,HELY-HUTCHINSON,Minor Dam,925,15.25,926.21,100.13
6f522c5b-dc07-4a5d-b057-279499b8d0eb,20/11/2017,Nov-17,11,2017,HELY-HUTCHINSON,Minor Dam,925,15.24,924.65,99.96
e2b91b60-2601-46f9-adc7-e043756f9dd5,21/11/2017,Nov-17,11,2017,HELY-HUTCHINSON,Minor Dam,925,15.23,923.08,99.79
fac107a6-89a8-45af-9e76-4842e8acefb1,22/11/2017,Nov-17,11,2017,HELY-HUTCHINSON,Minor Dam,925,15.26,927.78,100.3
a6a017ea-7b87-45d0-9bdc-4e6f7fa755e3,23/11/2017,Nov-17,11,2017,HELY-HUTCHINSON,Minor Dam,925,15.25,926.21,100.13
452d5e93-2847-4a61-bbd8-4c0e85cf2f86,24/11/2017,Nov-17,11,2017,HELY-HUTCHINSON,Minor Dam,925,15.24,924.65,99.96
565fbc17-3c10-457a-bf98-b273c66bae3c,25/11/2017,Nov-17,11,2017,HELY-HUTCHINSON,Minor Dam,925,15.24,924.65,99.96
5f7adb67-980a-4701-9ff2-4f8e68279224,26/11/2017,Nov-17,11,2017,HELY-HUTCHINSON,Minor Dam,925,15.24,924.65,99.96
77e1148b-b771-4283-ba10-cb4f43541273,27/11/2017,Nov-17,11,2017,HELY-HUTCHINSON,Minor Dam,925,15.23,923.08,99.79
fdc684bf-4f6d-43df-b441-6d7ca49aa234,28/11/2017,Nov-17,11,2017,HELY-HUTCHINSON,Minor Dam,925,15.21,919.94,99.45
654ab491-346d-4bbe-ada1-1384660bcb76,29/11/2017,Nov-17,11,2017,HELY-HUTCHINSON,Minor Dam,925,15.21,919.94,99.45
9dd8fa8c-98e4-433b-aad1-6ed9e57a8c88,30/11/2017,Nov-17,11,2017,HELY-HUTCHINSON,Minor Dam,925,15.2,918.37,99.28
7cd5e7f9-691c-448e-a022-6fdfa1213a6a,01/12/2017,Dec-17,12,2017,HELY-HUTCHINSON,Minor Dam,925,15.19,916.81,99.11
4f1198f6-59f1-435d-991d-2b8b601ccdf1,02/12/2017,Dec-17,12,2017,HELY-HUTCHINSON,Minor Dam,925,15.19,916.81,99.11
fbaadb48-7942-4eb9-924a-a130c02bedee,03/12/2017,Dec-17,12,2017,HELY-HUTCHINSON,Minor Dam,925,15.17,913.67,98.78
8fdbab45-dcdb-400c-b3c1-1153dc8d195f,04/12/2017,Dec-17,12,2017,HELY-HUTCHINSON,Minor Dam,925,15.3,934.05,100.98
957f3afb-a55b-4659-9d1a-c45621df1171,05/12/2017,Dec-17,12,2017,HELY-HUTCHINSON,Minor Dam,925,15.28,930.92,100.64
9bbca6e2-a3df-49d9-b6a7-bd6d93bd14d9,06/12/2017,Dec-17,12,2017,HELY-HUTCHINSON,Minor Dam,925,15.26,927.78,100.3
289a70a0-3f3d-4067-ae26-4d6624004439,07/12/2017,Dec-17,12,2017,HELY-HUTCHINSON,Minor Dam,925,15.24,924.65,99.96
9f1b519b-c945-4525-92ca-eb4efd7afa10,08/12/2017,Dec-17,12,2017,HELY-HUTCHINSON,Minor Dam,925,15.23,923.08,99.79
78904837-7dd2-43c5-8a39-7cb914d605ca,09/12/2017,Dec-17,12,2017,HELY-HUTCHINSON,Minor Dam,925,15.22,921.51,99.62
b9c41b4a-6a97-4eef-84b5-aefb90e1f045,10/12/2017,Dec-17,12,2017,HELY-HUTCHINSON,Minor Dam,925,15.19,916.81,99.11
dc2fb960-d425-40d5-8b39-20667ac1a5de,11/12/2017,Dec-17,12,2017,HELY-HUTCHINSON,Minor Dam,925,15.16,912.1,98.61
c3a15e60-f6fc-4828-a9bd-5823735de876,12/12/2017,Dec-17,12,2017,HELY-HUTCHINSON,Minor Dam,925,15.16,912.1,98.61
9070ca19-e721-4653-a80a-dee9daa70065,13/12/2017,Dec-17,12,2017,HELY-HUTCHINSON,Minor Dam,925,15.16,912.1,98.61
eada5669-0d71-4dbb-b408-bc4089aebd8e,14/12/2017,Dec-17,12,2017,HELY-HUTCHINSON,Minor Dam,925,15.16,912.1,98.61
73f82528-616a-4670-9d19-b5ef9915cf86,15/12/2017,Dec-17,12,2017,HELY-HUTCHINSON,Minor Dam,925,15.17,913.67,98.78
a1d3f36f-f54f-409e-a78d-a5ca6f216333,16/12/2017,Dec-17,12,2017,HELY-HUTCHINSON,Minor Dam,925,15.17,913.67,98.78
f778ce8e-928f-4a62-bdac-826032ae9bb7,17/12/2017,Dec-17,12,2017,HELY-HUTCHINSON,Minor Dam,925,15.16,912.1,98.61
3ac465e8-1e37-4a76-bc15-6ac8f7f7a77d,18/12/2017,Dec-17,12,2017,HELY-HUTCHINSON,Minor Dam,925,15.15,910.54,98.44
c7c37cb8-2348-403e-9dd1-8a42780a7d1e,19/12/2017,Dec-17,12,2017,HELY-HUTCHINSON,Minor Dam,925,15.14,908.97,98.27
15a75683-aafa-4717-99db-262cf7089175,20/12/2017,Dec-17,12,2017,HELY-HUTCHINSON,Minor Dam,925,15.13,907.4,98.1
a9ff6e3c-3e28-4161-979b-6b17e6bce1b1,21/12/2017,Dec-17,12,2017,HELY-HUTCHINSON,Minor Dam,925,15.13,907.4,98.1
f914b67b-d610-4179-93f9-d9a38fc7e0ab,22/12/2017,Dec-17,12,2017,HELY-HUTCHINSON,Minor Dam,925,15.12,905.83,97.93
42977bdc-8265-4405-80a1-f11f60c86593,23/12/2017,Dec-17,12,2017,HELY-HUTCHINSON,Minor Dam,925,15.11,904.26,97.76
26ef8e22-20b9-4c5c-a83e-4c7608d25903,24/12/2017,Dec-17,12,2017,HELY-HUTCHINSON,Minor Dam,925,15.1,902.7,97.59
bcd56493-5db3-479b-ad5c-ad35567d6540,25/12/2017,Dec-17,12,2017,HELY-HUTCHINSON,Minor Dam,925,15.09,901.13,97.42
8e1051a2-03ae-4f52-a318-72290967e136,26/12/2017,Dec-17,12,2017,HELY-HUTCHINSON,Minor Dam,925,15.08,899.56,97.25
ef672c79-9b96-4783-bbfa-621035962686,27/12/2017,Dec-17,12,2017,HELY-HUTCHINSON,Minor Dam,925,15.06,896.42,96.91
828ad311-1a43-4307-9fb7-e597f1e1cbca,28/12/2017,Dec-17,12,2017,HELY-HUTCHINSON,Minor Dam,925,15.06,896.42,96.91
7b7bc7e9-435c-41a2-84bf-4656dc401372,29/12/2017,Dec-17,12,2017,HELY-HUTCHINSON,Minor Dam,925,15.04,893.29,96.57
8dba0106-195c-42fa-a0f6-edc4ed898e2f,30/12/2017,Dec-17,12,2017,HELY-HUTCHINSON,Minor Dam,925,15.03,891.72,96.4
fd50c21d-8594-4d99-ac75-13028948c1d1,31/12/2017,Dec-17,12,2017,HELY-HUTCHINSON,Minor Dam,925,15.05,894.86,96.74
1b15a82d-b0d7-4c36-94f2-ded6ecbdc6ff,01/01/2012,Jan-12,1,2012,KLEINPLAATS,Minor Dam,1301,6.15,336.6,25.87
f39af11e-77d7-46ba-8ae5-6a93a45312c4,02/01/2012,Jan-12,1,2012,KLEINPLAATS,Minor Dam,1301,6.15,336.6,25.87
f4441619-d51c-4e75-9a57-5d45031e7121,03/01/2012,Jan-12,1,2012,KLEINPLAATS,Minor Dam,1301,6.15,336.6,25.87
88c03587-9d85-44b9-8d5f-96938eea54ea,04/01/2012,Jan-12,1,2012,KLEINPLAATS,Minor Dam,1301,6.13,334.2,25.69
446c2931-52f2-4652-b6fa-8af6f73478bb,05/01/2012,Jan-12,1,2012,KLEINPLAATS,Minor Dam,1301,6.1,330.6,25.41
dc01bfc2-1a22-4ae8-8150-d96ce4f69916,06/01/2012,Jan-12,1,2012,KLEINPLAATS,Minor Dam,1301,6.1,330.6,25.41
25fd8985-6e4c-476d-ab2b-7a038b8d9c2f,07/01/2012,Jan-12,1,2012,KLEINPLAATS,Minor Dam,1301,6.1,330.6,25.41
ad2534d5-4343-425b-8d0e-de2107d6e2ea,08/01/2012,Jan-12,1,2012,KLEINPLAATS,Minor Dam,1301,6.1,330.6,25.41
97c7c416-9965-4b2f-ad60-1ce5c3de1920,09/01/2012,Jan-12,1,2012,KLEINPLAATS,Minor Dam,1301,6.08,328.3,25.23
383a85c1-1df8-464b-8a6e-4a7ff2ef3909,10/01/2012,Jan-12,1,2012,KLEINPLAATS,Minor Dam,1301,6.06,325.9,25.05
a522b70d-1f98-4954-a959-aeb2ae2bd194,11/01/2012,Jan-12,1,2012,KLEINPLAATS,Minor Dam,1301,6.06,325.9,25.05
858ccb4c-4f4c-4000-93e0-0b14a07a46e9,12/01/2012,Jan-12,1,2012,KLEINPLAATS,Minor Dam,1301,6.04,323.6,24.87
0af547ad-cc91-4c59-8131-df63455dd5ac,13/01/2012,Jan-12,1,2012,KLEINPLAATS,Minor Dam,1301,6.02,321.2,24.69
73c4f98f-669e-4047-a375-1f965492a8a0,14/01/2012,Jan-12,1,2012,KLEINPLAATS,Minor Dam,1301,6.01,320.1,24.6
eba7182d-3f67-43b7-af93-67786f25cb93,15/01/2012,Jan-12,1,2012,KLEINPLAATS,Minor Dam,1301,5.98,316.6,24.34
063265d6-c26b-42dc-b984-8204eae06a5b,16/01/2012,Jan-12,1,2012,KLEINPLAATS,Minor Dam,1301,5.98,316.6,24.34
9517eea4-6987-4931-b439-ed6b3c04784b,17/01/2012,Jan-12,1,2012,KLEINPLAATS,Minor Dam,1301,5.98,316.6,24.34
73378052-dc6a-4df4-862a-c049066ebc0e,18/01/2012,Jan-12,1,2012,KLEINPLAATS,Minor Dam,1301,5.98,316.6,24.34
5393535e-ce8d-4ae8-b6a9-01046b59eefc,19/01/2012,Jan-12,1,2012,KLEINPLAATS,Minor Dam,1301,5.98,316.6,24.34
7f8567e2-cb4b-463b-9fd0-22c29c1ca3a9,20/01/2012,Jan-12,1,2012,KLEINPLAATS,Minor Dam,1301,5.98,316.6,24.34
08f1b804-7072-4fa6-85a4-ee1e51a4cb4f,21/01/2012,Jan-12,1,2012,KLEINPLAATS,Minor Dam,1301,5.95,313.1,24.07
f332851c-afe2-4b0b-8819-a62dc22c4c8d,22/01/2012,Jan-12,1,2012,KLEINPLAATS,Minor Dam,1301,5.95,313.1,24.07
5fbbf848-50b6-4a1c-8f0f-0b97ae044224,23/01/2012,Jan-12,1,2012,KLEINPLAATS,Minor Dam,1301,5.95,313.1,24.07
a40f65ac-8f16-46e8-8864-f72ab7ec5cd1,24/01/2012,Jan-12,1,2012,KLEINPLAATS,Minor Dam,1301,5.92,309.7,23.8
7f2fdfd7-bf17-4427-9e00-211d7fb4b6ef,25/01/2012,Jan-12,1,2012,KLEINPLAATS,Minor Dam,1301,5.92,309.7,23.8
c7eab3d2-a1a6-400e-b7e0-50381bec1324,26/01/2012,Jan-12,1,2012,KLEINPLAATS,Minor Dam,1301,5.9,307.4,23.63
2121c3f5-1f5e-4bfc-848a-073992206791,27/01/2012,Jan-12,1,2012,KLEINPLAATS,Minor Dam,1301,5.85,301.8,23.2
072bce39-d125-4b43-ae93-c1f764f3b0df,28/01/2012,Jan-12,1,2012,KLEINPLAATS,Minor Dam,1301,5.8,296.1,22.76
be052edb-f778-43f2-999b-2296884fc267,29/01/2012,Jan-12,1,2012,KLEINPLAATS,Minor Dam,1301,5.8,296.1,22.76
840d7d1f-f435-4f40-a195-f757dbd50302,30/01/2012,Jan-12,1,2012,KLEINPLAATS,Minor Dam,1301,5.8,296.1,22.76
0ffd5384-aab9-4f11-8823-93c78c1bd03d,31/01/2012,Jan-12,1,2012,KLEINPLAATS,Minor Dam,1301,5.8,296.1,22.76
0f1584f9-1dea-4b27-9dcd-118a6ca79a05,01/02/2012,Feb-12,2,2012,KLEINPLAATS,Minor Dam,1301,5.8,296.1,22.76
eb1974d9-4c28-4f60-9cf8-1eeb226418b3,02/02/2012,Feb-12,2,2012,KLEINPLAATS,Minor Dam,1301,5.8,296.1,22.76
5b0c6e7a-0533-4b79-af99-3ae948e8c4a1,03/02/2012,Feb-12,2,2012,KLEINPLAATS,Minor Dam,1301,5.8,296.1,22.76
f1c15bf6-c11c-4de8-9ce5-1ddb70a51569,04/02/2012,Feb-12,2,2012,KLEINPLAATS,Minor Dam,1301,5.8,296.1,22.76
672009c2-dba6-4cb9-8d93-05b486eee533,05/02/2012,Feb-12,2,2012,KLEINPLAATS,Minor Dam,1301,5.78,293.9,22.59
c3693b7e-2413-49b6-b939-75c78644508e,06/02/2012,Feb-12,2,2012,KLEINPLAATS,Minor Dam,1301,5.76,291.7,22.42
d731495e-979c-4c13-b1bd-7012c4755606,07/02/2012,Feb-12,2,2012,KLEINPLAATS,Minor Dam,1301,5.75,290.6,22.34
b6f7b47a-bbf7-4f1f-9142-85f2b4746e7f,08/02/2012,Feb-12,2,2012,KLEINPLAATS,Minor Dam,1301,5.75,290.6,22.34
1864cca2-ec72-4d02-aa45-5264f297bfde,09/02/2012,Feb-12,2,2012,KLEINPLAATS,Minor Dam,1301,5.75,290.6,22.34
9d08ff39-143b-4412-8944-741be1e693fb,10/02/2012,Feb-12,2,2012,KLEINPLAATS,Minor Dam,1301,5.7,285.1,21.91
683004d3-9447-428c-baa1-a0af4960ed2b,11/02/2012,Feb-12,2,2012,KLEINPLAATS,Minor Dam,1301,5.7,285.1,21.91
00288c9e-d885-4e45-958e-f8fba7117bcc,12/02/2012,Feb-12,2,2012,KLEINPLAATS,Minor Dam,1301,5.68,282.9,21.74
c0b8539c-87d8-44c8-b9b2-6629eb69a9e3,13/02/2012,Feb-12,2,2012,KLEINPLAATS,Minor Dam,1301,5.68,282.9,21.74
38c23ee4-6b97-4ad4-a044-9291aa144f50,14/02/2012,Feb-12,2,2012,KLEINPLAATS,Minor Dam,1301,5.66,280.8,21.58
e43887a2-d37e-48f4-9c44-ab5e157b5a78,15/02/2012,Feb-12,2,2012,KLEINPLAATS,Minor Dam,1301,5.65,279.7,21.5
09cdff1d-f56d-484f-92dc-14a2493d0559,16/02/2012,Feb-12,2,2012,KLEINPLAATS,Minor Dam,1301,5.65,279.7,21.5
03094bde-4ee7-4fad-ac3b-bf960485a736,17/02/2012,Feb-12,2,2012,KLEINPLAATS,Minor Dam,1301,5.63,277.5,21.33
14552e8c-f91a-4382-ae5e-d44949a70480,18/02/2012,Feb-12,2,2012,KLEINPLAATS,Minor Dam,1301,5.63,277.5,21.33
63a108da-918c-4edb-be71-bcdd57103333,19/02/2012,Feb-12,2,2012,KLEINPLAATS,Minor Dam,1301,5.63,277.5,21.33
4e85eeed-1668-416d-9d05-343b02d65106,20/02/2012,Feb-12,2,2012,KLEINPLAATS,Minor Dam,1301,5.63,277.5,21.33
3e0291f1-07a5-41e0-a319-a3167ae996b5,21/02/2012,Feb-12,2,2012,KLEINPLAATS,Minor Dam,1301,5.6,274.3,21.08
4295cd9d-3ecf-47c6-9b4b-79d27e82dabb,22/02/2012,Feb-12,2,2012,KLEINPLAATS,Minor Dam,1301,5.6,274.3,21.08
8a19a2f1-b6c7-459a-b8cc-7e7e85c17635,23/02/2012,Feb-12,2,2012,KLEINPLAATS,Minor Dam,1301,5.6,274.3,21.08
5b52c264-313e-4552-8f09-d2532eb0f96b,24/02/2012,Feb-12,2,2012,KLEINPLAATS,Minor Dam,1301,5.58,272,20.91
7dda6523-5d07-4128-959d-cbc0ee82ebdf,25/02/2012,Feb-12,2,2012,KLEINPLAATS,Minor Dam,1301,5.58,272,20.91
61b48c30-cf69-4346-b28a-f5776965ef43,26/02/2012,Feb-12,2,2012,KLEINPLAATS,Minor Dam,1301,5.58,272,20.91
f60f0e37-7693-4485-88f8-807ebcca3fdb,27/02/2012,Feb-12,2,2012,KLEINPLAATS,Minor Dam,1301,5.58,272,20.91
4e03660b-363a-4068-b8ae-e61ab35dc1e5,28/02/2012,Feb-12,2,2012,KLEINPLAATS,Minor Dam,1301,5.58,272,20.91
c14a0f3b-7880-44cc-a40e-c2f144f73bc7,29/02/2012,Feb-12,2,2012,KLEINPLAATS,Minor Dam,1301,5.58,272,20.91
e6e98caf-5dd1-4875-9388-a54f87c6d5ab,01/03/2012,Mar-12,3,2012,KLEINPLAATS,Minor Dam,1301,5.58,272,20.91
11db1ef4-333c-4fdb-8f48-cbb1b74d30cf,02/03/2012,Mar-12,3,2012,KLEINPLAATS,Minor Dam,1301,5.58,272,20.91
89007c3b-8da6-468a-beb6-f386e20ad264,03/03/2012,Mar-12,3,2012,KLEINPLAATS,Minor Dam,1301,5.53,266.3,20.47
6c432193-93a8-4ccb-9fbc-7bef895c4dda,04/03/2012,Mar-12,3,2012,KLEINPLAATS,Minor Dam,1301,5.53,266.3,20.47
b31b3ba5-8c02-438f-ac6a-01f0c6ea3947,05/03/2012,Mar-12,3,2012,KLEINPLAATS,Minor Dam,1301,5.52,265.2,20.38
dd136c16-c807-49c9-bfc1-b3e80ebbbeb6,06/03/2012,Mar-12,3,2012,KLEINPLAATS,Minor Dam,1301,5.5,262.9,20.21
45c24d89-1a73-435f-a478-505ed0b50eda,07/03/2012,Mar-12,3,2012,KLEINPLAATS,Minor Dam,1301,5.5,262.9,20.21
cd4f8555-7428-45ad-ab84-59d43551a7cb,08/03/2012,Mar-12,3,2012,KLEINPLAATS,Minor Dam,1301,5.5,262.9,20.21
06a27b47-4373-45ae-a903-9944c2d13dfc,09/03/2012,Mar-12,3,2012,KLEINPLAATS,Minor Dam,1301,5.5,262.9,20.21
726083ee-cfde-4400-99ec-70569a7d0ba0,10/03/2012,Mar-12,3,2012,KLEINPLAATS,Minor Dam,1301,5.48,260.7,20.04
c6796bf7-9546-4dfd-87f2-9881d5057ee7,11/03/2012,Mar-12,3,2012,KLEINPLAATS,Minor Dam,1301,5.48,260.7,20.04
a9ea637d-f0f4-4c91-b046-30db27558df6,12/03/2012,Mar-12,3,2012,KLEINPLAATS,Minor Dam,1301,5.48,260.7,20.04
cec06c26-e4bf-478b-a2ce-c9959f575646,13/03/2012,Mar-12,3,2012,KLEINPLAATS,Minor Dam,1301,5.48,260.7,20.04
b2fca783-e47f-43a8-a5e8-8bafcea11a02,14/03/2012,Mar-12,3,2012,KLEINPLAATS,Minor Dam,1301,5.46,258.5,19.87
6240addd-0b21-4e08-bc40-a75651840ad4,15/03/2012,Mar-12,3,2012,KLEINPLAATS,Minor Dam,1301,5.46,258.5,19.87
ad5b4ed2-b923-4337-93d5-a911a0e9a148,16/03/2012,Mar-12,3,2012,KLEINPLAATS,Minor Dam,1301,5.46,258.5,19.87
be1d97dd-e38b-418d-a6fa-64e1d5ed8514,17/03/2012,Mar-12,3,2012,KLEINPLAATS,Minor Dam,1301,5.46,258.5,19.87
baaf61ec-b961-4ccc-91d8-db2daa44e427,18/03/2012,Mar-12,3,2012,KLEINPLAATS,Minor Dam,1301,5.46,258.5,19.87
eeb9920e-7d13-4b2f-89b5-06c7839d06c6,19/03/2012,Mar-12,3,2012,KLEINPLAATS,Minor Dam,1301,5.43,255.1,19.61
fd06fe53-d52e-4bb8-be3c-a8fca5bc8a94,20/03/2012,Mar-12,3,2012,KLEINPLAATS,Minor Dam,1301,5.39,250.8,19.28
d7c5d916-5696-4264-9d4f-dac8acb7cbfc,21/03/2012,Mar-12,3,2012,KLEINPLAATS,Minor Dam,1301,5.39,250.8,19.28
d98a8ac1-085e-41da-b361-34f601267c36,22/03/2012,Mar-12,3,2012,KLEINPLAATS,Minor Dam,1301,5.39,250.8,19.28
fe156652-9b0b-4892-b078-491f749ccbea,23/03/2012,Mar-12,3,2012,KLEINPLAATS,Minor Dam,1301,5.35,246.4,18.94
e4c7fd6b-a8fc-4853-8d35-458d2d01633d,24/03/2012,Mar-12,3,2012,KLEINPLAATS,Minor Dam,1301,5.35,246.4,18.94
550094bf-946e-4a1c-9ea9-c0fead505251,25/03/2012,Mar-12,3,2012,KLEINPLAATS,Minor Dam,1301,5.35,246.4,18.94
232790c4-ca44-4983-9cef-3f0e60c92c1c,26/03/2012,Mar-12,3,2012,KLEINPLAATS,Minor Dam,1301,5.38,249.7,19.19
041f2dca-cdbd-4ee2-9175-7220b619f8ea,27/03/2012,Mar-12,3,2012,KLEINPLAATS,Minor Dam,1301,5.38,249.7,19.19
e8bfaf09-947d-4bcd-9a3d-926f7f9de143,28/03/2012,Mar-12,3,2012,KLEINPLAATS,Minor Dam,1301,5.38,249.7,19.19
90d009db-7522-473a-a0af-5f2da2a43f4a,29/03/2012,Mar-12,3,2012,KLEINPLAATS,Minor Dam,1301,5.38,249.7,19.19
0e95c5e7-460a-458e-a178-d4902cb5ae1f,30/03/2012,Mar-12,3,2012,KLEINPLAATS,Minor Dam,1301,5.38,249.7,19.19
0d1b03e6-b521-4876-a6de-3e688d3c3303,31/03/2012,Mar-12,3,2012,KLEINPLAATS,Minor Dam,1301,5.38,249.7,19.19
5678ce62-f8db-41c8-9900-b0a4bd3459b1,01/04/2012,Apr-12,4,2012,KLEINPLAATS,Minor Dam,1301,5.38,249.7,19.19
b67d17af-5781-498a-9469-67de5bd738ed,02/04/2012,Apr-12,4,2012,KLEINPLAATS,Minor Dam,1301,5.38,249.7,19.19
35215341-9494-40b3-ab81-495d9d61b797,03/04/2012,Apr-12,4,2012,KLEINPLAATS,Minor Dam,1301,5.37,248.6,19.11
bbe0ea15-9128-4aeb-8e8c-99681c4a0749,04/04/2012,Apr-12,4,2012,KLEINPLAATS,Minor Dam,1301,5.29,240,18.45
3b87b672-6759-4203-a9ee-62c7f13b6225,05/04/2012,Apr-12,4,2012,KLEINPLAATS,Minor Dam,1301,5.29,240,18.45
3215cded-471c-4b9c-b72f-0bd769b249a7,06/04/2012,Apr-12,4,2012,KLEINPLAATS,Minor Dam,1301,5.25,235.7,18.12
1d259699-6963-4127-9bcc-8199b1a2ac0b,07/04/2012,Apr-12,4,2012,KLEINPLAATS,Minor Dam,1301,5.3,241,18.52
4b25d3f8-e3cd-4cbc-ab2b-61a4e4aaaba5,08/04/2012,Apr-12,4,2012,KLEINPLAATS,Minor Dam,1301,5.3,241,18.52
383d951a-88c6-48d7-996a-5a6160fd6cc2,09/04/2012,Apr-12,4,2012,KLEINPLAATS,Minor Dam,1301,5.3,241,18.52
57ee4175-b462-4c79-b86a-5c7fce6a396e,10/04/2012,Apr-12,4,2012,KLEINPLAATS,Minor Dam,1301,5.3,241,18.52
b985004b-e279-4e35-81a1-90899539bb47,11/04/2012,Apr-12,4,2012,KLEINPLAATS,Minor Dam,1301,5.3,241,18.52
33dc6a52-fc62-48ce-91c9-466732af8cf8,12/04/2012,Apr-12,4,2012,KLEINPLAATS,Minor Dam,1301,5.3,241,18.52
68f80c05-5150-4742-b2d7-a9247ce77c9a,13/04/2012,Apr-12,4,2012,KLEINPLAATS,Minor Dam,1301,5.28,238.9,18.36
a233fec5-8ad0-497e-a219-154a7a6cc639,14/04/2012,Apr-12,4,2012,KLEINPLAATS,Minor Dam,1301,5.28,238.9,18.36
2b33b89d-c505-4a06-b375-e67d37b0da41,15/04/2012,Apr-12,4,2012,KLEINPLAATS,Minor Dam,1301,5.28,238.9,18.36
9e1e7590-6e52-4ad3-acbf-6a07bfff8297,16/04/2012,Apr-12,4,2012,KLEINPLAATS,Minor Dam,1301,5.25,235.7,18.12
587ef338-95f5-4e34-94eb-f43a11edc83e,17/04/2012,Apr-12,4,2012,KLEINPLAATS,Minor Dam,1301,5.25,235.7,18.12
ad5f3acf-5c07-4961-b17a-7d8d29f874fa,18/04/2012,Apr-12,4,2012,KLEINPLAATS,Minor Dam,1301,5.25,235.7,18.12
2d189ed8-bca8-4a74-bfa4-38c20ed8a431,19/04/2012,Apr-12,4,2012,KLEINPLAATS,Minor Dam,1301,5.25,235.7,18.12
6a1d60ce-bc6c-46b8-9f93-852ebd598b20,20/04/2012,Apr-12,4,2012,KLEINPLAATS,Minor Dam,1301,5.23,233.6,17.96
aa429383-18ea-46dd-b043-79866cfd0297,21/04/2012,Apr-12,4,2012,KLEINPLAATS,Minor Dam,1301,5.23,233.6,17.96
13841978-ecb6-43dc-9331-9a48f5f45c47,22/04/2012,Apr-12,4,2012,KLEINPLAATS,Minor Dam,1301,5.22,232.6,17.88
b0613d11-f275-4653-8dfc-a02270973858,23/04/2012,Apr-12,4,2012,KLEINPLAATS,Minor Dam,1301,5.22,232.6,17.88
0ec70d44-0583-4a8b-b4e6-9f04f3d9cc77,24/04/2012,Apr-12,4,2012,KLEINPLAATS,Minor Dam,1301,5.2,230.5,17.72
98c07ca0-197a-4828-b43b-d7200d401e6b,25/04/2012,Apr-12,4,2012,KLEINPLAATS,Minor Dam,1301,5.2,230.5,17.72
8a479458-086e-41a8-b995-05a8b01445c1,26/04/2012,Apr-12,4,2012,KLEINPLAATS,Minor Dam,1301,5.2,230.5,17.72
f3ba718e-f4d2-4020-961c-ff777697a515,27/04/2012,Apr-12,4,2012,KLEINPLAATS,Minor Dam,1301,5.2,230.5,17.72
3fca8d89-0d40-47ac-8fe8-c8be4a37265a,28/04/2012,Apr-12,4,2012,KLEINPLAATS,Minor Dam,1301,5.2,230.5,17.72
4c32a3eb-24ae-4713-b95f-38f79a73e1cb,29/04/2012,Apr-12,4,2012,KLEINPLAATS,Minor Dam,1301,5.18,228.4,17.56
b0eaf356-defd-4d0c-ab72-e10ff3a66795,30/04/2012,Apr-12,4,2012,KLEINPLAATS,Minor Dam,1301,5.18,228.4,17.56
6b4a5565-7ae8-4aaa-a37a-a2fe61dafd56,01/05/2012,May-12,5,2012,KLEINPLAATS,Minor Dam,1301,5.18,228.4,17.56
1fbc249a-0883-4aa2-9053-c3afa6b27909,02/05/2012,May-12,5,2012,KLEINPLAATS,Minor Dam,1301,5.18,228.4,17.56
144c5210-5bc9-4702-9435-8f6f9411f15b,03/05/2012,May-12,5,2012,KLEINPLAATS,Minor Dam,1301,5.22,232.6,17.88
edc8eb37-dc3b-463c-9a6d-535377e2239e,04/05/2012,May-12,5,2012,KLEINPLAATS,Minor Dam,1301,5.24,234.7,18.04
3e94b4d4-c90d-48d8-a0ce-6c5d827b57cc,05/05/2012,May-12,5,2012,KLEINPLAATS,Minor Dam,1301,5.24,234.7,18.04
a2ef058d-8540-43c2-9ce8-8fb6647e1e37,06/05/2012,May-12,5,2012,KLEINPLAATS,Minor Dam,1301,5.24,234.7,18.04
b27dade9-514c-4128-aea3-51a9ad066534,07/05/2012,May-12,5,2012,KLEINPLAATS,Minor Dam,1301,5.24,234.7,18.04
1c1c8de9-04be-4941-b04e-d256596bda52,08/05/2012,May-12,5,2012,KLEINPLAATS,Minor Dam,1301,5.24,234.7,18.04
39e9a515-bfb9-434b-9cb6-8da6549c7515,09/05/2012,May-12,5,2012,KLEINPLAATS,Minor Dam,1301,5.24,234.7,18.04
fb7ca822-9389-4482-aaf1-57c95749e6ec,10/05/2012,May-12,5,2012,KLEINPLAATS,Minor Dam,1301,5.24,234.7,18.04
b97acf37-d5a5-4b14-b8e2-faba2c652baa,11/05/2012,May-12,5,2012,KLEINPLAATS,Minor Dam,1301,5.24,234.7,18.04
52ba0081-74d5-48cb-9be8-3da5070367a7,12/05/2012,May-12,5,2012,KLEINPLAATS,Minor Dam,1301,5.24,234.7,18.04
da75cc11-6b58-4a4f-ae38-415234bf7bc6,13/05/2012,May-12,5,2012,KLEINPLAATS,Minor Dam,1301,5.24,234.7,18.04
80ebaaf4-e38b-4768-a2ed-7427238d862d,14/05/2012,May-12,5,2012,KLEINPLAATS,Minor Dam,1301,5.33,244.2,18.77
347b3f31-c14d-4521-80e3-95b41e7121f3,15/05/2012,May-12,5,2012,KLEINPLAATS,Minor Dam,1301,5.34,245.3,18.85
033fc413-aad7-453c-85dd-14864f4f8bc0,16/05/2012,May-12,5,2012,KLEINPLAATS,Minor Dam,1301,5.34,245.3,18.85
8263f0d8-5a9f-46d8-8f12-13256ced8527,17/05/2012,May-12,5,2012,KLEINPLAATS,Minor Dam,1301,5.34,245.3,18.85
5e6ab544-c1e6-4599-9d97-9e5aaad19319,18/05/2012,May-12,5,2012,KLEINPLAATS,Minor Dam,1301,5.34,245.3,18.85
7b33bd63-ecaa-4fe5-88c4-a88e2c684d23,19/05/2012,May-12,5,2012,KLEINPLAATS,Minor Dam,1301,5.38,249.7,19.19
45127956-99f0-4bd7-bc73-ee8d5bcd7345,20/05/2012,May-12,5,2012,KLEINPLAATS,Minor Dam,1301,5.4,251.8,19.35
817a645b-a69d-4af3-8280-0d4cf1845a19,21/05/2012,May-12,5,2012,KLEINPLAATS,Minor Dam,1301,5.42,254,19.52
2ad59b58-5878-4dd0-b4d3-2732f89ff509,22/05/2012,May-12,5,2012,KLEINPLAATS,Minor Dam,1301,5.44,256.2,19.69
40ae54df-e13d-49ac-90ba-3c88877a2092,23/05/2012,May-12,5,2012,KLEINPLAATS,Minor Dam,1301,5.46,258.5,19.87
186cf254-27b9-495b-b554-76e7cd381a6a,24/05/2012,May-12,5,2012,KLEINPLAATS,Minor Dam,1301,5.48,260.7,20.04
e544dbeb-b1df-451b-8249-1da47ed68e15,25/05/2012,May-12,5,2012,KLEINPLAATS,Minor Dam,1301,5.5,262.9,20.21
887dda5e-5195-4b62-ad96-2b58387aac0a,26/05/2012,May-12,5,2012,KLEINPLAATS,Minor Dam,1301,5.5,262.9,20.21
7772d6c8-646e-44f9-83d4-57e910e44d7c,27/05/2012,May-12,5,2012,KLEINPLAATS,Minor Dam,1301,5.5,262.9,20.21
258b3157-9917-4880-992c-f458739df34e,28/05/2012,May-12,5,2012,KLEINPLAATS,Minor Dam,1301,5.55,268.6,20.65
378ff87f-d628-4092-a467-8b6fd6f1feb9,29/05/2012,May-12,5,2012,KLEINPLAATS,Minor Dam,1301,5.55,268.6,20.65
ddf8cbbe-2795-42fc-a8de-1d419cb7c61c,30/05/2012,May-12,5,2012,KLEINPLAATS,Minor Dam,1301,5.63,277.5,21.33
9644c6f8-17ce-4873-a578-7b95ba11cc35,31/05/2012,May-12,5,2012,KLEINPLAATS,Minor Dam,1301,5.7,285.1,21.91
9777282e-b77e-4718-9ba5-50fe3587eb52,01/06/2012,Jun-12,6,2012,KLEINPLAATS,Minor Dam,1301,5.73,288.4,22.17
4eb57871-6a4a-4fc5-8490-5b327a929a04,02/06/2012,Jun-12,6,2012,KLEINPLAATS,Minor Dam,1301,5.78,293.9,22.59
1ff9cf75-4ac8-4421-ab01-c9a5c17b7b06,03/06/2012,Jun-12,6,2012,KLEINPLAATS,Minor Dam,1301,5.8,296.1,22.76
6361d2b6-bd0d-40d1-b942-4f0459db4773,04/06/2012,Jun-12,6,2012,KLEINPLAATS,Minor Dam,1301,5.82,298.4,22.94
4e7a072c-39cd-4132-a45c-0db9a47b93c5,05/06/2012,Jun-12,6,2012,KLEINPLAATS,Minor Dam,1301,5.83,299.5,23.02
7a999f92-8503-40e1-a2f2-0cf7c431402b,06/06/2012,Jun-12,6,2012,KLEINPLAATS,Minor Dam,1301,5.85,301.8,23.2
35ab78b6-4436-48eb-9525-0585ca0998c5,07/06/2012,Jun-12,6,2012,KLEINPLAATS,Minor Dam,1301,5.85,301.8,23.2
b376655c-33a6-4ce7-a764-c373fadea9b0,08/06/2012,Jun-12,6,2012,KLEINPLAATS,Minor Dam,1301,6.3,354.8,27.27
0cf8ba9c-e444-44e7-8856-04a03c256bcd,09/06/2012,Jun-12,6,2012,KLEINPLAATS,Minor Dam,1301,6.55,386.3,29.69
6bbe0319-cc6a-4db7-8c50-75f3e78dc1e6,10/06/2012,Jun-12,6,2012,KLEINPLAATS,Minor Dam,1301,6.7,405.9,31.2
0a499bdc-0e6a-4f05-9f8d-021537c6782d,11/06/2012,Jun-12,6,2012,KLEINPLAATS,Minor Dam,1301,6.85,426,32.74
f1e6d5b4-cf00-4e71-965a-b237230e8b26,12/06/2012,Jun-12,6,2012,KLEINPLAATS,Minor Dam,1301,6.98,443.8,34.11
43de8cbe-3533-4c48-9194-b725bf3a85e2,13/06/2012,Jun-12,6,2012,KLEINPLAATS,Minor Dam,1301,7.05,453.6,34.87
3ab24b6d-7034-492b-9452-00338002df13,14/06/2012,Jun-12,6,2012,KLEINPLAATS,Minor Dam,1301,7.15,467.9,35.96
0d9cae33-e6e9-4faa-ac4d-840cd38dae7d,15/06/2012,Jun-12,6,2012,KLEINPLAATS,Minor Dam,1301,7.22,478.1,36.75
1a4ef9c2-12e8-4bda-90d0-0699addffa2c,16/06/2012,Jun-12,6,2012,KLEINPLAATS,Minor Dam,1301,7.3,489.9,37.66
6cade230-278c-47f4-8812-efd52b6f2ad4,17/06/2012,Jun-12,6,2012,KLEINPLAATS,Minor Dam,1301,7.38,501.9,38.58
1f5e08a2-7a46-4ebe-b0f9-4e66341f1d39,18/06/2012,Jun-12,6,2012,KLEINPLAATS,Minor Dam,1301,7.45,512.5,39.39
9603086f-52d2-4f4a-9ea2-792eef1d1f03,19/06/2012,Jun-12,6,2012,KLEINPLAATS,Minor Dam,1301,7.45,512.5,39.39
8e4a3582-03d7-41c1-9452-8e789b86af8f,20/06/2012,Jun-12,6,2012,KLEINPLAATS,Minor Dam,1301,7.48,517.1,39.75
9735a4e5-1d21-428c-9f41-76b42a9593cc,21/06/2012,Jun-12,6,2012,KLEINPLAATS,Minor Dam,1301,7.49,518.6,39.86
ad4722ee-40d3-4a9f-94d2-e0ce78a2c138,22/06/2012,Jun-12,6,2012,KLEINPLAATS,Minor Dam,1301,7.5,520.2,39.98
eefa8662-9e18-4e87-8f2d-d8dac56f7a56,23/06/2012,Jun-12,6,2012,KLEINPLAATS,Minor Dam,1301,7.55,527.9,40.58
cb1dc711-f984-4a47-8ba7-da4e1e831c61,24/06/2012,Jun-12,6,2012,KLEINPLAATS,Minor Dam,1301,7.6,535.7,41.18
f5f7444e-35cf-4474-96ff-e3c8a70b7b13,25/06/2012,Jun-12,6,2012,KLEINPLAATS,Minor Dam,1301,7.65,543.5,41.78
469bce14-7cde-44df-bd62-311d364eea3c,26/06/2012,Jun-12,6,2012,KLEINPLAATS,Minor Dam,1301,7.7,551.4,42.38
7db64e33-b6bd-4a5d-ab17-218bbb407868,27/06/2012,Jun-12,6,2012,KLEINPLAATS,Minor Dam,1301,7.78,564.2,43.37
c8546722-9cfa-478a-b988-99133ab40a79,28/06/2012,Jun-12,6,2012,KLEINPLAATS,Minor Dam,1301,7.82,570.6,43.86
fcb2eeaf-feeb-4541-a7a8-1b512e5ad3b0,29/06/2012,Jun-12,6,2012,KLEINPLAATS,Minor Dam,1301,7.86,577.1,44.36
8c9663f9-24db-4955-9ded-bc0502598de3,30/06/2012,Jun-12,6,2012,KLEINPLAATS,Minor Dam,1301,7.9,583.7,44.87
11f43fe8-ac8c-4a43-b47f-e4682cd3dc73,01/07/2012,Jul-12,7,2012,KLEINPLAATS,Minor Dam,1301,7.94,590.2,45.37
4c5dbd36-8eb2-4c05-8fa8-45bdb5a3bfa7,02/07/2012,Jul-12,7,2012,KLEINPLAATS,Minor Dam,1301,8.18,630.5,48.46
94600f09-8984-48c6-a0a3-2f9d44dbe25c,03/07/2012,Jul-12,7,2012,KLEINPLAATS,Minor Dam,1301,8.2,633.9,48.72
d39dab85-ad31-46c4-8713-80217db68f0b,04/07/2012,Jul-12,7,2012,KLEINPLAATS,Minor Dam,1301,8.28,647.7,49.78
91141914-d7b5-4bd7-b89c-5a4459419ed5,05/07/2012,Jul-12,7,2012,KLEINPLAATS,Minor Dam,1301,8.3,651.2,50.05
a5fb446f-6ebd-4591-b98a-7edc5e519731,06/07/2012,Jul-12,7,2012,KLEINPLAATS,Minor Dam,1301,8.3,651.2,50.05
cf91248a-6a92-4912-bf6f-42fe10f62127,07/07/2012,Jul-12,7,2012,KLEINPLAATS,Minor Dam,1301,8.36,661.7,50.86
48840de9-ed49-4adc-b903-1cee075fee3e,08/07/2012,Jul-12,7,2012,KLEINPLAATS,Minor Dam,1301,8.5,686.5,52.77
28765bbc-207b-4a67-8585-06e2ba1753b7,09/07/2012,Jul-12,7,2012,KLEINPLAATS,Minor Dam,1301,8.6,704.5,54.15
7b911580-9488-4419-ad65-56aa04598421,10/07/2012,Jul-12,7,2012,KLEINPLAATS,Minor Dam,1301,8.65,714.2,54.9
88075db8-8403-49fb-bf2c-4f78dd8247ba,11/07/2012,Jul-12,7,2012,KLEINPLAATS,Minor Dam,1301,8.82,747.8,57.48
c72b9e12-cc7a-420f-8c57-d59179eb949c,12/07/2012,Jul-12,7,2012,KLEINPLAATS,Minor Dam,1301,8.8,743.8,57.17
50c817b7-d60a-4935-8af2-bea7ee2bc918,13/07/2012,Jul-12,7,2012,KLEINPLAATS,Minor Dam,1301,8.82,747.8,57.48
47e025d2-0c57-49a1-a8b6-f2340c57d4e5,14/07/2012,Jul-12,7,2012,KLEINPLAATS,Minor Dam,1301,8.88,759.9,58.41
01182279-c080-45d3-bace-7b3d803962a5,15/07/2012,Jul-12,7,2012,KLEINPLAATS,Minor Dam,1301,8.88,759.9,58.41
67ff6fab-04e5-4edf-a441-c515048040ce,16/07/2012,Jul-12,7,2012,KLEINPLAATS,Minor Dam,1301,8.98,780.2,59.97
1d45691f-b45b-4b0c-80f4-ebcaaf844603,17/07/2012,Jul-12,7,2012,KLEINPLAATS,Minor Dam,1301,9.05,794.7,61.08
ab313e99-9c97-400d-9af9-a3266fcf33d3,18/07/2012,Jul-12,7,2012,KLEINPLAATS,Minor Dam,1301,9.1,805.1,61.88
224ab295-b984-4daa-aa6c-b2ac37e3c32a,19/07/2012,Jul-12,7,2012,KLEINPLAATS,Minor Dam,1301,9.1,805.1,61.88
9c86458b-6ece-4eca-8e4e-94fe1ec6139c,20/07/2012,Jul-12,7,2012,KLEINPLAATS,Minor Dam,1301,9.17,819.8,63.01
9a1d55a3-32ef-4f63-ac9e-89084a5c54dc,21/07/2012,Jul-12,7,2012,KLEINPLAATS,Minor Dam,1301,9.25,836.8,64.32
6b12dcf0-7c88-43bb-89bf-1b745d6ec85e,22/07/2012,Jul-12,7,2012,KLEINPLAATS,Minor Dam,1301,9.45,880.2,67.66
63035f05-32f1-4f6e-8474-6f8cd130f389,23/07/2012,Jul-12,7,2012,KLEINPLAATS,Minor Dam,1301,9.52,895.6,68.84
b7ee837d-8cd6-4bb8-ac29-094256cefea0,24/07/2012,Jul-12,7,2012,KLEINPLAATS,Minor Dam,1301,9.68,931.6,71.61
2a60ba0d-8c81-4f29-af8c-56e3ed8fd486,25/07/2012,Jul-12,7,2012,KLEINPLAATS,Minor Dam,1301,9.75,947.6,72.84
fe4be746-e1ed-44a6-83b1-28c4baff435b,26/07/2012,Jul-12,7,2012,KLEINPLAATS,Minor Dam,1301,9.8,959.1,73.72
b62787e5-89c2-47c0-902b-c4c655292b11,27/07/2012,Jul-12,7,2012,KLEINPLAATS,Minor Dam,1301,9.65,924.8,71.08
1a637786-452f-4850-8384-a9ff4020ad98,28/07/2012,Jul-12,7,2012,KLEINPLAATS,Minor Dam,1301,9.87,975.4,74.97
e2e8b01a-ec48-47bf-9549-5afe32688f97,29/07/2012,Jul-12,7,2012,KLEINPLAATS,Minor Dam,1301,9.88,977.7,75.15
e7807185-2acb-46fe-968e-81d641ca9801,30/07/2012,Jul-12,7,2012,KLEINPLAATS,Minor Dam,1301,9.9,982.4,75.51
453ad254-6378-43ac-9574-cd6a56b7a622,31/07/2012,Jul-12,7,2012,KLEINPLAATS,Minor Dam,1301,9.95,994.2,76.42
0f5ddc9b-ada9-4566-a98a-a9503ef1a7c3,01/08/2012,Aug-12,8,2012,KLEINPLAATS,Minor Dam,1301,10,1006,77.33
04ee6530-6d69-45a1-a614-09fa4738e8f4,02/08/2012,Aug-12,8,2012,KLEINPLAATS,Minor Dam,1301,10,1006,77.33
7f0e8603-84b4-4478-abe5-2290999baddd,03/08/2012,Aug-12,8,2012,KLEINPLAATS,Minor Dam,1301,10.05,1017.9,78.24
8db209c9-a6ef-49f7-b940-66e87d18fcec,04/08/2012,Aug-12,8,2012,KLEINPLAATS,Minor Dam,1301,10.1,1029.9,79.16
72521b3a-c9a0-42c3-a8eb-3d3a95e84ae5,05/08/2012,Aug-12,8,2012,KLEINPLAATS,Minor Dam,1301,10.1,1029.9,79.16
fea2bbdb-7ccb-4a6f-b042-d739cf406c5d,06/08/2012,Aug-12,8,2012,KLEINPLAATS,Minor Dam,1301,10.12,1035,79.55
5d054ffc-1600-442f-acab-3519faad3a7b,07/08/2012,Aug-12,8,2012,KLEINPLAATS,Minor Dam,1301,10.18,1050.4,80.74
1306713c-97f3-448f-b9ea-436adae9a8b1,08/08/2012,Aug-12,8,2012,KLEINPLAATS,Minor Dam,1301,10.2,1055.5,81.13
aacd640a-12a6-48c5-a181-9460d21f7a01,09/08/2012,Aug-12,8,2012,KLEINPLAATS,Minor Dam,1301,10.22,1060.7,81.53
bd20427f-bb5c-4a77-9a8a-73459d174f6e,10/08/2012,Aug-12,8,2012,KLEINPLAATS,Minor Dam,1301,10.24,1065.9,81.93
ba20a893-bab3-4c3a-8698-5dc830cb8fa2,11/08/2012,Aug-12,8,2012,KLEINPLAATS,Minor Dam,1301,10.5,1134.7,87.22
8296cc58-48e8-422f-9291-70741fc63a24,12/08/2012,Aug-12,8,2012,KLEINPLAATS,Minor Dam,1301,10.55,1148.3,88.26
2c2b6482-9069-4d42-981a-2c304f5fcc2c,13/08/2012,Aug-12,8,2012,KLEINPLAATS,Minor Dam,1301,10.6,1161.9,89.31
a442af15-bda9-4c38-9c0a-f5ea14e12017,14/08/2012,Aug-12,8,2012,KLEINPLAATS,Minor Dam,1301,10.65,1175.6,90.36
416a3dd3-ad85-4759-bf7c-46d7d1bae440,15/08/2012,Aug-12,8,2012,KLEINPLAATS,Minor Dam,1301,10.75,1203.4,92.5
32be354d-e9f9-4a83-a757-872a5282623a,16/08/2012,Aug-12,8,2012,KLEINPLAATS,Minor Dam,1301,10.8,1217.4,93.57
582deead-6fc8-4341-92bf-14c3c22f22c2,17/08/2012,Aug-12,8,2012,KLEINPLAATS,Minor Dam,1301,10.9,1245.7,95.75
fb6809f5-017e-45c1-bbe4-5b98e55dd3d3,18/08/2012,Aug-12,8,2012,KLEINPLAATS,Minor Dam,1301,10.95,1260,96.85
9fd9f060-a5c4-4aab-8f60-b76de3cc7dbc,19/08/2012,Aug-12,8,2012,KLEINPLAATS,Minor Dam,1301,11,1274.5,97.96
e4d30e9a-8ac5-4f87-8106-0c96ff48e2a7,20/08/2012,Aug-12,8,2012,KLEINPLAATS,Minor Dam,1301,11.08,1297.7,99.75
83d661ff-dccf-473e-a382-002b0dcecf34,21/08/2012,Aug-12,8,2012,KLEINPLAATS,Minor Dam,1301,11.09,1300.6,99.97
4e13acc5-f2b6-4ca5-985f-8827fae8e419,22/08/2012,Aug-12,8,2012,KLEINPLAATS,Minor Dam,1301,11.1,1303.6,100.2
0e9a9e05-10d6-4908-8dab-9e3266f2b6ea,23/08/2012,Aug-12,8,2012,KLEINPLAATS,Minor Dam,1301,11.1,1303.6,100.2
b008bbaf-f9c5-45f1-9b10-7e4fd1f9db9f,24/08/2012,Aug-12,8,2012,KLEINPLAATS,Minor Dam,1301,11.09,1300.6,99.97
b1aa6d55-4723-43cf-aea6-a0fb8db9a39c,25/08/2012,Aug-12,8,2012,KLEINPLAATS,Minor Dam,1301,11.09,1300.6,99.97
e466fd29-4424-4962-8cb7-41a96fc46ec8,26/08/2012,Aug-12,8,2012,KLEINPLAATS,Minor Dam,1301,11.09,1300.6,99.97
96250086-038f-4693-befb-f83ca45b0a7f,27/08/2012,Aug-12,8,2012,KLEINPLAATS,Minor Dam,1301,11.09,1300.6,99.97
2f1b0699-3a90-49ad-bc7a-36a07e4b0c7a,28/08/2012,Aug-12,8,2012,KLEINPLAATS,Minor Dam,1301,11.09,1300.6,99.97
a6b9c14e-7414-44e3-a2fe-5a2e23038341,29/08/2012,Aug-12,8,2012,KLEINPLAATS,Minor Dam,1301,11.09,1300.6,99.97
a0b76422-c043-47ea-8359-25ed89f0eef7,30/08/2012,Aug-12,8,2012,KLEINPLAATS,Minor Dam,1301,11.09,1300.6,99.97
26b5d9f0-c8d6-4b63-a627-964556d2d25f,31/08/2012,Aug-12,8,2012,KLEINPLAATS,Minor Dam,1301,11.09,1300.6,99.97
ef8fa4a3-326a-46c7-8e5f-5d978ec77e80,01/09/2012,Sep-12,9,2012,KLEINPLAATS,Minor Dam,1301,11.09,1300.6,99.97
04d20ac6-ae91-40cb-9675-68b3db0c80c4,02/09/2012,Sep-12,9,2012,KLEINPLAATS,Minor Dam,1301,11.09,1300.6,99.97
6134bcac-796e-448c-939c-c739dfa398f9,03/09/2012,Sep-12,9,2012,KLEINPLAATS,Minor Dam,1301,11.09,1300.6,99.97
ad5989bc-ee2e-4d38-bf1e-f7a99c572d71,04/09/2012,Sep-12,9,2012,KLEINPLAATS,Minor Dam,1301,11.09,1300.6,99.97
4748a68e-b2f8-4c0a-9bda-24c009c57d75,05/09/2012,Sep-12,9,2012,KLEINPLAATS,Minor Dam,1301,11.09,1300.6,99.97
e7f48873-0b15-4978-93a9-00b2f9e60e6a,06/09/2012,Sep-12,9,2012,KLEINPLAATS,Minor Dam,1301,11.09,1300.6,99.97
ec3265e9-5d13-4b57-b049-bffaa7fd7615,07/09/2012,Sep-12,9,2012,KLEINPLAATS,Minor Dam,1301,11.09,1300.6,99.97
91599a4d-0c99-4e56-9551-ce5cb41fa5fa,08/09/2012,Sep-12,9,2012,KLEINPLAATS,Minor Dam,1301,11.09,1300.6,99.97
7d77136d-796e-4b13-9f44-3150852f6ffa,09/09/2012,Sep-12,9,2012,KLEINPLAATS,Minor Dam,1301,11.09,1300.6,99.97
b0588f9b-a796-4b58-a128-1867f8848c49,10/09/2012,Sep-12,9,2012,KLEINPLAATS,Minor Dam,1301,11.09,1300.6,99.97
a4a7c26f-33cc-4c14-afbc-b81f58e2f43a,11/09/2012,Sep-12,9,2012,KLEINPLAATS,Minor Dam,1301,11.09,1300.6,99.97
3f7784f6-090f-405f-b096-6d855dcda650,12/09/2012,Sep-12,9,2012,KLEINPLAATS,Minor Dam,1301,11.09,1300.6,99.97
e67d0f95-95a4-4fe5-80f3-96d2d8318dca,13/09/2012,Sep-12,9,2012,KLEINPLAATS,Minor Dam,1301,11.05,1289,99.08
39355ba9-0213-4900-8302-916fca34a39a,14/09/2012,Sep-12,9,2012,KLEINPLAATS,Minor Dam,1301,11.09,1300.6,99.97
e7e95234-dd68-46f6-94e1-47cb76fe3db5,15/09/2012,Sep-12,9,2012,KLEINPLAATS,Minor Dam,1301,11.05,1289,99.08
828b1295-717d-4797-88f9-71feea42a39d,16/09/2012,Sep-12,9,2012,KLEINPLAATS,Minor Dam,1301,11.05,1289,99.08
419ae0b1-3038-4d9d-97d3-e5d7a7a8c964,17/09/2012,Sep-12,9,2012,KLEINPLAATS,Minor Dam,1301,11.05,1289,99.08
5d05bd64-ab9a-4ffc-b117-92727cdd9928,18/09/2012,Sep-12,9,2012,KLEINPLAATS,Minor Dam,1301,11.05,1289,99.08
d4f0e962-b0d6-4d84-8d8c-9fd17048ef9b,19/09/2012,Sep-12,9,2012,KLEINPLAATS,Minor Dam,1301,11,1274.5,97.96
a99aa703-d3a9-4f46-87a7-aecc2428652f,20/09/2012,Sep-12,9,2012,KLEINPLAATS,Minor Dam,1301,11,1274.5,97.96
7a014916-c227-4a54-bb70-45b64009c011,21/09/2012,Sep-12,9,2012,KLEINPLAATS,Minor Dam,1301,11.05,1289,99.08
bf7f6e6e-822a-47f4-b4eb-c36bf5e71c52,22/09/2012,Sep-12,9,2012,KLEINPLAATS,Minor Dam,1301,11.09,1300.6,99.97
7687197e-f5de-4920-b4fd-2a24a34abe3e,23/09/2012,Sep-12,9,2012,KLEINPLAATS,Minor Dam,1301,11.05,1289,99.08
1942db00-cc3c-4959-8eef-0a11c1947cc6,24/09/2012,Sep-12,9,2012,KLEINPLAATS,Minor Dam,1301,11.05,1289,99.08
03c69628-31a4-4fa2-a460-dd4af06de625,25/09/2012,Sep-12,9,2012,KLEINPLAATS,Minor Dam,1301,11.05,1289,99.08
d3198420-3b99-402c-9b29-39f2d77306d2,26/09/2012,Sep-12,9,2012,KLEINPLAATS,Minor Dam,1301,11.15,1318.3,101.33
50acc412-24f9-4c40-a2ee-7843e933f781,27/09/2012,Sep-12,9,2012,KLEINPLAATS,Minor Dam,1301,11.09,1300.6,99.97
bdc74f85-2346-4c34-a735-84a741118c80,28/09/2012,Sep-12,9,2012,KLEINPLAATS,Minor Dam,1301,11.09,1300.6,99.97
d7e85e17-79c9-4d3b-8e25-d8c82e826c41,29/09/2012,Sep-12,9,2012,KLEINPLAATS,Minor Dam,1301,11.09,1300.6,99.97
26a2902f-8055-4834-a215-91df9b16e9d0,30/09/2012,Sep-12,9,2012,KLEINPLAATS,Minor Dam,1301,11.09,1300.6,99.97
22b0c6ab-ce61-4763-aed1-ee4dc5f0a703,01/10/2012,Oct-12,10,2012,KLEINPLAATS,Minor Dam,1301,11.09,1300.6,99.97
a2d469d1-6760-42ea-9be3-ebbe173a49c6,02/10/2012,Oct-12,10,2012,KLEINPLAATS,Minor Dam,1301,11.09,1300.6,99.97
b5586230-de62-41b5-8f11-586a3b80df56,03/10/2012,Oct-12,10,2012,KLEINPLAATS,Minor Dam,1301,11.09,1300.6,99.97
09a4a288-d9a2-4d5b-a31c-2099a44bd49d,04/10/2012,Oct-12,10,2012,KLEINPLAATS,Minor Dam,1301,11.09,1300.6,99.97
3870c7b5-f37b-4e6f-af93-51cec036ecc1,05/10/2012,Oct-12,10,2012,KLEINPLAATS,Minor Dam,1301,11.09,1300.6,99.97
59318156-dd83-4993-b915-a800e818e7b2,06/10/2012,Oct-12,10,2012,KLEINPLAATS,Minor Dam,1301,11.09,1300.6,99.97
7575eb11-1019-4e46-bbe3-3a28cfb60b69,07/10/2012,Oct-12,10,2012,KLEINPLAATS,Minor Dam,1301,11.09,1300.6,99.97
eb5afa16-e270-4abf-ab15-502f033901d7,08/10/2012,Oct-12,10,2012,KLEINPLAATS,Minor Dam,1301,11.09,1300.6,99.97
3af84874-7065-4a56-8817-d0e6a12a7854,09/10/2012,Oct-12,10,2012,KLEINPLAATS,Minor Dam,1301,11.09,1300.6,99.97
653a705b-7af4-4688-9e39-9d32e127f023,10/10/2012,Oct-12,10,2012,KLEINPLAATS,Minor Dam,1301,11.09,1300.6,99.97
7534274e-a6d8-47e9-959d-e663a877dac8,11/10/2012,Oct-12,10,2012,KLEINPLAATS,Minor Dam,1301,11.09,1300.6,99.97
0e603a68-3ea7-4ea7-845e-79a0fae73f8d,12/10/2012,Oct-12,10,2012,KLEINPLAATS,Minor Dam,1301,11.09,1300.6,99.97
c8652322-95b4-4995-9a94-ab7ca3bd29c0,13/10/2012,Oct-12,10,2012,KLEINPLAATS,Minor Dam,1301,11.1,1303.6,100.2
883c77ed-4ada-40b1-b00b-eb3db2022b19,14/10/2012,Oct-12,10,2012,KLEINPLAATS,Minor Dam,1301,11.1,1303.6,100.2
c68eed27-67dc-4ab7-bbf3-244af3306f6f,15/10/2012,Oct-12,10,2012,KLEINPLAATS,Minor Dam,1301,11.1,1303.6,100.2
8744ede8-4245-4a60-8849-8320542e5486,16/10/2012,Oct-12,10,2012,KLEINPLAATS,Minor Dam,1301,11.1,1303.6,100.2
1815e6c9-d6cd-42de-b755-3285fe05367c,17/10/2012,Oct-12,10,2012,KLEINPLAATS,Minor Dam,1301,11.09,1300.6,99.97
707c442b-aaae-4642-8128-0178a04e5648,18/10/2012,Oct-12,10,2012,KLEINPLAATS,Minor Dam,1301,11.09,1300.6,99.97
48942865-6c5d-45f0-affa-4c78316705d0,19/10/2012,Oct-12,10,2012,KLEINPLAATS,Minor Dam,1301,11.09,1300.6,99.97
95e94868-2a37-4a26-89e2-4ea1551b1999,20/10/2012,Oct-12,10,2012,KLEINPLAATS,Minor Dam,1301,11.09,1300.6,99.97
29bc2fae-35b3-4962-a352-0a73f2651815,21/10/2012,Oct-12,10,2012,KLEINPLAATS,Minor Dam,1301,11.09,1300.6,99.97
85ba8b34-0ff0-41d5-a0f1-ddb02b4060bd,22/10/2012,Oct-12,10,2012,KLEINPLAATS,Minor Dam,1301,11.09,1300.6,99.97
6c01471a-b2c1-4f7c-a8f5-1ca6ecd54ce0,23/10/2012,Oct-12,10,2012,KLEINPLAATS,Minor Dam,1301,11.09,1300.6,99.97
da27936a-a6c0-425c-afe2-5474637fb3c4,24/10/2012,Oct-12,10,2012,KLEINPLAATS,Minor Dam,1301,11.09,1300.6,99.97
e6adf1d0-1d44-4ebb-a04a-149354110cf0,25/10/2012,Oct-12,10,2012,KLEINPLAATS,Minor Dam,1301,11.09,1300.6,99.97
1fa37eb3-17f8-48d1-9113-40e94466c514,26/10/2012,Oct-12,10,2012,KLEINPLAATS,Minor Dam,1301,11.09,1300.6,99.97
b47ae531-733f-49e5-a8f3-1af36c1b4021,27/10/2012,Oct-12,10,2012,KLEINPLAATS,Minor Dam,1301,11.09,1300.6,99.97
a5be4296-5def-4aee-a136-8bef98a66024,28/10/2012,Oct-12,10,2012,KLEINPLAATS,Minor Dam,1301,11.09,1300.6,99.97
fc5b6200-b6e0-4e6f-98e7-4a44a315b33e,29/10/2012,Oct-12,10,2012,KLEINPLAATS,Minor Dam,1301,11.09,1300.6,99.97
094cb7a9-5e36-4a9a-b1f8-d946c7bb3b63,30/10/2012,Oct-12,10,2012,KLEINPLAATS,Minor Dam,1301,11.01,1277.3,98.18
8e960a7f-dc78-4d2d-af68-3006064903db,31/10/2012,Oct-12,10,2012,KLEINPLAATS,Minor Dam,1301,11.02,1280.2,98.4
115f1fa7-ca62-4a78-89b1-6e4a9d1ed09f,01/11/2012,Nov-12,11,2012,KLEINPLAATS,Minor Dam,1301,11.09,1300.6,99.97
5affa760-7668-4823-bc61-b4e9bd0fbea3,02/11/2012,Nov-12,11,2012,KLEINPLAATS,Minor Dam,1301,11.08,1297.7,99.75
d6e8768f-79d8-44c1-be29-97daee40d8bc,03/11/2012,Nov-12,11,2012,KLEINPLAATS,Minor Dam,1301,11.09,1300.6,99.97
a0f9845a-26df-465e-b342-02393ef1727c,04/11/2012,Nov-12,11,2012,KLEINPLAATS,Minor Dam,1301,11.09,1300.6,99.97
7ebee57f-5706-49cb-a0fc-620657665f99,05/11/2012,Nov-12,11,2012,KLEINPLAATS,Minor Dam,1301,11.09,1300.6,99.97
1f03bb3b-1e10-46e5-a605-4f01d36ad7f5,06/11/2012,Nov-12,11,2012,KLEINPLAATS,Minor Dam,1301,11.09,1300.6,99.97
450f315c-ee06-4a00-8bfb-52576353aea7,07/11/2012,Nov-12,11,2012,KLEINPLAATS,Minor Dam,1301,11.09,1300.6,99.97
ab1230cd-fda6-432f-ad8c-88cbf8cc8793,08/11/2012,Nov-12,11,2012,KLEINPLAATS,Minor Dam,1301,11.09,1300.6,99.97
e63d1cd9-dd15-4c9b-b458-60396e3de92c,09/11/2012,Nov-12,11,2012,KLEINPLAATS,Minor Dam,1301,11.09,1300.6,99.97
eb19d7fe-e80c-4cce-bef2-d5a39d4fbb8b,10/11/2012,Nov-12,11,2012,KLEINPLAATS,Minor Dam,1301,11,1274.5,97.96
d875692d-d863-46cd-afcd-6e6947cedc78,11/11/2012,Nov-12,11,2012,KLEINPLAATS,Minor Dam,1301,11,1274.5,97.96
1be6a6c0-7dc9-424c-ac54-425143a665e8,12/11/2012,Nov-12,11,2012,KLEINPLAATS,Minor Dam,1301,11,1274.5,97.96
05701ac2-257c-4867-8f0f-a09eecd496d5,13/11/2012,Nov-12,11,2012,KLEINPLAATS,Minor Dam,1301,11,1274.5,97.96
2c476938-ffe3-4ebe-924e-2306878c9946,14/11/2012,Nov-12,11,2012,KLEINPLAATS,Minor Dam,1301,11,1274.5,97.96
c8816e43-30cc-4696-a04d-c506ca5915ff,15/11/2012,Nov-12,11,2012,KLEINPLAATS,Minor Dam,1301,11,1274.5,97.96
cb41c06b-5d34-4fb9-9545-470cf99e1448,16/11/2012,Nov-12,11,2012,KLEINPLAATS,Minor Dam,1301,10.9,1245.7,95.75
3c4e6d1d-0a58-4d9b-a9da-1b2d6f2bb5a8,17/11/2012,Nov-12,11,2012,KLEINPLAATS,Minor Dam,1301,10.88,1240,95.31
44b89373-e655-44f4-af17-42cc2ac6fa1e,18/11/2012,Nov-12,11,2012,KLEINPLAATS,Minor Dam,1301,10.85,1231.5,94.66
bfdc779f-b3a2-4884-8103-9324f271a884,19/11/2012,Nov-12,11,2012,KLEINPLAATS,Minor Dam,1301,11,1274.5,97.96
0386056e-6a03-4234-b221-1d3bd44256aa,20/11/2012,Nov-12,11,2012,KLEINPLAATS,Minor Dam,1301,10.85,1231.5,94.66
f0f56e93-7bbf-4b67-afef-00aa567b8bfc,21/11/2012,Nov-12,11,2012,KLEINPLAATS,Minor Dam,1301,10.83,1225.9,94.23
2d4c0687-e076-41ad-8182-2d040eab0522,22/11/2012,Nov-12,11,2012,KLEINPLAATS,Minor Dam,1301,10.85,1231.5,94.66
bcb3b1dd-eeca-44f7-92de-adcacd1db3f4,23/11/2012,Nov-12,11,2012,KLEINPLAATS,Minor Dam,1301,10.85,1231.5,94.66
0e7ceed7-528f-4fa9-804b-9bd250232f79,24/11/2012,Nov-12,11,2012,KLEINPLAATS,Minor Dam,1301,11,1274.5,97.96
d9b2d3ed-46c9-466f-bf3b-b13e46952091,25/11/2012,Nov-12,11,2012,KLEINPLAATS,Minor Dam,1301,11,1274.5,97.96
faa82481-3d19-466e-8e34-086eebe5c438,26/11/2012,Nov-12,11,2012,KLEINPLAATS,Minor Dam,1301,10.8,1217.4,93.57
39333bf1-231f-4a6f-9289-2bb9fda244d2,27/11/2012,Nov-12,11,2012,KLEINPLAATS,Minor Dam,1301,10.8,1217.4,93.57
5b5bd0ba-f205-4d53-a012-c359b112f6df,28/11/2012,Nov-12,11,2012,KLEINPLAATS,Minor Dam,1301,10.77,1209,92.93
c6a9313d-1748-4743-b026-b4776adebd87,29/11/2012,Nov-12,11,2012,KLEINPLAATS,Minor Dam,1301,10.77,1209,92.93
ada8e423-931a-49a3-9a94-054ef413802b,30/11/2012,Nov-12,11,2012,KLEINPLAATS,Minor Dam,1301,10.77,1209,92.93
13a65fc2-f134-418e-851c-30a987c5ca71,01/12/2012,Dec-12,12,2012,KLEINPLAATS,Minor Dam,1301,10.77,1209,92.93
afa2f994-89b9-4e36-a8ee-ec18bd6bf8c2,02/12/2012,Dec-12,12,2012,KLEINPLAATS,Minor Dam,1301,10.77,1209,92.93
9de63298-b726-41d2-b432-a9efd02940d0,03/12/2012,Dec-12,12,2012,KLEINPLAATS,Minor Dam,1301,10.7,1189.5,91.43
7e9f3c4d-719a-489a-902a-d4b638be8820,04/12/2012,Dec-12,12,2012,KLEINPLAATS,Minor Dam,1301,10.7,1189.5,91.43
4328103c-7264-4ffb-a15b-7f0e0d0d972c,05/12/2012,Dec-12,12,2012,KLEINPLAATS,Minor Dam,1301,10.7,1189.5,91.43
591cdc93-1f72-4bf7-b3d6-053c441b8427,06/12/2012,Dec-12,12,2012,KLEINPLAATS,Minor Dam,1301,10.7,1189.5,91.43
470d04cb-760e-46e6-9bdf-e5d87c75a275,07/12/2012,Dec-12,12,2012,KLEINPLAATS,Minor Dam,1301,10.6,1161.9,89.31
a339fd77-d169-4ec5-baf7-a1e3eedc8b79,08/12/2012,Dec-12,12,2012,KLEINPLAATS,Minor Dam,1301,10.55,1148.3,88.26
a4e54401-2b60-4b5d-9cb1-055c5b52dff8,09/12/2012,Dec-12,12,2012,KLEINPLAATS,Minor Dam,1301,10.5,1134.7,87.22
ba7ab965-8af3-4eb9-add7-65fed2ca6b12,10/12/2012,Dec-12,12,2012,KLEINPLAATS,Minor Dam,1301,10.5,1134.7,87.22
0768738b-b428-4854-bb50-d36d122b6863,11/12/2012,Dec-12,12,2012,KLEINPLAATS,Minor Dam,1301,10.5,1134.7,87.22
79320922-5000-47a2-829c-960d15e43e7d,12/12/2012,Dec-12,12,2012,KLEINPLAATS,Minor Dam,1301,10.5,1134.7,87.22
a50c6400-02ce-4121-aaec-b512801f3165,13/12/2012,Dec-12,12,2012,KLEINPLAATS,Minor Dam,1301,10.5,1134.7,87.22
8035fb15-55c8-49ef-b24d-3cb8faafba15,14/12/2012,Dec-12,12,2012,KLEINPLAATS,Minor Dam,1301,10.5,1134.7,87.22
f7367e57-0bde-4926-9ef1-d1e81948b3bb,15/12/2012,Dec-12,12,2012,KLEINPLAATS,Minor Dam,1301,10.5,1134.7,87.22
bee6d841-1f6e-47a6-8335-f50b67a32939,16/12/2012,Dec-12,12,2012,KLEINPLAATS,Minor Dam,1301,10.5,1134.7,87.22
a088542c-fdcd-430c-bf7e-a791e430184f,17/12/2012,Dec-12,12,2012,KLEINPLAATS,Minor Dam,1301,10.5,1134.7,87.22
77a4f6d2-af67-4a5f-83d7-0edb76e88eab,18/12/2012,Dec-12,12,2012,KLEINPLAATS,Minor Dam,1301,10.4,1108,85.17
034feace-cf3d-4f17-934b-bda7ce8b17c5,19/12/2012,Dec-12,12,2012,KLEINPLAATS,Minor Dam,1301,10.5,1134.7,87.22
96dd1c7a-1353-4515-ad7a-d2e097ff2f8a,20/12/2012,Dec-12,12,2012,KLEINPLAATS,Minor Dam,1301,10.5,1134.7,87.22
66d55069-4309-49ca-8271-2d0efda90b3c,21/12/2012,Dec-12,12,2012,KLEINPLAATS,Minor Dam,1301,10.48,1129.4,86.81
be364128-e11b-4e9b-8bf8-32d2b5e56472,22/12/2012,Dec-12,12,2012,KLEINPLAATS,Minor Dam,1301,10.48,1129.4,86.81
ab1a8e80-04c1-44ec-aea7-7162f9741435,23/12/2012,Dec-12,12,2012,KLEINPLAATS,Minor Dam,1301,10.48,1129.4,86.81
18d70a4f-433f-4514-b640-dc68d2f755ef,24/12/2012,Dec-12,12,2012,KLEINPLAATS,Minor Dam,1301,10.48,1129.4,86.81
523e454f-b3ff-46b6-81db-813cd4d6271b,25/12/2012,Dec-12,12,2012,KLEINPLAATS,Minor Dam,1301,10.48,1129.4,86.81
bf218639-d246-4a44-ad63-79cdbb288458,26/12/2012,Dec-12,12,2012,KLEINPLAATS,Minor Dam,1301,10.25,1068.5,82.13
7c87413a-1684-47d7-9a35-19fef7be4029,27/12/2012,Dec-12,12,2012,KLEINPLAATS,Minor Dam,1301,10.2,1055.5,81.13
6f9a15e9-d950-40b2-a0c5-ebdd30bf2dbb,28/12/2012,Dec-12,12,2012,KLEINPLAATS,Minor Dam,1301,10.2,1055.5,81.13
23e171ab-5ef4-4a69-8ea6-2884dd440843,29/12/2012,Dec-12,12,2012,KLEINPLAATS,Minor Dam,1301,10.2,1055.5,81.13
083d638c-746d-460b-af52-c9f3096f5eb4,30/12/2012,Dec-12,12,2012,KLEINPLAATS,Minor Dam,1301,10.2,1055.5,81.13
8d1e0c91-8d32-44e5-9b79-74589a54362c,31/12/2012,Dec-12,12,2012,KLEINPLAATS,Minor Dam,1301,10.18,1050.4,80.74
43ca2ccb-c588-4b76-a42d-cb9200826e01,01/01/2013,Jan-13,1,2013,KLEINPLAATS,Minor Dam,1301,10.18,1050.4,80.74
641eb179-ca8c-44a2-859b-abf9d81b1a65,02/01/2013,Jan-13,1,2013,KLEINPLAATS,Minor Dam,1301,10.05,1017.9,78.24
63ba48f3-64b7-403a-963a-8f0fb532068d,03/01/2013,Jan-13,1,2013,KLEINPLAATS,Minor Dam,1301,10,1006,77.33
9e4c6485-505e-400d-8f4c-fba38c082207,04/01/2013,Jan-13,1,2013,KLEINPLAATS,Minor Dam,1301,10.05,1017.9,78.24
ddf52c39-7aa0-4010-b762-d98b059ceea3,05/01/2013,Jan-13,1,2013,KLEINPLAATS,Minor Dam,1301,10.05,1017.9,78.24
ec1eeeff-dd11-4edb-9dea-38e1f508f21d,06/01/2013,Jan-13,1,2013,KLEINPLAATS,Minor Dam,1301,10.03,1013.1,77.87
248b0c02-871b-4007-a7a4-83c61a96a220,07/01/2013,Jan-13,1,2013,KLEINPLAATS,Minor Dam,1301,10.1,1029.9,79.16
8cfb8bc6-4993-40df-afc4-4bbf092e40bd,08/01/2013,Jan-13,1,2013,KLEINPLAATS,Minor Dam,1301,10.1,1029.9,79.16
6faf16bf-c39d-4b78-87da-eac7c413009a,09/01/2013,Jan-13,1,2013,KLEINPLAATS,Minor Dam,1301,10.06,1020.3,78.42
1441ea69-c157-40e4-b9fc-cfe9348929e1,10/01/2013,Jan-13,1,2013,KLEINPLAATS,Minor Dam,1301,10.05,1017.9,78.24
754a03be-0110-40c0-a2a7-8fa395089975,11/01/2013,Jan-13,1,2013,KLEINPLAATS,Minor Dam,1301,10.03,1013.1,77.87
2b96ff1a-728e-4478-afec-2437a36fd264,12/01/2013,Jan-13,1,2013,KLEINPLAATS,Minor Dam,1301,10,1006,77.33
29306965-5161-4a0e-9745-d6095ba67e91,13/01/2013,Jan-13,1,2013,KLEINPLAATS,Minor Dam,1301,9.98,1001.2,76.96
c8a6596c-64fd-4a95-8b39-d2d039b76451,14/01/2013,Jan-13,1,2013,KLEINPLAATS,Minor Dam,1301,9.95,994.2,76.42
607f7ad7-f437-4144-a8a3-67914f0d8c5b,15/01/2013,Jan-13,1,2013,KLEINPLAATS,Minor Dam,1301,9.9,982.4,75.51
52f90caf-0827-439f-b2de-fb7180296ada,16/01/2013,Jan-13,1,2013,KLEINPLAATS,Minor Dam,1301,9.9,982.4,75.51
dba4b031-6026-4273-9396-eb9de3a2368a,17/01/2013,Jan-13,1,2013,KLEINPLAATS,Minor Dam,1301,9.9,982.4,75.51
af0992c9-a2d6-420e-ab1a-b6a4489b210f,18/01/2013,Jan-13,1,2013,KLEINPLAATS,Minor Dam,1301,9.9,982.4,75.51
8f9de00a-00eb-491b-b41e-87fca6c541ff,19/01/2013,Jan-13,1,2013,KLEINPLAATS,Minor Dam,1301,9.9,982.4,75.51
111fb2ce-30ce-412c-a51c-410dbc05f0df,20/01/2013,Jan-13,1,2013,KLEINPLAATS,Minor Dam,1301,9.9,982.4,75.51
9f534e0b-80cc-4654-a199-bb916cfbbf90,21/01/2013,Jan-13,1,2013,KLEINPLAATS,Minor Dam,1301,9.9,982.4,75.51
3b8c0b1b-c670-44f1-8389-79eaace07f43,22/01/2013,Jan-13,1,2013,KLEINPLAATS,Minor Dam,1301,9.85,970.7,74.61
334f736a-7b80-43b7-8d0e-e660a69d28bb,23/01/2013,Jan-13,1,2013,KLEINPLAATS,Minor Dam,1301,9.79,956.8,73.54
579b44a1-0b8c-4074-9faf-0dcc77794c02,24/01/2013,Jan-13,1,2013,KLEINPLAATS,Minor Dam,1301,9.68,931.6,71.61
a4743a7f-3fe8-4929-bc19-2053f91f375b,25/01/2013,Jan-13,1,2013,KLEINPLAATS,Minor Dam,1301,9.68,931.6,71.61
df219338-1e20-42c3-ad34-d602dfd22b35,26/01/2013,Jan-13,1,2013,KLEINPLAATS,Minor Dam,1301,9.72,940.7,72.31
6e69d03f-d0e6-412b-ac65-1e06433cf11f,27/01/2013,Jan-13,1,2013,KLEINPLAATS,Minor Dam,1301,9.7,936.2,71.96
0deea961-4fb4-4a14-9936-0ac7421e5ff8,28/01/2013,Jan-13,1,2013,KLEINPLAATS,Minor Dam,1301,9.7,936.2,71.96
2569525a-d7e6-4177-a5ff-3c75f4088bed,29/01/2013,Jan-13,1,2013,KLEINPLAATS,Minor Dam,1301,9.7,936.2,71.96
80cd2824-244e-4854-a35e-2cf2c526d585,30/01/2013,Jan-13,1,2013,KLEINPLAATS,Minor Dam,1301,9.65,924.8,71.08
f343f82d-d7c0-4e4b-abfb-1e4188e977a7,31/01/2013,Jan-13,1,2013,KLEINPLAATS,Minor Dam,1301,9.6,913.5,70.22
4c5a23e7-65f1-4be9-9883-5f68a2535cb0,01/02/2013,Feb-13,2,2013,KLEINPLAATS,Minor Dam,1301,9.64,922.5,70.91
183506dd-7f3d-4873-8248-8926601b7f68,02/02/2013,Feb-13,2,2013,KLEINPLAATS,Minor Dam,1301,9.6,913.5,70.22
c782bf09-e7fc-4096-bb23-0eb769ff9f8c,03/02/2013,Feb-13,2,2013,KLEINPLAATS,Minor Dam,1301,9.6,913.5,70.22
512bece7-a32f-4df4-b4e8-ba9a2552a4d4,04/02/2013,Feb-13,2,2013,KLEINPLAATS,Minor Dam,1301,9.6,913.5,70.22
d64edbda-99e0-47ac-8659-24c1756c18ee,05/02/2013,Feb-13,2,2013,KLEINPLAATS,Minor Dam,1301,9.58,909,69.87
2fda00f1-0e83-4291-916f-866be1ec3c71,06/02/2013,Feb-13,2,2013,KLEINPLAATS,Minor Dam,1301,9.58,909,69.87
3f0927f9-0814-47e3-a06b-ce71f6f629a2,07/02/2013,Feb-13,2,2013,KLEINPLAATS,Minor Dam,1301,9.52,895.6,68.84
21280717-174b-464e-857f-c3238bc3c334,08/02/2013,Feb-13,2,2013,KLEINPLAATS,Minor Dam,1301,9.48,886.8,68.16
c726e2f4-3e27-4c2a-a670-1b36242e6166,09/02/2013,Feb-13,2,2013,KLEINPLAATS,Minor Dam,1301,9.3,847.5,65.14
2044184b-c08e-4352-a9bc-c398363ee7cf,10/02/2013,Feb-13,2,2013,KLEINPLAATS,Minor Dam,1301,9.39,867,66.64
19fdbbbe-b0e4-4b4e-8ec4-894ba2f898ab,11/02/2013,Feb-13,2,2013,KLEINPLAATS,Minor Dam,1301,9.33,854,65.64
24ce7de5-9db4-4690-a4d5-79fbe4553750,12/02/2013,Feb-13,2,2013,KLEINPLAATS,Minor Dam,1301,9.3,847.5,65.14
23cff74d-cda5-4cfb-95dd-47e0d8a9282a,13/02/2013,Feb-13,2,2013,KLEINPLAATS,Minor Dam,1301,9.29,845.4,64.98
045b02b9-a4fe-49e2-8797-cdf536709380,14/02/2013,Feb-13,2,2013,KLEINPLAATS,Minor Dam,1301,9.25,836.8,64.32
3ee5d72a-bb1d-455f-823a-a89cf79628a4,15/02/2013,Feb-13,2,2013,KLEINPLAATS,Minor Dam,1301,9.1,805.1,61.88
9f0f0dc4-4185-4776-84c2-193432a5c8f9,16/02/2013,Feb-13,2,2013,KLEINPLAATS,Minor Dam,1301,9.06,796.8,61.25
4fcdcbf4-c86f-411b-94e3-02994109fa59,17/02/2013,Feb-13,2,2013,KLEINPLAATS,Minor Dam,1301,8.98,780.2,59.97
695f6523-ec40-44b1-95ef-15499bcbfc3d,18/02/2013,Feb-13,2,2013,KLEINPLAATS,Minor Dam,1301,8.9,763.9,58.72
ba13bde5-bc05-4f3b-a8ee-29782a6c3e65,19/02/2013,Feb-13,2,2013,KLEINPLAATS,Minor Dam,1301,8.85,753.8,57.94
3150cd42-669c-4f8e-9168-5987c81f3d46,20/02/2013,Feb-13,2,2013,KLEINPLAATS,Minor Dam,1301,8.82,747.8,57.48
2f7a97a4-e631-4128-81c2-764384c04f92,21/02/2013,Feb-13,2,2013,KLEINPLAATS,Minor Dam,1301,8.8,743.8,57.17
7bfbf40b-5964-4f6b-b83b-09d4a85426e4,22/02/2013,Feb-13,2,2013,KLEINPLAATS,Minor Dam,1301,8.7,724,55.65
5a110aee-ad2b-4426-b562-448ec209ebff,23/02/2013,Feb-13,2,2013,KLEINPLAATS,Minor Dam,1301,8.68,720.1,55.35
465c0136-3d84-4210-99ff-ffa2e5504c16,24/02/2013,Feb-13,2,2013,KLEINPLAATS,Minor Dam,1301,8.68,720.1,55.35
22f36088-62c6-4d82-a781-d870cf3392fb,25/02/2013,Feb-13,2,2013,KLEINPLAATS,Minor Dam,1301,8.65,714.2,54.9
6fe1ec77-e711-4928-8c19-9b90d0d05f97,26/02/2013,Feb-13,2,2013,KLEINPLAATS,Minor Dam,1301,8.62,708.4,54.45
4480994d-49d3-4441-ab09-81f9dd8a730d,27/02/2013,Feb-13,2,2013,KLEINPLAATS,Minor Dam,1301,8.6,704.5,54.15
8f9d4dee-050e-4ca9-9ee0-3713c295e2a6,28/02/2013,Feb-13,2,2013,KLEINPLAATS,Minor Dam,1301,8.6,704.5,54.15
1b5ac5d5-89c1-4e58-b897-e5eab9ab142f,01/03/2013,Mar-13,3,2013,KLEINPLAATS,Minor Dam,1301,8.6,704.5,54.15
b88caa13-b516-405a-bab6-9c54a3131933,02/03/2013,Mar-13,3,2013,KLEINPLAATS,Minor Dam,1301,8.6,704.5,54.15
f8e119e3-c951-4e7d-983b-724b25faa2f3,03/03/2013,Mar-13,3,2013,KLEINPLAATS,Minor Dam,1301,8.56,697.3,53.6
4d4baab6-6b14-47c9-b14e-9f9d3e12052c,04/03/2013,Mar-13,3,2013,KLEINPLAATS,Minor Dam,1301,8.53,691.9,53.18
f821f2b0-c667-42cc-9648-77fb3682a52e,05/03/2013,Mar-13,3,2013,KLEINPLAATS,Minor Dam,1301,8.5,686.5,52.77
cb30e403-37c0-43a0-85da-241a589f2a7b,06/03/2013,Mar-13,3,2013,KLEINPLAATS,Minor Dam,1301,8.48,682.9,52.49
7d5921b6-325d-4ff4-bbe0-7f9ab04d03e9,07/03/2013,Mar-13,3,2013,KLEINPLAATS,Minor Dam,1301,8.41,670.5,51.54
7abf70d7-5b28-4355-841b-ee43ea9c9387,08/03/2013,Mar-13,3,2013,KLEINPLAATS,Minor Dam,1301,8.4,668.7,51.4
42c40f76-b04b-4d4e-be0e-0438e25efe5c,09/03/2013,Mar-13,3,2013,KLEINPLAATS,Minor Dam,1301,8.4,668.7,51.4
58056fd3-8fb6-403b-bc06-ae2ef139f5a8,10/03/2013,Mar-13,3,2013,KLEINPLAATS,Minor Dam,1301,8.4,668.7,51.4
501e5c7c-063e-40f1-a847-baac0a24c09b,11/03/2013,Mar-13,3,2013,KLEINPLAATS,Minor Dam,1301,8.4,668.7,51.4
89e3a4ec-96f9-4f38-acdb-4c8694c73fc2,12/03/2013,Mar-13,3,2013,KLEINPLAATS,Minor Dam,1301,8.4,668.7,51.4
98e0b22e-fd34-48b6-87d7-2c624efd012d,13/03/2013,Mar-13,3,2013,KLEINPLAATS,Minor Dam,1301,8.38,665.2,51.13
81421d82-c142-470d-b588-2e825c3eca2b,14/03/2013,Mar-13,3,2013,KLEINPLAATS,Minor Dam,1301,8.38,665.2,51.13
5f6a2331-52fa-4ea4-b871-96f0e96602e4,15/03/2013,Mar-13,3,2013,KLEINPLAATS,Minor Dam,1301,8.38,665.2,51.13
c36d23ab-2868-4438-a925-a21f9c4e7592,16/03/2013,Mar-13,3,2013,KLEINPLAATS,Minor Dam,1301,8.35,659.9,50.72
43c37b52-3a61-4aaf-8d79-d7f7c2f927d4,17/03/2013,Mar-13,3,2013,KLEINPLAATS,Minor Dam,1301,8.32,654.7,50.32
3c7fd7ba-9c61-45f9-b239-8fa39dc3be53,18/03/2013,Mar-13,3,2013,KLEINPLAATS,Minor Dam,1301,8.3,651.2,50.05
27979f53-508c-4643-a369-5e4fd3265e98,19/03/2013,Mar-13,3,2013,KLEINPLAATS,Minor Dam,1301,8.3,651.2,50.05
55d54975-0f04-42b4-bff7-7e61a8571e3d,20/03/2013,Mar-13,3,2013,KLEINPLAATS,Minor Dam,1301,8.3,651.2,50.05
6493eb32-1f9a-49b8-910b-c1f2b5c9adab,21/03/2013,Mar-13,3,2013,KLEINPLAATS,Minor Dam,1301,8.28,647.7,49.78
21b09eac-c662-419a-89d2-58af9336691e,22/03/2013,Mar-13,3,2013,KLEINPLAATS,Minor Dam,1301,8.28,647.7,49.78
97fc9aa7-b3e0-4bb0-957f-fce651c890a1,23/03/2013,Mar-13,3,2013,KLEINPLAATS,Minor Dam,1301,8.2,633.9,48.72
4215a7c4-ab0e-4370-9983-0bc9fbf6c264,24/03/2013,Mar-13,3,2013,KLEINPLAATS,Minor Dam,1301,8.2,633.9,48.72
ad403768-2bbb-4659-ad44-763deef6cc34,25/03/2013,Mar-13,3,2013,KLEINPLAATS,Minor Dam,1301,8.2,633.9,48.72
530632f4-00be-4db5-8db6-be9c817bac5c,26/03/2013,Mar-13,3,2013,KLEINPLAATS,Minor Dam,1301,8.2,633.9,48.72
12f5b19f-8d6f-447f-a842-b02643a6bcc0,27/03/2013,Mar-13,3,2013,KLEINPLAATS,Minor Dam,1301,8.15,625.4,48.07
361b244b-753a-4024-a21d-7ca6daf8851c,28/03/2013,Mar-13,3,2013,KLEINPLAATS,Minor Dam,1301,8.15,625.4,48.07
75873c0f-700e-4b3d-bda5-e3b4fc23398c,29/03/2013,Mar-13,3,2013,KLEINPLAATS,Minor Dam,1301,8.15,625.4,48.07
3a5a91df-cf22-4daa-8375-fd2a9c59f5b2,30/03/2013,Mar-13,3,2013,KLEINPLAATS,Minor Dam,1301,8.13,622,47.81
981ceb6a-ce2c-4d03-b148-4671d8807611,31/03/2013,Mar-13,3,2013,KLEINPLAATS,Minor Dam,1301,8.12,620.3,47.68
1e803a1c-566f-4acb-8a8d-3e6ae038dbbf,01/04/2013,Apr-13,4,2013,KLEINPLAATS,Minor Dam,1301,8.11,618.6,47.55
cbc0c1fe-6e2f-4752-99f8-545859c81c01,02/04/2013,Apr-13,4,2013,KLEINPLAATS,Minor Dam,1301,8.1,616.9,47.42
4ec7e130-65d5-4257-868e-950508822b15,03/04/2013,Apr-13,4,2013,KLEINPLAATS,Minor Dam,1301,8.1,616.9,47.42
33b6d102-5a3d-46cc-88b2-ce3d4004eae7,04/04/2013,Apr-13,4,2013,KLEINPLAATS,Minor Dam,1301,8.08,613.5,47.16
ab0d61da-eeaf-4d76-bfcc-80da272cb540,05/04/2013,Apr-13,4,2013,KLEINPLAATS,Minor Dam,1301,8.06,610.2,46.9
ccaca90d-2607-4f21-b419-184a67906b9e,06/04/2013,Apr-13,4,2013,KLEINPLAATS,Minor Dam,1301,8.06,610.2,46.9
62140a11-135c-4b9c-a730-9c5a59aa6a73,07/04/2013,Apr-13,4,2013,KLEINPLAATS,Minor Dam,1301,8.06,610.2,46.9
150f395a-24e5-4e22-9edb-0c5f170253f8,08/04/2013,Apr-13,4,2013,KLEINPLAATS,Minor Dam,1301,8,600.2,46.13
e528d8ba-76a1-4e0a-b333-9bae58119cac,09/04/2013,Apr-13,4,2013,KLEINPLAATS,Minor Dam,1301,8,600.2,46.13
3ee7c5db-7a47-4e30-b365-7d7638dea6e7,10/04/2013,Apr-13,4,2013,KLEINPLAATS,Minor Dam,1301,8,600.2,46.13
bdfd0bd0-deaf-4372-a1c4-25884befd9be,11/04/2013,Apr-13,4,2013,KLEINPLAATS,Minor Dam,1301,8,600.2,46.13
47fde2ed-bca5-49a6-b9bd-003a2ef0f7b6,12/04/2013,Apr-13,4,2013,KLEINPLAATS,Minor Dam,1301,7.98,596.8,45.87
0e96fb9e-698c-459c-9fc0-c4ad45c4c012,13/04/2013,Apr-13,4,2013,KLEINPLAATS,Minor Dam,1301,7.98,596.8,45.87
b92ac5ee-88b1-4b2d-b93d-57d2098bb442,14/04/2013,Apr-13,4,2013,KLEINPLAATS,Minor Dam,1301,7.96,593.5,45.62
a65eac29-8d21-45af-9a19-dec7c526f931,15/04/2013,Apr-13,4,2013,KLEINPLAATS,Minor Dam,1301,7.95,591.9,45.5
01746911-9e87-4132-b1d6-a5007a853ce2,16/04/2013,Apr-13,4,2013,KLEINPLAATS,Minor Dam,1301,7.95,591.9,45.5
b612bd5c-e871-4b23-adc7-bec7b3fbde36,17/04/2013,Apr-13,4,2013,KLEINPLAATS,Minor Dam,1301,7.95,591.9,45.5
4467a12f-a08c-44c2-87d0-143bc29bba97,18/04/2013,Apr-13,4,2013,KLEINPLAATS,Minor Dam,1301,7.95,591.9,45.5
edc27b56-cd7b-4f43-b9b2-c5219bffa8a0,19/04/2013,Apr-13,4,2013,KLEINPLAATS,Minor Dam,1301,8,600.2,46.13
675f14e2-80bd-408b-9c5f-f9cebf9018b8,20/04/2013,Apr-13,4,2013,KLEINPLAATS,Minor Dam,1301,8,600.2,46.13
e1cc4481-493e-47b0-906f-e44a577fb2f1,21/04/2013,Apr-13,4,2013,KLEINPLAATS,Minor Dam,1301,7.98,596.8,45.87
05c9ecbc-1f18-4233-a750-b155de9cb257,22/04/2013,Apr-13,4,2013,KLEINPLAATS,Minor Dam,1301,7.98,596.8,45.87
d33f2f6f-5720-4fe5-9fd5-58db14de37b7,23/04/2013,Apr-13,4,2013,KLEINPLAATS,Minor Dam,1301,7.98,596.8,45.87
4fcbbe2d-7f64-4d3b-a460-ad0cc26df4a7,24/04/2013,Apr-13,4,2013,KLEINPLAATS,Minor Dam,1301,7.91,585.3,44.99
2836dda0-ebfb-4333-a5e6-591100d67707,25/04/2013,Apr-13,4,2013,KLEINPLAATS,Minor Dam,1301,7.91,585.3,44.99
515e432d-a475-44e3-9b3d-97dabfad2692,26/04/2013,Apr-13,4,2013,KLEINPLAATS,Minor Dam,1301,7.98,596.8,45.87
134d5e78-d38b-4ca7-97be-d4add7d5dae5,27/04/2013,Apr-13,4,2013,KLEINPLAATS,Minor Dam,1301,7.9,583.7,44.87
ce155c4f-2d60-44cf-9dd7-b0bf3a1390a5,28/04/2013,Apr-13,4,2013,KLEINPLAATS,Minor Dam,1301,7.9,583.7,44.87
89551ef6-98d5-478b-b82d-0f5d9002f2c0,29/04/2013,Apr-13,4,2013,KLEINPLAATS,Minor Dam,1301,7.9,583.7,44.87
600d885e-c491-42a7-8a26-bdef9ba80ad8,30/04/2013,Apr-13,4,2013,KLEINPLAATS,Minor Dam,1301,7.9,583.7,44.87
d821f4a6-5397-4341-b81e-d189414a3269,01/05/2013,May-13,5,2013,KLEINPLAATS,Minor Dam,1301,7.9,583.7,44.87
2e0a2b77-8143-4d14-9cec-b05b277831ee,02/05/2013,May-13,5,2013,KLEINPLAATS,Minor Dam,1301,7.9,583.7,44.87
9cf0370b-fcb0-48e8-8d1b-5c1fec397773,03/05/2013,May-13,5,2013,KLEINPLAATS,Minor Dam,1301,7.9,583.7,44.87
caf4c234-7f94-4025-a1d2-fbcad980ce9a,04/05/2013,May-13,5,2013,KLEINPLAATS,Minor Dam,1301,7.9,583.7,44.87
5149a41e-b1cf-4997-97e0-90ed23f41f7f,05/05/2013,May-13,5,2013,KLEINPLAATS,Minor Dam,1301,7.9,583.7,44.87
46cff7c4-566c-4fa9-91a5-ad3dec16bfb4,06/05/2013,May-13,5,2013,KLEINPLAATS,Minor Dam,1301,7.9,583.7,44.87
0dfbfbaa-a93a-4920-bdf7-927a476491ba,07/05/2013,May-13,5,2013,KLEINPLAATS,Minor Dam,1301,7.9,583.7,44.87
500413f2-527d-44b8-8cca-08cbf49d4564,08/05/2013,May-13,5,2013,KLEINPLAATS,Minor Dam,1301,7.9,583.7,44.87
edccb971-ce71-4b91-9a3d-372dfc4cc6f6,09/05/2013,May-13,5,2013,KLEINPLAATS,Minor Dam,1301,7.9,583.7,44.87
06e32f2a-e97f-4c92-9643-c0ca513ded50,10/05/2013,May-13,5,2013,KLEINPLAATS,Minor Dam,1301,7.9,583.7,44.87
984f71d8-f06a-4c7c-8c5a-3f52b9e2bf37,11/05/2013,May-13,5,2013,KLEINPLAATS,Minor Dam,1301,7.9,583.7,44.87
009061df-77d2-4bcb-aacd-32f3ee46a460,12/05/2013,May-13,5,2013,KLEINPLAATS,Minor Dam,1301,7.9,583.7,44.87
64f0d123-f197-4c6a-9cd3-f276edb5054f,13/05/2013,May-13,5,2013,KLEINPLAATS,Minor Dam,1301,7.9,583.7,44.87
44fbae2b-c704-415a-92fd-d1bd55633a09,14/05/2013,May-13,5,2013,KLEINPLAATS,Minor Dam,1301,7.9,583.7,44.87
84a97aa5-f6fa-4526-907c-efd3eced4837,15/05/2013,May-13,5,2013,KLEINPLAATS,Minor Dam,1301,7.9,583.7,44.87
83529942-9cbf-44cb-b355-19a79a0b98cc,16/05/2013,May-13,5,2013,KLEINPLAATS,Minor Dam,1301,7.9,583.7,44.87
0c82f150-1c45-4522-9912-01fefb9e9d3c,17/05/2013,May-13,5,2013,KLEINPLAATS,Minor Dam,1301,7.9,583.7,44.87
47f9e7a0-a4b1-4dad-8f0e-1c87260e5088,18/05/2013,May-13,5,2013,KLEINPLAATS,Minor Dam,1301,7.88,580.4,44.61
a6c3ceec-0f71-4a4f-86db-91068b98b08d,19/05/2013,May-13,5,2013,KLEINPLAATS,Minor Dam,1301,7.88,580.4,44.61
9f30b89e-43e7-4ba1-bce7-03cada3e32df,20/05/2013,May-13,5,2013,KLEINPLAATS,Minor Dam,1301,7.88,580.4,44.61
bf717bff-5ce7-443f-accd-c5b1d702e0ac,21/05/2013,May-13,5,2013,KLEINPLAATS,Minor Dam,1301,7.88,580.4,44.61
dd18d854-a259-425e-b269-20136a1bcf5a,22/05/2013,May-13,5,2013,KLEINPLAATS,Minor Dam,1301,7.88,580.4,44.61
f5abf052-cc96-4141-8459-7a6863cb3ccd,23/05/2013,May-13,5,2013,KLEINPLAATS,Minor Dam,1301,7.86,577.1,44.36
b3004c3c-4cf8-4085-8b67-00a0e443ed5c,24/05/2013,May-13,5,2013,KLEINPLAATS,Minor Dam,1301,7.86,577.1,44.36
4a039bed-d054-465a-a6da-e83d67426390,25/05/2013,May-13,5,2013,KLEINPLAATS,Minor Dam,1301,7.7,551.4,42.38
89d4b452-e5c1-48d0-a678-fd052d565216,26/05/2013,May-13,5,2013,KLEINPLAATS,Minor Dam,1301,7.7,551.4,42.38
21053392-35a1-4da5-8ca8-c187f89b0b46,27/05/2013,May-13,5,2013,KLEINPLAATS,Minor Dam,1301,7.7,551.4,42.38
256da208-c7f3-4ff9-a512-e1af3818fe2b,28/05/2013,May-13,5,2013,KLEINPLAATS,Minor Dam,1301,7.7,551.4,42.38
bf381f1e-fe18-4dcb-9c30-a1c2d9d5341d,29/05/2013,May-13,5,2013,KLEINPLAATS,Minor Dam,1301,7.76,561,43.12
466206f3-c60d-4bfb-b93b-328a148332fc,30/05/2013,May-13,5,2013,KLEINPLAATS,Minor Dam,1301,7.76,561,43.12
a26d812c-15e1-426c-bfca-f7cc9b79de04,31/05/2013,May-13,5,2013,KLEINPLAATS,Minor Dam,1301,7.76,561,43.12
0599b6d8-59b5-4c7a-8ed6-4365a68d9465,01/06/2013,Jun-13,6,2013,KLEINPLAATS,Minor Dam,1301,7.76,561,43.12
6a8a2d87-084a-449e-8cf0-c90a36ed5578,02/06/2013,Jun-13,6,2013,KLEINPLAATS,Minor Dam,1301,7.8,567.4,43.61
3329c46b-7276-4235-a25b-8c85e9073abc,03/06/2013,Jun-13,6,2013,KLEINPLAATS,Minor Dam,1301,8,600.2,46.13
fe8a0f5a-55d9-4d84-b609-148e7101ce7c,04/06/2013,Jun-13,6,2013,KLEINPLAATS,Minor Dam,1301,8.1,616.9,47.42
735d39c2-c86b-4830-948b-dea8ad0cc8ab,05/06/2013,Jun-13,6,2013,KLEINPLAATS,Minor Dam,1301,8.12,620.3,47.68
6b51c2fd-3c9c-415e-8d5c-e2f065d74bda,06/06/2013,Jun-13,6,2013,KLEINPLAATS,Minor Dam,1301,8.12,620.3,47.68
f199f424-b374-4f47-a491-5d8f82ac44a4,07/06/2013,Jun-13,6,2013,KLEINPLAATS,Minor Dam,1301,8.2,633.9,48.72
274ea71e-f8e6-40ba-a04d-e71fd4cf2a2d,08/06/2013,Jun-13,6,2013,KLEINPLAATS,Minor Dam,1301,8.24,640.8,49.25
dda862b6-37c1-4c94-a886-750300964ddf,09/06/2013,Jun-13,6,2013,KLEINPLAATS,Minor Dam,1301,8.38,665.2,51.13
f3ac9e42-649e-4460-b0be-695ff362cb69,10/06/2013,Jun-13,6,2013,KLEINPLAATS,Minor Dam,1301,8.35,659.9,50.72
b7a5c8f3-5b0b-4e8e-af3c-8a633fd160d0,11/06/2013,Jun-13,6,2013,KLEINPLAATS,Minor Dam,1301,8.4,668.7,51.4
446b854f-1992-4d71-b322-6903a26fa184,12/06/2013,Jun-13,6,2013,KLEINPLAATS,Minor Dam,1301,8.5,686.5,52.77
2e16282a-057e-48ed-a15e-36703232edfd,13/06/2013,Jun-13,6,2013,KLEINPLAATS,Minor Dam,1301,8.55,695.5,53.46
d1b27151-c2c8-4709-8a60-d25f6fa285e8,14/06/2013,Jun-13,6,2013,KLEINPLAATS,Minor Dam,1301,8.6,704.5,54.15
5197daae-0046-4f09-b0e5-b81cfec5bba0,15/06/2013,Jun-13,6,2013,KLEINPLAATS,Minor Dam,1301,8.68,720.1,55.35
a2e3f8d1-a9a3-43b7-82fd-b1c6e5073c64,16/06/2013,Jun-13,6,2013,KLEINPLAATS,Minor Dam,1301,8.7,724,55.65
016ad8e7-4468-4b2e-bd38-bfcff915c85f,17/06/2013,Jun-13,6,2013,KLEINPLAATS,Minor Dam,1301,8.7,724,55.65
bc303d71-30c8-4403-81ee-a04eec26a409,18/06/2013,Jun-13,6,2013,KLEINPLAATS,Minor Dam,1301,8.7,724,55.65
f38f080f-d162-4785-81fc-7228c2eedc4a,19/06/2013,Jun-13,6,2013,KLEINPLAATS,Minor Dam,1301,8.9,763.9,58.72
e2cbfb30-6b64-42a3-8b5d-a6b3c761078b,20/06/2013,Jun-13,6,2013,KLEINPLAATS,Minor Dam,1301,8.95,774.1,59.5
fbc2d1b2-b783-4e92-aa98-50358266502c,21/06/2013,Jun-13,6,2013,KLEINPLAATS,Minor Dam,1301,9,784.4,60.29
1571fa4e-2600-4fd4-b73a-2887fcf21e64,22/06/2013,Jun-13,6,2013,KLEINPLAATS,Minor Dam,1301,9.05,794.7,61.08
06064b2e-9c54-4f60-847f-7b00e59e885e,23/06/2013,Jun-13,6,2013,KLEINPLAATS,Minor Dam,1301,9.05,794.7,61.08
68584fd8-85d1-4789-811b-449abecef6cd,24/06/2013,Jun-13,6,2013,KLEINPLAATS,Minor Dam,1301,9.05,794.7,61.08
d32def8f-355a-4b5b-af6b-1d63134669b2,25/06/2013,Jun-13,6,2013,KLEINPLAATS,Minor Dam,1301,9.2,826.2,63.5
84a91cf7-37d0-462c-9eef-2def88c17094,26/06/2013,Jun-13,6,2013,KLEINPLAATS,Minor Dam,1301,9.32,851.8,65.47
88b09ccc-e4aa-466d-bcd1-7dce2c088677,27/06/2013,Jun-13,6,2013,KLEINPLAATS,Minor Dam,1301,9.45,880.2,67.66
f00aad4b-07ee-4252-81ff-0d988880fbf3,28/06/2013,Jun-13,6,2013,KLEINPLAATS,Minor Dam,1301,9.5,891.2,68.5
258bcb66-0f0a-49dd-a76f-8b3cdb9c0a71,29/06/2013,Jun-13,6,2013,KLEINPLAATS,Minor Dam,1301,9.58,909,69.87
19868739-8122-47cb-9b4f-86f67ec61bf8,30/06/2013,Jun-13,6,2013,KLEINPLAATS,Minor Dam,1301,9.6,913.5,70.22
05426d33-59ae-4f0d-a4ca-03cdb71b3417,01/07/2013,Jul-13,7,2013,KLEINPLAATS,Minor Dam,1301,9.65,924.8,71.08
e4bebd39-e212-4aec-93f1-96242ef3e4fc,02/07/2013,Jul-13,7,2013,KLEINPLAATS,Minor Dam,1301,9.7,936.2,71.96
a4b8b5b8-8deb-443d-9935-b0c2eee2312b,03/07/2013,Jul-13,7,2013,KLEINPLAATS,Minor Dam,1301,9.78,954.5,73.37
fbdcbfcb-4781-40bb-803d-aa109128e690,04/07/2013,Jul-13,7,2013,KLEINPLAATS,Minor Dam,1301,9.86,973,74.79
fe1579af-9ebe-4a8a-97fd-17df47cc39e6,05/07/2013,Jul-13,7,2013,KLEINPLAATS,Minor Dam,1301,9.6,913.5,70.22
5617352f-75d1-4e90-b62f-3a522660768a,06/07/2013,Jul-13,7,2013,KLEINPLAATS,Minor Dam,1301,9.94,991.8,76.23
37ac2d28-7436-424e-adc6-86f8130e051f,07/07/2013,Jul-13,7,2013,KLEINPLAATS,Minor Dam,1301,9.96,996.5,76.59
1354d9e2-aea5-4a64-a75c-fe450f9db5dd,08/07/2013,Jul-13,7,2013,KLEINPLAATS,Minor Dam,1301,10,1006,77.33
36f6fcdb-abdd-4ebc-bfc6-b41b9fb50cd5,09/07/2013,Jul-13,7,2013,KLEINPLAATS,Minor Dam,1301,10,1006,77.33
2ccdfef0-45ca-4fb0-b69a-7952d08574de,10/07/2013,Jul-13,7,2013,KLEINPLAATS,Minor Dam,1301,10,1006,77.33
dad76151-9b92-4ebd-8859-bd6b3b2e5951,11/07/2013,Jul-13,7,2013,KLEINPLAATS,Minor Dam,1301,9.98,1001.2,76.96
342c7f12-ff2d-43c8-b570-d60c5c79d8a4,12/07/2013,Jul-13,7,2013,KLEINPLAATS,Minor Dam,1301,9.98,1001.2,76.96
8bc5deb9-118d-4d1f-a54a-7e8eaff22287,13/07/2013,Jul-13,7,2013,KLEINPLAATS,Minor Dam,1301,9.96,996.5,76.59
d62c16ae-f319-4523-9461-8643b0feb39e,14/07/2013,Jul-13,7,2013,KLEINPLAATS,Minor Dam,1301,9.95,994.2,76.42
fe806eb3-c175-438c-8dde-643bd84ff4dc,15/07/2013,Jul-13,7,2013,KLEINPLAATS,Minor Dam,1301,9.95,994.2,76.42
104bf812-bc2d-440e-a9db-27025d00c208,16/07/2013,Jul-13,7,2013,KLEINPLAATS,Minor Dam,1301,10,1006,77.33
bdaa975e-f007-444f-b59d-dca0b6e1d9bc,17/07/2013,Jul-13,7,2013,KLEINPLAATS,Minor Dam,1301,10.02,1010.8,77.69
9b1f7576-48ca-47b9-87b7-e4c0f01ef0d9,18/07/2013,Jul-13,7,2013,KLEINPLAATS,Minor Dam,1301,10.04,1015.5,78.06
b160e2a2-d1a4-4600-85bc-4fc3b73e4172,19/07/2013,Jul-13,7,2013,KLEINPLAATS,Minor Dam,1301,10.1,1029.9,79.16
1e3a0184-bd0a-4200-b028-817aff9bada9,20/07/2013,Jul-13,7,2013,KLEINPLAATS,Minor Dam,1301,10.23,1063.3,81.73
020d77cd-b258-43d2-948c-d310dfb58634,21/07/2013,Jul-13,7,2013,KLEINPLAATS,Minor Dam,1301,10.3,1081.6,83.14
f5359a74-32c9-4488-99bf-5a95ebf043e1,22/07/2013,Jul-13,7,2013,KLEINPLAATS,Minor Dam,1301,10.34,1092.1,83.94
7b15ca77-4816-4cf6-aedd-a0933ab7a018,23/07/2013,Jul-13,7,2013,KLEINPLAATS,Minor Dam,1301,10.4,1108,85.17
46ee798b-02a7-4dfa-8d2d-48e04220833a,24/07/2013,Jul-13,7,2013,KLEINPLAATS,Minor Dam,1301,10.46,1124,86.4
b39ded44-fd92-4f04-b307-23efc2171f1e,25/07/2013,Jul-13,7,2013,KLEINPLAATS,Minor Dam,1301,10.5,1134.7,87.22
b2b7c5cc-5eec-45f4-b0cc-be6a5f57f17f,26/07/2013,Jul-13,7,2013,KLEINPLAATS,Minor Dam,1301,10.54,1145.6,88.06
aadad59e-26c2-4f2a-a2a3-03af3a3f3fcd,27/07/2013,Jul-13,7,2013,KLEINPLAATS,Minor Dam,1301,10.55,1148.3,88.26
140e9cba-19d8-443b-b8ed-fe98e7f0a003,28/07/2013,Jul-13,7,2013,KLEINPLAATS,Minor Dam,1301,10.6,1161.9,89.31
606bb3a5-9e1e-4f7f-b43c-0f50f7c66e8d,29/07/2013,Jul-13,7,2013,KLEINPLAATS,Minor Dam,1301,10.7,1189.5,91.43
daa09440-d21a-45eb-8bbe-e4ea0303c8e0,30/07/2013,Jul-13,7,2013,KLEINPLAATS,Minor Dam,1301,10.78,1211.8,93.14
0be4d8ad-0628-4c9d-b3b3-153834c4856d,31/07/2013,Jul-13,7,2013,KLEINPLAATS,Minor Dam,1301,10.82,1223,94
7b4cf6bf-f9cd-443d-ba56-9028e62d1d4a,01/08/2013,Aug-13,8,2013,KLEINPLAATS,Minor Dam,1301,10.9,1245.7,95.75
84b3ef8c-1ffd-4298-8b49-2101210ea529,02/08/2013,Aug-13,8,2013,KLEINPLAATS,Minor Dam,1301,10.94,1257.2,96.63
24541576-db73-4a5c-819a-8f20f216e2ad,03/08/2013,Aug-13,8,2013,KLEINPLAATS,Minor Dam,1301,10.96,1262.9,97.07
3714b5bf-34e4-405c-9217-059e046eea49,04/08/2013,Aug-13,8,2013,KLEINPLAATS,Minor Dam,1301,10.98,1268.7,97.52
b11a68ac-af9c-4460-9c79-99c56f63168a,05/08/2013,Aug-13,8,2013,KLEINPLAATS,Minor Dam,1301,11.06,1291.9,99.3
b4c3ead6-82b5-4e2b-8922-e290792ffc28,06/08/2013,Aug-13,8,2013,KLEINPLAATS,Minor Dam,1301,11.06,1291.9,99.3
2def33c1-31a2-4d15-8e13-d84493ce04d3,07/08/2013,Aug-13,8,2013,KLEINPLAATS,Minor Dam,1301,11.07,1294.8,99.52
66c1d42c-89d4-4475-9e1b-0ba752e0a5ea,08/08/2013,Aug-13,8,2013,KLEINPLAATS,Minor Dam,1301,11.08,1297.7,99.75
6c2a17fe-c01c-486d-b0b1-58cd7e567c88,09/08/2013,Aug-13,8,2013,KLEINPLAATS,Minor Dam,1301,11.09,1300.6,99.97
c5e7e2b6-79ef-4f27-83d5-bd83c8393df9,10/08/2013,Aug-13,8,2013,KLEINPLAATS,Minor Dam,1301,11.09,1300.6,99.97
ff9b4e26-af6b-48c5-84f9-74e7d3158788,11/08/2013,Aug-13,8,2013,KLEINPLAATS,Minor Dam,1301,11.09,1300.6,99.97
0f72c355-a8da-480a-83f1-5f4250d2063c,12/08/2013,Aug-13,8,2013,KLEINPLAATS,Minor Dam,1301,11.09,1300.6,99.97
eeffc844-a599-40c7-8404-edaffd43f892,13/08/2013,Aug-13,8,2013,KLEINPLAATS,Minor Dam,1301,11.09,1300.6,99.97
c74bd2f2-ccea-4af0-ba45-0432a01cc143,14/08/2013,Aug-13,8,2013,KLEINPLAATS,Minor Dam,1301,11.09,1300.6,99.97
8a5191ee-022c-4e18-b40d-14e80f279d57,15/08/2013,Aug-13,8,2013,KLEINPLAATS,Minor Dam,1301,11.09,1300.6,99.97
4870295e-f81a-47e5-8b02-1193453cf634,16/08/2013,Aug-13,8,2013,KLEINPLAATS,Minor Dam,1301,11.09,1300.6,99.97
64f8f87b-2a52-44d1-a8c7-66da69b5a2a2,17/08/2013,Aug-13,8,2013,KLEINPLAATS,Minor Dam,1301,11.09,1300.6,99.97
683e2c95-e3f7-4829-a796-f1cd67cae6ae,18/08/2013,Aug-13,8,2013,KLEINPLAATS,Minor Dam,1301,11.09,1300.6,99.97
c1fb8c64-e3ce-46ad-99ae-62bdc348c417,19/08/2013,Aug-13,8,2013,KLEINPLAATS,Minor Dam,1301,11.2,1333.1,102.47
e3308ac4-532d-445a-9bf2-2b4a30d1f5c2,20/08/2013,Aug-13,8,2013,KLEINPLAATS,Minor Dam,1301,11.2,1333.1,102.47
915fa05a-cfdf-4726-a62f-2cfe22d556f0,21/08/2013,Aug-13,8,2013,KLEINPLAATS,Minor Dam,1301,11.09,1300.6,99.97
0f08aba3-1786-4ffd-9fdc-222cd1b9d8d7,22/08/2013,Aug-13,8,2013,KLEINPLAATS,Minor Dam,1301,11.09,1300.6,99.97
e2ab36ea-9421-4eab-80db-7e9c0acad7fb,23/08/2013,Aug-13,8,2013,KLEINPLAATS,Minor Dam,1301,11.2,1333.1,102.47
8d86b6e3-89c9-4bb0-a680-dce1d60f555c,24/08/2013,Aug-13,8,2013,KLEINPLAATS,Minor Dam,1301,11.09,1300.6,99.97
94b75de4-d079-4c38-aed3-e152ae695262,25/08/2013,Aug-13,8,2013,KLEINPLAATS,Minor Dam,1301,11.09,1300.6,99.97
c3513060-15b6-4790-a3b8-58aef18a8f54,26/08/2013,Aug-13,8,2013,KLEINPLAATS,Minor Dam,1301,11.09,1300.6,99.97
e1df589d-9b3f-44ad-983c-bf1efb89ce76,27/08/2013,Aug-13,8,2013,KLEINPLAATS,Minor Dam,1301,11.09,1300.6,99.97
7979c7fe-2b7b-4efb-9088-754581322389,28/08/2013,Aug-13,8,2013,KLEINPLAATS,Minor Dam,1301,11.2,1333.1,102.47
d8deb075-8a6d-410e-b5d4-edfa5f746f66,29/08/2013,Aug-13,8,2013,KLEINPLAATS,Minor Dam,1301,11.09,1300.6,99.97
ffa9908d-dd99-4e3f-8bcc-e77058ca64b7,30/08/2013,Aug-13,8,2013,KLEINPLAATS,Minor Dam,1301,11.09,1300.6,99.97
993f89f0-482f-4ecd-bf46-7846b459669c,31/08/2013,Aug-13,8,2013,KLEINPLAATS,Minor Dam,1301,11.09,1300.6,99.97
75d08493-f706-42ff-b6c5-7c35385d9f91,01/09/2013,Sep-13,9,2013,KLEINPLAATS,Minor Dam,1301,11.09,1300.6,99.97
11ba06dc-ee95-4dcf-8863-5940e0c962a6,02/09/2013,Sep-13,9,2013,KLEINPLAATS,Minor Dam,1301,11.09,1300.6,99.97
746c6f1d-2e08-45cd-a0f6-df556731ca2b,03/09/2013,Sep-13,9,2013,KLEINPLAATS,Minor Dam,1301,11.09,1300.6,99.97
6c3dc263-7d0c-4e83-ab74-f48a1a4f072c,04/09/2013,Sep-13,9,2013,KLEINPLAATS,Minor Dam,1301,11.09,1300.6,99.97
d5708866-06cc-4060-8745-30bb71269c83,05/09/2013,Sep-13,9,2013,KLEINPLAATS,Minor Dam,1301,11.2,1333.1,102.47
32ad87ea-55ce-4183-8556-cc2c573fe12d,06/09/2013,Sep-13,9,2013,KLEINPLAATS,Minor Dam,1301,11.2,1333.1,102.47
0747e23e-fb27-437d-9033-dd8c26775d41,07/09/2013,Sep-13,9,2013,KLEINPLAATS,Minor Dam,1301,11.2,1333.1,102.47
386ba289-b178-4273-a826-af54aa234cf8,08/09/2013,Sep-13,9,2013,KLEINPLAATS,Minor Dam,1301,11.2,1333.1,102.47
1cc04a33-4ab3-4666-aff4-388b835e92d4,09/09/2013,Sep-13,9,2013,KLEINPLAATS,Minor Dam,1301,11.2,1333.1,102.47
8c1ea784-7485-4ff1-afaf-628339c31214,10/09/2013,Sep-13,9,2013,KLEINPLAATS,Minor Dam,1301,11.2,1333.1,102.47
c59818fc-4730-4d0d-a874-f3825c0e5740,11/09/2013,Sep-13,9,2013,KLEINPLAATS,Minor Dam,1301,11.2,1333.1,102.47
ece883d6-c2da-4667-9388-34b31f4818b3,12/09/2013,Sep-13,9,2013,KLEINPLAATS,Minor Dam,1301,11.2,1333.1,102.47
79503630-5ba4-4336-a85a-a735d9d07a3c,13/09/2013,Sep-13,9,2013,KLEINPLAATS,Minor Dam,1301,11.2,1333.1,102.47
41ee552f-f0ca-43e6-a15c-7558f9d04feb,14/09/2013,Sep-13,9,2013,KLEINPLAATS,Minor Dam,1301,11.2,1333.1,102.47
ea76f779-16b9-4c85-b1c4-1a2836d7a4b2,15/09/2013,Sep-13,9,2013,KLEINPLAATS,Minor Dam,1301,11.2,1333.1,102.47
f4b97a38-815d-48af-91f3-7b1983d4b688,16/09/2013,Sep-13,9,2013,KLEINPLAATS,Minor Dam,1301,11.2,1333.1,102.47
a06a7ebd-5fed-4de0-99ac-cbcfe0412324,17/09/2013,Sep-13,9,2013,KLEINPLAATS,Minor Dam,1301,11.2,1333.1,102.47
e9f581b4-1d8c-47b6-8524-e9da4843d950,18/09/2013,Sep-13,9,2013,KLEINPLAATS,Minor Dam,1301,11.2,1333.1,102.47
3e88d18f-2534-44d4-9f1e-c5551c389bb8,19/09/2013,Sep-13,9,2013,KLEINPLAATS,Minor Dam,1301,11.2,1333.1,102.47
03c2e44c-0868-4f6d-92a1-10af0252e01c,20/09/2013,Sep-13,9,2013,KLEINPLAATS,Minor Dam,1301,11.2,1333.1,102.47
021e419e-14c3-462d-954e-7d634cdfc94a,21/09/2013,Sep-13,9,2013,KLEINPLAATS,Minor Dam,1301,11.2,1333.1,102.47
bdf4e822-bf38-46c5-8a92-cd8f325f8bc2,22/09/2013,Sep-13,9,2013,KLEINPLAATS,Minor Dam,1301,11.2,1333.1,102.47
0f7d1ee3-8abc-429d-92d8-d2c8e31078a7,23/09/2013,Sep-13,9,2013,KLEINPLAATS,Minor Dam,1301,11.2,1333.1,102.47
e5277b25-9a2f-490c-99ff-55ae02c8dd5c,24/09/2013,Sep-13,9,2013,KLEINPLAATS,Minor Dam,1301,11.2,1333.1,102.47
62306b9a-bc01-406c-a397-2908f7b810e0,25/09/2013,Sep-13,9,2013,KLEINPLAATS,Minor Dam,1301,11.2,1333.1,102.47
a6eb025a-2482-49af-a7de-8fc25060380c,26/09/2013,Sep-13,9,2013,KLEINPLAATS,Minor Dam,1301,11.2,1333.1,102.47
43150093-d8af-4fd3-ac45-7ad15dca434f,27/09/2013,Sep-13,9,2013,KLEINPLAATS,Minor Dam,1301,11.2,1333.1,102.47
7d051352-d878-43ed-8f48-f9a5474af6b5,28/09/2013,Sep-13,9,2013,KLEINPLAATS,Minor Dam,1301,11.2,1333.1,102.47
09fd9bad-987f-4790-aecd-af4dd85a234d,29/09/2013,Sep-13,9,2013,KLEINPLAATS,Minor Dam,1301,11.2,1333.1,102.47
22f6873f-7fa2-414d-85f7-98a9e0ee71fd,30/09/2013,Sep-13,9,2013,KLEINPLAATS,Minor Dam,1301,11.2,1333.1,102.47
a274edbb-611a-4bc9-9c69-4423ed91d59b,01/10/2013,Oct-13,10,2013,KLEINPLAATS,Minor Dam,1301,11.2,1333.1,102.47
6730f31f-acd8-4947-9689-52e4966cac62,02/10/2013,Oct-13,10,2013,KLEINPLAATS,Minor Dam,1301,11.2,1333.1,102.47
f5063262-6bfd-41e8-b876-69eee3f3d0ea,03/10/2013,Oct-13,10,2013,KLEINPLAATS,Minor Dam,1301,11.2,1333.1,102.47
9ceda055-2880-42b5-aaf1-48e7b4749506,04/10/2013,Oct-13,10,2013,KLEINPLAATS,Minor Dam,1301,11.2,1333.1,102.47
852a1e55-6303-47d2-a5f5-b5c5a692807f,05/10/2013,Oct-13,10,2013,KLEINPLAATS,Minor Dam,1301,11.2,1333.1,102.47
4f84ca00-8387-427c-a4ba-01c16f4a7c2e,06/10/2013,Oct-13,10,2013,KLEINPLAATS,Minor Dam,1301,11.2,1333.1,102.47
387a6d5d-082c-477f-a2e8-e6c14ea059c6,07/10/2013,Oct-13,10,2013,KLEINPLAATS,Minor Dam,1301,11.2,1333.1,102.47
bc89686b-f47d-4807-9e14-9a7cad027d6d,08/10/2013,Oct-13,10,2013,KLEINPLAATS,Minor Dam,1301,11.2,1333.1,102.47
c58076fb-00d5-43e1-b5f1-344032ee4fb1,09/10/2013,Oct-13,10,2013,KLEINPLAATS,Minor Dam,1301,11.2,1333.1,102.47
5149abf0-4296-430a-be4e-4436cd846f85,10/10/2013,Oct-13,10,2013,KLEINPLAATS,Minor Dam,1301,11.2,1333.1,102.47
f74f8b76-2081-4eb5-b9cd-5c67a9e32d3e,11/10/2013,Oct-13,10,2013,KLEINPLAATS,Minor Dam,1301,11.2,1333.1,102.47
bac794f4-eb86-4260-b4e7-8bca414ea72d,12/10/2013,Oct-13,10,2013,KLEINPLAATS,Minor Dam,1301,11.2,1333.1,102.47
c7fe61e9-8508-4cf2-93c8-a869c9452274,13/10/2013,Oct-13,10,2013,KLEINPLAATS,Minor Dam,1301,11.2,1333.1,102.47
17827610-f741-434a-9d26-cf6ae92bac3b,14/10/2013,Oct-13,10,2013,KLEINPLAATS,Minor Dam,1301,11.2,1333.1,102.47
909e5ac7-d9ce-45c9-a0b7-14fafb897e7f,15/10/2013,Oct-13,10,2013,KLEINPLAATS,Minor Dam,1301,11.2,1333.1,102.47
c2c7a491-5540-4847-a432-66f0f27f128e,16/10/2013,Oct-13,10,2013,KLEINPLAATS,Minor Dam,1301,11.2,1333.1,102.47
5c9e416f-2578-4563-8247-9c1710dcc2ad,17/10/2013,Oct-13,10,2013,KLEINPLAATS,Minor Dam,1301,11.2,1333.1,102.47
041ad9ce-7bfa-4928-a17e-029cba9c0ca9,18/10/2013,Oct-13,10,2013,KLEINPLAATS,Minor Dam,1301,11.2,1333.1,102.47
4b4c16d9-df49-4a5c-bcab-dcc5bc612947,19/10/2013,Oct-13,10,2013,KLEINPLAATS,Minor Dam,1301,11.2,1333.1,102.47
e82e1ddc-c2be-4f4f-ac0d-e3ff3ab1992c,20/10/2013,Oct-13,10,2013,KLEINPLAATS,Minor Dam,1301,11.2,1333.1,102.47
9955ee55-ae7a-4109-979a-30e956c796b2,21/10/2013,Oct-13,10,2013,KLEINPLAATS,Minor Dam,1301,11.2,1333.1,102.47
6b79b735-2e0d-4c45-a17b-8f4ac2225370,22/10/2013,Oct-13,10,2013,KLEINPLAATS,Minor Dam,1301,11.2,1333.1,102.47
979e2a5f-c294-44c9-968f-7f9977417e37,23/10/2013,Oct-13,10,2013,KLEINPLAATS,Minor Dam,1301,11.2,1333.1,102.47
a3e42dc2-5b6e-46c3-a050-4bd1c34705be,24/10/2013,Oct-13,10,2013,KLEINPLAATS,Minor Dam,1301,11.2,1333.1,102.47
e0f7f4fc-1c16-418a-94d5-37e22c0f037d,25/10/2013,Oct-13,10,2013,KLEINPLAATS,Minor Dam,1301,11.2,1333.1,102.47
8bc68550-cd8c-40b5-92a1-957a261765a2,26/10/2013,Oct-13,10,2013,KLEINPLAATS,Minor Dam,1301,11,1274.5,97.96
4464682e-8408-4bc9-94a2-da8615994571,27/10/2013,Oct-13,10,2013,KLEINPLAATS,Minor Dam,1301,11,1274.5,97.96
a64e2b40-f4d6-4942-b0ba-c07dc8166f79,28/10/2013,Oct-13,10,2013,KLEINPLAATS,Minor Dam,1301,10.98,1268.7,97.52
d6d0204c-3ce5-49bf-b15e-2bc98f436eb1,29/10/2013,Oct-13,10,2013,KLEINPLAATS,Minor Dam,1301,10.85,1231.5,94.66
91f36c05-d646-4570-a284-1718a8af3787,30/10/2013,Oct-13,10,2013,KLEINPLAATS,Minor Dam,1301,10.85,1231.5,94.66
02c59ce0-6eab-47a7-9614-2ab7529f7aa3,31/10/2013,Oct-13,10,2013,KLEINPLAATS,Minor Dam,1301,10.9,1245.7,95.75
b218576a-4430-478a-bf85-780f2f50397d,01/11/2013,Nov-13,11,2013,KLEINPLAATS,Minor Dam,1301,10.9,1245.7,95.75
680fd8ce-12e2-45f3-86ca-fb96fae389a3,02/11/2013,Nov-13,11,2013,KLEINPLAATS,Minor Dam,1301,10.9,1245.7,95.75
6cb9cb91-4c2c-46fe-bcdc-1a95a1f27654,03/11/2013,Nov-13,11,2013,KLEINPLAATS,Minor Dam,1301,10.9,1245.7,95.75
49e2c7a4-bf7f-45dd-b552-0aacce9acdf9,04/11/2013,Nov-13,11,2013,KLEINPLAATS,Minor Dam,1301,10.86,1234.4,94.88
79b55d7f-dce6-401f-81c4-c29ec0176cdc,05/11/2013,Nov-13,11,2013,KLEINPLAATS,Minor Dam,1301,10.86,1234.4,94.88
be282e0a-be13-4b1d-9d65-1914ba69b723,06/11/2013,Nov-13,11,2013,KLEINPLAATS,Minor Dam,1301,10.8,1217.4,93.57
626be2be-2203-4ea5-aa4f-e4cb7660fc3f,07/11/2013,Nov-13,11,2013,KLEINPLAATS,Minor Dam,1301,10.8,1217.4,93.57
28c55b6e-6502-4655-994c-671b7de9d867,08/11/2013,Nov-13,11,2013,KLEINPLAATS,Minor Dam,1301,10.8,1217.4,93.57
9b3abe84-e4ba-4131-8b0d-93030bf625d0,09/11/2013,Nov-13,11,2013,KLEINPLAATS,Minor Dam,1301,10.8,1217.4,93.57
f528f863-5527-46bd-a76d-e805e95560fa,10/11/2013,Nov-13,11,2013,KLEINPLAATS,Minor Dam,1301,10.8,1217.4,93.57
3c033874-1486-41d3-be5f-f0aa44cf351d,11/11/2013,Nov-13,11,2013,KLEINPLAATS,Minor Dam,1301,10.8,1217.4,93.57
f78eb856-44e3-447b-8459-685977abb50d,12/11/2013,Nov-13,11,2013,KLEINPLAATS,Minor Dam,1301,10.8,1217.4,93.57
d3a7c6d5-e562-49d6-945a-644a27528ab4,13/11/2013,Nov-13,11,2013,KLEINPLAATS,Minor Dam,1301,10.8,1217.4,93.57
a5009422-bf44-4e92-bc08-c16dabc45674,14/11/2013,Nov-13,11,2013,KLEINPLAATS,Minor Dam,1301,10.8,1217.4,93.57
f153895e-4859-48b4-afcf-e345708a90c0,15/11/2013,Nov-13,11,2013,KLEINPLAATS,Minor Dam,1301,10.7,1189.5,91.43
c42999ee-f10d-4680-8d5e-3acb9264d2e1,16/11/2013,Nov-13,11,2013,KLEINPLAATS,Minor Dam,1301,10.9,1245.7,95.75
6201e1c7-dd7d-4848-bbac-7e9cbeabf23e,17/11/2013,Nov-13,11,2013,KLEINPLAATS,Minor Dam,1301,11.05,1289,99.08
02f64d27-8a1b-46d0-9e27-73754ed02558,18/11/2013,Nov-13,11,2013,KLEINPLAATS,Minor Dam,1301,11.2,1333.1,102.47
06fa3a3a-7f0b-4403-8b3c-ef2b1e5d03e9,19/11/2013,Nov-13,11,2013,KLEINPLAATS,Minor Dam,1301,11.2,1333.1,102.47
915c03d0-1314-4e27-9938-3a4df24d9d4f,20/11/2013,Nov-13,11,2013,KLEINPLAATS,Minor Dam,1301,11.2,1333.1,102.47
88692ef6-e582-40c6-a44f-f19919f367a4,21/11/2013,Nov-13,11,2013,KLEINPLAATS,Minor Dam,1301,11.2,1333.1,102.47
d78a991a-bc6e-44a5-bd83-2c5f471659c5,22/11/2013,Nov-13,11,2013,KLEINPLAATS,Minor Dam,1301,11.2,1333.1,102.47
fdfd4179-085d-4199-8824-c51f3aebcd4a,23/11/2013,Nov-13,11,2013,KLEINPLAATS,Minor Dam,1301,11.2,1333.1,102.47
e8f3721c-ce62-43b5-8e0a-5c1e3fb0ba8f,24/11/2013,Nov-13,11,2013,KLEINPLAATS,Minor Dam,1301,11.2,1333.1,102.47
199e1e20-3565-4269-841f-04258aef633c,25/11/2013,Nov-13,11,2013,KLEINPLAATS,Minor Dam,1301,11.2,1333.1,102.47
9bead689-20bd-45e7-8a8c-70d997f2a5ac,26/11/2013,Nov-13,11,2013,KLEINPLAATS,Minor Dam,1301,11.2,1333.1,102.47
8107ae4f-2cb3-4c41-b246-5d60665b54c7,27/11/2013,Nov-13,11,2013,KLEINPLAATS,Minor Dam,1301,11.2,1333.1,102.47
4955f4e4-2147-4503-a620-727b709ccd60,28/11/2013,Nov-13,11,2013,KLEINPLAATS,Minor Dam,1301,11.2,1333.1,102.47
eddc29de-c9d1-4b93-8b94-dcecc18d71f7,29/11/2013,Nov-13,11,2013,KLEINPLAATS,Minor Dam,1301,11.2,1333.1,102.47
1cc7ba24-8da2-41cb-9b4e-ca81f7acff56,30/11/2013,Nov-13,11,2013,KLEINPLAATS,Minor Dam,1301,11.2,1333.1,102.47
740e4253-d879-4512-901a-751ccd1ee7af,01/12/2013,Dec-13,12,2013,KLEINPLAATS,Minor Dam,1301,11.2,1333.1,102.47
379a3cce-447b-4b1f-b33f-dadace64679a,02/12/2013,Dec-13,12,2013,KLEINPLAATS,Minor Dam,1301,11.2,1333.1,102.47
4eb6222a-00dc-4ffb-ba24-95403a97ac25,03/12/2013,Dec-13,12,2013,KLEINPLAATS,Minor Dam,1301,11.2,1333.1,102.47
b6b5b777-6a93-4cd8-8f24-25dec305dd37,04/12/2013,Dec-13,12,2013,KLEINPLAATS,Minor Dam,1301,11.2,1333.1,102.47
7e0c3112-3dbd-4fdc-8f2d-df2f24df2e06,05/12/2013,Dec-13,12,2013,KLEINPLAATS,Minor Dam,1301,11.2,1333.1,102.47
4d745891-58df-4827-b06f-e34c56a31b7b,06/12/2013,Dec-13,12,2013,KLEINPLAATS,Minor Dam,1301,11.08,1297.7,99.75
efea0379-22b4-4ffd-95e2-41bb073ae2b3,07/12/2013,Dec-13,12,2013,KLEINPLAATS,Minor Dam,1301,11.08,1297.7,99.75
215de8c5-2318-4e69-ad84-00a998b6416d,08/12/2013,Dec-13,12,2013,KLEINPLAATS,Minor Dam,1301,11.04,1286,98.85
8d9cfe19-abbd-4a45-8dae-f835a0b7ebd1,09/12/2013,Dec-13,12,2013,KLEINPLAATS,Minor Dam,1301,11.04,1286,98.85
63283c89-a4be-4cde-8c50-b7b6843d2db2,10/12/2013,Dec-13,12,2013,KLEINPLAATS,Minor Dam,1301,10.9,1245.7,95.75
92dfc3ba-fc04-4097-8861-fb7254b5ce01,11/12/2013,Dec-13,12,2013,KLEINPLAATS,Minor Dam,1301,10.9,1245.7,95.75
7d1cfbb3-20cd-4303-b2fc-9be23b8e6e6d,12/12/2013,Dec-13,12,2013,KLEINPLAATS,Minor Dam,1301,10.9,1245.7,95.75
c8073b6d-be8d-4bea-a23d-0ed9688a4637,13/12/2013,Dec-13,12,2013,KLEINPLAATS,Minor Dam,1301,10.9,1245.7,95.75
0bb0ac98-907e-4b7c-b291-41a6c041cb3d,14/12/2013,Dec-13,12,2013,KLEINPLAATS,Minor Dam,1301,10.9,1245.7,95.75
011e10d2-7c48-4cfe-a60d-2fd35d835d56,15/12/2013,Dec-13,12,2013,KLEINPLAATS,Minor Dam,1301,10.9,1245.7,95.75
cf0bf1b5-a252-49c2-9f88-d9a36d3f0e61,16/12/2013,Dec-13,12,2013,KLEINPLAATS,Minor Dam,1301,10.9,1245.7,95.75
2d307705-506f-4586-b3f6-402799aba273,17/12/2013,Dec-13,12,2013,KLEINPLAATS,Minor Dam,1301,10.9,1245.7,95.75
c1d71a31-dd8f-4db5-b0eb-fb94ce7f06b5,18/12/2013,Dec-13,12,2013,KLEINPLAATS,Minor Dam,1301,10.9,1245.7,95.75
f45ece9f-dcf7-4f0c-9f31-bd151aeab3b2,19/12/2013,Dec-13,12,2013,KLEINPLAATS,Minor Dam,1301,10.9,1245.7,95.75
7c5dbb60-556d-4749-845b-42a0371b96a7,20/12/2013,Dec-13,12,2013,KLEINPLAATS,Minor Dam,1301,10.9,1245.7,95.75
83fb1b31-2a97-4377-a767-2787c5cda264,21/12/2013,Dec-13,12,2013,KLEINPLAATS,Minor Dam,1301,10.9,1245.7,95.75
6c0a34ee-8195-450a-80b0-61af08a08680,22/12/2013,Dec-13,12,2013,KLEINPLAATS,Minor Dam,1301,10.9,1245.7,95.75
dc9c71cb-5623-4347-adda-bba1386ac549,23/12/2013,Dec-13,12,2013,KLEINPLAATS,Minor Dam,1301,10.9,1245.7,95.75
1319b230-b2b5-4b8f-b618-e96d0693da9f,24/12/2013,Dec-13,12,2013,KLEINPLAATS,Minor Dam,1301,10.9,1245.7,95.75
1a30a2f3-5cd3-4c43-b332-294a1da26b65,25/12/2013,Dec-13,12,2013,KLEINPLAATS,Minor Dam,1301,10.9,1245.7,95.75
b109f803-ea33-40eb-87b3-5b41651f1653,26/12/2013,Dec-13,12,2013,KLEINPLAATS,Minor Dam,1301,10.9,1245.7,95.75
f2ed7be2-1fa5-4c37-9fe2-b3428844ab91,27/12/2013,Dec-13,12,2013,KLEINPLAATS,Minor Dam,1301,10.9,1245.7,95.75
9cd59b47-319c-4e57-9008-3e15b9726c38,28/12/2013,Dec-13,12,2013,KLEINPLAATS,Minor Dam,1301,10.9,1245.7,95.75
09ce4c1f-e064-4760-9555-9d78efe66526,29/12/2013,Dec-13,12,2013,KLEINPLAATS,Minor Dam,1301,10.9,1245.7,95.75
fc17a69d-d387-4bc1-acb2-2f88ea51c25c,30/12/2013,Dec-13,12,2013,KLEINPLAATS,Minor Dam,1301,10.9,1245.7,95.75
6e4dfa5c-f589-444c-8fae-8bccda68a7bc,31/12/2013,Dec-13,12,2013,KLEINPLAATS,Minor Dam,1301,10.9,1245.7,95.75
2af6d392-f1fd-4a59-abdd-190fff75596b,01/01/2014,Jan-14,1,2014,KLEINPLAATS,Minor Dam,1301,10.8,1217.4,93.57
6e6a2092-6b36-4a4f-bfc0-b4fd27b84ac6,02/01/2014,Jan-14,1,2014,KLEINPLAATS,Minor Dam,1301,10.7,1189.5,91.43
949c96fe-2a88-4eaf-850f-72ae9534df3f,03/01/2014,Jan-14,1,2014,KLEINPLAATS,Minor Dam,1301,10.6,1161.9,89.31
2250b401-f28e-4fb1-bfa5-081d1620b9b4,04/01/2014,Jan-14,1,2014,KLEINPLAATS,Minor Dam,1301,10.58,1156.4,88.89
b49fd30c-a943-4e78-8233-c3d3728c90f0,05/01/2014,Jan-14,1,2014,KLEINPLAATS,Minor Dam,1301,10.5,1134.7,87.22
b2214daa-eb3b-4a95-96b3-f5a06d2c2a87,06/01/2014,Jan-14,1,2014,KLEINPLAATS,Minor Dam,1301,10.5,1134.7,87.22
5714896b-1a85-41f2-abfe-e3a190c8b7b6,07/01/2014,Jan-14,1,2014,KLEINPLAATS,Minor Dam,1301,10.58,1156.4,88.89
867d2b80-2858-4f0b-b8aa-a3290bb8a72b,08/01/2014,Jan-14,1,2014,KLEINPLAATS,Minor Dam,1301,10.58,1156.4,88.89
9b0c5533-74c1-4713-8232-3b3a8fba5865,09/01/2014,Jan-14,1,2014,KLEINPLAATS,Minor Dam,1301,10.7,1189.5,91.43
80f664f0-5851-43b6-9e8a-df786322a9c3,10/01/2014,Jan-14,1,2014,KLEINPLAATS,Minor Dam,1301,10.7,1189.5,91.43
69d64776-ada6-4db0-8c53-828daab8f556,11/01/2014,Jan-14,1,2014,KLEINPLAATS,Minor Dam,1301,10.68,1183.9,91
1226f27c-7254-4db2-a5bf-a65432c48d1d,12/01/2014,Jan-14,1,2014,KLEINPLAATS,Minor Dam,1301,10.6,1161.9,89.31
cdb8868a-db39-4fd8-96aa-eaac64154b72,13/01/2014,Jan-14,1,2014,KLEINPLAATS,Minor Dam,1301,10.55,1148.3,88.26
cc5d0808-6a22-44b7-9271-18b21613a89f,14/01/2014,Jan-14,1,2014,KLEINPLAATS,Minor Dam,1301,10.55,1148.3,88.26
dad125da-b872-4cac-a4bc-455acdadd98c,15/01/2014,Jan-14,1,2014,KLEINPLAATS,Minor Dam,1301,10.53,1142.9,87.85
f31506e3-8d47-4a7f-acb8-0b13bb7c2106,16/01/2014,Jan-14,1,2014,KLEINPLAATS,Minor Dam,1301,10.53,1142.9,87.85
f8c5e74b-95af-45c4-8d5b-cf1c2deac6c9,17/01/2014,Jan-14,1,2014,KLEINPLAATS,Minor Dam,1301,10.51,1137.4,87.43
b820c97c-69c3-4982-806e-41d446153722,18/01/2014,Jan-14,1,2014,KLEINPLAATS,Minor Dam,1301,10.5,1134.7,87.22
5c0f6cdb-9859-4c76-bb7d-914f23caa0f1,19/01/2014,Jan-14,1,2014,KLEINPLAATS,Minor Dam,1301,10.5,1134.7,87.22
7e4a4aa4-a2f0-43d6-a88e-191cef81eca1,20/01/2014,Jan-14,1,2014,KLEINPLAATS,Minor Dam,1301,10.5,1134.7,87.22
bc3c687a-1e10-44f4-b51b-734d1c933727,21/01/2014,Jan-14,1,2014,KLEINPLAATS,Minor Dam,1301,10.5,1134.7,87.22
37bce9a8-ca0e-4bdc-8b9b-88a95d7fac0d,22/01/2014,Jan-14,1,2014,KLEINPLAATS,Minor Dam,1301,10.4,1108,85.17
b11029cf-919a-43be-a08d-d0cbb11fd4d5,23/01/2014,Jan-14,1,2014,KLEINPLAATS,Minor Dam,1301,10.4,1108,85.17
3f307a12-f8d5-47e7-ba7b-698a2aa701c7,24/01/2014,Jan-14,1,2014,KLEINPLAATS,Minor Dam,1301,10.4,1108,85.17
e559324b-0cd0-47a0-a9f0-bba96091f0b8,25/01/2014,Jan-14,1,2014,KLEINPLAATS,Minor Dam,1301,10.4,1108,85.17
47e10041-a8f3-4ce3-9f7e-475bc67a48fb,26/01/2014,Jan-14,1,2014,KLEINPLAATS,Minor Dam,1301,10.38,1102.7,84.76
a3c2d880-ef22-4b7b-ad2c-63b8a00d718b,27/01/2014,Jan-14,1,2014,KLEINPLAATS,Minor Dam,1301,10.38,1102.7,84.76
970e8de7-bcb8-451a-a448-87d31ea13a64,28/01/2014,Jan-14,1,2014,KLEINPLAATS,Minor Dam,1301,10.38,1102.7,84.76
b113a802-9b26-4df5-b2f3-4a763a5e9f49,29/01/2014,Jan-14,1,2014,KLEINPLAATS,Minor Dam,1301,10.3,1081.6,83.14
9c6d7569-d398-40cf-9084-765db12d3c76,30/01/2014,Jan-14,1,2014,KLEINPLAATS,Minor Dam,1301,10.3,1081.6,83.14
648036f2-ae55-4137-beeb-d525c07d17ed,31/01/2014,Jan-14,1,2014,KLEINPLAATS,Minor Dam,1301,10.28,1076.3,82.73
4577a082-b05f-4a29-b9d7-d190a0aabac4,01/02/2014,Feb-14,2,2014,KLEINPLAATS,Minor Dam,1301,10.25,1068.5,82.13
0328f877-8d58-4863-b5dc-dc76f55e977e,02/02/2014,Feb-14,2,2014,KLEINPLAATS,Minor Dam,1301,10.2,1055.5,81.13
18d8eff2-56fd-4111-93a0-86e4c816b89e,03/02/2014,Feb-14,2,2014,KLEINPLAATS,Minor Dam,1301,10.1,1029.9,79.16
b6b2729e-e48b-44d8-a117-28b1bf7b7cf1,04/02/2014,Feb-14,2,2014,KLEINPLAATS,Minor Dam,1301,10.08,1025.1,78.79
d8c3aa7e-834b-48b7-b45e-61b6d5b17e4b,05/02/2014,Feb-14,2,2014,KLEINPLAATS,Minor Dam,1301,10.08,1025.1,78.79
d584c266-8ad4-49fa-8937-7744f93aa582,06/02/2014,Feb-14,2,2014,KLEINPLAATS,Minor Dam,1301,10.07,1022.7,78.61
4f462b06-a357-4b1b-8fe5-ea62169f0300,07/02/2014,Feb-14,2,2014,KLEINPLAATS,Minor Dam,1301,9.9,982.4,75.51
63d181f4-729a-4b23-b801-05d728c796e3,08/02/2014,Feb-14,2,2014,KLEINPLAATS,Minor Dam,1301,9.85,970.7,74.61
2a0071fe-1d6b-4d17-a20b-2c9d862cd24c,09/02/2014,Feb-14,2,2014,KLEINPLAATS,Minor Dam,1301,9.8,959.1,73.72
7f5fbe7a-771d-4174-a989-d420cfc88bf2,10/02/2014,Feb-14,2,2014,KLEINPLAATS,Minor Dam,1301,9.76,949.9,73.01
4ce42162-ad62-4c77-8782-34081268b73f,11/02/2014,Feb-14,2,2014,KLEINPLAATS,Minor Dam,1301,9.7,936.2,71.96
05ef951b-72a1-4a88-8c39-14567ca1de81,12/02/2014,Feb-14,2,2014,KLEINPLAATS,Minor Dam,1301,9.7,936.2,71.96
226a0a0d-7247-4a00-bbbc-9e6e67414274,13/02/2014,Feb-14,2,2014,KLEINPLAATS,Minor Dam,1301,9.7,936.2,71.96
83f353c1-272b-478a-8a8a-dc69b84d96d9,14/02/2014,Feb-14,2,2014,KLEINPLAATS,Minor Dam,1301,9.7,936.2,71.96
1ab15cb7-0a88-4785-959a-85fd9affd3da,15/02/2014,Feb-14,2,2014,KLEINPLAATS,Minor Dam,1301,9.72,940.7,72.31
da77bcfa-1979-426e-94f7-0effec4a0dc7,16/02/2014,Feb-14,2,2014,KLEINPLAATS,Minor Dam,1301,9.72,940.7,72.31
8577d786-94cc-4e29-a8b3-a16d0cd49c4b,17/02/2014,Feb-14,2,2014,KLEINPLAATS,Minor Dam,1301,9.72,940.7,72.31
1b8f6a0c-5d83-4088-8f94-7007d2703046,18/02/2014,Feb-14,2,2014,KLEINPLAATS,Minor Dam,1301,9.69,933.9,71.78
03720265-55f7-4359-9815-5e24bc26d65a,19/02/2014,Feb-14,2,2014,KLEINPLAATS,Minor Dam,1301,9.7,936.2,71.96
89feeb15-893d-46b4-b71e-505361cb2553,20/02/2014,Feb-14,2,2014,KLEINPLAATS,Minor Dam,1301,9.7,936.2,71.96
c285f197-ba3d-4b22-8c91-18d7d14e2000,21/02/2014,Feb-14,2,2014,KLEINPLAATS,Minor Dam,1301,9.68,931.6,71.61
2e750552-7a59-449e-9669-01d313e7ae37,22/02/2014,Feb-14,2,2014,KLEINPLAATS,Minor Dam,1301,9.65,924.8,71.08
ed55d911-74af-4778-a6cf-b9eac5e5011e,23/02/2014,Feb-14,2,2014,KLEINPLAATS,Minor Dam,1301,9.65,924.8,71.08
533ae6bb-0ce2-4487-9dae-9c1278962565,24/02/2014,Feb-14,2,2014,KLEINPLAATS,Minor Dam,1301,9.65,924.8,71.08
9fb17501-dc36-42b1-9468-2747b4548c13,25/02/2014,Feb-14,2,2014,KLEINPLAATS,Minor Dam,1301,9.5,891.2,68.5
0ee60180-dc4c-4703-8c8e-2d23b6762d0e,26/02/2014,Feb-14,2,2014,KLEINPLAATS,Minor Dam,1301,9.48,886.8,68.16
3ae1810f-1ffc-4a0b-aa8b-3e89dbbad2e2,27/02/2014,Feb-14,2,2014,KLEINPLAATS,Minor Dam,1301,9.45,880.2,67.66
01cffd71-599b-49b2-8d3b-9bd0be817713,28/02/2014,Feb-14,2,2014,KLEINPLAATS,Minor Dam,1301,9.42,873.6,67.15
896e60c3-b97f-474b-8915-a90ad28e4da5,01/03/2014,Mar-14,3,2014,KLEINPLAATS,Minor Dam,1301,9.4,869.2,66.81
7a2cb1ed-8824-4e4f-84bd-f7e255a1a23b,02/03/2014,Mar-14,3,2014,KLEINPLAATS,Minor Dam,1301,9.4,869.2,66.81
998a3073-b057-4de2-944b-fd14dbf372f4,03/03/2014,Mar-14,3,2014,KLEINPLAATS,Minor Dam,1301,9.42,873.6,67.15
d574a72a-8ff7-4ea7-8fca-0d636b9d6400,04/03/2014,Mar-14,3,2014,KLEINPLAATS,Minor Dam,1301,9.38,864.8,66.47
67e21e99-0d6a-41b7-a780-2c9aaa1f984d,05/03/2014,Mar-14,3,2014,KLEINPLAATS,Minor Dam,1301,9.38,864.8,66.47
d4f0e6bb-ed59-4b26-a36a-d0cf9918ed28,06/03/2014,Mar-14,3,2014,KLEINPLAATS,Minor Dam,1301,9.38,864.8,66.47
d68be7a3-51a8-47ad-a297-02bb6c9693ff,07/03/2014,Mar-14,3,2014,KLEINPLAATS,Minor Dam,1301,9.35,858.3,65.97
d359d826-23c7-4e5a-9c64-caa67e15a631,08/03/2014,Mar-14,3,2014,KLEINPLAATS,Minor Dam,1301,9.35,858.3,65.97
f412dd45-b8bb-43f4-b0c6-0f633ec7cd0c,09/03/2014,Mar-14,3,2014,KLEINPLAATS,Minor Dam,1301,9.35,858.3,65.97
21627e46-377b-46e0-bd44-2efeaa172767,10/03/2014,Mar-14,3,2014,KLEINPLAATS,Minor Dam,1301,9.3,847.5,65.14
1b79042f-3b9c-468b-b764-4b107656a618,11/03/2014,Mar-14,3,2014,KLEINPLAATS,Minor Dam,1301,9.3,847.5,65.14
ca22033e-1e35-4b7e-b404-3dd605d05433,12/03/2014,Mar-14,3,2014,KLEINPLAATS,Minor Dam,1301,9.28,843.2,64.81
516155ac-21ca-42a2-89bb-df921e53523d,13/03/2014,Mar-14,3,2014,KLEINPLAATS,Minor Dam,1301,9.25,836.8,64.32
477dfaae-c683-4fd0-8e18-f5d1f571ab52,14/03/2014,Mar-14,3,2014,KLEINPLAATS,Minor Dam,1301,9.25,836.8,64.32
f66b6108-1843-4242-a468-2758bb717ce0,15/03/2014,Mar-14,3,2014,KLEINPLAATS,Minor Dam,1301,9.23,832.5,63.99
67475867-9091-4421-afb1-4d241e1d4ffa,16/03/2014,Mar-14,3,2014,KLEINPLAATS,Minor Dam,1301,9.21,828.3,63.67
787f4de8-0254-4d7c-85e7-e4b4db2a8697,17/03/2014,Mar-14,3,2014,KLEINPLAATS,Minor Dam,1301,9.2,826.2,63.5
dbb210b8-8e99-44bf-b7df-1db88dae399a,18/03/2014,Mar-14,3,2014,KLEINPLAATS,Minor Dam,1301,9.2,826.2,63.5
53b0a52f-b242-4250-8d9d-bcc11b18e3b1,19/03/2014,Mar-14,3,2014,KLEINPLAATS,Minor Dam,1301,9.3,847.5,65.14
25dc29ca-9cdb-485a-aa6e-41514e519a52,20/03/2014,Mar-14,3,2014,KLEINPLAATS,Minor Dam,1301,9.2,826.2,63.5
5e51a2cd-3a99-417b-a3dd-fbc777c6f1fb,21/03/2014,Mar-14,3,2014,KLEINPLAATS,Minor Dam,1301,9.17,819.8,63.01
a11991c0-68c9-41ba-970d-852ef51260e6,22/03/2014,Mar-14,3,2014,KLEINPLAATS,Minor Dam,1301,9.14,813.5,62.53
112ed770-64e9-4a86-8a74-0fb37444aebe,23/03/2014,Mar-14,3,2014,KLEINPLAATS,Minor Dam,1301,9.13,811.4,62.37
810b3150-d7fc-4db8-aaec-88f54a0af654,24/03/2014,Mar-14,3,2014,KLEINPLAATS,Minor Dam,1301,9.12,809.3,62.21
150b00bd-6b1d-4eb7-a9d6-5775e4068a99,25/03/2014,Mar-14,3,2014,KLEINPLAATS,Minor Dam,1301,9,784.4,60.29
319c7667-afce-4d12-89e5-304dd891d803,26/03/2014,Mar-14,3,2014,KLEINPLAATS,Minor Dam,1301,9,784.4,60.29
6a170ff3-b916-4fa9-a198-b8e273ee6885,27/03/2014,Mar-14,3,2014,KLEINPLAATS,Minor Dam,1301,8.75,733.9,56.41
8d95a76b-9fda-4d67-afa8-620692f827e7,28/03/2014,Mar-14,3,2014,KLEINPLAATS,Minor Dam,1301,8.9,763.9,58.72
db343ccd-4534-4e32-af1b-8a619c7ffe9b,29/03/2014,Mar-14,3,2014,KLEINPLAATS,Minor Dam,1301,8.86,755.8,58.09
3b10e1b0-66d9-413a-96ba-57e6ab34d598,30/03/2014,Mar-14,3,2014,KLEINPLAATS,Minor Dam,1301,8.8,743.8,57.17
5764f741-d0e0-4091-a0fd-6aa1661bc9a3,31/03/2014,Mar-14,3,2014,KLEINPLAATS,Minor Dam,1301,8.85,753.8,57.94
4dce785c-549e-4d54-b227-c0d10a9c8707,01/04/2014,Apr-14,4,2014,KLEINPLAATS,Minor Dam,1301,8.8,743.8,57.17
e0db6c7c-7bcd-450a-8627-5dacfe1e05ea,02/04/2014,Apr-14,4,2014,KLEINPLAATS,Minor Dam,1301,8.84,751.8,57.79
46a4380b-813b-4391-a57c-d6b973c62623,03/04/2014,Apr-14,4,2014,KLEINPLAATS,Minor Dam,1301,8.88,759.9,58.41
0c92ee2e-5c2f-4a8c-8ed7-c546f97234f2,04/04/2014,Apr-14,4,2014,KLEINPLAATS,Minor Dam,1301,8.8,743.8,57.17
e4b63832-fb52-4684-9ae7-69a95fe4f8fc,05/04/2014,Apr-14,4,2014,KLEINPLAATS,Minor Dam,1301,8.82,747.8,57.48
39b5354a-64b5-4ef7-86d9-7e57ed31edb0,06/04/2014,Apr-14,4,2014,KLEINPLAATS,Minor Dam,1301,8.84,751.8,57.79
ebe52f4f-7a2a-4c90-86ae-46fed40bbc8c,07/04/2014,Apr-14,4,2014,KLEINPLAATS,Minor Dam,1301,8.88,759.9,58.41
cc54c0f1-fe6b-483b-b23e-9f097b77fb75,08/04/2014,Apr-14,4,2014,KLEINPLAATS,Minor Dam,1301,8.86,755.8,58.09
c685b13f-dc5f-4f62-b39c-aa38923d7c43,09/04/2014,Apr-14,4,2014,KLEINPLAATS,Minor Dam,1301,8.82,747.8,57.48
cdeb48d9-1dce-4674-831c-5a27fdaabd72,10/04/2014,Apr-14,4,2014,KLEINPLAATS,Minor Dam,1301,8.82,747.8,57.48
203d520c-05ef-4793-a5c9-2be02f3303bc,11/04/2014,Apr-14,4,2014,KLEINPLAATS,Minor Dam,1301,8.65,714.2,54.9
da4384e1-9a45-415e-8af5-659c0e5a56f7,12/04/2014,Apr-14,4,2014,KLEINPLAATS,Minor Dam,1301,8.64,712.3,54.75
6820959a-3a8b-4630-b71e-8fae784ebb64,13/04/2014,Apr-14,4,2014,KLEINPLAATS,Minor Dam,1301,8.64,712.3,54.75
e7b11467-ccd4-4a2f-aad7-24179a4a3066,14/04/2014,Apr-14,4,2014,KLEINPLAATS,Minor Dam,1301,8.8,743.8,57.17
36f79880-d091-4d3e-9e5f-84243891e5cb,15/04/2014,Apr-14,4,2014,KLEINPLAATS,Minor Dam,1301,8.78,739.8,56.86
548ab12c-cc82-4b6b-ba1c-903215e621ac,16/04/2014,Apr-14,4,2014,KLEINPLAATS,Minor Dam,1301,8.78,739.8,56.86
ac103161-b51d-4f04-bdd2-b9e1704b7462,17/04/2014,Apr-14,4,2014,KLEINPLAATS,Minor Dam,1301,8.7,724,55.65
4bf89416-315f-44b6-a3f2-c057a3b7718d,18/04/2014,Apr-14,4,2014,KLEINPLAATS,Minor Dam,1301,8.78,739.8,56.86
cfd77a71-59d8-4242-8eac-541fefcf543b,19/04/2014,Apr-14,4,2014,KLEINPLAATS,Minor Dam,1301,8.76,735.8,56.56
2306bd48-51bf-4e60-a10e-0e97439edc8a,20/04/2014,Apr-14,4,2014,KLEINPLAATS,Minor Dam,1301,8.76,735.8,56.56
ce800d4d-3c58-4da7-9515-f1c39a9407b1,21/04/2014,Apr-14,4,2014,KLEINPLAATS,Minor Dam,1301,8.76,735.8,56.56
874f7107-27a0-4577-a29d-0560ff6ee3fb,22/04/2014,Apr-14,4,2014,KLEINPLAATS,Minor Dam,1301,8.7,724,55.65
fdb944e1-b82a-4731-a1e8-39d58945a471,23/04/2014,Apr-14,4,2014,KLEINPLAATS,Minor Dam,1301,8.7,724,55.65
9d6b905c-4a04-4b19-8b2e-88b16501f0c1,24/04/2014,Apr-14,4,2014,KLEINPLAATS,Minor Dam,1301,8.7,724,55.65
324ca11c-e032-4067-96d8-bbf1440effde,25/04/2014,Apr-14,4,2014,KLEINPLAATS,Minor Dam,1301,8.68,720.1,55.35
9a7d3a57-5143-4058-b38a-5ebfa4899a13,26/04/2014,Apr-14,4,2014,KLEINPLAATS,Minor Dam,1301,8.68,720.1,55.35
5ec72678-ab9b-41a0-82dd-295b2ac89198,27/04/2014,Apr-14,4,2014,KLEINPLAATS,Minor Dam,1301,8.68,720.1,55.35
066d383f-e1cc-4a27-b5fb-61314d60bdbe,28/04/2014,Apr-14,4,2014,KLEINPLAATS,Minor Dam,1301,8.68,720.1,55.35
e95d1d80-1c7a-45a5-bd43-da50448e3030,29/04/2014,Apr-14,4,2014,KLEINPLAATS,Minor Dam,1301,8.6,704.5,54.15
26df255f-4b76-4389-8cd9-f49d901a9512,30/04/2014,Apr-14,4,2014,KLEINPLAATS,Minor Dam,1301,8.6,704.5,54.15
7d48afd9-5e10-4473-9fc8-7ec8e420d3be,01/05/2014,May-14,5,2014,KLEINPLAATS,Minor Dam,1301,8.54,693.7,53.32
7469e39c-74a6-48fe-aab8-03d2957e72d2,02/05/2014,May-14,5,2014,KLEINPLAATS,Minor Dam,1301,8.48,682.9,52.49
3f2e6bfd-05b4-4c61-8bed-b4952266b02b,03/05/2014,May-14,5,2014,KLEINPLAATS,Minor Dam,1301,8.4,668.7,51.4
640939ed-e22c-427e-beb6-dd246a981fee,04/05/2014,May-14,5,2014,KLEINPLAATS,Minor Dam,1301,8.35,659.9,50.72
3e252883-06f6-4ffb-af58-81f4b7b78fc1,05/05/2014,May-14,5,2014,KLEINPLAATS,Minor Dam,1301,8.3,651.2,50.05
c6d6ee1b-a9d0-475b-bec4-078c1868b8e7,06/05/2014,May-14,5,2014,KLEINPLAATS,Minor Dam,1301,8.28,647.7,49.78
cc04fc51-0323-4564-884b-8a12b7277ece,07/05/2014,May-14,5,2014,KLEINPLAATS,Minor Dam,1301,8.2,633.9,48.72
3e065d86-9edf-4ef8-aef7-409542722566,08/05/2014,May-14,5,2014,KLEINPLAATS,Minor Dam,1301,8.16,627.1,48.2
c481f6fd-16c8-4f2a-b7f6-d156002c8e66,09/05/2014,May-14,5,2014,KLEINPLAATS,Minor Dam,1301,8.16,627.1,48.2
8bf74e6e-590d-4d72-9e29-0f90217ba88b,10/05/2014,May-14,5,2014,KLEINPLAATS,Minor Dam,1301,8.16,627.1,48.2
5878c0ab-bdc5-4c8c-a7e8-bb3f36464627,11/05/2014,May-14,5,2014,KLEINPLAATS,Minor Dam,1301,8.25,642.6,49.39
1870f922-3a75-4316-a9b3-6d2db152964a,12/05/2014,May-14,5,2014,KLEINPLAATS,Minor Dam,1301,8.3,651.2,50.05
34aacc15-22eb-4233-ab10-dbb2cbaff3c6,13/05/2014,May-14,5,2014,KLEINPLAATS,Minor Dam,1301,8.35,659.9,50.72
affb5bbe-a432-4058-8d00-e1d1a816eac9,14/05/2014,May-14,5,2014,KLEINPLAATS,Minor Dam,1301,8.4,668.7,51.4
a3c400b3-7cfc-4fcf-8adf-18a75d6782df,15/05/2014,May-14,5,2014,KLEINPLAATS,Minor Dam,1301,8.4,668.7,51.4
dedccdc2-5b96-48f1-99f3-235b81a593c9,16/05/2014,May-14,5,2014,KLEINPLAATS,Minor Dam,1301,8.43,674,51.81
3897faa6-3014-423b-9c53-c704d7f200c1,17/05/2014,May-14,5,2014,KLEINPLAATS,Minor Dam,1301,8.45,677.6,52.08
b6065f76-318c-47d6-a19d-a41f520402cf,18/05/2014,May-14,5,2014,KLEINPLAATS,Minor Dam,1301,8.45,677.6,52.08
9ccff297-9afc-4316-b5b0-c094da1af99c,19/05/2014,May-14,5,2014,KLEINPLAATS,Minor Dam,1301,8.43,674,51.81
d64df045-5b44-48e7-a09b-2e30dcbd8d17,20/05/2014,May-14,5,2014,KLEINPLAATS,Minor Dam,1301,8.43,674,51.81
797e23e0-5407-41bc-b70c-00ac85f95539,21/05/2014,May-14,5,2014,KLEINPLAATS,Minor Dam,1301,8.45,677.6,52.08
0f2fa6e4-92ce-4052-99d2-a568ee0f116c,22/05/2014,May-14,5,2014,KLEINPLAATS,Minor Dam,1301,8.45,677.6,52.08
1f640f20-d7cb-48bd-b82c-c2311fc8322a,23/05/2014,May-14,5,2014,KLEINPLAATS,Minor Dam,1301,8.48,682.9,52.49
855246bc-fccc-48e0-99f9-9adeeb8433d7,24/05/2014,May-14,5,2014,KLEINPLAATS,Minor Dam,1301,8.49,684.7,52.63
795e98e0-20e5-4b2d-a7ba-3c8324fd69b6,25/05/2014,May-14,5,2014,KLEINPLAATS,Minor Dam,1301,8.5,686.5,52.77
2881c17f-9221-4d60-a08b-e657f8a02480,26/05/2014,May-14,5,2014,KLEINPLAATS,Minor Dam,1301,8.5,686.5,52.77
00f8d8f5-0a69-48ed-b20b-cc4959ae7d35,27/05/2014,May-14,5,2014,KLEINPLAATS,Minor Dam,1301,8.5,686.5,52.77
2b6934b9-20ef-48d5-974c-046d4c238218,28/05/2014,May-14,5,2014,KLEINPLAATS,Minor Dam,1301,8.5,686.5,52.77
81fca63e-9f36-4c00-be3b-73175fed5ffe,29/05/2014,May-14,5,2014,KLEINPLAATS,Minor Dam,1301,8.52,690.1,53.04
ff4b0332-fd8b-47bb-8de7-0ba401ca1be8,30/05/2014,May-14,5,2014,KLEINPLAATS,Minor Dam,1301,8.55,695.5,53.46
999e2df5-9b4f-4940-904a-84671f7bc3a6,31/05/2014,May-14,5,2014,KLEINPLAATS,Minor Dam,1301,8.58,700.9,53.87
d50a1a01-d0b2-47ee-be08-ad615edb50c7,01/06/2014,Jun-14,6,2014,KLEINPLAATS,Minor Dam,1301,8.58,700.9,53.87
5261baff-8bcb-469d-bea5-2448ced92dd1,02/06/2014,Jun-14,6,2014,KLEINPLAATS,Minor Dam,1301,8.75,733.9,56.41
8ea37525-f893-4ecd-88e0-cf193db095db,03/06/2014,Jun-14,6,2014,KLEINPLAATS,Minor Dam,1301,8.78,739.8,56.86
fae7265e-6597-4c4d-8448-24cd36199519,04/06/2014,Jun-14,6,2014,KLEINPLAATS,Minor Dam,1301,9,784.4,60.29
4685fb9e-385a-4b0f-9102-89fe6bd05280,05/06/2014,Jun-14,6,2014,KLEINPLAATS,Minor Dam,1301,9.25,836.8,64.32
e4c9f4ea-3c52-4c6d-a1e0-45812eb26450,06/06/2014,Jun-14,6,2014,KLEINPLAATS,Minor Dam,1301,9.3,847.5,65.14
d98118c7-e088-4dfb-8297-40c14febd166,07/06/2014,Jun-14,6,2014,KLEINPLAATS,Minor Dam,1301,9.4,869.2,66.81
0dea9b55-cc8b-4f78-a6f3-64d530c79104,08/06/2014,Jun-14,6,2014,KLEINPLAATS,Minor Dam,1301,9.45,880.2,67.66
8088fa40-1143-4758-a2a3-bbb86f49b02e,09/06/2014,Jun-14,6,2014,KLEINPLAATS,Minor Dam,1301,9.5,891.2,68.5
0b7ab338-6482-41c8-8483-2311c26c05c1,10/06/2014,Jun-14,6,2014,KLEINPLAATS,Minor Dam,1301,9.68,931.6,71.61
9448e71b-4c38-469c-b057-f6172a54db5f,11/06/2014,Jun-14,6,2014,KLEINPLAATS,Minor Dam,1301,9.88,977.7,75.15
519d6170-8106-4f60-bd77-d054617c7102,12/06/2014,Jun-14,6,2014,KLEINPLAATS,Minor Dam,1301,9.95,994.2,76.42
ca640876-a0be-4f79-921c-5492c0b57768,13/06/2014,Jun-14,6,2014,KLEINPLAATS,Minor Dam,1301,10,1006,77.33
dc4eaa1d-a11e-4b94-acd3-e0d6efb97f6c,14/06/2014,Jun-14,6,2014,KLEINPLAATS,Minor Dam,1301,10.04,1015.5,78.06
e68a16f2-b97c-4511-9a29-55cd0898039f,15/06/2014,Jun-14,6,2014,KLEINPLAATS,Minor Dam,1301,10.1,1029.9,79.16
4879bd62-9093-4e0b-bc84-a685d4e2f29c,16/06/2014,Jun-14,6,2014,KLEINPLAATS,Minor Dam,1301,10.1,1029.9,79.16
27065c44-297a-4b7c-bad8-26088f831638,17/06/2014,Jun-14,6,2014,KLEINPLAATS,Minor Dam,1301,10.2,1055.5,81.13
c7512a23-5551-4122-882b-942f7d371c9a,18/06/2014,Jun-14,6,2014,KLEINPLAATS,Minor Dam,1301,10.25,1068.5,82.13
3824e930-79ab-4aae-ad4b-97362c87e088,19/06/2014,Jun-14,6,2014,KLEINPLAATS,Minor Dam,1301,10.35,1094.7,84.14
291899f6-7b3d-4581-b1aa-dd309b7181fe,20/06/2014,Jun-14,6,2014,KLEINPLAATS,Minor Dam,1301,10.4,1108,85.17
da18a623-606a-44dd-99c6-d644f8d646ac,21/06/2014,Jun-14,6,2014,KLEINPLAATS,Minor Dam,1301,10.45,1121.3,86.19
c864714f-9cba-4073-b728-8a42ed975f99,22/06/2014,Jun-14,6,2014,KLEINPLAATS,Minor Dam,1301,10.5,1134.7,87.22
ddf9611d-2fff-4d04-a590-fe673841f7f3,23/06/2014,Jun-14,6,2014,KLEINPLAATS,Minor Dam,1301,10.5,1134.7,87.22
f810502a-f878-4c4d-b176-b0684bc2a6cd,24/06/2014,Jun-14,6,2014,KLEINPLAATS,Minor Dam,1301,10.58,1156.4,88.89
dbd1846d-bbc5-45f7-8ace-0c5c18783c19,25/06/2014,Jun-14,6,2014,KLEINPLAATS,Minor Dam,1301,10.6,1161.9,89.31
07365e73-6659-406b-98d0-6fca704704fb,26/06/2014,Jun-14,6,2014,KLEINPLAATS,Minor Dam,1301,10.7,1189.5,91.43
06edf302-6446-42ad-99ca-ac71487c7352,27/06/2014,Jun-14,6,2014,KLEINPLAATS,Minor Dam,1301,10.75,1203.4,92.5
e01413ff-f533-4824-be18-01985051a794,28/06/2014,Jun-14,6,2014,KLEINPLAATS,Minor Dam,1301,10.8,1217.4,93.57
906f589e-207c-4383-9828-966a03d8dba4,29/06/2014,Jun-14,6,2014,KLEINPLAATS,Minor Dam,1301,10.82,1223,94
bb65d937-4d7f-4e86-aac6-567718ae840e,30/06/2014,Jun-14,6,2014,KLEINPLAATS,Minor Dam,1301,10.88,1240,95.31
4129c34f-3221-4ebe-8afa-856e4ea602f8,01/07/2014,Jul-14,7,2014,KLEINPLAATS,Minor Dam,1301,10.9,1245.7,95.75
38dc4632-8dbf-40a3-94cc-a33b9f06b683,02/07/2014,Jul-14,7,2014,KLEINPLAATS,Minor Dam,1301,10.95,1260,96.85
b526305b-da92-457b-9e92-118c7a7954b0,03/07/2014,Jul-14,7,2014,KLEINPLAATS,Minor Dam,1301,10.98,1268.7,97.52
1562a5cb-8483-429b-ae4f-8e3e2fa4fa3b,04/07/2014,Jul-14,7,2014,KLEINPLAATS,Minor Dam,1301,11.09,1300.6,99.97
6d35ba4a-06fb-4ba1-a96a-1dd281691d1d,05/07/2014,Jul-14,7,2014,KLEINPLAATS,Minor Dam,1301,11.09,1300.6,99.97
d367751b-8611-4f55-adcc-3a8330b087fd,06/07/2014,Jul-14,7,2014,KLEINPLAATS,Minor Dam,1301,11.09,1300.6,99.97
117640d5-b4b5-4d9d-9ef4-1b3781495d50,07/07/2014,Jul-14,7,2014,KLEINPLAATS,Minor Dam,1301,11.09,1300.6,99.97
32f7f5e3-6fdb-49f5-8fd9-df84765586a8,08/07/2014,Jul-14,7,2014,KLEINPLAATS,Minor Dam,1301,11.09,1300.6,99.97
124078bb-6c8b-4529-82a7-28cd8e24ed80,09/07/2014,Jul-14,7,2014,KLEINPLAATS,Minor Dam,1301,11.09,1300.6,99.97
096543c6-790c-45ff-a5a0-314139e4cba9,10/07/2014,Jul-14,7,2014,KLEINPLAATS,Minor Dam,1301,11.09,1300.6,99.97
b5673a31-7c10-4820-9e4f-1d61ffb78f8a,11/07/2014,Jul-14,7,2014,KLEINPLAATS,Minor Dam,1301,11.09,1300.6,99.97
2127c1a0-f540-4459-9ce9-ef049c508eaa,12/07/2014,Jul-14,7,2014,KLEINPLAATS,Minor Dam,1301,11.09,1300.6,99.97
bf3b5782-b3fd-4792-8e0b-a8a070e20139,13/07/2014,Jul-14,7,2014,KLEINPLAATS,Minor Dam,1301,11.09,1300.6,99.97
c68c2c1b-61c2-4637-b048-49f2fb4e8cd8,14/07/2014,Jul-14,7,2014,KLEINPLAATS,Minor Dam,1301,11.09,1300.6,99.97
5233bd57-0607-4f4f-9227-17b73d1eade3,15/07/2014,Jul-14,7,2014,KLEINPLAATS,Minor Dam,1301,11.09,1300.6,99.97
7f19414d-4b38-4e8b-8ad1-158e76800a7a,16/07/2014,Jul-14,7,2014,KLEINPLAATS,Minor Dam,1301,11.09,1300.6,99.97
003b12bd-8c1a-4aa7-bcfd-0ae131c69114,17/07/2014,Jul-14,7,2014,KLEINPLAATS,Minor Dam,1301,11.09,1300.6,99.97
2445699b-5db3-47a0-877a-bab78bf48e8d,18/07/2014,Jul-14,7,2014,KLEINPLAATS,Minor Dam,1301,11.09,1300.6,99.97
43e3c519-41b7-4ccb-b957-9d20adae8a02,19/07/2014,Jul-14,7,2014,KLEINPLAATS,Minor Dam,1301,11.09,1300.6,99.97
e3ec7f3e-82fe-40fa-b89b-39d4a195829b,20/07/2014,Jul-14,7,2014,KLEINPLAATS,Minor Dam,1301,11.09,1300.6,99.97
3bbac572-79fe-4056-91f5-d51f05295b16,21/07/2014,Jul-14,7,2014,KLEINPLAATS,Minor Dam,1301,11.09,1300.6,99.97
7a496541-b74d-450a-8e15-336d03746cdd,22/07/2014,Jul-14,7,2014,KLEINPLAATS,Minor Dam,1301,11.09,1300.6,99.97
a3470f23-0ce5-4484-a7e2-60cfd486114a,23/07/2014,Jul-14,7,2014,KLEINPLAATS,Minor Dam,1301,11.09,1300.6,99.97
a7633994-85d7-468d-aa1e-d32ec170c6a9,24/07/2014,Jul-14,7,2014,KLEINPLAATS,Minor Dam,1301,11.09,1300.6,99.97
f8cf2a65-32ba-484d-ab81-a6f0b2f8ed79,25/07/2014,Jul-14,7,2014,KLEINPLAATS,Minor Dam,1301,11.09,1300.6,99.97
42a8b103-cd4e-45e4-9496-2240ba0297a1,26/07/2014,Jul-14,7,2014,KLEINPLAATS,Minor Dam,1301,11.09,1300.6,99.97
7be43766-a1db-41cb-b7eb-c03094b20f6c,27/07/2014,Jul-14,7,2014,KLEINPLAATS,Minor Dam,1301,11.09,1300.6,99.97
cc86353c-8689-4e92-b9c9-ff5e753c78bc,28/07/2014,Jul-14,7,2014,KLEINPLAATS,Minor Dam,1301,11.09,1300.6,99.97
2fd426d0-201b-451e-8d37-3ec10e47a112,29/07/2014,Jul-14,7,2014,KLEINPLAATS,Minor Dam,1301,11.09,1300.6,99.97
43400a3b-c0b1-4593-b80a-74a66d871d6c,30/07/2014,Jul-14,7,2014,KLEINPLAATS,Minor Dam,1301,11.09,1300.6,99.97
6a71ded8-808d-425c-8c38-0fc035b72289,31/07/2014,Jul-14,7,2014,KLEINPLAATS,Minor Dam,1301,11.09,1300.6,99.97
b9bede05-ac7e-4d72-bf6c-143cfc5a449e,01/08/2014,Aug-14,8,2014,KLEINPLAATS,Minor Dam,1301,11.09,1300.6,99.97
2eb2a0e4-3e91-4d2f-99d1-733f46bdd093,02/08/2014,Aug-14,8,2014,KLEINPLAATS,Minor Dam,1301,11.09,1300.6,99.97
61f7aaba-e65c-4fc3-8cc1-9f9ebff4b7b3,03/08/2014,Aug-14,8,2014,KLEINPLAATS,Minor Dam,1301,11.09,1300.6,99.97
c99b8da3-d9c7-41af-9c00-220d715eba40,04/08/2014,Aug-14,8,2014,KLEINPLAATS,Minor Dam,1301,11.09,1300.6,99.97
8032109b-3dd6-4861-b845-6410711e1eca,05/08/2014,Aug-14,8,2014,KLEINPLAATS,Minor Dam,1301,11.09,1300.6,99.97
117a6e5a-d00c-462b-a08a-5c7289ed9047,06/08/2014,Aug-14,8,2014,KLEINPLAATS,Minor Dam,1301,11.09,1300.6,99.97
b17710b4-76c3-4493-9471-ece78e9a969a,07/08/2014,Aug-14,8,2014,KLEINPLAATS,Minor Dam,1301,11.09,1300.6,99.97
ec277f43-d408-4b39-8bea-86e1e6074fec,08/08/2014,Aug-14,8,2014,KLEINPLAATS,Minor Dam,1301,11.09,1300.6,99.97
2c52372a-b439-4a9f-984d-35a536744a46,09/08/2014,Aug-14,8,2014,KLEINPLAATS,Minor Dam,1301,11.09,1300.6,99.97
ad73d628-6482-4a9d-b790-072f01883621,10/08/2014,Aug-14,8,2014,KLEINPLAATS,Minor Dam,1301,11.09,1300.6,99.97
69f45a52-d1d4-4ae9-9be4-a8d24942444d,11/08/2014,Aug-14,8,2014,KLEINPLAATS,Minor Dam,1301,11.09,1300.6,99.97
99808699-70c2-4f61-b0bc-e37046409666,12/08/2014,Aug-14,8,2014,KLEINPLAATS,Minor Dam,1301,11.09,1300.6,99.97
27811203-4463-47c7-834e-94d1bbea4a6f,13/08/2014,Aug-14,8,2014,KLEINPLAATS,Minor Dam,1301,11.09,1300.6,99.97
1dfc41e8-4a31-4754-8a15-311863ac8b63,14/08/2014,Aug-14,8,2014,KLEINPLAATS,Minor Dam,1301,11.09,1300.6,99.97
9ffec442-e09b-4721-af07-4b0c7793bc0c,15/08/2014,Aug-14,8,2014,KLEINPLAATS,Minor Dam,1301,11.09,1300.6,99.97
1d191c12-ce08-4e10-b281-41ddb1ef0df9,16/08/2014,Aug-14,8,2014,KLEINPLAATS,Minor Dam,1301,11.09,1300.6,99.97
7246808b-8cb1-40ed-a395-c06a49d74786,17/08/2014,Aug-14,8,2014,KLEINPLAATS,Minor Dam,1301,11.09,1300.6,99.97
683ee0af-8a7c-4300-bd2b-756b390daf51,18/08/2014,Aug-14,8,2014,KLEINPLAATS,Minor Dam,1301,11.09,1300.6,99.97
71e8f6fd-197a-41ad-ac3d-4f0f3296343e,19/08/2014,Aug-14,8,2014,KLEINPLAATS,Minor Dam,1301,11.09,1300.6,99.97
f66a106b-5b85-4c63-ba25-c912fce1682f,20/08/2014,Aug-14,8,2014,KLEINPLAATS,Minor Dam,1301,11.09,1300.6,99.97
a71face8-ceb4-48f0-bc51-d66a914c3fab,21/08/2014,Aug-14,8,2014,KLEINPLAATS,Minor Dam,1301,11.09,1300.6,99.97
88989637-7b02-4b56-9e21-d408d382799d,22/08/2014,Aug-14,8,2014,KLEINPLAATS,Minor Dam,1301,11.09,1300.6,99.97
af1cf3ea-6141-463e-bd29-5d1886c68ec9,23/08/2014,Aug-14,8,2014,KLEINPLAATS,Minor Dam,1301,11.09,1300.6,99.97
e7d156f6-1ddc-4cf2-b315-d7476af39e30,24/08/2014,Aug-14,8,2014,KLEINPLAATS,Minor Dam,1301,11.09,1300.6,99.97
d69f8543-cb3b-4df8-b4f3-4f36bec8aba3,25/08/2014,Aug-14,8,2014,KLEINPLAATS,Minor Dam,1301,11.09,1300.6,99.97
901859ec-c5d1-4821-8dbe-5f50e43cc2e0,26/08/2014,Aug-14,8,2014,KLEINPLAATS,Minor Dam,1301,11.09,1300.6,99.97
7ba7b75d-c5a1-4d20-aaf1-17924f516101,27/08/2014,Aug-14,8,2014,KLEINPLAATS,Minor Dam,1301,11.09,1300.6,99.97
181ae1f6-0f5c-440b-b55e-6852a06f2983,28/08/2014,Aug-14,8,2014,KLEINPLAATS,Minor Dam,1301,11.09,1300.6,99.97
e2dfd745-51bf-4333-bd2a-2bd0095ee870,29/08/2014,Aug-14,8,2014,KLEINPLAATS,Minor Dam,1301,11.09,1300.6,99.97
6d63ada4-32e8-4bf8-a42f-8d157c479eec,30/08/2014,Aug-14,8,2014,KLEINPLAATS,Minor Dam,1301,11.09,1300.6,99.97
07fd3d7d-73c4-411d-9a40-a213c4da7da4,31/08/2014,Aug-14,8,2014,KLEINPLAATS,Minor Dam,1301,11.09,1300.6,99.97
c7862b3c-62fc-42b4-90a6-1bcb4199b409,01/09/2014,Sep-14,9,2014,KLEINPLAATS,Minor Dam,1301,11.09,1300.6,99.97
1b268e15-555f-4381-a3e3-8f19ea35dc02,02/09/2014,Sep-14,9,2014,KLEINPLAATS,Minor Dam,1301,11.09,1300.6,99.97
6b558a17-dc18-42dc-bf00-1f9956ad69cb,03/09/2014,Sep-14,9,2014,KLEINPLAATS,Minor Dam,1301,11.09,1300.6,99.97
65e8b31b-d3e7-4c40-a788-ca381c33449f,04/09/2014,Sep-14,9,2014,KLEINPLAATS,Minor Dam,1301,11.09,1300.6,99.97
25fc1f4f-d443-4e7b-aa3c-4aec69e6ae5e,05/09/2014,Sep-14,9,2014,KLEINPLAATS,Minor Dam,1301,11.09,1300.6,99.97
5f448dc1-5f7f-4469-b9d7-e14425accab4,06/09/2014,Sep-14,9,2014,KLEINPLAATS,Minor Dam,1301,11.09,1300.6,99.97
89e3591b-0ce9-41b1-abc3-8d69dcc533eb,07/09/2014,Sep-14,9,2014,KLEINPLAATS,Minor Dam,1301,11.09,1300.6,99.97
4b209b49-4a8f-42ab-842e-13131f4e30fd,08/09/2014,Sep-14,9,2014,KLEINPLAATS,Minor Dam,1301,11.09,1300.6,99.97
82907c80-b1c4-41df-9172-5303a56ba4ce,09/09/2014,Sep-14,9,2014,KLEINPLAATS,Minor Dam,1301,11.09,1300.6,99.97
1da7e402-804c-4a44-9378-cac983e397d2,10/09/2014,Sep-14,9,2014,KLEINPLAATS,Minor Dam,1301,11.09,1300.6,99.97
9f5c1143-6f3d-4912-a030-91b90d272bd7,11/09/2014,Sep-14,9,2014,KLEINPLAATS,Minor Dam,1301,11.09,1300.6,99.97
4265146d-ca09-4b86-bcda-5eb679f7a0d7,12/09/2014,Sep-14,9,2014,KLEINPLAATS,Minor Dam,1301,11.09,1300.6,99.97
16831287-99ac-43d3-85c3-4e5940b69808,13/09/2014,Sep-14,9,2014,KLEINPLAATS,Minor Dam,1301,11.09,1300.6,99.97
df29f853-7aed-4ec9-b7f9-0bf00ad0d793,14/09/2014,Sep-14,9,2014,KLEINPLAATS,Minor Dam,1301,11,1274.5,97.96
0a72ba62-0e36-47ef-affd-7ce93d36d232,15/09/2014,Sep-14,9,2014,KLEINPLAATS,Minor Dam,1301,11,1274.5,97.96
5d31e7af-a071-41c1-86bf-f2279fcf1a2f,16/09/2014,Sep-14,9,2014,KLEINPLAATS,Minor Dam,1301,11,1274.5,97.96
3ad36b02-feb1-4100-83cb-811e1f4697b3,17/09/2014,Sep-14,9,2014,KLEINPLAATS,Minor Dam,1301,11,1274.5,97.96
ee185ed8-d4ab-46d2-a782-de0c59aacebb,18/09/2014,Sep-14,9,2014,KLEINPLAATS,Minor Dam,1301,11,1274.5,97.96
c50d6dbb-6e17-461c-b172-ffee533720d0,19/09/2014,Sep-14,9,2014,KLEINPLAATS,Minor Dam,1301,11,1274.5,97.96
879447ee-8c4e-47f0-a7b2-d3eceefe723b,20/09/2014,Sep-14,9,2014,KLEINPLAATS,Minor Dam,1301,11,1274.5,97.96
a8326020-418c-4d3d-afd9-1df9f7680a0e,21/09/2014,Sep-14,9,2014,KLEINPLAATS,Minor Dam,1301,11,1274.5,97.96
0b13655b-b3d7-4cb5-8a85-709cfc8ff32a,22/09/2014,Sep-14,9,2014,KLEINPLAATS,Minor Dam,1301,10.96,1262.9,97.07
4c8d36ad-0917-407d-a094-f771f21fd3e3,23/09/2014,Sep-14,9,2014,KLEINPLAATS,Minor Dam,1301,10.96,1262.9,97.07
96a54bff-5fcc-4051-8ba7-669e6b6ce346,24/09/2014,Sep-14,9,2014,KLEINPLAATS,Minor Dam,1301,10.96,1262.9,97.07
ed62f9de-8307-4ef5-902c-46b389642ded,25/09/2014,Sep-14,9,2014,KLEINPLAATS,Minor Dam,1301,10.96,1262.9,97.07
a3b475b3-3385-40fa-98c6-57d73853ff75,26/09/2014,Sep-14,9,2014,KLEINPLAATS,Minor Dam,1301,10.96,1262.9,97.07
38509a72-cdc5-4e80-a4c4-c5ec4bc4f1ba,27/09/2014,Sep-14,9,2014,KLEINPLAATS,Minor Dam,1301,10.98,1268.7,97.52
5cde282d-7080-43b7-bb04-307f04443495,28/09/2014,Sep-14,9,2014,KLEINPLAATS,Minor Dam,1301,11,1274.5,97.96
c32efda8-4b23-4bc3-949d-92d4b4ae4fcf,29/09/2014,Sep-14,9,2014,KLEINPLAATS,Minor Dam,1301,10.9,1245.7,95.75
1f5d7ecc-0ef4-4117-a1e4-69c580189844,30/09/2014,Sep-14,9,2014,KLEINPLAATS,Minor Dam,1301,10.9,1245.7,95.75
b0749655-91c2-44da-a7ce-62bb9ffc5a7b,01/10/2014,Oct-14,10,2014,KLEINPLAATS,Minor Dam,1301,10.9,1245.7,95.75
a215734f-c169-49ad-9beb-9eebe60203dc,02/10/2014,Oct-14,10,2014,KLEINPLAATS,Minor Dam,1301,10.9,1245.7,95.75
cbad9c36-c7d3-4ac6-9848-7563e5bd3cf2,03/10/2014,Oct-14,10,2014,KLEINPLAATS,Minor Dam,1301,10.85,1231.5,94.66
913d4796-e172-420d-ada0-2314fbe266d3,04/10/2014,Oct-14,10,2014,KLEINPLAATS,Minor Dam,1301,10.5,1134.7,87.22
39630730-4f26-4196-9064-836215d8e0c3,05/10/2014,Oct-14,10,2014,KLEINPLAATS,Minor Dam,1301,10.15,1042.7,80.15
1d7353c6-df51-4cd1-9587-18716c91a574,06/10/2014,Oct-14,10,2014,KLEINPLAATS,Minor Dam,1301,10.15,1042.7,80.15
6b48f938-f63e-4498-8729-7f1870760789,07/10/2014,Oct-14,10,2014,KLEINPLAATS,Minor Dam,1301,10.15,1042.7,80.15
a27354f5-9cb0-4f02-b78b-c9638fb88c3f,08/10/2014,Oct-14,10,2014,KLEINPLAATS,Minor Dam,1301,10.8,1217.4,93.57
8dbfedff-f874-4502-9856-8b62a991fd17,09/10/2014,Oct-14,10,2014,KLEINPLAATS,Minor Dam,1301,10.8,1217.4,93.57
ab20601d-362e-4edc-8dbb-9f60d2848462,10/10/2014,Oct-14,10,2014,KLEINPLAATS,Minor Dam,1301,10.75,1203.4,92.5
4b698544-8f7f-48f1-8d89-0aa3cb3c0bd6,11/10/2014,Oct-14,10,2014,KLEINPLAATS,Minor Dam,1301,10.75,1203.4,92.5
99687f0e-db92-46e9-b81c-c6264c2e801b,12/10/2014,Oct-14,10,2014,KLEINPLAATS,Minor Dam,1301,10.72,1195,91.85
8e682fc4-d581-4c5b-a16b-b7d40e80f3cc,13/10/2014,Oct-14,10,2014,KLEINPLAATS,Minor Dam,1301,10.7,1189.5,91.43
d09b768c-08b5-4b06-82ec-35716dab1825,14/10/2014,Oct-14,10,2014,KLEINPLAATS,Minor Dam,1301,10.7,1189.5,91.43
427bbc8b-35d1-4673-b5f3-9b465e4ab962,15/10/2014,Oct-14,10,2014,KLEINPLAATS,Minor Dam,1301,10.7,1189.5,91.43
7a0b5a6c-df24-489a-848e-a6c169e7792e,16/10/2014,Oct-14,10,2014,KLEINPLAATS,Minor Dam,1301,10.7,1189.5,91.43
f1d241f0-7511-4498-85e2-d99993ee29dc,17/10/2014,Oct-14,10,2014,KLEINPLAATS,Minor Dam,1301,10.7,1189.5,91.43
a5ab5f4f-25af-4357-af4f-0f2833dc3b9f,18/10/2014,Oct-14,10,2014,KLEINPLAATS,Minor Dam,1301,10.7,1189.5,91.43
435a0ee2-2a13-4fac-b182-a28cfb80a2b5,19/10/2014,Oct-14,10,2014,KLEINPLAATS,Minor Dam,1301,10.65,1175.6,90.36
7f3c600e-d54b-49db-9ceb-732caad7ed70,20/10/2014,Oct-14,10,2014,KLEINPLAATS,Minor Dam,1301,10.6,1161.9,89.31
1739e620-1432-419c-bf63-276ddb02b712,21/10/2014,Oct-14,10,2014,KLEINPLAATS,Minor Dam,1301,10.58,1156.4,88.89
6d0bbcf7-a36d-4bc6-97c6-079673ee26aa,22/10/2014,Oct-14,10,2014,KLEINPLAATS,Minor Dam,1301,10.55,1148.3,88.26
26555550-2501-44fc-ad2e-0f3cd513000c,23/10/2014,Oct-14,10,2014,KLEINPLAATS,Minor Dam,1301,10.5,1134.7,87.22
3b70d8a8-876f-4727-97ba-9151a77621ff,24/10/2014,Oct-14,10,2014,KLEINPLAATS,Minor Dam,1301,10.5,1134.7,87.22
56e9d79f-8ac3-489b-9df8-f04100349234,25/10/2014,Oct-14,10,2014,KLEINPLAATS,Minor Dam,1301,10.5,1134.7,87.22
2bd428ba-4fbd-4d7e-a362-57c3d289fb34,26/10/2014,Oct-14,10,2014,KLEINPLAATS,Minor Dam,1301,10.5,1134.7,87.22
44b7fb4f-8096-4a57-be0f-8e761167ba5a,27/10/2014,Oct-14,10,2014,KLEINPLAATS,Minor Dam,1301,10.5,1134.7,87.22
68391df3-e3c1-438e-a488-38707049e26d,28/10/2014,Oct-14,10,2014,KLEINPLAATS,Minor Dam,1301,10.5,1134.7,87.22
693ff058-34d5-40f4-9f55-b09fcca46433,29/10/2014,Oct-14,10,2014,KLEINPLAATS,Minor Dam,1301,10.4,1108,85.17
607a74fb-e73a-4a3d-8831-1aea3d97b851,30/10/2014,Oct-14,10,2014,KLEINPLAATS,Minor Dam,1301,10.35,1094.7,84.14
eee2d78f-9979-4e8b-9ee8-c28b02f57aee,31/10/2014,Oct-14,10,2014,KLEINPLAATS,Minor Dam,1301,10.3,1081.6,83.14
a0259ce4-8caf-48db-ae03-3fba76f8bff4,01/11/2014,Nov-14,11,2014,KLEINPLAATS,Minor Dam,1301,10.3,1081.6,83.14
437cb781-d4e5-451c-96a6-d6b0c25b2d54,02/11/2014,Nov-14,11,2014,KLEINPLAATS,Minor Dam,1301,10.28,1076.3,82.73
698329f1-4c80-414e-9daa-6783cf670fed,03/11/2014,Nov-14,11,2014,KLEINPLAATS,Minor Dam,1301,10.2,1055.5,81.13
4e19a1a3-c194-422b-9a90-7950c0bb3c98,04/11/2014,Nov-14,11,2014,KLEINPLAATS,Minor Dam,1301,10.2,1055.5,81.13
b4ea4d91-7b25-4f82-9361-e2e7b2c01be3,05/11/2014,Nov-14,11,2014,KLEINPLAATS,Minor Dam,1301,10.2,1055.5,81.13
fa620687-8f25-4f6a-b47d-d1d0964ff6f4,06/11/2014,Nov-14,11,2014,KLEINPLAATS,Minor Dam,1301,10.18,1050.4,80.74
4e1967c6-e3b4-4818-8adc-14c968c2d4ec,07/11/2014,Nov-14,11,2014,KLEINPLAATS,Minor Dam,1301,10.15,1042.7,80.15
307896a6-fd86-42c0-995c-b1212fafb3ec,08/11/2014,Nov-14,11,2014,KLEINPLAATS,Minor Dam,1301,10.1,1029.9,79.16
384f248a-ef86-40d0-9ee5-46f999a8fdeb,09/11/2014,Nov-14,11,2014,KLEINPLAATS,Minor Dam,1301,10.08,1025.1,78.79
8bf3b6e2-7103-4b27-bb79-4141d3847a52,10/11/2014,Nov-14,11,2014,KLEINPLAATS,Minor Dam,1301,10.08,1025.1,78.79
3679caab-8ace-4498-b408-a4819fc042b8,11/11/2014,Nov-14,11,2014,KLEINPLAATS,Minor Dam,1301,10,1006,77.33
c1654411-af08-423e-a7ef-15077fc24978,12/11/2014,Nov-14,11,2014,KLEINPLAATS,Minor Dam,1301,10,1006,77.33
a9f8b947-b764-443e-a125-9d7246ba1d78,13/11/2014,Nov-14,11,2014,KLEINPLAATS,Minor Dam,1301,9.95,994.2,76.42
927c6c3c-0b4b-4a5a-9d81-98013237ab19,14/11/2014,Nov-14,11,2014,KLEINPLAATS,Minor Dam,1301,9.9,982.4,75.51
b9f62e57-afd0-4207-8b69-9c104b066774,15/11/2014,Nov-14,11,2014,KLEINPLAATS,Minor Dam,1301,9.9,982.4,75.51
46cefdd0-af0c-42ce-afbc-8cceaf42a034,16/11/2014,Nov-14,11,2014,KLEINPLAATS,Minor Dam,1301,9.9,982.4,75.51
1c2ae47a-a2bc-4040-bb15-52b3ee9ed2e9,17/11/2014,Nov-14,11,2014,KLEINPLAATS,Minor Dam,1301,9.8,959.1,73.72
0da41238-e85a-4983-8a05-db58d5a4ebc8,18/11/2014,Nov-14,11,2014,KLEINPLAATS,Minor Dam,1301,9.8,959.1,73.72
8b919481-a42b-4b5f-9fa9-b5cce6695520,19/11/2014,Nov-14,11,2014,KLEINPLAATS,Minor Dam,1301,9.8,959.1,73.72
b8d55856-c5dc-43f4-8b1e-bc00dad16dd5,20/11/2014,Nov-14,11,2014,KLEINPLAATS,Minor Dam,1301,9.76,949.9,73.01
b1387c71-c849-45f9-b65e-574fdd4ba7db,21/11/2014,Nov-14,11,2014,KLEINPLAATS,Minor Dam,1301,9.73,943,72.48
07b2c599-835a-4c30-801c-9524114d60e2,22/11/2014,Nov-14,11,2014,KLEINPLAATS,Minor Dam,1301,9.7,936.2,71.96
d1ac356c-3351-4913-a3c9-2a313c2eb1c1,23/11/2014,Nov-14,11,2014,KLEINPLAATS,Minor Dam,1301,9.7,936.2,71.96
e77cecaa-ba38-4592-9e88-b60e4c6c0047,24/11/2014,Nov-14,11,2014,KLEINPLAATS,Minor Dam,1301,9.7,936.2,71.96
f6cc4fd8-61cd-4f88-bb99-6ff9507984ea,25/11/2014,Nov-14,11,2014,KLEINPLAATS,Minor Dam,1301,9.7,936.2,71.96
98638612-bf75-47f5-b99e-e71b87ad9cc1,26/11/2014,Nov-14,11,2014,KLEINPLAATS,Minor Dam,1301,9.7,936.2,71.96
367be1b5-36d3-4ba2-8950-c72bab963b3f,27/11/2014,Nov-14,11,2014,KLEINPLAATS,Minor Dam,1301,9.65,924.8,71.08
9b92d77e-7d94-4eb4-a671-5659a05262d2,28/11/2014,Nov-14,11,2014,KLEINPLAATS,Minor Dam,1301,9.6,913.5,70.22
4b87c174-b470-48a1-9a90-91f0623ccb34,29/11/2014,Nov-14,11,2014,KLEINPLAATS,Minor Dam,1301,9.58,909,69.87
18bcfb8f-4698-406a-8fed-b7f6634f7a9a,30/11/2014,Nov-14,11,2014,KLEINPLAATS,Minor Dam,1301,9.55,902.3,69.35
8b811e72-c769-4bbb-b094-6463fe3cef10,01/12/2014,Dec-14,12,2014,KLEINPLAATS,Minor Dam,1301,9.5,891.2,68.5
737bb4d9-51e2-4960-9ba4-7ff1eaac35da,02/12/2014,Dec-14,12,2014,KLEINPLAATS,Minor Dam,1301,9.45,880.2,67.66
7ab19783-5558-42c0-846f-27c925f964de,03/12/2014,Dec-14,12,2014,KLEINPLAATS,Minor Dam,1301,9.4,869.2,66.81
0abc108d-786f-4508-981f-f6411a09f0ee,04/12/2014,Dec-14,12,2014,KLEINPLAATS,Minor Dam,1301,9.38,864.8,66.47
86ed500e-eacd-4ec3-bd38-d3eecea59be0,05/12/2014,Dec-14,12,2014,KLEINPLAATS,Minor Dam,1301,9.3,847.5,65.14
3f450858-b8b8-477b-a6c4-1d18fcaaf118,06/12/2014,Dec-14,12,2014,KLEINPLAATS,Minor Dam,1301,9.2,826.2,63.5
00e289d1-306c-4037-ad11-cb27136862d2,07/12/2014,Dec-14,12,2014,KLEINPLAATS,Minor Dam,1301,9.2,826.2,63.5
f99021e0-bac4-4d95-b1e5-d6b002807b41,08/12/2014,Dec-14,12,2014,KLEINPLAATS,Minor Dam,1301,9.17,819.8,63.01
5fec9738-87b7-4697-8745-01c1869f081d,09/12/2014,Dec-14,12,2014,KLEINPLAATS,Minor Dam,1301,9.09,803,61.72
61b4d5e4-4ebf-4a7f-9b18-1f281b86e1ff,10/12/2014,Dec-14,12,2014,KLEINPLAATS,Minor Dam,1301,9.07,798.8,61.4
972701cf-737a-4b30-aa5d-4938f42ce320,11/12/2014,Dec-14,12,2014,KLEINPLAATS,Minor Dam,1301,9,784.4,60.29
2d19658e-3570-49c3-9812-7ea1b57e9e1c,12/12/2014,Dec-14,12,2014,KLEINPLAATS,Minor Dam,1301,8.98,780.2,59.97
64457a6b-50b6-4fc1-a11a-ab33c5401ae4,13/12/2014,Dec-14,12,2014,KLEINPLAATS,Minor Dam,1301,8.9,763.9,58.72
3d13c677-604b-4107-9ccc-faba0a6d388f,14/12/2014,Dec-14,12,2014,KLEINPLAATS,Minor Dam,1301,8.88,759.9,58.41
2b5675ef-4d46-495f-a5eb-cd446f860ea6,15/12/2014,Dec-14,12,2014,KLEINPLAATS,Minor Dam,1301,8.82,747.8,57.48
a197531f-7695-406c-a7cf-d86beeb92024,16/12/2014,Dec-14,12,2014,KLEINPLAATS,Minor Dam,1301,8.8,743.8,57.17
cca8f1a9-a7d0-488f-8789-f01e3f9840f1,17/12/2014,Dec-14,12,2014,KLEINPLAATS,Minor Dam,1301,8.8,743.8,57.17
09dae272-089c-4898-a2ad-b0947cec435d,18/12/2014,Dec-14,12,2014,KLEINPLAATS,Minor Dam,1301,8.76,735.8,56.56
a9ae6261-6e5c-4190-823b-352962c1043b,19/12/2014,Dec-14,12,2014,KLEINPLAATS,Minor Dam,1301,8.7,724,55.65
a62dedb3-79cc-4f7b-b829-ccb5a7608f10,20/12/2014,Dec-14,12,2014,KLEINPLAATS,Minor Dam,1301,8.65,714.2,54.9
22267dde-f391-43ab-ad33-2e3a2137a95a,21/12/2014,Dec-14,12,2014,KLEINPLAATS,Minor Dam,1301,8.6,704.5,54.15
e346a278-e66f-4016-83fe-dc15775d3e17,22/12/2014,Dec-14,12,2014,KLEINPLAATS,Minor Dam,1301,8.58,700.9,53.87
e0488a41-bd45-476d-9bc4-d9dc26d37db6,23/12/2014,Dec-14,12,2014,KLEINPLAATS,Minor Dam,1301,8.58,700.9,53.87
7b673afa-a183-4d6e-a0e5-a72e6730e644,24/12/2014,Dec-14,12,2014,KLEINPLAATS,Minor Dam,1301,8.58,700.9,53.87
0ecf7a8f-25c5-4ca8-989e-9be75021f908,25/12/2014,Dec-14,12,2014,KLEINPLAATS,Minor Dam,1301,8.58,700.9,53.87
b91111ca-2e78-4460-ae72-681b0017139c,26/12/2014,Dec-14,12,2014,KLEINPLAATS,Minor Dam,1301,8.55,695.5,53.46
47049a23-0092-4c56-934b-f72e20a37b4f,27/12/2014,Dec-14,12,2014,KLEINPLAATS,Minor Dam,1301,8.5,686.5,52.77
5ac76530-9ae5-4033-a2c5-fa64e6625858,28/12/2014,Dec-14,12,2014,KLEINPLAATS,Minor Dam,1301,8.45,677.6,52.08
9821cd8c-fc94-44d1-ad1b-102b40087e53,29/12/2014,Dec-14,12,2014,KLEINPLAATS,Minor Dam,1301,8.4,668.7,51.4
5d14e7d9-b75e-4f74-a66d-d450e41a04f9,30/12/2014,Dec-14,12,2014,KLEINPLAATS,Minor Dam,1301,8.35,659.9,50.72
c6546093-c2e7-42c3-bc01-bee624e226b4,31/12/2014,Dec-14,12,2014,KLEINPLAATS,Minor Dam,1301,8.3,651.2,50.05
94b0892b-80d6-4ee7-aa5e-278681fc31e5,01/01/2015,Jan-15,1,2015,KLEINPLAATS,Minor Dam,1301,8.3,651.2,50.05
32dfe274-6157-4a18-a8b3-1ae215b79335,02/01/2015,Jan-15,1,2015,KLEINPLAATS,Minor Dam,1301,8.27,646,49.65
d5cb8027-5f79-49b4-8e4c-b0fe4144ac20,03/01/2015,Jan-15,1,2015,KLEINPLAATS,Minor Dam,1301,8.27,646,49.65
d55fc5c1-5d2f-4544-88d8-01c86e99a72b,04/01/2015,Jan-15,1,2015,KLEINPLAATS,Minor Dam,1301,8.2,633.9,48.72
6e89bf14-b029-464c-9849-5aca542ef87e,05/01/2015,Jan-15,1,2015,KLEINPLAATS,Minor Dam,1301,8.18,630.5,48.46
21302313-6891-4d11-9b49-b15128350feb,06/01/2015,Jan-15,1,2015,KLEINPLAATS,Minor Dam,1301,8.1,616.9,47.42
6fc87272-f65c-4697-be72-f0d5ce00a624,07/01/2015,Jan-15,1,2015,KLEINPLAATS,Minor Dam,1301,7.94,590.2,45.37
5865777c-2146-4678-aa93-54cea9a8ef98,08/01/2015,Jan-15,1,2015,KLEINPLAATS,Minor Dam,1301,7.85,575.5,44.24
480b69e9-9d0c-4919-9b75-46d50c761ae9,09/01/2015,Jan-15,1,2015,KLEINPLAATS,Minor Dam,1301,7.8,567.4,43.61
f00c6002-fa87-485b-a469-a43329c7b447,10/01/2015,Jan-15,1,2015,KLEINPLAATS,Minor Dam,1301,7.75,559.4,43
47e04f2e-4a9f-4b13-a206-0390fc9d16ad,11/01/2015,Jan-15,1,2015,KLEINPLAATS,Minor Dam,1301,7.63,540.4,41.54
d7c43d42-7c18-4b10-b5a5-b502d35d882f,12/01/2015,Jan-15,1,2015,KLEINPLAATS,Minor Dam,1301,7.55,527.9,40.58
8142552e-9e17-4dc4-abd5-2380c44b9a67,13/01/2015,Jan-15,1,2015,KLEINPLAATS,Minor Dam,1301,7.51,521.7,40.1
8add5336-53e9-4498-9273-b23923618c31,14/01/2015,Jan-15,1,2015,KLEINPLAATS,Minor Dam,1301,7.44,511,39.28
6da695c7-c6de-4902-b84f-964e00b73f4f,15/01/2015,Jan-15,1,2015,KLEINPLAATS,Minor Dam,1301,7.35,497.4,38.23
b0a1b6e6-8d60-4cd4-aa05-28f43effb605,16/01/2015,Jan-15,1,2015,KLEINPLAATS,Minor Dam,1301,7.3,489.9,37.66
ddbc590a-9e43-46e3-84ec-c269e9141313,17/01/2015,Jan-15,1,2015,KLEINPLAATS,Minor Dam,1301,7.15,467.9,35.96
75186efe-bc1c-4c0f-ae63-c4e6bbf89c33,18/01/2015,Jan-15,1,2015,KLEINPLAATS,Minor Dam,1301,7.1,460.7,35.41
9acf7caa-9ef4-4157-9e4a-1fb6ce8843f1,19/01/2015,Jan-15,1,2015,KLEINPLAATS,Minor Dam,1301,7.1,460.7,35.41
dcc404ec-5034-427d-9f69-da54f37a3fff,20/01/2015,Jan-15,1,2015,KLEINPLAATS,Minor Dam,1301,7.1,460.7,35.41
678ae1dc-1604-4729-97c4-8cf58d299a7a,21/01/2015,Jan-15,1,2015,KLEINPLAATS,Minor Dam,1301,7.1,460.7,35.41
f50215f3-98a7-499d-a98e-1dc1438fdb40,22/01/2015,Jan-15,1,2015,KLEINPLAATS,Minor Dam,1301,7.1,460.7,35.41
28ba445d-b851-4063-b6ce-f59cd9caee78,23/01/2015,Jan-15,1,2015,KLEINPLAATS,Minor Dam,1301,7.1,460.7,35.41
7b5076e1-1ebc-4d23-a4e2-78df42b79356,24/01/2015,Jan-15,1,2015,KLEINPLAATS,Minor Dam,1301,7.08,457.8,35.19
d4479acf-36b5-4a13-a7f5-ea592da2e1e6,25/01/2015,Jan-15,1,2015,KLEINPLAATS,Minor Dam,1301,7.05,453.6,34.87
727f1aac-9601-46c3-9212-069ce556296b,26/01/2015,Jan-15,1,2015,KLEINPLAATS,Minor Dam,1301,7.05,453.6,34.87
baf14417-6d5b-4c2f-aede-2cec87176711,27/01/2015,Jan-15,1,2015,KLEINPLAATS,Minor Dam,1301,7.03,450.8,34.65
8dc633ef-e946-4224-9dff-3159b642da16,28/01/2015,Jan-15,1,2015,KLEINPLAATS,Minor Dam,1301,7.03,450.8,34.65
62c740ba-905e-4602-8685-525e6922017e,29/01/2015,Jan-15,1,2015,KLEINPLAATS,Minor Dam,1301,7.02,449.4,34.54
898e9fa6-25f1-4995-a842-14ae45e5ec90,30/01/2015,Jan-15,1,2015,KLEINPLAATS,Minor Dam,1301,7.01,448,34.44
2d89f165-5c4e-4b36-bd12-3603c1260d9d,31/01/2015,Jan-15,1,2015,KLEINPLAATS,Minor Dam,1301,7,446.6,34.33
0e7a9b58-6f1f-43d8-87a6-69d333d03626,01/02/2015,Feb-15,2,2015,KLEINPLAATS,Minor Dam,1301,7,446.6,34.33
5239045f-4ca0-4760-8f00-a3b9823c93d3,02/02/2015,Feb-15,2,2015,KLEINPLAATS,Minor Dam,1301,7,446.6,34.33
7609fe46-8723-41b5-99ef-689e85fd8bff,03/02/2015,Feb-15,2,2015,KLEINPLAATS,Minor Dam,1301,6.94,438.3,33.69
c6029c45-17d0-4567-9b0f-f5b94065fdaf,04/02/2015,Feb-15,2,2015,KLEINPLAATS,Minor Dam,1301,6.93,436.9,33.58
e52c46fe-7d6e-4e8d-a445-434f6e98a114,05/02/2015,Feb-15,2,2015,KLEINPLAATS,Minor Dam,1301,6.93,436.9,33.58
19bf7b1e-1825-4052-a7a3-b566cdf80872,06/02/2015,Feb-15,2,2015,KLEINPLAATS,Minor Dam,1301,6.92,435.5,33.47
f4ec2762-6c6c-423d-85c8-18cc3a159b8f,07/02/2015,Feb-15,2,2015,KLEINPLAATS,Minor Dam,1301,6.9,432.8,33.27
d3756f21-8111-4d7a-8f8a-3f6e67c56460,08/02/2015,Feb-15,2,2015,KLEINPLAATS,Minor Dam,1301,6.88,430.1,33.06
645fe561-872d-4136-b09d-e02e4c7a982a,09/02/2015,Feb-15,2,2015,KLEINPLAATS,Minor Dam,1301,6.88,430.1,33.06
d03e6d10-fd4c-4ee7-9730-659109f1e6df,10/02/2015,Feb-15,2,2015,KLEINPLAATS,Minor Dam,1301,6.88,430.1,33.06
735146db-cbfe-457e-a498-6917d87ce338,11/02/2015,Feb-15,2,2015,KLEINPLAATS,Minor Dam,1301,6.85,426,32.74
bbcb79a5-4e18-4110-854b-30448aab14a0,12/02/2015,Feb-15,2,2015,KLEINPLAATS,Minor Dam,1301,6.85,426,32.74
3eaef78c-b070-43f3-ad26-8c428c24fb41,13/02/2015,Feb-15,2,2015,KLEINPLAATS,Minor Dam,1301,6.85,426,32.74
75d8354c-5fc0-4554-89c0-657e095ea3b8,14/02/2015,Feb-15,2,2015,KLEINPLAATS,Minor Dam,1301,6.84,424.6,32.64
376377a7-0f61-4ae3-a9ba-9c0637961f6f,15/02/2015,Feb-15,2,2015,KLEINPLAATS,Minor Dam,1301,6.82,421.9,32.43
ccd03810-d939-4d18-8c56-109f5982c691,16/02/2015,Feb-15,2,2015,KLEINPLAATS,Minor Dam,1301,6.8,419.2,32.22
469f5074-883e-4ed3-9286-1925e9f64424,17/02/2015,Feb-15,2,2015,KLEINPLAATS,Minor Dam,1301,6.79,417.9,32.12
77261440-52a2-47f7-bfd9-4b589f6a6dce,18/02/2015,Feb-15,2,2015,KLEINPLAATS,Minor Dam,1301,6.78,416.5,32.01
c4fe7664-3954-46d2-bb39-550be54f0e1e,19/02/2015,Feb-15,2,2015,KLEINPLAATS,Minor Dam,1301,6.77,415.2,31.91
7bd04322-55fe-41ca-b216-fbff0229879e,20/02/2015,Feb-15,2,2015,KLEINPLAATS,Minor Dam,1301,6.75,412.5,31.71
79bb4c20-9ec7-403f-8b2a-71d31b072bba,21/02/2015,Feb-15,2,2015,KLEINPLAATS,Minor Dam,1301,6.75,412.5,31.71
26f44f76-7cdd-4b84-bfe1-0f9137db0ddb,22/02/2015,Feb-15,2,2015,KLEINPLAATS,Minor Dam,1301,6.74,411.2,31.61
7a899b05-f5a4-48fc-b5db-615f9ca11290,23/02/2015,Feb-15,2,2015,KLEINPLAATS,Minor Dam,1301,6.74,411.2,31.61
ecc2d334-54c0-410d-a9a6-188ddfc7829b,24/02/2015,Feb-15,2,2015,KLEINPLAATS,Minor Dam,1301,6.74,411.2,31.61
52a1310e-5641-4586-a127-077065db8ac4,25/02/2015,Feb-15,2,2015,KLEINPLAATS,Minor Dam,1301,6.74,411.2,31.61
3fc0779c-8693-453c-ac35-0ce20922bc53,26/02/2015,Feb-15,2,2015,KLEINPLAATS,Minor Dam,1301,6.74,411.2,31.61
3d1f914c-dcb7-48c5-b2d1-0801fd0659c3,27/02/2015,Feb-15,2,2015,KLEINPLAATS,Minor Dam,1301,6.74,411.2,31.61
1429462a-a308-47c1-b474-ed16bfbab55b,28/02/2015,Feb-15,2,2015,KLEINPLAATS,Minor Dam,1301,6.74,411.2,31.61
23268f0e-61da-419f-a2e0-98aa2481a552,01/03/2015,Mar-15,3,2015,KLEINPLAATS,Minor Dam,1301,6.69,404.5,31.09
5c65a813-6b30-4968-bae3-420cd3b31a33,02/03/2015,Mar-15,3,2015,KLEINPLAATS,Minor Dam,1301,6.64,398,30.59
b476c4bd-bf08-4a20-b894-5c388aae09cf,03/03/2015,Mar-15,3,2015,KLEINPLAATS,Minor Dam,1301,6.64,398,30.59
78e9c4e9-e944-4e16-8994-255db1524212,04/03/2015,Mar-15,3,2015,KLEINPLAATS,Minor Dam,1301,6.64,398,30.59
6d77caec-a9ca-4855-8a4f-dae897cf5d82,05/03/2015,Mar-15,3,2015,KLEINPLAATS,Minor Dam,1301,6.64,398,30.59
50a748f8-daba-465b-ac80-0a1ca73b76b9,06/03/2015,Mar-15,3,2015,KLEINPLAATS,Minor Dam,1301,6.64,398,30.59
ddf8f1bb-7aa3-45b1-a780-d1d65defcb33,07/03/2015,Mar-15,3,2015,KLEINPLAATS,Minor Dam,1301,6.64,398,30.59
2854eda6-24de-4a3d-b69f-510fac7c383a,08/03/2015,Mar-15,3,2015,KLEINPLAATS,Minor Dam,1301,6.64,398,30.59
038d9338-8db1-4a15-ad31-c0b4cd9efedf,09/03/2015,Mar-15,3,2015,KLEINPLAATS,Minor Dam,1301,6.64,398,30.59
3634f452-50c0-4b72-8f86-ca971d151e0e,10/03/2015,Mar-15,3,2015,KLEINPLAATS,Minor Dam,1301,6.64,398,30.59
d5ee4ee0-ef95-4db8-b385-36b5dfa549e4,11/03/2015,Mar-15,3,2015,KLEINPLAATS,Minor Dam,1301,6.55,386.3,29.69
d3c25bfb-5d72-43a4-9efc-4a320abfbd58,12/03/2015,Mar-15,3,2015,KLEINPLAATS,Minor Dam,1301,6.55,386.3,29.69
278d0bce-9d67-4a8a-9012-e0fa39e78d68,13/03/2015,Mar-15,3,2015,KLEINPLAATS,Minor Dam,1301,6.55,386.3,29.69
4df26798-e964-47fb-af28-9ff076f53cd6,14/03/2015,Mar-15,3,2015,KLEINPLAATS,Minor Dam,1301,6.55,386.3,29.69
7e9f2c3e-14c1-47ba-8bab-ac7c50e02364,15/03/2015,Mar-15,3,2015,KLEINPLAATS,Minor Dam,1301,6.55,386.3,29.69
63ba2f4c-2fb6-4014-8a21-4a952d3b856a,16/03/2015,Mar-15,3,2015,KLEINPLAATS,Minor Dam,1301,6.5,379.9,29.2
0105c535-25f1-49eb-a389-3824bcaf8500,17/03/2015,Mar-15,3,2015,KLEINPLAATS,Minor Dam,1301,6.5,379.9,29.2
fac6eb0c-31ec-4ff0-b037-0336cee5140b,18/03/2015,Mar-15,3,2015,KLEINPLAATS,Minor Dam,1301,6.5,379.9,29.2
244ba105-ef87-4d65-a17a-a584b622b24b,19/03/2015,Mar-15,3,2015,KLEINPLAATS,Minor Dam,1301,6.47,376,28.9
7a63bef0-642f-4c7f-b87b-fe4701ff54a7,20/03/2015,Mar-15,3,2015,KLEINPLAATS,Minor Dam,1301,6.47,376,28.9
9952b98d-9198-4205-be00-6fdcad65eff0,21/03/2015,Mar-15,3,2015,KLEINPLAATS,Minor Dam,1301,6.47,376,28.9
e6e3adc6-a3c6-4491-b664-34eaf1202aa3,22/03/2015,Mar-15,3,2015,KLEINPLAATS,Minor Dam,1301,6.47,376,28.9
111478be-1102-4b9f-b875-41c27e4d01da,23/03/2015,Mar-15,3,2015,KLEINPLAATS,Minor Dam,1301,6.47,376,28.9
15d407ec-096a-49ba-b478-1749e44f9d4f,24/03/2015,Mar-15,3,2015,KLEINPLAATS,Minor Dam,1301,6.47,376,28.9
cdbbe939-1f2c-46a1-97fd-b57901306be5,25/03/2015,Mar-15,3,2015,KLEINPLAATS,Minor Dam,1301,6.47,376,28.9
8e7adea1-d9d9-4721-8178-784e8d8c9530,26/03/2015,Mar-15,3,2015,KLEINPLAATS,Minor Dam,1301,6.47,376,28.9
bede4718-99ad-4acb-ae48-af511df550d5,27/03/2015,Mar-15,3,2015,KLEINPLAATS,Minor Dam,1301,6.47,376,28.9
08f33a6e-fca2-4611-a8a0-d18139f9bd99,28/03/2015,Mar-15,3,2015,KLEINPLAATS,Minor Dam,1301,6.47,376,28.9
8dccf8fb-ec3e-4f33-8794-b0679425eb6b,29/03/2015,Mar-15,3,2015,KLEINPLAATS,Minor Dam,1301,6.47,376,28.9
06d40162-c7be-4f63-9d8c-0ebe75d824d1,30/03/2015,Mar-15,3,2015,KLEINPLAATS,Minor Dam,1301,6.47,376,28.9
d478e095-aec3-419c-a55b-6581a329bcf5,31/03/2015,Mar-15,3,2015,KLEINPLAATS,Minor Dam,1301,6.47,376,28.9
1b22a998-9b99-4cfa-a914-f694b8d26773,01/04/2015,Apr-15,4,2015,KLEINPLAATS,Minor Dam,1301,6.47,376,28.9
e35c55b1-1523-4ad6-8b9f-c34496ec266d,02/04/2015,Apr-15,4,2015,KLEINPLAATS,Minor Dam,1301,6.47,376,28.9
623e4fc0-0674-449d-8fe1-f925fe85eb9d,03/04/2015,Apr-15,4,2015,KLEINPLAATS,Minor Dam,1301,6.3,354.8,27.27
af97a004-e8c8-4871-b1be-759a9f3a3652,04/04/2015,Apr-15,4,2015,KLEINPLAATS,Minor Dam,1301,6.3,354.8,27.27
d95d054f-af22-43f8-9028-58005b233478,05/04/2015,Apr-15,4,2015,KLEINPLAATS,Minor Dam,1301,6.3,354.8,27.27
0a0de8e6-6584-4cd6-b957-0f3312421211,06/04/2015,Apr-15,4,2015,KLEINPLAATS,Minor Dam,1301,6.3,354.8,27.27
118e85e3-aba9-4dc5-9e10-d4344a0362c7,07/04/2015,Apr-15,4,2015,KLEINPLAATS,Minor Dam,1301,6.3,354.8,27.27
99176882-a83f-4bdf-b644-6079e14dab3c,08/04/2015,Apr-15,4,2015,KLEINPLAATS,Minor Dam,1301,6.3,354.8,27.27
529131a5-4086-4d8d-8f5c-f4a49d86d9fc,09/04/2015,Apr-15,4,2015,KLEINPLAATS,Minor Dam,1301,6.3,354.8,27.27
ecd173cf-ad11-436c-91da-33a6fed864f7,10/04/2015,Apr-15,4,2015,KLEINPLAATS,Minor Dam,1301,6.3,354.8,27.27
eaa258d7-0d89-4d6b-83aa-525cc882c8a8,11/04/2015,Apr-15,4,2015,KLEINPLAATS,Minor Dam,1301,6.3,354.8,27.27
2dcb8c49-d256-42b7-a53b-c71c43ab27cb,12/04/2015,Apr-15,4,2015,KLEINPLAATS,Minor Dam,1301,6.3,354.8,27.27
dfc485a2-ecb5-40ec-94c6-9151b4bad381,13/04/2015,Apr-15,4,2015,KLEINPLAATS,Minor Dam,1301,6.3,354.8,27.27
b7695e5d-3603-4744-9b4b-2e44e7ed1bfa,14/04/2015,Apr-15,4,2015,KLEINPLAATS,Minor Dam,1301,6.3,354.8,27.27
8ed4848b-617b-4054-b09a-815b71d861c4,15/04/2015,Apr-15,4,2015,KLEINPLAATS,Minor Dam,1301,6.3,354.8,27.27
7761a9fc-afd1-4fde-ab69-fa4c9b587a20,16/04/2015,Apr-15,4,2015,KLEINPLAATS,Minor Dam,1301,6.3,354.8,27.27
5f739287-0e26-40d9-8399-9d45340c48f0,17/04/2015,Apr-15,4,2015,KLEINPLAATS,Minor Dam,1301,6.3,354.8,27.27
79bc7843-14fc-496a-aec1-316e88df90f7,18/04/2015,Apr-15,4,2015,KLEINPLAATS,Minor Dam,1301,6.3,354.8,27.27
55a5b504-ccbf-44d9-9c55-729f8bec73b0,19/04/2015,Apr-15,4,2015,KLEINPLAATS,Minor Dam,1301,6.3,354.8,27.27
382cdb65-c147-4a33-a7c7-e4eacf27df93,20/04/2015,Apr-15,4,2015,KLEINPLAATS,Minor Dam,1301,6.3,354.8,27.27
087f2950-4331-43c0-8756-f4e823a776f8,21/04/2015,Apr-15,4,2015,KLEINPLAATS,Minor Dam,1301,6.3,354.8,27.27
7e9e277c-9319-4a81-97e9-92666d3e845c,22/04/2015,Apr-15,4,2015,KLEINPLAATS,Minor Dam,1301,6.3,354.8,27.27
8457af18-158d-45a4-b1dc-988be96d9d02,23/04/2015,Apr-15,4,2015,KLEINPLAATS,Minor Dam,1301,6.3,354.8,27.27
b6d270da-d807-463a-aff9-2b9faa41b219,24/04/2015,Apr-15,4,2015,KLEINPLAATS,Minor Dam,1301,6.3,354.8,27.27
d8f73b6a-157f-4f29-9821-a731f069bade,25/04/2015,Apr-15,4,2015,KLEINPLAATS,Minor Dam,1301,6.2,342.6,26.33
894973c5-091e-40db-9720-c8de8de8e601,26/04/2015,Apr-15,4,2015,KLEINPLAATS,Minor Dam,1301,6.2,342.6,26.33
aef6d140-2c7b-4342-b4d9-a68d086458e5,27/04/2015,Apr-15,4,2015,KLEINPLAATS,Minor Dam,1301,6.2,342.6,26.33
d3eabce2-dbcb-4594-b5a3-7ee0ae2ed0d4,28/04/2015,Apr-15,4,2015,KLEINPLAATS,Minor Dam,1301,6.2,342.6,26.33
64f4311c-3789-488b-a63b-e0e38b6608e0,29/04/2015,Apr-15,4,2015,KLEINPLAATS,Minor Dam,1301,6.2,342.6,26.33
8a188018-4779-4137-b848-33d72fdd0fe9,30/04/2015,Apr-15,4,2015,KLEINPLAATS,Minor Dam,1301,6.2,342.6,26.33
b19242b5-a38e-4b10-9657-899862b49b06,01/05/2015,May-15,5,2015,KLEINPLAATS,Minor Dam,1301,6.2,342.6,26.33
2a660392-3cb4-4c75-8b88-bc826236fbd6,02/05/2015,May-15,5,2015,KLEINPLAATS,Minor Dam,1301,6.2,342.6,26.33
9cc00771-7f15-4556-9354-28a73132d95a,03/05/2015,May-15,5,2015,KLEINPLAATS,Minor Dam,1301,6.2,342.6,26.33
5167186b-2ec8-4b5c-8c15-479b7012cf58,04/05/2015,May-15,5,2015,KLEINPLAATS,Minor Dam,1301,6.2,342.6,26.33
8b9f8e45-3c93-455f-b128-b054e0cf555a,05/05/2015,May-15,5,2015,KLEINPLAATS,Minor Dam,1301,6.2,342.6,26.33
a951790a-2e38-4e34-9127-bf4f029b7a4b,06/05/2015,May-15,5,2015,KLEINPLAATS,Minor Dam,1301,6.2,342.6,26.33
d6bfcb08-e5dc-468a-9bfe-ad33a7f7c399,07/05/2015,May-15,5,2015,KLEINPLAATS,Minor Dam,1301,6.2,342.6,26.33
05d7d047-fb71-49eb-82d1-e9d267e3083f,08/05/2015,May-15,5,2015,KLEINPLAATS,Minor Dam,1301,6.2,342.6,26.33
bc2a2868-2d6a-474b-bd24-9cb39c58535f,09/05/2015,May-15,5,2015,KLEINPLAATS,Minor Dam,1301,6.2,342.6,26.33
79dce78e-75ee-4dc6-8786-392c61756469,10/05/2015,May-15,5,2015,KLEINPLAATS,Minor Dam,1301,6.2,342.6,26.33
68e310a1-13bd-458a-a1ea-c55941247576,11/05/2015,May-15,5,2015,KLEINPLAATS,Minor Dam,1301,6.2,342.6,26.33
2894feb6-dc12-43a2-8814-33b13d59f894,12/05/2015,May-15,5,2015,KLEINPLAATS,Minor Dam,1301,6.2,342.6,26.33
b19128e8-edcb-4e12-bf38-88b827b4a6a3,13/05/2015,May-15,5,2015,KLEINPLAATS,Minor Dam,1301,6.2,342.6,26.33
dc866c07-6ad6-4b47-b199-aafa527ac064,14/05/2015,May-15,5,2015,KLEINPLAATS,Minor Dam,1301,6.2,342.6,26.33
794cd575-ffee-4c57-93ad-06ee50979301,15/05/2015,May-15,5,2015,KLEINPLAATS,Minor Dam,1301,6.2,342.6,26.33
cd3b8a7f-3f5c-45a7-aacc-454059b7d45e,16/05/2015,May-15,5,2015,KLEINPLAATS,Minor Dam,1301,6.2,342.6,26.33
b03ce027-2afb-4d32-b24d-6b79211e81d0,17/05/2015,May-15,5,2015,KLEINPLAATS,Minor Dam,1301,6.2,342.6,26.33
198f37f5-3ebd-4671-bcec-ccd92b6f3e00,18/05/2015,May-15,5,2015,KLEINPLAATS,Minor Dam,1301,6.2,342.6,26.33
a5440983-70a7-4011-b6d2-0d0a82d470d3,19/05/2015,May-15,5,2015,KLEINPLAATS,Minor Dam,1301,6.2,342.6,26.33
527b6431-3f6a-42f0-9951-274973bfb071,20/05/2015,May-15,5,2015,KLEINPLAATS,Minor Dam,1301,6.2,342.6,26.33
48e2d0e8-4067-4ac9-9d46-b946c5f112ff,21/05/2015,May-15,5,2015,KLEINPLAATS,Minor Dam,1301,6.2,342.6,26.33
f88cd002-84ec-4ba3-9ab5-747c19b9d164,22/05/2015,May-15,5,2015,KLEINPLAATS,Minor Dam,1301,6.2,342.6,26.33
ee332c24-e883-4b39-85d4-157e7b1bd2c7,23/05/2015,May-15,5,2015,KLEINPLAATS,Minor Dam,1301,6.2,342.6,26.33
996395d3-d745-4756-a6fe-802b1c91988c,24/05/2015,May-15,5,2015,KLEINPLAATS,Minor Dam,1301,6.2,342.6,26.33
302dff7e-536a-430b-9a50-361f80643801,25/05/2015,May-15,5,2015,KLEINPLAATS,Minor Dam,1301,6.2,342.6,26.33
ffa4d47f-02d6-4da6-916a-73b673d84b16,26/05/2015,May-15,5,2015,KLEINPLAATS,Minor Dam,1301,6.2,342.6,26.33
4d67d71b-745c-4dfa-b8d2-c11d69c489b8,27/05/2015,May-15,5,2015,KLEINPLAATS,Minor Dam,1301,6.2,342.6,26.33
c77bde4d-2f0e-4387-9030-c0e0912ad0c6,28/05/2015,May-15,5,2015,KLEINPLAATS,Minor Dam,1301,6.2,342.6,26.33
b61ba127-3697-4cee-b068-12953af37328,29/05/2015,May-15,5,2015,KLEINPLAATS,Minor Dam,1301,6.2,342.6,26.33
d992ac71-41f2-47dc-a4f2-ef4033f81a95,30/05/2015,May-15,5,2015,KLEINPLAATS,Minor Dam,1301,6,318.9,24.51
502351cc-6981-4ecd-81f4-5b2c5f254fc9,31/05/2015,May-15,5,2015,KLEINPLAATS,Minor Dam,1301,6,318.9,24.51
1778c06b-3bcd-46b6-aa92-fbde856bfb20,01/06/2015,Jun-15,6,2015,KLEINPLAATS,Minor Dam,1301,6,318.9,24.51
16b9956a-40aa-4d00-84a9-f6eb011626d5,02/06/2015,Jun-15,6,2015,KLEINPLAATS,Minor Dam,1301,6,318.9,24.51
0a0a2251-0e44-44cf-89b3-89ff04da7099,03/06/2015,Jun-15,6,2015,KLEINPLAATS,Minor Dam,1301,6,318.9,24.51
9fccffb9-86cc-445d-89d8-000b0e4c21b9,04/06/2015,Jun-15,6,2015,KLEINPLAATS,Minor Dam,1301,6,318.9,24.51
3ab00e4e-d425-4e88-8182-76b018e542a2,05/06/2015,Jun-15,6,2015,KLEINPLAATS,Minor Dam,1301,6,318.9,24.51
7d12a33a-65fa-4697-9678-6de1f04b77b1,06/06/2015,Jun-15,6,2015,KLEINPLAATS,Minor Dam,1301,6.1,330.6,25.41
45fcc323-be6c-49f3-bd7f-bc1a69f23904,07/06/2015,Jun-15,6,2015,KLEINPLAATS,Minor Dam,1301,6.1,330.6,25.41
a3368d13-ba49-4014-a16a-3e625f066fe8,08/06/2015,Jun-15,6,2015,KLEINPLAATS,Minor Dam,1301,6.05,324.7,24.96
b835a78b-ec66-4746-bf3e-f1bb2704e247,09/06/2015,Jun-15,6,2015,KLEINPLAATS,Minor Dam,1301,6.1,330.6,25.41
57ed49e9-4efa-490c-b740-1cecf517a79f,10/06/2015,Jun-15,6,2015,KLEINPLAATS,Minor Dam,1301,6.1,330.6,25.41
b90997ac-7f21-4f56-8962-5231425ebe7b,11/06/2015,Jun-15,6,2015,KLEINPLAATS,Minor Dam,1301,6.1,330.6,25.41
cce6dc33-1537-4f20-8124-447cb1a0f7cf,12/06/2015,Jun-15,6,2015,KLEINPLAATS,Minor Dam,1301,6.1,330.6,25.41
6defa6d4-d7f8-4c17-a9d8-af726edfe37e,13/06/2015,Jun-15,6,2015,KLEINPLAATS,Minor Dam,1301,6.08,328.3,25.23
97604eb3-755a-4659-a4b4-a1e452e90378,14/06/2015,Jun-15,6,2015,KLEINPLAATS,Minor Dam,1301,6.08,328.3,25.23
9cf58860-07de-460b-be82-a692a6980f38,15/06/2015,Jun-15,6,2015,KLEINPLAATS,Minor Dam,1301,6.08,328.3,25.23
cd9cc6b5-0a2e-4676-a1ce-853fefeb6066,16/06/2015,Jun-15,6,2015,KLEINPLAATS,Minor Dam,1301,6.08,328.3,25.23
0de6ca84-2909-4434-8486-7c153ac1389f,17/06/2015,Jun-15,6,2015,KLEINPLAATS,Minor Dam,1301,6.08,328.3,25.23
5f966b0a-72f9-48c2-a7a0-1f2db20674d6,18/06/2015,Jun-15,6,2015,KLEINPLAATS,Minor Dam,1301,6.08,328.3,25.23
45f00811-6900-4914-912a-6c4864ee40a3,19/06/2015,Jun-15,6,2015,KLEINPLAATS,Minor Dam,1301,6.14,335.4,25.78
7aacfae4-2547-4eb0-9217-1259fa35989e,20/06/2015,Jun-15,6,2015,KLEINPLAATS,Minor Dam,1301,6.2,342.6,26.33
8d65c928-c250-49b9-8462-bba7c1d63aff,21/06/2015,Jun-15,6,2015,KLEINPLAATS,Minor Dam,1301,6.2,342.6,26.33
3a01ea43-9d63-45b7-ab1f-ed8e75b731c7,22/06/2015,Jun-15,6,2015,KLEINPLAATS,Minor Dam,1301,6.2,342.6,26.33
c6d2da17-6b56-4ac4-87b1-018e98a73906,23/06/2015,Jun-15,6,2015,KLEINPLAATS,Minor Dam,1301,6.2,342.6,26.33
42c982ba-3036-4d8d-bf70-e27fbc440531,24/06/2015,Jun-15,6,2015,KLEINPLAATS,Minor Dam,1301,6.2,342.6,26.33
6363d46c-721b-4ccd-a2a4-5efd4613773f,25/06/2015,Jun-15,6,2015,KLEINPLAATS,Minor Dam,1301,6.22,345,26.52
f9e73efe-7346-46af-8954-00666e087ea2,26/06/2015,Jun-15,6,2015,KLEINPLAATS,Minor Dam,1301,6.22,345,26.52
32da77ba-799f-4ba8-812d-d672070f3e80,27/06/2015,Jun-15,6,2015,KLEINPLAATS,Minor Dam,1301,6.22,345,26.52
6cc339ad-cadd-4b5d-8f5a-c1f23febd591,28/06/2015,Jun-15,6,2015,KLEINPLAATS,Minor Dam,1301,6.29,353.6,27.18
f6313d41-eeac-48a4-8059-81c0c73226e9,29/06/2015,Jun-15,6,2015,KLEINPLAATS,Minor Dam,1301,6.4,367.2,28.22
7d8765de-aa1a-45d6-95c0-cded8301da27,30/06/2015,Jun-15,6,2015,KLEINPLAATS,Minor Dam,1301,6.45,373.5,28.71
f4ba5ba8-f32d-4e76-82de-617b378d56c7,01/07/2015,Jul-15,7,2015,KLEINPLAATS,Minor Dam,1301,6.45,373.5,28.71
9a69950c-7b37-4b9d-a162-bd17209b02f3,02/07/2015,Jul-15,7,2015,KLEINPLAATS,Minor Dam,1301,6.47,376,28.9
3ec6501e-9b9e-4929-82b3-a95cd27760d8,03/07/2015,Jul-15,7,2015,KLEINPLAATS,Minor Dam,1301,6.45,373.5,28.71
8ca0f6e2-2b18-4fde-9220-2994856707a2,04/07/2015,Jul-15,7,2015,KLEINPLAATS,Minor Dam,1301,6.45,373.5,28.71
8755c90a-2b17-4001-8bee-2919aae22435,05/07/2015,Jul-15,7,2015,KLEINPLAATS,Minor Dam,1301,6.45,373.5,28.71
d30c03c4-77f5-4531-b97b-c70d4506e482,06/07/2015,Jul-15,7,2015,KLEINPLAATS,Minor Dam,1301,6.45,373.5,28.71
1fc68821-a0a7-4566-b235-a9890e61bda1,07/07/2015,Jul-15,7,2015,KLEINPLAATS,Minor Dam,1301,6.45,373.5,28.71
ea56e419-783b-4510-a2be-6e492bd639bd,08/07/2015,Jul-15,7,2015,KLEINPLAATS,Minor Dam,1301,6.45,373.5,28.71
bc2cecd8-2fa1-4b10-bbe3-579b32e7ad94,09/07/2015,Jul-15,7,2015,KLEINPLAATS,Minor Dam,1301,6.45,373.5,28.71
cf2d08e0-a606-47b6-a2b5-6fed296509fa,10/07/2015,Jul-15,7,2015,KLEINPLAATS,Minor Dam,1301,6.58,390.1,29.98
efd19d6c-7849-4239-8054-ac528439b941,11/07/2015,Jul-15,7,2015,KLEINPLAATS,Minor Dam,1301,6.58,390.1,29.98
a321c415-0898-4932-8d39-534a84033d31,12/07/2015,Jul-15,7,2015,KLEINPLAATS,Minor Dam,1301,6.58,390.1,29.98
d220e52a-c310-4b3e-ad5c-9f718932fc8d,13/07/2015,Jul-15,7,2015,KLEINPLAATS,Minor Dam,1301,6.58,390.1,29.98
09d94180-bcf4-410c-8f0f-b87b085d5dd6,14/07/2015,Jul-15,7,2015,KLEINPLAATS,Minor Dam,1301,6.58,390.1,29.98
f7685482-08ac-4475-a50a-617f8197e4c9,15/07/2015,Jul-15,7,2015,KLEINPLAATS,Minor Dam,1301,6.58,390.1,29.98
994778ca-b8e1-4b45-b6f1-2f45b1be72e0,16/07/2015,Jul-15,7,2015,KLEINPLAATS,Minor Dam,1301,6.58,390.1,29.98
e56700db-76d2-4846-9094-73d62b4921e0,17/07/2015,Jul-15,7,2015,KLEINPLAATS,Minor Dam,1301,6.6,392.7,30.18
8631c545-4a60-4709-9e17-ca8b6f8e3b17,18/07/2015,Jul-15,7,2015,KLEINPLAATS,Minor Dam,1301,6.75,412.5,31.71
597aaa7e-38ed-4fb1-a7ab-2b2ddc95952c,19/07/2015,Jul-15,7,2015,KLEINPLAATS,Minor Dam,1301,6.9,432.8,33.27
8ce77469-ebeb-45c2-a81f-c3caa496ceb9,20/07/2015,Jul-15,7,2015,KLEINPLAATS,Minor Dam,1301,7,446.6,34.33
5cf53009-c9ef-49ba-b5b0-3152d2fe6c4e,21/07/2015,Jul-15,7,2015,KLEINPLAATS,Minor Dam,1301,7.1,460.7,35.41
2d90671b-278f-4eff-8f8a-ba233f6512a1,22/07/2015,Jul-15,7,2015,KLEINPLAATS,Minor Dam,1301,7.15,467.9,35.96
a07ae133-68db-43a8-a143-7b2638965e43,23/07/2015,Jul-15,7,2015,KLEINPLAATS,Minor Dam,1301,7.32,492.9,37.89
eaa76309-19a3-4794-bea3-4455c1aaad21,24/07/2015,Jul-15,7,2015,KLEINPLAATS,Minor Dam,1301,7.68,548.2,42.14
aa617d3c-48b7-4d2e-bc9a-25eec58ab9ba,25/07/2015,Jul-15,7,2015,KLEINPLAATS,Minor Dam,1301,7.95,591.9,45.5
4373842f-cf6e-490d-b332-325dbbbab6b4,26/07/2015,Jul-15,7,2015,KLEINPLAATS,Minor Dam,1301,8,600.2,46.13
718290d2-f27f-4f9f-a714-42dd4568b3a2,27/07/2015,Jul-15,7,2015,KLEINPLAATS,Minor Dam,1301,8,600.2,46.13
99aaae1f-e26f-4acf-a77f-e40df4c8c6bd,28/07/2015,Jul-15,7,2015,KLEINPLAATS,Minor Dam,1301,8,600.2,46.13
a3215df8-aef9-47f0-a8b5-030fedf81653,29/07/2015,Jul-15,7,2015,KLEINPLAATS,Minor Dam,1301,8.2,633.9,48.72
c7f2031b-286e-48eb-bbfd-0fba15826784,30/07/2015,Jul-15,7,2015,KLEINPLAATS,Minor Dam,1301,8.4,668.7,51.4
ba60ecaf-2d80-4e93-9f15-f85a0e3222c9,31/07/2015,Jul-15,7,2015,KLEINPLAATS,Minor Dam,1301,8.5,686.5,52.77
ec4f17c3-74c7-4c05-adb2-c6458c7c3e14,01/08/2015,Aug-15,8,2015,KLEINPLAATS,Minor Dam,1301,8.6,704.5,54.15
89b90cb7-7589-4180-b9ce-56c78d97e165,02/08/2015,Aug-15,8,2015,KLEINPLAATS,Minor Dam,1301,8.68,720.1,55.35
9f274c04-63f5-4064-928f-b11bb4657612,03/08/2015,Aug-15,8,2015,KLEINPLAATS,Minor Dam,1301,8.68,720.1,55.35
4bb4ddd3-c00d-4e09-b335-3b163ab1e23d,04/08/2015,Aug-15,8,2015,KLEINPLAATS,Minor Dam,1301,8.68,720.1,55.35
90b8db2b-b176-482d-b440-1216f85081e7,05/08/2015,Aug-15,8,2015,KLEINPLAATS,Minor Dam,1301,8.88,759.9,58.41
aa6d9058-db89-424c-9475-7fca7565f25c,06/08/2015,Aug-15,8,2015,KLEINPLAATS,Minor Dam,1301,8.9,763.9,58.72
94578d91-31f3-44d9-8462-25607ab24df2,07/08/2015,Aug-15,8,2015,KLEINPLAATS,Minor Dam,1301,9,784.4,60.29
2b21e985-ada4-4842-96c5-f0294fe693ff,08/08/2015,Aug-15,8,2015,KLEINPLAATS,Minor Dam,1301,9.03,790.5,60.76
125230bc-edd8-4aa4-a2a0-29522aa1cbfc,09/08/2015,Aug-15,8,2015,KLEINPLAATS,Minor Dam,1301,9.08,800.9,61.56
cc1876cb-cd22-46ed-a3ae-12a3d4d2d789,10/08/2015,Aug-15,8,2015,KLEINPLAATS,Minor Dam,1301,9.12,809.3,62.21
629ef04e-cc62-4cfe-99a9-7caea54f61b8,11/08/2015,Aug-15,8,2015,KLEINPLAATS,Minor Dam,1301,9.12,809.3,62.21
1972b0f5-e94c-4e42-b980-19b1c6b46feb,12/08/2015,Aug-15,8,2015,KLEINPLAATS,Minor Dam,1301,9.2,826.2,63.5
fcd5fad2-00ef-4c08-8902-d07e80ea9bf2,13/08/2015,Aug-15,8,2015,KLEINPLAATS,Minor Dam,1301,9.2,826.2,63.5
1e5cfee2-ca97-4c31-a3c4-47297cd0d34f,14/08/2015,Aug-15,8,2015,KLEINPLAATS,Minor Dam,1301,9.3,847.5,65.14
28a81ede-9b0d-4c12-99f9-101a93a4b044,15/08/2015,Aug-15,8,2015,KLEINPLAATS,Minor Dam,1301,9.4,869.2,66.81
bc6b0266-05fd-4228-9fff-af03bb1a4b1d,16/08/2015,Aug-15,8,2015,KLEINPLAATS,Minor Dam,1301,9.43,875.8,67.32
dbda5c12-4bc5-4b89-8abf-1fffddff7751,17/08/2015,Aug-15,8,2015,KLEINPLAATS,Minor Dam,1301,9.45,880.2,67.66
14ef98d4-66f9-4706-99df-18b127afef7d,18/08/2015,Aug-15,8,2015,KLEINPLAATS,Minor Dam,1301,9.48,886.8,68.16
02df677b-2fee-493b-8d44-4d77638b6ec6,19/08/2015,Aug-15,8,2015,KLEINPLAATS,Minor Dam,1301,9.55,902.3,69.35
94151e68-7522-49a5-8838-220504c4780e,20/08/2015,Aug-15,8,2015,KLEINPLAATS,Minor Dam,1301,9.58,909,69.87
30414db3-1f0f-47f4-9fe5-951267767cb5,21/08/2015,Aug-15,8,2015,KLEINPLAATS,Minor Dam,1301,9.6,913.5,70.22
b392025e-bea9-45b7-aa0d-992d8611b53e,22/08/2015,Aug-15,8,2015,KLEINPLAATS,Minor Dam,1301,9.36,860.5,66.14
e6d531c8-f242-431e-9789-f2faea844543,23/08/2015,Aug-15,8,2015,KLEINPLAATS,Minor Dam,1301,9.6,913.5,70.22
2d314511-4006-4266-bce3-868adade66ff,24/08/2015,Aug-15,8,2015,KLEINPLAATS,Minor Dam,1301,9.6,913.5,70.22
fcc390ef-5736-4ee2-b369-c1b9961641ab,25/08/2015,Aug-15,8,2015,KLEINPLAATS,Minor Dam,1301,9.6,913.5,70.22
51174358-c363-48be-92b3-082231f61245,26/08/2015,Aug-15,8,2015,KLEINPLAATS,Minor Dam,1301,9.68,931.6,71.61
efd730fd-3f2a-4db4-8405-d99cce96734e,27/08/2015,Aug-15,8,2015,KLEINPLAATS,Minor Dam,1301,9.68,931.6,71.61
0216b2a1-2d8f-453e-a03d-9b54c15fb3b0,28/08/2015,Aug-15,8,2015,KLEINPLAATS,Minor Dam,1301,9.75,947.6,72.84
c5f62011-f4c5-4017-b98e-261ec69e67cf,29/08/2015,Aug-15,8,2015,KLEINPLAATS,Minor Dam,1301,9.8,959.1,73.72
9a20a0b7-1b22-4039-8345-bc24f67e6d00,30/08/2015,Aug-15,8,2015,KLEINPLAATS,Minor Dam,1301,9.83,966.1,74.26
8c7ce5db-fa2d-42f0-b934-4e9734cd124e,31/08/2015,Aug-15,8,2015,KLEINPLAATS,Minor Dam,1301,9.83,966.1,74.26
6534225f-e6dc-4c78-988b-24dd5043d6e9,01/09/2015,Sep-15,9,2015,KLEINPLAATS,Minor Dam,1301,9.88,977.7,75.15
b3ed6a85-5be2-4bc6-9ac6-a8fa664b4be3,02/09/2015,Sep-15,9,2015,KLEINPLAATS,Minor Dam,1301,9.9,982.4,75.51
848bea06-8b31-42b3-a0e1-ebff4a0c0a03,03/09/2015,Sep-15,9,2015,KLEINPLAATS,Minor Dam,1301,9.95,994.2,76.42
fc47a2c4-3fb5-46a6-ab11-4b4ee14664f9,04/09/2015,Sep-15,9,2015,KLEINPLAATS,Minor Dam,1301,10,1006,77.33
fb0151ca-c28e-476f-952b-af32c13e531c,05/09/2015,Sep-15,9,2015,KLEINPLAATS,Minor Dam,1301,10.02,1010.8,77.69
a3d2cfc8-1cb1-4b3a-9797-78d5739c4393,06/09/2015,Sep-15,9,2015,KLEINPLAATS,Minor Dam,1301,10.04,1015.5,78.06
18fd1158-5b73-491e-baea-10e77ea4ce5d,07/09/2015,Sep-15,9,2015,KLEINPLAATS,Minor Dam,1301,10.06,1020.3,78.42
6bdc1a0c-24a5-42bd-b652-c3b91e9a2405,08/09/2015,Sep-15,9,2015,KLEINPLAATS,Minor Dam,1301,10.08,1025.1,78.79
40ed7fcb-7f1d-4563-814d-635b88370ce6,09/09/2015,Sep-15,9,2015,KLEINPLAATS,Minor Dam,1301,10.1,1029.9,79.16
bac78a20-911f-4ccb-921f-80734d4b23ce,10/09/2015,Sep-15,9,2015,KLEINPLAATS,Minor Dam,1301,10.14,1040.1,79.95
d6215ecd-39fa-453b-9dee-00240b2ff40a,11/09/2015,Sep-15,9,2015,KLEINPLAATS,Minor Dam,1301,10.16,1045.2,80.34
7d2f2afb-cf4a-4c04-97ce-e2f6341d78e5,12/09/2015,Sep-15,9,2015,KLEINPLAATS,Minor Dam,1301,10.18,1050.4,80.74
fe9703ae-14b1-4873-bb6e-0c6f3e1633e1,13/09/2015,Sep-15,9,2015,KLEINPLAATS,Minor Dam,1301,10.2,1055.5,81.13
3ce345b9-9425-4cff-8a29-11b2a2ac4b0a,14/09/2015,Sep-15,9,2015,KLEINPLAATS,Minor Dam,1301,10.22,1060.7,81.53
d324e8a8-3e0b-4f36-a199-c6e3dc2ef4a8,15/09/2015,Sep-15,9,2015,KLEINPLAATS,Minor Dam,1301,10.22,1060.7,81.53
b24e75b3-16ad-4b99-95b2-6a5fc2abe0ef,16/09/2015,Sep-15,9,2015,KLEINPLAATS,Minor Dam,1301,10.25,1068.5,82.13
6d43bde2-ebec-4363-9f8a-bc3bd17fa7be,17/09/2015,Sep-15,9,2015,KLEINPLAATS,Minor Dam,1301,10.27,1073.7,82.53
e5a20d18-af86-4459-96d7-9f8a20a28f33,18/09/2015,Sep-15,9,2015,KLEINPLAATS,Minor Dam,1301,10.29,1078.9,82.93
a03d29bd-c22f-4f62-9ee6-533ebf375a7b,19/09/2015,Sep-15,9,2015,KLEINPLAATS,Minor Dam,1301,10.3,1081.6,83.14
9f2fff8d-e756-4439-9431-2e6050197973,20/09/2015,Sep-15,9,2015,KLEINPLAATS,Minor Dam,1301,10.3,1081.6,83.14
da817451-a384-4b6b-843e-def1510ea123,21/09/2015,Sep-15,9,2015,KLEINPLAATS,Minor Dam,1301,10.28,1076.3,82.73
0ef47ddd-872c-4600-8868-8919eab83af7,22/09/2015,Sep-15,9,2015,KLEINPLAATS,Minor Dam,1301,10.28,1076.3,82.73
10a164fe-19d3-4b9c-bb0e-aaba0f18c813,23/09/2015,Sep-15,9,2015,KLEINPLAATS,Minor Dam,1301,10.28,1076.3,82.73
77243f7f-a752-445a-ad03-8de5a59eedbf,24/09/2015,Sep-15,9,2015,KLEINPLAATS,Minor Dam,1301,10.25,1068.5,82.13
e5052041-29d6-4471-b085-a7c3719d5c75,25/09/2015,Sep-15,9,2015,KLEINPLAATS,Minor Dam,1301,10.25,1068.5,82.13
8fd24ed4-6c3d-459b-bd26-0c9f9fad37dc,26/09/2015,Sep-15,9,2015,KLEINPLAATS,Minor Dam,1301,10.23,1063.3,81.73
af9c15bb-149e-45e1-9350-ff19d103044e,27/09/2015,Sep-15,9,2015,KLEINPLAATS,Minor Dam,1301,10.25,1068.5,82.13
d1cbede0-7f69-4f9a-9a42-de515574211b,28/09/2015,Sep-15,9,2015,KLEINPLAATS,Minor Dam,1301,10.3,1081.6,83.14
d310b7c9-a1d2-4fd6-b3b3-17ed994d6879,29/09/2015,Sep-15,9,2015,KLEINPLAATS,Minor Dam,1301,10.32,1086.8,83.54
342f4e7d-649b-40bc-a4a2-6494a8202bef,30/09/2015,Sep-15,9,2015,KLEINPLAATS,Minor Dam,1301,10.32,1086.8,83.54
a1f54420-cf6c-47ce-b4fd-db85435543ef,01/10/2015,Oct-15,10,2015,KLEINPLAATS,Minor Dam,1301,10.37,1100,84.55
26beb8a1-544b-42b6-a6fa-cfd9f6984685,02/10/2015,Oct-15,10,2015,KLEINPLAATS,Minor Dam,1301,10.4,1108,85.17
0bd3fea8-f19e-4417-91b1-83759f4a546e,03/10/2015,Oct-15,10,2015,KLEINPLAATS,Minor Dam,1301,10.4,1108,85.17
c3a8f220-c332-4f33-b969-19cf5b21c509,04/10/2015,Oct-15,10,2015,KLEINPLAATS,Minor Dam,1301,10.38,1102.7,84.76
02aba89d-a361-48dc-8205-eb917274c4d2,05/10/2015,Oct-15,10,2015,KLEINPLAATS,Minor Dam,1301,10.38,1102.7,84.76
bc513cca-f421-4b51-a513-3724ffde914e,06/10/2015,Oct-15,10,2015,KLEINPLAATS,Minor Dam,1301,10.38,1102.7,84.76
cfbc2ba7-4ff3-42a6-93ea-5bcaac6fc514,07/10/2015,Oct-15,10,2015,KLEINPLAATS,Minor Dam,1301,10.38,1102.7,84.76
a0d48a42-dba4-473d-b42e-0d2b2a9f02ea,08/10/2015,Oct-15,10,2015,KLEINPLAATS,Minor Dam,1301,10.38,1102.7,84.76
9f7b9da3-06a8-4282-9cb9-af9793f0e9de,09/10/2015,Oct-15,10,2015,KLEINPLAATS,Minor Dam,1301,10.39,1105.3,84.96
a0169922-5c3e-4e84-9e3b-803bb2ac6f2b,10/10/2015,Oct-15,10,2015,KLEINPLAATS,Minor Dam,1301,10.4,1108,85.17
31968e63-d8f7-4750-a933-fbb8794403fc,11/10/2015,Oct-15,10,2015,KLEINPLAATS,Minor Dam,1301,10.44,1118.6,85.98
db24fa78-4bf0-4d7b-a099-32fa49172efb,12/10/2015,Oct-15,10,2015,KLEINPLAATS,Minor Dam,1301,10.44,1118.6,85.98
77b909ba-5e47-4071-a238-792d1784ad3e,13/10/2015,Oct-15,10,2015,KLEINPLAATS,Minor Dam,1301,10.45,1121.3,86.19
1c4309ad-e09c-408f-8681-feb824d52e6e,14/10/2015,Oct-15,10,2015,KLEINPLAATS,Minor Dam,1301,10.45,1121.3,86.19
31943ee9-6697-4394-8b32-31761d973197,15/10/2015,Oct-15,10,2015,KLEINPLAATS,Minor Dam,1301,10.42,1113.3,85.57
c9d65ab0-7c9f-479e-979f-afa77d68faca,16/10/2015,Oct-15,10,2015,KLEINPLAATS,Minor Dam,1301,10.43,1116,85.78
4744aa39-9dfe-4962-baff-e67d13be0f01,17/10/2015,Oct-15,10,2015,KLEINPLAATS,Minor Dam,1301,10.43,1116,85.78
5bf65d08-762b-4725-9b42-9a626ccf5f9d,18/10/2015,Oct-15,10,2015,KLEINPLAATS,Minor Dam,1301,10.4,1108,85.17
5a86ec29-19a1-42e2-8f6f-afd7b4d9cea4,19/10/2015,Oct-15,10,2015,KLEINPLAATS,Minor Dam,1301,10.38,1102.7,84.76
ce6149eb-3f55-4756-8db2-9c258be6af5f,20/10/2015,Oct-15,10,2015,KLEINPLAATS,Minor Dam,1301,10.38,1102.7,84.76
8dbaed51-794a-4af3-950f-2dd38c07c93a,21/10/2015,Oct-15,10,2015,KLEINPLAATS,Minor Dam,1301,10.38,1102.7,84.76
f3a1b821-429a-4486-949b-50b3c0be3bc8,22/10/2015,Oct-15,10,2015,KLEINPLAATS,Minor Dam,1301,10.32,1086.8,83.54
81738ff0-5ea3-471a-ac65-e14f60bde636,23/10/2015,Oct-15,10,2015,KLEINPLAATS,Minor Dam,1301,10.3,1081.6,83.14
4c901a99-2186-41dc-86de-aa3386de525b,24/10/2015,Oct-15,10,2015,KLEINPLAATS,Minor Dam,1301,10.3,1081.6,83.14
1bd6da0f-2cc6-4ab8-8843-8fec414dfa66,25/10/2015,Oct-15,10,2015,KLEINPLAATS,Minor Dam,1301,10.3,1081.6,83.14
f83d284c-fc12-4224-975f-7de90ec48c1e,26/10/2015,Oct-15,10,2015,KLEINPLAATS,Minor Dam,1301,10.28,1076.3,82.73
f630dfa2-9e26-45be-91d7-7a9846a1191a,27/10/2015,Oct-15,10,2015,KLEINPLAATS,Minor Dam,1301,10.27,1073.7,82.53
d107d85d-e1fe-42fd-b8bc-953bb1861dec,28/10/2015,Oct-15,10,2015,KLEINPLAATS,Minor Dam,1301,10.25,1068.5,82.13
e85bb0fe-dd9d-42b4-bf7b-4d2ae0bead49,29/10/2015,Oct-15,10,2015,KLEINPLAATS,Minor Dam,1301,10.22,1060.7,81.53
ec9852bf-c1ed-4448-a97b-a3a71a47aa91,30/10/2015,Oct-15,10,2015,KLEINPLAATS,Minor Dam,1301,10.2,1055.5,81.13
902496ce-85f8-435a-9592-1407590a8b84,31/10/2015,Oct-15,10,2015,KLEINPLAATS,Minor Dam,1301,10.18,1050.4,80.74
f9e22c7b-1c86-480e-8a12-c07c51ecc5b8,01/11/2015,Nov-15,11,2015,KLEINPLAATS,Minor Dam,1301,10.22,1060.7,81.53
e79dfd30-5a0d-4947-a267-4079dd3b11b1,02/11/2015,Nov-15,11,2015,KLEINPLAATS,Minor Dam,1301,10.25,1068.5,82.13
2e57ee99-50b9-4198-bfb5-c66f16e5101f,03/11/2015,Nov-15,11,2015,KLEINPLAATS,Minor Dam,1301,10.28,1076.3,82.73
c0d0db57-fd0b-4de7-900c-b0c16dd04511,04/11/2015,Nov-15,11,2015,KLEINPLAATS,Minor Dam,1301,10.29,1078.9,82.93
99943fa2-69b4-4db1-a15e-e0272ebf10bf,05/11/2015,Nov-15,11,2015,KLEINPLAATS,Minor Dam,1301,10.3,1081.6,83.14
64e4e85b-acb0-432c-a4ab-945586151d50,06/11/2015,Nov-15,11,2015,KLEINPLAATS,Minor Dam,1301,10.29,1078.9,82.93
3affc2fd-a292-4603-9785-44e1ce278e75,07/11/2015,Nov-15,11,2015,KLEINPLAATS,Minor Dam,1301,10.29,1078.9,82.93
244ad711-4437-46c3-81b2-2a585dbb4de0,08/11/2015,Nov-15,11,2015,KLEINPLAATS,Minor Dam,1301,10.29,1078.9,82.93
a640a4c5-bebf-4123-8948-3b544dab7cc5,09/11/2015,Nov-15,11,2015,KLEINPLAATS,Minor Dam,1301,10.29,1078.9,82.93
0168d42e-de26-416a-bced-1e76baf33c04,10/11/2015,Nov-15,11,2015,KLEINPLAATS,Minor Dam,1301,10.29,1078.9,82.93
c08dbf0e-f5f2-47ad-b38e-f4f5e3df276d,11/11/2015,Nov-15,11,2015,KLEINPLAATS,Minor Dam,1301,10.26,1071.1,82.33
bc617970-7e23-459e-9b39-b2cec7574cd6,12/11/2015,Nov-15,11,2015,KLEINPLAATS,Minor Dam,1301,10.23,1063.3,81.73
ce380545-307e-49a7-8b25-2983cd0f42c0,13/11/2015,Nov-15,11,2015,KLEINPLAATS,Minor Dam,1301,10.2,1055.5,81.13
79279bde-b7c8-4350-8bd6-734a347bae3a,14/11/2015,Nov-15,11,2015,KLEINPLAATS,Minor Dam,1301,10.18,1050.4,80.74
09363932-a4dc-4a96-b218-97736efa0de4,15/11/2015,Nov-15,11,2015,KLEINPLAATS,Minor Dam,1301,10.18,1050.4,80.74
2bdda21e-345e-45d8-b4d2-9216053766b5,16/11/2015,Nov-15,11,2015,KLEINPLAATS,Minor Dam,1301,10.17,1047.8,80.54
e8dc95a8-f890-4dc8-b1e2-59856e029a76,17/11/2015,Nov-15,11,2015,KLEINPLAATS,Minor Dam,1301,10.15,1042.7,80.15
f0aabef6-841a-435b-b519-b07323bfc440,18/11/2015,Nov-15,11,2015,KLEINPLAATS,Minor Dam,1301,10.09,1027.5,78.98
b049c77a-91e0-4050-9c25-71624dbbfab8,19/11/2015,Nov-15,11,2015,KLEINPLAATS,Minor Dam,1301,10.03,1013.1,77.87
b6c3a594-b457-4e94-9549-103da9900376,20/11/2015,Nov-15,11,2015,KLEINPLAATS,Minor Dam,1301,9.99,1003.6,77.14
3e64ca5b-4c57-4243-8831-7950a3c90c30,21/11/2015,Nov-15,11,2015,KLEINPLAATS,Minor Dam,1301,9.95,994.2,76.42
0fd1b752-4daa-414f-b5de-4aae6c5c3a31,22/11/2015,Nov-15,11,2015,KLEINPLAATS,Minor Dam,1301,9.9,982.4,75.51
49d449b4-e73a-4492-a596-43167fb59f20,23/11/2015,Nov-15,11,2015,KLEINPLAATS,Minor Dam,1301,9.89,980,75.33
d6a52cbb-fb5a-4716-8242-e479e6f6763e,24/11/2015,Nov-15,11,2015,KLEINPLAATS,Minor Dam,1301,9.85,970.7,74.61
c750cf79-87ae-4900-a61b-3b747f2d0ad1,25/11/2015,Nov-15,11,2015,KLEINPLAATS,Minor Dam,1301,9.8,959.1,73.72
c225b7a3-1453-4d82-a9ed-0b27e617f786,26/11/2015,Nov-15,11,2015,KLEINPLAATS,Minor Dam,1301,9.75,947.6,72.84
9ce00b18-3147-428b-bd1a-52608ac5a76b,27/11/2015,Nov-15,11,2015,KLEINPLAATS,Minor Dam,1301,9.7,936.2,71.96
151793df-ca97-4b9c-abaa-2438b85ffa37,28/11/2015,Nov-15,11,2015,KLEINPLAATS,Minor Dam,1301,9.65,924.8,71.08
977d860b-0590-4fbf-9eb5-3fe517181f31,29/11/2015,Nov-15,11,2015,KLEINPLAATS,Minor Dam,1301,9.6,913.5,70.22
6615a7ad-daaf-4c55-bd28-3bfa0768164f,30/11/2015,Nov-15,11,2015,KLEINPLAATS,Minor Dam,1301,9.56,904.6,69.53
c30ed784-d760-460f-a0ed-5ef40c7d2b7f,01/12/2015,Dec-15,12,2015,KLEINPLAATS,Minor Dam,1301,9.52,895.6,68.84
17ce1c14-066f-4a68-8be4-3777574580ac,02/12/2015,Dec-15,12,2015,KLEINPLAATS,Minor Dam,1301,9.48,886.8,68.16
3a4b6459-4529-4c88-be6a-db01cd641984,03/12/2015,Dec-15,12,2015,KLEINPLAATS,Minor Dam,1301,9.42,873.6,67.15
eb6a543f-8e61-45ec-8769-8864e1018990,04/12/2015,Dec-15,12,2015,KLEINPLAATS,Minor Dam,1301,9.4,869.2,66.81
72ad8746-6321-41a7-9cac-a814fdb84ed1,05/12/2015,Dec-15,12,2015,KLEINPLAATS,Minor Dam,1301,9.35,858.3,65.97
1689ada5-7854-42d1-a2b7-04a062b56b53,06/12/2015,Dec-15,12,2015,KLEINPLAATS,Minor Dam,1301,9.3,847.5,65.14
b33fa519-c2fc-4ba8-93e8-3e55a96e6d38,07/12/2015,Dec-15,12,2015,KLEINPLAATS,Minor Dam,1301,9.26,838.9,64.48
8aaed35f-eced-45aa-9f2e-e59280242f0a,08/12/2015,Dec-15,12,2015,KLEINPLAATS,Minor Dam,1301,9.2,826.2,63.5
19796426-2cec-48f5-b3da-afc45847eb28,09/12/2015,Dec-15,12,2015,KLEINPLAATS,Minor Dam,1301,9.14,813.5,62.53
080e5ef5-0983-4485-9d9e-4ddf80e46a32,10/12/2015,Dec-15,12,2015,KLEINPLAATS,Minor Dam,1301,9.1,805.1,61.88
e0725cc4-021f-40b9-bc84-aa605e3d9fcd,11/12/2015,Dec-15,12,2015,KLEINPLAATS,Minor Dam,1301,9.09,803,61.72
a743c8b5-4625-4096-9b04-595db0e8026e,12/12/2015,Dec-15,12,2015,KLEINPLAATS,Minor Dam,1301,9.08,800.9,61.56
42eb0c71-14c1-418b-b2e1-b37e58a617a1,13/12/2015,Dec-15,12,2015,KLEINPLAATS,Minor Dam,1301,9.08,800.9,61.56
5bf22db7-6cc2-4d19-8529-19d5788c6cec,14/12/2015,Dec-15,12,2015,KLEINPLAATS,Minor Dam,1301,9.05,794.7,61.08
fe9bb77b-bc7f-46d8-a137-27e28df710be,15/12/2015,Dec-15,12,2015,KLEINPLAATS,Minor Dam,1301,9.14,813.5,62.53
5601ab0e-4a4d-4fc7-9f47-4152bb41df6d,16/12/2015,Dec-15,12,2015,KLEINPLAATS,Minor Dam,1301,9,784.4,60.29
4f59d69f-26a8-4a9e-9744-40a08c931293,17/12/2015,Dec-15,12,2015,KLEINPLAATS,Minor Dam,1301,9,784.4,60.29
50aed20d-e268-45f1-9963-f47871c146fe,18/12/2015,Dec-15,12,2015,KLEINPLAATS,Minor Dam,1301,8.9,763.9,58.72
60c43929-21d9-4b0e-9ff7-4ee13fad9c6d,19/12/2015,Dec-15,12,2015,KLEINPLAATS,Minor Dam,1301,8.98,780.2,59.97
d6767d98-7c22-4f63-ad59-11e1539e39f9,20/12/2015,Dec-15,12,2015,KLEINPLAATS,Minor Dam,1301,8.98,780.2,59.97
5311470e-4474-44ff-81d2-6fd7b9eb1685,21/12/2015,Dec-15,12,2015,KLEINPLAATS,Minor Dam,1301,8.95,774.1,59.5
f51402e6-cd5a-4e6a-ab4b-b06f329a1d1f,22/12/2015,Dec-15,12,2015,KLEINPLAATS,Minor Dam,1301,8.94,772.1,59.35
b0577541-0bc1-4f18-85c3-5864cda9a8a2,23/12/2015,Dec-15,12,2015,KLEINPLAATS,Minor Dam,1301,8.92,768,59.03
bf1e9a0d-f37f-414d-8075-b243ceb6b48a,24/12/2015,Dec-15,12,2015,KLEINPLAATS,Minor Dam,1301,8.9,763.9,58.72
f688be86-fe9a-4230-ab62-4ad99549aeb9,25/12/2015,Dec-15,12,2015,KLEINPLAATS,Minor Dam,1301,8.9,763.9,58.72
320cf1ab-903a-412b-8af4-da90ddad53f1,26/12/2015,Dec-15,12,2015,KLEINPLAATS,Minor Dam,1301,8.88,759.9,58.41
16401fb7-cea3-43e6-ba39-c41657272a9c,27/12/2015,Dec-15,12,2015,KLEINPLAATS,Minor Dam,1301,8.86,755.8,58.09
a9d349f5-2451-4abe-b7a9-0790c6a8f263,28/12/2015,Dec-15,12,2015,KLEINPLAATS,Minor Dam,1301,8.84,751.8,57.79
3e172747-46b5-4b64-bb3e-f8d9d60ab99a,29/12/2015,Dec-15,12,2015,KLEINPLAATS,Minor Dam,1301,8.8,743.8,57.17
9ba22b26-8f2e-4591-b284-65af3db9570c,30/12/2015,Dec-15,12,2015,KLEINPLAATS,Minor Dam,1301,8.8,743.8,57.17
6ecf43a3-6a8f-4148-afd6-e1cec966dc32,31/12/2015,Dec-15,12,2015,KLEINPLAATS,Minor Dam,1301,8.79,741.8,57.02
81317347-4743-4acc-9576-95c4f1ffc7ef,01/01/2016,Jan-16,1,2016,KLEINPLAATS,Minor Dam,1301,8.79,741.8,57.02
3eb11d9a-62b4-4bb8-aa00-dc65640eb756,02/01/2016,Jan-16,1,2016,KLEINPLAATS,Minor Dam,1301,8.79,741.8,57.02
7616a027-7365-43bf-9030-64428f61a86a,03/01/2016,Jan-16,1,2016,KLEINPLAATS,Minor Dam,1301,8.79,741.8,57.02
9fa3925c-e2df-45c6-ab12-3be5fd42a50b,04/01/2016,Jan-16,1,2016,KLEINPLAATS,Minor Dam,1301,8.72,727.9,55.95
10c81eba-a38a-4ab9-bf8e-02a3c9ae2dec,05/01/2016,Jan-16,1,2016,KLEINPLAATS,Minor Dam,1301,8.7,724,55.65
2c24e58a-2d6e-4622-a2b7-639dc1c03dc5,06/01/2016,Jan-16,1,2016,KLEINPLAATS,Minor Dam,1301,8.7,724,55.65
0b272d81-0f46-40d8-9cda-f954eca7e738,07/01/2016,Jan-16,1,2016,KLEINPLAATS,Minor Dam,1301,8.69,722,55.5
51eecc46-c5b9-4d07-bf7e-98513eee00da,08/01/2016,Jan-16,1,2016,KLEINPLAATS,Minor Dam,1301,8.65,714.2,54.9
2de35ccb-08c5-4a14-ada5-e4baf2951cde,09/01/2016,Jan-16,1,2016,KLEINPLAATS,Minor Dam,1301,8.65,714.2,54.9
62c401d5-f21d-4493-9170-e7718c47cd15,10/01/2016,Jan-16,1,2016,KLEINPLAATS,Minor Dam,1301,8.6,704.5,54.15
e9c7a715-3812-47d0-87a9-159dd4ccce64,11/01/2016,Jan-16,1,2016,KLEINPLAATS,Minor Dam,1301,8.6,704.5,54.15
1c7b584a-191d-4bcd-807e-30d050ea4a5a,12/01/2016,Jan-16,1,2016,KLEINPLAATS,Minor Dam,1301,8.57,699.1,53.74
51062034-dbbc-4216-b726-472c3502b3ea,13/01/2016,Jan-16,1,2016,KLEINPLAATS,Minor Dam,1301,8.55,695.5,53.46
8ae7fa25-84aa-43ba-90df-77e28068acb1,14/01/2016,Jan-16,1,2016,KLEINPLAATS,Minor Dam,1301,8.5,686.5,52.77
3e5d3a58-29c0-4c4d-b0e9-dad805f0fb30,15/01/2016,Jan-16,1,2016,KLEINPLAATS,Minor Dam,1301,8.47,681.1,52.35
546a05c1-77cd-46bb-8a75-0360f193607f,16/01/2016,Jan-16,1,2016,KLEINPLAATS,Minor Dam,1301,8.5,686.5,52.77
08e478fc-93a5-4c7b-be6d-a77114e69e7e,17/01/2016,Jan-16,1,2016,KLEINPLAATS,Minor Dam,1301,8.48,682.9,52.49
a7326cdd-d9d6-4525-b4ae-4149fcd541ad,18/01/2016,Jan-16,1,2016,KLEINPLAATS,Minor Dam,1301,8.46,679.3,52.21
2e0afa42-7ab4-4de2-9ce3-d76806053ac2,19/01/2016,Jan-16,1,2016,KLEINPLAATS,Minor Dam,1301,8.45,677.6,52.08
76008f59-c3c2-4ca6-be7a-cd89f3b0fa8f,20/01/2016,Jan-16,1,2016,KLEINPLAATS,Minor Dam,1301,8.4,668.7,51.4
f453af18-3fb8-4a99-865d-fb1bcd67d2b0,21/01/2016,Jan-16,1,2016,KLEINPLAATS,Minor Dam,1301,8.38,665.2,51.13
3abd2bc7-7356-412c-ad3f-8e276667cd29,22/01/2016,Jan-16,1,2016,KLEINPLAATS,Minor Dam,1301,8.38,665.2,51.13
33e9c968-8d97-45c3-8571-f477886a8530,23/01/2016,Jan-16,1,2016,KLEINPLAATS,Minor Dam,1301,8.38,665.2,51.13
532947c1-60c0-4b44-baae-876cd15f55a6,24/01/2016,Jan-16,1,2016,KLEINPLAATS,Minor Dam,1301,8.38,665.2,51.13
e6c1a3ac-75cc-4f5e-a686-66e3e9ee5bb5,25/01/2016,Jan-16,1,2016,KLEINPLAATS,Minor Dam,1301,8.35,659.9,50.72
bc9785c9-5a74-4e82-b62d-3f92bae5835b,26/01/2016,Jan-16,1,2016,KLEINPLAATS,Minor Dam,1301,8.3,651.2,50.05
20c64780-0c29-4730-967e-a869822cebd5,27/01/2016,Jan-16,1,2016,KLEINPLAATS,Minor Dam,1301,8.28,647.7,49.78
0df4ded2-40bd-4c85-839b-cae707d0c53a,28/01/2016,Jan-16,1,2016,KLEINPLAATS,Minor Dam,1301,8.28,647.7,49.78
ec9270d4-0e88-4c98-9692-20bdca5e9f99,29/01/2016,Jan-16,1,2016,KLEINPLAATS,Minor Dam,1301,8.28,647.7,49.78
99364dda-0ff2-4061-acbf-0ea482d003db,30/01/2016,Jan-16,1,2016,KLEINPLAATS,Minor Dam,1301,8.28,647.7,49.78
f43e4cf2-34d0-4dfc-bf4b-235f19ae48f9,31/01/2016,Jan-16,1,2016,KLEINPLAATS,Minor Dam,1301,8.26,644.3,49.52
6a5de4f9-7850-4e98-9ede-ad9cd64974d3,01/02/2016,Feb-16,2,2016,KLEINPLAATS,Minor Dam,1301,8.26,644.3,49.52
cd5750ec-476b-4e84-85c8-7ab2786fb5c7,02/02/2016,Feb-16,2,2016,KLEINPLAATS,Minor Dam,1301,8.26,644.3,49.52
d6fc502a-2b4c-4167-aba2-1d1bc611bc81,03/02/2016,Feb-16,2,2016,KLEINPLAATS,Minor Dam,1301,8.26,644.3,49.52
5e926f64-fa2d-4387-8e70-65122f327c5b,04/02/2016,Feb-16,2,2016,KLEINPLAATS,Minor Dam,1301,8.2,633.9,48.72
95142d09-c5cf-4667-84a5-ba3565dd2761,05/02/2016,Feb-16,2,2016,KLEINPLAATS,Minor Dam,1301,8.18,630.5,48.46
197087a7-8efa-4e5b-a90a-b6f2bfdb6cbf,06/02/2016,Feb-16,2,2016,KLEINPLAATS,Minor Dam,1301,8.18,630.5,48.46
d6a7613f-e67f-4738-861e-645a048f647f,07/02/2016,Feb-16,2,2016,KLEINPLAATS,Minor Dam,1301,8.15,625.4,48.07
645717b7-263b-4efe-a5e4-b5d23621f8fb,08/02/2016,Feb-16,2,2016,KLEINPLAATS,Minor Dam,1301,8.14,623.7,47.94
5ee8fab1-e212-46d4-afc7-914686130a5c,09/02/2016,Feb-16,2,2016,KLEINPLAATS,Minor Dam,1301,8.14,623.7,47.94
9f074b38-2a94-4f39-b354-7c4c70859f84,10/02/2016,Feb-16,2,2016,KLEINPLAATS,Minor Dam,1301,8.1,616.9,47.42
cd15f516-7857-46a4-af13-6ed0e889bbea,11/02/2016,Feb-16,2,2016,KLEINPLAATS,Minor Dam,1301,8.08,613.5,47.16
154ebea1-5276-4214-98f2-e382260a0fe1,12/02/2016,Feb-16,2,2016,KLEINPLAATS,Minor Dam,1301,8.08,613.5,47.16
ea30fb78-693a-4ba5-bb00-91f61735a6cb,13/02/2016,Feb-16,2,2016,KLEINPLAATS,Minor Dam,1301,8.06,610.2,46.9
2982c01e-f916-4d73-8277-36388ae8f65b,14/02/2016,Feb-16,2,2016,KLEINPLAATS,Minor Dam,1301,8.06,610.2,46.9
b03f8802-57a0-4f1f-a052-8e2670d29b43,15/02/2016,Feb-16,2,2016,KLEINPLAATS,Minor Dam,1301,8.04,606.8,46.64
f9d2b13f-7b2c-4bae-be3b-460e657d4c44,16/02/2016,Feb-16,2,2016,KLEINPLAATS,Minor Dam,1301,8,600.2,46.13
41559ec9-4dfe-485f-b42c-b08017598dfc,17/02/2016,Feb-16,2,2016,KLEINPLAATS,Minor Dam,1301,8,600.2,46.13
00ea0479-9c7a-4d63-a03a-931361ba8efd,18/02/2016,Feb-16,2,2016,KLEINPLAATS,Minor Dam,1301,7.99,598.5,46
63aa060e-76ca-4a17-9e84-9f5d5aed7a40,19/02/2016,Feb-16,2,2016,KLEINPLAATS,Minor Dam,1301,7.99,598.5,46
e4dc23ca-752a-4fd2-8168-87c3f12099c3,20/02/2016,Feb-16,2,2016,KLEINPLAATS,Minor Dam,1301,7.97,595.2,45.75
74643746-fe8f-461a-832d-583ccba921ad,21/02/2016,Feb-16,2,2016,KLEINPLAATS,Minor Dam,1301,7.96,593.5,45.62
629d7286-770d-45b9-a7b1-2a7781eb9278,22/02/2016,Feb-16,2,2016,KLEINPLAATS,Minor Dam,1301,7.95,591.9,45.5
dad2fb1a-8f37-4e3d-afb2-ff1776fa16a1,23/02/2016,Feb-16,2,2016,KLEINPLAATS,Minor Dam,1301,7.94,590.2,45.37
6406c28b-1d03-46cf-a0f4-bc95705dd492,24/02/2016,Feb-16,2,2016,KLEINPLAATS,Minor Dam,1301,7.94,590.2,45.37
99180ab1-2787-4a17-8402-77b087a49f1e,25/02/2016,Feb-16,2,2016,KLEINPLAATS,Minor Dam,1301,7.94,590.2,45.37
13c2e979-ca68-4b6a-97de-6febd285cad8,26/02/2016,Feb-16,2,2016,KLEINPLAATS,Minor Dam,1301,7.94,590.2,45.37
7377c739-e3f8-4a67-9feb-21afd234013e,27/02/2016,Feb-16,2,2016,KLEINPLAATS,Minor Dam,1301,7.9,583.7,44.87
0a95ae36-ad0c-44be-84c2-f83b08d07088,28/02/2016,Feb-16,2,2016,KLEINPLAATS,Minor Dam,1301,7.88,580.4,44.61
8de0f219-707f-40f9-bb37-ceb1c5b8ae10,29/02/2016,Feb-16,2,2016,KLEINPLAATS,Minor Dam,1301,7.88,580.4,44.61
342c38a6-3e60-47ee-986d-9f56b4f075ca,01/03/2016,Mar-16,3,2016,KLEINPLAATS,Minor Dam,1301,7.5,520.2,39.98
90988afa-1786-41f4-86cb-2766c829edf7,02/03/2016,Mar-16,3,2016,KLEINPLAATS,Minor Dam,1301,7.4,504.9,38.81
44980648-bac4-4b3c-96a1-cfb57c0b3278,03/03/2016,Mar-16,3,2016,KLEINPLAATS,Minor Dam,1301,7.8,567.4,43.61
087e9e9d-b552-4227-8a72-04788a85e361,04/03/2016,Mar-16,3,2016,KLEINPLAATS,Minor Dam,1301,7.7,551.4,42.38
75f1f31d-de38-42dd-a36f-fdc5d77d7d18,05/03/2016,Mar-16,3,2016,KLEINPLAATS,Minor Dam,1301,7.7,551.4,42.38
9c7635f1-cc16-41b6-8d38-d3b2766242d5,06/03/2016,Mar-16,3,2016,KLEINPLAATS,Minor Dam,1301,7.6,535.7,41.18
127599f2-37fd-4e7c-af02-22239b60de13,07/03/2016,Mar-16,3,2016,KLEINPLAATS,Minor Dam,1301,7.6,535.7,41.18
f2afd981-ed6f-4fca-8d91-70f21fcdba77,08/03/2016,Mar-16,3,2016,KLEINPLAATS,Minor Dam,1301,7.58,532.6,40.94
435b147f-c29e-46a5-abbc-7dd94c3574ea,09/03/2016,Mar-16,3,2016,KLEINPLAATS,Minor Dam,1301,7.52,523.3,40.22
3b698918-eac1-41c2-992d-6c0762cf8757,10/03/2016,Mar-16,3,2016,KLEINPLAATS,Minor Dam,1301,7.52,523.3,40.22
db5f0ac0-5d9a-4f78-a491-d60daa6ac0da,11/03/2016,Mar-16,3,2016,KLEINPLAATS,Minor Dam,1301,7.51,521.7,40.1
b08ca5a0-942a-4057-8985-8914674b88d3,12/03/2016,Mar-16,3,2016,KLEINPLAATS,Minor Dam,1301,7.48,517.1,39.75
27a39e87-6fdc-4137-bc81-f50bbc70be58,13/03/2016,Mar-16,3,2016,KLEINPLAATS,Minor Dam,1301,7.48,517.1,39.75
e061d5d8-5487-410f-b8dd-6765fca303b9,14/03/2016,Mar-16,3,2016,KLEINPLAATS,Minor Dam,1301,7.45,512.5,39.39
ee3139be-7f04-49ba-b989-3fff60ed3e15,15/03/2016,Mar-16,3,2016,KLEINPLAATS,Minor Dam,1301,7.4,504.9,38.81
e429d64f-0431-440c-8e66-15740aa1a420,16/03/2016,Mar-16,3,2016,KLEINPLAATS,Minor Dam,1301,7.4,504.9,38.81
af2b7e55-884d-414e-a7a3-b5b7345f77a9,17/03/2016,Mar-16,3,2016,KLEINPLAATS,Minor Dam,1301,7.39,503.4,38.69
84abb05f-bf80-4629-bece-07b558c01d1f,18/03/2016,Mar-16,3,2016,KLEINPLAATS,Minor Dam,1301,7.35,497.4,38.23
e618dcf7-386d-4d7c-954c-8e22772f11ba,19/03/2016,Mar-16,3,2016,KLEINPLAATS,Minor Dam,1301,7.35,497.4,38.23
43e390c2-089b-4026-b0de-3b05a4bb6aa3,20/03/2016,Mar-16,3,2016,KLEINPLAATS,Minor Dam,1301,7.3,489.9,37.66
b042d105-38d8-4b95-8d3a-74bc64f56b32,21/03/2016,Mar-16,3,2016,KLEINPLAATS,Minor Dam,1301,7.4,504.9,38.81
cb7bf995-ee6e-4621-87c8-87b55d576e18,22/03/2016,Mar-16,3,2016,KLEINPLAATS,Minor Dam,1301,7.26,484,37.2
21e372ac-83b3-4d38-a9ed-46ea5f313cc2,23/03/2016,Mar-16,3,2016,KLEINPLAATS,Minor Dam,1301,7.25,482.5,37.09
f0650f83-3b96-4987-be14-ac86cbf5b1d4,24/03/2016,Mar-16,3,2016,KLEINPLAATS,Minor Dam,1301,7.23,479.6,36.86
71b323e2-773b-4896-9dd3-172ee10bcfec,25/03/2016,Mar-16,3,2016,KLEINPLAATS,Minor Dam,1301,7.2,475.2,36.53
5f0c2a98-809c-4d17-ad51-5574905b4622,26/03/2016,Mar-16,3,2016,KLEINPLAATS,Minor Dam,1301,7.15,467.9,35.96
5fd4fb60-f59b-4188-a694-54e2f6855eb8,27/03/2016,Mar-16,3,2016,KLEINPLAATS,Minor Dam,1301,7.2,475.2,36.53
230965b0-3ee8-4090-bb5a-894ebf61ee9c,28/03/2016,Mar-16,3,2016,KLEINPLAATS,Minor Dam,1301,7.15,467.9,35.96
c49c9426-77a2-492e-af7e-d8c35767f542,29/03/2016,Mar-16,3,2016,KLEINPLAATS,Minor Dam,1301,7.1,460.7,35.41
e7000e49-ae56-4f45-acdc-6435fcb5d6a7,30/03/2016,Mar-16,3,2016,KLEINPLAATS,Minor Dam,1301,7.05,453.6,34.87
5f723db5-81d9-455b-93ff-329f15ab0ac3,31/03/2016,Mar-16,3,2016,KLEINPLAATS,Minor Dam,1301,7.07,456.4,35.08
aa0c32e7-18db-4423-b366-14d51bc7ac86,01/04/2016,Apr-16,4,2016,KLEINPLAATS,Minor Dam,1301,7.07,456.4,35.08
2392feae-6a3b-4eb1-9acd-9815992f9e15,02/04/2016,Apr-16,4,2016,KLEINPLAATS,Minor Dam,1301,7.06,455,34.97
974ed829-ff89-49b6-903e-afa1a1ccf7e4,03/04/2016,Apr-16,4,2016,KLEINPLAATS,Minor Dam,1301,7.05,453.6,34.87
66337cc6-84b3-4df3-a549-c9b2b3a1f164,04/04/2016,Apr-16,4,2016,KLEINPLAATS,Minor Dam,1301,7.05,453.6,34.87
630df915-ccd1-4f0c-8495-a7e82f9c5304,05/04/2016,Apr-16,4,2016,KLEINPLAATS,Minor Dam,1301,7.05,453.6,34.87
978de5dc-c2c8-43a9-8b59-9c500983d30d,06/04/2016,Apr-16,4,2016,KLEINPLAATS,Minor Dam,1301,7.05,453.6,34.87
f3e3803b-c033-4673-bbfe-e37a7815a0f3,07/04/2016,Apr-16,4,2016,KLEINPLAATS,Minor Dam,1301,7.03,450.8,34.65
31efe7b9-5d60-414d-8c78-d90652ba1a48,08/04/2016,Apr-16,4,2016,KLEINPLAATS,Minor Dam,1301,7.03,450.8,34.65
65a859b1-ff05-4598-beb9-99d4a8ca4ba8,09/04/2016,Apr-16,4,2016,KLEINPLAATS,Minor Dam,1301,6.98,443.8,34.11
883adfce-5022-4285-98f0-bab5bef47208,10/04/2016,Apr-16,4,2016,KLEINPLAATS,Minor Dam,1301,6.95,439.7,33.8
5b1756db-42c2-4595-9eee-eaeec657b46d,11/04/2016,Apr-16,4,2016,KLEINPLAATS,Minor Dam,1301,6.93,436.9,33.58
28da22d8-596b-4b16-8f4f-86f643016ad5,12/04/2016,Apr-16,4,2016,KLEINPLAATS,Minor Dam,1301,6.93,436.9,33.58
3d179d84-56b4-4aa4-af95-a1ad2b111c21,13/04/2016,Apr-16,4,2016,KLEINPLAATS,Minor Dam,1301,6.85,426,32.74
94606ac8-73a5-4024-93e7-29e4a22b42fb,14/04/2016,Apr-16,4,2016,KLEINPLAATS,Minor Dam,1301,6.84,424.6,32.64
13970c21-d6c5-457b-bb46-67330613a45e,15/04/2016,Apr-16,4,2016,KLEINPLAATS,Minor Dam,1301,6.84,424.6,32.64
5261801b-8255-4266-8aba-6d2cd33ff5af,16/04/2016,Apr-16,4,2016,KLEINPLAATS,Minor Dam,1301,6.84,424.6,32.64
fa439dba-4330-4ec2-9b53-13d9622cfa2f,17/04/2016,Apr-16,4,2016,KLEINPLAATS,Minor Dam,1301,6.81,420.6,32.33
a7e814c9-e0b7-4154-914a-50491e1ee50f,18/04/2016,Apr-16,4,2016,KLEINPLAATS,Minor Dam,1301,6.8,419.2,32.22
eae410f3-7bdf-4bcb-a0a8-352cd7bf39c4,19/04/2016,Apr-16,4,2016,KLEINPLAATS,Minor Dam,1301,6.8,419.2,32.22
07fb553a-f46a-4cb6-8c87-e524eb7ea3d3,20/04/2016,Apr-16,4,2016,KLEINPLAATS,Minor Dam,1301,6.8,419.2,32.22
33c7ad5c-69fe-48ae-b9a5-8833f58f53db,21/04/2016,Apr-16,4,2016,KLEINPLAATS,Minor Dam,1301,6.8,419.2,32.22
b26ca18e-c67f-45b4-a4ca-4a168794712f,22/04/2016,Apr-16,4,2016,KLEINPLAATS,Minor Dam,1301,6.79,417.9,32.12
ed194a45-75a7-4693-afc2-2f3a99e0f1be,23/04/2016,Apr-16,4,2016,KLEINPLAATS,Minor Dam,1301,6.73,409.8,31.5
c3df8097-5490-4b43-b87f-4f872f8dbf50,24/04/2016,Apr-16,4,2016,KLEINPLAATS,Minor Dam,1301,6.7,405.9,31.2
f8c44722-de6e-4bd2-8fa3-e2280b855a70,25/04/2016,Apr-16,4,2016,KLEINPLAATS,Minor Dam,1301,6.7,405.9,31.2
0fc06013-7c1c-4231-ba37-e73ddd4fdd75,26/04/2016,Apr-16,4,2016,KLEINPLAATS,Minor Dam,1301,6.7,405.9,31.2
3e86590f-b316-45c1-81e4-7d5360aa9130,27/04/2016,Apr-16,4,2016,KLEINPLAATS,Minor Dam,1301,6.7,405.9,31.2
0c1d662b-03c8-4241-9ce7-09e95519cc39,28/04/2016,Apr-16,4,2016,KLEINPLAATS,Minor Dam,1301,6.7,405.9,31.2
13f89197-77d7-4593-97f7-947046d98f49,29/04/2016,Apr-16,4,2016,KLEINPLAATS,Minor Dam,1301,6.7,405.9,31.2
cea4ca1e-012e-4e3a-9e69-ff14396daf4f,30/04/2016,Apr-16,4,2016,KLEINPLAATS,Minor Dam,1301,6.7,405.9,31.2
e5514d70-84c1-496c-b04c-e56a0ee49bca,01/05/2016,May-16,5,2016,KLEINPLAATS,Minor Dam,1301,6.7,405.9,31.2
bef46982-d779-4a34-99b4-558255cd70eb,02/05/2016,May-16,5,2016,KLEINPLAATS,Minor Dam,1301,6.7,405.9,31.2
fdb73738-301d-42b1-b1d2-cf8f1ea5c354,03/05/2016,May-16,5,2016,KLEINPLAATS,Minor Dam,1301,6.7,405.9,31.2
5c3a353d-8dc4-4c0d-9738-176f6a5e70d2,04/05/2016,May-16,5,2016,KLEINPLAATS,Minor Dam,1301,6.7,405.9,31.2
f8f96778-d05e-47e0-89c6-9af4a39d2a2d,05/05/2016,May-16,5,2016,KLEINPLAATS,Minor Dam,1301,6.7,405.9,31.2
7ff9c265-82b6-418f-89f7-5bcdf84d82bd,06/05/2016,May-16,5,2016,KLEINPLAATS,Minor Dam,1301,6.7,405.9,31.2
474c660a-8ebf-4cd6-be2b-403724ad9911,07/05/2016,May-16,5,2016,KLEINPLAATS,Minor Dam,1301,6.7,405.9,31.2
0450d843-2a39-4b12-9c44-0d55066ae599,08/05/2016,May-16,5,2016,KLEINPLAATS,Minor Dam,1301,6.7,405.9,31.2
a7e33609-2265-4307-9f57-a4cc23cf26a6,09/05/2016,May-16,5,2016,KLEINPLAATS,Minor Dam,1301,6.7,405.9,31.2
fa654bd3-38f9-43aa-9445-5601c3607884,10/05/2016,May-16,5,2016,KLEINPLAATS,Minor Dam,1301,6.7,405.9,31.2
8d75671a-5570-4d5a-bef9-a5fc0153d2b0,11/05/2016,May-16,5,2016,KLEINPLAATS,Minor Dam,1301,6.7,405.9,31.2
f769f622-14af-4a11-9620-36c9c4735084,12/05/2016,May-16,5,2016,KLEINPLAATS,Minor Dam,1301,6.7,405.9,31.2
5483d131-dbf6-4912-8a35-72c4da90713a,13/05/2016,May-16,5,2016,KLEINPLAATS,Minor Dam,1301,6.7,405.9,31.2
c8c6c1a0-ec93-4955-ad3a-0d8753cec128,14/05/2016,May-16,5,2016,KLEINPLAATS,Minor Dam,1301,6.69,404.5,31.09
ce9b826c-c2ce-4a20-ad38-0187b36c9c74,15/05/2016,May-16,5,2016,KLEINPLAATS,Minor Dam,1301,6.67,401.9,30.89
52500f05-0451-4a34-ab1b-6fe9ae44eda9,16/05/2016,May-16,5,2016,KLEINPLAATS,Minor Dam,1301,6.65,399.3,30.69
562c8931-ce33-44c8-beb0-612072ffc89c,17/05/2016,May-16,5,2016,KLEINPLAATS,Minor Dam,1301,6.63,396.6,30.48
3d3eb110-99b2-4ddf-b76e-1084f4d47c65,18/05/2016,May-16,5,2016,KLEINPLAATS,Minor Dam,1301,6.63,396.6,30.48
0e3266c1-b0f7-405f-a385-cea9e608e2cc,19/05/2016,May-16,5,2016,KLEINPLAATS,Minor Dam,1301,6.65,399.3,30.69
e8ac34f9-d6f0-4eb0-90b2-fe37b01e1841,20/05/2016,May-16,5,2016,KLEINPLAATS,Minor Dam,1301,6.65,399.3,30.69
1332e0f9-9536-44e1-9d4d-6766201449b2,21/05/2016,May-16,5,2016,KLEINPLAATS,Minor Dam,1301,6.65,399.3,30.69
943bf822-258f-4125-9b66-d4843cbb8322,22/05/2016,May-16,5,2016,KLEINPLAATS,Minor Dam,1301,6.62,395.3,30.38
79b52999-c10f-4a90-9b2d-eee3e74ab033,23/05/2016,May-16,5,2016,KLEINPLAATS,Minor Dam,1301,6.59,391.4,30.08
335ed56f-1218-4777-af45-bedfd94a20a6,24/05/2016,May-16,5,2016,KLEINPLAATS,Minor Dam,1301,6.63,396.6,30.48
471218ce-de31-466b-9bf1-7234344a19a8,25/05/2016,May-16,5,2016,KLEINPLAATS,Minor Dam,1301,6.63,396.6,30.48
a8ffa976-ea11-4ffa-8697-972804168941,26/05/2016,May-16,5,2016,KLEINPLAATS,Minor Dam,1301,6.63,396.6,30.48
ccd6a65a-bdd7-4f56-bfff-c2ec233966eb,27/05/2016,May-16,5,2016,KLEINPLAATS,Minor Dam,1301,6.6,392.7,30.18
a07fcdeb-b49f-4072-9c83-29a396e4201c,28/05/2016,May-16,5,2016,KLEINPLAATS,Minor Dam,1301,6.6,392.7,30.18
8a5d52a9-ca7c-48f3-b120-78031a060930,29/05/2016,May-16,5,2016,KLEINPLAATS,Minor Dam,1301,6.6,392.7,30.18
6dc108e1-69b6-495c-bfe2-878c3bf0f3d8,30/05/2016,May-16,5,2016,KLEINPLAATS,Minor Dam,1301,6.6,392.7,30.18
3d084cad-e85b-45ec-8e35-19e19a62c7fd,31/05/2016,May-16,5,2016,KLEINPLAATS,Minor Dam,1301,6.62,395.3,30.38
ff3922d3-dee5-4a8d-a18a-86b2f6fe8ea3,01/06/2016,Jun-16,6,2016,KLEINPLAATS,Minor Dam,1301,6.62,395.3,30.38
33e10714-a35f-4cc2-90ef-f52867e281f6,02/06/2016,Jun-16,6,2016,KLEINPLAATS,Minor Dam,1301,6.62,395.3,30.38
f4139dc8-4f75-43de-a509-e79c7112b603,03/06/2016,Jun-16,6,2016,KLEINPLAATS,Minor Dam,1301,6.62,395.3,30.38
aa71c50d-41ec-474a-a42b-7fd09bf6870e,04/06/2016,Jun-16,6,2016,KLEINPLAATS,Minor Dam,1301,6.63,396.6,30.48
1fbf0a13-22bf-4eab-bd4c-ee0124c02f13,05/06/2016,Jun-16,6,2016,KLEINPLAATS,Minor Dam,1301,6.63,396.6,30.48
7e903f7d-adf1-4ca6-b544-ded21d8ff7b2,06/06/2016,Jun-16,6,2016,KLEINPLAATS,Minor Dam,1301,6.63,396.6,30.48
115ec985-fbc2-4569-9955-9f3c57abe360,07/06/2016,Jun-16,6,2016,KLEINPLAATS,Minor Dam,1301,6.62,395.3,30.38
fede5385-519b-422e-8a7a-0da1bd5b5da3,08/06/2016,Jun-16,6,2016,KLEINPLAATS,Minor Dam,1301,6.62,395.3,30.38
195bf980-17ee-43eb-a8f7-a27558003295,09/06/2016,Jun-16,6,2016,KLEINPLAATS,Minor Dam,1301,6.62,395.3,30.38
229edd30-7e23-48df-b890-20987c429769,10/06/2016,Jun-16,6,2016,KLEINPLAATS,Minor Dam,1301,6.62,395.3,30.38
7c9c2556-0b78-415c-8881-5e60eea511e6,11/06/2016,Jun-16,6,2016,KLEINPLAATS,Minor Dam,1301,6.62,395.3,30.38
db00de71-67c6-4387-9205-510fcf9c6547,12/06/2016,Jun-16,6,2016,KLEINPLAATS,Minor Dam,1301,6.68,403.2,30.99
eec34591-7235-4180-aa8f-152b9308a194,13/06/2016,Jun-16,6,2016,KLEINPLAATS,Minor Dam,1301,6.68,403.2,30.99
e027aaee-0d21-4dbf-9660-78630b4ac62a,14/06/2016,Jun-16,6,2016,KLEINPLAATS,Minor Dam,1301,6.72,408.5,31.4
25fca03d-a003-4c89-9f97-787733478cab,15/06/2016,Jun-16,6,2016,KLEINPLAATS,Minor Dam,1301,6.75,412.5,31.71
04172189-dc4c-45d6-b5fc-93842da89c73,16/06/2016,Jun-16,6,2016,KLEINPLAATS,Minor Dam,1301,6.88,430.1,33.06
2a1fbdd8-007d-4feb-9142-4f2a12b31e47,17/06/2016,Jun-16,6,2016,KLEINPLAATS,Minor Dam,1301,6.98,443.8,34.11
e49f2112-35b0-4436-9dc6-53fda7d02c7d,18/06/2016,Jun-16,6,2016,KLEINPLAATS,Minor Dam,1301,7.05,453.6,34.87
75144c36-5742-422a-95be-02bb0ac23826,19/06/2016,Jun-16,6,2016,KLEINPLAATS,Minor Dam,1301,7.15,467.9,35.96
a49868ea-8df8-42f3-aef3-b4823d8c02be,20/06/2016,Jun-16,6,2016,KLEINPLAATS,Minor Dam,1301,7.32,492.9,37.89
e651d206-d6cf-4392-a68f-22ae5757ed33,21/06/2016,Jun-16,6,2016,KLEINPLAATS,Minor Dam,1301,7.45,512.5,39.39
aeb41331-a6cf-47b5-8989-00a359c084f0,22/06/2016,Jun-16,6,2016,KLEINPLAATS,Minor Dam,1301,7.55,527.9,40.58
b726805f-d044-4712-b741-b3ba731f7c58,23/06/2016,Jun-16,6,2016,KLEINPLAATS,Minor Dam,1301,7.65,543.5,41.78
c47990a8-288b-4e43-8b6e-bb49fad2fd9b,24/06/2016,Jun-16,6,2016,KLEINPLAATS,Minor Dam,1301,7.72,554.6,42.63
4f45a685-0bf5-41df-b099-cc07dd922094,25/06/2016,Jun-16,6,2016,KLEINPLAATS,Minor Dam,1301,7.78,564.2,43.37
1bb3ba21-fd96-4e38-a9bc-0ac6877d7278,26/06/2016,Jun-16,6,2016,KLEINPLAATS,Minor Dam,1301,7.85,575.5,44.24
90298653-54ec-48e2-a479-48a533afc060,27/06/2016,Jun-16,6,2016,KLEINPLAATS,Minor Dam,1301,7.9,583.7,44.87
b07de76b-4fe9-40ee-97cd-952799ee5038,28/06/2016,Jun-16,6,2016,KLEINPLAATS,Minor Dam,1301,7.97,595.2,45.75
80c6970a-d7fa-4ece-98d7-33523b3d462e,29/06/2016,Jun-16,6,2016,KLEINPLAATS,Minor Dam,1301,8,600.2,46.13
7b4e9186-4fb9-40c4-9982-0d38024bec81,30/06/2016,Jun-16,6,2016,KLEINPLAATS,Minor Dam,1301,8,600.2,46.13
c00d8e62-e6f7-483a-8975-47522387a70f,01/07/2016,Jul-16,7,2016,KLEINPLAATS,Minor Dam,1301,8.1,616.9,47.42
7288c48c-8ea5-4e33-b55f-5626e711dc69,02/07/2016,Jul-16,7,2016,KLEINPLAATS,Minor Dam,1301,8.1,616.9,47.42
37680f36-c31f-4a60-beea-5bc6467df8bf,03/07/2016,Jul-16,7,2016,KLEINPLAATS,Minor Dam,1301,8.2,633.9,48.72
53137e74-087a-4f9a-a91d-17bea11cfc61,04/07/2016,Jul-16,7,2016,KLEINPLAATS,Minor Dam,1301,8.25,642.6,49.39
305da130-781a-44fd-9e93-ecba75e171db,05/07/2016,Jul-16,7,2016,KLEINPLAATS,Minor Dam,1301,8.25,642.6,49.39
5e3f3743-d4e3-4d6f-b7fe-868a4d99af72,06/07/2016,Jul-16,7,2016,KLEINPLAATS,Minor Dam,1301,8.35,659.9,50.72
24ab288b-0831-4027-8430-2c6f1d2f89c3,07/07/2016,Jul-16,7,2016,KLEINPLAATS,Minor Dam,1301,8.45,677.6,52.08
9917c420-65a4-4d53-b247-83a76d51a4ac,08/07/2016,Jul-16,7,2016,KLEINPLAATS,Minor Dam,1301,8.48,682.9,52.49
5ea81b0f-c1ad-40de-aac7-2fbec71ac0ee,09/07/2016,Jul-16,7,2016,KLEINPLAATS,Minor Dam,1301,8.5,686.5,52.77
07934823-1012-4701-9ee9-081324d975fa,10/07/2016,Jul-16,7,2016,KLEINPLAATS,Minor Dam,1301,8.55,695.5,53.46
7a9bff38-573a-438f-a2e8-d697d906edaf,11/07/2016,Jul-16,7,2016,KLEINPLAATS,Minor Dam,1301,8.6,704.5,54.15
a6dc8fdc-e57e-4e00-a365-38cc1687d7df,12/07/2016,Jul-16,7,2016,KLEINPLAATS,Minor Dam,1301,8.6,704.5,54.15
c4df8a00-094a-41f6-b47b-5a23b01f1595,13/07/2016,Jul-16,7,2016,KLEINPLAATS,Minor Dam,1301,8.63,710.3,54.6
3bcbeecb-12d5-4406-90cf-e21f0b568c92,14/07/2016,Jul-16,7,2016,KLEINPLAATS,Minor Dam,1301,8.65,714.2,54.9
75a72f36-08cd-482c-8ab1-6e68dd877a83,15/07/2016,Jul-16,7,2016,KLEINPLAATS,Minor Dam,1301,8.67,718.1,55.2
3c6c527a-e247-48b8-97ce-28e33cf5da6d,16/07/2016,Jul-16,7,2016,KLEINPLAATS,Minor Dam,1301,8.68,720.1,55.35
d29f53ad-f3c5-4498-af7c-8eb536b4c633,17/07/2016,Jul-16,7,2016,KLEINPLAATS,Minor Dam,1301,8.7,724,55.65
d4f838b6-a73d-4e80-9478-e3c147f6c81b,18/07/2016,Jul-16,7,2016,KLEINPLAATS,Minor Dam,1301,8.72,727.9,55.95
554d3e22-f60b-496d-997c-58b9324783b9,19/07/2016,Jul-16,7,2016,KLEINPLAATS,Minor Dam,1301,8.74,731.9,56.26
de1248c1-8243-4d44-b6eb-b3269188a5e7,20/07/2016,Jul-16,7,2016,KLEINPLAATS,Minor Dam,1301,8.8,743.8,57.17
3ffdf083-1fdb-4309-95b2-862b039096ab,21/07/2016,Jul-16,7,2016,KLEINPLAATS,Minor Dam,1301,8.9,763.9,58.72
22c09e9a-0387-4232-bc69-684a5c75d964,22/07/2016,Jul-16,7,2016,KLEINPLAATS,Minor Dam,1301,9,784.4,60.29
7e20e3da-2f74-416e-9ce3-d98d9a406d2e,23/07/2016,Jul-16,7,2016,KLEINPLAATS,Minor Dam,1301,9.08,800.9,61.56
4ef66baf-b2fa-4cae-8db4-b740654895a7,24/07/2016,Jul-16,7,2016,KLEINPLAATS,Minor Dam,1301,9.08,800.9,61.56
8ced7416-4253-49a4-9f95-0995146c90f3,25/07/2016,Jul-16,7,2016,KLEINPLAATS,Minor Dam,1301,9.1,805.1,61.88
be30f97d-1e74-4144-8788-6b580d8b0fc9,26/07/2016,Jul-16,7,2016,KLEINPLAATS,Minor Dam,1301,9.13,811.4,62.37
951c237a-1dbf-4c61-84d4-53e32f460227,27/07/2016,Jul-16,7,2016,KLEINPLAATS,Minor Dam,1301,9.45,880.2,67.66
c82da647-88e9-4658-9195-b8ef0d7f59f7,28/07/2016,Jul-16,7,2016,KLEINPLAATS,Minor Dam,1301,9.7,936.2,71.96
c5ac6245-0969-41ab-91f6-64b6dcdffd10,29/07/2016,Jul-16,7,2016,KLEINPLAATS,Minor Dam,1301,9.7,936.2,71.96
59f78636-10e2-4f86-8e54-fe39cab84894,30/07/2016,Jul-16,7,2016,KLEINPLAATS,Minor Dam,1301,9.8,959.1,73.72
8c7bc6b7-4f7b-4720-a816-f9874e38e009,31/07/2016,Jul-16,7,2016,KLEINPLAATS,Minor Dam,1301,9.9,982.4,75.51
e6c83fb6-7be3-4841-96c2-4b94a7847b03,01/08/2016,Aug-16,8,2016,KLEINPLAATS,Minor Dam,1301,9.95,994.2,76.42
bc363f4f-3c78-495c-8520-bd36c8feee49,02/08/2016,Aug-16,8,2016,KLEINPLAATS,Minor Dam,1301,10,1006,77.33
270cc0d1-5899-4ef3-b113-dea9e8d7f505,03/08/2016,Aug-16,8,2016,KLEINPLAATS,Minor Dam,1301,10.05,1017.9,78.24
50445030-94be-44ec-8363-658191a72bf5,04/08/2016,Aug-16,8,2016,KLEINPLAATS,Minor Dam,1301,10.15,1042.7,80.15
cfe19d98-2fe7-4c33-8d50-0591dfe4ef4c,05/08/2016,Aug-16,8,2016,KLEINPLAATS,Minor Dam,1301,10.18,1050.4,80.74
ad4e4b8c-6f26-4fdf-8b49-9634d0f355a5,06/08/2016,Aug-16,8,2016,KLEINPLAATS,Minor Dam,1301,10.25,1068.5,82.13
3e7bbe88-ae69-4d90-9216-b04a623d1087,07/08/2016,Aug-16,8,2016,KLEINPLAATS,Minor Dam,1301,10.25,1068.5,82.13
95860a02-1cf1-4701-b9ff-193b86d80ab3,08/08/2016,Aug-16,8,2016,KLEINPLAATS,Minor Dam,1301,10.28,1076.3,82.73
99d4c57d-4bb4-46f1-9e14-80d8d08e0fe5,09/08/2016,Aug-16,8,2016,KLEINPLAATS,Minor Dam,1301,10.3,1081.6,83.14
308a5822-4363-4b67-bdc0-711e9f7cc1a0,10/08/2016,Aug-16,8,2016,KLEINPLAATS,Minor Dam,1301,10.45,1121.3,86.19
67bf5c59-de0d-49a6-b243-fb7c5bd026e6,11/08/2016,Aug-16,8,2016,KLEINPLAATS,Minor Dam,1301,10.47,1126.7,86.6
85180004-89e4-4d48-8037-9b7882026905,12/08/2016,Aug-16,8,2016,KLEINPLAATS,Minor Dam,1301,10.5,1134.7,87.22
6888c3bb-ef3c-496f-ac6c-b13184c384ef,13/08/2016,Aug-16,8,2016,KLEINPLAATS,Minor Dam,1301,10.5,1134.7,87.22
b0fadd03-8a2e-405c-b4bb-ee0c3ea261eb,14/08/2016,Aug-16,8,2016,KLEINPLAATS,Minor Dam,1301,10.5,1134.7,87.22
59d3edd6-96bd-404c-89ca-7d23e413c845,15/08/2016,Aug-16,8,2016,KLEINPLAATS,Minor Dam,1301,10.55,1148.3,88.26
4ce5c6dd-dbfe-4917-bbf9-9883ef044d06,16/08/2016,Aug-16,8,2016,KLEINPLAATS,Minor Dam,1301,10.58,1156.4,88.89
d881969c-995b-403d-a09b-08324db305a0,17/08/2016,Aug-16,8,2016,KLEINPLAATS,Minor Dam,1301,10.6,1161.9,89.31
fe4d75de-7711-41bb-9010-ec85a6979cb8,18/08/2016,Aug-16,8,2016,KLEINPLAATS,Minor Dam,1301,10.65,1175.6,90.36
f235df63-5ed7-4241-9bd4-5892b51d1c9a,19/08/2016,Aug-16,8,2016,KLEINPLAATS,Minor Dam,1301,10.68,1183.9,91
08d72fcc-eccd-46f7-a112-ada6270d13c4,20/08/2016,Aug-16,8,2016,KLEINPLAATS,Minor Dam,1301,10.71,1192.2,91.64
bb1c325a-264a-4720-81b3-8b4ff34ffa0b,21/08/2016,Aug-16,8,2016,KLEINPLAATS,Minor Dam,1301,10.76,1206.2,92.71
b9477641-e157-47c9-bc6f-2b117c5cbc5c,22/08/2016,Aug-16,8,2016,KLEINPLAATS,Minor Dam,1301,10.8,1217.4,93.57
614ff00d-43cb-4721-a546-5b40886879b7,23/08/2016,Aug-16,8,2016,KLEINPLAATS,Minor Dam,1301,10.82,1223,94
d03bed49-b2dc-4593-930c-14d5e2c85f0f,24/08/2016,Aug-16,8,2016,KLEINPLAATS,Minor Dam,1301,10.89,1242.9,95.53
56b0715a-78d7-47d6-b474-ee87e9adfcd3,25/08/2016,Aug-16,8,2016,KLEINPLAATS,Minor Dam,1301,10.89,1242.9,95.53
de91347d-9c97-4dfa-94a8-2a519b1ac35a,26/08/2016,Aug-16,8,2016,KLEINPLAATS,Minor Dam,1301,10.89,1242.9,95.53
95d39f5b-c838-4818-afbc-656cce7fa90c,27/08/2016,Aug-16,8,2016,KLEINPLAATS,Minor Dam,1301,10.89,1242.9,95.53
0154e92d-04ef-4add-913d-e88a961fb4db,28/08/2016,Aug-16,8,2016,KLEINPLAATS,Minor Dam,1301,10.88,1240,95.31
2c9abf1e-c1aa-4c6d-8798-256d3459f38d,29/08/2016,Aug-16,8,2016,KLEINPLAATS,Minor Dam,1301,10.88,1240,95.31
3abc56c0-faf1-4ddc-96c5-1815ed839d4a,30/08/2016,Aug-16,8,2016,KLEINPLAATS,Minor Dam,1301,10.88,1240,95.31
a56b82d0-a805-4ad7-8b6b-bee55328828b,31/08/2016,Aug-16,8,2016,KLEINPLAATS,Minor Dam,1301,10.88,1240,95.31
12cb1a48-ad30-4be5-94e3-0eef9cc54648,01/09/2016,Sep-16,9,2016,KLEINPLAATS,Minor Dam,1301,10.88,1240,95.31
f4409d9e-87d5-4ffb-8a6b-2b3e209e37fc,02/09/2016,Sep-16,9,2016,KLEINPLAATS,Minor Dam,1301,10.88,1240,95.31
fdb6539b-e7fd-423a-b642-4e460f985d47,03/09/2016,Sep-16,9,2016,KLEINPLAATS,Minor Dam,1301,10.88,1240,95.31
f8f5553f-a7d4-42cb-9203-0ac070228fc2,04/09/2016,Sep-16,9,2016,KLEINPLAATS,Minor Dam,1301,10.88,1240,95.31
c90544ed-72b2-450b-b5c7-785e5a8e529a,05/09/2016,Sep-16,9,2016,KLEINPLAATS,Minor Dam,1301,10.88,1240,95.31
b1acca68-42eb-4986-9c1d-7bc5b7aaff9c,06/09/2016,Sep-16,9,2016,KLEINPLAATS,Minor Dam,1301,10.9,1245.7,95.75
f4f80cc4-0375-4f8c-ab44-44faaae4b32e,07/09/2016,Sep-16,9,2016,KLEINPLAATS,Minor Dam,1301,10.92,1251.4,96.19
e7fa6a2f-5528-4687-acb5-d99b63ba4ce1,08/09/2016,Sep-16,9,2016,KLEINPLAATS,Minor Dam,1301,10.9,1245.7,95.75
0ed797f3-0f81-4374-8915-fe34d2a95d8c,09/09/2016,Sep-16,9,2016,KLEINPLAATS,Minor Dam,1301,10.9,1245.7,95.75
f79034eb-6051-4101-8b79-053d79f54e36,10/09/2016,Sep-16,9,2016,KLEINPLAATS,Minor Dam,1301,10.9,1245.7,95.75
aa577514-2e26-447b-bde4-911121f607d4,11/09/2016,Sep-16,9,2016,KLEINPLAATS,Minor Dam,1301,10.9,1245.7,95.75
62846048-f291-4990-9f81-fa536bde5b35,12/09/2016,Sep-16,9,2016,KLEINPLAATS,Minor Dam,1301,10.9,1245.7,95.75
98864495-033c-41e4-9eff-dd5029d38a36,13/09/2016,Sep-16,9,2016,KLEINPLAATS,Minor Dam,1301,10.9,1245.7,95.75
eef62f72-f026-45cd-86b9-fafdfeff075b,14/09/2016,Sep-16,9,2016,KLEINPLAATS,Minor Dam,1301,10.9,1245.7,95.75
864398bb-c18c-4f43-bc00-a3b6c4b78e37,15/09/2016,Sep-16,9,2016,KLEINPLAATS,Minor Dam,1301,10.9,1245.7,95.75
3e2c7ec2-963e-48b2-82d1-4837e7aa8e9d,16/09/2016,Sep-16,9,2016,KLEINPLAATS,Minor Dam,1301,10.92,1251.4,96.19
4859070d-d5dd-433d-bb7b-f2fd96a23053,17/09/2016,Sep-16,9,2016,KLEINPLAATS,Minor Dam,1301,11,1274.5,97.96
5c53d625-d558-4c92-a1b1-0f48b751591a,18/09/2016,Sep-16,9,2016,KLEINPLAATS,Minor Dam,1301,11,1274.5,97.96
15ec8e68-bb56-4e66-930f-ae20f6b76726,19/09/2016,Sep-16,9,2016,KLEINPLAATS,Minor Dam,1301,11,1274.5,97.96
0158e3b9-2dfa-4a05-9aae-6e46fdbc3982,20/09/2016,Sep-16,9,2016,KLEINPLAATS,Minor Dam,1301,10.98,1268.7,97.52
878202cb-725b-434b-9e6d-87804bd0b9cf,21/09/2016,Sep-16,9,2016,KLEINPLAATS,Minor Dam,1301,10.98,1268.7,97.52
8d4948bd-66b5-48da-86ea-c5f422c2af64,22/09/2016,Sep-16,9,2016,KLEINPLAATS,Minor Dam,1301,10.98,1268.7,97.52
b9364485-a0b3-4dd0-ad8e-cceef3ed3e00,23/09/2016,Sep-16,9,2016,KLEINPLAATS,Minor Dam,1301,10.98,1268.7,97.52
0d165c72-456f-4d1d-8b65-c5c6eb234ec6,24/09/2016,Sep-16,9,2016,KLEINPLAATS,Minor Dam,1301,10.98,1268.7,97.52
50db2754-7b9f-46f9-a549-521ce993f143,25/09/2016,Sep-16,9,2016,KLEINPLAATS,Minor Dam,1301,10.98,1268.7,97.52
5a5180b3-ff60-4d97-b043-62d0261641e0,26/09/2016,Sep-16,9,2016,KLEINPLAATS,Minor Dam,1301,10.98,1268.7,97.52
2bc7110f-16b3-4a37-81f4-c5f9033fd0ec,27/09/2016,Sep-16,9,2016,KLEINPLAATS,Minor Dam,1301,10.98,1268.7,97.52
fff0a5e6-5830-4199-a5bd-cf6e5bbad852,28/09/2016,Sep-16,9,2016,KLEINPLAATS,Minor Dam,1301,11.04,1286,98.85
0644b7bf-04bb-4d23-b65e-70e4c47cf193,29/09/2016,Sep-16,9,2016,KLEINPLAATS,Minor Dam,1301,11.15,1318.3,101.33
e9cd1742-8ebc-4477-a12e-274b07890e52,30/09/2016,Sep-16,9,2016,KLEINPLAATS,Minor Dam,1301,11.1,1303.6,100.2
d6e10448-5d03-485c-b326-1ee2344983b5,01/10/2016,Oct-16,10,2016,KLEINPLAATS,Minor Dam,1301,11,1274.5,97.96
2972f670-69ea-471f-858a-0a2c48491da2,02/10/2016,Oct-16,10,2016,KLEINPLAATS,Minor Dam,1301,11.02,1280.2,98.4
556e17e9-139c-47a7-8142-08dc1c00d2ce,03/10/2016,Oct-16,10,2016,KLEINPLAATS,Minor Dam,1301,11.02,1280.2,98.4
5cae3a0a-d4af-48be-949e-fa956acfa389,04/10/2016,Oct-16,10,2016,KLEINPLAATS,Minor Dam,1301,11.02,1280.2,98.4
15083c3c-ee84-4988-994f-03fe6b3745c5,05/10/2016,Oct-16,10,2016,KLEINPLAATS,Minor Dam,1301,11.02,1280.2,98.4
b7d8c8b9-40cf-481b-addf-5710e2e67a0b,06/10/2016,Oct-16,10,2016,KLEINPLAATS,Minor Dam,1301,11,1274.5,97.96
4012d326-b30c-46a0-be45-1765b3770298,07/10/2016,Oct-16,10,2016,KLEINPLAATS,Minor Dam,1301,10.95,1260,96.85
ea4af4bd-6fb9-4585-87c9-4cedde34ea70,08/10/2016,Oct-16,10,2016,KLEINPLAATS,Minor Dam,1301,10.9,1245.7,95.75
83a67d3f-287a-42ac-b471-85f1310b9979,09/10/2016,Oct-16,10,2016,KLEINPLAATS,Minor Dam,1301,10.85,1231.5,94.66
d62b5bb2-3fb7-4046-9894-5ac8b8d343a8,10/10/2016,Oct-16,10,2016,KLEINPLAATS,Minor Dam,1301,10.78,1211.8,93.14
58ff9b76-cc26-4bb3-86e9-cb11d63dc10f,11/10/2016,Oct-16,10,2016,KLEINPLAATS,Minor Dam,1301,10.7,1189.5,91.43
1de0748a-20a4-474f-a793-d18e8cdfd635,12/10/2016,Oct-16,10,2016,KLEINPLAATS,Minor Dam,1301,10.7,1189.5,91.43
eed1597f-130e-4683-9267-b7325d671a01,13/10/2016,Oct-16,10,2016,KLEINPLAATS,Minor Dam,1301,10.7,1189.5,91.43
2b0b4b88-f7ca-44ce-8731-ffda07b111ad,14/10/2016,Oct-16,10,2016,KLEINPLAATS,Minor Dam,1301,10.68,1183.9,91
c1eead1e-86aa-4ef1-b0a7-725087db4b56,15/10/2016,Oct-16,10,2016,KLEINPLAATS,Minor Dam,1301,10.68,1183.9,91
b8ebdbc5-842d-4743-9c2a-f52eac2c28c9,16/10/2016,Oct-16,10,2016,KLEINPLAATS,Minor Dam,1301,10.65,1175.6,90.36
0a0e4a8e-a046-4a41-85f0-d6b4f8fda028,17/10/2016,Oct-16,10,2016,KLEINPLAATS,Minor Dam,1301,10.6,1161.9,89.31
cac90bae-1c67-40cc-b31d-44008813c740,18/10/2016,Oct-16,10,2016,KLEINPLAATS,Minor Dam,1301,10.6,1161.9,89.31
22718e39-58cd-4928-9038-8c60723babf2,19/10/2016,Oct-16,10,2016,KLEINPLAATS,Minor Dam,1301,10.59,1159.2,89.1
6f1603e7-4bd4-41ff-b7e6-20709345dd2e,20/10/2016,Oct-16,10,2016,KLEINPLAATS,Minor Dam,1301,10.59,1159.2,89.1
9afeaf9a-5acf-421b-8690-3ce289ade399,21/10/2016,Oct-16,10,2016,KLEINPLAATS,Minor Dam,1301,10.59,1159.2,89.1
e930962c-e403-45f1-bb9a-041dc1951010,22/10/2016,Oct-16,10,2016,KLEINPLAATS,Minor Dam,1301,10.55,1148.3,88.26
b311492f-ad2b-44a6-8389-e1b73d6c0752,23/10/2016,Oct-16,10,2016,KLEINPLAATS,Minor Dam,1301,10.55,1148.3,88.26
4a50b805-5811-4e8f-b88e-a1b28602c33d,24/10/2016,Oct-16,10,2016,KLEINPLAATS,Minor Dam,1301,10.55,1148.3,88.26
6a7a1505-fcb3-43a9-a8ef-81d57bfc07db,25/10/2016,Oct-16,10,2016,KLEINPLAATS,Minor Dam,1301,10.52,1140.1,87.63
4e0f9ceb-4fa4-4040-b025-28d955dadc43,26/10/2016,Oct-16,10,2016,KLEINPLAATS,Minor Dam,1301,10.5,1134.7,87.22
24224221-36d3-4f9c-b3aa-65450d6b7d08,27/10/2016,Oct-16,10,2016,KLEINPLAATS,Minor Dam,1301,10.49,1132,87.01
a5d5be90-bb6d-404a-ac82-fefeb49087a2,28/10/2016,Oct-16,10,2016,KLEINPLAATS,Minor Dam,1301,10.49,1132,87.01
32bc14c7-b4a0-4f13-9112-1554afdb4940,29/10/2016,Oct-16,10,2016,KLEINPLAATS,Minor Dam,1301,10.45,1121.3,86.19
fe235f9d-120c-4428-b3c3-c5bf61a6b2e4,30/10/2016,Oct-16,10,2016,KLEINPLAATS,Minor Dam,1301,10.42,1113.3,85.57
f84e6b3d-a0b9-42be-8dd8-d51a2cd8e12e,31/10/2016,Oct-16,10,2016,KLEINPLAATS,Minor Dam,1301,10.42,1113.3,85.57
85bdf176-0462-49f2-8821-4ce86f4441bf,01/11/2016,Nov-16,11,2016,KLEINPLAATS,Minor Dam,1301,10.1,1029.9,79.16
ad031f5f-5a4e-4ffa-baaf-d25ff3fb6664,02/11/2016,Nov-16,11,2016,KLEINPLAATS,Minor Dam,1301,10.4,1108,85.17
3ec5b848-4003-4563-9a44-30135bc04260,03/11/2016,Nov-16,11,2016,KLEINPLAATS,Minor Dam,1301,10.4,1108,85.17
638b7653-c526-4300-93f7-d94fa1e06181,04/11/2016,Nov-16,11,2016,KLEINPLAATS,Minor Dam,1301,10.38,1102.7,84.76
571556e6-4784-4637-ae75-5585d2659f55,05/11/2016,Nov-16,11,2016,KLEINPLAATS,Minor Dam,1301,10.35,1094.7,84.14
0f650b5f-912e-4e4f-9179-2410c3b4bf2c,06/11/2016,Nov-16,11,2016,KLEINPLAATS,Minor Dam,1301,10.32,1086.8,83.54
fa980f15-1ce8-48c2-999e-54e0e6b3c272,07/11/2016,Nov-16,11,2016,KLEINPLAATS,Minor Dam,1301,10.3,1081.6,83.14
14a0bb66-e882-46cd-8df3-92cd688a7c8d,08/11/2016,Nov-16,11,2016,KLEINPLAATS,Minor Dam,1301,10.28,1076.3,82.73
c87481c7-ffbe-4050-b335-9db22b2d69e6,09/11/2016,Nov-16,11,2016,KLEINPLAATS,Minor Dam,1301,10.25,1068.5,82.13
628bfa2c-60f9-4c61-a81f-3bec3bbdb8f8,10/11/2016,Nov-16,11,2016,KLEINPLAATS,Minor Dam,1301,10.23,1063.3,81.73
6b9a2cc9-8633-498b-bd8d-fb9c4fe3b874,11/11/2016,Nov-16,11,2016,KLEINPLAATS,Minor Dam,1301,10.23,1063.3,81.73
98c3ab91-eae0-4430-9dd8-c70188288451,12/11/2016,Nov-16,11,2016,KLEINPLAATS,Minor Dam,1301,10.18,1050.4,80.74
be5fa8d4-30c1-43ab-8082-c666eb03127d,13/11/2016,Nov-16,11,2016,KLEINPLAATS,Minor Dam,1301,10.18,1050.4,80.74
b4f16dab-895d-43c0-b2ee-02f913acf2e7,14/11/2016,Nov-16,11,2016,KLEINPLAATS,Minor Dam,1301,10.15,1042.7,80.15
68e2a5b0-a96d-4188-bbb8-0432ec8a0352,15/11/2016,Nov-16,11,2016,KLEINPLAATS,Minor Dam,1301,10.12,1035,79.55
afa901bb-f9d3-4762-b458-02e0257c7211,16/11/2016,Nov-16,11,2016,KLEINPLAATS,Minor Dam,1301,10.1,1029.9,79.16
52075417-1471-45e5-8ee1-51a71c5f0b11,17/11/2016,Nov-16,11,2016,KLEINPLAATS,Minor Dam,1301,10.1,1029.9,79.16
f27aa6ba-6a52-4ea8-86dc-7afa37bbdf96,18/11/2016,Nov-16,11,2016,KLEINPLAATS,Minor Dam,1301,10.07,1022.7,78.61
f47cf891-a910-4420-b95a-4109d3662f73,19/11/2016,Nov-16,11,2016,KLEINPLAATS,Minor Dam,1301,10.05,1017.9,78.24
f4018022-ff84-41bd-a36b-dc07adb65f8f,20/11/2016,Nov-16,11,2016,KLEINPLAATS,Minor Dam,1301,10.05,1017.9,78.24
19534ee7-f77f-484d-8d06-9005c1f960b0,21/11/2016,Nov-16,11,2016,KLEINPLAATS,Minor Dam,1301,10,1006,77.33
71746d32-73be-407d-9d13-bb56862a8380,22/11/2016,Nov-16,11,2016,KLEINPLAATS,Minor Dam,1301,9.99,1003.6,77.14
dbed2951-bcda-4fb5-8eab-7c4f3e1a6151,23/11/2016,Nov-16,11,2016,KLEINPLAATS,Minor Dam,1301,9.99,1003.6,77.14
e50082aa-812c-46f1-b867-08628d66273b,24/11/2016,Nov-16,11,2016,KLEINPLAATS,Minor Dam,1301,9.98,1001.2,76.96
2d53be6c-4b18-4101-a159-2116cdb58bbd,25/11/2016,Nov-16,11,2016,KLEINPLAATS,Minor Dam,1301,9.95,994.2,76.42
18bf4d10-a188-413b-a1e3-fd809bec6b4d,26/11/2016,Nov-16,11,2016,KLEINPLAATS,Minor Dam,1301,9.95,994.2,76.42
5127e5fc-bab6-4fec-9a49-adf3030daf0c,27/11/2016,Nov-16,11,2016,KLEINPLAATS,Minor Dam,1301,9.85,970.7,74.61
e7bd155e-a89f-478d-9ebe-ee52b334e6f4,28/11/2016,Nov-16,11,2016,KLEINPLAATS,Minor Dam,1301,9.85,970.7,74.61
526ff3f8-d9d1-4d7a-99d3-376d80aa8bc0,29/11/2016,Nov-16,11,2016,KLEINPLAATS,Minor Dam,1301,9.8,959.1,73.72
f21f0af2-ccff-4252-81a2-988ca70e51f3,30/11/2016,Nov-16,11,2016,KLEINPLAATS,Minor Dam,1301,9.78,954.5,73.37
ad13bffc-68a8-46cc-92bc-00ee0653f17b,01/12/2016,Dec-16,12,2016,KLEINPLAATS,Minor Dam,1301,9.75,947.6,72.84
14433a7c-82f5-4c74-9659-6df442606c06,02/12/2016,Dec-16,12,2016,KLEINPLAATS,Minor Dam,1301,9.75,947.6,72.84
ffb30558-95cd-43cb-a00e-543163fcec09,03/12/2016,Dec-16,12,2016,KLEINPLAATS,Minor Dam,1301,9.75,947.6,72.84
3891a56e-f824-4246-b9f0-989da110e410,04/12/2016,Dec-16,12,2016,KLEINPLAATS,Minor Dam,1301,9.65,924.8,71.08
c0bf00f4-4c3d-4820-a389-aebc9161168f,05/12/2016,Dec-16,12,2016,KLEINPLAATS,Minor Dam,1301,9.6,913.5,70.22
ab028db2-61af-48de-919b-34469f38916e,06/12/2016,Dec-16,12,2016,KLEINPLAATS,Minor Dam,1301,9.59,911.3,70.05
342c7119-8ee9-4c88-8533-891c0ea9d834,07/12/2016,Dec-16,12,2016,KLEINPLAATS,Minor Dam,1301,9.58,909,69.87
f9a6ea54-ae89-4808-ac7a-586fb12d8107,08/12/2016,Dec-16,12,2016,KLEINPLAATS,Minor Dam,1301,9.5,891.2,68.5
ffa1999b-74b7-423f-abdf-a9bcbc906b97,09/12/2016,Dec-16,12,2016,KLEINPLAATS,Minor Dam,1301,9.5,891.2,68.5
ed9929f7-90eb-4069-8ed1-d72c8f40426a,10/12/2016,Dec-16,12,2016,KLEINPLAATS,Minor Dam,1301,9.5,891.2,68.5
f1a623f6-d397-4569-b1eb-9b4b99f65421,11/12/2016,Dec-16,12,2016,KLEINPLAATS,Minor Dam,1301,9.48,886.8,68.16
0be6f00d-196b-4fd8-87ec-813587aa9ec0,12/12/2016,Dec-16,12,2016,KLEINPLAATS,Minor Dam,1301,9.44,878,67.49
a7b20ce9-c63c-46cb-8c63-59105b838465,13/12/2016,Dec-16,12,2016,KLEINPLAATS,Minor Dam,1301,9.4,869.2,66.81
4ddf55dc-cb5e-4fb3-a1b8-e55e3c705929,14/12/2016,Dec-16,12,2016,KLEINPLAATS,Minor Dam,1301,9.38,864.8,66.47
ce3bd862-b830-4bb7-86cc-4a3ef59d4f0c,15/12/2016,Dec-16,12,2016,KLEINPLAATS,Minor Dam,1301,9.35,858.3,65.97
f573a7ec-219c-4cdd-8b6e-ba6997ab6a23,16/12/2016,Dec-16,12,2016,KLEINPLAATS,Minor Dam,1301,9.32,851.8,65.47
72e88682-3b56-40a1-a3f7-5178d077ced4,17/12/2016,Dec-16,12,2016,KLEINPLAATS,Minor Dam,1301,9.3,847.5,65.14
65d5943c-33e5-4458-8c11-141fd5a43127,18/12/2016,Dec-16,12,2016,KLEINPLAATS,Minor Dam,1301,9.29,845.4,64.98
a4fc6e60-715e-448a-8596-f4e28d3ad0de,19/12/2016,Dec-16,12,2016,KLEINPLAATS,Minor Dam,1301,9.28,843.2,64.81
47f28815-58eb-429c-9ac9-730be50334b6,20/12/2016,Dec-16,12,2016,KLEINPLAATS,Minor Dam,1301,9.28,843.2,64.81
bafde776-47de-4f7d-a78d-790af5651a52,21/12/2016,Dec-16,12,2016,KLEINPLAATS,Minor Dam,1301,9.25,836.8,64.32
76b067c3-15a1-49e8-9426-ca0a80ec8dae,22/12/2016,Dec-16,12,2016,KLEINPLAATS,Minor Dam,1301,9.29,845.4,64.98
03c84e9b-8a2d-46c2-b6c8-e45571ce46f7,23/12/2016,Dec-16,12,2016,KLEINPLAATS,Minor Dam,1301,9.29,845.4,64.98
74c1a8bb-60a8-4e5b-abfe-f07763670ad5,24/12/2016,Dec-16,12,2016,KLEINPLAATS,Minor Dam,1301,9.3,847.5,65.14
92815e3c-e7cf-4402-8620-232a37da1c11,25/12/2016,Dec-16,12,2016,KLEINPLAATS,Minor Dam,1301,9.29,845.4,64.98
d1a1cc46-b05a-4acb-94a1-f5fbcfa40958,26/12/2016,Dec-16,12,2016,KLEINPLAATS,Minor Dam,1301,9.29,845.4,64.98
defbce80-0db1-4683-b1ce-4e870c0a8fa5,27/12/2016,Dec-16,12,2016,KLEINPLAATS,Minor Dam,1301,9.29,845.4,64.98
dc9aedb9-fc53-47a1-a045-16307748c770,28/12/2016,Dec-16,12,2016,KLEINPLAATS,Minor Dam,1301,9.16,817.7,62.85
3d6637e0-e38b-4bef-801a-18e40d073151,29/12/2016,Dec-16,12,2016,KLEINPLAATS,Minor Dam,1301,9.16,817.7,62.85
b5da5f01-8581-40a2-a776-c36e11bb6f24,30/12/2016,Dec-16,12,2016,KLEINPLAATS,Minor Dam,1301,9.14,813.5,62.53
02d0e276-7b01-4f24-ad41-818b55bb0970,31/12/2016,Dec-16,12,2016,KLEINPLAATS,Minor Dam,1301,9.1,805.1,61.88
9edc5fd0-2cb4-4abb-aff4-b11884b2aa96,01/01/2017,Jan-17,1,2017,KLEINPLAATS,Minor Dam,1301,9.1,805.1,61.88
d22a7d20-1164-49a5-9457-fefed2b1162d,02/01/2017,Jan-17,1,2017,KLEINPLAATS,Minor Dam,1301,9.09,803,61.72
2646aa06-2064-42b9-a0e6-d2f45debfc35,03/01/2017,Jan-17,1,2017,KLEINPLAATS,Minor Dam,1301,9.09,803,61.72
273b947a-a1b7-4c10-9b46-96eadeb0ba4a,04/01/2017,Jan-17,1,2017,KLEINPLAATS,Minor Dam,1301,9.07,798.8,61.4
2ee8b2eb-5e0c-4a64-b6f1-7f7ec8e2475f,05/01/2017,Jan-17,1,2017,KLEINPLAATS,Minor Dam,1301,9,784.4,60.29
5fb5fcd0-cef1-4b26-8d9e-380312a43184,06/01/2017,Jan-17,1,2017,KLEINPLAATS,Minor Dam,1301,9,784.4,60.29
dd7b862e-7926-4259-b25c-74c9e7f99070,07/01/2017,Jan-17,1,2017,KLEINPLAATS,Minor Dam,1301,8.99,782.3,60.13
9931f32a-42b4-4dce-bfbd-f382e052d4fe,08/01/2017,Jan-17,1,2017,KLEINPLAATS,Minor Dam,1301,8.98,780.2,59.97
070ebaf8-83c6-4c3b-850b-ac4e2710bc46,09/01/2017,Jan-17,1,2017,KLEINPLAATS,Minor Dam,1301,8.97,778.2,59.82
3ad92132-1a1b-4c94-8cba-d848af1ddf05,10/01/2017,Jan-17,1,2017,KLEINPLAATS,Minor Dam,1301,8.97,778.2,59.82
b2db6952-7134-4844-9a94-524e77886386,11/01/2017,Jan-17,1,2017,KLEINPLAATS,Minor Dam,1301,8.96,776.1,59.65
6e9a5658-bf1b-4cae-9fbd-7632f9958a84,12/01/2017,Jan-17,1,2017,KLEINPLAATS,Minor Dam,1301,8.9,763.9,58.72
3cde4c3d-b084-4f32-adfd-656894a0de8f,13/01/2017,Jan-17,1,2017,KLEINPLAATS,Minor Dam,1301,8.9,763.9,58.72
6319d384-b18c-404e-bbe4-e88e0f2ed62a,14/01/2017,Jan-17,1,2017,KLEINPLAATS,Minor Dam,1301,8.9,763.9,58.72
0f300e39-3353-4635-8689-b747297376e3,15/01/2017,Jan-17,1,2017,KLEINPLAATS,Minor Dam,1301,8.85,753.8,57.94
84026a0c-0bee-453c-ad6f-0ca5fbcce235,16/01/2017,Jan-17,1,2017,KLEINPLAATS,Minor Dam,1301,8.8,743.8,57.17
43f792a8-ce9b-441b-98fe-682892a98f6b,17/01/2017,Jan-17,1,2017,KLEINPLAATS,Minor Dam,1301,8.8,743.8,57.17
f8a0b7db-7e18-4ccb-941a-03e99df4ab6f,18/01/2017,Jan-17,1,2017,KLEINPLAATS,Minor Dam,1301,8.79,741.8,57.02
023f4525-125d-4ca9-ba32-88af2b5d9617,19/01/2017,Jan-17,1,2017,KLEINPLAATS,Minor Dam,1301,8.79,741.8,57.02
1abf987e-3305-4938-afbd-4c37cd9fc0e2,20/01/2017,Jan-17,1,2017,KLEINPLAATS,Minor Dam,1301,8.79,741.8,57.02
83a1f6e1-ad6c-4d69-a55c-d5e127a65520,21/01/2017,Jan-17,1,2017,KLEINPLAATS,Minor Dam,1301,8.65,714.2,54.9
aabe01e4-311d-4ba6-b038-783144ac8730,22/01/2017,Jan-17,1,2017,KLEINPLAATS,Minor Dam,1301,8.75,733.9,56.41
d095cf99-b7c0-4657-b3eb-37ccd812536c,23/01/2017,Jan-17,1,2017,KLEINPLAATS,Minor Dam,1301,8.75,733.9,56.41
564f781a-4e2b-4908-a15b-6cfdf1c0ee64,24/01/2017,Jan-17,1,2017,KLEINPLAATS,Minor Dam,1301,8.75,733.9,56.41
bb4738db-d8eb-4269-b26c-b37d67a34d7f,25/01/2017,Jan-17,1,2017,KLEINPLAATS,Minor Dam,1301,8.75,733.9,56.41
689185cc-d92c-433c-a1d9-f57bd8d65944,26/01/2017,Jan-17,1,2017,KLEINPLAATS,Minor Dam,1301,8.75,733.9,56.41
7f05de91-a667-4af6-aae0-9af93dfbdbf9,27/01/2017,Jan-17,1,2017,KLEINPLAATS,Minor Dam,1301,8.75,733.9,56.41
028c1e40-ed85-4a2a-a9c1-cd2fe0f90689,28/01/2017,Jan-17,1,2017,KLEINPLAATS,Minor Dam,1301,8.73,729.9,56.1
50c88887-254c-4e25-8bf8-b40f443ac3eb,29/01/2017,Jan-17,1,2017,KLEINPLAATS,Minor Dam,1301,8.72,727.9,55.95
95aea99d-0978-4053-b24c-c741738f99f8,30/01/2017,Jan-17,1,2017,KLEINPLAATS,Minor Dam,1301,8.7,724,55.65
0e89035b-577c-4b00-86b1-940fbcb3d6c1,31/01/2017,Jan-17,1,2017,KLEINPLAATS,Minor Dam,1301,8.68,720.1,55.35
92774cb1-f90f-48e4-8007-84e07fd77cb7,01/02/2017,Feb-17,2,2017,KLEINPLAATS,Minor Dam,1301,8.68,720.1,55.35
3abf250f-9f94-46aa-b41b-9b2dcc3094e0,02/02/2017,Feb-17,2,2017,KLEINPLAATS,Minor Dam,1301,8.65,714.2,54.9
9ae21124-34ad-4d77-a702-9607612d9a1a,03/02/2017,Feb-17,2,2017,KLEINPLAATS,Minor Dam,1301,8.65,714.2,54.9
57216930-d022-4aca-b0d8-164045394c12,04/02/2017,Feb-17,2,2017,KLEINPLAATS,Minor Dam,1301,8.6,704.5,54.15
6c2bb255-9081-4314-ba06-d7abd97046b7,05/02/2017,Feb-17,2,2017,KLEINPLAATS,Minor Dam,1301,8.6,704.5,54.15
9f0895b1-7508-470c-9c05-0477ead41a71,06/02/2017,Feb-17,2,2017,KLEINPLAATS,Minor Dam,1301,8.58,700.9,53.87
bf2022dc-3367-4116-bcc9-b6b004f57e95,07/02/2017,Feb-17,2,2017,KLEINPLAATS,Minor Dam,1301,8.55,695.5,53.46
ad5397e1-5581-4152-a0b7-31fc98dd3299,08/02/2017,Feb-17,2,2017,KLEINPLAATS,Minor Dam,1301,8.55,695.5,53.46
58431ddc-ef72-4641-b490-36abc2ca3439,09/02/2017,Feb-17,2,2017,KLEINPLAATS,Minor Dam,1301,8.52,690.1,53.04
bd1f7824-89b0-4a79-9d5b-250c564fe7bb,10/02/2017,Feb-17,2,2017,KLEINPLAATS,Minor Dam,1301,8.51,688.3,52.91
2af2de74-26f0-4497-85b3-0db656755f66,11/02/2017,Feb-17,2,2017,KLEINPLAATS,Minor Dam,1301,8.51,688.3,52.91
54dbee15-16ff-4e27-a195-cf411af98dac,12/02/2017,Feb-17,2,2017,KLEINPLAATS,Minor Dam,1301,8.51,688.3,52.91
c743eb46-2138-4bef-a68b-590de1fc68ba,13/02/2017,Feb-17,2,2017,KLEINPLAATS,Minor Dam,1301,8.48,682.9,52.49
715acfd8-9a62-411f-a4b0-3ef862b04eb0,14/02/2017,Feb-17,2,2017,KLEINPLAATS,Minor Dam,1301,8.5,686.5,52.77
29700ef5-f849-4d90-bb8a-31e63d00eb42,15/02/2017,Feb-17,2,2017,KLEINPLAATS,Minor Dam,1301,8.5,686.5,52.77
2799e90f-4228-468c-ad77-c64551c50690,16/02/2017,Feb-17,2,2017,KLEINPLAATS,Minor Dam,1301,8.5,686.5,52.77
e21412eb-933d-49a2-9772-7b02888f5040,17/02/2017,Feb-17,2,2017,KLEINPLAATS,Minor Dam,1301,8.45,677.6,52.08
0540a4cf-a893-42c4-acab-393a3b886502,18/02/2017,Feb-17,2,2017,KLEINPLAATS,Minor Dam,1301,8.45,677.6,52.08
256af4fc-5410-4799-a491-22342a004956,19/02/2017,Feb-17,2,2017,KLEINPLAATS,Minor Dam,1301,8.4,668.7,51.4
bc1f3729-99df-4b71-ac8c-d25f34e4185b,20/02/2017,Feb-17,2,2017,KLEINPLAATS,Minor Dam,1301,8.37,663.4,50.99
b8f8367d-a2f5-4e96-8548-f5f692cd49a1,21/02/2017,Feb-17,2,2017,KLEINPLAATS,Minor Dam,1301,8.37,663.4,50.99
80bbef38-1197-4a05-a223-834470a498b5,22/02/2017,Feb-17,2,2017,KLEINPLAATS,Minor Dam,1301,8.35,659.9,50.72
5239c49f-e250-4a71-920c-91c740dcdb9b,23/02/2017,Feb-17,2,2017,KLEINPLAATS,Minor Dam,1301,8.32,654.7,50.32
5ff3a1f3-f831-4b89-8b19-75e00ad15ed8,24/02/2017,Feb-17,2,2017,KLEINPLAATS,Minor Dam,1301,8.3,651.2,50.05
e8882586-a390-4954-a9e5-2305a83559d3,25/02/2017,Feb-17,2,2017,KLEINPLAATS,Minor Dam,1301,8.28,647.7,49.78
f3449f24-28bb-43a9-94cf-a0087e727ddf,26/02/2017,Feb-17,2,2017,KLEINPLAATS,Minor Dam,1301,8.28,647.7,49.78
7b4ea604-8559-446e-b4eb-fef9c3af2251,27/02/2017,Feb-17,2,2017,KLEINPLAATS,Minor Dam,1301,8.28,647.7,49.78
dbdfbc4f-6c49-4d89-b68b-30df2157022c,28/02/2017,Feb-17,2,2017,KLEINPLAATS,Minor Dam,1301,8.25,642.6,49.39
369645ee-3518-4271-9f6a-e519e0d225b0,01/03/2017,Mar-17,3,2017,KLEINPLAATS,Minor Dam,1301,8.23,639.1,49.12
dc6f0042-051b-4a18-a727-ccf07db58b46,02/03/2017,Mar-17,3,2017,KLEINPLAATS,Minor Dam,1301,8.23,639.1,49.12
b4adbb6e-92a6-4b04-bd72-f321cfb53ec0,03/03/2017,Mar-17,3,2017,KLEINPLAATS,Minor Dam,1301,8.22,637.4,48.99
da5e59bb-1b32-416a-98fa-53910603315d,04/03/2017,Mar-17,3,2017,KLEINPLAATS,Minor Dam,1301,8.2,633.9,48.72
66625f3d-4c02-42fe-a51e-5eecf1d8e1f4,05/03/2017,Mar-17,3,2017,KLEINPLAATS,Minor Dam,1301,8.19,632.2,48.59
5f2e65e1-c970-427e-af78-3e123575683d,06/03/2017,Mar-17,3,2017,KLEINPLAATS,Minor Dam,1301,8.19,632.2,48.59
163d50ee-425d-4aca-aa25-0b1f20ec3d31,07/03/2017,Mar-17,3,2017,KLEINPLAATS,Minor Dam,1301,8.18,630.5,48.46
429e881b-630a-4fc2-b856-125603251dc9,08/03/2017,Mar-17,3,2017,KLEINPLAATS,Minor Dam,1301,8.17,628.8,48.33
3e247126-6f6c-4fc3-9127-7de9002cfce6,09/03/2017,Mar-17,3,2017,KLEINPLAATS,Minor Dam,1301,8.15,625.4,48.07
08cf35b5-54ee-462a-87fc-7cc8bca3dc8e,10/03/2017,Mar-17,3,2017,KLEINPLAATS,Minor Dam,1301,8.13,622,47.81
0eb60355-1bbf-4b72-b411-dbb04dc6b26b,11/03/2017,Mar-17,3,2017,KLEINPLAATS,Minor Dam,1301,8.13,622,47.81
3c4f7c98-1796-46d4-b887-e3dd964c85b0,12/03/2017,Mar-17,3,2017,KLEINPLAATS,Minor Dam,1301,8.1,616.9,47.42
81a51eee-ae0e-41b2-bd64-058ce783c741,13/03/2017,Mar-17,3,2017,KLEINPLAATS,Minor Dam,1301,8.09,615.2,47.29
cafc909a-c85c-4a9e-8a93-c84270f832d5,14/03/2017,Mar-17,3,2017,KLEINPLAATS,Minor Dam,1301,8.09,615.2,47.29
d7b6a35b-b721-42b9-a20e-87a77192f861,15/03/2017,Mar-17,3,2017,KLEINPLAATS,Minor Dam,1301,8.09,615.2,47.29
67c42fe4-1092-4f3f-9f28-776e9d9e8e21,16/03/2017,Mar-17,3,2017,KLEINPLAATS,Minor Dam,1301,8.1,616.9,47.42
3abb5108-404e-42cf-aeb3-68fb52d4e339,17/03/2017,Mar-17,3,2017,KLEINPLAATS,Minor Dam,1301,8.09,615.2,47.29
0f87f7f0-b9ec-43f7-a19c-94e458f0b727,18/03/2017,Mar-17,3,2017,KLEINPLAATS,Minor Dam,1301,8.09,615.2,47.29
e748b25c-8a23-475e-8d43-2f0bf2379f6e,19/03/2017,Mar-17,3,2017,KLEINPLAATS,Minor Dam,1301,8.04,606.8,46.64
c6ce9143-ad3e-47ef-a016-2db6d51b3347,20/03/2017,Mar-17,3,2017,KLEINPLAATS,Minor Dam,1301,8.02,603.5,46.39
e1f586c6-a2e1-43ef-a428-d195cbc6d24b,21/03/2017,Mar-17,3,2017,KLEINPLAATS,Minor Dam,1301,8,600.2,46.13
9d6437e7-6022-4a96-9ea2-24300bd17684,22/03/2017,Mar-17,3,2017,KLEINPLAATS,Minor Dam,1301,8,600.2,46.13
92dccc9d-e836-4ab2-9585-bc96d360978b,23/03/2017,Mar-17,3,2017,KLEINPLAATS,Minor Dam,1301,8,600.2,46.13
ea5f028d-0c1a-4c74-8e90-eecf84cc04f4,24/03/2017,Mar-17,3,2017,KLEINPLAATS,Minor Dam,1301,8,600.2,46.13
5afe6e9a-3885-468a-a4f8-570d81df0343,25/03/2017,Mar-17,3,2017,KLEINPLAATS,Minor Dam,1301,7.98,596.8,45.87
ba2c5f5a-efed-416d-8a29-ca600dfe721b,26/03/2017,Mar-17,3,2017,KLEINPLAATS,Minor Dam,1301,7.95,591.9,45.5
085dc522-d4cf-4cfd-9f88-6129dc5f74f6,27/03/2017,Mar-17,3,2017,KLEINPLAATS,Minor Dam,1301,7.93,588.6,45.24
10b2a9b9-14a0-4f70-84cc-130d93787af4,28/03/2017,Mar-17,3,2017,KLEINPLAATS,Minor Dam,1301,7.93,588.6,45.24
01163046-560b-4f74-8432-99194c4e7fc2,29/03/2017,Mar-17,3,2017,KLEINPLAATS,Minor Dam,1301,7.93,588.6,45.24
fbf1561b-d1c3-45e0-b467-1e1399257915,30/03/2017,Mar-17,3,2017,KLEINPLAATS,Minor Dam,1301,7.9,583.7,44.87
c09c1585-3b1d-470f-88b5-1e1de6ae1fba,31/03/2017,Mar-17,3,2017,KLEINPLAATS,Minor Dam,1301,7.9,583.7,44.87
46aad98d-94da-4598-9af0-5a50d74f0915,01/04/2017,Apr-17,4,2017,KLEINPLAATS,Minor Dam,1301,7.8,567.4,43.61
6f9cd311-d62f-4113-975f-cf7a7f06ff66,02/04/2017,Apr-17,4,2017,KLEINPLAATS,Minor Dam,1301,7.75,559.4,43
42b9060c-b0c5-495e-bda5-6e2dc83f0ca2,03/04/2017,Apr-17,4,2017,KLEINPLAATS,Minor Dam,1301,7.75,559.4,43
0c7096fb-461d-4880-9d74-7fbb2061206a,04/04/2017,Apr-17,4,2017,KLEINPLAATS,Minor Dam,1301,7.75,559.4,43
5b5fa04f-5a6c-42c5-b0e0-aa85fc5c1cc2,05/04/2017,Apr-17,4,2017,KLEINPLAATS,Minor Dam,1301,7.75,559.4,43
10b3190b-18cb-4688-a23b-b869073764b7,06/04/2017,Apr-17,4,2017,KLEINPLAATS,Minor Dam,1301,7.75,559.4,43
8b0e88b8-7b96-441d-8712-62253a8c8980,07/04/2017,Apr-17,4,2017,KLEINPLAATS,Minor Dam,1301,7.75,559.4,43
74023537-624f-4691-840f-8367d2d3441a,08/04/2017,Apr-17,4,2017,KLEINPLAATS,Minor Dam,1301,7.75,559.4,43
4cc39438-133d-46fa-889f-027ae263f826,09/04/2017,Apr-17,4,2017,KLEINPLAATS,Minor Dam,1301,7.75,559.4,43
2f112fd0-1a86-47cb-8d56-5da91df41632,10/04/2017,Apr-17,4,2017,KLEINPLAATS,Minor Dam,1301,7.78,564.2,43.37
d87cc33a-4565-498e-a9e9-d04a07e1d036,11/04/2017,Apr-17,4,2017,KLEINPLAATS,Minor Dam,1301,7.78,564.2,43.37
a6a13812-c253-442c-b0a5-4bd632d84a84,12/04/2017,Apr-17,4,2017,KLEINPLAATS,Minor Dam,1301,7.78,564.2,43.37
35d92507-cd2e-4f7c-9bb5-c06c4b74a49a,13/04/2017,Apr-17,4,2017,KLEINPLAATS,Minor Dam,1301,7.8,567.4,43.61
fd20cb92-d716-4232-a0bc-896af58980a7,14/04/2017,Apr-17,4,2017,KLEINPLAATS,Minor Dam,1301,7.8,567.4,43.61
d807f1f5-2dd0-4fdf-ac07-801c6c288b6e,15/04/2017,Apr-17,4,2017,KLEINPLAATS,Minor Dam,1301,7.8,567.4,43.61
e641cc87-0257-4b52-b0b6-803a1a0104a6,16/04/2017,Apr-17,4,2017,KLEINPLAATS,Minor Dam,1301,7.75,559.4,43
e559a8d5-cf1a-4e34-8bde-ddda91cfba6b,17/04/2017,Apr-17,4,2017,KLEINPLAATS,Minor Dam,1301,7.72,554.6,42.63
305bc4f7-d13a-4594-aca1-b58ba898de74,18/04/2017,Apr-17,4,2017,KLEINPLAATS,Minor Dam,1301,7.72,554.6,42.63
c89398fb-6edc-4f44-bd6a-af56ee5ce7d7,19/04/2017,Apr-17,4,2017,KLEINPLAATS,Minor Dam,1301,7.72,554.6,42.63
ef01eab9-cc78-4e75-8997-672be262b9e0,20/04/2017,Apr-17,4,2017,KLEINPLAATS,Minor Dam,1301,7.72,554.6,42.63
5ed30858-78b2-4e6b-ad8f-da9d0ca3a844,21/04/2017,Apr-17,4,2017,KLEINPLAATS,Minor Dam,1301,7.72,554.6,42.63
a839e3a4-63ea-4631-8036-6fb260efd031,22/04/2017,Apr-17,4,2017,KLEINPLAATS,Minor Dam,1301,7.7,551.4,42.38
2650de75-cab3-4207-8dc5-fe1263a753a1,23/04/2017,Apr-17,4,2017,KLEINPLAATS,Minor Dam,1301,7.68,548.2,42.14
ca3e4a1b-d134-4b59-b073-2c8278a600e7,24/04/2017,Apr-17,4,2017,KLEINPLAATS,Minor Dam,1301,7.68,548.2,42.14
f61f0b19-3f3f-446a-9478-be3e9745b659,25/04/2017,Apr-17,4,2017,KLEINPLAATS,Minor Dam,1301,7.65,543.5,41.78
f35b1a8c-0dd6-4e6a-9563-a262c57cfa6b,26/04/2017,Apr-17,4,2017,KLEINPLAATS,Minor Dam,1301,7.65,543.5,41.78
c3a24ae0-aa58-4b24-a878-e46ec279fb3b,27/04/2017,Apr-17,4,2017,KLEINPLAATS,Minor Dam,1301,7.62,538.8,41.41
3139625f-a514-4bc9-a87a-1b35ef9a25b9,28/04/2017,Apr-17,4,2017,KLEINPLAATS,Minor Dam,1301,7.62,538.8,41.41
1941804a-d8cd-441e-9feb-ae9e65a1b3f2,29/04/2017,Apr-17,4,2017,KLEINPLAATS,Minor Dam,1301,7.62,538.8,41.41
0787899a-2db9-4467-b20e-1438db798ca4,30/04/2017,Apr-17,4,2017,KLEINPLAATS,Minor Dam,1301,7.6,535.7,41.18
bf961a81-8aad-4c7a-b940-dc0b639174d3,01/05/2017,May-17,5,2017,KLEINPLAATS,Minor Dam,1301,7.58,532.6,40.94
70f0ee33-e460-41ce-8f0e-3d1b0aabdd7d,02/05/2017,May-17,5,2017,KLEINPLAATS,Minor Dam,1301,7.58,532.6,40.94
1302afb0-a984-4bcf-83e0-c9ead906e300,03/05/2017,May-17,5,2017,KLEINPLAATS,Minor Dam,1301,7.58,532.6,40.94
55edce53-f32d-4c5c-b341-20eb026188cf,04/05/2017,May-17,5,2017,KLEINPLAATS,Minor Dam,1301,7.58,532.6,40.94
136bf90a-e9db-4f7d-8016-b369b3317a9d,05/05/2017,May-17,5,2017,KLEINPLAATS,Minor Dam,1301,7.58,532.6,40.94
3b51eb75-b896-4eb4-b3f7-ad51dc69a09b,06/05/2017,May-17,5,2017,KLEINPLAATS,Minor Dam,1301,7.58,532.6,40.94
d6f09a2b-8ddc-48a4-be6f-e81c1b257796,07/05/2017,May-17,5,2017,KLEINPLAATS,Minor Dam,1301,7.6,535.7,41.18
515263b4-900a-4d2e-839f-8fdeb5ee6b1c,08/08/2017,Aug-17,8,2017,KLEINPLAATS,Minor Dam,1301,7.58,532.6,40.94
e24209fd-4ab6-4b87-8c0b-f3377886cf63,09/05/2017,May-17,5,2017,KLEINPLAATS,Minor Dam,1301,7.58,532.6,40.94
b83f6fa8-ec58-48ff-b09a-4c57d47cb5a7,10/05/2017,May-17,5,2017,KLEINPLAATS,Minor Dam,1301,7.57,531,40.81
1f5b0f99-8a9d-4b30-add9-883b20f34af9,11/05/2017,May-17,5,2017,KLEINPLAATS,Minor Dam,1301,7.57,531,40.81
823f4f3e-ac04-492f-8f34-479be6470079,12/05/2017,May-17,5,2017,KLEINPLAATS,Minor Dam,1301,7.57,531,40.81
7f94f9ba-3aac-4b64-b3b7-e1a23a6572d2,13/05/2017,May-17,5,2017,KLEINPLAATS,Minor Dam,1301,7.57,531,40.81
ed697531-a309-4c6b-a6c3-37ddc86413eb,14/05/2017,May-17,5,2017,KLEINPLAATS,Minor Dam,1301,7.57,531,40.81
761ee037-2472-4927-9a9d-2823d6d3e4a8,15/05/2017,May-17,5,2017,KLEINPLAATS,Minor Dam,1301,7.57,531,40.81
ed131d58-a5dd-49a6-b8fa-10d07406a9e5,16/05/2017,May-17,5,2017,KLEINPLAATS,Minor Dam,1301,7.55,527.9,40.58
99c85d97-59ba-42bc-ac7f-39a22631c07a,17/05/2017,May-17,5,2017,KLEINPLAATS,Minor Dam,1301,7.53,524.8,40.34
1daa63bc-5d0b-4229-9468-473d7fae66c5,18/05/2017,May-17,5,2017,KLEINPLAATS,Minor Dam,1301,7.5,520.2,39.98
67a48566-d699-4ca7-a00a-0981cabd1133,19/05/2017,May-17,5,2017,KLEINPLAATS,Minor Dam,1301,7.49,518.6,39.86
c270c59c-1729-4dc5-b7cd-74acc3f790db,20/05/2017,May-17,5,2017,KLEINPLAATS,Minor Dam,1301,7.47,515.6,39.63
f7b403a9-1a57-4c99-a4d9-fe97f209a92a,21/05/2017,May-17,5,2017,KLEINPLAATS,Minor Dam,1301,7.45,512.5,39.39
a7d3c720-f0d6-4745-859c-da6198e1bbe9,22/05/2017,May-17,5,2017,KLEINPLAATS,Minor Dam,1301,7.45,512.5,39.39
2bfd97aa-ad4a-452c-b9f2-79562d6489dd,23/05/2017,May-17,5,2017,KLEINPLAATS,Minor Dam,1301,7.45,512.5,39.39
10625aca-5c81-4cda-9c12-8b40af3dfcae,24/05/2017,May-17,5,2017,KLEINPLAATS,Minor Dam,1301,7.45,512.5,39.39
988ce757-3d1e-4cb8-80e4-4b08f703cc09,25/05/2017,May-17,5,2017,KLEINPLAATS,Minor Dam,1301,7.43,509.5,39.16
d566afc5-06bc-420c-96bb-22bdc2eeb4d9,26/05/2017,May-17,5,2017,KLEINPLAATS,Minor Dam,1301,7.45,512.5,39.39
31ab4df4-0364-4d2b-92a1-67d1549b403f,27/05/2017,May-17,5,2017,KLEINPLAATS,Minor Dam,1301,7.45,512.5,39.39
7f3d0c8c-8c1a-4425-81c8-0236e07d417b,28/05/2017,May-17,5,2017,KLEINPLAATS,Minor Dam,1301,7.45,512.5,39.39
b21abf26-f44b-4b96-8d0b-e404f0dc5de8,29/05/2017,May-17,5,2017,KLEINPLAATS,Minor Dam,1301,7.46,514,39.51
2445cd7c-c781-44a3-9c2f-a843778561c2,30/05/2017,May-17,5,2017,KLEINPLAATS,Minor Dam,1301,7.48,517.1,39.75
d5a69682-d238-4ee6-96a1-df0ee0b4e8e6,31/05/2017,May-17,5,2017,KLEINPLAATS,Minor Dam,1301,7.48,517.1,39.75
e452c9b8-7c5a-461a-9d2d-fc7a7be5ecb2,01/06/2017,Jun-17,6,2017,KLEINPLAATS,Minor Dam,1301,7.4,504.9,38.81
fd2eef9d-cb51-44d1-935e-47e7c8f37934,02/06/2017,Jun-17,6,2017,KLEINPLAATS,Minor Dam,1301,7.4,504.9,38.81
659c4298-b1ad-4839-9ff8-e76ba89b18ca,03/06/2017,Jun-17,6,2017,KLEINPLAATS,Minor Dam,1301,7.4,504.9,38.81
5269794b-6386-417a-99a3-a26284ef8ceb,04/06/2017,Jun-17,6,2017,KLEINPLAATS,Minor Dam,1301,7.4,504.9,38.81
04f283dc-959e-4c48-977d-86112582d9cb,05/06/2017,Jun-17,6,2017,KLEINPLAATS,Minor Dam,1301,7.38,501.9,38.58
fd285351-34b4-43ff-8d22-cab51db9e6a8,06/06/2017,Jun-17,6,2017,KLEINPLAATS,Minor Dam,1301,7.35,497.4,38.23
f5fad6d9-21e0-4b02-bdc1-89798b658956,07/06/2017,Jun-17,6,2017,KLEINPLAATS,Minor Dam,1301,7.35,497.4,38.23
d7ef9e38-650d-475a-bbb3-6a2f81aa6271,08/06/2017,Jun-17,6,2017,KLEINPLAATS,Minor Dam,1301,7.35,497.4,38.23
caea57b7-7205-4b85-9111-3faa795c4840,09/06/2017,Jun-17,6,2017,KLEINPLAATS,Minor Dam,1301,7.38,501.9,38.58
3fa192ca-7108-45f4-80b0-84135ceb1b5f,10/06/2017,Jun-17,6,2017,KLEINPLAATS,Minor Dam,1301,7.35,497.4,38.23
1447068d-1f9d-495b-a3e3-7d71359af00f,11/06/2017,Jun-17,6,2017,KLEINPLAATS,Minor Dam,1301,7.35,497.4,38.23
c8a83474-9037-4f5b-b40a-32dbe9b7d683,12/06/2017,Jun-17,6,2017,KLEINPLAATS,Minor Dam,1301,7.35,497.4,38.23
1b7827fc-3917-45e0-bafb-77c067f8916c,13/06/2017,Jun-17,6,2017,KLEINPLAATS,Minor Dam,1301,7.35,497.4,38.23
f56e4e4c-6737-4ad8-aedf-1464a56dff25,14/06/2017,Jun-17,6,2017,KLEINPLAATS,Minor Dam,1301,7.38,501.9,38.58
8d4b693f-6ce9-47a0-81be-ecf381d96487,15/06/2017,Jun-17,6,2017,KLEINPLAATS,Minor Dam,1301,7.38,,
7f05fc6c-92d0-44d2-924a-ee95ac77df9d,16/06/2017,Jun-17,6,2017,KLEINPLAATS,Minor Dam,1301,7.38,501.9,38.58
5d9b3f57-7af8-4612-b2e3-453789a4b5bf,17/06/2017,Jun-17,6,2017,KLEINPLAATS,Minor Dam,1301,7.38,501.9,38.58
0cd9ddea-bd87-4eeb-9a41-f3b735a68c84,18/06/2017,Jun-17,6,2017,KLEINPLAATS,Minor Dam,1301,7.38,501.9,38.58
d473624f-c915-4b73-9b61-7343d52494c1,19/06/2017,Jun-17,6,2017,KLEINPLAATS,Minor Dam,1301,7.35,497.4,38.23
a0112d28-1337-4134-9bd1-91287cc4e169,20/06/2017,Jun-17,6,2017,KLEINPLAATS,Minor Dam,1301,7.35,497.4,38.23
7cbf8350-c85a-4e25-b786-27d6f875cc67,21/06/2017,Jun-17,6,2017,KLEINPLAATS,Minor Dam,1301,7.38,501.9,38.58
d29d3f2b-f0d1-43d8-b251-ff59a03b8b91,22/06/2017,Jun-17,6,2017,KLEINPLAATS,Minor Dam,1301,7.38,501.9,38.58
c2466681-30a5-4e32-a79d-72941db8788b,23/06/2017,Jun-17,6,2017,KLEINPLAATS,Minor Dam,1301,7.38,501.9,38.58
1a39e9a4-12a3-4274-9180-c72422056e07,24/06/2017,Jun-17,6,2017,KLEINPLAATS,Minor Dam,1301,7.38,501.9,38.58
7e45cbfa-4360-4f81-a72c-babde986b5f2,25/06/2017,Jun-17,6,2017,KLEINPLAATS,Minor Dam,1301,7.38,501.9,38.58
cadbeaa5-bf6c-4b74-9ab3-0fc8d7665a8d,26/06/2017,Jun-17,6,2017,KLEINPLAATS,Minor Dam,1301,7.38,501.9,38.58
e1f5bbff-463c-4e11-a584-230f5b0abd76,27/06/2017,Jun-17,6,2017,KLEINPLAATS,Minor Dam,1301,7.38,501.9,38.58
8fe69aca-c9cf-40c3-9f46-315a646371e9,28/06/2017,Jun-17,6,2017,KLEINPLAATS,Minor Dam,1301,7.35,497.4,38.23
3e1ecd99-cfaa-48c9-b08f-4d2fc53878ec,29/06/2017,Jun-17,6,2017,KLEINPLAATS,Minor Dam,1301,7.32,492.9,37.89
75a74197-9d8f-43e8-aa73-c146df197a96,30/06/2017,Jun-17,6,2017,KLEINPLAATS,Minor Dam,1301,7.35,497.4,38.23
87353491-0daa-4407-8979-ebe81118be06,01/07/2017,Jul-17,7,2017,KLEINPLAATS,Minor Dam,1301,7.35,497.4,38.23
311fbdc8-c6b2-40f5-b79f-e0053dab71eb,02/07/2017,Jul-17,7,2017,KLEINPLAATS,Minor Dam,1301,7.39,503.4,38.69
e62c7052-415f-49f7-8eb3-a245c3048c7b,03/07/2017,Jul-17,7,2017,KLEINPLAATS,Minor Dam,1301,7.41,506.4,38.92
1f10e109-32c4-4191-84f2-2fe9ee9e2f14,04/07/2017,Jul-17,7,2017,KLEINPLAATS,Minor Dam,1301,7.42,508,39.05
caf7b10b-2839-4519-ad3a-3343254f1292,05/07/2017,Jul-17,7,2017,KLEINPLAATS,Minor Dam,1301,7.45,512.5,39.39
59863d01-421c-42d5-b4be-7d143eeee3fe,06/07/2017,Jul-17,7,2017,KLEINPLAATS,Minor Dam,1301,7.45,512.5,39.39
06979294-fcf8-46fd-900b-cecf8fc1aa8a,07/07/2017,Jul-17,7,2017,KLEINPLAATS,Minor Dam,1301,7.35,497.4,38.23
5f316c07-d79c-40a4-8405-df84b4d97ffb,08/07/2017,Jul-17,7,2017,KLEINPLAATS,Minor Dam,1301,7.35,497.4,38.23
6b03d8ca-445c-4d9b-b67f-27c2936aa044,09/07/2017,Jul-17,7,2017,KLEINPLAATS,Minor Dam,1301,7.35,497.4,38.23
0eb6620a-7e0d-4f08-928d-f51a43f2073e,10/07/2017,Jul-17,7,2017,KLEINPLAATS,Minor Dam,1301,7.4,504.9,38.81
eb658d05-29f7-421c-a4ae-6a77dbec876a,11/07/2017,Jul-17,7,2017,KLEINPLAATS,Minor Dam,1301,7.4,504.9,38.81
7bd70a63-8443-449d-8f7b-454d9921191d,12/07/2017,Jul-17,7,2017,KLEINPLAATS,Minor Dam,1301,7.4,504.9,38.81
4dcdd15c-1f44-4124-8714-3e46b30afbd5,13/07/2017,Jul-17,7,2017,KLEINPLAATS,Minor Dam,1301,7.4,504.9,38.81
2b8e0f29-4ab2-443c-bc26-6ee826c6f6e8,14/07/2017,Jul-17,7,2017,KLEINPLAATS,Minor Dam,1301,7.4,504.9,38.81
247a94a1-40c8-455f-b473-4780bc3d013d,15/07/2017,Jul-17,7,2017,KLEINPLAATS,Minor Dam,1301,7.4,504.9,38.81
65e85eab-6d5a-49f4-af31-bd10013651e7,16/07/2017,Jul-17,7,2017,KLEINPLAATS,Minor Dam,1301,7.45,512.5,39.39
3394e54f-5647-4fa5-a714-553f0673e7cd,17/07/2017,Jul-17,7,2017,KLEINPLAATS,Minor Dam,1301,7.49,518.6,39.86
4cf9b091-f377-4b60-9a90-b0f91508147a,18/07/2017,Jul-17,7,2017,KLEINPLAATS,Minor Dam,1301,7.5,520.2,39.98
f3c11ed4-91d5-41d9-a95c-651f7ea3d0c6,19/07/2017,Jul-17,7,2017,KLEINPLAATS,Minor Dam,1301,7.5,520.2,39.98
afd10e99-5e12-4703-98f3-3e8cb1cd5f32,20/07/2017,Jul-17,7,2017,KLEINPLAATS,Minor Dam,1301,7.54,526.3,40.45
99e19f30-c5ee-412f-a7be-8d82e83dd6a3,21/07/2017,Jul-17,7,2017,KLEINPLAATS,Minor Dam,1301,7.54,526.3,40.45
ea06924c-65ac-42de-8c98-7a91f12b2947,22/07/2017,Jul-17,7,2017,KLEINPLAATS,Minor Dam,1301,7.55,527.9,40.58
db5bf940-4987-4f07-97f9-8e2830dffeca,23/07/2017,Jul-17,7,2017,KLEINPLAATS,Minor Dam,1301,7.55,527.9,40.58
ea2dcabd-d65b-4a8a-afeb-e71edec03ec6,24/07/2017,Jul-17,7,2017,KLEINPLAATS,Minor Dam,1301,7.58,532.6,40.94
6cbdfeed-51a4-45e2-877c-63582e37f03a,25/07/2017,Jul-17,7,2017,KLEINPLAATS,Minor Dam,1301,7.58,532.6,40.94
538bbec7-c480-4905-8529-4b1b868a4ccb,26/07/2017,Jul-17,7,2017,KLEINPLAATS,Minor Dam,1301,7.6,535.7,41.18
6f576860-1738-4eef-a1ac-91416829410f,27/07/2017,Jul-17,7,2017,KLEINPLAATS,Minor Dam,1301,7.6,535.7,41.18
772a6a4c-6273-4773-9fee-dd1af73e83b8,28/07/2017,Jul-17,7,2017,KLEINPLAATS,Minor Dam,1301,7.6,535.7,41.18
feaa9a6e-4242-4df5-973a-187824535723,29/07/2017,Jul-17,7,2017,KLEINPLAATS,Minor Dam,1301,7.6,535.7,41.18
8791d571-4b93-4fa7-9dd8-72c276a48a73,30/07/2017,Jul-17,7,2017,KLEINPLAATS,Minor Dam,1301,7.6,535.7,41.18
0d98388b-1a45-438c-b100-7eba4b858fac,31/07/2017,Jul-17,7,2017,KLEINPLAATS,Minor Dam,1301,7.6,535.7,41.18
4d16f39a-e149-4f31-a685-2f5ae8b5b34d,01/08/2017,Aug-17,8,2017,KLEINPLAATS,Minor Dam,1301,7.65,543.5,41.78
63e2793a-b2c2-43b7-893e-a9c1867b5d47,02/08/2017,Aug-17,8,2017,KLEINPLAATS,Minor Dam,1301,7.7,551.4,42.38
e0f871a1-310f-4e11-9ed0-743ff7753c22,03/08/2017,Aug-17,8,2017,KLEINPLAATS,Minor Dam,1301,7.8,567.4,43.61
973fe07a-c979-4288-88b3-2e2c89f5dc26,04/08/2017,Aug-17,8,2017,KLEINPLAATS,Minor Dam,1301,7.88,580.4,44.61
a66b4766-42a5-4dd0-aa6c-7f189a350768,05/08/2017,Aug-17,8,2017,KLEINPLAATS,Minor Dam,1301,7.95,591.9,45.5
e631eaca-68d5-445f-9234-70f9899b06fa,06/08/2017,Aug-17,8,2017,KLEINPLAATS,Minor Dam,1301,8,600.2,46.13
60885fe0-be98-4fd7-b34f-e521e5ffe5e9,07/08/2017,Aug-17,8,2017,KLEINPLAATS,Minor Dam,1301,8,600.2,46.13
8d0e7b1b-1fa9-4da0-a5f3-3d5e38c7c66a,08/08/2017,Aug-17,8,2017,KLEINPLAATS,Minor Dam,1301,8,600.2,46.13
79ad5d50-db13-4dec-b210-fcfe58596b81,09/08/2017,Aug-17,8,2017,KLEINPLAATS,Minor Dam,1301,8,600.2,46.13
195f1bed-fbba-482d-a98f-a373e98c5141,10/08/2017,Aug-17,8,2017,KLEINPLAATS,Minor Dam,1301,8,600.2,46.13
48c1819a-1131-416d-95e0-4e8f91fab555,11/08/2017,Aug-17,8,2017,KLEINPLAATS,Minor Dam,1301,8.08,613.5,47.16
a2d6481d-8431-40e5-91f2-adb857ac0a68,12/08/2017,Aug-17,8,2017,KLEINPLAATS,Minor Dam,1301,8.15,625.4,48.07
884c1352-6fc2-4d54-a244-f8eee04d5c1d,13/08/2017,Aug-17,8,2017,KLEINPLAATS,Minor Dam,1301,8.18,630.5,48.46
91891d76-4cdc-44d6-831d-07fdea09d356,14/08/2017,Aug-17,8,2017,KLEINPLAATS,Minor Dam,1301,8.2,633.9,48.72
a8d6578a-e243-4b18-b462-c6305745fb31,15/08/2017,Aug-17,8,2017,KLEINPLAATS,Minor Dam,1301,8.2,633.9,48.72
abec3319-918b-4f73-8368-607ad02b0254,16/08/2017,Aug-17,8,2017,KLEINPLAATS,Minor Dam,1301,8.22,637.4,48.99
f99dd356-61ce-4e99-a5cf-979d38013083,17/08/2017,Aug-17,8,2017,KLEINPLAATS,Minor Dam,1301,8.35,659.9,50.72
b5b3800f-2b45-4c44-954e-b7a1a60bc2f1,18/08/2017,Aug-17,8,2017,KLEINPLAATS,Minor Dam,1301,8.44,675.8,51.94
7af5e371-58f5-4787-b85a-b4bb358ab449,19/08/2017,Aug-17,8,2017,KLEINPLAATS,Minor Dam,1301,8.48,682.9,52.49
6ef8bbe1-295e-4507-8c41-9e0753302a01,20/08/2017,Aug-17,8,2017,KLEINPLAATS,Minor Dam,1301,8.55,695.5,53.46
634a94fb-24ee-40f9-bea3-f2976b63b29d,21/08/2017,Aug-17,8,2017,KLEINPLAATS,Minor Dam,1301,8.59,702.7,54.01
6e8a4e78-2872-4fda-af32-563ab58bd2b0,22/08/2017,Aug-17,8,2017,KLEINPLAATS,Minor Dam,1301,0,,
628fbab9-6ded-4422-b9af-22321f8fddc0,23/08/2017,Aug-17,8,2017,KLEINPLAATS,Minor Dam,1301,8.78,739.8,56.86
1da1bce9-f6c6-4a5c-ba30-7929bb90b9ac,24/08/2017,Aug-17,8,2017,KLEINPLAATS,Minor Dam,1301,8.78,739.8,56.86
a12c9b39-3e9c-45d6-be54-db3391f69248,25/08/2017,Aug-17,8,2017,KLEINPLAATS,Minor Dam,1301,8.8,743.8,57.17
29fb2c2c-8a29-4f3c-8bfb-83dc13062333,26/08/2017,Aug-17,8,2017,KLEINPLAATS,Minor Dam,1301,8.85,753.8,57.94
7f73cbfd-4cc5-4688-b791-033084450e9d,27/08/2017,Aug-17,8,2017,KLEINPLAATS,Minor Dam,1301,8.9,763.9,58.72
47d85cfb-a7d8-4353-aa28-68967be3a435,28/08/2017,Aug-17,8,2017,KLEINPLAATS,Minor Dam,1301,8.98,780.2,59.97
f9901bc4-9067-45f1-96ae-f06dad44a5e4,29/08/2017,Aug-17,8,2017,KLEINPLAATS,Minor Dam,1301,8.98,780.2,59.97
0a6b0679-fcce-40f0-9c38-32948fb347e9,30/08/2017,Aug-17,8,2017,KLEINPLAATS,Minor Dam,1301,9.03,790.5,60.76
577016c0-409a-4e61-8318-197f44cbf98c,31/08/2017,Aug-17,8,2017,KLEINPLAATS,Minor Dam,1301,9.08,800.9,61.56
49125185-ae15-47c5-94a8-a0b30c65bc8c,01/09/2017,Sep-17,9,2017,KLEINPLAATS,Minor Dam,1301,9.08,800.9,61.56
658a0d28-9c55-4d32-a0c9-e239ca05c8b5,02/09/2017,Sep-17,9,2017,KLEINPLAATS,Minor Dam,1301,9.08,800.9,61.56
b9dea52d-5942-479c-8997-071bc7111161,03/09/2017,Sep-17,9,2017,KLEINPLAATS,Minor Dam,1301,9.05,794.7,61.08
f959d43a-6653-4b1c-80e8-5a309d0b24b2,04/09/2017,Sep-17,9,2017,KLEINPLAATS,Minor Dam,1301,9.05,794.7,61.08
0e0604e3-9399-4911-9ee7-0a49876109a7,05/09/2017,Sep-17,9,2017,KLEINPLAATS,Minor Dam,1301,9.1,805.1,61.88
593ee2f9-e722-4b15-aeec-922a0cba7667,06/09/2017,Sep-17,9,2017,KLEINPLAATS,Minor Dam,1301,9.1,805.1,61.88
05f170da-0219-4004-b853-b05968253efb,07/09/2017,Sep-17,9,2017,KLEINPLAATS,Minor Dam,1301,9.1,805.1,61.88
7c6a72c7-64c1-4052-80fc-b8a1c23e2105,08/09/2017,Sep-17,9,2017,KLEINPLAATS,Minor Dam,1301,9.1,805.1,61.88
cf81cd31-a7c2-41d1-8d62-bdb1a7ee30f2,09/09/2017,Sep-17,9,2017,KLEINPLAATS,Minor Dam,1301,9.1,805.1,61.88
3e8a2aa0-7fe3-4399-9994-2fa54d806aba,10/09/2017,Sep-17,9,2017,KLEINPLAATS,Minor Dam,1301,9.25,836.8,64.32
982ff30f-98be-4588-9f48-ea7017b95bd3,11/09/2017,Sep-17,9,2017,KLEINPLAATS,Minor Dam,1301,9.25,836.8,64.32
78095e0f-681e-4141-9831-0a0cf71bbbff,12/09/2017,Sep-17,9,2017,KLEINPLAATS,Minor Dam,1301,9.3,847.5,65.14
19f90f28-ddaa-4801-90c3-766da61b884b,13/09/2017,Sep-17,9,2017,KLEINPLAATS,Minor Dam,1301,9.33,854,65.64
57388540-e1f6-4632-81f4-8dbe8aea0731,14/09/2017,Sep-17,9,2017,KLEINPLAATS,Minor Dam,1301,9.38,864.8,66.47
142e7e25-89f0-4242-b4b1-a3a882065b47,15/09/2017,Sep-17,9,2017,KLEINPLAATS,Minor Dam,1301,9.4,869.2,66.81
d3076655-6842-4a73-ba0b-83252a00b96a,16/09/2017,Sep-17,9,2017,KLEINPLAATS,Minor Dam,1301,9.48,886.8,68.16
2edf415b-3ef0-4cd8-8333-edaf62db07b5,17/09/2017,Sep-17,9,2017,KLEINPLAATS,Minor Dam,1301,9.58,909,69.87
c8523747-3fcb-47a5-9303-0056bdea8cc3,18/09/2017,Sep-17,9,2017,KLEINPLAATS,Minor Dam,1301,9.58,909,69.87
cfa03d55-2670-44a7-89e3-a0326cf7b830,19/09/2017,Sep-17,9,2017,KLEINPLAATS,Minor Dam,1301,9.58,909,69.87
09014b6c-7445-48ef-8976-5185c3551f43,20/09/2017,Sep-17,9,2017,KLEINPLAATS,Minor Dam,1301,9.6,913.5,70.22
ddb8a254-6dc3-46df-bd07-479d736b2b1e,21/09/2017,Sep-17,9,2017,KLEINPLAATS,Minor Dam,1301,9.6,913.5,70.22
b760e678-b40d-4d3f-b056-14a561893bad,22/09/2017,Sep-17,9,2017,KLEINPLAATS,Minor Dam,1301,9.6,913.5,70.22
cce2210b-7b3c-485c-be11-a5456bec2617,23/09/2017,Sep-17,9,2017,KLEINPLAATS,Minor Dam,1301,9.6,913.5,70.22
d1e5d77f-60b5-4322-9436-77121fb4bbbc,24/09/2017,Sep-17,9,2017,KLEINPLAATS,Minor Dam,1301,9.6,913.5,70.22
c5a5e162-6d14-46c7-b738-4451c2629a6d,25/09/2017,Sep-17,9,2017,KLEINPLAATS,Minor Dam,1301,9.6,913.5,70.22
5112c63e-5c14-4b6d-98d8-41824cc19915,26/09/2017,Sep-17,9,2017,KLEINPLAATS,Minor Dam,1301,9.6,913.5,70.22
1a2cf476-434f-41a4-8b2f-463785938ca5,27/09/2017,Sep-17,9,2017,KLEINPLAATS,Minor Dam,1301,9.6,913.5,70.22
27bb8753-349b-481e-ae27-5d06e90f3ed8,28/09/2017,Sep-17,9,2017,KLEINPLAATS,Minor Dam,1301,9.58,909,69.87
60b6f00b-b159-40cd-b86e-735d0dacf56d,29/09/2017,Sep-17,9,2017,KLEINPLAATS,Minor Dam,1301,9.58,909,69.87
05d88228-a965-4b92-9428-ea590b646113,30/09/2017,Sep-17,9,2017,KLEINPLAATS,Minor Dam,1301,9.58,909,69.87
9a820a16-9023-4f26-aa33-f85121e6497a,01/10/2017,Oct-17,10,2017,KLEINPLAATS,Minor Dam,1301,9.5,891.2,68.5
26340482-81dd-4e25-b85c-c8af018cd7f7,02/10/2017,Oct-17,10,2017,KLEINPLAATS,Minor Dam,1301,9.5,891.2,68.5
699e00a5-83b0-45c2-b7c9-031f3f77cda4,03/10/2017,Oct-17,10,2017,KLEINPLAATS,Minor Dam,1301,9.5,891.2,68.5
e0978c67-1f0a-4927-83f2-c2bae3732a1d,04/10/2017,Oct-17,10,2017,KLEINPLAATS,Minor Dam,1301,9.5,891.2,68.5
37f6cdf0-5fb2-4251-b3cd-bfd6045e5f8b,05/10/2017,Oct-17,10,2017,KLEINPLAATS,Minor Dam,1301,9.47,884.6,67.99
99af9843-40a8-47f4-9c9a-2cfaa1662373,06/10/2017,Oct-17,10,2017,KLEINPLAATS,Minor Dam,1301,9.4,869.2,66.81
4db7ca33-fd77-408b-993a-5f3e4524bc50,07/10/2017,Oct-17,10,2017,KLEINPLAATS,Minor Dam,1301,9.4,869.2,66.81
c68a20fd-ad92-4162-85f9-d38e77e45d0e,08/10/2017,Oct-17,10,2017,KLEINPLAATS,Minor Dam,1301,9.4,869.2,66.81
a5dcbea6-cb87-47e0-a18f-4898cfc2647c,09/10/2017,Oct-17,10,2017,KLEINPLAATS,Minor Dam,1301,9.4,869.2,66.81
8ed10897-ebdb-4cda-9605-65344bc7d289,10/10/2017,Oct-17,10,2017,KLEINPLAATS,Minor Dam,1301,9.38,864.8,66.47
0e49243e-cf88-4ee2-b35a-e9809bab7ed9,11/10/2017,Oct-17,10,2017,KLEINPLAATS,Minor Dam,1301,9.38,864.8,66.47
98454c7e-984e-4a8e-b5f3-84e1fe0d4593,12/10/2017,Oct-17,10,2017,KLEINPLAATS,Minor Dam,1301,9.38,864.8,66.47
188f232e-054a-448d-ab22-92c5561958d1,13/10/2017,Oct-17,10,2017,KLEINPLAATS,Minor Dam,1301,9.35,858.3,65.97
a2df95ff-982f-48c7-8851-e21de79ecd2d,14/10/2017,Oct-17,10,2017,KLEINPLAATS,Minor Dam,1301,9.33,854,65.64
5a70465c-45a3-4fd7-9d1c-6bdcd0fb19e5,15/10/2017,Oct-17,10,2017,KLEINPLAATS,Minor Dam,1301,9.33,854,65.64
0ddb2c1a-cbaa-43a1-af23-415033514015,16/10/2017,Oct-17,10,2017,KLEINPLAATS,Minor Dam,1301,9.35,858.3,65.97
a635192c-a5c9-49bd-afa5-c4601dba5451,17/10/2017,Oct-17,10,2017,KLEINPLAATS,Minor Dam,1301,9.35,858.3,65.97
620161f4-8217-46b5-a144-cc67f58507ab,18/10/2017,Oct-17,10,2017,KLEINPLAATS,Minor Dam,1301,9.45,880.2,67.66
19a3af9e-efec-4f1b-9153-1aaa6062fc19,19/10/2017,Oct-17,10,2017,KLEINPLAATS,Minor Dam,1301,9.45,880.2,67.66
2872a301-5534-4ef3-9f00-270073fd91da,20/10/2017,Oct-17,10,2017,KLEINPLAATS,Minor Dam,1301,9.45,880.2,67.66
023595bb-f45c-4f2c-95e0-6e7c9ebb182b,21/10/2017,Oct-17,10,2017,KLEINPLAATS,Minor Dam,1301,9.4,869.2,66.81
b85f7415-9821-44a2-bf10-ad522f604e73,22/10/2017,Oct-17,10,2017,KLEINPLAATS,Minor Dam,1301,9.4,869.2,66.81
356c623b-ff6e-41e6-995a-b51d10f7c820,23/10/2017,Oct-17,10,2017,KLEINPLAATS,Minor Dam,1301,9.4,869.2,66.81
bc71c785-7777-4ce2-b110-f9d2e1c209b6,24/10/2017,Oct-17,10,2017,KLEINPLAATS,Minor Dam,1301,9.4,869.2,66.81
e0058034-25a5-48a1-9079-5dc606d58918,25/10/2017,Oct-17,10,2017,KLEINPLAATS,Minor Dam,1301,9.38,864.8,66.47
76b6cc4f-fc31-40f9-84e1-0e46c452200b,26/10/2017,Oct-17,10,2017,KLEINPLAATS,Minor Dam,1301,9.38,864.8,66.47
c71fc49b-5725-4d0c-a6b8-e03c37e2b340,27/10/2017,Oct-17,10,2017,KLEINPLAATS,Minor Dam,1301,9.38,864.8,66.47
9b42a86a-4c6f-423f-8656-27cb0cd7777f,28/10/2017,Oct-17,10,2017,KLEINPLAATS,Minor Dam,1301,9.38,864.8,66.47
139ed551-52f4-4845-9124-cba40ec57825,29/10/2017,Oct-17,10,2017,KLEINPLAATS,Minor Dam,1301,9.38,864.8,66.47
cbf1dec8-be1f-4c37-b127-c1596e6ce456,30/10/2017,Oct-17,10,2017,KLEINPLAATS,Minor Dam,1301,9.34,856.2,65.81
00482187-49c5-4119-8787-00743bff6084,31/10/2017,Oct-17,10,2017,KLEINPLAATS,Minor Dam,1301,9.34,856.2,65.81
367bd51c-c352-425d-bf17-3163310e5529,01/11/2017,Nov-17,11,2017,KLEINPLAATS,Minor Dam,1301,0,,
7509aa75-6f5a-486f-aca6-ce4067db9d95,02/11/2017,Nov-17,11,2017,KLEINPLAATS,Minor Dam,1301,9.4,869.2,66.81
b29fd3cf-5c42-47f4-be22-a24d9ef501af,03/11/2017,Nov-17,11,2017,KLEINPLAATS,Minor Dam,1301,9.4,869.2,66.81
a4506eb0-8d22-4ab8-8ddc-4065e9a6a152,04/11/2017,Nov-17,11,2017,KLEINPLAATS,Minor Dam,1301,9.4,869.2,66.81
078c4aff-de72-44a8-9d1b-8c3bb8941f1c,05/11/2017,Nov-17,11,2017,KLEINPLAATS,Minor Dam,1301,9.4,869.2,66.81
671be058-c9e8-42c1-84d1-2cc22d043208,06/11/2017,Nov-17,11,2017,KLEINPLAATS,Minor Dam,1301,9.4,869.2,66.81
ded7293d-20f1-4695-ab51-cf589ee6382d,07/11/2017,Nov-17,11,2017,KLEINPLAATS,Minor Dam,1301,9.34,856.2,65.81
ad084f62-b52c-4490-95a9-6a0986bfeef3,08/11/2017,Nov-17,11,2017,KLEINPLAATS,Minor Dam,1301,9.32,851.8,65.47
fe734b2a-cf7c-44e7-9574-f247dc0a8074,09/11/2017,Nov-17,11,2017,KLEINPLAATS,Minor Dam,1301,9.32,851.8,65.47
2aa21f4f-c1ed-4450-bf0f-cc70b9d6892f,10/11/2017,Nov-17,11,2017,KLEINPLAATS,Minor Dam,1301,9.32,851.8,65.47
39c069ed-236f-4cff-9b62-c708b851fcdc,11/11/2017,Nov-17,11,2017,KLEINPLAATS,Minor Dam,1301,9.3,847.5,65.14
9c69faec-3598-4747-a069-b12fc63d70d2,12/11/2017,Nov-17,11,2017,KLEINPLAATS,Minor Dam,1301,9.28,843.2,64.81
fd61f2ca-51da-4799-9304-22a62b44a201,13/11/2017,Nov-17,11,2017,KLEINPLAATS,Minor Dam,1301,9.25,836.8,64.32
78b22419-770f-43d4-9520-d94b49bbedaf,14/11/2017,Nov-17,11,2017,KLEINPLAATS,Minor Dam,1301,9.22,830.4,63.83
8413f4a5-5149-45f6-86b5-da1ee805f684,15/11/2017,Nov-17,11,2017,KLEINPLAATS,Minor Dam,1301,9.2,826.2,63.5
22d9c86b-582b-4c8c-9b33-717329be5cb7,16/11/2017,Nov-17,11,2017,KLEINPLAATS,Minor Dam,1301,9.18,821.9,63.17
0d70e8c9-2fb8-4f5f-adf5-cceec1676266,17/11/2017,Nov-17,11,2017,KLEINPLAATS,Minor Dam,1301,9.15,815.6,62.69
215ea985-a1fe-4ac0-8cbd-c78860dc4cbc,18/11/2017,Nov-17,11,2017,KLEINPLAATS,Minor Dam,1301,9.15,815.6,62.69
4016437c-5ea5-4a71-b5c2-ec1d5a9bd3c9,19/11/2017,Nov-17,11,2017,KLEINPLAATS,Minor Dam,1301,9.1,805.1,61.88
6edb7f40-174b-4503-bfcc-a7aabb8fefe3,20/11/2017,Nov-17,11,2017,KLEINPLAATS,Minor Dam,1301,9.08,800.9,61.56
b47bef6e-22f3-492b-a1af-a30f95a3ca72,21/11/2017,Nov-17,11,2017,KLEINPLAATS,Minor Dam,1301,9.08,800.9,61.56
50edbef5-f60a-42a4-bfd8-89bb3171d1a8,22/11/2017,Nov-17,11,2017,KLEINPLAATS,Minor Dam,1301,9.1,805.1,61.88
cbe070b0-271c-4a86-b8fc-b7a8dd579a44,23/11/2017,Nov-17,11,2017,KLEINPLAATS,Minor Dam,1301,9.12,809.3,62.21
e771ca03-f078-409f-ba9a-51c3d0787b48,24/11/2017,Nov-17,11,2017,KLEINPLAATS,Minor Dam,1301,9.12,809.3,62.21
6884a3aa-04ca-4a7f-994c-13bcf1001406,25/11/2017,Nov-17,11,2017,KLEINPLAATS,Minor Dam,1301,9.12,809.3,62.21
19bce6a9-157a-4b33-8e92-3cd6237f5765,26/11/2017,Nov-17,11,2017,KLEINPLAATS,Minor Dam,1301,9.12,809.3,62.21
ae7c7a00-ff91-4d66-91b9-ebdc6d47ba79,27/11/2017,Nov-17,11,2017,KLEINPLAATS,Minor Dam,1301,9.1,805.1,61.88
8167395f-4a4c-44bf-aae4-92e65a12188a,28/11/2017,Nov-17,11,2017,KLEINPLAATS,Minor Dam,1301,9.1,805.1,61.88
6662019b-cfa6-41e2-820e-2cd3e294332f,29/11/2017,Nov-17,11,2017,KLEINPLAATS,Minor Dam,1301,9.1,805.1,61.88
8e6f3f66-c67c-4473-b221-5e6c8bbda1ed,30/11/2017,Nov-17,11,2017,KLEINPLAATS,Minor Dam,1301,9.1,805.1,61.88
ade2c009-a838-4776-b925-074b6807e166,01/12/2017,Dec-17,12,2017,KLEINPLAATS,Minor Dam,1301,9.15,815.6,62.69
86e42c4f-aa97-4505-8360-4a5522ccdda1,02/12/2017,Dec-17,12,2017,KLEINPLAATS,Minor Dam,1301,9,784.4,60.29
bd5cd70a-6605-44a4-a8f1-dcbef70deb59,03/12/2017,Dec-17,12,2017,KLEINPLAATS,Minor Dam,1301,9,784.4,60.29
d0b286ce-2ebf-425c-acf1-788e6282812b,04/12/2017,Dec-17,12,2017,KLEINPLAATS,Minor Dam,1301,9,784.4,60.29
a9cbd676-90b1-4d4c-8fff-190db2c366c3,05/12/2017,Dec-17,12,2017,KLEINPLAATS,Minor Dam,1301,8.98,780.2,59.97
5a16ce3d-6a11-4538-8f63-1562bc85fd49,06/12/2017,Dec-17,12,2017,KLEINPLAATS,Minor Dam,1301,8.96,776.1,59.65
69f29661-2a1f-4791-9aae-c2d9b623451d,07/12/2017,Dec-17,12,2017,KLEINPLAATS,Minor Dam,1301,8.96,776.1,59.65
a4b80d33-3599-4c41-85f5-0aaa25c4f1c4,08/12/2017,Dec-17,12,2017,KLEINPLAATS,Minor Dam,1301,8.95,774.1,59.5
e535a0bc-eb0c-4972-96fd-1103e254cf76,09/12/2017,Dec-17,12,2017,KLEINPLAATS,Minor Dam,1301,8.95,774.1,59.5
ebef88da-941f-495b-b165-7286434194d2,10/12/2017,Dec-17,12,2017,KLEINPLAATS,Minor Dam,1301,8.95,774.1,59.5
51f4d2fe-6f52-4366-b05f-1f8f8a8875bf,11/12/2017,Dec-17,12,2017,KLEINPLAATS,Minor Dam,1301,8.9,763.9,58.72
723ff2e2-e8e1-4732-8976-d31e1ffa8196,12/12/2017,Dec-17,12,2017,KLEINPLAATS,Minor Dam,1301,8.9,763.9,58.72
e97c85e2-5244-4563-878c-177b9c91c929,13/12/2017,Dec-17,12,2017,KLEINPLAATS,Minor Dam,1301,8.89,761.9,58.56
460d6bb1-4ccc-4bdd-8827-d33565c0e869,14/12/2017,Dec-17,12,2017,KLEINPLAATS,Minor Dam,1301,8.89,761.9,58.56
5b03fceb-fe80-4c21-a153-54bf91ce9650,15/12/2017,Dec-17,12,2017,KLEINPLAATS,Minor Dam,1301,8.89,761.9,58.56
ef8223b6-41da-47a1-8ccf-69eee1c1a848,16/12/2017,Dec-17,12,2017,KLEINPLAATS,Minor Dam,1301,8.85,753.8,57.94
fece1526-e084-42fe-b876-a987cca37b1f,17/12/2017,Dec-17,12,2017,KLEINPLAATS,Minor Dam,1301,8.8,743.8,57.17
944daaa0-bf22-419f-bfad-ac6cdd5a8f84,18/12/2017,Dec-17,12,2017,KLEINPLAATS,Minor Dam,1301,8.8,743.8,57.17
a5fed428-084f-4119-95c6-e4a4c9cd46a9,19/12/2017,Dec-17,12,2017,KLEINPLAATS,Minor Dam,1301,8.8,743.8,57.17
aacc32b7-216f-4d1d-aa52-be17cb49fea3,20/12/2017,Dec-17,12,2017,KLEINPLAATS,Minor Dam,1301,8.8,743.8,57.17
5915f052-129c-4e55-93c8-3562f0a6e6c0,21/12/2017,Dec-17,12,2017,KLEINPLAATS,Minor Dam,1301,8.8,743.8,57.17
c9cca1de-d230-4622-aa37-3812644672a4,22/12/2017,Dec-17,12,2017,KLEINPLAATS,Minor Dam,1301,8.75,733.9,56.41
b003b3b9-df22-44fc-9b43-7b65392ab006,23/12/2017,Dec-17,12,2017,KLEINPLAATS,Minor Dam,1301,8.73,729.9,56.1
6367b497-c11f-454d-beff-1429ba761d18,24/12/2017,Dec-17,12,2017,KLEINPLAATS,Minor Dam,1301,8.7,724,55.65
9cde0da2-836b-4553-9712-8439e0c36bb1,25/12/2017,Dec-17,12,2017,KLEINPLAATS,Minor Dam,1301,8.7,724,55.65
24e35872-339d-4560-80c9-29d63ae4e9cf,26/12/2017,Dec-17,12,2017,KLEINPLAATS,Minor Dam,1301,8.7,724,55.65
800d6826-1008-4607-8d4b-9f1e8afd501a,27/12/2017,Dec-17,12,2017,KLEINPLAATS,Minor Dam,1301,8.7,724,55.65
d7680adc-7805-440f-b997-ed728242d55e,28/12/2017,Dec-17,12,2017,KLEINPLAATS,Minor Dam,1301,8.7,724,55.65
abe81715-cad4-4c78-bf95-57bc63cb3c4a,29/12/2017,Dec-17,12,2017,KLEINPLAATS,Minor Dam,1301,8.7,724,55.65
f0118800-b929-4ca3-a182-014e13326db9,30/12/2017,Dec-17,12,2017,KLEINPLAATS,Minor Dam,1301,8.7,724,55.65
67d6707d-2714-4e0e-b35b-7d1d792c36e5,31/12/2017,Dec-17,12,2017,KLEINPLAATS,Minor Dam,1301,8.7,724,55.65
1136be90-8aab-4126-bbfe-b7b66efcb809,01/01/2012,Jan-12,1,2012,LAND-en ZEEZICHT,Minor Dam,451,,,
12d805fe-a1f3-494d-a55f-3dd823ab17e7,02/01/2012,Jan-12,1,2012,LAND-en ZEEZICHT,Minor Dam,451,,,
260ef7fa-8fa8-41c5-b1e8-c8da26cdd574,03/01/2012,Jan-12,1,2012,LAND-en ZEEZICHT,Minor Dam,451,,,
4796f81f-948a-4d00-883e-26e1a12c0161,04/01/2012,Jan-12,1,2012,LAND-en ZEEZICHT,Minor Dam,451,,,
50a98c08-4023-4b08-818a-9e030b41a9c4,05/01/2012,Jan-12,1,2012,LAND-en ZEEZICHT,Minor Dam,451,,,
0c74cd92-e12c-40d2-914b-4bbcc6ecda14,06/01/2012,Jan-12,1,2012,LAND-en ZEEZICHT,Minor Dam,451,,,
4870a769-1317-4ab3-823b-d2e1fcec7c3d,07/01/2012,Jan-12,1,2012,LAND-en ZEEZICHT,Minor Dam,451,,,
a71b8967-d46a-4ee7-b210-40effede12c5,08/01/2012,Jan-12,1,2012,LAND-en ZEEZICHT,Minor Dam,451,,,
17a48ba4-f0d9-42c2-94d9-3dd57fe904fe,09/01/2012,Jan-12,1,2012,LAND-en ZEEZICHT,Minor Dam,451,,,
f72a2631-c1d4-44b4-9aa5-3bb69b3762be,10/01/2012,Jan-12,1,2012,LAND-en ZEEZICHT,Minor Dam,451,,,
c10b7b0e-5986-420f-96aa-ede875e77b90,11/01/2012,Jan-12,1,2012,LAND-en ZEEZICHT,Minor Dam,451,,,
6788cef6-69df-4bf8-a201-d253d96dfa66,12/01/2012,Jan-12,1,2012,LAND-en ZEEZICHT,Minor Dam,451,,,
97177e77-7b8b-4ea6-ba43-6cc2314dd272,13/01/2012,Jan-12,1,2012,LAND-en ZEEZICHT,Minor Dam,451,,,
a0d843a0-78d7-404e-9483-f07ad87aa5ea,14/01/2012,Jan-12,1,2012,LAND-en ZEEZICHT,Minor Dam,451,,,
19665340-bbac-4190-a387-8dc4d4af9363,15/01/2012,Jan-12,1,2012,LAND-en ZEEZICHT,Minor Dam,451,,,
26fcb6e2-0500-4af1-83b3-016d7cfe32c7,16/01/2012,Jan-12,1,2012,LAND-en ZEEZICHT,Minor Dam,451,,,
7be08d76-c691-4914-9d5e-760cdd8acb13,17/01/2012,Jan-12,1,2012,LAND-en ZEEZICHT,Minor Dam,451,,,
9861ace1-ba57-4a9d-9c38-5cca82cc9426,18/01/2012,Jan-12,1,2012,LAND-en ZEEZICHT,Minor Dam,451,,,
be2e2760-2305-4d06-bd87-7ebcfceeb64d,19/01/2012,Jan-12,1,2012,LAND-en ZEEZICHT,Minor Dam,451,,,
4446a22b-eb7c-4569-91e9-a7a782097264,20/01/2012,Jan-12,1,2012,LAND-en ZEEZICHT,Minor Dam,451,,,
87ab3c6f-2d88-43ff-9c7d-d044c41339b6,21/01/2012,Jan-12,1,2012,LAND-en ZEEZICHT,Minor Dam,451,,,
f6212459-865c-4fcc-9f14-bdfd023fd0e5,22/01/2012,Jan-12,1,2012,LAND-en ZEEZICHT,Minor Dam,451,,,
97b66123-656e-4027-942f-c535ef7140d3,23/01/2012,Jan-12,1,2012,LAND-en ZEEZICHT,Minor Dam,451,,,
94e2d0dd-c900-41e7-9502-113083d6e1cf,24/01/2012,Jan-12,1,2012,LAND-en ZEEZICHT,Minor Dam,451,,,
b0ca2e79-4448-461d-a3d2-ad513cc4f9ba,25/01/2012,Jan-12,1,2012,LAND-en ZEEZICHT,Minor Dam,451,,,
acd5780d-9adf-4b58-a266-7ef2d3fd9633,26/01/2012,Jan-12,1,2012,LAND-en ZEEZICHT,Minor Dam,451,,,
26c70f99-fd61-4d66-8967-4fba5437f935,27/01/2012,Jan-12,1,2012,LAND-en ZEEZICHT,Minor Dam,451,,,
7c06fe1c-6dcc-41d6-ab09-e7cfa70205ba,28/01/2012,Jan-12,1,2012,LAND-en ZEEZICHT,Minor Dam,451,,,
0aa1e7ed-4b76-4800-851a-f1e45dd84be2,29/01/2012,Jan-12,1,2012,LAND-en ZEEZICHT,Minor Dam,451,,,
8d907ab8-453d-4676-a55e-14cdcefa94d3,30/01/2012,Jan-12,1,2012,LAND-en ZEEZICHT,Minor Dam,451,,,
b97c94d3-e60a-4b78-a542-04acf33d9741,31/01/2012,Jan-12,1,2012,LAND-en ZEEZICHT,Minor Dam,451,,,
27c8bfcf-71d0-4823-974b-df68ea0db2b2,01/02/2012,Feb-12,2,2012,LAND-en ZEEZICHT,Minor Dam,451,,,
461210b4-271d-4606-aac5-f098e05233df,02/02/2012,Feb-12,2,2012,LAND-en ZEEZICHT,Minor Dam,451,,,
4dc2fc7a-d6b7-49f7-971a-14e5acc06177,03/02/2012,Feb-12,2,2012,LAND-en ZEEZICHT,Minor Dam,451,,,
6bab4482-b6d2-4715-9d7a-334a933462db,04/02/2012,Feb-12,2,2012,LAND-en ZEEZICHT,Minor Dam,451,,,
7edc86a2-f30d-41e5-b01b-4ddc0350eae5,05/02/2012,Feb-12,2,2012,LAND-en ZEEZICHT,Minor Dam,451,,,
d1152d56-f1b0-4bc2-af97-d6aeffd34a72,06/02/2012,Feb-12,2,2012,LAND-en ZEEZICHT,Minor Dam,451,,,
44377d36-3b1d-490c-852d-4b19814e9818,07/02/2012,Feb-12,2,2012,LAND-en ZEEZICHT,Minor Dam,451,,,
b8e8ee8d-9e2a-4d37-8891-24e0c4c50c99,08/02/2012,Feb-12,2,2012,LAND-en ZEEZICHT,Minor Dam,451,,,
0ed98932-84b4-4bd6-ad97-2007ddfb5ba8,09/02/2012,Feb-12,2,2012,LAND-en ZEEZICHT,Minor Dam,451,,,
fbf6b5e7-83e5-4d8e-b4c1-7781249851ec,10/02/2012,Feb-12,2,2012,LAND-en ZEEZICHT,Minor Dam,451,,,
f1209fb3-46cf-4dc7-8e07-0e6b5270a109,11/02/2012,Feb-12,2,2012,LAND-en ZEEZICHT,Minor Dam,451,,,
f7677e4c-b8f8-4504-97cc-9cdcfa71c45a,12/02/2012,Feb-12,2,2012,LAND-en ZEEZICHT,Minor Dam,451,,,
8fe5e0b4-f06d-4cc1-b43d-30c0ef0f1daa,13/02/2012,Feb-12,2,2012,LAND-en ZEEZICHT,Minor Dam,451,,,
efee3f92-6834-49e3-9895-cd310736258e,14/02/2012,Feb-12,2,2012,LAND-en ZEEZICHT,Minor Dam,451,,,
f2603069-5b68-4f1b-92b1-f3db85689128,15/02/2012,Feb-12,2,2012,LAND-en ZEEZICHT,Minor Dam,451,,,
9e5ca949-a54e-470b-aea9-a3a408c7ebb7,16/02/2012,Feb-12,2,2012,LAND-en ZEEZICHT,Minor Dam,451,,,
6e301cec-5f54-4ff0-b880-718480eceaa6,17/02/2012,Feb-12,2,2012,LAND-en ZEEZICHT,Minor Dam,451,,,
7f1a2862-f704-4ec0-9331-56bb477300f1,18/02/2012,Feb-12,2,2012,LAND-en ZEEZICHT,Minor Dam,451,,,
f55b5563-ab14-47aa-864f-481c495fe4d0,19/02/2012,Feb-12,2,2012,LAND-en ZEEZICHT,Minor Dam,451,,,
7b36d38e-b168-45ac-8e31-ad0863bd7933,20/02/2012,Feb-12,2,2012,LAND-en ZEEZICHT,Minor Dam,451,,,
b94b9161-2343-479b-9f52-fdde7a84a0f1,21/02/2012,Feb-12,2,2012,LAND-en ZEEZICHT,Minor Dam,451,,,
76c67548-218f-4532-b2cb-04da9598f5b8,22/02/2012,Feb-12,2,2012,LAND-en ZEEZICHT,Minor Dam,451,,,
9a2e1afb-37fd-4150-81da-55e98df10b97,23/02/2012,Feb-12,2,2012,LAND-en ZEEZICHT,Minor Dam,451,,,
080c4cd8-8f2a-4e72-acbb-acc0958d571d,24/02/2012,Feb-12,2,2012,LAND-en ZEEZICHT,Minor Dam,451,,,
457721df-c35e-4466-8415-019d9c1fbf57,25/02/2012,Feb-12,2,2012,LAND-en ZEEZICHT,Minor Dam,451,,,
552a6699-2a47-4956-96b7-0f1194203ceb,26/02/2012,Feb-12,2,2012,LAND-en ZEEZICHT,Minor Dam,451,,,
0c43e5f7-77f9-4a69-810b-a61658380f10,27/02/2012,Feb-12,2,2012,LAND-en ZEEZICHT,Minor Dam,451,,,
a39a86be-7ae4-4a8e-b6e3-9cb1ea6b8460,28/02/2012,Feb-12,2,2012,LAND-en ZEEZICHT,Minor Dam,451,,,
d2f74e12-8679-4508-a68a-83e792889cb6,29/02/2012,Feb-12,2,2012,LAND-en ZEEZICHT,Minor Dam,451,,,
733bb34b-c947-4bf3-ba2f-a5701be08400,01/03/2012,Mar-12,3,2012,LAND-en ZEEZICHT,Minor Dam,451,,,
4cd2c6a3-77a9-4645-b5c7-8a942aee98d7,02/03/2012,Mar-12,3,2012,LAND-en ZEEZICHT,Minor Dam,451,,,
d79bd4a5-c16b-4470-ac94-24f6c41402c2,03/03/2012,Mar-12,3,2012,LAND-en ZEEZICHT,Minor Dam,451,,,
08b2c7c4-ab50-4c75-a60a-ddd5ac6fa1be,04/03/2012,Mar-12,3,2012,LAND-en ZEEZICHT,Minor Dam,451,,,
b5c86157-3542-4efc-9fa1-84dc8b078a31,05/03/2012,Mar-12,3,2012,LAND-en ZEEZICHT,Minor Dam,451,,,
b35bb282-cebf-4ef3-9ff2-bb4c48f9dcbe,06/03/2012,Mar-12,3,2012,LAND-en ZEEZICHT,Minor Dam,451,,,
2400c88d-948f-43af-b3ad-a9f685b28db4,07/03/2012,Mar-12,3,2012,LAND-en ZEEZICHT,Minor Dam,451,,,
6292b81b-f0a3-40e4-af75-539faccd60c5,08/03/2012,Mar-12,3,2012,LAND-en ZEEZICHT,Minor Dam,451,,,
4d16e3a0-fb18-49ca-91cd-2b1841f19b25,09/03/2012,Mar-12,3,2012,LAND-en ZEEZICHT,Minor Dam,451,,,
b98b4ca9-e3da-4943-b677-899b1e029e13,10/03/2012,Mar-12,3,2012,LAND-en ZEEZICHT,Minor Dam,451,,,
25fa1360-683b-4acd-8097-c1b47c1d9d8b,11/03/2012,Mar-12,3,2012,LAND-en ZEEZICHT,Minor Dam,451,,,
914fa1fd-0004-4fdc-b599-100d66639c2b,12/03/2012,Mar-12,3,2012,LAND-en ZEEZICHT,Minor Dam,451,,,
1336818e-cdcd-484b-811c-f7e8bb49e04f,13/03/2012,Mar-12,3,2012,LAND-en ZEEZICHT,Minor Dam,451,,,
8a7156bf-8c15-41fb-9b30-bff759df2385,14/03/2012,Mar-12,3,2012,LAND-en ZEEZICHT,Minor Dam,451,,,
96064305-b127-4f8f-87b2-2cefe4c84cc6,15/03/2012,Mar-12,3,2012,LAND-en ZEEZICHT,Minor Dam,451,,,
b976a6ce-727c-4fa1-893b-964167dd62f9,16/03/2012,Mar-12,3,2012,LAND-en ZEEZICHT,Minor Dam,451,,,
dd43cc8b-81b6-495b-b220-d2d65d0b8aaf,17/03/2012,Mar-12,3,2012,LAND-en ZEEZICHT,Minor Dam,451,,,
bfd05736-9d38-43f3-bfa4-ce8d33da87d2,18/03/2012,Mar-12,3,2012,LAND-en ZEEZICHT,Minor Dam,451,,,
6ff2b8e4-e395-45d9-b193-11555e9a357a,19/03/2012,Mar-12,3,2012,LAND-en ZEEZICHT,Minor Dam,451,,,
e47eccbe-f7e4-4823-8979-8a0e98f30aa6,20/03/2012,Mar-12,3,2012,LAND-en ZEEZICHT,Minor Dam,451,,,
bff033e9-2bf1-4b95-ade8-7799a8e1b99a,21/03/2012,Mar-12,3,2012,LAND-en ZEEZICHT,Minor Dam,451,,,
18f6f888-7dc0-453a-9b6a-f913e7646029,22/03/2012,Mar-12,3,2012,LAND-en ZEEZICHT,Minor Dam,451,,,
903443f6-609f-4b13-921e-75cf764def8a,23/03/2012,Mar-12,3,2012,LAND-en ZEEZICHT,Minor Dam,451,,,
fef553f2-5187-47e1-9a0e-0d7e86fa0c51,24/03/2012,Mar-12,3,2012,LAND-en ZEEZICHT,Minor Dam,451,,,
100fca63-3e09-4b43-ad52-1384f958b7d7,25/03/2012,Mar-12,3,2012,LAND-en ZEEZICHT,Minor Dam,451,,,
6ae2ee65-c3a0-429b-92c6-37d2e7d0b41f,26/03/2012,Mar-12,3,2012,LAND-en ZEEZICHT,Minor Dam,451,,,
553d2b75-258f-4b3b-8b47-0957f1a20640,27/03/2012,Mar-12,3,2012,LAND-en ZEEZICHT,Minor Dam,451,,,
23aef8ac-537d-4c90-86bf-878f8ce3d3c3,28/03/2012,Mar-12,3,2012,LAND-en ZEEZICHT,Minor Dam,451,,,
99c165b6-45e4-4fea-909e-f943e92f9728,29/03/2012,Mar-12,3,2012,LAND-en ZEEZICHT,Minor Dam,451,,,
c5cf409f-b399-407c-8492-4cdaa4e9f9da,30/03/2012,Mar-12,3,2012,LAND-en ZEEZICHT,Minor Dam,451,,,
7b8a4819-35ec-43c7-a409-1df5ad977a06,31/03/2012,Mar-12,3,2012,LAND-en ZEEZICHT,Minor Dam,451,,,
1e5e633d-4836-45f5-81e8-8f31f1245264,01/04/2012,Apr-12,4,2012,LAND-en ZEEZICHT,Minor Dam,451,,,
b00c4b33-71a6-4745-96db-cf6868384f71,02/04/2012,Apr-12,4,2012,LAND-en ZEEZICHT,Minor Dam,451,,,
3a7805af-8af2-4649-a078-851b05585afb,03/04/2012,Apr-12,4,2012,LAND-en ZEEZICHT,Minor Dam,451,,,
8aeecf63-8cc4-41ca-b967-c86caa729767,04/04/2012,Apr-12,4,2012,LAND-en ZEEZICHT,Minor Dam,451,,,
9937d3cf-e125-444f-adb7-69685f48ff81,05/04/2012,Apr-12,4,2012,LAND-en ZEEZICHT,Minor Dam,451,,,
89bb19ec-5b7e-474d-b5d2-e185dd70d0ca,06/04/2012,Apr-12,4,2012,LAND-en ZEEZICHT,Minor Dam,451,,,
aefaee67-fdcd-4e77-802f-6337125e6b02,07/04/2012,Apr-12,4,2012,LAND-en ZEEZICHT,Minor Dam,451,,,
5c19c348-52ad-42e2-a831-02202b25b99e,08/04/2012,Apr-12,4,2012,LAND-en ZEEZICHT,Minor Dam,451,,,
7d3682bc-22ad-4971-ad6c-666d34edc1a9,09/04/2012,Apr-12,4,2012,LAND-en ZEEZICHT,Minor Dam,451,,,
2e326861-bf1c-4210-b70e-17943a1e73bf,10/04/2012,Apr-12,4,2012,LAND-en ZEEZICHT,Minor Dam,451,,,
ea93ad1a-e9ac-4051-a71a-21e365f68cfa,11/04/2012,Apr-12,4,2012,LAND-en ZEEZICHT,Minor Dam,451,,,
3f2c29e2-a541-4175-befd-8cf6ecc29d1f,12/04/2012,Apr-12,4,2012,LAND-en ZEEZICHT,Minor Dam,451,,,
310c7e94-6408-4e07-8ce6-74f59bcf872a,13/04/2012,Apr-12,4,2012,LAND-en ZEEZICHT,Minor Dam,451,,,
769d5091-0f6e-43e2-b22e-ca1eb57df707,14/04/2012,Apr-12,4,2012,LAND-en ZEEZICHT,Minor Dam,451,,,
7d435f6b-b20f-4ec7-885f-b9d0bfee0928,15/04/2012,Apr-12,4,2012,LAND-en ZEEZICHT,Minor Dam,451,,,
1cdaf988-5d86-4547-9e02-dbd49982122c,16/04/2012,Apr-12,4,2012,LAND-en ZEEZICHT,Minor Dam,451,,,
88369e51-5013-4008-92ab-bfdee3fc38fc,17/04/2012,Apr-12,4,2012,LAND-en ZEEZICHT,Minor Dam,451,,,
eb1b007d-db8f-4332-882a-2fb4fe67fa50,18/04/2012,Apr-12,4,2012,LAND-en ZEEZICHT,Minor Dam,451,,,
9617429b-0c45-4f33-9d79-ac7dac687af4,19/04/2012,Apr-12,4,2012,LAND-en ZEEZICHT,Minor Dam,451,,,
49421298-04e7-40ae-953c-ae2de851dbfa,20/04/2012,Apr-12,4,2012,LAND-en ZEEZICHT,Minor Dam,451,,,
4bcbcd20-abc4-4a7d-b890-524126b0160c,21/04/2012,Apr-12,4,2012,LAND-en ZEEZICHT,Minor Dam,451,,,
fdf1fa75-8255-4fc9-bfd2-fcd72200af16,22/04/2012,Apr-12,4,2012,LAND-en ZEEZICHT,Minor Dam,451,,,
fb5bdaaa-7f6e-4f89-906d-0fbb70b42005,23/04/2012,Apr-12,4,2012,LAND-en ZEEZICHT,Minor Dam,451,,,
584f8dff-1830-48cb-b3d6-7c06ff9705a6,24/04/2012,Apr-12,4,2012,LAND-en ZEEZICHT,Minor Dam,451,,,
1f99d7e6-eec0-4b66-9ed9-0927b86787bf,25/04/2012,Apr-12,4,2012,LAND-en ZEEZICHT,Minor Dam,451,,,
6121ae77-ebb6-498f-a56a-4ca3d40b59a0,26/04/2012,Apr-12,4,2012,LAND-en ZEEZICHT,Minor Dam,451,,,
182e4eb1-1fd7-4694-a3a6-35796d1ded8b,27/04/2012,Apr-12,4,2012,LAND-en ZEEZICHT,Minor Dam,451,,,
29bf05f9-7c16-4af5-8327-7d95d6e0aaeb,28/04/2012,Apr-12,4,2012,LAND-en ZEEZICHT,Minor Dam,451,,,
d7f4e14b-289c-491b-9f9b-b72f78e8fd67,29/04/2012,Apr-12,4,2012,LAND-en ZEEZICHT,Minor Dam,451,,,
a24a0839-f8f0-4023-911a-c8949c56aee5,30/04/2012,Apr-12,4,2012,LAND-en ZEEZICHT,Minor Dam,451,,,
3cd0477f-55ab-4ef8-99b4-10eacd056f7d,01/05/2012,May-12,5,2012,LAND-en ZEEZICHT,Minor Dam,451,,,
bfad1cf8-a03b-49e5-86b1-cec2d84e1026,02/05/2012,May-12,5,2012,LAND-en ZEEZICHT,Minor Dam,451,,,
a4f4d1bf-e673-408c-87f8-1673c6ebb340,03/05/2012,May-12,5,2012,LAND-en ZEEZICHT,Minor Dam,451,,,
d55905a1-9f3f-42f4-a2db-3e088a8c5ae3,04/05/2012,May-12,5,2012,LAND-en ZEEZICHT,Minor Dam,451,,,
1846e039-31d1-4df4-8b7f-bd0d3272e2a6,05/05/2012,May-12,5,2012,LAND-en ZEEZICHT,Minor Dam,451,,,
a9ade55b-9393-4209-864e-a902ffe1563f,06/05/2012,May-12,5,2012,LAND-en ZEEZICHT,Minor Dam,451,,,
8a2726a0-de3b-4697-8184-316720a1068d,07/05/2012,May-12,5,2012,LAND-en ZEEZICHT,Minor Dam,451,,,
261d0a40-0785-455f-94ad-81882d0d7945,08/05/2012,May-12,5,2012,LAND-en ZEEZICHT,Minor Dam,451,,,
184dd77b-dbe7-4f79-bc9e-fa62aa19c146,09/05/2012,May-12,5,2012,LAND-en ZEEZICHT,Minor Dam,451,,,
ce32031b-f395-4491-8c02-28317a87f994,10/05/2012,May-12,5,2012,LAND-en ZEEZICHT,Minor Dam,451,,,
605b92f4-120e-4128-beea-59b926fe8add,11/05/2012,May-12,5,2012,LAND-en ZEEZICHT,Minor Dam,451,,,
1c179fdc-704c-4ee4-8f96-fceced5103bc,12/05/2012,May-12,5,2012,LAND-en ZEEZICHT,Minor Dam,451,,,
94513bc4-b98f-48ce-98e5-9f0ea837f14e,13/05/2012,May-12,5,2012,LAND-en ZEEZICHT,Minor Dam,451,,,
3ec81344-a54f-4b7f-aaca-04ebd7d9646a,14/05/2012,May-12,5,2012,LAND-en ZEEZICHT,Minor Dam,451,,,
08552954-75af-4af1-955f-57dca1a5eddc,15/05/2012,May-12,5,2012,LAND-en ZEEZICHT,Minor Dam,451,,,
3080fbc4-4df3-43eb-8a65-3908d039bcb6,16/05/2012,May-12,5,2012,LAND-en ZEEZICHT,Minor Dam,451,,,
d1198019-66c5-40e1-b6fe-b590abfa9de9,17/05/2012,May-12,5,2012,LAND-en ZEEZICHT,Minor Dam,451,,,
25a429aa-93a4-42a8-837d-7dcaf821d42d,18/05/2012,May-12,5,2012,LAND-en ZEEZICHT,Minor Dam,451,,,
10575392-723d-46d3-98f4-225bbe64fc8b,19/05/2012,May-12,5,2012,LAND-en ZEEZICHT,Minor Dam,451,,,
42b07df4-4eff-4b43-b648-256c7eeee8e2,20/05/2012,May-12,5,2012,LAND-en ZEEZICHT,Minor Dam,451,,,
d74cdab0-cb40-4f65-96eb-dd2d6df42791,21/05/2012,May-12,5,2012,LAND-en ZEEZICHT,Minor Dam,451,,,
e19ec260-77cc-4cd1-9263-e84a06373945,22/05/2012,May-12,5,2012,LAND-en ZEEZICHT,Minor Dam,451,,,
d890da5a-3af7-4c71-8ce1-f98577fc0a23,23/05/2012,May-12,5,2012,LAND-en ZEEZICHT,Minor Dam,451,,,
6a2ebf86-c45a-4d06-aaef-07bd9d0252f5,24/05/2012,May-12,5,2012,LAND-en ZEEZICHT,Minor Dam,451,,,
82373b53-ea19-4581-a4ff-fd98c67e93b7,25/05/2012,May-12,5,2012,LAND-en ZEEZICHT,Minor Dam,451,,,
f1d97b77-3a41-4052-9edf-c51937c55143,26/05/2012,May-12,5,2012,LAND-en ZEEZICHT,Minor Dam,451,,,
2a3c7228-9cb8-4f5b-a1a7-c5c1cb1ea2ec,27/05/2012,May-12,5,2012,LAND-en ZEEZICHT,Minor Dam,451,,,
cafbbcc6-fe75-462a-8f50-cdf71589b34b,28/05/2012,May-12,5,2012,LAND-en ZEEZICHT,Minor Dam,451,,,
9326995b-1f4f-4e66-ba59-6b25d1a19f67,29/05/2012,May-12,5,2012,LAND-en ZEEZICHT,Minor Dam,451,,,
3bc3e68e-a06b-4e31-81f7-141f5bc8171f,30/05/2012,May-12,5,2012,LAND-en ZEEZICHT,Minor Dam,451,,,
2b95232e-66fa-4492-9cb3-04e1178034e2,31/05/2012,May-12,5,2012,LAND-en ZEEZICHT,Minor Dam,451,,,
6a7948a3-abaf-4bc8-80d1-aa70c28f0678,01/06/2012,Jun-12,6,2012,LAND-en ZEEZICHT,Minor Dam,451,,,
00c463f5-79b0-428c-a8c6-712a64bee5f4,02/06/2012,Jun-12,6,2012,LAND-en ZEEZICHT,Minor Dam,451,,,
f3fcd83f-47f3-4d61-a4e8-e6dd41324d57,03/06/2012,Jun-12,6,2012,LAND-en ZEEZICHT,Minor Dam,451,,,
8fef1f18-17f4-451f-904a-0ae4ecd00062,04/06/2012,Jun-12,6,2012,LAND-en ZEEZICHT,Minor Dam,451,,,
eb6d8b79-2978-4d84-9916-91983121b740,05/06/2012,Jun-12,6,2012,LAND-en ZEEZICHT,Minor Dam,451,,,
8a319288-4f6a-4407-b17a-c7fd441a18dd,06/06/2012,Jun-12,6,2012,LAND-en ZEEZICHT,Minor Dam,451,,,
c0b420ad-e144-46bf-a41e-56a7b6011d5e,07/06/2012,Jun-12,6,2012,LAND-en ZEEZICHT,Minor Dam,451,,,
fe3fdbd7-9f92-40a8-87cf-d26034f06042,08/06/2012,Jun-12,6,2012,LAND-en ZEEZICHT,Minor Dam,451,,,
f70dbd67-3a5b-479d-9816-91fd572f9038,09/06/2012,Jun-12,6,2012,LAND-en ZEEZICHT,Minor Dam,451,,,
43e295f1-0bce-40cf-8515-78eb11f4f754,10/06/2012,Jun-12,6,2012,LAND-en ZEEZICHT,Minor Dam,451,,,
39792763-a484-4617-ba6e-003bd02aa372,11/06/2012,Jun-12,6,2012,LAND-en ZEEZICHT,Minor Dam,451,,,
4f45a2d1-4ecc-48f4-9065-e40b4606a2e8,12/06/2012,Jun-12,6,2012,LAND-en ZEEZICHT,Minor Dam,451,,,
a4a87d10-c5ea-4f18-a8cb-f5dfbd2d4a3f,13/06/2012,Jun-12,6,2012,LAND-en ZEEZICHT,Minor Dam,451,,,
75e71c57-804b-41ca-9fa0-184cdf5dc7c1,14/06/2012,Jun-12,6,2012,LAND-en ZEEZICHT,Minor Dam,451,,,
5269f739-bf6a-4a74-a34f-46ae9a7d41ba,15/06/2012,Jun-12,6,2012,LAND-en ZEEZICHT,Minor Dam,451,,,
ba823361-acc7-4479-a54f-ffb5dddb851d,16/06/2012,Jun-12,6,2012,LAND-en ZEEZICHT,Minor Dam,451,,,
28175d93-b874-466f-a55c-a804efef8cc6,17/06/2012,Jun-12,6,2012,LAND-en ZEEZICHT,Minor Dam,451,,,
eb426ce7-20ed-42e6-a462-dd58ba5907bb,18/06/2012,Jun-12,6,2012,LAND-en ZEEZICHT,Minor Dam,451,,,
7f6244fd-a1f2-4be0-9f83-016b1b54e19c,19/06/2012,Jun-12,6,2012,LAND-en ZEEZICHT,Minor Dam,451,,,
a4d23c4d-4fa2-4efc-a541-ac3c66754b95,20/06/2012,Jun-12,6,2012,LAND-en ZEEZICHT,Minor Dam,451,,,
8c335424-27da-4bbd-bef0-15e93d0cc0e7,21/06/2012,Jun-12,6,2012,LAND-en ZEEZICHT,Minor Dam,451,,,
f1f96588-774c-4f95-a450-bca4abc50494,22/06/2012,Jun-12,6,2012,LAND-en ZEEZICHT,Minor Dam,451,,,
da032c9f-2e0e-4c67-af2d-1a6439879a08,23/06/2012,Jun-12,6,2012,LAND-en ZEEZICHT,Minor Dam,451,,,
ece3d67b-56db-4b33-9093-6325ff1a8543,24/06/2012,Jun-12,6,2012,LAND-en ZEEZICHT,Minor Dam,451,,,
75946819-ca1b-449c-9be0-ad820ff677e3,25/06/2012,Jun-12,6,2012,LAND-en ZEEZICHT,Minor Dam,451,,,
ae9f8a38-c737-4278-9213-c84fef6a5342,26/06/2012,Jun-12,6,2012,LAND-en ZEEZICHT,Minor Dam,451,,,
197ba3cf-c7f3-49b7-84bc-b706cdd22bbb,27/06/2012,Jun-12,6,2012,LAND-en ZEEZICHT,Minor Dam,451,,,
9429881b-93b7-45d3-a8a7-12ea4b8c1f58,28/06/2012,Jun-12,6,2012,LAND-en ZEEZICHT,Minor Dam,451,,,
ea163d0f-08a4-49e1-9309-2aab563a5866,29/06/2012,Jun-12,6,2012,LAND-en ZEEZICHT,Minor Dam,451,,,
e0f391b6-a9aa-4aed-a8da-bd710cb2f248,30/06/2012,Jun-12,6,2012,LAND-en ZEEZICHT,Minor Dam,451,,,
fdb84ad8-8154-4b1d-9995-9d6f218f4aab,01/07/2012,Jul-12,7,2012,LAND-en ZEEZICHT,Minor Dam,451,,,
0516cfba-05c7-45a6-8f7c-59037cd3aa08,02/07/2012,Jul-12,7,2012,LAND-en ZEEZICHT,Minor Dam,451,,,
821dd3e7-ab7c-4bf3-995c-14cacee113af,03/07/2012,Jul-12,7,2012,LAND-en ZEEZICHT,Minor Dam,451,,,
8e7ff12f-9747-478c-80d4-5f961735e5ce,04/07/2012,Jul-12,7,2012,LAND-en ZEEZICHT,Minor Dam,451,,,
702b6ad0-c68c-4a5f-abaa-55e932524b85,05/07/2012,Jul-12,7,2012,LAND-en ZEEZICHT,Minor Dam,451,,,
09f21503-a664-48ce-bf32-29b1d06d9b1b,06/07/2012,Jul-12,7,2012,LAND-en ZEEZICHT,Minor Dam,451,,,
cba58c36-d541-4482-95dd-7f53c753d1f8,07/07/2012,Jul-12,7,2012,LAND-en ZEEZICHT,Minor Dam,451,,,
347f74d0-2689-43f2-ac35-f804d1347206,08/07/2012,Jul-12,7,2012,LAND-en ZEEZICHT,Minor Dam,451,,,
d43706bc-40a9-42ae-ba6a-2e7c3de848d0,09/07/2012,Jul-12,7,2012,LAND-en ZEEZICHT,Minor Dam,451,,,
b13535f6-c21c-4bcd-b576-c3b80010f3cb,10/07/2012,Jul-12,7,2012,LAND-en ZEEZICHT,Minor Dam,451,,,
fb6d6e54-6d27-4db7-9a60-6a7555313572,11/07/2012,Jul-12,7,2012,LAND-en ZEEZICHT,Minor Dam,451,,,
8ea83aef-351a-424c-a656-30463fdf6c65,12/07/2012,Jul-12,7,2012,LAND-en ZEEZICHT,Minor Dam,451,,,
cb88c410-f9bb-4c12-afd0-9febbb17cd2d,13/07/2012,Jul-12,7,2012,LAND-en ZEEZICHT,Minor Dam,451,,,
8107b2ac-a9df-4e88-b21c-a9ce3173ee06,14/07/2012,Jul-12,7,2012,LAND-en ZEEZICHT,Minor Dam,451,,,
8cb30f7d-c8a6-47b4-b198-dfdeb4080234,15/07/2012,Jul-12,7,2012,LAND-en ZEEZICHT,Minor Dam,451,,,
0ace19d7-cc13-4158-8185-71d7eeee59f1,16/07/2012,Jul-12,7,2012,LAND-en ZEEZICHT,Minor Dam,451,,,
787c8749-7af7-42bc-9fe3-1ec92440afa9,17/07/2012,Jul-12,7,2012,LAND-en ZEEZICHT,Minor Dam,451,,,
ecf846f8-8207-43ff-b78d-8b42842e7a04,18/07/2012,Jul-12,7,2012,LAND-en ZEEZICHT,Minor Dam,451,,,
e129e051-274b-433d-b1c2-3f5d9242519c,19/07/2012,Jul-12,7,2012,LAND-en ZEEZICHT,Minor Dam,451,,,
293955c6-19f4-4534-9a45-63d636394f76,20/07/2012,Jul-12,7,2012,LAND-en ZEEZICHT,Minor Dam,451,,,
d74c74c1-f263-42c3-a2ff-fa908122b8d1,21/07/2012,Jul-12,7,2012,LAND-en ZEEZICHT,Minor Dam,451,,,
0f0d787a-b1ea-477d-a424-f018ec19fdc4,22/07/2012,Jul-12,7,2012,LAND-en ZEEZICHT,Minor Dam,451,,,
8b1c8415-77bf-4ce6-b630-0e4a5e97ae2e,23/07/2012,Jul-12,7,2012,LAND-en ZEEZICHT,Minor Dam,451,,,
b38c5178-9ec7-4c63-b101-fa29973fad35,24/07/2012,Jul-12,7,2012,LAND-en ZEEZICHT,Minor Dam,451,,,
03b0eb21-7554-417a-a1a3-5fc191dd80f1,25/07/2012,Jul-12,7,2012,LAND-en ZEEZICHT,Minor Dam,451,,,
29754da0-a2ea-4c02-90c7-222a9a97ab32,26/07/2012,Jul-12,7,2012,LAND-en ZEEZICHT,Minor Dam,451,,,
21fdaa6e-a010-47ad-bfa0-5bd5a3db9de7,27/07/2012,Jul-12,7,2012,LAND-en ZEEZICHT,Minor Dam,451,,,
239f4a83-b687-4934-99ff-971662da6a56,28/07/2012,Jul-12,7,2012,LAND-en ZEEZICHT,Minor Dam,451,,,
a9000218-19bc-4489-ab55-75e92baa9cfa,29/07/2012,Jul-12,7,2012,LAND-en ZEEZICHT,Minor Dam,451,,,
c3dac4fd-a63f-4a8f-9c63-fedbd707c281,30/07/2012,Jul-12,7,2012,LAND-en ZEEZICHT,Minor Dam,451,,,
22b342d1-8ae8-47f6-b066-93ffe5320988,31/07/2012,Jul-12,7,2012,LAND-en ZEEZICHT,Minor Dam,451,,,
43fb031c-1186-4bd1-b72d-492a22d10206,01/08/2012,Aug-12,8,2012,LAND-en ZEEZICHT,Minor Dam,451,,,
72d2b9cd-fd07-4055-822c-ede5e9bb61c3,02/08/2012,Aug-12,8,2012,LAND-en ZEEZICHT,Minor Dam,451,,,
1ea4b024-451d-464d-bfea-6cb3f1176550,03/08/2012,Aug-12,8,2012,LAND-en ZEEZICHT,Minor Dam,451,,,
a05c2e57-9918-4d2f-806a-cac5ba46c251,04/08/2012,Aug-12,8,2012,LAND-en ZEEZICHT,Minor Dam,451,,,
64bef4d7-8a37-4e7f-aa01-827d607ba04c,05/08/2012,Aug-12,8,2012,LAND-en ZEEZICHT,Minor Dam,451,,,
a9b9715c-cce2-4e1f-9e75-fcd4f515e4af,06/08/2012,Aug-12,8,2012,LAND-en ZEEZICHT,Minor Dam,451,,,
50aecc28-500d-4c12-86fe-c1a50ab01b40,07/08/2012,Aug-12,8,2012,LAND-en ZEEZICHT,Minor Dam,451,,,
4ecd8302-c71c-4700-8c12-755350d89ce5,08/08/2012,Aug-12,8,2012,LAND-en ZEEZICHT,Minor Dam,451,,,
9639b424-57ff-46ff-80a6-3aa307f655c1,09/08/2012,Aug-12,8,2012,LAND-en ZEEZICHT,Minor Dam,451,,,
de62f32d-c189-4358-908d-0189fc8ffac9,10/08/2012,Aug-12,8,2012,LAND-en ZEEZICHT,Minor Dam,451,,,
32fb0dfb-950b-4e74-b146-75c5bfe4ecc8,11/08/2012,Aug-12,8,2012,LAND-en ZEEZICHT,Minor Dam,451,,,
94bc8196-e2ac-419f-8bf0-4cf99aaba117,12/08/2012,Aug-12,8,2012,LAND-en ZEEZICHT,Minor Dam,451,,,
c951e9fd-c4f4-4226-a957-265e3068c0af,13/08/2012,Aug-12,8,2012,LAND-en ZEEZICHT,Minor Dam,451,,,
77d613d5-1770-494b-930c-696ce3d73ca7,14/08/2012,Aug-12,8,2012,LAND-en ZEEZICHT,Minor Dam,451,,,
44c4ce5c-ff1b-4a6d-97cc-17ff69af6e60,15/08/2012,Aug-12,8,2012,LAND-en ZEEZICHT,Minor Dam,451,,,
15badf3b-975c-43ab-8fd1-a1a765caddb9,16/08/2012,Aug-12,8,2012,LAND-en ZEEZICHT,Minor Dam,451,,,
e35fb33a-75c3-4b9a-9a6f-06e1ce8437ac,17/08/2012,Aug-12,8,2012,LAND-en ZEEZICHT,Minor Dam,451,,,
f79c4666-b0c3-4aa8-a780-f2b064ba6120,18/08/2012,Aug-12,8,2012,LAND-en ZEEZICHT,Minor Dam,451,,,
bd989811-e47d-4943-952e-e59278099522,19/08/2012,Aug-12,8,2012,LAND-en ZEEZICHT,Minor Dam,451,,,
b77fd01e-02e3-4526-b009-274daf1b906b,20/08/2012,Aug-12,8,2012,LAND-en ZEEZICHT,Minor Dam,451,,,
15939ab5-2644-4934-92b3-60991566e066,21/08/2012,Aug-12,8,2012,LAND-en ZEEZICHT,Minor Dam,451,,,
c179d9d4-9083-41db-a85a-b36013d4f202,22/08/2012,Aug-12,8,2012,LAND-en ZEEZICHT,Minor Dam,451,,,
2b2a9bb2-7f77-4082-9c24-395b112de211,23/08/2012,Aug-12,8,2012,LAND-en ZEEZICHT,Minor Dam,451,,,
a601dfa9-7145-42ca-8831-992674fbbbac,24/08/2012,Aug-12,8,2012,LAND-en ZEEZICHT,Minor Dam,451,,,
046cf385-452c-46d7-bb4d-7c9d775b2a79,25/08/2012,Aug-12,8,2012,LAND-en ZEEZICHT,Minor Dam,451,,,
ce733405-d03b-4241-8e84-810c4b05fe33,26/08/2012,Aug-12,8,2012,LAND-en ZEEZICHT,Minor Dam,451,,,
bef7da60-56db-430a-9b4a-5357993118ff,27/08/2012,Aug-12,8,2012,LAND-en ZEEZICHT,Minor Dam,451,,,
0721a218-7c93-417f-a570-e45a45ad765f,28/08/2012,Aug-12,8,2012,LAND-en ZEEZICHT,Minor Dam,451,,,
342f10d9-4d27-4708-b5f6-42b0e8c3f35d,29/08/2012,Aug-12,8,2012,LAND-en ZEEZICHT,Minor Dam,451,,,
16fcbf23-7d11-4e6c-b1ef-a2187266d521,30/08/2012,Aug-12,8,2012,LAND-en ZEEZICHT,Minor Dam,451,,,
e4b50d5a-eae9-474a-8b2b-83d88eb07995,31/08/2012,Aug-12,8,2012,LAND-en ZEEZICHT,Minor Dam,451,,,
3600de98-5cbf-456c-949c-a8ee28c65d59,01/09/2012,Sep-12,9,2012,LAND-en ZEEZICHT,Minor Dam,451,,,
2219334e-f17e-4e29-a01d-010b6431741a,02/09/2012,Sep-12,9,2012,LAND-en ZEEZICHT,Minor Dam,451,,,
084ae57c-cf94-4237-864e-a8b883b5b6fe,03/09/2012,Sep-12,9,2012,LAND-en ZEEZICHT,Minor Dam,451,,,
dff5bbf3-91bd-482b-9bf6-38a6211e0429,04/09/2012,Sep-12,9,2012,LAND-en ZEEZICHT,Minor Dam,451,,,
ea133988-15d5-43b0-8946-dd90657b4eb8,05/09/2012,Sep-12,9,2012,LAND-en ZEEZICHT,Minor Dam,451,,,
fba10f03-2860-4bd2-a9a1-9dfb6e807f80,06/09/2012,Sep-12,9,2012,LAND-en ZEEZICHT,Minor Dam,451,,,
a2ab237d-b7e7-448d-be47-86ab67fd21f5,07/09/2012,Sep-12,9,2012,LAND-en ZEEZICHT,Minor Dam,451,,,
eb3095ba-da45-4902-874c-4d0765b43a03,08/09/2012,Sep-12,9,2012,LAND-en ZEEZICHT,Minor Dam,451,,,
0859c5d3-09c3-4e03-895f-d80458e4225b,09/09/2012,Sep-12,9,2012,LAND-en ZEEZICHT,Minor Dam,451,,,
13b6debe-b32b-46ca-bd94-c4b8c21a80b3,10/09/2012,Sep-12,9,2012,LAND-en ZEEZICHT,Minor Dam,451,,,
b742f495-a1a3-42cd-a889-66c4394ea9f6,11/09/2012,Sep-12,9,2012,LAND-en ZEEZICHT,Minor Dam,451,,,
cf08a791-1c16-4ded-9632-7aa06c9a33ee,12/09/2012,Sep-12,9,2012,LAND-en ZEEZICHT,Minor Dam,451,,,
31ca0126-290b-4a2c-bcbc-3172f7daeea1,13/09/2012,Sep-12,9,2012,LAND-en ZEEZICHT,Minor Dam,451,,,
8f28b18e-7c10-4dfa-963e-322a2ccb0fc7,14/09/2012,Sep-12,9,2012,LAND-en ZEEZICHT,Minor Dam,451,,,
f2e57c2b-3193-415a-ae9e-8e00b5dee4b7,15/09/2012,Sep-12,9,2012,LAND-en ZEEZICHT,Minor Dam,451,,,
defc54b7-d19b-4456-ac3d-74dfe90a1123,16/09/2012,Sep-12,9,2012,LAND-en ZEEZICHT,Minor Dam,451,,,
542f54ee-ae3b-4654-a766-c1a6d6720399,17/09/2012,Sep-12,9,2012,LAND-en ZEEZICHT,Minor Dam,451,,,
ceef9cc5-b968-4e60-8b19-1d0cab607518,18/09/2012,Sep-12,9,2012,LAND-en ZEEZICHT,Minor Dam,451,,,
e0dc611d-693a-4c5d-b5cc-7d8c60eef943,19/09/2012,Sep-12,9,2012,LAND-en ZEEZICHT,Minor Dam,451,,,
7842f626-9d40-4ba6-9e37-77b27a157599,20/09/2012,Sep-12,9,2012,LAND-en ZEEZICHT,Minor Dam,451,,,
e00356b5-0c05-4697-bbf9-1f3b53731ef9,21/09/2012,Sep-12,9,2012,LAND-en ZEEZICHT,Minor Dam,451,,,
7073dda9-0ae5-479c-9175-e1baba8b026c,22/09/2012,Sep-12,9,2012,LAND-en ZEEZICHT,Minor Dam,451,,,
926c6781-1c7a-423c-b35e-118f75d6065f,23/09/2012,Sep-12,9,2012,LAND-en ZEEZICHT,Minor Dam,451,,,
718b984b-f543-4ae1-8564-3fbd4242c86c,24/09/2012,Sep-12,9,2012,LAND-en ZEEZICHT,Minor Dam,451,,,
bd6e0aaa-cdc6-4819-b108-89010993aec7,25/09/2012,Sep-12,9,2012,LAND-en ZEEZICHT,Minor Dam,451,,,
7d240d83-4e68-4df5-9ba9-5eb9c55e8d1d,26/09/2012,Sep-12,9,2012,LAND-en ZEEZICHT,Minor Dam,451,,,
ae4a5b99-00a3-476d-91f1-7ff731f91a23,27/09/2012,Sep-12,9,2012,LAND-en ZEEZICHT,Minor Dam,451,,,
e8f1253c-6ef7-424c-8f97-820bac0c5be4,28/09/2012,Sep-12,9,2012,LAND-en ZEEZICHT,Minor Dam,451,,,
c334f19d-1e0d-4cb4-b0c0-23c6f1b636eb,29/09/2012,Sep-12,9,2012,LAND-en ZEEZICHT,Minor Dam,451,,,
5da54873-f539-4993-93cf-10814fa9dbe3,30/09/2012,Sep-12,9,2012,LAND-en ZEEZICHT,Minor Dam,451,,,
e32baf93-b463-47b2-abd9-c14b2867da68,01/10/2012,Oct-12,10,2012,LAND-en ZEEZICHT,Minor Dam,451,,,
a489c71b-68de-4e2b-a225-c412f0f729e9,02/10/2012,Oct-12,10,2012,LAND-en ZEEZICHT,Minor Dam,451,,,
c93e8658-920f-4846-8df6-3dd8639400df,03/10/2012,Oct-12,10,2012,LAND-en ZEEZICHT,Minor Dam,451,,,
8b2f93e4-3820-4029-aafb-50d54a5aab5c,04/10/2012,Oct-12,10,2012,LAND-en ZEEZICHT,Minor Dam,451,,,
1e0b23af-997c-45f2-9c61-203771e6ba2f,05/10/2012,Oct-12,10,2012,LAND-en ZEEZICHT,Minor Dam,451,,,
793bb8f4-c8fa-4ad6-9c52-be233f780cdc,06/10/2012,Oct-12,10,2012,LAND-en ZEEZICHT,Minor Dam,451,,,
17d3af1f-31b1-4e30-ad95-46b7c95b0349,07/10/2012,Oct-12,10,2012,LAND-en ZEEZICHT,Minor Dam,451,,,
c7691f30-a6b9-490e-a582-7b02d21a460b,08/10/2012,Oct-12,10,2012,LAND-en ZEEZICHT,Minor Dam,451,,,
cd5d0361-ee16-48e8-92b3-4748ab91bd2b,09/10/2012,Oct-12,10,2012,LAND-en ZEEZICHT,Minor Dam,451,,,
5a8286ec-06bb-4010-b834-9f60876a4782,10/10/2012,Oct-12,10,2012,LAND-en ZEEZICHT,Minor Dam,451,,,
7caad8f9-ec90-4e48-9066-dec1bf454b96,11/10/2012,Oct-12,10,2012,LAND-en ZEEZICHT,Minor Dam,451,,,
e2fdb707-bcaa-44c4-93f8-1a53778d4e17,12/10/2012,Oct-12,10,2012,LAND-en ZEEZICHT,Minor Dam,451,,,
4deb67a6-616b-4cd7-beb4-5d0e6f2ba257,13/10/2012,Oct-12,10,2012,LAND-en ZEEZICHT,Minor Dam,451,,,
c98db682-bbf4-4429-a5de-0168ab1326b6,14/10/2012,Oct-12,10,2012,LAND-en ZEEZICHT,Minor Dam,451,,,
a08c952b-ead5-4ff4-be98-4e58c2b82953,15/10/2012,Oct-12,10,2012,LAND-en ZEEZICHT,Minor Dam,451,,,
223da556-67b7-4b7c-92d9-43849ef083b8,16/10/2012,Oct-12,10,2012,LAND-en ZEEZICHT,Minor Dam,451,,,
9047b13b-eafa-4615-9555-a9da0ab9eac4,17/10/2012,Oct-12,10,2012,LAND-en ZEEZICHT,Minor Dam,451,,,
cd5eef64-d158-43cc-968e-61f7cda2bf6c,18/10/2012,Oct-12,10,2012,LAND-en ZEEZICHT,Minor Dam,451,,,
ccee2cb4-f22e-4652-8143-50b177c681b7,19/10/2012,Oct-12,10,2012,LAND-en ZEEZICHT,Minor Dam,451,,,
747ca3e8-d2a7-4c5b-a7c8-16e4959e9a13,20/10/2012,Oct-12,10,2012,LAND-en ZEEZICHT,Minor Dam,451,,,
4769060b-b1e8-4874-b4d5-36447b0db5e6,21/10/2012,Oct-12,10,2012,LAND-en ZEEZICHT,Minor Dam,451,,,
5308b109-57d7-45ff-9a05-712526377d3f,22/10/2012,Oct-12,10,2012,LAND-en ZEEZICHT,Minor Dam,451,,,
54ec8b3e-a911-4008-9a7f-9ba06390fbb2,23/10/2012,Oct-12,10,2012,LAND-en ZEEZICHT,Minor Dam,451,,,
7dae32cd-f067-4c08-9547-4139c806fe91,24/10/2012,Oct-12,10,2012,LAND-en ZEEZICHT,Minor Dam,451,,,
07206711-3c15-4f30-8ce9-256e78ea90c7,25/10/2012,Oct-12,10,2012,LAND-en ZEEZICHT,Minor Dam,451,,,
9ef485d4-8ce9-4a49-b8e4-38633abbf6d2,26/10/2012,Oct-12,10,2012,LAND-en ZEEZICHT,Minor Dam,451,,,
23236cf1-3625-41df-8621-cbac39c93d91,27/10/2012,Oct-12,10,2012,LAND-en ZEEZICHT,Minor Dam,451,,,
fce2741e-49ba-4187-8073-efe44ad200a1,28/10/2012,Oct-12,10,2012,LAND-en ZEEZICHT,Minor Dam,451,,,
7f2eafb7-4c88-4ae4-838f-cd3bd9a6180f,29/10/2012,Oct-12,10,2012,LAND-en ZEEZICHT,Minor Dam,451,,,
0ff9d78d-9c2e-4aff-b0e1-a67a6e36f8d8,30/10/2012,Oct-12,10,2012,LAND-en ZEEZICHT,Minor Dam,451,,,
b4d88da9-2878-48a0-8838-d1266e914fa5,31/10/2012,Oct-12,10,2012,LAND-en ZEEZICHT,Minor Dam,451,,,
0f4932b8-d572-4809-b469-1b8540c77dbf,01/11/2012,Nov-12,11,2012,LAND-en ZEEZICHT,Minor Dam,451,,,
dc178924-5050-4130-8558-cc78c362f592,02/11/2012,Nov-12,11,2012,LAND-en ZEEZICHT,Minor Dam,451,,,
2b22c673-efe4-479b-ab61-83998807bb8a,03/11/2012,Nov-12,11,2012,LAND-en ZEEZICHT,Minor Dam,451,,,
cbfe2c7c-bc19-412f-9e2c-00c9b2a7fcb2,04/11/2012,Nov-12,11,2012,LAND-en ZEEZICHT,Minor Dam,451,,,
39a550a9-b48f-4884-a489-57b533583c17,05/11/2012,Nov-12,11,2012,LAND-en ZEEZICHT,Minor Dam,451,,,
f66841cb-f342-4f58-875c-1f817bb32687,06/11/2012,Nov-12,11,2012,LAND-en ZEEZICHT,Minor Dam,451,,,
341c7b92-f042-4092-b6d5-ac99e8d7c259,07/11/2012,Nov-12,11,2012,LAND-en ZEEZICHT,Minor Dam,451,,,
07e6f293-2f37-46af-b5f3-cc5b75535769,08/11/2012,Nov-12,11,2012,LAND-en ZEEZICHT,Minor Dam,451,,,
7c2b193b-97da-4253-bee2-4613777cc75e,09/11/2012,Nov-12,11,2012,LAND-en ZEEZICHT,Minor Dam,451,,,
b5d77190-ff45-4159-85cc-f2a7cd6ff30c,10/11/2012,Nov-12,11,2012,LAND-en ZEEZICHT,Minor Dam,451,,,
d2160bac-7cd7-4154-90a9-81e93d71a52f,11/11/2012,Nov-12,11,2012,LAND-en ZEEZICHT,Minor Dam,451,,,
65c08dd5-72fc-43e4-abf3-487a551c885d,12/11/2012,Nov-12,11,2012,LAND-en ZEEZICHT,Minor Dam,451,,,
dc8984bf-89fa-45fb-9b2b-fd6964a7722c,13/11/2012,Nov-12,11,2012,LAND-en ZEEZICHT,Minor Dam,451,,,
f8865e66-6b71-43dd-a38d-991e67c275a2,14/11/2012,Nov-12,11,2012,LAND-en ZEEZICHT,Minor Dam,451,,,
5ec0e94e-e1e8-4ad6-b37d-6723aba82dc9,15/11/2012,Nov-12,11,2012,LAND-en ZEEZICHT,Minor Dam,451,,,
9614b5ac-51e8-4ef3-8304-0bd9ac31600f,16/11/2012,Nov-12,11,2012,LAND-en ZEEZICHT,Minor Dam,451,,,
708644fa-3102-4cd3-ab3c-0dd63cb158e7,17/11/2012,Nov-12,11,2012,LAND-en ZEEZICHT,Minor Dam,451,,,
49610417-2f20-4ead-9d80-679a74ff1cd9,18/11/2012,Nov-12,11,2012,LAND-en ZEEZICHT,Minor Dam,451,,,
e4787ebd-d60c-4d53-b77f-d85603f1ee90,19/11/2012,Nov-12,11,2012,LAND-en ZEEZICHT,Minor Dam,451,,,
4a6cf000-0879-4557-a27b-0dfb6bb52924,20/11/2012,Nov-12,11,2012,LAND-en ZEEZICHT,Minor Dam,451,,,
f937b880-a143-4650-9de6-6a24302b8ef9,21/11/2012,Nov-12,11,2012,LAND-en ZEEZICHT,Minor Dam,451,,,
8f629f6c-2eb1-4674-8a79-c25ec6b2756e,22/11/2012,Nov-12,11,2012,LAND-en ZEEZICHT,Minor Dam,451,,,
5c114fbb-9ece-4b2b-93d6-705dc39e871c,23/11/2012,Nov-12,11,2012,LAND-en ZEEZICHT,Minor Dam,451,,,
925256d9-8005-4aec-a3a6-a3ed3796ebb9,24/11/2012,Nov-12,11,2012,LAND-en ZEEZICHT,Minor Dam,451,,,
8d39fc14-6f13-40f1-a059-1b79f401496a,25/11/2012,Nov-12,11,2012,LAND-en ZEEZICHT,Minor Dam,451,,,
e5f5481d-13a4-4609-9978-68362737fedd,26/11/2012,Nov-12,11,2012,LAND-en ZEEZICHT,Minor Dam,451,,,
098bc73d-8a11-44d5-aedf-ff9db6f27532,27/11/2012,Nov-12,11,2012,LAND-en ZEEZICHT,Minor Dam,451,,,
217eb86d-d63c-43e4-abaf-9947036bd3b6,28/11/2012,Nov-12,11,2012,LAND-en ZEEZICHT,Minor Dam,451,,,
d5e1656f-812d-48ab-8dc4-b4c5045e5e5c,29/11/2012,Nov-12,11,2012,LAND-en ZEEZICHT,Minor Dam,451,,,
490258c5-4407-4198-96bb-aad1686925c6,30/11/2012,Nov-12,11,2012,LAND-en ZEEZICHT,Minor Dam,451,,,
36a21615-d913-4611-97e8-e76708954859,01/12/2012,Dec-12,12,2012,LAND-en ZEEZICHT,Minor Dam,451,,,
60926090-63cf-4332-8f36-96c0f7c74c2a,02/12/2012,Dec-12,12,2012,LAND-en ZEEZICHT,Minor Dam,451,,,
b4c76766-e40d-4b41-9455-edde56937f2f,03/12/2012,Dec-12,12,2012,LAND-en ZEEZICHT,Minor Dam,451,,,
edf49b50-e765-4b26-bfa3-b5472b460e8e,04/12/2012,Dec-12,12,2012,LAND-en ZEEZICHT,Minor Dam,451,,,
3226b857-50ce-4fcf-bf93-404d1b46b87b,05/12/2012,Dec-12,12,2012,LAND-en ZEEZICHT,Minor Dam,451,,,
f9fab9c9-94d2-463d-8131-11e43858058c,06/12/2012,Dec-12,12,2012,LAND-en ZEEZICHT,Minor Dam,451,,,
e917409c-82f3-41fb-b069-ea240e507bf9,07/12/2012,Dec-12,12,2012,LAND-en ZEEZICHT,Minor Dam,451,,,
685b496f-b383-4893-a4ff-53ba6cd431f9,08/12/2012,Dec-12,12,2012,LAND-en ZEEZICHT,Minor Dam,451,,,
32e739ff-c7ee-445f-98b3-7eaf26f841a1,09/12/2012,Dec-12,12,2012,LAND-en ZEEZICHT,Minor Dam,451,,,
7fc134d0-40d7-4d3a-a270-0dfa872f5b94,10/12/2012,Dec-12,12,2012,LAND-en ZEEZICHT,Minor Dam,451,,,
d0562fe2-d545-4ec9-907a-2cf8d1236111,11/12/2012,Dec-12,12,2012,LAND-en ZEEZICHT,Minor Dam,451,,,
881dc795-4c15-49ab-99b0-9852e29b1257,12/12/2012,Dec-12,12,2012,LAND-en ZEEZICHT,Minor Dam,451,,,
a7de3d59-8a6e-4dd8-87a1-3131dc6259f0,13/12/2012,Dec-12,12,2012,LAND-en ZEEZICHT,Minor Dam,451,,,
7b882b48-9870-417f-ad80-fc89c9f38ac6,14/12/2012,Dec-12,12,2012,LAND-en ZEEZICHT,Minor Dam,451,,,
483881a4-05dc-4f36-b389-77f6e49a8194,15/12/2012,Dec-12,12,2012,LAND-en ZEEZICHT,Minor Dam,451,,,
328d854f-036c-4a59-bf51-de73b4c5d6e3,16/12/2012,Dec-12,12,2012,LAND-en ZEEZICHT,Minor Dam,451,,,
3a103b83-2ea6-416c-81bb-6e326103367a,17/12/2012,Dec-12,12,2012,LAND-en ZEEZICHT,Minor Dam,451,,,
1773e329-844a-45b6-a94a-95a5d5b307e5,18/12/2012,Dec-12,12,2012,LAND-en ZEEZICHT,Minor Dam,451,,,
8a79dae0-04b8-44c0-9b02-42af3dc98fac,19/12/2012,Dec-12,12,2012,LAND-en ZEEZICHT,Minor Dam,451,,,
e2484659-5c45-4dd4-aa1b-d5fbd9b53228,20/12/2012,Dec-12,12,2012,LAND-en ZEEZICHT,Minor Dam,451,,,
a9f15169-1a20-4165-aa1f-76d933688947,21/12/2012,Dec-12,12,2012,LAND-en ZEEZICHT,Minor Dam,451,,,
b59c6833-e0a0-49f7-9b14-8326807bd59c,22/12/2012,Dec-12,12,2012,LAND-en ZEEZICHT,Minor Dam,451,,,
b09984c5-76c5-45b4-a02c-faf5f3a90f26,23/12/2012,Dec-12,12,2012,LAND-en ZEEZICHT,Minor Dam,451,,,
84175f6b-a56c-4eb9-b026-573d9410cfd9,24/12/2012,Dec-12,12,2012,LAND-en ZEEZICHT,Minor Dam,451,,,
0263a58c-d7f8-424d-aa98-896888a563df,25/12/2012,Dec-12,12,2012,LAND-en ZEEZICHT,Minor Dam,451,,,
0516924a-6f6d-4a84-93bc-6d149be70422,26/12/2012,Dec-12,12,2012,LAND-en ZEEZICHT,Minor Dam,451,,,
96648c48-478d-4ebe-b921-1b2e084c678b,27/12/2012,Dec-12,12,2012,LAND-en ZEEZICHT,Minor Dam,451,,,
71d09ab0-77e8-45e7-8248-bc1ac4b87477,28/12/2012,Dec-12,12,2012,LAND-en ZEEZICHT,Minor Dam,451,,,
24d07a3b-9212-4308-a8c4-5c1fb3623059,29/12/2012,Dec-12,12,2012,LAND-en ZEEZICHT,Minor Dam,451,,,
1213d15b-55a7-4cd7-9c46-899d9834ee2c,30/12/2012,Dec-12,12,2012,LAND-en ZEEZICHT,Minor Dam,451,,,
a851955a-74d9-44e2-997e-b9edde8fa556,31/12/2012,Dec-12,12,2012,LAND-en ZEEZICHT,Minor Dam,451,,,
714862a0-faa4-46b5-ab18-51cb624736c4,01/01/2013,Jan-13,1,2013,LAND-en ZEEZICHT,Minor Dam,451,,,
b88196ff-0e1d-4ed5-ad1a-674fe46366f8,02/01/2013,Jan-13,1,2013,LAND-en ZEEZICHT,Minor Dam,451,,,
6a2cbe0e-1f89-4cfe-9828-2a6d0f7d55ca,03/01/2013,Jan-13,1,2013,LAND-en ZEEZICHT,Minor Dam,451,,,
1cb34eb5-9dfc-45d0-978d-b0e284130487,04/01/2013,Jan-13,1,2013,LAND-en ZEEZICHT,Minor Dam,451,,,
e772ca0c-048b-4d57-abf2-d27f8649de23,05/01/2013,Jan-13,1,2013,LAND-en ZEEZICHT,Minor Dam,451,,,
a33e65c3-3788-4541-8fca-4b7488478382,06/01/2013,Jan-13,1,2013,LAND-en ZEEZICHT,Minor Dam,451,,,
eeb952e1-de6b-4bb8-a9e7-e1a68b17fb5f,07/01/2013,Jan-13,1,2013,LAND-en ZEEZICHT,Minor Dam,451,,,
cf7e4aa4-2c7e-4907-8fba-bfba803f4925,08/01/2013,Jan-13,1,2013,LAND-en ZEEZICHT,Minor Dam,451,,,
3c3678d4-335b-41aa-bf4d-7a37c26f0af2,09/01/2013,Jan-13,1,2013,LAND-en ZEEZICHT,Minor Dam,451,,,
b6ce7f17-9a37-4c31-8055-a91761364215,10/01/2013,Jan-13,1,2013,LAND-en ZEEZICHT,Minor Dam,451,,,
60185779-260e-4e4d-a3d1-c6e5094934bb,11/01/2013,Jan-13,1,2013,LAND-en ZEEZICHT,Minor Dam,451,,,
6d413c0c-57d0-4cfe-8aba-361e1c266d33,12/01/2013,Jan-13,1,2013,LAND-en ZEEZICHT,Minor Dam,451,,,
5202198b-88ec-4971-9ab6-c5e227032359,13/01/2013,Jan-13,1,2013,LAND-en ZEEZICHT,Minor Dam,451,,,
18ae8eb9-bc49-4724-a7b4-6b4b3b95be3b,14/01/2013,Jan-13,1,2013,LAND-en ZEEZICHT,Minor Dam,451,,,
615557c6-0131-442e-84d0-9d7f59aee3e4,15/01/2013,Jan-13,1,2013,LAND-en ZEEZICHT,Minor Dam,451,,,
db28d6ea-e9bb-4c6d-920e-0500866b08e2,16/01/2013,Jan-13,1,2013,LAND-en ZEEZICHT,Minor Dam,451,,,
cbf60c8e-ab76-46f4-9078-1fbdbb5ca3e6,17/01/2013,Jan-13,1,2013,LAND-en ZEEZICHT,Minor Dam,451,,,
4075fea6-f4aa-4bf0-bdec-421749fff20a,18/01/2013,Jan-13,1,2013,LAND-en ZEEZICHT,Minor Dam,451,,,
65aa3d99-81e3-4bd9-90fe-5af935fbd18d,19/01/2013,Jan-13,1,2013,LAND-en ZEEZICHT,Minor Dam,451,,,
9077d30c-1ffa-4e86-81da-d3d778e71563,20/01/2013,Jan-13,1,2013,LAND-en ZEEZICHT,Minor Dam,451,,,
5ca138f2-1e61-43fe-aaf3-8219468f6dca,21/01/2013,Jan-13,1,2013,LAND-en ZEEZICHT,Minor Dam,451,,,
31ac4f50-4b4f-40dd-8208-2342e397cb4b,22/01/2013,Jan-13,1,2013,LAND-en ZEEZICHT,Minor Dam,451,,,
bed7d4f8-ef5f-4321-bd02-1cfa4fb5e5a9,23/01/2013,Jan-13,1,2013,LAND-en ZEEZICHT,Minor Dam,451,,,
3f88166b-7007-493d-8beb-f063ecfe6d1c,24/01/2013,Jan-13,1,2013,LAND-en ZEEZICHT,Minor Dam,451,,,
41412c35-e613-4ab8-8790-30f5c4e2faaa,25/01/2013,Jan-13,1,2013,LAND-en ZEEZICHT,Minor Dam,451,,,
62b0f878-17ef-4376-8add-65d1e052c19b,26/01/2013,Jan-13,1,2013,LAND-en ZEEZICHT,Minor Dam,451,,,
ea450104-07a8-4c3a-894f-bb2c5f131982,27/01/2013,Jan-13,1,2013,LAND-en ZEEZICHT,Minor Dam,451,,,
ad04dbec-b8ce-4d81-b059-db27219f6875,28/01/2013,Jan-13,1,2013,LAND-en ZEEZICHT,Minor Dam,451,,,
fd7fe1bc-0ddd-4819-9370-3f98b120711c,29/01/2013,Jan-13,1,2013,LAND-en ZEEZICHT,Minor Dam,451,,,
64bfb731-190e-4c70-89f7-29ca72d4bb0d,30/01/2013,Jan-13,1,2013,LAND-en ZEEZICHT,Minor Dam,451,,,
e8e2f667-401a-4546-8840-6b4f36d3a6bd,31/01/2013,Jan-13,1,2013,LAND-en ZEEZICHT,Minor Dam,451,,,
499c3d79-c11e-4cd9-a586-4a7db69e704e,01/02/2013,Feb-13,2,2013,LAND-en ZEEZICHT,Minor Dam,451,,,
b7f1a5fe-c157-4074-8e40-876738417c68,02/02/2013,Feb-13,2,2013,LAND-en ZEEZICHT,Minor Dam,451,,,
e31dad38-4788-4e78-8f66-bfd561707697,03/02/2013,Feb-13,2,2013,LAND-en ZEEZICHT,Minor Dam,451,,,
e4ee865f-4d95-4ad2-88cb-864e21618800,04/02/2013,Feb-13,2,2013,LAND-en ZEEZICHT,Minor Dam,451,,,
9784c301-08c3-4097-9166-dbcb4b312f11,05/02/2013,Feb-13,2,2013,LAND-en ZEEZICHT,Minor Dam,451,,,
f3675995-4e8e-47ce-90da-707cedbc15ad,06/02/2013,Feb-13,2,2013,LAND-en ZEEZICHT,Minor Dam,451,,,
16e37ade-c2ad-4bc4-ac24-9220ef465223,07/02/2013,Feb-13,2,2013,LAND-en ZEEZICHT,Minor Dam,451,,,
a6312483-e89b-4c03-a0ac-293090821ed1,08/02/2013,Feb-13,2,2013,LAND-en ZEEZICHT,Minor Dam,451,,,
f9a8c7e6-450d-4e77-b630-78b537d004df,09/02/2013,Feb-13,2,2013,LAND-en ZEEZICHT,Minor Dam,451,,,
ca010c3e-55c0-48e1-895e-3704a6b0947c,10/02/2013,Feb-13,2,2013,LAND-en ZEEZICHT,Minor Dam,451,,,
b99c5d5e-a5b5-44e5-bec9-e57faf3ed377,11/02/2013,Feb-13,2,2013,LAND-en ZEEZICHT,Minor Dam,451,,,
4e68f8c6-4465-49b4-8864-55a5933656ac,12/02/2013,Feb-13,2,2013,LAND-en ZEEZICHT,Minor Dam,451,,,
22d0b8d2-653f-48d0-a7c2-e5cefead2223,13/02/2013,Feb-13,2,2013,LAND-en ZEEZICHT,Minor Dam,451,,,
84cf5081-3a29-4219-a2af-4d22040422c5,14/02/2013,Feb-13,2,2013,LAND-en ZEEZICHT,Minor Dam,451,,,
d89fa08c-ef42-4ac0-9354-1354c2c8e03d,15/02/2013,Feb-13,2,2013,LAND-en ZEEZICHT,Minor Dam,451,,,
1886d733-2414-456f-81ca-72f8fd792866,16/02/2013,Feb-13,2,2013,LAND-en ZEEZICHT,Minor Dam,451,,,
67acf34c-5194-4e57-8a13-e32429e3143c,17/02/2013,Feb-13,2,2013,LAND-en ZEEZICHT,Minor Dam,451,,,
812ed9e7-c8da-4a86-83c3-77c9223e829f,18/02/2013,Feb-13,2,2013,LAND-en ZEEZICHT,Minor Dam,451,,,
15193def-4363-4504-9911-01a538e68f10,19/02/2013,Feb-13,2,2013,LAND-en ZEEZICHT,Minor Dam,451,,,
9a0fc0c5-d5d8-461d-a945-17509ffeff56,20/02/2013,Feb-13,2,2013,LAND-en ZEEZICHT,Minor Dam,451,,,
21bb7ff5-eccc-453e-859a-9e1966202311,21/02/2013,Feb-13,2,2013,LAND-en ZEEZICHT,Minor Dam,451,,,
0814699d-5181-4cd8-89b5-628926422c75,22/02/2013,Feb-13,2,2013,LAND-en ZEEZICHT,Minor Dam,451,,,
d08b749f-954a-4bce-a791-6cd90b9bfe3d,23/02/2013,Feb-13,2,2013,LAND-en ZEEZICHT,Minor Dam,451,,,
811d88bd-d0be-4292-95b3-fe2e82f5471e,24/02/2013,Feb-13,2,2013,LAND-en ZEEZICHT,Minor Dam,451,,,
bf9146a0-25ba-4784-80fc-71cfea92990d,25/02/2013,Feb-13,2,2013,LAND-en ZEEZICHT,Minor Dam,451,,,
1e0c853f-1180-44c0-a717-d5aebdfca4a5,26/02/2013,Feb-13,2,2013,LAND-en ZEEZICHT,Minor Dam,451,,,
520f8dee-0918-4d8f-9e78-39fa3a277dca,27/02/2013,Feb-13,2,2013,LAND-en ZEEZICHT,Minor Dam,451,,,
3f302f3e-d7f6-48a1-9cf2-eb53d5df9eb9,28/02/2013,Feb-13,2,2013,LAND-en ZEEZICHT,Minor Dam,451,,,
29c31e14-833e-4657-be54-4bf4d80740df,01/03/2013,Mar-13,3,2013,LAND-en ZEEZICHT,Minor Dam,451,,,
1bd60b56-3aef-40bb-94ab-12178f6c847c,02/03/2013,Mar-13,3,2013,LAND-en ZEEZICHT,Minor Dam,451,,,
9c52509b-740d-4090-98ac-7709bd2ee36c,03/03/2013,Mar-13,3,2013,LAND-en ZEEZICHT,Minor Dam,451,,,
f3cde0e1-caac-4fde-b016-02eac3e82103,04/03/2013,Mar-13,3,2013,LAND-en ZEEZICHT,Minor Dam,451,,,
f3a6bf20-185d-41b0-a959-86cbe06cd0ea,05/03/2013,Mar-13,3,2013,LAND-en ZEEZICHT,Minor Dam,451,,,
b4f809e4-58e7-497a-9210-6c74e6b42063,06/03/2013,Mar-13,3,2013,LAND-en ZEEZICHT,Minor Dam,451,,,
72907b85-0a89-4970-a730-4c42e2be6e5b,07/03/2013,Mar-13,3,2013,LAND-en ZEEZICHT,Minor Dam,451,,,
ce587b44-25f5-4e24-a8bb-ed7dd498b6e6,08/03/2013,Mar-13,3,2013,LAND-en ZEEZICHT,Minor Dam,451,,,
c1cc974f-6ca6-4202-8fcb-78b45a0216eb,09/03/2013,Mar-13,3,2013,LAND-en ZEEZICHT,Minor Dam,451,,,
e0a582cc-19d6-4edc-92a5-9347880304bd,10/03/2013,Mar-13,3,2013,LAND-en ZEEZICHT,Minor Dam,451,,,
06c23e52-95da-490b-af99-75e8e55a008c,11/03/2013,Mar-13,3,2013,LAND-en ZEEZICHT,Minor Dam,451,,,
2026b2d8-0f3f-4596-8e6e-91971bcffc5f,12/03/2013,Mar-13,3,2013,LAND-en ZEEZICHT,Minor Dam,451,,,
0dee3bea-0016-4f2f-97fe-a7d50be05d1a,13/03/2013,Mar-13,3,2013,LAND-en ZEEZICHT,Minor Dam,451,,,
85d677fb-307a-432a-8f96-1ca7d7b735d6,14/03/2013,Mar-13,3,2013,LAND-en ZEEZICHT,Minor Dam,451,,,
cf23d172-d4bf-4a9b-8749-96304deaee8c,15/03/2013,Mar-13,3,2013,LAND-en ZEEZICHT,Minor Dam,451,,,
d1275221-2e34-43df-8a09-deb4ed1d3114,16/03/2013,Mar-13,3,2013,LAND-en ZEEZICHT,Minor Dam,451,,,
246ff386-bceb-48bb-a6af-20fb553cfa6c,17/03/2013,Mar-13,3,2013,LAND-en ZEEZICHT,Minor Dam,451,,,
063ceb89-db9a-423f-bb7d-5f648e89250e,18/03/2013,Mar-13,3,2013,LAND-en ZEEZICHT,Minor Dam,451,,,
d3849ea9-194e-419f-9ef7-2bbf666656d8,19/03/2013,Mar-13,3,2013,LAND-en ZEEZICHT,Minor Dam,451,,,
93964166-3700-475b-a6c0-f66a3ebb0441,20/03/2013,Mar-13,3,2013,LAND-en ZEEZICHT,Minor Dam,451,,,
e7548a21-913e-40a4-a1bf-c11434ef3c69,21/03/2013,Mar-13,3,2013,LAND-en ZEEZICHT,Minor Dam,451,,,
ecb41002-c31a-442d-af7b-24c8d9152f61,22/03/2013,Mar-13,3,2013,LAND-en ZEEZICHT,Minor Dam,451,,,
65b70628-d660-4218-8346-35617b14130d,23/03/2013,Mar-13,3,2013,LAND-en ZEEZICHT,Minor Dam,451,,,
7b2a46aa-2c2a-48fd-80b2-2840504e8ca3,24/03/2013,Mar-13,3,2013,LAND-en ZEEZICHT,Minor Dam,451,,,
ef008432-437a-4817-af91-a8927d40888e,25/03/2013,Mar-13,3,2013,LAND-en ZEEZICHT,Minor Dam,451,,,
a40d9aa1-483e-409e-add4-44a3d93640b4,26/03/2013,Mar-13,3,2013,LAND-en ZEEZICHT,Minor Dam,451,,,
5d6ab1ef-2ff7-4da5-98ed-239b931fd9fd,27/03/2013,Mar-13,3,2013,LAND-en ZEEZICHT,Minor Dam,451,,,
3127baa7-fc42-4206-a87e-57686afd1cd3,28/03/2013,Mar-13,3,2013,LAND-en ZEEZICHT,Minor Dam,451,,,
4f030051-8b4a-41ac-9c5d-78b4c1633c0b,29/03/2013,Mar-13,3,2013,LAND-en ZEEZICHT,Minor Dam,451,,,
1f90dfc1-0c08-43c3-8798-f244664f44b4,30/03/2013,Mar-13,3,2013,LAND-en ZEEZICHT,Minor Dam,451,,,
c28aa2c6-5d5b-4dbf-af33-d71bf7f7b9a1,31/03/2013,Mar-13,3,2013,LAND-en ZEEZICHT,Minor Dam,451,,,
0dabdab7-4952-4a3b-82f7-1b291b8507e3,01/04/2013,Apr-13,4,2013,LAND-en ZEEZICHT,Minor Dam,451,,,
a7ca6bb8-6c81-428e-b414-5fc087f74011,02/04/2013,Apr-13,4,2013,LAND-en ZEEZICHT,Minor Dam,451,,,
1b1b2ffc-f981-4deb-86d4-9f64a20953c6,03/04/2013,Apr-13,4,2013,LAND-en ZEEZICHT,Minor Dam,451,,,
43f74ef3-bae2-4a4b-b354-f392de8ba84a,04/04/2013,Apr-13,4,2013,LAND-en ZEEZICHT,Minor Dam,451,,,
f7b8c268-e3bc-4a1f-ac8d-7f046923b7e9,05/04/2013,Apr-13,4,2013,LAND-en ZEEZICHT,Minor Dam,451,,,
c33ea94e-0939-4022-95c3-bd831d3480ac,06/04/2013,Apr-13,4,2013,LAND-en ZEEZICHT,Minor Dam,451,,,
5016d762-72ef-4d83-b321-9431c6feaa05,07/04/2013,Apr-13,4,2013,LAND-en ZEEZICHT,Minor Dam,451,,,
2083acb5-3435-4891-9294-ecb5090c2b7f,08/04/2013,Apr-13,4,2013,LAND-en ZEEZICHT,Minor Dam,451,,,
60de4b17-dddb-4838-9878-b146cdbddb06,09/04/2013,Apr-13,4,2013,LAND-en ZEEZICHT,Minor Dam,451,,,
560c1046-4c81-4270-aef8-ec1672584a38,10/04/2013,Apr-13,4,2013,LAND-en ZEEZICHT,Minor Dam,451,,,
92d90ba0-d272-4ca3-9086-92fb9ea3cc3a,11/04/2013,Apr-13,4,2013,LAND-en ZEEZICHT,Minor Dam,451,,,
ef4c2e54-7123-4157-af05-3815f4dcf5cf,12/04/2013,Apr-13,4,2013,LAND-en ZEEZICHT,Minor Dam,451,,,
c62e4931-358f-4629-a25e-4a2ec6890942,13/04/2013,Apr-13,4,2013,LAND-en ZEEZICHT,Minor Dam,451,,,
9c3f489c-8f02-4289-aaa3-054472dfba70,14/04/2013,Apr-13,4,2013,LAND-en ZEEZICHT,Minor Dam,451,,,
2f69daf5-9610-420b-a57f-15383bd7a80f,15/04/2013,Apr-13,4,2013,LAND-en ZEEZICHT,Minor Dam,451,,,
fdd1e588-e834-4427-b086-6d704c3467d4,16/04/2013,Apr-13,4,2013,LAND-en ZEEZICHT,Minor Dam,451,,,
0ee83438-b451-4f8a-b8e5-0b3d056c2644,17/04/2013,Apr-13,4,2013,LAND-en ZEEZICHT,Minor Dam,451,,,
cbfbf7ab-83d5-420b-b0b4-bcfc1429a2cc,18/04/2013,Apr-13,4,2013,LAND-en ZEEZICHT,Minor Dam,451,,,
490cd308-e208-4dbd-a489-3909f288e3b8,19/04/2013,Apr-13,4,2013,LAND-en ZEEZICHT,Minor Dam,451,,,
62135298-44b1-4089-9cd5-ee044f1b3d86,20/04/2013,Apr-13,4,2013,LAND-en ZEEZICHT,Minor Dam,451,,,
7bf79881-b13e-4f91-be42-17077c7624c1,21/04/2013,Apr-13,4,2013,LAND-en ZEEZICHT,Minor Dam,451,,,
0a52c7f9-bf0f-42ea-b143-770c5b42f687,22/04/2013,Apr-13,4,2013,LAND-en ZEEZICHT,Minor Dam,451,,,
5f9c0d0d-2617-4510-b301-71171bcd8c27,23/04/2013,Apr-13,4,2013,LAND-en ZEEZICHT,Minor Dam,451,,,
8f82be14-42bd-47e2-804d-f6278dd0576a,24/04/2013,Apr-13,4,2013,LAND-en ZEEZICHT,Minor Dam,451,,,
ad3d2aad-c50b-4985-ac87-ef29e039fe77,25/04/2013,Apr-13,4,2013,LAND-en ZEEZICHT,Minor Dam,451,,,
4ada6f5a-140d-426e-8137-19a1d1856723,26/04/2013,Apr-13,4,2013,LAND-en ZEEZICHT,Minor Dam,451,,,
a051204a-35df-46cd-be38-dd1aae1e3a8e,27/04/2013,Apr-13,4,2013,LAND-en ZEEZICHT,Minor Dam,451,,,
26ac285f-7ef0-4ebc-8267-3cb91909c166,28/04/2013,Apr-13,4,2013,LAND-en ZEEZICHT,Minor Dam,451,,,
a7e58a0b-3bca-460f-99b1-fbf4c849a434,29/04/2013,Apr-13,4,2013,LAND-en ZEEZICHT,Minor Dam,451,,,
2916374a-0887-4505-8b8f-0fccbaea5522,30/04/2013,Apr-13,4,2013,LAND-en ZEEZICHT,Minor Dam,451,,,
028febba-af9e-4846-85dc-e1a3ef8025b3,01/05/2013,May-13,5,2013,LAND-en ZEEZICHT,Minor Dam,451,,,
e8b333d6-aeba-4626-8ece-24c9049ae394,02/05/2013,May-13,5,2013,LAND-en ZEEZICHT,Minor Dam,451,,,
0b18d8e0-44ea-462d-953b-cf1147819069,03/05/2013,May-13,5,2013,LAND-en ZEEZICHT,Minor Dam,451,,,
831f8599-cc1a-484f-9ed5-a56c6ca19e27,04/05/2013,May-13,5,2013,LAND-en ZEEZICHT,Minor Dam,451,,,
9f034fd0-4149-497b-a3e0-61892af1a8f7,05/05/2013,May-13,5,2013,LAND-en ZEEZICHT,Minor Dam,451,,,
efe28954-1394-4ebb-a261-4b5b40b6cff3,06/05/2013,May-13,5,2013,LAND-en ZEEZICHT,Minor Dam,451,,,
d38fa51d-6718-44b8-b965-187933e61a1e,07/05/2013,May-13,5,2013,LAND-en ZEEZICHT,Minor Dam,451,,,
ef39e12a-fa04-494c-9ce7-4135654741e8,08/05/2013,May-13,5,2013,LAND-en ZEEZICHT,Minor Dam,451,,,
28466d38-1fe9-43d4-a4e8-ac45e483a591,09/05/2013,May-13,5,2013,LAND-en ZEEZICHT,Minor Dam,451,,,
49d98276-19b4-4ab7-9acb-1113d5f4b3bb,10/05/2013,May-13,5,2013,LAND-en ZEEZICHT,Minor Dam,451,,,
5ac81443-bf7a-421e-b97e-d4797ab469f2,11/05/2013,May-13,5,2013,LAND-en ZEEZICHT,Minor Dam,451,,,
e9fd299e-2f22-4165-ae80-7e3ec1a57257,12/05/2013,May-13,5,2013,LAND-en ZEEZICHT,Minor Dam,451,,,
01c40938-c8c8-442e-a3e5-10e42e5bd2ed,13/05/2013,May-13,5,2013,LAND-en ZEEZICHT,Minor Dam,451,,,
7130dae3-746c-4e3d-ab94-da2182f1fff8,14/05/2013,May-13,5,2013,LAND-en ZEEZICHT,Minor Dam,451,,,
a9f46fb0-d8ec-4f6b-bbbf-e7e4a92e4078,15/05/2013,May-13,5,2013,LAND-en ZEEZICHT,Minor Dam,451,,,
056e773b-112e-4927-86e7-8b585c91a8d1,16/05/2013,May-13,5,2013,LAND-en ZEEZICHT,Minor Dam,451,,,
18dbe17d-d399-4f1f-a80f-a659b1cb6a03,17/05/2013,May-13,5,2013,LAND-en ZEEZICHT,Minor Dam,451,,,
0de25e61-e252-45d0-b3f8-9ededee788fb,18/05/2013,May-13,5,2013,LAND-en ZEEZICHT,Minor Dam,451,,,
5e143866-9c98-4f96-b10c-ae4f83ee315a,19/05/2013,May-13,5,2013,LAND-en ZEEZICHT,Minor Dam,451,,,
ded32c6a-2854-4aef-a23c-a15ccae18136,20/05/2013,May-13,5,2013,LAND-en ZEEZICHT,Minor Dam,451,,,
8fa72184-3170-484b-b52f-fad1778a0cb3,21/05/2013,May-13,5,2013,LAND-en ZEEZICHT,Minor Dam,451,,,
f06694ce-4a0d-4a75-9235-0d1e7f39785d,22/05/2013,May-13,5,2013,LAND-en ZEEZICHT,Minor Dam,451,,,
01ffb7ed-2378-4c08-a9c0-07f9a1f2fb8f,23/05/2013,May-13,5,2013,LAND-en ZEEZICHT,Minor Dam,451,,,
3dc6d9a5-4495-4566-9462-a0c0b5b810a1,24/05/2013,May-13,5,2013,LAND-en ZEEZICHT,Minor Dam,451,,,
994b204d-e1e2-42d3-bcbe-ebb81dc50252,25/05/2013,May-13,5,2013,LAND-en ZEEZICHT,Minor Dam,451,,,
03698aa5-cfd5-4850-8d34-24e562df530d,26/05/2013,May-13,5,2013,LAND-en ZEEZICHT,Minor Dam,451,,,
41d314c2-c11f-469e-8e07-836145b08b64,27/05/2013,May-13,5,2013,LAND-en ZEEZICHT,Minor Dam,451,,,
76809aba-6182-448d-9359-db52298622b6,28/05/2013,May-13,5,2013,LAND-en ZEEZICHT,Minor Dam,451,,,
5ecaadf2-ad1a-4850-b914-01a7631fd013,29/05/2013,May-13,5,2013,LAND-en ZEEZICHT,Minor Dam,451,,,
04c9c0ee-fe7c-46ed-b8c6-c0a9f22411fc,30/05/2013,May-13,5,2013,LAND-en ZEEZICHT,Minor Dam,451,,,
3f23a48e-06f0-4eb6-99ea-8bf52eaf9394,31/05/2013,May-13,5,2013,LAND-en ZEEZICHT,Minor Dam,451,,,
fb4d9e6b-f15d-4272-9d05-87ebb978375c,01/06/2013,Jun-13,6,2013,LAND-en ZEEZICHT,Minor Dam,451,,,
a97a65cf-0142-47dc-a931-e21b8705292b,02/06/2013,Jun-13,6,2013,LAND-en ZEEZICHT,Minor Dam,451,,,
da255ebb-fdba-42a1-955d-6f1efb72e336,03/06/2013,Jun-13,6,2013,LAND-en ZEEZICHT,Minor Dam,451,,,
d9a18019-84d3-48d3-b588-1d0c0c5ec034,04/06/2013,Jun-13,6,2013,LAND-en ZEEZICHT,Minor Dam,451,,,
c547b2df-ab32-443c-8619-de50ba6eed7c,05/06/2013,Jun-13,6,2013,LAND-en ZEEZICHT,Minor Dam,451,,,
daa4fb12-4269-4e69-88c1-77aba3356fad,06/06/2013,Jun-13,6,2013,LAND-en ZEEZICHT,Minor Dam,451,,,
8256723f-a5e1-47cd-b347-2b3d5a13ee95,07/06/2013,Jun-13,6,2013,LAND-en ZEEZICHT,Minor Dam,451,,,
e0d4dd15-5548-434f-9de6-3a52fe933acf,08/06/2013,Jun-13,6,2013,LAND-en ZEEZICHT,Minor Dam,451,,,
e6b66a6c-c6f2-42e7-bec7-46d4501badd2,09/06/2013,Jun-13,6,2013,LAND-en ZEEZICHT,Minor Dam,451,,,
eac0e0c0-fe6f-4b99-a89e-1e5730bf4add,10/06/2013,Jun-13,6,2013,LAND-en ZEEZICHT,Minor Dam,451,,,
6c357390-a685-4f8d-b219-8f5c837cb0c8,11/06/2013,Jun-13,6,2013,LAND-en ZEEZICHT,Minor Dam,451,,,
7485f93d-ae56-4fc7-ad7f-49f84d51848b,12/06/2013,Jun-13,6,2013,LAND-en ZEEZICHT,Minor Dam,451,,,
281e4b86-8a94-4e1f-980e-5118f20b549f,13/06/2013,Jun-13,6,2013,LAND-en ZEEZICHT,Minor Dam,451,,,
cbf4d998-f48e-4b65-b3cb-07e92e4b1163,14/06/2013,Jun-13,6,2013,LAND-en ZEEZICHT,Minor Dam,451,,,
a185df69-22b5-4cf2-a99b-734802c0505a,15/06/2013,Jun-13,6,2013,LAND-en ZEEZICHT,Minor Dam,451,,,
62c0e392-f0cc-4126-8172-e5e9592be9df,16/06/2013,Jun-13,6,2013,LAND-en ZEEZICHT,Minor Dam,451,,,
d8e29f47-4987-4734-a469-489c39f1b98b,17/06/2013,Jun-13,6,2013,LAND-en ZEEZICHT,Minor Dam,451,,,
5a4461ce-99b0-43d7-a015-9bcb56aa81eb,18/06/2013,Jun-13,6,2013,LAND-en ZEEZICHT,Minor Dam,451,,,
9e7a8b81-3fa7-4059-a67c-ec55570cc202,19/06/2013,Jun-13,6,2013,LAND-en ZEEZICHT,Minor Dam,451,,,
9193f018-3ea2-42ed-a94b-9ad06e244f5b,20/06/2013,Jun-13,6,2013,LAND-en ZEEZICHT,Minor Dam,451,,,
88e42caf-d41b-480a-ac4f-bbf4187cf195,21/06/2013,Jun-13,6,2013,LAND-en ZEEZICHT,Minor Dam,451,,,
30f3bd92-2c75-450c-a2d9-c240690c686b,22/06/2013,Jun-13,6,2013,LAND-en ZEEZICHT,Minor Dam,451,,,
3ed4bc4f-d74c-41ef-9b25-fd46ff81c58e,23/06/2013,Jun-13,6,2013,LAND-en ZEEZICHT,Minor Dam,451,,,
21b42252-d790-4a73-a98d-a09cd959f9c3,24/06/2013,Jun-13,6,2013,LAND-en ZEEZICHT,Minor Dam,451,,,
ee328426-c79b-46ce-a61b-e24c1348cec7,25/06/2013,Jun-13,6,2013,LAND-en ZEEZICHT,Minor Dam,451,,,
f5474022-ccc1-4e57-8338-c30506234498,26/06/2013,Jun-13,6,2013,LAND-en ZEEZICHT,Minor Dam,451,,,
70a79be8-9b81-4d79-8228-da5c662729c9,27/06/2013,Jun-13,6,2013,LAND-en ZEEZICHT,Minor Dam,451,,,
5f2f4a98-45ea-4563-bcc9-8ea96a445a53,28/06/2013,Jun-13,6,2013,LAND-en ZEEZICHT,Minor Dam,451,,,
46b5e85b-f925-4df8-b05b-4357763c5a57,29/06/2013,Jun-13,6,2013,LAND-en ZEEZICHT,Minor Dam,451,,,
74623fb3-2012-4857-b8cd-6cb96cf57f9b,30/06/2013,Jun-13,6,2013,LAND-en ZEEZICHT,Minor Dam,451,,,
22ce6222-1329-4cd9-8282-8cd9f52df654,01/07/2013,Jul-13,7,2013,LAND-en ZEEZICHT,Minor Dam,451,,,
bc3eddc5-4b61-4934-8ff9-3ab18c09c38e,02/07/2013,Jul-13,7,2013,LAND-en ZEEZICHT,Minor Dam,451,,,
9f8b2fec-ab75-43b9-b193-da067b676d73,03/07/2013,Jul-13,7,2013,LAND-en ZEEZICHT,Minor Dam,451,,,
86f8e75a-1c7b-44c2-be33-5b0073c68b05,04/07/2013,Jul-13,7,2013,LAND-en ZEEZICHT,Minor Dam,451,,,
844e1f48-d099-4fc4-92af-6d36e4fcca2f,05/07/2013,Jul-13,7,2013,LAND-en ZEEZICHT,Minor Dam,451,,,
02ac6df1-f16c-4c5e-beef-326b3f548d2c,06/07/2013,Jul-13,7,2013,LAND-en ZEEZICHT,Minor Dam,451,,,
53fd3071-ad30-47a7-84d9-014a5370ef2a,07/07/2013,Jul-13,7,2013,LAND-en ZEEZICHT,Minor Dam,451,,,
e5c170e1-c76e-4b1b-b9b4-2a36d724b3ee,08/07/2013,Jul-13,7,2013,LAND-en ZEEZICHT,Minor Dam,451,,,
97ae7355-3ef3-4ba8-90a0-a91c8243b659,09/07/2013,Jul-13,7,2013,LAND-en ZEEZICHT,Minor Dam,451,,,
cebce092-41c8-43ba-b0db-2fec31fbefe7,10/07/2013,Jul-13,7,2013,LAND-en ZEEZICHT,Minor Dam,451,,,
dc15d81e-8146-497c-9557-275131cd49a8,11/07/2013,Jul-13,7,2013,LAND-en ZEEZICHT,Minor Dam,451,,,
9683fe45-7e68-4319-9217-74c45417baff,12/07/2013,Jul-13,7,2013,LAND-en ZEEZICHT,Minor Dam,451,,,
a7d2ff5d-8515-4150-ae3c-963d7a4f00ce,13/07/2013,Jul-13,7,2013,LAND-en ZEEZICHT,Minor Dam,451,,,
e67a6e63-0dc9-4bb6-b23a-6c67bd268abe,14/07/2013,Jul-13,7,2013,LAND-en ZEEZICHT,Minor Dam,451,,,
88c74c9a-bb04-4fe4-b1b4-eff013db9f99,15/07/2013,Jul-13,7,2013,LAND-en ZEEZICHT,Minor Dam,451,,,
9236d73d-28c4-4cb6-900c-5b79581c22b3,16/07/2013,Jul-13,7,2013,LAND-en ZEEZICHT,Minor Dam,451,,,
c4ecd939-c97f-4b7f-bb30-c204978c3bb0,17/07/2013,Jul-13,7,2013,LAND-en ZEEZICHT,Minor Dam,451,,,
3416ef3f-699e-4a2d-ab7f-95422ff7463c,18/07/2013,Jul-13,7,2013,LAND-en ZEEZICHT,Minor Dam,451,,,
d1b1d4fe-6795-40b7-88e0-f059db2b3acf,19/07/2013,Jul-13,7,2013,LAND-en ZEEZICHT,Minor Dam,451,,,
ae802eb9-dfa7-4458-b758-e9e34bdb1d08,20/07/2013,Jul-13,7,2013,LAND-en ZEEZICHT,Minor Dam,451,,,
f38801fc-9f6b-4928-b0c7-8a2e0b871bdc,21/07/2013,Jul-13,7,2013,LAND-en ZEEZICHT,Minor Dam,451,,,
8f8e1721-d26a-4bbe-a6f8-ef9686e9095c,22/07/2013,Jul-13,7,2013,LAND-en ZEEZICHT,Minor Dam,451,,,
055b63da-ce03-44eb-aaa6-9831c2ff4bf7,23/07/2013,Jul-13,7,2013,LAND-en ZEEZICHT,Minor Dam,451,,,
f0b525c5-0191-461b-bde0-2291abd6cf53,24/07/2013,Jul-13,7,2013,LAND-en ZEEZICHT,Minor Dam,451,,,
f8585569-4162-4737-829e-3750283bc1df,25/07/2013,Jul-13,7,2013,LAND-en ZEEZICHT,Minor Dam,451,,,
2bb3e063-8ff6-4004-b134-b9ecf4287278,26/07/2013,Jul-13,7,2013,LAND-en ZEEZICHT,Minor Dam,451,,,
0f5704e4-1732-4e9c-aa80-4224b7739f90,27/07/2013,Jul-13,7,2013,LAND-en ZEEZICHT,Minor Dam,451,,,
02efd734-141e-4c04-9248-5036dd2c1f54,28/07/2013,Jul-13,7,2013,LAND-en ZEEZICHT,Minor Dam,451,,,
c22e62e6-8918-4d40-a1a4-406802392766,29/07/2013,Jul-13,7,2013,LAND-en ZEEZICHT,Minor Dam,451,,,
e6cbed66-fb43-4c20-8ff4-3c6294322939,30/07/2013,Jul-13,7,2013,LAND-en ZEEZICHT,Minor Dam,451,,,
6a3e30dd-6511-4485-ae90-5f0d70c734e0,31/07/2013,Jul-13,7,2013,LAND-en ZEEZICHT,Minor Dam,451,,,
40a35452-582c-4533-9476-8beba7fbbdf2,01/08/2013,Aug-13,8,2013,LAND-en ZEEZICHT,Minor Dam,451,,,
8c5eeb7d-7a97-4943-ae22-256677d2bbf1,02/08/2013,Aug-13,8,2013,LAND-en ZEEZICHT,Minor Dam,451,,,
09e2ae41-2788-4167-933d-2b9547ee2ef2,03/08/2013,Aug-13,8,2013,LAND-en ZEEZICHT,Minor Dam,451,,,
10ceda85-a35b-406a-b13d-5578e93d2248,04/08/2013,Aug-13,8,2013,LAND-en ZEEZICHT,Minor Dam,451,,,
d5c2759e-f812-485c-9441-64db5440542e,05/08/2013,Aug-13,8,2013,LAND-en ZEEZICHT,Minor Dam,451,,,
96280bd5-bb10-4220-99c3-25e8fd9ac5f5,06/08/2013,Aug-13,8,2013,LAND-en ZEEZICHT,Minor Dam,451,,,
6c84dd77-5044-431c-accf-9fd4515f45e5,07/08/2013,Aug-13,8,2013,LAND-en ZEEZICHT,Minor Dam,451,,,
92715140-ee4c-45c2-9632-07cdd749b2ef,08/08/2013,Aug-13,8,2013,LAND-en ZEEZICHT,Minor Dam,451,,,
7e10a87a-4b57-4102-bd71-c2d0d3f73f6e,09/08/2013,Aug-13,8,2013,LAND-en ZEEZICHT,Minor Dam,451,,,
cc2203c5-fbee-4618-96b4-428701350445,10/08/2013,Aug-13,8,2013,LAND-en ZEEZICHT,Minor Dam,451,,,
8a776240-6f28-43e4-8011-d689a5a7c0e3,11/08/2013,Aug-13,8,2013,LAND-en ZEEZICHT,Minor Dam,451,,,
e5e88dc5-314b-4991-9c91-7f533e70dd4e,12/08/2013,Aug-13,8,2013,LAND-en ZEEZICHT,Minor Dam,451,,,
2b0160df-2fb3-4534-a72e-b497b8e1a5fb,13/08/2013,Aug-13,8,2013,LAND-en ZEEZICHT,Minor Dam,451,,,
6f556a60-c8aa-4d63-a340-4608cae63771,14/08/2013,Aug-13,8,2013,LAND-en ZEEZICHT,Minor Dam,451,,,
2d7be04f-a32f-4bde-9143-fa6496fcd4c6,15/08/2013,Aug-13,8,2013,LAND-en ZEEZICHT,Minor Dam,451,,,
1bab66f1-1a3f-4470-a948-632ab7cae487,16/08/2013,Aug-13,8,2013,LAND-en ZEEZICHT,Minor Dam,451,,,
a380987c-e68f-492b-ab96-8f4c36dc3ad9,17/08/2013,Aug-13,8,2013,LAND-en ZEEZICHT,Minor Dam,451,,,
399068bc-9960-413b-901a-7985ea899bad,18/08/2013,Aug-13,8,2013,LAND-en ZEEZICHT,Minor Dam,451,,,
6a9d0b0a-2092-48e6-9264-038edbc27865,19/08/2013,Aug-13,8,2013,LAND-en ZEEZICHT,Minor Dam,451,,,
b75cf4b8-7da3-46d0-9259-1a18cce09ed2,20/08/2013,Aug-13,8,2013,LAND-en ZEEZICHT,Minor Dam,451,,,
2f395016-946d-4113-8588-97b32787c69c,21/08/2013,Aug-13,8,2013,LAND-en ZEEZICHT,Minor Dam,451,,,
9c037196-9ad7-48fe-9d59-690fd24bd955,22/08/2013,Aug-13,8,2013,LAND-en ZEEZICHT,Minor Dam,451,,,
44c5c5fd-2d74-4c6c-ac2f-f6db0ffe9b73,23/08/2013,Aug-13,8,2013,LAND-en ZEEZICHT,Minor Dam,451,,,
0d6c365f-640b-4c40-9ae7-ad85640a0705,24/08/2013,Aug-13,8,2013,LAND-en ZEEZICHT,Minor Dam,451,,,
6f9af35b-04a7-43c0-bd87-c284e92c703c,25/08/2013,Aug-13,8,2013,LAND-en ZEEZICHT,Minor Dam,451,,,
9b0fd6f5-2d43-4cc0-9558-71d1a6553bc9,26/08/2013,Aug-13,8,2013,LAND-en ZEEZICHT,Minor Dam,451,,,
fd90d633-bb78-4443-ac4c-1895a75e6cbf,27/08/2013,Aug-13,8,2013,LAND-en ZEEZICHT,Minor Dam,451,,,
3e10deca-9f5d-4534-8224-a57892ad8caf,28/08/2013,Aug-13,8,2013,LAND-en ZEEZICHT,Minor Dam,451,,,
b749a39e-f3ea-4924-8331-f97d123724ad,29/08/2013,Aug-13,8,2013,LAND-en ZEEZICHT,Minor Dam,451,,,
2920020b-2654-481d-b515-16e62f146d15,30/08/2013,Aug-13,8,2013,LAND-en ZEEZICHT,Minor Dam,451,,,
dce8e9ef-174e-45bb-bb78-c048efe8b5a8,31/08/2013,Aug-13,8,2013,LAND-en ZEEZICHT,Minor Dam,451,,,
e0bcad28-acd4-4775-8fa4-d6637e6fa5e0,01/09/2013,Sep-13,9,2013,LAND-en ZEEZICHT,Minor Dam,451,,,
17f884b3-db1e-4c4a-b4dd-e1a2c072614e,02/09/2013,Sep-13,9,2013,LAND-en ZEEZICHT,Minor Dam,451,,,
64aeb995-3725-4034-84bb-ec8a37729103,03/09/2013,Sep-13,9,2013,LAND-en ZEEZICHT,Minor Dam,451,,,
48f986a9-558f-4628-8ab6-03d99edff8e7,04/09/2013,Sep-13,9,2013,LAND-en ZEEZICHT,Minor Dam,451,,,
61ed5533-04c6-46b4-bf87-428214102890,05/09/2013,Sep-13,9,2013,LAND-en ZEEZICHT,Minor Dam,451,,,
1d7aff32-9b99-4618-a86e-05213e3058aa,06/09/2013,Sep-13,9,2013,LAND-en ZEEZICHT,Minor Dam,451,,,
e3ce4bf0-fb43-4a36-a715-85c618f39b76,07/09/2013,Sep-13,9,2013,LAND-en ZEEZICHT,Minor Dam,451,,,
e8c6ec13-9661-4d3d-b789-4501ffeca5d2,08/09/2013,Sep-13,9,2013,LAND-en ZEEZICHT,Minor Dam,451,,,
36a39323-ae06-4d76-9e62-0ef5f4e1873a,09/09/2013,Sep-13,9,2013,LAND-en ZEEZICHT,Minor Dam,451,,,
eee9b511-2b29-4d00-9004-973bb02c2de3,10/09/2013,Sep-13,9,2013,LAND-en ZEEZICHT,Minor Dam,451,,,
ad416faf-961b-4458-9375-c9bdb250a447,11/09/2013,Sep-13,9,2013,LAND-en ZEEZICHT,Minor Dam,451,,,
0946d59f-c36c-4b0b-ad55-7daad51122ae,12/09/2013,Sep-13,9,2013,LAND-en ZEEZICHT,Minor Dam,451,,,
37d013cf-b421-4f02-b376-4cb834faf15f,13/09/2013,Sep-13,9,2013,LAND-en ZEEZICHT,Minor Dam,451,,,
cf157ed0-2433-4776-8666-b259c5e47564,14/09/2013,Sep-13,9,2013,LAND-en ZEEZICHT,Minor Dam,451,,,
d67b1dae-bbd0-4849-a5ee-b6f7db513dcd,15/09/2013,Sep-13,9,2013,LAND-en ZEEZICHT,Minor Dam,451,,,
cbd32971-518c-4869-a78d-553b3f86723c,16/09/2013,Sep-13,9,2013,LAND-en ZEEZICHT,Minor Dam,451,,,
dfe097b2-47dc-425c-9dcc-1241ca0d1d86,17/09/2013,Sep-13,9,2013,LAND-en ZEEZICHT,Minor Dam,451,,,
aae6369b-eb04-4b5b-8838-c41e020b6205,18/09/2013,Sep-13,9,2013,LAND-en ZEEZICHT,Minor Dam,451,,,
f0e337dc-96ad-4d3e-9085-b4f4ddcef0f8,19/09/2013,Sep-13,9,2013,LAND-en ZEEZICHT,Minor Dam,451,,,
4ad41832-e01e-4dd8-a674-d172f2f8fc7b,20/09/2013,Sep-13,9,2013,LAND-en ZEEZICHT,Minor Dam,451,,,
b31339a0-2093-4a22-9c0d-37574aade600,21/09/2013,Sep-13,9,2013,LAND-en ZEEZICHT,Minor Dam,451,,,
f3a9c724-9b6f-4419-bad6-8501df154fef,22/09/2013,Sep-13,9,2013,LAND-en ZEEZICHT,Minor Dam,451,,,
c53e7c28-a86f-43e6-a891-ac8ba1ee8972,23/09/2013,Sep-13,9,2013,LAND-en ZEEZICHT,Minor Dam,451,,,
9f5d6a5d-816a-451b-b5a3-8ffdc7231e92,24/09/2013,Sep-13,9,2013,LAND-en ZEEZICHT,Minor Dam,451,,,
1b14ea8e-7bfd-411c-ac0e-da775d6ca67f,25/09/2013,Sep-13,9,2013,LAND-en ZEEZICHT,Minor Dam,451,,,
38370b07-b87e-4648-a25e-d3f71e6b66ab,26/09/2013,Sep-13,9,2013,LAND-en ZEEZICHT,Minor Dam,451,,,
eaf3aede-709f-4e93-93b0-7448464edb74,27/09/2013,Sep-13,9,2013,LAND-en ZEEZICHT,Minor Dam,451,,,
403828ae-29e6-4209-a464-61134ae91c91,28/09/2013,Sep-13,9,2013,LAND-en ZEEZICHT,Minor Dam,451,,,
a9adad20-a688-4ba0-a00b-e0e01cfd10a3,29/09/2013,Sep-13,9,2013,LAND-en ZEEZICHT,Minor Dam,451,,,
ee6c3099-2f05-4150-bb9a-c8a616793518,30/09/2013,Sep-13,9,2013,LAND-en ZEEZICHT,Minor Dam,451,,,
3c87ffbf-af2c-434d-888f-6122e2bb45dc,01/10/2013,Oct-13,10,2013,LAND-en ZEEZICHT,Minor Dam,451,,,
3845cb83-f851-4852-99c7-aa65bdd2d89c,02/10/2013,Oct-13,10,2013,LAND-en ZEEZICHT,Minor Dam,451,,,
dc0f406b-62f0-40d5-a26a-51427dbdebf6,03/10/2013,Oct-13,10,2013,LAND-en ZEEZICHT,Minor Dam,451,,,
47b39d5d-e88e-4d21-a7ac-82ee7a202b97,04/10/2013,Oct-13,10,2013,LAND-en ZEEZICHT,Minor Dam,451,,,
2cc56468-c3f7-4488-8431-182fdb65876d,05/10/2013,Oct-13,10,2013,LAND-en ZEEZICHT,Minor Dam,451,,,
0c356849-4d75-45de-93c0-7bba6d0a0121,06/10/2013,Oct-13,10,2013,LAND-en ZEEZICHT,Minor Dam,451,,,
6f46f119-9fdf-45b5-8295-134b896fa8d4,07/10/2013,Oct-13,10,2013,LAND-en ZEEZICHT,Minor Dam,451,,,
6f4324f5-3e88-4f7a-92b3-e8fd0107f2ed,08/10/2013,Oct-13,10,2013,LAND-en ZEEZICHT,Minor Dam,451,,,
3a4fa308-1730-41a9-89a3-56aa48cab7bd,09/10/2013,Oct-13,10,2013,LAND-en ZEEZICHT,Minor Dam,451,,,
401cfef4-dd7c-4bf2-ae65-58bce1bf4c00,10/10/2013,Oct-13,10,2013,LAND-en ZEEZICHT,Minor Dam,451,,,
80e1720c-fbe6-4467-b479-8b8d9e6a3d04,11/10/2013,Oct-13,10,2013,LAND-en ZEEZICHT,Minor Dam,451,,,
528f65ec-7f12-4ee7-89ec-0e49584426e2,12/10/2013,Oct-13,10,2013,LAND-en ZEEZICHT,Minor Dam,451,,,
6a0cd759-0620-4e8c-a33c-582cd74e25ee,13/10/2013,Oct-13,10,2013,LAND-en ZEEZICHT,Minor Dam,451,,,
831d9568-5d4a-4902-aca9-db378a45f4b0,14/10/2013,Oct-13,10,2013,LAND-en ZEEZICHT,Minor Dam,451,,,
bbc9e54b-9917-4c06-8ef8-f1d0c9b6e298,15/10/2013,Oct-13,10,2013,LAND-en ZEEZICHT,Minor Dam,451,,,
ca9807b0-e5bf-43b6-a911-e389dfd78a3c,16/10/2013,Oct-13,10,2013,LAND-en ZEEZICHT,Minor Dam,451,,,
6f9b515e-6b5c-4b97-8fa7-ad13a268a747,17/10/2013,Oct-13,10,2013,LAND-en ZEEZICHT,Minor Dam,451,,,
3ae10f8e-8101-4cc5-bc84-e699b0dfb0e6,18/10/2013,Oct-13,10,2013,LAND-en ZEEZICHT,Minor Dam,451,,,
9f75a7e3-6d0d-46c6-983b-336f3404aa57,19/10/2013,Oct-13,10,2013,LAND-en ZEEZICHT,Minor Dam,451,,,
bc68ee0b-859a-484f-810a-7613ab11b773,20/10/2013,Oct-13,10,2013,LAND-en ZEEZICHT,Minor Dam,451,,,
19294dee-4965-4653-9c6f-d703363d176b,21/10/2013,Oct-13,10,2013,LAND-en ZEEZICHT,Minor Dam,451,,,
7673b8d7-23d8-4092-bb0e-6167a6230963,22/10/2013,Oct-13,10,2013,LAND-en ZEEZICHT,Minor Dam,451,,,
70262d0a-35cf-4b17-8a30-af95ed220817,23/10/2013,Oct-13,10,2013,LAND-en ZEEZICHT,Minor Dam,451,,,
c49e58e9-567e-4c82-9bea-9ba34c5e293b,24/10/2013,Oct-13,10,2013,LAND-en ZEEZICHT,Minor Dam,451,,,
0eb13fe3-d69b-4ece-91e0-9e47b7af9669,25/10/2013,Oct-13,10,2013,LAND-en ZEEZICHT,Minor Dam,451,,,
9b3b4068-2b8f-4704-ad41-ded6bfc98f1d,26/10/2013,Oct-13,10,2013,LAND-en ZEEZICHT,Minor Dam,451,,,
40d5f6b4-e793-436e-9cd5-8b26bdadaf47,27/10/2013,Oct-13,10,2013,LAND-en ZEEZICHT,Minor Dam,451,,,
f28c0612-5711-4cc4-acef-de1117a7de15,28/10/2013,Oct-13,10,2013,LAND-en ZEEZICHT,Minor Dam,451,,,
754f4538-a4b0-48c7-908f-c323005450a3,29/10/2013,Oct-13,10,2013,LAND-en ZEEZICHT,Minor Dam,451,,,
8fd70fc7-384a-4c5a-ba4f-df7afd13a925,30/10/2013,Oct-13,10,2013,LAND-en ZEEZICHT,Minor Dam,451,,,
2f22381e-6435-4ea0-a48a-23f320d55ec6,31/10/2013,Oct-13,10,2013,LAND-en ZEEZICHT,Minor Dam,451,,,
8d316a3f-37c1-4140-a047-4e828f930698,01/11/2013,Nov-13,11,2013,LAND-en ZEEZICHT,Minor Dam,451,,,
08a3f5f7-e2e5-4d4f-80e2-b3d2a43ae62e,02/11/2013,Nov-13,11,2013,LAND-en ZEEZICHT,Minor Dam,451,,,
c112c4f1-76c8-4e3f-ad95-3a2702b502c6,03/11/2013,Nov-13,11,2013,LAND-en ZEEZICHT,Minor Dam,451,,,
ecf4e41b-0bfb-4199-8b2e-b0b3c30a57a6,04/11/2013,Nov-13,11,2013,LAND-en ZEEZICHT,Minor Dam,451,,,
129a183f-ffd3-4880-9848-48d990151e90,05/11/2013,Nov-13,11,2013,LAND-en ZEEZICHT,Minor Dam,451,,,
31090434-3de3-4c07-bc35-ba972dd4ad6c,06/11/2013,Nov-13,11,2013,LAND-en ZEEZICHT,Minor Dam,451,,,
1729ad2b-c909-4b0e-9643-31cbd26c8687,07/11/2013,Nov-13,11,2013,LAND-en ZEEZICHT,Minor Dam,451,,,
f7c6d738-b5cf-433b-a8e4-0d58f77a5281,08/11/2013,Nov-13,11,2013,LAND-en ZEEZICHT,Minor Dam,451,,,
cdc7383b-ae89-46c6-9ee0-b4a205634ee4,09/11/2013,Nov-13,11,2013,LAND-en ZEEZICHT,Minor Dam,451,,,
9cb6838a-c175-4f41-a747-5b646cd437f2,10/11/2013,Nov-13,11,2013,LAND-en ZEEZICHT,Minor Dam,451,,,
ce9c0357-cdca-4952-b315-29f1f5f614e1,11/11/2013,Nov-13,11,2013,LAND-en ZEEZICHT,Minor Dam,451,,,
a4c6a33a-4173-457f-9f85-cff4cb235f41,12/11/2013,Nov-13,11,2013,LAND-en ZEEZICHT,Minor Dam,451,,,
902e92b6-79bd-451d-b07d-c068ec17cd1c,13/11/2013,Nov-13,11,2013,LAND-en ZEEZICHT,Minor Dam,451,,,
1fdefc1c-ae2a-4b5a-838a-b4c58bfff00a,14/11/2013,Nov-13,11,2013,LAND-en ZEEZICHT,Minor Dam,451,,,
f3dcb5f4-871b-476d-9463-b7b090449498,15/11/2013,Nov-13,11,2013,LAND-en ZEEZICHT,Minor Dam,451,,,
7c1d8b37-4b7b-4b15-a0c5-0e6004a97ded,16/11/2013,Nov-13,11,2013,LAND-en ZEEZICHT,Minor Dam,451,,,
5bb2a298-cd83-495d-9460-c547e267b18d,17/11/2013,Nov-13,11,2013,LAND-en ZEEZICHT,Minor Dam,451,,,
cf177775-0bd9-4d5a-9154-91d48552696c,18/11/2013,Nov-13,11,2013,LAND-en ZEEZICHT,Minor Dam,451,,,
b2481687-c48d-4cfc-8ffa-49c55691b5ad,19/11/2013,Nov-13,11,2013,LAND-en ZEEZICHT,Minor Dam,451,,,
7e5cc470-0c0a-4179-817b-9bd6835b0f52,20/11/2013,Nov-13,11,2013,LAND-en ZEEZICHT,Minor Dam,451,,,
62ca8223-6507-44b3-ab08-7b0e356a627a,21/11/2013,Nov-13,11,2013,LAND-en ZEEZICHT,Minor Dam,451,,,
d74855e5-9d4b-4747-ab67-ed93a75facfa,22/11/2013,Nov-13,11,2013,LAND-en ZEEZICHT,Minor Dam,451,,,
1a188bd7-a7f6-4304-8c6c-92586db19c15,23/11/2013,Nov-13,11,2013,LAND-en ZEEZICHT,Minor Dam,451,,,
8ca56904-2440-4140-a91e-5f7dd4696fac,24/11/2013,Nov-13,11,2013,LAND-en ZEEZICHT,Minor Dam,451,,,
fc81e755-641c-4f31-914c-ef1bd24cba6b,25/11/2013,Nov-13,11,2013,LAND-en ZEEZICHT,Minor Dam,451,,,
1374f696-f799-4ecc-b4f2-e1541ff6db0e,26/11/2013,Nov-13,11,2013,LAND-en ZEEZICHT,Minor Dam,451,,,
6bfcf07b-00a7-4dae-b65f-67176d2cbfb8,27/11/2013,Nov-13,11,2013,LAND-en ZEEZICHT,Minor Dam,451,,,
e0740688-33f6-4426-9f69-f01a5b9829af,28/11/2013,Nov-13,11,2013,LAND-en ZEEZICHT,Minor Dam,451,,,
260fbd39-a684-4dbb-8626-ec62b033e7b2,29/11/2013,Nov-13,11,2013,LAND-en ZEEZICHT,Minor Dam,451,,,
4b0bafa8-b932-40c8-badf-8e2dbc72782d,30/11/2013,Nov-13,11,2013,LAND-en ZEEZICHT,Minor Dam,451,,,
a40ea661-4c58-4f01-a0e8-36e34b66d2ea,01/12/2013,Dec-13,12,2013,LAND-en ZEEZICHT,Minor Dam,451,,,
3e773f37-d82f-4091-b563-3846cae1d7f9,02/12/2013,Dec-13,12,2013,LAND-en ZEEZICHT,Minor Dam,451,,,
7d04bbb1-5063-4b2e-996c-fcb78db303b8,03/12/2013,Dec-13,12,2013,LAND-en ZEEZICHT,Minor Dam,451,,,
781da432-b01f-4793-91a8-a507c845b9a5,04/12/2013,Dec-13,12,2013,LAND-en ZEEZICHT,Minor Dam,451,,,
3f14a509-6dc3-4a2f-a4ff-8dd01644a571,05/12/2013,Dec-13,12,2013,LAND-en ZEEZICHT,Minor Dam,451,,,
0d55551c-0da2-4544-9a81-ef009fbcf7b3,06/12/2013,Dec-13,12,2013,LAND-en ZEEZICHT,Minor Dam,451,,,
0246a198-507a-42b5-8054-12ca76305787,07/12/2013,Dec-13,12,2013,LAND-en ZEEZICHT,Minor Dam,451,,,
c057c722-6eeb-487f-8003-2ce325b93b34,08/12/2013,Dec-13,12,2013,LAND-en ZEEZICHT,Minor Dam,451,,,
3d87a2fe-4f08-482a-ac4a-6dca54112cc0,09/12/2013,Dec-13,12,2013,LAND-en ZEEZICHT,Minor Dam,451,,,
54506816-14b6-498a-89bf-faeaa7d0479a,10/12/2013,Dec-13,12,2013,LAND-en ZEEZICHT,Minor Dam,451,,,
ac3c3d76-af66-4624-a272-74a088c19217,11/12/2013,Dec-13,12,2013,LAND-en ZEEZICHT,Minor Dam,451,,,
96520940-da07-4fb1-bf26-5a9251a52db6,12/12/2013,Dec-13,12,2013,LAND-en ZEEZICHT,Minor Dam,451,,,
ed54e7f1-83bd-4a4c-94f9-f800ddee8aa8,13/12/2013,Dec-13,12,2013,LAND-en ZEEZICHT,Minor Dam,451,,,
26786663-4dd0-4290-9f4f-d09cf008658a,14/12/2013,Dec-13,12,2013,LAND-en ZEEZICHT,Minor Dam,451,,,
6765796b-97df-4186-b372-64caf7d2a67e,15/12/2013,Dec-13,12,2013,LAND-en ZEEZICHT,Minor Dam,451,,,
48e85903-6e67-49d8-b7f9-155e2166611e,16/12/2013,Dec-13,12,2013,LAND-en ZEEZICHT,Minor Dam,451,,,
062171de-abfd-4d1d-95f5-33e332f02853,17/12/2013,Dec-13,12,2013,LAND-en ZEEZICHT,Minor Dam,451,,,
7f15136a-7d1b-4018-991e-a52ea62cf249,18/12/2013,Dec-13,12,2013,LAND-en ZEEZICHT,Minor Dam,451,,,
604ea95e-ce9a-4fc7-9c9b-73f55956189f,19/12/2013,Dec-13,12,2013,LAND-en ZEEZICHT,Minor Dam,451,,,
df372c5e-ad71-4d13-8cd6-2649223d520a,20/12/2013,Dec-13,12,2013,LAND-en ZEEZICHT,Minor Dam,451,,,
c004635f-5faa-40ff-84e1-11dca7685ba4,21/12/2013,Dec-13,12,2013,LAND-en ZEEZICHT,Minor Dam,451,,,
8e67b054-d854-4f55-be7d-64cd2e56646b,22/12/2013,Dec-13,12,2013,LAND-en ZEEZICHT,Minor Dam,451,,,
fd099896-9499-432b-9f6b-17ba5cc1faa3,23/12/2013,Dec-13,12,2013,LAND-en ZEEZICHT,Minor Dam,451,,,
511b85b9-c061-4274-a128-7709c8a93629,24/12/2013,Dec-13,12,2013,LAND-en ZEEZICHT,Minor Dam,451,,,
6c55c412-caf7-4a69-abd0-b826b777eeea,25/12/2013,Dec-13,12,2013,LAND-en ZEEZICHT,Minor Dam,451,,,
e9392d01-38e3-49c4-8a6a-26ae110f7695,26/12/2013,Dec-13,12,2013,LAND-en ZEEZICHT,Minor Dam,451,,,
cff1b0c4-46ca-4828-8d18-6c4f8ea39629,27/12/2013,Dec-13,12,2013,LAND-en ZEEZICHT,Minor Dam,451,,,
0c80fa6e-2651-4d49-a1f7-25344e15d615,28/12/2013,Dec-13,12,2013,LAND-en ZEEZICHT,Minor Dam,451,,,
63366ac6-ff3d-4b77-9985-4ceaff37f66b,29/12/2013,Dec-13,12,2013,LAND-en ZEEZICHT,Minor Dam,451,,,
339629ca-c48e-4fe7-b9b7-324f50e1ecc3,30/12/2013,Dec-13,12,2013,LAND-en ZEEZICHT,Minor Dam,451,,,
24dfaee0-07a2-44cc-b287-acdbc7a554a7,31/12/2013,Dec-13,12,2013,LAND-en ZEEZICHT,Minor Dam,451,,,
732518b3-5557-4e91-bd98-1c9a50ef7d5c,01/01/2014,Jan-14,1,2014,LAND-en ZEEZICHT,Minor Dam,451,,,
677cc6a5-326d-423c-ab04-f4ccc93401cc,02/01/2014,Jan-14,1,2014,LAND-en ZEEZICHT,Minor Dam,451,,,
98629b54-0d18-4c06-9512-9ffe234f96e9,03/01/2014,Jan-14,1,2014,LAND-en ZEEZICHT,Minor Dam,451,,,
05cabfa0-f9be-442d-a165-1cac992566b4,04/01/2014,Jan-14,1,2014,LAND-en ZEEZICHT,Minor Dam,451,,,
2305002e-ca9f-4cde-acf4-18ccbb9d9467,05/01/2014,Jan-14,1,2014,LAND-en ZEEZICHT,Minor Dam,451,,,
1aa19c4b-6db6-49d2-9675-14569a339f62,06/01/2014,Jan-14,1,2014,LAND-en ZEEZICHT,Minor Dam,451,,,
ee1c1764-f859-42b7-9160-76b6a9459df5,07/01/2014,Jan-14,1,2014,LAND-en ZEEZICHT,Minor Dam,451,,,
f932d7d9-b562-43d8-8dcd-edbe21714e94,08/01/2014,Jan-14,1,2014,LAND-en ZEEZICHT,Minor Dam,451,,,
f57bb119-bb43-434f-b745-e5f0a78118bd,09/01/2014,Jan-14,1,2014,LAND-en ZEEZICHT,Minor Dam,451,,,
e8002def-e371-4853-9cbd-9b7da7cffd6f,10/01/2014,Jan-14,1,2014,LAND-en ZEEZICHT,Minor Dam,451,,,
af20d084-f690-4a5e-a17a-be9244c21a96,11/01/2014,Jan-14,1,2014,LAND-en ZEEZICHT,Minor Dam,451,,,
b9004389-490c-43b5-a9af-bf0ed38d91db,12/01/2014,Jan-14,1,2014,LAND-en ZEEZICHT,Minor Dam,451,,,
48765196-09bb-41b1-b6c3-5bf2d0a394f8,13/01/2014,Jan-14,1,2014,LAND-en ZEEZICHT,Minor Dam,451,,,
762980c3-7bc0-43f9-a7c1-99937230e645,14/01/2014,Jan-14,1,2014,LAND-en ZEEZICHT,Minor Dam,451,,,
3f03e3ce-0474-48a0-996f-7b47b2619d13,15/01/2014,Jan-14,1,2014,LAND-en ZEEZICHT,Minor Dam,451,,,
ac3d31a1-bf73-4efc-9231-a1820efd805b,16/01/2014,Jan-14,1,2014,LAND-en ZEEZICHT,Minor Dam,451,,,
aadf2be8-61aa-4a4a-83ee-e528cfca021f,17/01/2014,Jan-14,1,2014,LAND-en ZEEZICHT,Minor Dam,451,,,
9c5b1de3-8101-4a9b-bb4a-52cfd945392f,18/01/2014,Jan-14,1,2014,LAND-en ZEEZICHT,Minor Dam,451,,,
60386b8c-222d-4cec-895a-59d8d2fa2eb0,19/01/2014,Jan-14,1,2014,LAND-en ZEEZICHT,Minor Dam,451,,,
d4b4819b-2ae8-47f3-bceb-8ee982fcd00f,20/01/2014,Jan-14,1,2014,LAND-en ZEEZICHT,Minor Dam,451,,,
650a337e-fea4-4cd1-9ff7-297051da3628,21/01/2014,Jan-14,1,2014,LAND-en ZEEZICHT,Minor Dam,451,,,
5353567a-761e-424b-afa1-9db1445246be,22/01/2014,Jan-14,1,2014,LAND-en ZEEZICHT,Minor Dam,451,,,
81019ea5-7e0b-4f95-9daa-fcf23ee9519d,23/01/2014,Jan-14,1,2014,LAND-en ZEEZICHT,Minor Dam,451,,,
f38747f6-fad5-4c6a-9424-8f3b54d8a37d,24/01/2014,Jan-14,1,2014,LAND-en ZEEZICHT,Minor Dam,451,,,
2adaac1b-714f-41ce-8f72-0efb471410c1,25/01/2014,Jan-14,1,2014,LAND-en ZEEZICHT,Minor Dam,451,,,
2bcb012c-1372-47ce-8336-38c5a1e94696,26/01/2014,Jan-14,1,2014,LAND-en ZEEZICHT,Minor Dam,451,,,
c708cdb4-14c7-4116-aeb9-653024fbdcaa,27/01/2014,Jan-14,1,2014,LAND-en ZEEZICHT,Minor Dam,451,,,
c9db3b1d-b2c4-4a2d-b9a2-08fb41a22ac1,28/01/2014,Jan-14,1,2014,LAND-en ZEEZICHT,Minor Dam,451,,,
8a505d21-8401-42c9-b2e6-c7d96804848c,29/01/2014,Jan-14,1,2014,LAND-en ZEEZICHT,Minor Dam,451,,,
99b9c0ff-0b12-49ae-bebe-8b9b5e1e8930,30/01/2014,Jan-14,1,2014,LAND-en ZEEZICHT,Minor Dam,451,,,
4ae05522-2682-4291-a9ab-906abc840700,31/01/2014,Jan-14,1,2014,LAND-en ZEEZICHT,Minor Dam,451,,,
9a6222d2-1a14-4c76-8ee6-9251468e279c,01/02/2014,Feb-14,2,2014,LAND-en ZEEZICHT,Minor Dam,451,,,
66cdfb45-2b04-4847-a009-7901ab517d04,02/02/2014,Feb-14,2,2014,LAND-en ZEEZICHT,Minor Dam,451,,,
18fa56d0-47c2-4224-a555-5d58cc0a4bd0,03/02/2014,Feb-14,2,2014,LAND-en ZEEZICHT,Minor Dam,451,,,
d0656c5d-9178-4c72-bfd9-f47336e68ee2,04/02/2014,Feb-14,2,2014,LAND-en ZEEZICHT,Minor Dam,451,,,
e697506d-35b1-4774-b1a8-083f5babb72e,05/02/2014,Feb-14,2,2014,LAND-en ZEEZICHT,Minor Dam,451,,,
fe240d8b-4bcb-4601-8353-be967ffb0502,06/02/2014,Feb-14,2,2014,LAND-en ZEEZICHT,Minor Dam,451,,,
86861628-9247-4a4e-80ff-a1939d30f814,07/02/2014,Feb-14,2,2014,LAND-en ZEEZICHT,Minor Dam,451,,,
642b92eb-2ea1-4c13-b8a6-b5d015720786,08/02/2014,Feb-14,2,2014,LAND-en ZEEZICHT,Minor Dam,451,,,
4d3ac7d8-119f-4d7c-8a5e-c20eb30528bb,09/02/2014,Feb-14,2,2014,LAND-en ZEEZICHT,Minor Dam,451,,,
370fa679-4b91-47ce-b1e1-4b4d9f65c769,10/02/2014,Feb-14,2,2014,LAND-en ZEEZICHT,Minor Dam,451,,,
8fdcc558-ffaa-494d-8933-e4e5c7878d71,11/02/2014,Feb-14,2,2014,LAND-en ZEEZICHT,Minor Dam,451,,,
6704af0b-70b3-4742-92cf-b738df6286e2,12/02/2014,Feb-14,2,2014,LAND-en ZEEZICHT,Minor Dam,451,,,
37b004fc-0490-4e9e-8c7a-792c43b73de1,13/02/2014,Feb-14,2,2014,LAND-en ZEEZICHT,Minor Dam,451,,,
470e5e99-a7eb-429e-ab58-147ae80f8769,14/02/2014,Feb-14,2,2014,LAND-en ZEEZICHT,Minor Dam,451,,,
eabaa2e1-4a59-41f8-a307-66d4f98f2d40,15/02/2014,Feb-14,2,2014,LAND-en ZEEZICHT,Minor Dam,451,,,
9932700d-5935-4d0c-bd8b-da20ed82ac43,16/02/2014,Feb-14,2,2014,LAND-en ZEEZICHT,Minor Dam,451,,,
6859a933-9a86-4f45-9c5e-fdd0abf93d4f,17/02/2014,Feb-14,2,2014,LAND-en ZEEZICHT,Minor Dam,451,,,
e9004202-f961-4bd0-86d8-bb1f83503928,18/02/2014,Feb-14,2,2014,LAND-en ZEEZICHT,Minor Dam,451,,,
1ddccef5-c34d-4c16-a996-22bd9b6b4bc3,19/02/2014,Feb-14,2,2014,LAND-en ZEEZICHT,Minor Dam,451,,,
a883f645-ad6b-4381-a2bc-4e3ce7d898b8,20/02/2014,Feb-14,2,2014,LAND-en ZEEZICHT,Minor Dam,451,,,
49b4864b-eba8-40a1-8f96-19929a4db87f,21/02/2014,Feb-14,2,2014,LAND-en ZEEZICHT,Minor Dam,451,,,
fb3c1a92-189d-4840-9680-06f076150710,22/02/2014,Feb-14,2,2014,LAND-en ZEEZICHT,Minor Dam,451,,,
9bb96170-010c-444a-825f-ba90f616c9c6,23/02/2014,Feb-14,2,2014,LAND-en ZEEZICHT,Minor Dam,451,,,
df89ce48-1141-4566-974e-d546c392065c,24/02/2014,Feb-14,2,2014,LAND-en ZEEZICHT,Minor Dam,451,,,
ebfa4ed6-ed1b-4a29-a294-c0576f2d77db,25/02/2014,Feb-14,2,2014,LAND-en ZEEZICHT,Minor Dam,451,,,
a3f09f83-95bc-4719-9757-deb1b48d5f2e,26/02/2014,Feb-14,2,2014,LAND-en ZEEZICHT,Minor Dam,451,,,
3cf15088-842a-4e3f-aaec-cc48e6246131,27/02/2014,Feb-14,2,2014,LAND-en ZEEZICHT,Minor Dam,451,,,
615b4108-92c1-48bf-aba8-23d977058704,28/02/2014,Feb-14,2,2014,LAND-en ZEEZICHT,Minor Dam,451,,,
352753ba-3507-48e0-8757-2110fe7c193c,01/03/2014,Mar-14,3,2014,LAND-en ZEEZICHT,Minor Dam,451,,,
268d453a-4284-425a-8cdf-f12ca7cfc75c,02/03/2014,Mar-14,3,2014,LAND-en ZEEZICHT,Minor Dam,451,,,
ab8a4ebb-92cd-4a1c-a244-fd31fc4f6993,03/03/2014,Mar-14,3,2014,LAND-en ZEEZICHT,Minor Dam,451,,,
7909764f-7411-4fde-ba35-633fe6c4b62d,04/03/2014,Mar-14,3,2014,LAND-en ZEEZICHT,Minor Dam,451,,,
b82f91fb-0af1-442f-a99c-4dd5bff99094,05/03/2014,Mar-14,3,2014,LAND-en ZEEZICHT,Minor Dam,451,,,
243bdfbe-63d8-4282-badb-5e0a41754451,06/03/2014,Mar-14,3,2014,LAND-en ZEEZICHT,Minor Dam,451,,,
d14f5cac-bed4-41f3-b317-0b3d4386be81,07/03/2014,Mar-14,3,2014,LAND-en ZEEZICHT,Minor Dam,451,,,
355ad780-14e9-4067-a989-f5cedcac08f8,08/03/2014,Mar-14,3,2014,LAND-en ZEEZICHT,Minor Dam,451,,,
9f5c1352-66c0-4abc-8a6b-70215067ca13,09/03/2014,Mar-14,3,2014,LAND-en ZEEZICHT,Minor Dam,451,,,
9c476304-f32f-43f2-bde4-91d18b1ba4c5,10/03/2014,Mar-14,3,2014,LAND-en ZEEZICHT,Minor Dam,451,,,
6781b2ad-c719-47d7-ae3e-4acb292fbf69,11/03/2014,Mar-14,3,2014,LAND-en ZEEZICHT,Minor Dam,451,,,
9fdb2e18-f11c-45c7-8199-abb301d95668,12/03/2014,Mar-14,3,2014,LAND-en ZEEZICHT,Minor Dam,451,,,
ee0e52d4-d078-46ad-ad0f-af462fd1bb53,13/03/2014,Mar-14,3,2014,LAND-en ZEEZICHT,Minor Dam,451,,,
b499c12b-da70-4436-9887-3bea7ecea7ad,14/03/2014,Mar-14,3,2014,LAND-en ZEEZICHT,Minor Dam,451,,,
4f6f3bc6-c10c-4503-8e2a-6785d187e9fc,15/03/2014,Mar-14,3,2014,LAND-en ZEEZICHT,Minor Dam,451,,,
1f9de18a-1c21-4522-baaf-b7f14ffe31bf,16/03/2014,Mar-14,3,2014,LAND-en ZEEZICHT,Minor Dam,451,,,
2907615e-948e-439d-93f2-b5f6f605a9be,17/03/2014,Mar-14,3,2014,LAND-en ZEEZICHT,Minor Dam,451,,,
c32b6aa3-9cf5-47e6-b4f8-2d6e73a2b6d3,18/03/2014,Mar-14,3,2014,LAND-en ZEEZICHT,Minor Dam,451,,,
5ab3a528-b24a-460c-9413-9602316da8d4,19/03/2014,Mar-14,3,2014,LAND-en ZEEZICHT,Minor Dam,451,,,
b323913f-5fd2-43cf-aabb-9e0ba5b3c205,20/03/2014,Mar-14,3,2014,LAND-en ZEEZICHT,Minor Dam,451,,,
9007c04c-7939-424c-8ee0-1fd24ddbc572,21/03/2014,Mar-14,3,2014,LAND-en ZEEZICHT,Minor Dam,451,,,
22d91e8e-f6e6-4309-a322-cacd911e690d,22/03/2014,Mar-14,3,2014,LAND-en ZEEZICHT,Minor Dam,451,,,
eff6d6a5-f8e5-48cf-ac9c-155934b2c943,23/03/2014,Mar-14,3,2014,LAND-en ZEEZICHT,Minor Dam,451,,,
c784f211-6062-4659-9613-93f3dca78c6d,24/03/2014,Mar-14,3,2014,LAND-en ZEEZICHT,Minor Dam,451,,,
b4d703e6-e58d-4672-8578-124f5dd00225,25/03/2014,Mar-14,3,2014,LAND-en ZEEZICHT,Minor Dam,451,,,
ca987592-d8c9-4535-863c-0e5470178871,26/03/2014,Mar-14,3,2014,LAND-en ZEEZICHT,Minor Dam,451,,,
51276d66-0fb6-4c4f-828d-bd9e71eeff1e,27/03/2014,Mar-14,3,2014,LAND-en ZEEZICHT,Minor Dam,451,,,
5e851929-a966-4478-b387-e5c1e112483b,28/03/2014,Mar-14,3,2014,LAND-en ZEEZICHT,Minor Dam,451,,,
1ed4712c-82c4-4b10-9588-8f065e406e55,29/03/2014,Mar-14,3,2014,LAND-en ZEEZICHT,Minor Dam,451,,,
1c3282e4-a985-4953-aadc-2492e58d9cd8,30/03/2014,Mar-14,3,2014,LAND-en ZEEZICHT,Minor Dam,451,,,
a01a4be6-4ed3-42dd-b040-02c668dfcee7,31/03/2014,Mar-14,3,2014,LAND-en ZEEZICHT,Minor Dam,451,,,
7dae2bc5-29dd-4565-bae1-ce67236dd77f,01/04/2014,Apr-14,4,2014,LAND-en ZEEZICHT,Minor Dam,451,,,
bc53222e-9814-4233-9914-b7248d05e25e,02/04/2014,Apr-14,4,2014,LAND-en ZEEZICHT,Minor Dam,451,,,
730eccd3-7941-433f-9c14-8cb8a1c51814,03/04/2014,Apr-14,4,2014,LAND-en ZEEZICHT,Minor Dam,451,,,
b9b983ec-6c7d-4125-a722-47fb7a751a78,04/04/2014,Apr-14,4,2014,LAND-en ZEEZICHT,Minor Dam,451,,,
bc0b991f-acd9-4030-a335-d9705af7e4e5,05/04/2014,Apr-14,4,2014,LAND-en ZEEZICHT,Minor Dam,451,,,
de5f7359-e52a-4a0a-8234-c41b24eaf8e6,06/04/2014,Apr-14,4,2014,LAND-en ZEEZICHT,Minor Dam,451,,,
2dea6ce3-d4a5-4865-94f5-87ff182eb7e3,07/04/2014,Apr-14,4,2014,LAND-en ZEEZICHT,Minor Dam,451,,,
6a0eb176-2f0d-4e08-8876-1dadb7064baa,08/04/2014,Apr-14,4,2014,LAND-en ZEEZICHT,Minor Dam,451,,,
2a213a7e-af45-44c1-9e34-14b266f53a17,09/04/2014,Apr-14,4,2014,LAND-en ZEEZICHT,Minor Dam,451,,,
36df7e01-25a4-4498-b212-0ab381a12ae0,10/04/2014,Apr-14,4,2014,LAND-en ZEEZICHT,Minor Dam,451,,,
e9c9b06e-e2ae-47b0-b836-4a561b9fb7e0,11/04/2014,Apr-14,4,2014,LAND-en ZEEZICHT,Minor Dam,451,,,
c22870d0-25aa-47c6-ba8a-33d194b6eae3,12/04/2014,Apr-14,4,2014,LAND-en ZEEZICHT,Minor Dam,451,,,
cb5a73fb-cec2-4734-8350-96a47bb99755,13/04/2014,Apr-14,4,2014,LAND-en ZEEZICHT,Minor Dam,451,,,
1bb4cd89-356c-4561-9252-6458c10d4a33,14/04/2014,Apr-14,4,2014,LAND-en ZEEZICHT,Minor Dam,451,,,
544dee2e-d05a-4654-a3ba-d7cd7a8f2669,15/04/2014,Apr-14,4,2014,LAND-en ZEEZICHT,Minor Dam,451,,,
92d07d2d-e335-4a07-b5d9-43f7c3248537,16/04/2014,Apr-14,4,2014,LAND-en ZEEZICHT,Minor Dam,451,,,
877034c0-9031-431f-926d-73c58c978b9c,17/04/2014,Apr-14,4,2014,LAND-en ZEEZICHT,Minor Dam,451,,,
38226946-4606-4f9b-bf0b-a751f24f39e3,18/04/2014,Apr-14,4,2014,LAND-en ZEEZICHT,Minor Dam,451,,,
ecf198d4-ce38-4efa-b417-25a95a7e2f8f,19/04/2014,Apr-14,4,2014,LAND-en ZEEZICHT,Minor Dam,451,,,
d516c861-a4ac-47f2-949a-092deea11af4,20/04/2014,Apr-14,4,2014,LAND-en ZEEZICHT,Minor Dam,451,,,
6f5ccaa4-55b2-46f6-b90a-ad5bbf547902,21/04/2014,Apr-14,4,2014,LAND-en ZEEZICHT,Minor Dam,451,,,
0770a58c-f9b3-47c9-86b8-67129078b6e5,22/04/2014,Apr-14,4,2014,LAND-en ZEEZICHT,Minor Dam,451,,,
414ca943-8f7d-464b-9bf3-7fe312759246,23/04/2014,Apr-14,4,2014,LAND-en ZEEZICHT,Minor Dam,451,,,
f173b2e8-9453-454c-9c65-2761183ec1a7,24/04/2014,Apr-14,4,2014,LAND-en ZEEZICHT,Minor Dam,451,,,
e426f9a5-dd3f-41d6-8277-038857ffacaf,25/04/2014,Apr-14,4,2014,LAND-en ZEEZICHT,Minor Dam,451,,,
db8af5b4-b8c1-40e1-b5e9-6963e3bbfd91,26/04/2014,Apr-14,4,2014,LAND-en ZEEZICHT,Minor Dam,451,,,
b5f5b065-f447-458d-9e14-0b04b35bf10b,27/04/2014,Apr-14,4,2014,LAND-en ZEEZICHT,Minor Dam,451,,,
1bcc987b-040f-4a44-aa7b-63acdbc1ebfc,28/04/2014,Apr-14,4,2014,LAND-en ZEEZICHT,Minor Dam,451,,,
ad27a2cb-9fda-40a1-816c-55c39068270b,29/04/2014,Apr-14,4,2014,LAND-en ZEEZICHT,Minor Dam,451,,,
e3cb33ac-5d55-4d6f-934a-ef842ee0ab40,30/04/2014,Apr-14,4,2014,LAND-en ZEEZICHT,Minor Dam,451,,,
9ff5d47d-b9c1-4649-b59f-1070cf16d832,01/05/2014,May-14,5,2014,LAND-en ZEEZICHT,Minor Dam,451,,,
27494e38-448b-4c95-8bbe-17ffc0436545,02/05/2014,May-14,5,2014,LAND-en ZEEZICHT,Minor Dam,451,,,
92cf45e0-6b59-4562-ad31-aa4497a71f44,03/05/2014,May-14,5,2014,LAND-en ZEEZICHT,Minor Dam,451,,,
9d0c8421-67ed-4292-9adf-b81acc988493,04/05/2014,May-14,5,2014,LAND-en ZEEZICHT,Minor Dam,451,,,
1c8ab6dc-1356-4be7-8044-f159a273a357,05/05/2014,May-14,5,2014,LAND-en ZEEZICHT,Minor Dam,451,,,
d920fda1-920c-4b88-ad07-cc968201491b,06/05/2014,May-14,5,2014,LAND-en ZEEZICHT,Minor Dam,451,,,
c19a669e-1087-4a9b-8a2e-33f4ec9fd4ae,07/05/2014,May-14,5,2014,LAND-en ZEEZICHT,Minor Dam,451,,,
cb73974f-241c-4e77-a407-c6f9816db2fe,08/05/2014,May-14,5,2014,LAND-en ZEEZICHT,Minor Dam,451,,,
4abd5ce2-4676-43d7-88b8-cc16d39b6e7a,09/05/2014,May-14,5,2014,LAND-en ZEEZICHT,Minor Dam,451,,,
33ce1508-adfb-4128-9bfc-648b26e725c9,10/05/2014,May-14,5,2014,LAND-en ZEEZICHT,Minor Dam,451,,,
4f012762-f641-4f01-a357-69339dcba7be,11/05/2014,May-14,5,2014,LAND-en ZEEZICHT,Minor Dam,451,,,
d683b44a-8904-4c0b-acf9-ad2d5d900476,12/05/2014,May-14,5,2014,LAND-en ZEEZICHT,Minor Dam,451,,,
664d7963-c5bf-405d-9a89-a6486aa6f729,13/05/2014,May-14,5,2014,LAND-en ZEEZICHT,Minor Dam,451,,,
3d1834f1-83bb-4646-991a-4bd260e3001a,14/05/2014,May-14,5,2014,LAND-en ZEEZICHT,Minor Dam,451,,,
dc3f2035-96dc-4af2-9d40-cd7ebb65ccba,15/05/2014,May-14,5,2014,LAND-en ZEEZICHT,Minor Dam,451,,,
f380ab65-68c5-42fe-9e4b-f3f59bb0632c,16/05/2014,May-14,5,2014,LAND-en ZEEZICHT,Minor Dam,451,,,
21c8af48-e524-476b-86b4-4e061b1ffd71,17/05/2014,May-14,5,2014,LAND-en ZEEZICHT,Minor Dam,451,,,
adf60338-6f7a-46c8-beb3-b19217209c93,18/05/2014,May-14,5,2014,LAND-en ZEEZICHT,Minor Dam,451,,,
031ec4c9-177b-4d93-9409-39679cc6d2da,19/05/2014,May-14,5,2014,LAND-en ZEEZICHT,Minor Dam,451,,,
65cabd8b-f255-4581-8df5-fc8694fec780,20/05/2014,May-14,5,2014,LAND-en ZEEZICHT,Minor Dam,451,,,
7779609f-d218-4709-9838-d08174dc66d6,21/05/2014,May-14,5,2014,LAND-en ZEEZICHT,Minor Dam,451,,,
a1f1fef1-c098-4853-9f40-e6cf413fdc27,22/05/2014,May-14,5,2014,LAND-en ZEEZICHT,Minor Dam,451,,,
4aeae1e0-33c1-4705-a715-de9bab6ba4d0,23/05/2014,May-14,5,2014,LAND-en ZEEZICHT,Minor Dam,451,,,
5e239af7-40ec-4126-913d-e624f3c36a1a,24/05/2014,May-14,5,2014,LAND-en ZEEZICHT,Minor Dam,451,,,
5b2baa8a-bc62-423c-9369-a25c33861b7f,25/05/2014,May-14,5,2014,LAND-en ZEEZICHT,Minor Dam,451,,,
db50df4b-aff5-4c31-a0bf-60a2731b9cf3,26/05/2014,May-14,5,2014,LAND-en ZEEZICHT,Minor Dam,451,,,
021f8cab-845a-4522-92c4-9163af4a6d4a,27/05/2014,May-14,5,2014,LAND-en ZEEZICHT,Minor Dam,451,,,
68bb08a5-11a3-48f4-94d9-8d44d5a84e96,28/05/2014,May-14,5,2014,LAND-en ZEEZICHT,Minor Dam,451,,,
cb233bfd-87bf-4b9d-848c-8c99c7c20b68,29/05/2014,May-14,5,2014,LAND-en ZEEZICHT,Minor Dam,451,,,
3ef56e07-75b1-4bc2-b885-f325e30bd0e8,30/05/2014,May-14,5,2014,LAND-en ZEEZICHT,Minor Dam,451,,,
7a2041d9-fc86-4e21-b56b-0811a0bcdc96,31/05/2014,May-14,5,2014,LAND-en ZEEZICHT,Minor Dam,451,,,
4e333d90-69f8-4161-be67-4ad395d30e93,01/06/2014,Jun-14,6,2014,LAND-en ZEEZICHT,Minor Dam,451,,,
c2f0b6cc-5dad-4bc8-b1ab-4fa04c108ae4,02/06/2014,Jun-14,6,2014,LAND-en ZEEZICHT,Minor Dam,451,,,
742568ec-60ca-4121-914c-e48b0a08e96b,03/06/2014,Jun-14,6,2014,LAND-en ZEEZICHT,Minor Dam,451,,,
9cff694c-1a98-4b3d-a695-5bb589115565,04/06/2014,Jun-14,6,2014,LAND-en ZEEZICHT,Minor Dam,451,,,
f9a8567b-ef96-4bb9-914a-69d5138df160,05/06/2014,Jun-14,6,2014,LAND-en ZEEZICHT,Minor Dam,451,,,
d0f8a117-63dd-4b5f-89bf-a0fe83d900a2,06/06/2014,Jun-14,6,2014,LAND-en ZEEZICHT,Minor Dam,451,,,
7fd978ec-847c-48b9-b21f-45fac98a5b91,07/06/2014,Jun-14,6,2014,LAND-en ZEEZICHT,Minor Dam,451,,,
356717e9-e70d-4d8f-b1a5-9cfc871f7cb9,08/06/2014,Jun-14,6,2014,LAND-en ZEEZICHT,Minor Dam,451,,,
27d1ad63-838d-4793-89ee-239320c9cc96,09/06/2014,Jun-14,6,2014,LAND-en ZEEZICHT,Minor Dam,451,,,
0c5d66da-ac5f-4fe6-81e1-290f36c9718a,10/06/2014,Jun-14,6,2014,LAND-en ZEEZICHT,Minor Dam,451,,,
43c09ab8-b9af-4a66-96db-0d70d47f8118,11/06/2014,Jun-14,6,2014,LAND-en ZEEZICHT,Minor Dam,451,,,
b8920f04-408d-4a78-9ca2-8554db1bb54f,12/06/2014,Jun-14,6,2014,LAND-en ZEEZICHT,Minor Dam,451,,,
06dbef9d-efa1-4999-8568-774f65d94743,13/06/2014,Jun-14,6,2014,LAND-en ZEEZICHT,Minor Dam,451,,,
c6921b77-9ade-4ac8-b05f-8917f64762ff,14/06/2014,Jun-14,6,2014,LAND-en ZEEZICHT,Minor Dam,451,,,
81aacb77-7940-4458-be19-e7d0fdc0ef0c,15/06/2014,Jun-14,6,2014,LAND-en ZEEZICHT,Minor Dam,451,,,
8aa4b1f1-4dde-4564-85c2-99ad4a655071,16/06/2014,Jun-14,6,2014,LAND-en ZEEZICHT,Minor Dam,451,,,
c03c9268-3cb5-461d-8416-30a74b472aaf,17/06/2014,Jun-14,6,2014,LAND-en ZEEZICHT,Minor Dam,451,,,
10859b61-e58b-4268-a30f-6873aa982942,18/06/2014,Jun-14,6,2014,LAND-en ZEEZICHT,Minor Dam,451,,,
5d9dcaff-e774-419d-bed5-eb83b6ea7cf3,19/06/2014,Jun-14,6,2014,LAND-en ZEEZICHT,Minor Dam,451,,,
df7c1db6-ef85-4362-b0a8-499476726a58,20/06/2014,Jun-14,6,2014,LAND-en ZEEZICHT,Minor Dam,451,,,
8a54077e-ff52-44f8-a584-a16f41d54dff,21/06/2014,Jun-14,6,2014,LAND-en ZEEZICHT,Minor Dam,451,,,
ce44e907-c7b6-4c0a-a136-a6f066c1fb7b,22/06/2014,Jun-14,6,2014,LAND-en ZEEZICHT,Minor Dam,451,,,
1a470623-4e81-4636-ace3-c45115eab1b5,23/06/2014,Jun-14,6,2014,LAND-en ZEEZICHT,Minor Dam,451,,,
13e2c121-33b4-43ee-b7ba-1bbcd7a8160e,24/06/2014,Jun-14,6,2014,LAND-en ZEEZICHT,Minor Dam,451,,,
7384e66d-c57a-4d58-ada5-92027deeb45e,25/06/2014,Jun-14,6,2014,LAND-en ZEEZICHT,Minor Dam,451,,,
e904d745-49b4-4cfb-ab88-7382850350d4,26/06/2014,Jun-14,6,2014,LAND-en ZEEZICHT,Minor Dam,451,,,
74f96f0b-eecc-4f18-8d05-524fb7ed2cd0,27/06/2014,Jun-14,6,2014,LAND-en ZEEZICHT,Minor Dam,451,,,
14d65eea-a3ce-4f7b-bcc5-b87f54823667,28/06/2014,Jun-14,6,2014,LAND-en ZEEZICHT,Minor Dam,451,,,
9fe43b2e-5e1b-46a7-8a9d-aa3134b5c701,29/06/2014,Jun-14,6,2014,LAND-en ZEEZICHT,Minor Dam,451,,,
cbf1fa47-4233-4d58-9dee-5f1db74f4d1d,30/06/2014,Jun-14,6,2014,LAND-en ZEEZICHT,Minor Dam,451,,,
bba6d0be-424b-4a8f-a8b9-9fd494aa94cb,01/07/2014,Jul-14,7,2014,LAND-en ZEEZICHT,Minor Dam,451,,,
455d7db4-e588-4840-b571-63325888d42b,02/07/2014,Jul-14,7,2014,LAND-en ZEEZICHT,Minor Dam,451,,,
d817880d-4f5c-4b0a-b2a1-7b9042258562,03/07/2014,Jul-14,7,2014,LAND-en ZEEZICHT,Minor Dam,451,,,
b0ca53ea-1f06-4e6f-b00c-064273e3b233,04/07/2014,Jul-14,7,2014,LAND-en ZEEZICHT,Minor Dam,451,,,
53d69c79-256f-4fb1-a8f5-4029eafa8c95,05/07/2014,Jul-14,7,2014,LAND-en ZEEZICHT,Minor Dam,451,,,
e4d1106b-b764-42a9-a976-7e39992b5c90,06/07/2014,Jul-14,7,2014,LAND-en ZEEZICHT,Minor Dam,451,,,
5ad8f2ad-ebb2-4bb8-9200-a64bdeb75b53,07/07/2014,Jul-14,7,2014,LAND-en ZEEZICHT,Minor Dam,451,,,
d86482a1-cfe9-4b3b-b787-fccbdcf0007e,08/07/2014,Jul-14,7,2014,LAND-en ZEEZICHT,Minor Dam,451,,,
e035e9dd-5e89-458b-ad5e-1d65a18dc7e6,09/07/2014,Jul-14,7,2014,LAND-en ZEEZICHT,Minor Dam,451,,,
a80c7334-dda3-441e-89a9-46b82d1fd05e,10/07/2014,Jul-14,7,2014,LAND-en ZEEZICHT,Minor Dam,451,,,
e07cd186-cdcf-4021-82f7-78a63d95239d,11/07/2014,Jul-14,7,2014,LAND-en ZEEZICHT,Minor Dam,451,,,
09df4e8e-e792-4ee2-a94e-33c9cfeb54e2,12/07/2014,Jul-14,7,2014,LAND-en ZEEZICHT,Minor Dam,451,,,
aec6a120-365b-4552-b48c-99b5fe95c900,13/07/2014,Jul-14,7,2014,LAND-en ZEEZICHT,Minor Dam,451,,,
b47afd6a-e8d3-4709-8238-32bc82de7417,14/07/2014,Jul-14,7,2014,LAND-en ZEEZICHT,Minor Dam,451,,,
85ee1a20-941a-4e02-89da-c83a8d623a2e,15/07/2014,Jul-14,7,2014,LAND-en ZEEZICHT,Minor Dam,451,,,
33ae4381-ddc8-4b73-ac1d-2fd237cc2ce3,16/07/2014,Jul-14,7,2014,LAND-en ZEEZICHT,Minor Dam,451,,,
e4ab3268-c1f4-478c-8e98-50dded314313,17/07/2014,Jul-14,7,2014,LAND-en ZEEZICHT,Minor Dam,451,,,
924f28f1-4db2-40f1-b8e8-30d5bcb9c054,18/07/2014,Jul-14,7,2014,LAND-en ZEEZICHT,Minor Dam,451,,,
a9e55817-5c5f-4385-a234-2c4cc7529fcb,19/07/2014,Jul-14,7,2014,LAND-en ZEEZICHT,Minor Dam,451,,,
6cf6f044-6a29-4a70-a91f-9a3a7266f42a,20/07/2014,Jul-14,7,2014,LAND-en ZEEZICHT,Minor Dam,451,,,
b04325d8-cc17-4dc9-9804-f5bc16b2f7f1,21/07/2014,Jul-14,7,2014,LAND-en ZEEZICHT,Minor Dam,451,,,
698746f6-a6e5-4f56-85e2-728687dd9895,22/07/2014,Jul-14,7,2014,LAND-en ZEEZICHT,Minor Dam,451,,,
96b54482-edc5-4a0d-8c24-e4078e00dc61,23/07/2014,Jul-14,7,2014,LAND-en ZEEZICHT,Minor Dam,451,,,
b2c6400e-2730-4f76-ba7c-890c2736c3db,24/07/2014,Jul-14,7,2014,LAND-en ZEEZICHT,Minor Dam,451,,,
f1e2d63d-5bc5-482f-bd27-b9cd846e7aa1,25/07/2014,Jul-14,7,2014,LAND-en ZEEZICHT,Minor Dam,451,,,
ce419bb0-52b2-4a13-90e6-5bbf33803fc7,26/07/2014,Jul-14,7,2014,LAND-en ZEEZICHT,Minor Dam,451,,,
aa7349c3-cdb7-4ca2-a75a-bffb8ec5503d,27/07/2014,Jul-14,7,2014,LAND-en ZEEZICHT,Minor Dam,451,,,
c51d73e9-4819-48b9-a467-829c6e52f434,28/07/2014,Jul-14,7,2014,LAND-en ZEEZICHT,Minor Dam,451,,,
e7e8ff86-22e6-4c2c-a98a-2fb7882550a9,29/07/2014,Jul-14,7,2014,LAND-en ZEEZICHT,Minor Dam,451,,,
4b4b460b-7b31-4c42-af4f-11df056c8193,30/07/2014,Jul-14,7,2014,LAND-en ZEEZICHT,Minor Dam,451,,,
3062ad99-0d0f-433e-8113-34b15f86aba3,31/07/2014,Jul-14,7,2014,LAND-en ZEEZICHT,Minor Dam,451,,,
d2f8f21f-9663-4150-af72-c9986a010ad4,01/08/2014,Aug-14,8,2014,LAND-en ZEEZICHT,Minor Dam,451,,,
1e62b752-3938-4fce-bf6b-af4d933c29a4,02/08/2014,Aug-14,8,2014,LAND-en ZEEZICHT,Minor Dam,451,,,
229f655e-5630-4716-9316-1bd0ba6ce9b0,03/08/2014,Aug-14,8,2014,LAND-en ZEEZICHT,Minor Dam,451,,,
9d7a1a99-09ad-40db-b3bf-b6b604172ed9,04/08/2014,Aug-14,8,2014,LAND-en ZEEZICHT,Minor Dam,451,,,
d222c5ab-01d7-48e3-b871-1b29f1309d18,05/08/2014,Aug-14,8,2014,LAND-en ZEEZICHT,Minor Dam,451,,,
d8acee94-a74a-4f0c-b6df-6775a0453d71,06/08/2014,Aug-14,8,2014,LAND-en ZEEZICHT,Minor Dam,451,,,
75a68453-2ebd-4963-b92b-b5953c4a63ba,07/08/2014,Aug-14,8,2014,LAND-en ZEEZICHT,Minor Dam,451,,,
fb7265e6-9456-455c-87f0-05fdc205314b,08/08/2014,Aug-14,8,2014,LAND-en ZEEZICHT,Minor Dam,451,,,
488064cd-493c-4045-95c5-ba746424cc4b,09/08/2014,Aug-14,8,2014,LAND-en ZEEZICHT,Minor Dam,451,,,
08ae52bf-ecdd-469a-be1c-989a48df3784,10/08/2014,Aug-14,8,2014,LAND-en ZEEZICHT,Minor Dam,451,,,
014940ed-24cc-4134-b6c2-ff88e0821aeb,11/08/2014,Aug-14,8,2014,LAND-en ZEEZICHT,Minor Dam,451,,,
ff584471-60eb-4b6b-a035-8ff74586dbf0,12/08/2014,Aug-14,8,2014,LAND-en ZEEZICHT,Minor Dam,451,,,
2a898bb8-640d-4b6a-b65a-563dfaa64c02,13/08/2014,Aug-14,8,2014,LAND-en ZEEZICHT,Minor Dam,451,,,
03e2df01-2a8b-4995-85bd-809e12edc838,14/08/2014,Aug-14,8,2014,LAND-en ZEEZICHT,Minor Dam,451,,,
084b3d64-60ff-4518-99e2-59730096fc0e,15/08/2014,Aug-14,8,2014,LAND-en ZEEZICHT,Minor Dam,451,,,
2043d354-90cf-4c7b-988a-464770f12c2d,16/08/2014,Aug-14,8,2014,LAND-en ZEEZICHT,Minor Dam,451,,,
be9b0604-d40f-4791-8b06-0f0ebe3007e1,17/08/2014,Aug-14,8,2014,LAND-en ZEEZICHT,Minor Dam,451,,,
f7733350-d2aa-4b08-be69-35da50e3cca6,18/08/2014,Aug-14,8,2014,LAND-en ZEEZICHT,Minor Dam,451,,,
ffb12dbf-4c76-4a37-ace1-146ca234902b,19/08/2014,Aug-14,8,2014,LAND-en ZEEZICHT,Minor Dam,451,,,
3c6a4207-8521-40bb-a4e5-2dd8e07e85c7,20/08/2014,Aug-14,8,2014,LAND-en ZEEZICHT,Minor Dam,451,,,
1b2c1e6c-342c-4944-a484-2caaafe176e6,21/08/2014,Aug-14,8,2014,LAND-en ZEEZICHT,Minor Dam,451,,,
4a7695a7-bc6a-478a-81ad-4f6bd3d1a5cb,22/08/2014,Aug-14,8,2014,LAND-en ZEEZICHT,Minor Dam,451,,,
33f723fd-8d94-4b15-adce-e4e9af287c78,23/08/2014,Aug-14,8,2014,LAND-en ZEEZICHT,Minor Dam,451,,,
4ba6bf03-a969-4f1b-9204-07ee56601d65,24/08/2014,Aug-14,8,2014,LAND-en ZEEZICHT,Minor Dam,451,,,
544efa49-6908-4d6c-9aab-81ab5ee503d3,25/08/2014,Aug-14,8,2014,LAND-en ZEEZICHT,Minor Dam,451,,,
b9c77937-fd29-42f3-b971-b550ae7dc4bc,26/08/2014,Aug-14,8,2014,LAND-en ZEEZICHT,Minor Dam,451,,,
166e5a2f-8f53-40bf-87ba-32fb9ee07dee,27/08/2014,Aug-14,8,2014,LAND-en ZEEZICHT,Minor Dam,451,,,
cefdb2f6-3328-4aad-8a77-067ccffa1c1e,28/08/2014,Aug-14,8,2014,LAND-en ZEEZICHT,Minor Dam,451,,,
e40b0e5f-d272-4c7e-a0c9-7327cac7cf54,29/08/2014,Aug-14,8,2014,LAND-en ZEEZICHT,Minor Dam,451,,,
133de890-3be5-452a-b108-d42e36b6b404,30/08/2014,Aug-14,8,2014,LAND-en ZEEZICHT,Minor Dam,451,,,
0d6daca0-f196-4819-a809-a7e46e18a984,31/08/2014,Aug-14,8,2014,LAND-en ZEEZICHT,Minor Dam,451,,,
b13e5e6c-f395-480b-a1de-c2b7d68e0f6c,01/09/2014,Sep-14,9,2014,LAND-en ZEEZICHT,Minor Dam,451,,,
2ee78766-ba50-4363-b6e7-ce6317fae79a,02/09/2014,Sep-14,9,2014,LAND-en ZEEZICHT,Minor Dam,451,,,
270f1776-c9b6-4963-abea-dd413da273a4,03/09/2014,Sep-14,9,2014,LAND-en ZEEZICHT,Minor Dam,451,,,
10591bfd-ee58-4dfc-b588-55bdad78b98c,04/09/2014,Sep-14,9,2014,LAND-en ZEEZICHT,Minor Dam,451,,,
5b782033-d504-4271-ae42-7485fb3950a5,05/09/2014,Sep-14,9,2014,LAND-en ZEEZICHT,Minor Dam,451,,,
1682fa86-28f1-4c83-a3ed-b61a794b531a,06/09/2014,Sep-14,9,2014,LAND-en ZEEZICHT,Minor Dam,451,,,
8ea06978-4890-4093-8b1f-0537404eae40,07/09/2014,Sep-14,9,2014,LAND-en ZEEZICHT,Minor Dam,451,,,
25288816-a740-459a-a24e-1ebaf3c32570,08/09/2014,Sep-14,9,2014,LAND-en ZEEZICHT,Minor Dam,451,,,
626a10ea-efaa-4032-a823-0ede502288cc,09/09/2014,Sep-14,9,2014,LAND-en ZEEZICHT,Minor Dam,451,,,
025ac92d-c181-4c4a-84e4-783aa9f363dc,10/09/2014,Sep-14,9,2014,LAND-en ZEEZICHT,Minor Dam,451,,,
3ac55c39-8e1b-4c8e-9c70-fc2339b99e87,11/09/2014,Sep-14,9,2014,LAND-en ZEEZICHT,Minor Dam,451,,,
82f3f7f2-2b47-4ede-8df9-9bbd11aee98d,12/09/2014,Sep-14,9,2014,LAND-en ZEEZICHT,Minor Dam,451,,,
3aa039b7-c9d9-4d2c-9e45-5bed7e76a847,13/09/2014,Sep-14,9,2014,LAND-en ZEEZICHT,Minor Dam,451,,,
05a454b5-c8c7-4845-8a80-840cbe781c8d,14/09/2014,Sep-14,9,2014,LAND-en ZEEZICHT,Minor Dam,451,,,
0b7bfef6-e1bf-4a76-a97f-b194971b262b,15/09/2014,Sep-14,9,2014,LAND-en ZEEZICHT,Minor Dam,451,,,
fce79337-7419-4c4a-b4e8-25f6948d0dc8,16/09/2014,Sep-14,9,2014,LAND-en ZEEZICHT,Minor Dam,451,,,
1594a772-d010-4b96-a361-a46089573249,17/09/2014,Sep-14,9,2014,LAND-en ZEEZICHT,Minor Dam,451,,,
4f0a0bf1-57ab-4ba3-9b00-275951c3a27e,18/09/2014,Sep-14,9,2014,LAND-en ZEEZICHT,Minor Dam,451,,,
117b93a4-ce54-4dd3-960b-2b656d465579,19/09/2014,Sep-14,9,2014,LAND-en ZEEZICHT,Minor Dam,451,,,
ce0589ed-df96-4297-ae26-6e625c61c644,20/09/2014,Sep-14,9,2014,LAND-en ZEEZICHT,Minor Dam,451,,,
9a796d49-18a7-4015-a4c8-291e4d52e527,21/09/2014,Sep-14,9,2014,LAND-en ZEEZICHT,Minor Dam,451,,,
aa8dcc9c-709a-4724-96df-f0436ebb66f2,22/09/2014,Sep-14,9,2014,LAND-en ZEEZICHT,Minor Dam,451,,,
f7772e3c-8ad3-4bb9-b631-5eddc93f85f5,23/09/2014,Sep-14,9,2014,LAND-en ZEEZICHT,Minor Dam,451,,,
423d8fe8-529a-4d20-ad9e-7610c7073951,24/09/2014,Sep-14,9,2014,LAND-en ZEEZICHT,Minor Dam,451,,,
2606b8cd-a376-468c-a12b-738493e7b432,25/09/2014,Sep-14,9,2014,LAND-en ZEEZICHT,Minor Dam,451,,,
9ac3cf00-25ec-4761-9309-fc49247c63ae,26/09/2014,Sep-14,9,2014,LAND-en ZEEZICHT,Minor Dam,451,,,
845f4bef-766a-497f-aabd-768bb7869591,27/09/2014,Sep-14,9,2014,LAND-en ZEEZICHT,Minor Dam,451,,,
465087d3-a775-43fe-8657-7d1f3920f9ab,28/09/2014,Sep-14,9,2014,LAND-en ZEEZICHT,Minor Dam,451,,,
5a3d04d6-fee9-48c2-96b4-c393ef15c1fa,29/09/2014,Sep-14,9,2014,LAND-en ZEEZICHT,Minor Dam,451,,,
4c218657-178f-4350-aedc-a4f597220c9c,30/09/2014,Sep-14,9,2014,LAND-en ZEEZICHT,Minor Dam,451,,,
29186b40-0f97-41de-8d50-f2bc27f9b64a,01/10/2014,Oct-14,10,2014,LAND-en ZEEZICHT,Minor Dam,451,,,
babafdf5-a718-4f1b-b25b-187b2ecfbbdc,02/10/2014,Oct-14,10,2014,LAND-en ZEEZICHT,Minor Dam,451,,,
ee9f5462-beb4-4741-a6fe-77afb0418cfc,03/10/2014,Oct-14,10,2014,LAND-en ZEEZICHT,Minor Dam,451,,,
f89bd46f-97ec-490b-9c1b-a97353e00dd3,04/10/2014,Oct-14,10,2014,LAND-en ZEEZICHT,Minor Dam,451,,,
f716c2be-361d-4e3a-a619-f5e88f5c8c96,05/10/2014,Oct-14,10,2014,LAND-en ZEEZICHT,Minor Dam,451,,,
f8598708-7d90-4c8a-b085-dcb557ff41f6,06/10/2014,Oct-14,10,2014,LAND-en ZEEZICHT,Minor Dam,451,,,
41f9cbff-4707-4d8e-b2c2-d96ece14a27b,07/10/2014,Oct-14,10,2014,LAND-en ZEEZICHT,Minor Dam,451,,,
a090a3c8-f548-4cea-9d94-7e75636f121e,08/10/2014,Oct-14,10,2014,LAND-en ZEEZICHT,Minor Dam,451,,,
b125a106-01d6-4099-9b13-e2386b5c4e30,09/10/2014,Oct-14,10,2014,LAND-en ZEEZICHT,Minor Dam,451,,,
ffd3ffc9-2daa-476f-ae82-3a0c9e73dfeb,10/10/2014,Oct-14,10,2014,LAND-en ZEEZICHT,Minor Dam,451,,,
0986c98e-06fa-42d1-9d09-88e64736f026,11/10/2014,Oct-14,10,2014,LAND-en ZEEZICHT,Minor Dam,451,,,
e2020f50-244f-40b8-8787-0d00ed9f6724,12/10/2014,Oct-14,10,2014,LAND-en ZEEZICHT,Minor Dam,451,,,
3fcefc02-d5e7-4865-8e84-534c0c6ae1de,13/10/2014,Oct-14,10,2014,LAND-en ZEEZICHT,Minor Dam,451,,,
490e7874-732c-4596-995c-42f74e95c61a,14/10/2014,Oct-14,10,2014,LAND-en ZEEZICHT,Minor Dam,451,,,
bd65a00b-3a2e-413c-b11c-0bfcadfc5e64,15/10/2014,Oct-14,10,2014,LAND-en ZEEZICHT,Minor Dam,451,,,
82a008be-7ec9-4e24-98fe-4cc6fb688742,16/10/2014,Oct-14,10,2014,LAND-en ZEEZICHT,Minor Dam,451,,,
a6eb505a-2ccd-4f23-9ba0-c0059a39e850,17/10/2014,Oct-14,10,2014,LAND-en ZEEZICHT,Minor Dam,451,,,
850aa3ad-dbc6-4f50-84c9-79ae5059fe56,18/10/2014,Oct-14,10,2014,LAND-en ZEEZICHT,Minor Dam,451,,,
118da0a8-5d03-455c-be59-6bd3fdf9c93a,19/10/2014,Oct-14,10,2014,LAND-en ZEEZICHT,Minor Dam,451,,,
b9809a16-eb38-4179-bf31-85ac6eadc5ff,20/10/2014,Oct-14,10,2014,LAND-en ZEEZICHT,Minor Dam,451,,,
85e16838-1775-469c-a9f5-ec261d13ab72,21/10/2014,Oct-14,10,2014,LAND-en ZEEZICHT,Minor Dam,451,,,
b11d0978-addc-45eb-be84-4f4009b8c27d,22/10/2014,Oct-14,10,2014,LAND-en ZEEZICHT,Minor Dam,451,,,
b579ec24-515b-45c2-947e-fdebaa82ff0f,23/10/2014,Oct-14,10,2014,LAND-en ZEEZICHT,Minor Dam,451,,,
63d961ac-bd33-4540-b393-c616435aa038,24/10/2014,Oct-14,10,2014,LAND-en ZEEZICHT,Minor Dam,451,,,
cd8e8812-8018-47d3-93fd-8f699ca3daf6,25/10/2014,Oct-14,10,2014,LAND-en ZEEZICHT,Minor Dam,451,,,
94b4f538-2d11-41b6-98f1-6f14538a7c46,26/10/2014,Oct-14,10,2014,LAND-en ZEEZICHT,Minor Dam,451,,,
dddfb7f4-ed5b-4304-a066-21713c1231ef,27/10/2014,Oct-14,10,2014,LAND-en ZEEZICHT,Minor Dam,451,,,
aed522da-b64e-43ad-b456-616fa2947038,28/10/2014,Oct-14,10,2014,LAND-en ZEEZICHT,Minor Dam,451,,,
044544c6-000f-42b5-9466-b3fce70a99f0,29/10/2014,Oct-14,10,2014,LAND-en ZEEZICHT,Minor Dam,451,,,
d1a02269-34f3-4ac6-ac6e-b086b24b6846,30/10/2014,Oct-14,10,2014,LAND-en ZEEZICHT,Minor Dam,451,,,
295b4c92-047e-47d2-824d-c50d4512c134,31/10/2014,Oct-14,10,2014,LAND-en ZEEZICHT,Minor Dam,451,,,
c49c4b8c-b4ba-49b2-99d1-22b1952378ec,01/11/2014,Nov-14,11,2014,LAND-en ZEEZICHT,Minor Dam,451,,,
a850be14-3fef-4e19-bc94-d8498c8a62b7,02/11/2014,Nov-14,11,2014,LAND-en ZEEZICHT,Minor Dam,451,,,
d21259e5-7ae0-4d10-94ca-6adffc876006,03/11/2014,Nov-14,11,2014,LAND-en ZEEZICHT,Minor Dam,451,,,
35ec9461-1a86-4f13-a368-efc394071656,04/11/2014,Nov-14,11,2014,LAND-en ZEEZICHT,Minor Dam,451,,,
13e8a29b-ae2c-4fe8-a03a-68b45d6da260,05/11/2014,Nov-14,11,2014,LAND-en ZEEZICHT,Minor Dam,451,,,
7da73887-76e4-4efa-9eb3-c206656834ca,06/11/2014,Nov-14,11,2014,LAND-en ZEEZICHT,Minor Dam,451,,,
f61d4e76-de33-462d-a04e-2ae30f2e9519,07/11/2014,Nov-14,11,2014,LAND-en ZEEZICHT,Minor Dam,451,,,
0ccdaf18-c396-40f4-bae2-1f2dd87c9510,08/11/2014,Nov-14,11,2014,LAND-en ZEEZICHT,Minor Dam,451,,,
9538bedf-9835-4a7e-ae23-b2a2579c9659,09/11/2014,Nov-14,11,2014,LAND-en ZEEZICHT,Minor Dam,451,,,
970276f7-915b-4901-874f-73309360c7f0,10/11/2014,Nov-14,11,2014,LAND-en ZEEZICHT,Minor Dam,451,,,
0f0ab14f-ef5e-46e0-a97d-8de77f196502,11/11/2014,Nov-14,11,2014,LAND-en ZEEZICHT,Minor Dam,451,,,
cf2a8edb-0d6a-47e0-af4d-0b01a42cf268,12/11/2014,Nov-14,11,2014,LAND-en ZEEZICHT,Minor Dam,451,,,
35d868c3-dcbe-4c46-bdd8-5445bcaa36c6,13/11/2014,Nov-14,11,2014,LAND-en ZEEZICHT,Minor Dam,451,,,
38f3d930-7a32-4960-8fac-6532c36c3971,14/11/2014,Nov-14,11,2014,LAND-en ZEEZICHT,Minor Dam,451,,,
12d00a81-13a2-4599-8a83-e21c7fd6e5cd,15/11/2014,Nov-14,11,2014,LAND-en ZEEZICHT,Minor Dam,451,,,
db426c0b-0601-4278-9b24-aebc378b6689,16/11/2014,Nov-14,11,2014,LAND-en ZEEZICHT,Minor Dam,451,,,
2487f175-59e6-4e05-9a1a-9e18d6d7d3c2,17/11/2014,Nov-14,11,2014,LAND-en ZEEZICHT,Minor Dam,451,,,
4f3b5f14-298e-4f32-a8ec-bb3adae899d8,18/11/2014,Nov-14,11,2014,LAND-en ZEEZICHT,Minor Dam,451,,,
f6872468-1713-45d0-aff3-353e2a42490f,19/11/2014,Nov-14,11,2014,LAND-en ZEEZICHT,Minor Dam,451,,,
603a7015-4ccb-4310-acbb-fb971aa98b02,20/11/2014,Nov-14,11,2014,LAND-en ZEEZICHT,Minor Dam,451,,,
c1c487b5-689c-4d7d-9582-951b0684898f,21/11/2014,Nov-14,11,2014,LAND-en ZEEZICHT,Minor Dam,451,,,
d36ac054-9302-4a71-b17b-6f43e4a6dbe6,22/11/2014,Nov-14,11,2014,LAND-en ZEEZICHT,Minor Dam,451,,,
15394756-f91c-40fa-bb29-1849ae5d762c,23/11/2014,Nov-14,11,2014,LAND-en ZEEZICHT,Minor Dam,451,,,
8dbe9def-3239-4149-8156-0cc5a5217061,24/11/2014,Nov-14,11,2014,LAND-en ZEEZICHT,Minor Dam,451,,,
74c19440-e63c-452f-a81c-7dcaefe2cbdc,25/11/2014,Nov-14,11,2014,LAND-en ZEEZICHT,Minor Dam,451,,,
dd1c66fe-613b-4c16-ba4e-4de6db709769,26/11/2014,Nov-14,11,2014,LAND-en ZEEZICHT,Minor Dam,451,,,
43643b8e-faf9-4698-8eae-cb63ba151779,27/11/2014,Nov-14,11,2014,LAND-en ZEEZICHT,Minor Dam,451,,,
f307e06f-2229-4bcd-a59f-88e277a83617,28/11/2014,Nov-14,11,2014,LAND-en ZEEZICHT,Minor Dam,451,,,
c389bbed-8380-47bc-9b9d-636868edc3ba,29/11/2014,Nov-14,11,2014,LAND-en ZEEZICHT,Minor Dam,451,,,
489e52dd-cd00-4be7-8a8b-b7834aade274,30/11/2014,Nov-14,11,2014,LAND-en ZEEZICHT,Minor Dam,451,,,
94de0bae-30ca-4dc7-a452-5bfc213a1879,01/12/2014,Dec-14,12,2014,LAND-en ZEEZICHT,Minor Dam,451,,,
36552873-6a5e-46a0-a474-b91a3c949cb3,02/12/2014,Dec-14,12,2014,LAND-en ZEEZICHT,Minor Dam,451,,,
218a7f0d-d1d2-4fa5-abb9-44bba08fab20,03/12/2014,Dec-14,12,2014,LAND-en ZEEZICHT,Minor Dam,451,,,
686551a3-124d-417e-9087-ce6fb9595828,04/12/2014,Dec-14,12,2014,LAND-en ZEEZICHT,Minor Dam,451,,,
3333b547-db01-488f-a0b8-f6021695bb13,05/12/2014,Dec-14,12,2014,LAND-en ZEEZICHT,Minor Dam,451,,,
8607b5e2-4d3e-482f-9c65-b6d377a0b7e7,06/12/2014,Dec-14,12,2014,LAND-en ZEEZICHT,Minor Dam,451,,,
4286104e-15e5-4c21-aca6-2517a1300e9c,07/12/2014,Dec-14,12,2014,LAND-en ZEEZICHT,Minor Dam,451,,,
3c57ad0c-d191-4dda-8b9e-a6e283ab7cde,08/12/2014,Dec-14,12,2014,LAND-en ZEEZICHT,Minor Dam,451,,,
1dd3a9b0-727c-4112-8835-c01a58963f94,09/12/2014,Dec-14,12,2014,LAND-en ZEEZICHT,Minor Dam,451,,,
dc3a047b-5537-49f0-a66d-3b966290bb98,10/12/2014,Dec-14,12,2014,LAND-en ZEEZICHT,Minor Dam,451,,,
5837ba4d-2aa3-44bf-b8de-93e4e6711d24,11/12/2014,Dec-14,12,2014,LAND-en ZEEZICHT,Minor Dam,451,,,
26570242-e948-4bb2-a197-033e53eee7a5,12/12/2014,Dec-14,12,2014,LAND-en ZEEZICHT,Minor Dam,451,,,
ab89db28-ab14-4034-a1e6-a9251b51f2d2,13/12/2014,Dec-14,12,2014,LAND-en ZEEZICHT,Minor Dam,451,,,
a809fda0-7954-431e-a36b-c81781e2ed7a,14/12/2014,Dec-14,12,2014,LAND-en ZEEZICHT,Minor Dam,451,,,
e5708313-db78-4f5e-aa25-215b4d20d24f,15/12/2014,Dec-14,12,2014,LAND-en ZEEZICHT,Minor Dam,451,,,
57de8ace-1bb5-4186-aea3-428bc7ac322a,16/12/2014,Dec-14,12,2014,LAND-en ZEEZICHT,Minor Dam,451,,,
cf0cdfe9-5f36-4868-8610-f733cf542b50,17/12/2014,Dec-14,12,2014,LAND-en ZEEZICHT,Minor Dam,451,,,
b11f7efa-e741-4efe-8e57-8b39a67e7f58,18/12/2014,Dec-14,12,2014,LAND-en ZEEZICHT,Minor Dam,451,,,
842065de-113e-4131-84c7-926d2be33f72,19/12/2014,Dec-14,12,2014,LAND-en ZEEZICHT,Minor Dam,451,,,
99b30d8d-89d0-4a0c-970e-19f9ef3fedb1,20/12/2014,Dec-14,12,2014,LAND-en ZEEZICHT,Minor Dam,451,,,
e4fcebc9-fc33-402c-b9f8-b9c26bcb5d9b,21/12/2014,Dec-14,12,2014,LAND-en ZEEZICHT,Minor Dam,451,,,
dec47355-faac-4d9f-bd30-df1613d6b634,22/12/2014,Dec-14,12,2014,LAND-en ZEEZICHT,Minor Dam,451,,,
9b0f11b4-29c4-4155-857d-9347d08925af,23/12/2014,Dec-14,12,2014,LAND-en ZEEZICHT,Minor Dam,451,,,
c803066d-e4bc-4d86-af8d-d504396624b8,24/12/2014,Dec-14,12,2014,LAND-en ZEEZICHT,Minor Dam,451,,,
e1dcecff-f108-4eff-bd83-bc3dfa90caa7,25/12/2014,Dec-14,12,2014,LAND-en ZEEZICHT,Minor Dam,451,,,
69070160-ecf0-4435-bcb4-0520d7782afc,26/12/2014,Dec-14,12,2014,LAND-en ZEEZICHT,Minor Dam,451,,,
43b66946-3a05-4e4f-8332-b86ee0d6ee91,27/12/2014,Dec-14,12,2014,LAND-en ZEEZICHT,Minor Dam,451,,,
1c92c15a-1972-4595-b306-223606b35636,28/12/2014,Dec-14,12,2014,LAND-en ZEEZICHT,Minor Dam,451,,,
ca9dc037-deb0-46af-8c30-c719f9dc5c18,29/12/2014,Dec-14,12,2014,LAND-en ZEEZICHT,Minor Dam,451,,,
eb80db7b-00dd-4b89-a039-79f8a31a466e,30/12/2014,Dec-14,12,2014,LAND-en ZEEZICHT,Minor Dam,451,,,
65d11723-03ea-43bc-9317-373d86d902b3,31/12/2014,Dec-14,12,2014,LAND-en ZEEZICHT,Minor Dam,451,,,
dc0cb3b4-2399-4d7c-aeae-4168d8fed2b8,01/01/2015,Jan-15,1,2015,LAND-en ZEEZICHT,Minor Dam,451,,,
e8da98dc-9635-4c9c-a961-0bc5fa3ec1f7,02/01/2015,Jan-15,1,2015,LAND-en ZEEZICHT,Minor Dam,451,,,
7a72479f-7435-4cb3-9d7a-ad3e76ee5dfa,03/01/2015,Jan-15,1,2015,LAND-en ZEEZICHT,Minor Dam,451,,,
15da0e1a-6af4-4fb3-97f0-caf3480d8bca,04/01/2015,Jan-15,1,2015,LAND-en ZEEZICHT,Minor Dam,451,,,
72950d24-54d0-48b4-9210-007cfa4cd7a0,05/01/2015,Jan-15,1,2015,LAND-en ZEEZICHT,Minor Dam,451,,,
6bc52ea7-71c4-48ee-858d-422e1ee96b14,06/01/2015,Jan-15,1,2015,LAND-en ZEEZICHT,Minor Dam,451,,,
b2568961-35a2-4e2f-bd75-2baededd7646,07/01/2015,Jan-15,1,2015,LAND-en ZEEZICHT,Minor Dam,451,,,
901aac73-d73e-46e7-ad36-9e3c263350f1,08/01/2015,Jan-15,1,2015,LAND-en ZEEZICHT,Minor Dam,451,,,
34ca3c6e-5778-40fd-b5c1-ff419be3b600,09/01/2015,Jan-15,1,2015,LAND-en ZEEZICHT,Minor Dam,451,,,
d33ddc25-2c40-4f87-b263-7eab10172ce9,10/01/2015,Jan-15,1,2015,LAND-en ZEEZICHT,Minor Dam,451,,,
ed82a3e0-a636-492d-95c7-8efee2d4bf1a,11/01/2015,Jan-15,1,2015,LAND-en ZEEZICHT,Minor Dam,451,,,
a2c9ef15-0ccb-4333-b897-ab5801908c8f,12/01/2015,Jan-15,1,2015,LAND-en ZEEZICHT,Minor Dam,451,,,
f09f3364-e583-470a-8158-eca3fa8a34f6,13/01/2015,Jan-15,1,2015,LAND-en ZEEZICHT,Minor Dam,451,,,
2a822858-c1c0-4513-b062-04631a0026fc,14/01/2015,Jan-15,1,2015,LAND-en ZEEZICHT,Minor Dam,451,,,
5ebb59e9-8732-4a6b-9f93-e35c9095bcc2,15/01/2015,Jan-15,1,2015,LAND-en ZEEZICHT,Minor Dam,451,,,
592602d4-c5dc-436e-a4f9-4954942b6c71,16/01/2015,Jan-15,1,2015,LAND-en ZEEZICHT,Minor Dam,451,,,
9621e00c-8788-483a-93be-39e68f9aa5e3,17/01/2015,Jan-15,1,2015,LAND-en ZEEZICHT,Minor Dam,451,,,
40f19c1b-cdf6-4fa0-87bc-43ae9bf92455,18/01/2015,Jan-15,1,2015,LAND-en ZEEZICHT,Minor Dam,451,,,
c4569673-a5c0-4940-be61-84cb63866733,19/01/2015,Jan-15,1,2015,LAND-en ZEEZICHT,Minor Dam,451,,,
e649388f-012b-4a5b-b938-8842ffd945ca,20/01/2015,Jan-15,1,2015,LAND-en ZEEZICHT,Minor Dam,451,,,
5992f071-cbb0-4ed7-b550-f86849584d59,21/01/2015,Jan-15,1,2015,LAND-en ZEEZICHT,Minor Dam,451,,,
76998001-dbfd-4f3d-96b3-82f4efff7cfd,22/01/2015,Jan-15,1,2015,LAND-en ZEEZICHT,Minor Dam,451,,,
b9e0caf3-d9e1-45e2-b9b2-746bc50c359c,23/01/2015,Jan-15,1,2015,LAND-en ZEEZICHT,Minor Dam,451,,,
2acda0b1-e975-45f5-b9da-4afed130b627,24/01/2015,Jan-15,1,2015,LAND-en ZEEZICHT,Minor Dam,451,,,
b3074c2d-1a69-49f9-b333-9ae51ff61c76,25/01/2015,Jan-15,1,2015,LAND-en ZEEZICHT,Minor Dam,451,,,
d628e0dc-ee7c-4cc8-918f-b821cfd6aeb8,26/01/2015,Jan-15,1,2015,LAND-en ZEEZICHT,Minor Dam,451,,,
c5985cc2-f314-4d39-8891-992218e6d592,27/01/2015,Jan-15,1,2015,LAND-en ZEEZICHT,Minor Dam,451,,,
5669b5f6-7544-4f7f-b000-a003dfb6664a,28/01/2015,Jan-15,1,2015,LAND-en ZEEZICHT,Minor Dam,451,,,
1d262cd7-bf48-47da-9c3e-14a22d6d3635,29/01/2015,Jan-15,1,2015,LAND-en ZEEZICHT,Minor Dam,451,,,
40234a95-ab4e-4564-b284-3975cfaeeafa,30/01/2015,Jan-15,1,2015,LAND-en ZEEZICHT,Minor Dam,451,,,
312b6cc8-6cfe-4444-b242-f57f70e2352d,31/01/2015,Jan-15,1,2015,LAND-en ZEEZICHT,Minor Dam,451,,,
20e9e4b1-e368-4b1e-b583-73d04659ac91,01/02/2015,Feb-15,2,2015,LAND-en ZEEZICHT,Minor Dam,451,,,
132f66e9-05b3-4d56-94a9-d8a6979f8cee,02/02/2015,Feb-15,2,2015,LAND-en ZEEZICHT,Minor Dam,451,,,
1359af43-b105-4675-b9cf-aa8d8b5c8a86,03/02/2015,Feb-15,2,2015,LAND-en ZEEZICHT,Minor Dam,451,,,
bd3a6234-856b-4c08-9668-3fd1184bb773,04/02/2015,Feb-15,2,2015,LAND-en ZEEZICHT,Minor Dam,451,,,
f9af9b58-ffa8-4166-94c2-9168b5e1d6c4,05/02/2015,Feb-15,2,2015,LAND-en ZEEZICHT,Minor Dam,451,,,
f3b89aeb-7293-439e-873b-0e9451b426e5,06/02/2015,Feb-15,2,2015,LAND-en ZEEZICHT,Minor Dam,451,,,
c6b8928a-016f-47b9-8bb8-9595c1d2b9a5,07/02/2015,Feb-15,2,2015,LAND-en ZEEZICHT,Minor Dam,451,,,
9976c782-83a3-43ba-8773-b08664b900fc,08/02/2015,Feb-15,2,2015,LAND-en ZEEZICHT,Minor Dam,451,,,
d521d643-0bd0-48b9-8d92-52de96c22dac,09/02/2015,Feb-15,2,2015,LAND-en ZEEZICHT,Minor Dam,451,,,
d6f43cc2-c572-443e-b921-6608656e3077,10/02/2015,Feb-15,2,2015,LAND-en ZEEZICHT,Minor Dam,451,,,
8e859945-c0b7-4571-8b51-d3c3eff855b6,11/02/2015,Feb-15,2,2015,LAND-en ZEEZICHT,Minor Dam,451,,,
901dab2c-23c6-4033-9cc3-18fc2acc2bad,12/02/2015,Feb-15,2,2015,LAND-en ZEEZICHT,Minor Dam,451,,,
a3e0114d-d6ef-44ac-841c-f80aa2e94c41,13/02/2015,Feb-15,2,2015,LAND-en ZEEZICHT,Minor Dam,451,,,
ef0526ea-a865-4e08-9895-9caa4726610e,14/02/2015,Feb-15,2,2015,LAND-en ZEEZICHT,Minor Dam,451,,,
65eb60bf-86a1-49bd-87e7-8db8217a8b60,15/02/2015,Feb-15,2,2015,LAND-en ZEEZICHT,Minor Dam,451,,,
b63e3fd8-ce77-4eba-a50f-0175fc9f101f,16/02/2015,Feb-15,2,2015,LAND-en ZEEZICHT,Minor Dam,451,,,
62175b45-ac60-40ce-a42b-b2fe56d93d79,17/02/2015,Feb-15,2,2015,LAND-en ZEEZICHT,Minor Dam,451,,,
b8cbfce0-3a5a-4946-8379-6aa542770a72,18/02/2015,Feb-15,2,2015,LAND-en ZEEZICHT,Minor Dam,451,,,
e9c1d5c7-40a5-49be-9335-e1022170ed32,19/02/2015,Feb-15,2,2015,LAND-en ZEEZICHT,Minor Dam,451,,,
0ad34799-0610-4871-a3bb-8992bd581e61,20/02/2015,Feb-15,2,2015,LAND-en ZEEZICHT,Minor Dam,451,,,
b0af932a-09c7-48b8-a129-a3b0e2b06e15,21/02/2015,Feb-15,2,2015,LAND-en ZEEZICHT,Minor Dam,451,,,
c929dd4f-6d09-4641-b5a2-89b9baad6efd,22/02/2015,Feb-15,2,2015,LAND-en ZEEZICHT,Minor Dam,451,,,
ca9328ac-4a30-4ff5-853a-ccf0a3cc776d,23/02/2015,Feb-15,2,2015,LAND-en ZEEZICHT,Minor Dam,451,,,
6fab17a6-4385-474a-849a-750049d88e20,24/02/2015,Feb-15,2,2015,LAND-en ZEEZICHT,Minor Dam,451,,,
bb5769b6-d98a-4ac3-a546-7e3433c7dcba,25/02/2015,Feb-15,2,2015,LAND-en ZEEZICHT,Minor Dam,451,,,
3b563727-f01e-40ac-ab19-6bba8aec9844,26/02/2015,Feb-15,2,2015,LAND-en ZEEZICHT,Minor Dam,451,,,
6939f1c4-57aa-4db4-8436-3ce02bec96af,27/02/2015,Feb-15,2,2015,LAND-en ZEEZICHT,Minor Dam,451,,,
4d39bcc5-009b-4467-9fb8-b362420717d0,28/02/2015,Feb-15,2,2015,LAND-en ZEEZICHT,Minor Dam,451,,,
d833065c-b3cc-49b5-9567-8ebded327955,01/03/2015,Mar-15,3,2015,LAND-en ZEEZICHT,Minor Dam,451,,,
820572c7-771c-498a-bd65-c6b665179860,02/03/2015,Mar-15,3,2015,LAND-en ZEEZICHT,Minor Dam,451,,,
ded37700-6b50-4364-b847-6cb5ad2f7758,03/03/2015,Mar-15,3,2015,LAND-en ZEEZICHT,Minor Dam,451,,,
1ded3a30-6a07-4a57-8e18-603e63eedcda,04/03/2015,Mar-15,3,2015,LAND-en ZEEZICHT,Minor Dam,451,,,
1354bac7-3a95-4135-852f-6f8bcd9a2df4,05/03/2015,Mar-15,3,2015,LAND-en ZEEZICHT,Minor Dam,451,,,
c082c259-0c2b-43c2-beed-245e202c697a,06/03/2015,Mar-15,3,2015,LAND-en ZEEZICHT,Minor Dam,451,,,
e2e58017-819a-4433-be95-7407a6936b21,07/03/2015,Mar-15,3,2015,LAND-en ZEEZICHT,Minor Dam,451,,,
439faad9-ca33-4bae-a95c-c99ad1e8278f,08/03/2015,Mar-15,3,2015,LAND-en ZEEZICHT,Minor Dam,451,,,
058aae37-9533-475a-9603-8e3817e6ef48,09/03/2015,Mar-15,3,2015,LAND-en ZEEZICHT,Minor Dam,451,,,
460b291a-9e23-4ebd-8826-e95d6c6af693,10/03/2015,Mar-15,3,2015,LAND-en ZEEZICHT,Minor Dam,451,,,
ad8e7b57-e458-493b-8fcd-76b29e1f7a2f,11/03/2015,Mar-15,3,2015,LAND-en ZEEZICHT,Minor Dam,451,,,
dff396b0-80a2-459b-b96b-3d0457b13fae,12/03/2015,Mar-15,3,2015,LAND-en ZEEZICHT,Minor Dam,451,,,
79de7d01-81cd-4515-89b7-52c60f167489,13/03/2015,Mar-15,3,2015,LAND-en ZEEZICHT,Minor Dam,451,,,
123a2e41-a046-4a31-924e-7e853bd92664,14/03/2015,Mar-15,3,2015,LAND-en ZEEZICHT,Minor Dam,451,,,
c503aa71-73c5-40cc-a2a7-5b55bacb1017,15/03/2015,Mar-15,3,2015,LAND-en ZEEZICHT,Minor Dam,451,,,
5b694c3f-4945-478b-bfb4-ed0044cb2f7b,16/03/2015,Mar-15,3,2015,LAND-en ZEEZICHT,Minor Dam,451,,,
ebea0f06-7e54-4029-b0ab-208dc90055b2,17/03/2015,Mar-15,3,2015,LAND-en ZEEZICHT,Minor Dam,451,,,
b027b3c2-682e-43dd-86fb-edd83e29af61,18/03/2015,Mar-15,3,2015,LAND-en ZEEZICHT,Minor Dam,451,,,
f4067143-ae06-4bbe-bcff-b3b470df2455,19/03/2015,Mar-15,3,2015,LAND-en ZEEZICHT,Minor Dam,451,,,
3bf433fd-7f3c-49a4-a117-80b6d00a9950,20/03/2015,Mar-15,3,2015,LAND-en ZEEZICHT,Minor Dam,451,,,
8fc6e6f1-7bd7-46d3-9999-8e0cd6fdaf38,21/03/2015,Mar-15,3,2015,LAND-en ZEEZICHT,Minor Dam,451,,,
b4b4339d-8da2-4daf-94ea-ffc1d893dcfe,22/03/2015,Mar-15,3,2015,LAND-en ZEEZICHT,Minor Dam,451,,,
8028ce66-e41a-4cc8-afda-66f8f6e65059,23/03/2015,Mar-15,3,2015,LAND-en ZEEZICHT,Minor Dam,451,,,
d341d111-5074-46c9-8ac2-3b3eeb3a55f1,24/03/2015,Mar-15,3,2015,LAND-en ZEEZICHT,Minor Dam,451,,,
f59e1380-68ae-4fce-9fc2-728e775ee793,25/03/2015,Mar-15,3,2015,LAND-en ZEEZICHT,Minor Dam,451,,,
c31609fd-b7ff-4cec-8450-fa4802449509,26/03/2015,Mar-15,3,2015,LAND-en ZEEZICHT,Minor Dam,451,,,
5c05af68-427a-40a4-8e54-6cb3190b7bed,27/03/2015,Mar-15,3,2015,LAND-en ZEEZICHT,Minor Dam,451,,,
f127065d-240c-44ec-ba6b-f7678bb99ace,28/03/2015,Mar-15,3,2015,LAND-en ZEEZICHT,Minor Dam,451,,,
99192d7d-7d96-422d-b36f-a1e6cce41412,29/03/2015,Mar-15,3,2015,LAND-en ZEEZICHT,Minor Dam,451,,,
dee7331f-4b92-4422-b010-c3160e87d09e,30/03/2015,Mar-15,3,2015,LAND-en ZEEZICHT,Minor Dam,451,,,
5db90805-abd3-4450-87db-bb85357f2c7e,31/03/2015,Mar-15,3,2015,LAND-en ZEEZICHT,Minor Dam,451,,,
cc942b26-844d-400e-8bb4-f92f6c2faa3f,01/04/2015,Apr-15,4,2015,LAND-en ZEEZICHT,Minor Dam,451,,,
4ef2a255-960f-4f52-8395-265deb045a10,02/04/2015,Apr-15,4,2015,LAND-en ZEEZICHT,Minor Dam,451,,,
fdc91c17-db5d-4f0d-8812-6647c404baff,03/04/2015,Apr-15,4,2015,LAND-en ZEEZICHT,Minor Dam,451,,,
1157e6ff-8646-4ee9-82b7-cad42f26a967,04/04/2015,Apr-15,4,2015,LAND-en ZEEZICHT,Minor Dam,451,,,
44b4a54b-17ad-4ce5-be35-dfd8c3d31b4a,05/04/2015,Apr-15,4,2015,LAND-en ZEEZICHT,Minor Dam,451,,,
fc35d3b9-531c-4e14-93f5-6a77c34510f6,06/04/2015,Apr-15,4,2015,LAND-en ZEEZICHT,Minor Dam,451,,,
bef970f9-ccdd-49e9-9391-09d870368ad8,07/04/2015,Apr-15,4,2015,LAND-en ZEEZICHT,Minor Dam,451,,,
7e6dd851-bdc5-4d4a-bbc0-04d763574995,08/04/2015,Apr-15,4,2015,LAND-en ZEEZICHT,Minor Dam,451,,,
ec7a1a09-b429-4921-836e-0ee85b3b7114,09/04/2015,Apr-15,4,2015,LAND-en ZEEZICHT,Minor Dam,451,,,
5a2544d6-f8b2-4fb5-850a-a71f2503eefc,10/04/2015,Apr-15,4,2015,LAND-en ZEEZICHT,Minor Dam,451,,,
54702709-578f-4966-88e2-4faee19ffbf1,11/04/2015,Apr-15,4,2015,LAND-en ZEEZICHT,Minor Dam,451,,,
346e871a-37da-4990-a19e-b483bf0dac2d,12/04/2015,Apr-15,4,2015,LAND-en ZEEZICHT,Minor Dam,451,,,
916c7427-0f58-41c7-a4ea-d6aa612bcd79,13/04/2015,Apr-15,4,2015,LAND-en ZEEZICHT,Minor Dam,451,,,
e7281b69-82af-4bbc-941d-0ecea387b343,14/04/2015,Apr-15,4,2015,LAND-en ZEEZICHT,Minor Dam,451,,,
9a0e2ba4-1961-4ed7-b16b-d06993be2eba,15/04/2015,Apr-15,4,2015,LAND-en ZEEZICHT,Minor Dam,451,,,
4ef43ce3-b26a-4924-aa2d-771c24629ea7,16/04/2015,Apr-15,4,2015,LAND-en ZEEZICHT,Minor Dam,451,,,
ddf95dc0-cd81-4dd4-aae0-feefd730bb1b,17/04/2015,Apr-15,4,2015,LAND-en ZEEZICHT,Minor Dam,451,,,
18af0140-bafd-463a-9f9f-ace08dc60275,18/04/2015,Apr-15,4,2015,LAND-en ZEEZICHT,Minor Dam,451,,,
5643c6dd-2e04-43b8-8bc7-a0ca56485448,19/04/2015,Apr-15,4,2015,LAND-en ZEEZICHT,Minor Dam,451,,,
1decf6b2-dd1d-474d-8360-dff65dbfc603,20/04/2015,Apr-15,4,2015,LAND-en ZEEZICHT,Minor Dam,451,,,
a0de67a2-6a25-4a4b-8c7d-1605fe741ef3,21/04/2015,Apr-15,4,2015,LAND-en ZEEZICHT,Minor Dam,451,,,
26133724-2b13-4565-98ce-3b55c8cdd68b,22/04/2015,Apr-15,4,2015,LAND-en ZEEZICHT,Minor Dam,451,,,
2d5c35a7-c221-49e3-a553-4d8842c7bf73,23/04/2015,Apr-15,4,2015,LAND-en ZEEZICHT,Minor Dam,451,,,
08be0f60-201b-46d7-82ad-a4bab0db7feb,24/04/2015,Apr-15,4,2015,LAND-en ZEEZICHT,Minor Dam,451,,,
e9abc829-59db-4b05-827c-612c938c98d4,25/04/2015,Apr-15,4,2015,LAND-en ZEEZICHT,Minor Dam,451,,,
c4c85971-8bbc-4033-8acf-91479ad6f678,26/04/2015,Apr-15,4,2015,LAND-en ZEEZICHT,Minor Dam,451,,,
05e7f1de-64a9-44ce-8f13-9f00fa120b74,27/04/2015,Apr-15,4,2015,LAND-en ZEEZICHT,Minor Dam,451,,,
a20695bd-026c-411c-b6b8-8ab4daeff03b,28/04/2015,Apr-15,4,2015,LAND-en ZEEZICHT,Minor Dam,451,,,
3a0965b6-045b-49fb-9fcc-af397858ddf3,29/04/2015,Apr-15,4,2015,LAND-en ZEEZICHT,Minor Dam,451,,,
297181fe-789c-4457-9fa8-b9ed0a43acfb,30/04/2015,Apr-15,4,2015,LAND-en ZEEZICHT,Minor Dam,451,,,
89c27ec6-c6a4-453c-a440-3e24097dd39b,01/05/2015,May-15,5,2015,LAND-en ZEEZICHT,Minor Dam,451,,,
8b236067-2da3-4ceb-9e39-616d97f77a8c,02/05/2015,May-15,5,2015,LAND-en ZEEZICHT,Minor Dam,451,,,
127909d0-8515-47bf-bdeb-dad3371d79f5,03/05/2015,May-15,5,2015,LAND-en ZEEZICHT,Minor Dam,451,,,
c07bfbcb-4be7-47c3-b9f6-fcf795643c11,04/05/2015,May-15,5,2015,LAND-en ZEEZICHT,Minor Dam,451,,,
c4f2c1d8-9b99-4bff-8dd0-72ed5623b074,05/05/2015,May-15,5,2015,LAND-en ZEEZICHT,Minor Dam,451,,,
f91b98df-3d4f-420e-829b-922d4423f6bb,06/05/2015,May-15,5,2015,LAND-en ZEEZICHT,Minor Dam,451,,,
b5f7549f-2da5-467f-9869-a7f8b36e3ec8,07/05/2015,May-15,5,2015,LAND-en ZEEZICHT,Minor Dam,451,,,
c7301bd6-8424-43c7-8cbd-31eeebb33b9b,08/05/2015,May-15,5,2015,LAND-en ZEEZICHT,Minor Dam,451,,,
69beb0d9-0880-4230-9b10-ba56d21749f5,09/05/2015,May-15,5,2015,LAND-en ZEEZICHT,Minor Dam,451,,,
229051cc-8145-41f2-ae59-cc44431c6175,10/05/2015,May-15,5,2015,LAND-en ZEEZICHT,Minor Dam,451,,,
82953eb3-30e9-446d-b360-392a5c540eee,11/05/2015,May-15,5,2015,LAND-en ZEEZICHT,Minor Dam,451,,,
cb9a5815-24d6-44f4-b704-9db0a7c68ada,12/05/2015,May-15,5,2015,LAND-en ZEEZICHT,Minor Dam,451,,,
20e0c27c-3e20-4578-a51f-e96f2f359917,13/05/2015,May-15,5,2015,LAND-en ZEEZICHT,Minor Dam,451,,,
26c692a0-686c-45cb-9c4a-2cdd56f0f31e,14/05/2015,May-15,5,2015,LAND-en ZEEZICHT,Minor Dam,451,,,
b27e76f1-d5a2-48d5-9966-e5f1988933df,15/05/2015,May-15,5,2015,LAND-en ZEEZICHT,Minor Dam,451,,,
822e093f-e8f0-49ae-829f-46d260baa2a0,16/05/2015,May-15,5,2015,LAND-en ZEEZICHT,Minor Dam,451,,,
a4242e81-70cb-46fa-ac23-9ae43cbc4fbb,17/05/2015,May-15,5,2015,LAND-en ZEEZICHT,Minor Dam,451,,,
9f397855-6b6a-4adb-8f98-2e8fb1fe0b45,18/05/2015,May-15,5,2015,LAND-en ZEEZICHT,Minor Dam,451,,,
35e597cb-e2a5-4269-9d46-90f92fe62963,19/05/2015,May-15,5,2015,LAND-en ZEEZICHT,Minor Dam,451,,,
23bc25a8-7253-49ed-8026-d4a4b9d3d304,20/05/2015,May-15,5,2015,LAND-en ZEEZICHT,Minor Dam,451,,,
2256870f-b2bc-45d0-843a-0281a9a0b2ed,21/05/2015,May-15,5,2015,LAND-en ZEEZICHT,Minor Dam,451,,,
28176369-5eab-4eeb-9474-ebaa2f75de2a,22/05/2015,May-15,5,2015,LAND-en ZEEZICHT,Minor Dam,451,,,
91366e38-42a4-46ef-9a77-8bf16d5f717d,23/05/2015,May-15,5,2015,LAND-en ZEEZICHT,Minor Dam,451,,,
017e3695-e738-4c03-b9c6-1f224256d8c7,24/05/2015,May-15,5,2015,LAND-en ZEEZICHT,Minor Dam,451,,,
d60923ea-c001-4ed1-a31f-0e2aae598b84,25/05/2015,May-15,5,2015,LAND-en ZEEZICHT,Minor Dam,451,,,
9a220dfc-e58e-4eea-b882-80a65f0c5838,26/05/2015,May-15,5,2015,LAND-en ZEEZICHT,Minor Dam,451,,,
1205dbfb-fce2-4678-a255-bc65d662f1af,27/05/2015,May-15,5,2015,LAND-en ZEEZICHT,Minor Dam,451,,,
db030928-370a-42ca-a9fe-553a25ba10dc,28/05/2015,May-15,5,2015,LAND-en ZEEZICHT,Minor Dam,451,,,
9fc2beef-26e4-4605-b37c-ea00a484b675,29/05/2015,May-15,5,2015,LAND-en ZEEZICHT,Minor Dam,451,,,
13c58873-c062-435e-8574-31e55c607512,30/05/2015,May-15,5,2015,LAND-en ZEEZICHT,Minor Dam,451,,,
4a0b696d-6775-4a25-98a8-e9c1ddc0de8f,31/05/2015,May-15,5,2015,LAND-en ZEEZICHT,Minor Dam,451,,,
94dbd698-87dd-40de-91ec-feba5b47b5da,01/06/2015,Jun-15,6,2015,LAND-en ZEEZICHT,Minor Dam,451,,,
7f7dd1a4-7e31-4d16-bc66-7d6528ac2e46,02/06/2015,Jun-15,6,2015,LAND-en ZEEZICHT,Minor Dam,451,,,
9e544dbd-8d70-4d58-b95c-a4193564880a,03/06/2015,Jun-15,6,2015,LAND-en ZEEZICHT,Minor Dam,451,,,
fdda3f56-095c-4770-9c04-848dc4a2755f,04/06/2015,Jun-15,6,2015,LAND-en ZEEZICHT,Minor Dam,451,,,
a3b41a3c-a8e4-4a3b-b3e4-5a8d07f6b5f2,05/06/2015,Jun-15,6,2015,LAND-en ZEEZICHT,Minor Dam,451,,,
d763e9ce-08be-4b63-a382-f2c156fddce2,06/06/2015,Jun-15,6,2015,LAND-en ZEEZICHT,Minor Dam,451,,,
42781863-8dcb-4820-834b-dc45f2a6c04b,07/06/2015,Jun-15,6,2015,LAND-en ZEEZICHT,Minor Dam,451,,,
787c034f-d785-4c14-84a5-56937b15cf67,08/06/2015,Jun-15,6,2015,LAND-en ZEEZICHT,Minor Dam,451,,,
aa50eb67-8335-4ee8-8f1a-8eaa4f3617ca,09/06/2015,Jun-15,6,2015,LAND-en ZEEZICHT,Minor Dam,451,,,
2515071b-f6bc-40a1-a103-f21099ec8fc0,10/06/2015,Jun-15,6,2015,LAND-en ZEEZICHT,Minor Dam,451,,,
7bce5fed-3b3a-4812-8cc3-8c264471dc0e,11/06/2015,Jun-15,6,2015,LAND-en ZEEZICHT,Minor Dam,451,,,
557e7ac2-592b-4486-9b4d-ffe015efdc69,12/06/2015,Jun-15,6,2015,LAND-en ZEEZICHT,Minor Dam,451,,,
c44a1888-13f7-475e-ac57-a6779a9135cb,13/06/2015,Jun-15,6,2015,LAND-en ZEEZICHT,Minor Dam,451,,,
140a1582-cec1-4ce3-86dc-f9a82318b941,14/06/2015,Jun-15,6,2015,LAND-en ZEEZICHT,Minor Dam,451,,,
f5eb6b73-a105-4e6d-85b4-2d62aa781367,15/06/2015,Jun-15,6,2015,LAND-en ZEEZICHT,Minor Dam,451,,,
a69377d5-417c-4bf1-bef0-ab3bc94a71d2,16/06/2015,Jun-15,6,2015,LAND-en ZEEZICHT,Minor Dam,451,,,
d9a7c3c6-a735-438d-ab77-b2a1dde9740e,17/06/2015,Jun-15,6,2015,LAND-en ZEEZICHT,Minor Dam,451,,,
f4d0923e-bfe4-4cca-99b3-fb25303c14af,18/06/2015,Jun-15,6,2015,LAND-en ZEEZICHT,Minor Dam,451,,,
926dfc8e-5147-4f7c-a41a-f09acdb11b01,19/06/2015,Jun-15,6,2015,LAND-en ZEEZICHT,Minor Dam,451,,,
bf44cb11-4d33-4986-81f6-edcaba8993a8,20/06/2015,Jun-15,6,2015,LAND-en ZEEZICHT,Minor Dam,451,,,
71a8ddf0-0f23-47b4-b77e-7826f4cf2f23,21/06/2015,Jun-15,6,2015,LAND-en ZEEZICHT,Minor Dam,451,,,
2fc75845-9680-45a8-89e1-f5c5edb36c9a,22/06/2015,Jun-15,6,2015,LAND-en ZEEZICHT,Minor Dam,451,,,
1a68cf3b-de09-499d-b4a3-8f52aef19ca1,23/06/2015,Jun-15,6,2015,LAND-en ZEEZICHT,Minor Dam,451,,,
840a5d14-59a0-4543-986c-1ae4091dc645,24/06/2015,Jun-15,6,2015,LAND-en ZEEZICHT,Minor Dam,451,,,
76baa546-8fa0-46b3-8a75-bdc5833b3248,25/06/2015,Jun-15,6,2015,LAND-en ZEEZICHT,Minor Dam,451,,,
0e933c2b-b67e-46e6-afba-51c729df5fa7,26/06/2015,Jun-15,6,2015,LAND-en ZEEZICHT,Minor Dam,451,,,
9e9127cd-7a71-4352-9126-43c7bf5442a0,27/06/2015,Jun-15,6,2015,LAND-en ZEEZICHT,Minor Dam,451,,,
5f33825d-b05f-49de-9534-779f79dffb2e,28/06/2015,Jun-15,6,2015,LAND-en ZEEZICHT,Minor Dam,451,,,
118b5403-f5a1-462c-9ac1-e6427f1bf218,29/06/2015,Jun-15,6,2015,LAND-en ZEEZICHT,Minor Dam,451,,,
c4d9f9b7-2c83-4e5d-9cc7-7116ffc96a5e,30/06/2015,Jun-15,6,2015,LAND-en ZEEZICHT,Minor Dam,451,,,
c5d51ef9-7b9f-4454-8673-1db58e1bb005,01/07/2015,Jul-15,7,2015,LAND-en ZEEZICHT,Minor Dam,451,,,
3d6dc60b-764b-44fa-8740-4abd8e025ff3,02/07/2015,Jul-15,7,2015,LAND-en ZEEZICHT,Minor Dam,451,,,
4d8afc0e-71fa-400f-8e37-5353cf6bec41,03/07/2015,Jul-15,7,2015,LAND-en ZEEZICHT,Minor Dam,451,,,
9a1df194-2478-4b79-9b22-24f6f60888d5,04/07/2015,Jul-15,7,2015,LAND-en ZEEZICHT,Minor Dam,451,,,
7581be8f-e3b7-4ffc-8147-3c354ddafbe6,05/07/2015,Jul-15,7,2015,LAND-en ZEEZICHT,Minor Dam,451,,,
4589f898-a547-46c9-a145-e7b90f90d124,06/07/2015,Jul-15,7,2015,LAND-en ZEEZICHT,Minor Dam,451,,,
fc86b23a-af22-40b0-857b-e3fe3c416eee,07/07/2015,Jul-15,7,2015,LAND-en ZEEZICHT,Minor Dam,451,,,
e998919c-6ff6-46c7-8a58-a1b909385288,08/07/2015,Jul-15,7,2015,LAND-en ZEEZICHT,Minor Dam,451,,,
b1c92abf-56d4-4046-9276-698ee7ad0372,09/07/2015,Jul-15,7,2015,LAND-en ZEEZICHT,Minor Dam,451,,,
6b8328de-9958-4646-b1d2-1708ea45bec7,10/07/2015,Jul-15,7,2015,LAND-en ZEEZICHT,Minor Dam,451,,,
e4e7ace0-8c21-409f-8345-9974aa5b3282,11/07/2015,Jul-15,7,2015,LAND-en ZEEZICHT,Minor Dam,451,,,
14d61d53-9282-4142-a89f-d706bf3c982c,12/07/2015,Jul-15,7,2015,LAND-en ZEEZICHT,Minor Dam,451,,,
b54ac0f5-7e5d-44f4-bd07-a12ad23da472,13/07/2015,Jul-15,7,2015,LAND-en ZEEZICHT,Minor Dam,451,,,
95dc5ec4-9afc-4dee-9f44-fbcaebf3eb30,14/07/2015,Jul-15,7,2015,LAND-en ZEEZICHT,Minor Dam,451,,,
43acd6d6-89ab-412e-851a-5d2e55dafcd5,15/07/2015,Jul-15,7,2015,LAND-en ZEEZICHT,Minor Dam,451,,,
25097cfc-40fd-4458-9702-5ae21f8d108b,16/07/2015,Jul-15,7,2015,LAND-en ZEEZICHT,Minor Dam,451,,,
17623537-f6e5-402b-864d-bce22857faba,17/07/2015,Jul-15,7,2015,LAND-en ZEEZICHT,Minor Dam,451,,,
e900036b-b566-4fd4-b66f-eba5017211f6,18/07/2015,Jul-15,7,2015,LAND-en ZEEZICHT,Minor Dam,451,,,
01143551-706e-4c93-93c2-184a6fe30210,19/07/2015,Jul-15,7,2015,LAND-en ZEEZICHT,Minor Dam,451,,,
dbe54afa-9e2c-4245-b1fe-2acf0eeca308,20/07/2015,Jul-15,7,2015,LAND-en ZEEZICHT,Minor Dam,451,,,
fbf15c8f-7caf-429d-b82a-89240d23c6d1,21/07/2015,Jul-15,7,2015,LAND-en ZEEZICHT,Minor Dam,451,,,
20575b37-75ac-41b0-acd7-637683503866,22/07/2015,Jul-15,7,2015,LAND-en ZEEZICHT,Minor Dam,451,,,
fa6a04d5-048a-4ad9-b25e-84e5583a5dc0,23/07/2015,Jul-15,7,2015,LAND-en ZEEZICHT,Minor Dam,451,,,
a5a49d31-3c6c-4969-b8e1-2f7cb309fa62,24/07/2015,Jul-15,7,2015,LAND-en ZEEZICHT,Minor Dam,451,,,
b8daad01-1901-4a37-8e26-60f8dfb2d1d8,25/07/2015,Jul-15,7,2015,LAND-en ZEEZICHT,Minor Dam,451,,,
7e035d7b-2a7e-4712-9e5f-d0e7c28ae8af,26/07/2015,Jul-15,7,2015,LAND-en ZEEZICHT,Minor Dam,451,,,
6df8d131-794e-4044-aaa1-48f7a6d26d93,27/07/2015,Jul-15,7,2015,LAND-en ZEEZICHT,Minor Dam,451,,,
18609829-daa2-410b-8d88-c1e37e0b79b0,28/07/2015,Jul-15,7,2015,LAND-en ZEEZICHT,Minor Dam,451,,,
7e1779b4-2d8e-4f1a-b427-7c40b2655272,29/07/2015,Jul-15,7,2015,LAND-en ZEEZICHT,Minor Dam,451,,,
7018813e-6fcc-49a5-a098-6c826f3eeef5,30/07/2015,Jul-15,7,2015,LAND-en ZEEZICHT,Minor Dam,451,,,
10eff4e3-c21c-4b1e-ba7c-0c7d12229dce,31/07/2015,Jul-15,7,2015,LAND-en ZEEZICHT,Minor Dam,451,,,
af1374c0-d345-4bd0-a767-851690b38ba9,01/08/2015,Aug-15,8,2015,LAND-en ZEEZICHT,Minor Dam,451,1.49,88,19.51
6d6e8c56-6dce-413e-8926-1c7fb4446a84,02/08/2015,Aug-15,8,2015,LAND-en ZEEZICHT,Minor Dam,451,1.51,89,19.73
aa7bb6a9-ee4c-4d2e-aae1-44b5f1dbdb81,03/08/2015,Aug-15,8,2015,LAND-en ZEEZICHT,Minor Dam,451,1.52,90,19.96
a48839f7-dd2c-4a15-a46e-4832ce8129a6,04/08/2015,Aug-15,8,2015,LAND-en ZEEZICHT,Minor Dam,451,1.8,106,23.5
c23b3360-e928-48f1-b60c-26c9c7a6a726,05/08/2015,Aug-15,8,2015,LAND-en ZEEZICHT,Minor Dam,451,1.82,108,23.95
fbd3cfc1-7566-46c8-90cb-5011c42d9d37,06/08/2015,Aug-15,8,2015,LAND-en ZEEZICHT,Minor Dam,451,1.82,108,23.95
6e3228de-55c8-4c3f-92f0-189e6d4149ee,07/08/2015,Aug-15,8,2015,LAND-en ZEEZICHT,Minor Dam,451,1.85,109,24.17
bcd03fe7-1971-4edf-ba53-6a9b05c575f7,08/08/2015,Aug-15,8,2015,LAND-en ZEEZICHT,Minor Dam,451,1.9,112,24.83
fd37292a-bf89-459b-b0be-3485021bb4b2,09/08/2015,Aug-15,8,2015,LAND-en ZEEZICHT,Minor Dam,451,1.9,112,24.83
a836564f-4249-47a0-8d44-ecbc45e4b74f,10/08/2015,Aug-15,8,2015,LAND-en ZEEZICHT,Minor Dam,451,1.95,115,25.5
8324e9cf-0e41-45b7-967e-1517fb4d9de7,11/08/2015,Aug-15,8,2015,LAND-en ZEEZICHT,Minor Dam,451,1.97,116,25.72
19bb2245-4484-4653-b049-c8c5b80cf062,12/08/2015,Aug-15,8,2015,LAND-en ZEEZICHT,Minor Dam,451,2,118,26.16
c59eaa5f-2a94-452a-81b3-8ca4fc8194c4,13/08/2015,Aug-15,8,2015,LAND-en ZEEZICHT,Minor Dam,451,2,118,26.16
588a977d-f734-4a73-9902-64ea5d6a1267,14/08/2015,Aug-15,8,2015,LAND-en ZEEZICHT,Minor Dam,451,2.3,136,30.16
9d2f25b6-caf6-4681-aa54-11f7ab1d9fc3,15/08/2015,Aug-15,8,2015,LAND-en ZEEZICHT,Minor Dam,451,2.35,139,30.82
e4d37992-7b19-4daf-8b2e-8811b497edd8,16/08/2015,Aug-15,8,2015,LAND-en ZEEZICHT,Minor Dam,451,2.38,141,31.26
3fec8b70-2f53-4d3d-9f7b-33994ad083ea,17/08/2015,Aug-15,8,2015,LAND-en ZEEZICHT,Minor Dam,451,2.4,142,31.49
0bf35a05-d734-483d-ba83-d7760abb9837,18/08/2015,Aug-15,8,2015,LAND-en ZEEZICHT,Minor Dam,451,2.42,143,31.71
f9d46c4d-28c9-46c0-84f6-a9357c4d60b5,19/08/2015,Aug-15,8,2015,LAND-en ZEEZICHT,Minor Dam,451,2.43,144,31.93
076b7448-b7c3-403d-9564-a2dd5370d71f,20/08/2015,Aug-15,8,2015,LAND-en ZEEZICHT,Minor Dam,451,2.43,144,31.93
9e708bb1-7f23-43af-9b6f-c73f1e9e82e8,21/08/2015,Aug-15,8,2015,LAND-en ZEEZICHT,Minor Dam,451,2.45,145,32.15
e109d07c-cd35-4f8e-8b5b-34459aeba4e0,22/08/2015,Aug-15,8,2015,LAND-en ZEEZICHT,Minor Dam,451,2.46,145,32.15
e5bba185-5d30-4ff1-a15b-0d71264aecd9,23/08/2015,Aug-15,8,2015,LAND-en ZEEZICHT,Minor Dam,451,2.46,145,32.15
3b2249dc-6365-4783-884d-28ab75dd4a7a,24/08/2015,Aug-15,8,2015,LAND-en ZEEZICHT,Minor Dam,451,2.47,146,32.37
4e5839b9-b57a-4f5c-8c14-947480f662ff,25/08/2015,Aug-15,8,2015,LAND-en ZEEZICHT,Minor Dam,451,2.47,146,32.37
5b65f5f6-fb3d-480b-8a76-6d8f8eeeba1c,26/08/2015,Aug-15,8,2015,LAND-en ZEEZICHT,Minor Dam,451,2.47,146,32.37
cf925a5c-8d25-4972-a891-bcb38c954bc9,27/08/2015,Aug-15,8,2015,LAND-en ZEEZICHT,Minor Dam,451,2.47,146,32.37
afe4d81e-111c-4006-ae91-c3f08b5ba453,28/08/2015,Aug-15,8,2015,LAND-en ZEEZICHT,Minor Dam,451,2.47,146,32.37
760d08c1-e75b-41bf-ac87-b1df05c963eb,29/08/2015,Aug-15,8,2015,LAND-en ZEEZICHT,Minor Dam,451,2.47,146,32.37
e5d8865e-5495-459e-bcb9-ee7fb2fb40d9,30/08/2015,Aug-15,8,2015,LAND-en ZEEZICHT,Minor Dam,451,2.51,148,32.82
b87af771-fcc3-4c4b-8520-b9d59507bd59,31/08/2015,Aug-15,8,2015,LAND-en ZEEZICHT,Minor Dam,451,2.52,149,33.04
c6a8ba95-9d9a-4572-9372-a9ae1938c0a0,01/09/2015,Sep-15,9,2015,LAND-en ZEEZICHT,Minor Dam,451,2.52,149,33.04
7503d159-c2e6-44f7-9616-0ace8f938073,02/09/2015,Sep-15,9,2015,LAND-en ZEEZICHT,Minor Dam,451,2.55,151,33.48
8da1ce47-5dc6-4ad3-85c6-1c1c819d9932,03/09/2015,Sep-15,9,2015,LAND-en ZEEZICHT,Minor Dam,451,2.6,154,34.15
f5be4a75-7478-447e-9a4d-2fa66a8bf5ea,04/09/2015,Sep-15,9,2015,LAND-en ZEEZICHT,Minor Dam,451,2.64,156,34.59
f321eddd-9bdc-44f0-a83c-413e3db1eeea,05/09/2015,Sep-15,9,2015,LAND-en ZEEZICHT,Minor Dam,451,2.67,158,35.03
b1187e7e-f93a-48e7-ab24-59e986062982,06/09/2015,Sep-15,9,2015,LAND-en ZEEZICHT,Minor Dam,451,2.7,160,35.48
4d2b2b8e-beb4-4891-b6ed-bc610126f0c4,07/09/2015,Sep-15,9,2015,LAND-en ZEEZICHT,Minor Dam,451,2.81,166,36.81
dd54b9ad-fe23-456f-b0f5-236095639fa3,08/09/2015,Sep-15,9,2015,LAND-en ZEEZICHT,Minor Dam,451,2.93,173,38.36
84fdc7ff-8bb1-482e-9657-011cef993d43,09/09/2015,Sep-15,9,2015,LAND-en ZEEZICHT,Minor Dam,451,3.04,180,39.91
49642950-2d0c-4ba4-89b7-bcf40b7a2d70,10/09/2015,Sep-15,9,2015,LAND-en ZEEZICHT,Minor Dam,451,3.15,186,41.24
ef1ac78b-9358-4651-836b-7648861432fe,11/09/2015,Sep-15,9,2015,LAND-en ZEEZICHT,Minor Dam,451,3.2,189,41.91
277dc832-c3e0-4422-8a8a-98155dafdf9a,12/09/2015,Sep-15,9,2015,LAND-en ZEEZICHT,Minor Dam,451,3.23,191,42.35
4e69a37e-e055-4dad-85d6-a86808c07d24,13/09/2015,Sep-15,9,2015,LAND-en ZEEZICHT,Minor Dam,451,3.26,193,42.79
5d0a2c5b-6c59-41c3-a41a-00505576e781,14/09/2015,Sep-15,9,2015,LAND-en ZEEZICHT,Minor Dam,451,3.3,195,43.24
56ece951-e91d-45b0-9ee4-f3a2dbf9b042,15/09/2015,Sep-15,9,2015,LAND-en ZEEZICHT,Minor Dam,451,3.41,202,44.79
8354e401-da48-434b-a970-b8236508fa8c,16/09/2015,Sep-15,9,2015,LAND-en ZEEZICHT,Minor Dam,451,3.45,204,45.23
d84c23c1-18c0-4c4b-b161-ff64a4821674,17/09/2015,Sep-15,9,2015,LAND-en ZEEZICHT,Minor Dam,451,3.48,206,45.68
bc61faea-6ff1-4695-8cf3-b93b3e8d61ba,18/09/2015,Sep-15,9,2015,LAND-en ZEEZICHT,Minor Dam,451,3.49,206,45.68
dacf3b3b-6ad6-4461-b2d5-d431e29e2d51,19/09/2015,Sep-15,9,2015,LAND-en ZEEZICHT,Minor Dam,451,3.51,208,46.12
e3bcd387-182e-4270-b88b-56b471d75b27,20/09/2015,Sep-15,9,2015,LAND-en ZEEZICHT,Minor Dam,451,3.53,209,46.34
9c283ec6-0c3d-4a67-ab63-fc9279b97293,21/09/2015,Sep-15,9,2015,LAND-en ZEEZICHT,Minor Dam,451,3.61,214,47.45
09a76038-52fa-4e9a-ba63-c10739f4b26d,22/09/2015,Sep-15,9,2015,LAND-en ZEEZICHT,Minor Dam,451,3.66,216,47.89
adaf6547-4c25-4c8b-8853-a7b979fbf3db,23/09/2015,Sep-15,9,2015,LAND-en ZEEZICHT,Minor Dam,451,3.69,218,48.34
4a52f58a-ce13-4031-8084-00da6feb6111,24/09/2015,Sep-15,9,2015,LAND-en ZEEZICHT,Minor Dam,451,3.71,219,48.56
6c510cb8-6e4a-4b26-985b-4613464518be,25/09/2015,Sep-15,9,2015,LAND-en ZEEZICHT,Minor Dam,451,3.73,221,49
95402c19-b6ed-4997-85af-576af7836706,26/09/2015,Sep-15,9,2015,LAND-en ZEEZICHT,Minor Dam,451,3.75,222,49.22
ef9eb6a0-3fcd-4f6d-8ae3-bf5f5d651802,27/09/2015,Sep-15,9,2015,LAND-en ZEEZICHT,Minor Dam,451,3.77,223,49.45
1fa32a1c-e693-4bd8-bab9-86da46d54a31,28/09/2015,Sep-15,9,2015,LAND-en ZEEZICHT,Minor Dam,451,3.78,224,49.67
ad4a29cf-7e92-42e1-bab1-d600d2ea8073,29/09/2015,Sep-15,9,2015,LAND-en ZEEZICHT,Minor Dam,451,3.8,225,49.89
efa7694b-f0c2-4b4c-8bff-42f7638c2334,30/09/2015,Sep-15,9,2015,LAND-en ZEEZICHT,Minor Dam,451,3.85,278,61.64
9d8141aa-e8e4-4fc9-bb5c-2ac0f5febcea,01/10/2015,Oct-15,10,2015,LAND-en ZEEZICHT,Minor Dam,451,3.87,229,50.78
3eee5e50-2924-41b5-8e05-1aec12ea21ac,02/10/2015,Oct-15,10,2015,LAND-en ZEEZICHT,Minor Dam,451,3.9,231,51.22
ac06b906-b866-420d-98c8-a57442edfb13,03/10/2015,Oct-15,10,2015,LAND-en ZEEZICHT,Minor Dam,451,3.95,233,51.66
2df78b66-277e-4a0f-9361-d4404237676a,04/10/2015,Oct-15,10,2015,LAND-en ZEEZICHT,Minor Dam,451,4,237,52.55
921cb24a-34b2-4248-9ccc-2723b9871364,05/10/2015,Oct-15,10,2015,LAND-en ZEEZICHT,Minor Dam,451,4.2,238,52.77
e01d7b7f-726f-4dc9-9828-76ed0fc1e979,06/10/2015,Oct-15,10,2015,LAND-en ZEEZICHT,Minor Dam,451,4.04,239,52.99
0c06afd9-28eb-49c5-914c-4d28663cdd48,07/10/2015,Oct-15,10,2015,LAND-en ZEEZICHT,Minor Dam,451,4.07,241,53.44
afec0775-1035-443d-aa07-ea088638b335,08/10/2015,Oct-15,10,2015,LAND-en ZEEZICHT,Minor Dam,451,4.09,242,53.66
d73be0bb-25e8-4c4d-95c9-5c8db69282bf,09/10/2015,Oct-15,10,2015,LAND-en ZEEZICHT,Minor Dam,451,4.11,243,53.88
fb945578-1490-4556-853e-a9b39085a3ed,10/10/2015,Oct-15,10,2015,LAND-en ZEEZICHT,Minor Dam,451,4.13,244,54.1
aca5d9ea-fe7c-4cea-b8d0-73e45cbab999,11/10/2015,Oct-15,10,2015,LAND-en ZEEZICHT,Minor Dam,451,4.15,245,54.32
73a2898a-cb4a-4a71-bdeb-ef729aa75d12,12/10/2015,Oct-15,10,2015,LAND-en ZEEZICHT,Minor Dam,451,4.17,247,54.77
fce51c60-ca46-40de-8b90-8875ef3cb419,13/10/2015,Oct-15,10,2015,LAND-en ZEEZICHT,Minor Dam,451,4.19,248,54.99
435beae3-5063-4fdc-874f-b0e144b3703b,14/10/2015,Oct-15,10,2015,LAND-en ZEEZICHT,Minor Dam,451,4.21,249,55.21
6ac3d036-d7c6-4872-b671-2fcd95538e23,15/10/2015,Oct-15,10,2015,LAND-en ZEEZICHT,Minor Dam,451,4.22,250,55.43
9f492cdb-4f3a-4035-a728-432b46054604,16/10/2015,Oct-15,10,2015,LAND-en ZEEZICHT,Minor Dam,451,4.23,250,55.43
91fa5b1e-bb91-4ab3-b564-55a95db5ab41,17/10/2015,Oct-15,10,2015,LAND-en ZEEZICHT,Minor Dam,451,4.24,251,55.65
f136ea63-179e-41fe-8c50-0b2fdd7ae035,18/10/2015,Oct-15,10,2015,LAND-en ZEEZICHT,Minor Dam,451,4.25,251,55.65
a3b99f92-84e2-410d-b706-a9e24b0af866,19/10/2015,Oct-15,10,2015,LAND-en ZEEZICHT,Minor Dam,451,4.26,252,55.88
46bd173f-89db-4de1-bfdd-a04a6b724635,20/10/2015,Oct-15,10,2015,LAND-en ZEEZICHT,Minor Dam,451,4.28,253,56.1
3067fd68-2ed1-47e5-b48c-05871b95f084,21/10/2015,Oct-15,10,2015,LAND-en ZEEZICHT,Minor Dam,451,4.31,255,56.54
09cd44c0-1583-43ae-9765-d8f4c2c4064f,22/10/2015,Oct-15,10,2015,LAND-en ZEEZICHT,Minor Dam,451,4.33,256,56.76
24d10560-82e8-431a-9717-41e14a304626,23/10/2015,Oct-15,10,2015,LAND-en ZEEZICHT,Minor Dam,451,4.5,266,58.98
085f1ad5-9cbe-407e-abe2-fe83a9d255b0,24/10/2015,Oct-15,10,2015,LAND-en ZEEZICHT,Minor Dam,451,4.8,284,62.97
c0f170e6-f011-440e-8be2-2822e1950aba,25/10/2015,Oct-15,10,2015,LAND-en ZEEZICHT,Minor Dam,451,4.82,285,63.19
7cf5a3b6-dec0-41cb-9f93-eb75abbdee78,26/10/2015,Oct-15,10,2015,LAND-en ZEEZICHT,Minor Dam,451,4.83,286,63.41
54ff6d75-53ed-4758-8042-222635b9d894,27/10/2015,Oct-15,10,2015,LAND-en ZEEZICHT,Minor Dam,451,4.84,286,63.41
ea4bab22-99d6-4b04-a256-242b7b4ff10b,28/10/2015,Oct-15,10,2015,LAND-en ZEEZICHT,Minor Dam,451,4.85,287,63.64
b8d8b265-7b69-46bf-834f-5a1debdcef2e,29/10/2015,Oct-15,10,2015,LAND-en ZEEZICHT,Minor Dam,451,4.87,288,63.86
dcdd55c8-5bbb-4827-9364-c82e590ba452,30/10/2015,Oct-15,10,2015,LAND-en ZEEZICHT,Minor Dam,451,4.9,290,64.3
19b27aca-7c97-4fbc-8737-28e94cf33ddd,31/10/2015,Oct-15,10,2015,LAND-en ZEEZICHT,Minor Dam,451,4.96,293,64.97
632881c8-69c2-4594-bac1-fc728f47cf29,01/11/2015,Nov-15,11,2015,LAND-en ZEEZICHT,Minor Dam,451,5.02,297,65.85
e414c201-696f-4fc9-8a74-4fe3f3afb062,02/11/2015,Nov-15,11,2015,LAND-en ZEEZICHT,Minor Dam,451,5.06,299,66.3
9f1323b3-b158-4adf-a1e7-f3cdccd5a954,03/11/2015,Nov-15,11,2015,LAND-en ZEEZICHT,Minor Dam,451,5.1,302,66.96
1883e802-9de6-4a10-be8a-ff02093be3d0,04/11/2015,Nov-15,11,2015,LAND-en ZEEZICHT,Minor Dam,451,5.13,303,67.18
3215b21c-6a76-4b07-ac1e-3062cc324b3a,05/11/2015,Nov-15,11,2015,LAND-en ZEEZICHT,Minor Dam,451,5.15,305,67.63
91a64132-b786-4bb5-924b-e29334829557,06/11/2015,Nov-15,11,2015,LAND-en ZEEZICHT,Minor Dam,451,5.18,306,67.85
abef05c6-1a9e-489b-a6c5-acaee745bf0b,07/11/2015,Nov-15,11,2015,LAND-en ZEEZICHT,Minor Dam,451,5.22,309,68.51
b2be69ea-5515-4489-821d-5fa0e4025419,08/11/2015,Nov-15,11,2015,LAND-en ZEEZICHT,Minor Dam,451,5.24,310,68.74
b9324e70-2b35-4e36-a1fd-2b228fe3490c,09/11/2015,Nov-15,11,2015,LAND-en ZEEZICHT,Minor Dam,451,5.26,311,68.96
89b81ff6-b66b-46e9-964f-4c6b327ea275,10/11/2015,Nov-15,11,2015,LAND-en ZEEZICHT,Minor Dam,451,5.28,312,69.18
29966c92-b35c-4e90-82e9-d896a16208be,11/11/2015,Nov-15,11,2015,LAND-en ZEEZICHT,Minor Dam,451,5.3,313,69.4
5bda4261-c4a8-4929-ab61-70a91b0d5032,12/11/2015,Nov-15,11,2015,LAND-en ZEEZICHT,Minor Dam,451,5.33,315,69.84
457cf000-8818-4330-94e7-1dcd16dada3c,13/11/2015,Nov-15,11,2015,LAND-en ZEEZICHT,Minor Dam,451,5.35,316,70.07
2fbfa0ed-bdca-427d-87ed-6f83e4bb6db8,14/11/2015,Nov-15,11,2015,LAND-en ZEEZICHT,Minor Dam,451,5.36,317,70.29
2c341194-d528-4132-a2d0-7e380711945b,15/11/2015,Nov-15,11,2015,LAND-en ZEEZICHT,Minor Dam,451,5.38,318,70.51
8e5ec557-613d-4541-80a6-5e9e1f4b6e23,16/11/2015,Nov-15,11,2015,LAND-en ZEEZICHT,Minor Dam,451,5.39,319,70.73
2b291e82-4035-49ab-b501-8b528b0215ff,17/11/2015,Nov-15,11,2015,LAND-en ZEEZICHT,Minor Dam,451,5.31,314,69.62
41b80115-ffed-4aed-8659-45442e8f8cb6,18/11/2015,Nov-15,11,2015,LAND-en ZEEZICHT,Minor Dam,451,5.29,313,69.4
f9695f6c-7ba8-4c41-bba3-026d5b55dee8,19/11/2015,Nov-15,11,2015,LAND-en ZEEZICHT,Minor Dam,451,5.28,312,69.18
45ae8e0a-eda0-46ba-91ff-ce7090f0ca66,20/11/2015,Nov-15,11,2015,LAND-en ZEEZICHT,Minor Dam,451,5.62,332,73.61
f43aacd9-6002-4736-bb9c-a3e7baa33aa2,21/11/2015,Nov-15,11,2015,LAND-en ZEEZICHT,Minor Dam,451,5.44,322,71.4
ef71ba44-4f3e-4cff-b96d-9592630a2a93,22/11/2015,Nov-15,11,2015,LAND-en ZEEZICHT,Minor Dam,451,5.47,324,71.84
2ec4b969-bab9-4038-a44a-ceeebd496ace,23/11/2015,Nov-15,11,2015,LAND-en ZEEZICHT,Minor Dam,451,5.48,324,71.84
c33b6444-3297-4fc3-af2b-0d53e4a4d01e,24/11/2015,Nov-15,11,2015,LAND-en ZEEZICHT,Minor Dam,451,5.49,325,72.06
3bc5e75c-240d-468e-a16b-4b98c0835e53,25/11/2015,Nov-15,11,2015,LAND-en ZEEZICHT,Minor Dam,451,5.51,326,72.28
2ceee89f-2ce1-4773-9284-df1907cb97eb,26/11/2015,Nov-15,11,2015,LAND-en ZEEZICHT,Minor Dam,451,5.55,328,72.73
f01b5a32-bbc1-489c-b67c-3e373a22df94,27/11/2015,Nov-15,11,2015,LAND-en ZEEZICHT,Minor Dam,451,5.57,329,72.95
4dd92c1b-534d-4596-b5f2-17429a6a87d3,28/11/2015,Nov-15,11,2015,LAND-en ZEEZICHT,Minor Dam,451,5.59,331,73.39
78553356-3417-47a6-b2f2-985c7aa193fd,29/11/2015,Nov-15,11,2015,LAND-en ZEEZICHT,Minor Dam,451,5.61,332,73.61
ee61a23c-6a4d-476c-909d-4214e1b689f4,30/11/2015,Nov-15,11,2015,LAND-en ZEEZICHT,Minor Dam,451,5.62,332,73.61
8828ebe8-2585-463d-a3b5-c23c826d1e11,01/12/2015,Dec-15,12,2015,LAND-en ZEEZICHT,Minor Dam,451,5.63,333,73.84
85c28654-d547-48c6-8ed7-68d1e344b718,02/12/2015,Dec-15,12,2015,LAND-en ZEEZICHT,Minor Dam,451,5.64,334,74.06
3ec75f67-c029-44d0-90ad-fa5dd240a7a7,03/12/2015,Dec-15,12,2015,LAND-en ZEEZICHT,Minor Dam,451,5.65,334,74.06
14f4a3d9-5eb5-44e1-94c4-f36aaf62a6b8,04/12/2015,Dec-15,12,2015,LAND-en ZEEZICHT,Minor Dam,451,5.67,335,74.28
d521a780-0c7c-4124-92fd-e92534893f5c,05/12/2015,Dec-15,12,2015,LAND-en ZEEZICHT,Minor Dam,451,5.66,335,74.28
ff9c1f0a-c878-4402-9599-8315ad659e9c,06/12/2015,Dec-15,12,2015,LAND-en ZEEZICHT,Minor Dam,451,5.65,334,74.06
11db4ed5-3264-4234-a725-b9d36218cf9a,07/12/2015,Dec-15,12,2015,LAND-en ZEEZICHT,Minor Dam,451,5.65,334,74.06
15cc5d60-860d-4257-b98b-fede9ea10004,08/12/2015,Dec-15,12,2015,LAND-en ZEEZICHT,Minor Dam,451,5.66,335,74.28
9e2a8fac-23d8-4e37-a4aa-c4395bbe748e,09/12/2015,Dec-15,12,2015,LAND-en ZEEZICHT,Minor Dam,451,5.67,335,74.28
b421d3ba-ba19-4328-9d7a-0691e4e87a3e,10/12/2015,Dec-15,12,2015,LAND-en ZEEZICHT,Minor Dam,451,5.68,336,74.5
05d474c4-284f-43e6-849e-f5f4533770b4,11/12/2015,Dec-15,12,2015,LAND-en ZEEZICHT,Minor Dam,451,5.66,345,76.5
8e4b5972-b413-45ac-8678-f56d8e222fed,12/12/2015,Dec-15,12,2015,LAND-en ZEEZICHT,Minor Dam,451,5.67,335,74.28
be978892-e11b-48bc-86aa-0f69c3903e6c,13/12/2015,Dec-15,12,2015,LAND-en ZEEZICHT,Minor Dam,451,5.71,338,74.94
0f38ba50-c280-41c9-b4d0-1ef3571e3c18,14/12/2015,Dec-15,12,2015,LAND-en ZEEZICHT,Minor Dam,451,5.73,339,75.17
1416e0b2-2b2e-4e19-a6b5-968f30a91ceb,15/12/2015,Dec-15,12,2015,LAND-en ZEEZICHT,Minor Dam,451,5.74,339,75.17
fea40a77-2dcc-4e34-82ec-9f93c1330b7b,16/12/2015,Dec-15,12,2015,LAND-en ZEEZICHT,Minor Dam,451,5.76,341,75.61
a286e5b9-1810-4754-95cc-78bad87d337c,17/12/2015,Dec-15,12,2015,LAND-en ZEEZICHT,Minor Dam,451,5.8,343,76.05
45115613-f234-4f53-be34-dd2d6d25dc06,18/12/2015,Dec-15,12,2015,LAND-en ZEEZICHT,Minor Dam,451,5.69,337,74.72
dcf2431c-34cb-438f-bf1f-4897dd04e126,19/12/2015,Dec-15,12,2015,LAND-en ZEEZICHT,Minor Dam,451,5.7,337,74.72
d9fd3822-47a8-48a8-997a-83319a697e8e,20/12/2015,Dec-15,12,2015,LAND-en ZEEZICHT,Minor Dam,451,5.74,339,75.17
5eb39c78-fdc4-487e-99b7-f4ceca5fe60e,21/12/2015,Dec-15,12,2015,LAND-en ZEEZICHT,Minor Dam,451,5.77,341,75.61
863177ca-afe9-4051-b222-46c886c69f8f,22/12/2015,Dec-15,12,2015,LAND-en ZEEZICHT,Minor Dam,451,5.79,342,75.83
4150995c-c52d-4f95-8877-0f975c0bbd4d,23/12/2015,Dec-15,12,2015,LAND-en ZEEZICHT,Minor Dam,451,5.7,337,74.72
f14407ba-2ff1-4c5a-9b52-334a919731c5,24/12/2015,Dec-15,12,2015,LAND-en ZEEZICHT,Minor Dam,451,5.52,326,72.28
b1ec4baf-7d05-478b-b364-dfeb7dbedb90,25/12/2015,Dec-15,12,2015,LAND-en ZEEZICHT,Minor Dam,451,5.43,322,71.4
4b227b86-6863-47ff-a494-938b1a6ca198,26/12/2015,Dec-15,12,2015,LAND-en ZEEZICHT,Minor Dam,451,5.37,318,70.51
5d4917f1-d439-4c38-bc16-8eafa63157cb,27/12/2015,Dec-15,12,2015,LAND-en ZEEZICHT,Minor Dam,451,5.25,311,68.96
ea9ffd96-8077-4d98-a053-c1e1cdbd85d7,28/12/2015,Dec-15,12,2015,LAND-en ZEEZICHT,Minor Dam,451,5.13,303,67.18
02d48887-8b42-480d-bed8-c084c420c3e1,29/12/2015,Dec-15,12,2015,LAND-en ZEEZICHT,Minor Dam,451,4.98,295,65.41
26690f81-8a1d-46cc-a6e8-8f53c3e43abf,30/12/2015,Dec-15,12,2015,LAND-en ZEEZICHT,Minor Dam,451,4.84,286,63.41
3925070e-616c-4e8e-92d8-b7f5bfbd0c70,31/12/2015,Dec-15,12,2015,LAND-en ZEEZICHT,Minor Dam,451,4.7,278,61.64
d6c3004f-74ee-458d-8f88-b16c46227bcc,01/01/2016,Jan-16,1,2016,LAND-en ZEEZICHT,Minor Dam,451,4.58,271,60.09
4234b858-350b-4ef6-90b9-e43367a81d02,02/01/2016,Jan-16,1,2016,LAND-en ZEEZICHT,Minor Dam,451,4.43,262,58.09
4ab442f1-4e2c-420d-8e89-59258696211f,03/01/2016,Jan-16,1,2016,LAND-en ZEEZICHT,Minor Dam,451,4.3,254,56.32
bf26e5f9-23f9-45c6-add9-1384e5f3a5e8,04/01/2016,Jan-16,1,2016,LAND-en ZEEZICHT,Minor Dam,451,4.17,247,54.77
c0e18023-78e0-4294-ac19-8fbf3279d10a,05/01/2016,Jan-16,1,2016,LAND-en ZEEZICHT,Minor Dam,451,4.09,242,53.66
2d0e3ee9-c1af-48f1-9925-b8fcfca3b1d8,06/01/2016,Jan-16,1,2016,LAND-en ZEEZICHT,Minor Dam,451,4,237,52.55
e8bf8086-7d92-4847-bb85-ffe05bb36a1c,07/01/2016,Jan-16,1,2016,LAND-en ZEEZICHT,Minor Dam,451,3.89,230,51
2b565267-9ecf-47dc-b9f1-a378b8b0df8e,08/01/2016,Jan-16,1,2016,LAND-en ZEEZICHT,Minor Dam,451,3.77,223,49.45
1779d752-f27d-4526-a9fb-91720ead2fe2,09/01/2016,Jan-16,1,2016,LAND-en ZEEZICHT,Minor Dam,451,3.52,208,46.12
9d0e8c90-71cb-415a-a2f2-1bdda0dc4a8b,10/01/2016,Jan-16,1,2016,LAND-en ZEEZICHT,Minor Dam,451,3.31,208,46.12
988d86df-c0a2-4695-aaae-6e99a055bf69,11/01/2016,Jan-16,1,2016,LAND-en ZEEZICHT,Minor Dam,451,3.19,189,41.91
b504be07-64bb-463a-965c-bbff38e85d48,12/01/2016,Jan-16,1,2016,LAND-en ZEEZICHT,Minor Dam,451,3.11,184,40.8
6805eed3-3292-473f-bc26-152abe254465,13/01/2016,Jan-16,1,2016,LAND-en ZEEZICHT,Minor Dam,451,2.96,175,38.8
d42f0198-5ef6-4187-9521-8b719f482764,14/01/2016,Jan-16,1,2016,LAND-en ZEEZICHT,Minor Dam,451,2.93,173,38.36
d8d42827-927e-4f62-a224-799bf0cc32c3,15/01/2016,Jan-16,1,2016,LAND-en ZEEZICHT,Minor Dam,451,2.83,167,37.03
574f2d33-0490-4a65-b533-d469f277d11b,16/01/2016,Jan-16,1,2016,LAND-en ZEEZICHT,Minor Dam,451,2.78,164,36.36
89ec42cb-b7ea-4bc6-98c9-96f1206dfd27,17/01/2016,Jan-16,1,2016,LAND-en ZEEZICHT,Minor Dam,451,2.75,163,36.14
c4c56a52-7903-4835-b227-efe049075b2d,18/01/2016,Jan-16,1,2016,LAND-en ZEEZICHT,Minor Dam,451,2.73,161,35.7
596f3a04-0a4d-4b59-b6bb-e6b314f3f0d9,19/01/2016,Jan-16,1,2016,LAND-en ZEEZICHT,Minor Dam,451,2.7,160,35.48
7d8e0bb0-c636-4f10-9efe-d50a53bbd4aa,20/01/2016,Jan-16,1,2016,LAND-en ZEEZICHT,Minor Dam,451,2.5,148,32.82
5576ea11-f562-48ab-8dd3-6546807ad151,21/01/2016,Jan-16,1,2016,LAND-en ZEEZICHT,Minor Dam,451,2.41,143,31.71
cb664b5a-b45a-4d40-81f7-0e6714c1c01e,22/01/2016,Jan-16,1,2016,LAND-en ZEEZICHT,Minor Dam,451,2.34,138,30.6
6c9426ff-d1bf-4b0e-8d66-b0c286c2930d,23/01/2016,Jan-16,1,2016,LAND-en ZEEZICHT,Minor Dam,451,2.29,135,29.93
bb05e1ce-d437-4180-a59b-367f3d8e419f,24/01/2016,Jan-16,1,2016,LAND-en ZEEZICHT,Minor Dam,451,2.17,128,28.38
1540a163-4d53-4741-9066-e16bff9913d7,25/01/2016,Jan-16,1,2016,LAND-en ZEEZICHT,Minor Dam,451,2.16,128,28.38
aa27b92d-a0b2-4385-8daf-15cb9b09de3e,26/01/2016,Jan-16,1,2016,LAND-en ZEEZICHT,Minor Dam,451,2.17,128,28.38
6f5a9de0-813a-4cbc-8b51-3066d9cde1e6,27/01/2016,Jan-16,1,2016,LAND-en ZEEZICHT,Minor Dam,451,2.18,129,28.6
57e32d0a-d07f-492b-9b5c-f6050e57d727,28/01/2016,Jan-16,1,2016,LAND-en ZEEZICHT,Minor Dam,451,2.17,128,28.38
10d3dca3-dad2-470b-b950-960ca714b65d,29/01/2016,Jan-16,1,2016,LAND-en ZEEZICHT,Minor Dam,451,2.02,119,26.39
55776d25-4c78-4ef6-907c-f931eddb2ab1,30/01/2016,Jan-16,1,2016,LAND-en ZEEZICHT,Minor Dam,451,1.95,115,25.5
237f9186-caf2-4fbf-b0ab-d130eeba9ea0,31/01/2016,Jan-16,1,2016,LAND-en ZEEZICHT,Minor Dam,451,1.9,112,24.83
e0edf7a2-ce8e-4733-8660-5e2e4e90b6d0,01/02/2016,Feb-16,2,2016,LAND-en ZEEZICHT,Minor Dam,451,1.88,111,24.61
d90f1e7d-72bf-4825-927a-b01911ff0ce3,02/02/2016,Feb-16,2,2016,LAND-en ZEEZICHT,Minor Dam,451,1.8,106,23.5
8bcffdd8-184b-4c7f-b249-0b65127b0ac5,03/02/2016,Feb-16,2,2016,LAND-en ZEEZICHT,Minor Dam,451,1.75,104,23.06
e3386690-35b4-4256-8b94-46284f2788c8,04/02/2016,Feb-16,2,2016,LAND-en ZEEZICHT,Minor Dam,451,1.67,99,21.95
16403d66-2d98-498d-8c7b-b9e2f44e3594,05/02/2016,Feb-16,2,2016,LAND-en ZEEZICHT,Minor Dam,451,1.62,96,21.29
4810b3e7-8d1b-4d68-acca-078d2302cd33,06/02/2016,Feb-16,2,2016,LAND-en ZEEZICHT,Minor Dam,451,1.57,93,20.62
65ee4b96-fba5-408b-bdf6-05ecd30ab107,07/02/2016,Feb-16,2,2016,LAND-en ZEEZICHT,Minor Dam,451,1.53,90,19.96
8a4fca05-a335-4bc9-9d0a-4c4052bac4aa,08/02/2016,Feb-16,2,2016,LAND-en ZEEZICHT,Minor Dam,451,1.5,89,19.73
d90edb8c-cd2c-48b4-a376-89a8810872fb,09/02/2016,Feb-16,2,2016,LAND-en ZEEZICHT,Minor Dam,451,1.47,87,19.29
03df06a8-e745-4998-bd51-f5a0740bb264,10/02/2016,Feb-16,2,2016,LAND-en ZEEZICHT,Minor Dam,451,1.43,85,18.85
fe12c0ad-d372-4b9e-be7e-6678f7c6fbdf,11/02/2016,Feb-16,2,2016,LAND-en ZEEZICHT,Minor Dam,451,1.4,83,18.4
98dd47ed-0500-4883-8be3-4eb2f8a48007,12/02/2016,Feb-16,2,2016,LAND-en ZEEZICHT,Minor Dam,451,1.37,81,17.96
a008d676-262a-4fdd-bc40-b45d20396bae,13/02/2016,Feb-16,2,2016,LAND-en ZEEZICHT,Minor Dam,451,1.37,81,17.96
ad5c44e1-a33e-47e3-946e-c416b947dd78,14/02/2016,Feb-16,2,2016,LAND-en ZEEZICHT,Minor Dam,451,1.37,81,17.96
4db78b5d-608d-4405-8780-9a681c0440fd,15/02/2016,Feb-16,2,2016,LAND-en ZEEZICHT,Minor Dam,451,1.38,82,18.18
3b343822-274c-4258-b7fd-41f5f11eec8b,16/02/2016,Feb-16,2,2016,LAND-en ZEEZICHT,Minor Dam,451,1.36,80,17.74
c8b5ded2-d9a7-485f-b6b6-addbd18ead5b,17/02/2016,Feb-16,2,2016,LAND-en ZEEZICHT,Minor Dam,451,1.34,79,17.52
640db70d-0cf0-4b13-9652-0638f8b20954,18/02/2016,Feb-16,2,2016,LAND-en ZEEZICHT,Minor Dam,451,1.34,79,17.52
a2bbff7e-b988-48ff-a8e0-734f121f5baf,19/02/2016,Feb-16,2,2016,LAND-en ZEEZICHT,Minor Dam,451,1.33,79,17.52
15097d80-1ce1-48d9-892f-a51bf6a8f558,20/02/2016,Feb-16,2,2016,LAND-en ZEEZICHT,Minor Dam,451,1.34,79,17.52
86ced8f8-e49a-4d13-a361-4486a05f478b,21/02/2016,Feb-16,2,2016,LAND-en ZEEZICHT,Minor Dam,451,1.32,78,17.29
58e6e5c6-9996-463f-a3b9-d0508db34597,22/02/2016,Feb-16,2,2016,LAND-en ZEEZICHT,Minor Dam,451,1.31,77,17.07
ba17c318-7805-4b79-b95f-666519b9d5fc,23/02/2016,Feb-16,2,2016,LAND-en ZEEZICHT,Minor Dam,451,1.3,77,17.07
16385df6-e57c-4ab1-9f89-46a64e3d6caa,24/02/2016,Feb-16,2,2016,LAND-en ZEEZICHT,Minor Dam,451,1.26,75,16.63
2c5c3709-ac6c-4731-90cf-de1f94fceddb,25/02/2016,Feb-16,2,2016,LAND-en ZEEZICHT,Minor Dam,451,1.22,72,15.96
93fc23fb-c9a5-4cc7-9b75-279fb786d42e,26/02/2016,Feb-16,2,2016,LAND-en ZEEZICHT,Minor Dam,451,1.2,71,15.74
1c7285d3-8622-4b4a-8b12-8b731e8a87e0,27/02/2016,Feb-16,2,2016,LAND-en ZEEZICHT,Minor Dam,451,1.19,70,15.52
21cf909d-49f2-4175-b4ab-92ddbec4c536,28/02/2016,Feb-16,2,2016,LAND-en ZEEZICHT,Minor Dam,451,1.18,70,15.52
bfaeeb14-b3ce-4187-8419-415360c676f4,29/02/2016,Feb-16,2,2016,LAND-en ZEEZICHT,Minor Dam,451,1.2,71,15.74
29c75b26-de03-4378-960b-e9c4fe600aa5,01/03/2016,Mar-16,3,2016,LAND-en ZEEZICHT,Minor Dam,451,1.22,72,15.96
f6bf9122-0f10-4b38-ab3b-4e36cabefb96,02/03/2016,Mar-16,3,2016,LAND-en ZEEZICHT,Minor Dam,451,1.2,71,15.74
0b5b7b09-d55c-4cb6-a8ad-5e54a4d70fa8,03/03/2016,Mar-16,3,2016,LAND-en ZEEZICHT,Minor Dam,451,1.19,70,15.52
971e0b67-e8e4-4131-abe2-d847492d42fd,04/03/2016,Mar-16,3,2016,LAND-en ZEEZICHT,Minor Dam,451,1.18,70,15.52
a0bac0e4-bf70-4c24-aff9-f8ccbe855a5f,05/03/2016,Mar-16,3,2016,LAND-en ZEEZICHT,Minor Dam,451,1.17,69,15.3
e01cf078-c2d9-4d6c-9c3f-3cefefd2fe1d,06/03/2016,Mar-16,3,2016,LAND-en ZEEZICHT,Minor Dam,451,1.16,69,15.3
5522e77a-31d3-41fd-a4ef-39a551b96d50,07/03/2016,Mar-16,3,2016,LAND-en ZEEZICHT,Minor Dam,451,1.17,69,15.3
35eafa16-88a7-47c6-87a6-830f82a0be3f,08/03/2016,Mar-16,3,2016,LAND-en ZEEZICHT,Minor Dam,451,1.16,69,15.3
8cf3a05a-fe5b-4a9e-a0d9-b583a2407ec9,09/03/2016,Mar-16,3,2016,LAND-en ZEEZICHT,Minor Dam,451,1.15,68,15.08
b8f58217-f3ae-44f2-92ee-ccc384f57fd3,10/03/2016,Mar-16,3,2016,LAND-en ZEEZICHT,Minor Dam,451,1.14,67,14.86
216f3ade-a2eb-4639-89b8-2820f63d31b6,11/03/2016,Mar-16,3,2016,LAND-en ZEEZICHT,Minor Dam,451,1.13,67,14.86
b1baf1c6-cfa7-4c26-ba60-7728af31bb9d,12/03/2016,Mar-16,3,2016,LAND-en ZEEZICHT,Minor Dam,451,1.12,66,14.63
9190257a-b924-4160-9566-be6cbe022307,13/03/2016,Mar-16,3,2016,LAND-en ZEEZICHT,Minor Dam,451,1.11,66,14.63
b01bbb52-fac7-4cc1-a714-5fd25390e455,14/03/2016,Mar-16,3,2016,LAND-en ZEEZICHT,Minor Dam,451,1.12,66,14.63
e130b74e-b9cd-4069-afb5-f4446e214417,15/03/2016,Mar-16,3,2016,LAND-en ZEEZICHT,Minor Dam,451,1.11,66,14.63
6b864871-a501-4200-9ec0-62b611564e32,16/03/2016,Mar-16,3,2016,LAND-en ZEEZICHT,Minor Dam,451,1.09,64,14.19
c0200c83-0c1f-420c-b77d-0f208c116731,17/03/2016,Mar-16,3,2016,LAND-en ZEEZICHT,Minor Dam,451,1.07,63,13.97
879ae8fa-2096-4b07-8dc5-3cb9eb57077c,18/03/2016,Mar-16,3,2016,LAND-en ZEEZICHT,Minor Dam,451,1.06,63,13.97
a315a181-6d8e-4758-bcd4-15b4ee8bcbb3,19/03/2016,Mar-16,3,2016,LAND-en ZEEZICHT,Minor Dam,451,1.05,62,13.75
1aaf70dd-51de-4915-b076-9d0e4fc163ed,20/03/2016,Mar-16,3,2016,LAND-en ZEEZICHT,Minor Dam,451,1.05,62,13.75
e221b43c-0508-4ad5-a555-7d587598315e,21/03/2016,Mar-16,3,2016,LAND-en ZEEZICHT,Minor Dam,451,1.05,62,13.75
dadb53d8-2283-48a0-8030-10ecebaa39c9,22/03/2016,Mar-16,3,2016,LAND-en ZEEZICHT,Minor Dam,451,0.95,56,12.42
971471fb-8ad6-4792-973d-640e08cebdc5,23/03/2016,Mar-16,3,2016,LAND-en ZEEZICHT,Minor Dam,451,0.94,56,12.42
d33c535e-4627-468c-be16-cb229d601309,24/03/2016,Mar-16,3,2016,LAND-en ZEEZICHT,Minor Dam,451,0.95,56,12.42
c9042919-3e73-4095-8089-f77c7e8c6f18,25/03/2016,Mar-16,3,2016,LAND-en ZEEZICHT,Minor Dam,451,0.96,57,12.64
23b94605-c2ca-42d8-a610-3f78d3a38580,26/03/2016,Mar-16,3,2016,LAND-en ZEEZICHT,Minor Dam,451,0.99,59,13.08
102b7076-f043-4820-9d4e-06ebec12b63e,27/03/2016,Mar-16,3,2016,LAND-en ZEEZICHT,Minor Dam,451,1.02,60,13.3
50ef2c7a-1223-4e0e-ab2e-fdc3f060a6b2,28/03/2016,Mar-16,3,2016,LAND-en ZEEZICHT,Minor Dam,451,1.06,63,13.97
08f9adfe-0e96-4d24-85de-4f0419c2684f,29/03/2016,Mar-16,3,2016,LAND-en ZEEZICHT,Minor Dam,451,1.07,63,13.97
54e14531-9fad-46ec-8522-2d6b613fff95,30/03/2016,Mar-16,3,2016,LAND-en ZEEZICHT,Minor Dam,451,1.09,64,14.19
12708a90-b20f-43ae-a60d-8188cd57c66b,31/03/2016,Mar-16,3,2016,LAND-en ZEEZICHT,Minor Dam,451,1.15,68,15.08
12c0ea88-7eb5-4c06-a701-3ce11982b6ee,01/04/2016,Apr-16,4,2016,LAND-en ZEEZICHT,Minor Dam,451,1.17,69,15.3
7d1cbef5-de22-461d-bbe6-8988d68196dc,02/04/2016,Apr-16,4,2016,LAND-en ZEEZICHT,Minor Dam,451,1.21,71,15.74
75c3bd75-bf91-4c59-86ae-09fdb79a91c4,03/04/2016,Apr-16,4,2016,LAND-en ZEEZICHT,Minor Dam,451,1.25,79,17.52
642ecc95-11c2-43d3-9e0f-1ab6344b4abe,04/04/2016,Apr-16,4,2016,LAND-en ZEEZICHT,Minor Dam,451,1.24,73,16.19
c45b47ea-4b33-470a-8b18-c76fcf6e4079,05/04/2016,Apr-16,4,2016,LAND-en ZEEZICHT,Minor Dam,451,1.22,72,15.96
5f56fc03-a095-443d-8dec-e57fc1d579dd,06/04/2016,Apr-16,4,2016,LAND-en ZEEZICHT,Minor Dam,451,1.2,71,15.74
c5a1c765-a317-48b9-a757-c58b87388083,07/04/2016,Apr-16,4,2016,LAND-en ZEEZICHT,Minor Dam,451,1.17,69,15.3
9ffbf99d-b34a-4cd8-8a25-daaa663dce56,08/04/2016,Apr-16,4,2016,LAND-en ZEEZICHT,Minor Dam,451,1.18,70,15.52
3bcac035-b7e0-476f-862f-53844452d6e7,09/04/2016,Apr-16,4,2016,LAND-en ZEEZICHT,Minor Dam,451,1.18,70,15.52
8552e19e-dbc9-46a9-9167-3ad03c36dafc,10/04/2016,Apr-16,4,2016,LAND-en ZEEZICHT,Minor Dam,451,1.16,69,15.3
667e69f4-d2cc-43dc-b020-7b5a41b56619,11/04/2016,Apr-16,4,2016,LAND-en ZEEZICHT,Minor Dam,451,1.14,67,14.86
492c7770-66d1-4632-be66-dc569ce94175,12/04/2016,Apr-16,4,2016,LAND-en ZEEZICHT,Minor Dam,451,1.14,67,14.86
812ab123-ad1f-47b7-8e8c-c2ce518f309f,13/04/2016,Apr-16,4,2016,LAND-en ZEEZICHT,Minor Dam,451,1.05,62,13.75
79bc3337-ce71-4848-a8d6-a2382844d02c,14/04/2016,Apr-16,4,2016,LAND-en ZEEZICHT,Minor Dam,451,1.01,60,13.3
7c04eabd-3190-4dbc-b761-a5e0e420fe4d,15/04/2016,Apr-16,4,2016,LAND-en ZEEZICHT,Minor Dam,451,0.98,58,12.86
0da2a4b8-2571-47f3-a31d-b10947d69fba,16/04/2016,Apr-16,4,2016,LAND-en ZEEZICHT,Minor Dam,451,0.97,57,12.64
5429694c-10e9-4c5b-a438-332648ef78aa,17/04/2016,Apr-16,4,2016,LAND-en ZEEZICHT,Minor Dam,451,0.95,56,12.42
42015bdc-5429-4463-a105-679f505f1c2e,18/04/2016,Apr-16,4,2016,LAND-en ZEEZICHT,Minor Dam,451,0.95,56,12.42
54bd52d3-bbd6-4bbb-9695-dbae39ad794e,19/04/2016,Apr-16,4,2016,LAND-en ZEEZICHT,Minor Dam,451,0.95,56,12.42
71337e19-03d7-4ffb-b93f-5642688c8f94,20/04/2016,Apr-16,4,2016,LAND-en ZEEZICHT,Minor Dam,451,0.89,53,11.75
d764f543-62dd-4f32-b1b8-dbdbe8c244a6,21/04/2016,Apr-16,4,2016,LAND-en ZEEZICHT,Minor Dam,451,0.93,55,12.2
ffcedb6f-59e7-4f82-ad1e-e9a4503e52e4,22/04/2016,Apr-16,4,2016,LAND-en ZEEZICHT,Minor Dam,451,0.93,55,12.2
327361f4-cbc6-46ac-882b-731a0b43fd9a,23/04/2016,Apr-16,4,2016,LAND-en ZEEZICHT,Minor Dam,451,0.96,57,12.64
5c0f9f7e-3314-48bf-a34e-99d5645c4a65,24/04/2016,Apr-16,4,2016,LAND-en ZEEZICHT,Minor Dam,451,1.01,60,13.3
a1ce731e-fe70-4c6f-9bbb-d7fe1a02900f,25/04/2016,Apr-16,4,2016,LAND-en ZEEZICHT,Minor Dam,451,1.05,62,13.75
242b636b-e116-4397-9b4a-3b3e9b281fd3,26/04/2016,Apr-16,4,2016,LAND-en ZEEZICHT,Minor Dam,451,1.06,63,13.97
4946d054-9dc8-416e-93b0-3908bfabca72,27/04/2016,Apr-16,4,2016,LAND-en ZEEZICHT,Minor Dam,451,1.07,63,13.97
4fdce259-0a42-42c2-a53f-903ea8faccbe,28/04/2016,Apr-16,4,2016,LAND-en ZEEZICHT,Minor Dam,451,1.07,63,13.97
a0a1e044-9640-4927-ac8f-2bf0f33db28d,29/04/2016,Apr-16,4,2016,LAND-en ZEEZICHT,Minor Dam,451,1.09,64,14.19
2017d0eb-b759-4ef9-98ba-a747fb4dd2d7,30/04/2016,Apr-16,4,2016,LAND-en ZEEZICHT,Minor Dam,451,1.09,64,14.19
5355747f-870e-40b9-9f2b-f3a99bea0fe7,01/05/2016,May-16,5,2016,LAND-en ZEEZICHT,Minor Dam,451,1.09,64,14.19
32f644d8-fd55-4a4d-ad84-d2786d83fa4d,02/05/2016,May-16,5,2016,LAND-en ZEEZICHT,Minor Dam,451,1.09,64,14.19
990f33f2-24b1-4bcb-a3ce-f5bfa248191e,03/05/2016,May-16,5,2016,LAND-en ZEEZICHT,Minor Dam,451,1.09,64,14.19
e6937aa0-b5e5-4ae9-8ac3-e01a8494c968,04/05/2016,May-16,5,2016,LAND-en ZEEZICHT,Minor Dam,451,1.27,75,16.63
eb06a1b5-e7c3-4c38-aeed-6716427bb22d,05/05/2016,May-16,5,2016,LAND-en ZEEZICHT,Minor Dam,451,1.29,76,16.85
eed31cbe-39ba-4bbe-b053-3d25fabf5bf5,06/05/2016,May-16,5,2016,LAND-en ZEEZICHT,Minor Dam,451,1.31,77,17.07
57fdcae7-9ef3-471c-9554-ced6d8dc48b7,07/05/2016,May-16,5,2016,LAND-en ZEEZICHT,Minor Dam,451,1.33,79,17.52
2a35c32f-561e-47af-a871-de30fcef89d0,08/05/2016,May-16,5,2016,LAND-en ZEEZICHT,Minor Dam,451,1.34,79,17.52
7d3575bb-ad8c-4459-8859-c5757fdac7aa,09/05/2016,May-16,5,2016,LAND-en ZEEZICHT,Minor Dam,451,1.35,80,17.74
d2ae02ae-49e3-4685-9841-291de18e90c8,10/05/2016,May-16,5,2016,LAND-en ZEEZICHT,Minor Dam,451,1.35,80,17.74
b0aa98d4-d84f-49c2-b59e-55997a2e1067,11/05/2016,May-16,5,2016,LAND-en ZEEZICHT,Minor Dam,451,1.36,80,17.74
d037cd60-1b93-431c-b94b-b0708f962e9a,12/05/2016,May-16,5,2016,LAND-en ZEEZICHT,Minor Dam,451,1.39,82,18.18
734bfdf9-d7e5-441d-b269-ee8baa5a371a,13/05/2016,May-16,5,2016,LAND-en ZEEZICHT,Minor Dam,451,1.4,83,18.4
e606b50b-96a4-4ae9-b4f2-19da21dd6b8e,14/05/2016,May-16,5,2016,LAND-en ZEEZICHT,Minor Dam,451,1.42,84,18.63
307e3574-c48b-4d45-8495-0d0a9465ce67,15/05/2016,May-16,5,2016,LAND-en ZEEZICHT,Minor Dam,451,1.43,85,18.85
e4bf8131-7933-4a72-bf9b-2eb073456acd,16/05/2016,May-16,5,2016,LAND-en ZEEZICHT,Minor Dam,451,1.44,85,18.85
6b82307d-4013-42ba-89b3-6d58296b7c8e,17/05/2016,May-16,5,2016,LAND-en ZEEZICHT,Minor Dam,451,1.45,86,19.07
3f6867f9-919b-4015-a9c3-e1b63a0ed332,18/05/2016,May-16,5,2016,LAND-en ZEEZICHT,Minor Dam,451,1.48,88,19.51
33c836fd-d630-4945-8e68-f8e542328757,19/05/2016,May-16,5,2016,LAND-en ZEEZICHT,Minor Dam,451,1.49,88,19.51
95dc3185-d234-442d-a623-c1b5c3e060b6,20/05/2016,May-16,5,2016,LAND-en ZEEZICHT,Minor Dam,451,1.49,88,19.51
7a2a5e32-767f-42e2-9c34-be10512f962b,21/05/2016,May-16,5,2016,LAND-en ZEEZICHT,Minor Dam,451,1.47,87,19.29
89bc226a-2d5f-41a0-80b3-aecb3c75bc25,22/05/2016,May-16,5,2016,LAND-en ZEEZICHT,Minor Dam,451,1.46,86,19.07
52b63b0f-b066-41d7-b086-9b8fce1511a9,23/05/2016,May-16,5,2016,LAND-en ZEEZICHT,Minor Dam,451,1.47,87,19.29
9417ddfd-f551-40b3-a9ea-5ecdf2611c35,24/05/2016,May-16,5,2016,LAND-en ZEEZICHT,Minor Dam,451,1.49,88,19.51
96c3dd20-0d00-4e32-8a1a-a6f1c2ff6b65,25/05/2016,May-16,5,2016,LAND-en ZEEZICHT,Minor Dam,451,1.51,89,19.73
65de085a-a1e4-4510-8753-1ba825ea5f10,26/05/2016,May-16,5,2016,LAND-en ZEEZICHT,Minor Dam,451,1.52,90,19.96
4cc456be-209c-4785-893b-09abd7e9d4aa,27/05/2016,May-16,5,2016,LAND-en ZEEZICHT,Minor Dam,451,1.53,90,19.96
9063559e-b39e-4b69-8bc5-be646712bf2d,28/05/2016,May-16,5,2016,LAND-en ZEEZICHT,Minor Dam,451,1.53,90,19.96
1964559f-dd32-4f1b-a071-ae3d7c5e7764,29/05/2016,May-16,5,2016,LAND-en ZEEZICHT,Minor Dam,451,1.53,90,19.96
a5e85343-3a61-4fbc-863e-6797fe3a255c,30/05/2016,May-16,5,2016,LAND-en ZEEZICHT,Minor Dam,451,1.52,90,19.96
8cad5102-5034-427f-ab59-2430d9637eed,31/05/2016,May-16,5,2016,LAND-en ZEEZICHT,Minor Dam,451,1.52,90,19.96
0aafcef3-b1e1-416d-8ba8-29b6a42f60e1,01/06/2016,Jun-16,6,2016,LAND-en ZEEZICHT,Minor Dam,451,1.51,89,19.73
7bc10228-045a-4c50-b178-265dba95cd2b,02/06/2016,Jun-16,6,2016,LAND-en ZEEZICHT,Minor Dam,451,1.52,90,19.96
b0f1c508-b966-4178-9727-827efff0cdee,03/06/2016,Jun-16,6,2016,LAND-en ZEEZICHT,Minor Dam,451,1.53,90,19.96
d9d1ebdf-d2d4-42bb-8b08-c126595544fa,04/06/2016,Jun-16,6,2016,LAND-en ZEEZICHT,Minor Dam,451,1.54,91,20.18
94fd5251-802c-4fcf-ae85-8dc12d62fccd,05/06/2016,Jun-16,6,2016,LAND-en ZEEZICHT,Minor Dam,451,1.55,92,20.4
4e4a9d99-aff3-4d40-ae35-937b6acfbed4,06/06/2016,Jun-16,6,2016,LAND-en ZEEZICHT,Minor Dam,451,1.56,92,20.4
d563523d-d71b-4630-bea5-52aae735a607,07/06/2016,Jun-16,6,2016,LAND-en ZEEZICHT,Minor Dam,451,1.57,93,20.62
606d072c-f468-4c32-953f-1b12392d5b9f,08/06/2016,Jun-16,6,2016,LAND-en ZEEZICHT,Minor Dam,451,1.57,93,20.62
9ff652fa-0c48-4931-a590-7b23cd42599f,09/06/2016,Jun-16,6,2016,LAND-en ZEEZICHT,Minor Dam,451,1.57,93,20.62
5acd2f48-53cd-4327-95c3-a5767050d649,10/06/2016,Jun-16,6,2016,LAND-en ZEEZICHT,Minor Dam,451,1.6,95,21.06
39e27ece-e670-4ff6-be56-d2bb65e75210,11/06/2016,Jun-16,6,2016,LAND-en ZEEZICHT,Minor Dam,451,1.69,100,22.17
50f4c570-b31e-4c49-816d-91f285040b26,12/06/2016,Jun-16,6,2016,LAND-en ZEEZICHT,Minor Dam,451,1.72,102,22.62
766fba9a-0cf7-47df-8458-488b7bfad195,13/06/2016,Jun-16,6,2016,LAND-en ZEEZICHT,Minor Dam,451,1.74,103,22.84
9aaf3fba-5f4e-4ede-89d4-8cb874aa1946,14/06/2016,Jun-16,6,2016,LAND-en ZEEZICHT,Minor Dam,451,1.78,105,23.28
c06fb7f2-0a81-445f-bb9e-3e2cbab041b2,15/06/2016,Jun-16,6,2016,LAND-en ZEEZICHT,Minor Dam,451,1.82,108,23.95
ad579012-7625-4edb-8974-67611b7ddb90,16/06/2016,Jun-16,6,2016,LAND-en ZEEZICHT,Minor Dam,451,1.9,112,24.83
93dd127a-500d-4d71-b859-1c4c5468da1d,17/06/2016,Jun-16,6,2016,LAND-en ZEEZICHT,Minor Dam,451,1.94,115,25.5
b8329c3b-b32a-4bac-a7de-52727c2837bd,18/06/2016,Jun-16,6,2016,LAND-en ZEEZICHT,Minor Dam,451,1.95,115,25.5
8f8cc8fc-027e-4ad2-8be1-8c14d76b7574,19/06/2016,Jun-16,6,2016,LAND-en ZEEZICHT,Minor Dam,451,1.98,117,25.94
87bbcb7b-34ea-4e37-a478-0db01ac8726f,20/06/2016,Jun-16,6,2016,LAND-en ZEEZICHT,Minor Dam,451,2,118,26.16
b132f298-b425-4f33-bba7-0a7e0f87a4b5,21/06/2016,Jun-16,6,2016,LAND-en ZEEZICHT,Minor Dam,451,2.01,119,26.39
d12cc66f-972c-4bcc-b245-0ba6cfdc4a4c,22/06/2016,Jun-16,6,2016,LAND-en ZEEZICHT,Minor Dam,451,2.02,119,26.39
98a40935-0e65-49a7-a078-55a463ac4f4f,23/06/2016,Jun-16,6,2016,LAND-en ZEEZICHT,Minor Dam,451,2.02,119,26.39
d8c615ee-a53d-48ab-b392-dd6986192922,24/06/2016,Jun-16,6,2016,LAND-en ZEEZICHT,Minor Dam,451,2.12,125,27.72
436aa704-8747-4fe4-a6be-5acc5704e3dc,25/06/2016,Jun-16,6,2016,LAND-en ZEEZICHT,Minor Dam,451,2.12,125,27.72
1e72b1f5-2d88-44ca-8bd0-8f4e006430f1,26/06/2016,Jun-16,6,2016,LAND-en ZEEZICHT,Minor Dam,451,2.12,125,27.72
dc4ec7b4-8d4f-4cf6-beda-ac92debc996e,27/06/2016,Jun-16,6,2016,LAND-en ZEEZICHT,Minor Dam,451,2.14,127,28.16
8441a8a5-cd64-4dcc-8481-222625eca9e2,28/06/2016,Jun-16,6,2016,LAND-en ZEEZICHT,Minor Dam,451,2.17,128,28.38
77b72a28-0c2a-4929-8123-da683bb44fab,29/06/2016,Jun-16,6,2016,LAND-en ZEEZICHT,Minor Dam,451,2.19,130,28.82
e4d1ea12-04c3-43aa-a3ea-71e66a5ed95d,30/06/2016,Jun-16,6,2016,LAND-en ZEEZICHT,Minor Dam,451,2.19,130,28.82
0e70f929-79d8-46af-a21d-9db9ca4c898e,01/07/2016,Jul-16,7,2016,LAND-en ZEEZICHT,Minor Dam,451,2.2,130,28.82
fb17110a-fbfb-451f-9838-e534c93b2a41,02/07/2016,Jul-16,7,2016,LAND-en ZEEZICHT,Minor Dam,451,2.24,132,29.27
bf15d057-9402-4f39-8afb-3bb31893878e,03/07/2016,Jul-16,7,2016,LAND-en ZEEZICHT,Minor Dam,451,2.25,133,29.49
ef3acedc-5966-4260-b147-31351c4703a5,04/07/2016,Jul-16,7,2016,LAND-en ZEEZICHT,Minor Dam,451,2.26,134,29.71
0e17c8e4-794b-4ace-ab00-66816886b143,05/07/2016,Jul-16,7,2016,LAND-en ZEEZICHT,Minor Dam,451,2.28,135,29.93
4dfed7fb-0166-464b-97a2-4bce6e93621f,06/07/2016,Jul-16,7,2016,LAND-en ZEEZICHT,Minor Dam,451,2.3,136,30.16
906afb2e-4dd1-490e-97cc-3c8f6afe33b5,07/07/2016,Jul-16,7,2016,LAND-en ZEEZICHT,Minor Dam,451,2.31,137,30.38
97e335dd-4932-4f2b-b6d0-b0a45cb2823b,08/07/2016,Jul-16,7,2016,LAND-en ZEEZICHT,Minor Dam,451,2.32,137,30.38
f56b297a-cd7a-449d-8fb5-2ba56f57274d,09/07/2016,Jul-16,7,2016,LAND-en ZEEZICHT,Minor Dam,451,2.35,139,30.82
3b0f5808-be42-4a55-8e4e-91dce16f1b76,10/07/2016,Jul-16,7,2016,LAND-en ZEEZICHT,Minor Dam,451,2.37,140,31.04
ff1b4350-3799-41ee-aa22-24618489d01c,11/07/2016,Jul-16,7,2016,LAND-en ZEEZICHT,Minor Dam,451,2.4,142,31.49
a40ac5f2-d269-4734-92ca-65064693d79b,12/07/2016,Jul-16,7,2016,LAND-en ZEEZICHT,Minor Dam,451,2.42,143,31.71
e44ff17f-f687-48ff-a8e9-a8a7de8398ee,13/07/2016,Jul-16,7,2016,LAND-en ZEEZICHT,Minor Dam,451,2.44,144,31.93
d41d5f4a-c8bd-4326-b7de-473684e63162,14/07/2016,Jul-16,7,2016,LAND-en ZEEZICHT,Minor Dam,451,2.46,145,32.15
da9af85a-ac19-48fb-a274-6e56d28f5af1,15/07/2016,Jul-16,7,2016,LAND-en ZEEZICHT,Minor Dam,451,2.48,147,32.59
23212f39-819e-4b6a-87ef-e75e55e6a6ab,16/07/2016,Jul-16,7,2016,LAND-en ZEEZICHT,Minor Dam,451,2.49,147,32.59
a569546d-0f7f-44d5-8a46-af0d498b338f,17/07/2016,Jul-16,7,2016,LAND-en ZEEZICHT,Minor Dam,451,2.51,148,32.82
fead08c6-aa3e-40e3-9748-8e23dd497aa9,18/07/2016,Jul-16,7,2016,LAND-en ZEEZICHT,Minor Dam,451,2.53,150,33.26
34338347-7315-446e-8a43-6551f3dbc66b,19/07/2016,Jul-16,7,2016,LAND-en ZEEZICHT,Minor Dam,451,2.55,151,33.48
0cf02371-54cc-4676-8b6b-6943d47473ff,20/07/2016,Jul-16,7,2016,LAND-en ZEEZICHT,Minor Dam,451,2.56,151,33.48
b289f47a-fd9e-46a1-a0c2-f25bae88615e,21/07/2016,Jul-16,7,2016,LAND-en ZEEZICHT,Minor Dam,451,2.85,169,37.47
7147a6ed-0bbb-4ddb-9494-096f65c89b41,22/07/2016,Jul-16,7,2016,LAND-en ZEEZICHT,Minor Dam,451,2.87,170,37.69
49a034ec-6619-470b-b3c3-ce5589cd0e7d,23/07/2016,Jul-16,7,2016,LAND-en ZEEZICHT,Minor Dam,451,2.89,171,37.92
67d05e77-2d4f-446f-88d8-b774c8051874,24/07/2016,Jul-16,7,2016,LAND-en ZEEZICHT,Minor Dam,451,2.72,161,35.7
e3db54f2-b015-40c3-bb8a-bae8bb14bf85,25/07/2016,Jul-16,7,2016,LAND-en ZEEZICHT,Minor Dam,451,2.77,164,36.36
1ef28a83-ed19-4463-a0ec-e973bdae9d53,26/07/2016,Jul-16,7,2016,LAND-en ZEEZICHT,Minor Dam,451,2.79,165,36.59
0b407788-18be-4373-a7ed-705b6b0a78f4,27/07/2016,Jul-16,7,2016,LAND-en ZEEZICHT,Minor Dam,451,2.94,174,38.58
6583eff8-c805-4ccf-b886-9dd34380c585,28/07/2016,Jul-16,7,2016,LAND-en ZEEZICHT,Minor Dam,451,3.15,186,41.24
bb0275cf-d6c9-4230-acdd-fb3d837787c5,29/07/2016,Jul-16,7,2016,LAND-en ZEEZICHT,Minor Dam,451,3.2,189,41.91
1bf10781-fcaf-4bcc-876f-2b89924e68c4,30/07/2016,Jul-16,7,2016,LAND-en ZEEZICHT,Minor Dam,451,3.23,191,42.35
162e674c-9154-48ff-b6df-02351f61db12,31/07/2016,Jul-16,7,2016,LAND-en ZEEZICHT,Minor Dam,451,3.29,195,43.24
e2162b74-4443-4640-bba1-358702399dc7,01/08/2016,Aug-16,8,2016,LAND-en ZEEZICHT,Minor Dam,451,3.32,196,43.46
aedf5b7c-75d2-49cb-9d97-5ab7a9f0a075,02/08/2016,Aug-16,8,2016,LAND-en ZEEZICHT,Minor Dam,451,3.4,201,44.57
b8353f61-5189-4ec7-a757-6f058c1b65c1,03/08/2016,Aug-16,8,2016,LAND-en ZEEZICHT,Minor Dam,451,3.51,208,46.12
70299286-6800-46d9-9110-d21b524f81ea,04/08/2016,Aug-16,8,2016,LAND-en ZEEZICHT,Minor Dam,451,3.57,211,46.78
2656d900-55e0-4246-a973-0fb9120bac99,05/08/2016,Aug-16,8,2016,LAND-en ZEEZICHT,Minor Dam,451,3.61,214,47.45
5f3d3643-4176-48eb-b658-b5f6ee917c3f,06/08/2016,Aug-16,8,2016,LAND-en ZEEZICHT,Minor Dam,451,3.67,217,48.12
be2dacb5-6e15-4185-b62a-8245f7aebdcb,07/08/2016,Aug-16,8,2016,LAND-en ZEEZICHT,Minor Dam,451,3.73,221,49
a22cb469-d62c-4659-9c56-3539e740c59c,08/08/2016,Aug-16,8,2016,LAND-en ZEEZICHT,Minor Dam,451,3.88,229,50.78
0ef608dc-ab92-4c0f-9e97-eecba72ad8ac,09/08/2016,Aug-16,8,2016,LAND-en ZEEZICHT,Minor Dam,451,3.9,231,51.22
3b69aab5-d986-4ef2-a377-8fcf051eb007,10/08/2016,Aug-16,8,2016,LAND-en ZEEZICHT,Minor Dam,451,3.92,232,51.44
c3f1338f-0775-4c8c-9e4e-ecbbe82b215a,11/08/2016,Aug-16,8,2016,LAND-en ZEEZICHT,Minor Dam,451,3.95,234,51.88
2a191b50-8137-43db-bc99-d49baeecbbc9,12/08/2016,Aug-16,8,2016,LAND-en ZEEZICHT,Minor Dam,451,4,237,52.55
e35b7aa9-a67b-442d-bd94-e9565a87efb8,13/08/2016,Aug-16,8,2016,LAND-en ZEEZICHT,Minor Dam,451,4.03,240,53.22
c96f4ca6-1c37-41b8-8bd8-8e97c707969d,14/08/2016,Aug-16,8,2016,LAND-en ZEEZICHT,Minor Dam,451,4.05,240,53.22
707beb5a-9b4a-441d-b83d-1912685523b4,15/08/2016,Aug-16,8,2016,LAND-en ZEEZICHT,Minor Dam,451,4.07,241,53.44
0e6198e1-a98a-4f95-824d-683e27bc6f8b,16/08/2016,Aug-16,8,2016,LAND-en ZEEZICHT,Minor Dam,451,4.08,241,53.44
e5eba875-93ee-40fe-9a42-8dc0eeb0bd16,17/08/2016,Aug-16,8,2016,LAND-en ZEEZICHT,Minor Dam,451,4.08,241,53.44
35faa385-d5a0-453c-9598-35667b8d5062,18/08/2016,Aug-16,8,2016,LAND-en ZEEZICHT,Minor Dam,451,4.09,242,53.66
f32d1ad0-4578-49e3-8696-be9cca04c4f7,19/08/2016,Aug-16,8,2016,LAND-en ZEEZICHT,Minor Dam,451,4.09,242,53.66
d0c891e1-24a3-43e0-8f1a-087803bc24b9,20/08/2016,Aug-16,8,2016,LAND-en ZEEZICHT,Minor Dam,451,4.1,242,53.66
c14ddeed-cf38-4978-a1b6-e051374a20fb,21/08/2016,Aug-16,8,2016,LAND-en ZEEZICHT,Minor Dam,451,4.11,243,53.88
49755b58-4577-41be-a916-52a92984b7bc,22/08/2016,Aug-16,8,2016,LAND-en ZEEZICHT,Minor Dam,451,4.5,266,58.98
0630301e-14e0-4ec7-ab87-b1ce32421af9,23/08/2016,Aug-16,8,2016,LAND-en ZEEZICHT,Minor Dam,451,4.5,266,58.98
5e8877b0-931c-422c-919c-452699f2052b,24/08/2016,Aug-16,8,2016,LAND-en ZEEZICHT,Minor Dam,451,4.5,266,58.98
24cb6ac2-dc25-40b1-8170-ac8049d157fd,25/08/2016,Aug-16,8,2016,LAND-en ZEEZICHT,Minor Dam,451,4.5,266,58.98
45234488-ef67-451a-b0b3-0bd8814388e5,26/08/2016,Aug-16,8,2016,LAND-en ZEEZICHT,Minor Dam,451,4.5,266,58.98
49e49d2c-bd7d-4dd6-b2da-593306b84399,27/08/2016,Aug-16,8,2016,LAND-en ZEEZICHT,Minor Dam,451,4.5,226,50.11
2fb8c90b-5066-40a0-8092-8587dd238f24,28/08/2016,Aug-16,8,2016,LAND-en ZEEZICHT,Minor Dam,451,4.51,267,59.2
1354d273-4175-45eb-bfc4-59266fb26b48,29/08/2016,Aug-16,8,2016,LAND-en ZEEZICHT,Minor Dam,451,4.53,268,59.42
7617dca3-061e-4a19-8c96-ec8b37a7df7c,30/08/2016,Aug-16,8,2016,LAND-en ZEEZICHT,Minor Dam,451,4.55,269,59.65
02ab5965-5051-49ef-b887-c53ed3ec8601,31/08/2016,Aug-16,8,2016,LAND-en ZEEZICHT,Minor Dam,451,4.57,270,59.87
26765e1f-073e-4d1a-b1aa-ad40e51e9598,01/09/2016,Sep-16,9,2016,LAND-en ZEEZICHT,Minor Dam,451,4.59,271,60.09
fa8bf3fb-69cb-4c37-b26d-c82e9774d334,02/09/2016,Sep-16,9,2016,LAND-en ZEEZICHT,Minor Dam,451,4.61,273,60.53
6a5b3843-6af2-4857-acb1-4bc3365b8305,03/09/2016,Sep-16,9,2016,LAND-en ZEEZICHT,Minor Dam,451,4.63,274,60.75
905b8fef-f8ca-475a-8e5d-c58ed5553310,04/09/2016,Sep-16,9,2016,LAND-en ZEEZICHT,Minor Dam,451,4.65,275,60.98
443ae908-ec8d-401a-9639-45fbe549db36,05/09/2016,Sep-16,9,2016,LAND-en ZEEZICHT,Minor Dam,451,4.67,276,61.2
10db451c-479c-46c9-a5e2-e606618772ff,06/09/2016,Sep-16,9,2016,LAND-en ZEEZICHT,Minor Dam,451,4.69,277,61.42
211fcb1b-3c86-4964-bab1-6f84ce90e8f2,07/09/2016,Sep-16,9,2016,LAND-en ZEEZICHT,Minor Dam,451,4.75,281,62.31
fb0619d5-47cc-4c02-abd7-541063b082c9,08/09/2016,Sep-16,9,2016,LAND-en ZEEZICHT,Minor Dam,451,4.8,284,62.97
f8bb15ed-3baf-4cbe-8181-8e36f68699bc,09/09/2016,Sep-16,9,2016,LAND-en ZEEZICHT,Minor Dam,451,4.87,288,63.86
8f449120-033c-4e4d-9d9d-30e56ae560aa,10/09/2016,Sep-16,9,2016,LAND-en ZEEZICHT,Minor Dam,451,4.93,292,64.75
6bc12a2b-65c1-41f2-af1a-c1f206eed7d9,11/09/2016,Sep-16,9,2016,LAND-en ZEEZICHT,Minor Dam,451,5,296,65.63
60023aee-64ed-4990-adcc-eab032e7375b,12/09/2016,Sep-16,9,2016,LAND-en ZEEZICHT,Minor Dam,451,5.02,297,65.85
ca8de197-7924-4238-869a-9bfe55087c76,13/09/2016,Sep-16,9,2016,LAND-en ZEEZICHT,Minor Dam,451,5.04,298,66.08
e965f525-12f8-45ad-9864-a05927f8f578,14/09/2016,Sep-16,9,2016,LAND-en ZEEZICHT,Minor Dam,451,5.06,299,66.3
f9a956b8-d5a7-4ed3-bab4-77c661ccf82b,15/09/2016,Sep-16,9,2016,LAND-en ZEEZICHT,Minor Dam,451,5.07,300,66.52
b3ad3065-235d-40b6-81c9-0c9a4f2d4ae6,16/09/2016,Sep-16,9,2016,LAND-en ZEEZICHT,Minor Dam,451,5.08,300,66.52
756937dd-7905-469f-930d-02282d1c8905,17/09/2016,Sep-16,9,2016,LAND-en ZEEZICHT,Minor Dam,451,5.11,302,66.96
902d22ab-324a-4625-892c-ab284094b12f,18/09/2016,Sep-16,9,2016,LAND-en ZEEZICHT,Minor Dam,451,5.24,310,68.74
40524ad5-ef5e-4a1d-9c3d-8c57b148868a,19/09/2016,Sep-16,9,2016,LAND-en ZEEZICHT,Minor Dam,451,5.26,311,68.96
2064c19a-7269-4d85-a7e1-ad924d20f400,20/09/2016,Sep-16,9,2016,LAND-en ZEEZICHT,Minor Dam,451,4.26,311,68.96
030660bb-3412-46f3-a230-93e147765750,21/09/2016,Sep-16,9,2016,LAND-en ZEEZICHT,Minor Dam,451,5.27,312,69.18
360f7b9b-dcdc-46eb-8c0c-a884b06b0ee6,22/09/2016,Sep-16,9,2016,LAND-en ZEEZICHT,Minor Dam,451,5.29,313,69.4
1f98891b-43d2-4644-9e40-050bff50ebfb,23/09/2016,Sep-16,9,2016,LAND-en ZEEZICHT,Minor Dam,451,5.3,314,69.62
c23a71b6-ca40-4684-ac86-f13704c6485d,24/09/2016,Sep-16,9,2016,LAND-en ZEEZICHT,Minor Dam,451,5.32,315,69.84
844b2a62-7b86-46b0-9ff0-229ce21248cb,25/09/2016,Sep-16,9,2016,LAND-en ZEEZICHT,Minor Dam,451,5.35,316,70.07
4b73afeb-6442-4001-985c-fd44f78e0703,26/09/2016,Sep-16,9,2016,LAND-en ZEEZICHT,Minor Dam,451,5.37,317,70.29
ce0bf05d-46aa-4ef0-aabf-096153c13c51,27/09/2016,Sep-16,9,2016,LAND-en ZEEZICHT,Minor Dam,451,5.4,319,70.73
85229ecf-56dd-4854-8399-d3e8c3454ec3,28/09/2016,Sep-16,9,2016,LAND-en ZEEZICHT,Minor Dam,451,5.44,322,71.4
26aa4fca-c8e9-4d31-9011-7a5627670b10,29/09/2016,Sep-16,9,2016,LAND-en ZEEZICHT,Minor Dam,451,5.47,324,71.84
e904c7b5-1d0d-4565-b358-fb27037ab077,30/09/2016,Sep-16,9,2016,LAND-en ZEEZICHT,Minor Dam,451,5.48,324,71.84
cccbf665-8059-467e-b48e-6b6ee5ca006f,01/10/2016,Oct-16,10,2016,LAND-en ZEEZICHT,Minor Dam,451,5.48,324,71.84
1f0b6e10-39be-426b-b9c1-d515d411ad60,02/10/2016,Oct-16,10,2016,LAND-en ZEEZICHT,Minor Dam,451,5.48,324,71.84
297d6636-ce1a-4964-8ab0-8146e2abc964,03/10/2016,Oct-16,10,2016,LAND-en ZEEZICHT,Minor Dam,451,5.49,325,72.06
ee9e7043-c1dd-4597-8ad9-cde3450c540b,04/10/2016,Oct-16,10,2016,LAND-en ZEEZICHT,Minor Dam,451,5.49,325,72.06
6d001fe5-6d1d-42b0-80c4-3143b1ee8f8f,05/10/2016,Oct-16,10,2016,LAND-en ZEEZICHT,Minor Dam,451,5.5,325,72.06
8997c4e6-b1e8-4b25-90b6-c91044e278ea,06/10/2016,Oct-16,10,2016,LAND-en ZEEZICHT,Minor Dam,451,5.51,326,72.28
8dd91a31-5856-451b-9b76-93252350e26b,07/10/2016,Oct-16,10,2016,LAND-en ZEEZICHT,Minor Dam,451,5.52,326,72.28
32131f8d-9238-4587-a34d-7f21cfb2ade9,08/10/2016,Oct-16,10,2016,LAND-en ZEEZICHT,Minor Dam,451,5.52,326,72.28
37352b8b-f5fb-472b-9b2d-fdf68738b372,09/10/2016,Oct-16,10,2016,LAND-en ZEEZICHT,Minor Dam,451,5.54,328,72.73
a56fca62-cd98-4b0a-b21a-12b283ec6e01,10/10/2016,Oct-16,10,2016,LAND-en ZEEZICHT,Minor Dam,451,5.54,328,72.73
ba479dca-0d35-4b38-8d78-a183dfa3f17d,11/10/2016,Oct-16,10,2016,LAND-en ZEEZICHT,Minor Dam,451,5.55,328,72.73
09e5d848-b344-4e98-aee1-2986f0fa95fa,12/10/2016,Oct-16,10,2016,LAND-en ZEEZICHT,Minor Dam,451,5.55,328,72.73
6937fd9d-897f-4400-9bdf-df47a8fe3d24,13/10/2016,Oct-16,10,2016,LAND-en ZEEZICHT,Minor Dam,451,5.55,328,72.73
8ed5bd13-bee4-43cf-85c3-823bd6bc2481,14/10/2016,Oct-16,10,2016,LAND-en ZEEZICHT,Minor Dam,451,5.54,328,72.73
0f361434-1f94-4968-b713-06719a7f55ee,15/10/2016,Oct-16,10,2016,LAND-en ZEEZICHT,Minor Dam,451,5.54,328,72.73
a42d568e-ed02-4a69-8af2-9024d13a5f27,16/10/2016,Oct-16,10,2016,LAND-en ZEEZICHT,Minor Dam,451,5.55,328,72.73
c7575ca3-4d05-453d-ae4a-524b153aec62,17/10/2016,Oct-16,10,2016,LAND-en ZEEZICHT,Minor Dam,451,5.62,332,73.61
3ddaa69a-7b40-4a0d-b006-3405424b7e66,18/10/2016,Oct-16,10,2016,LAND-en ZEEZICHT,Minor Dam,451,5.64,334,74.06
e7667e0c-6acc-4ee9-bbcc-aa1ba0f0aa4b,19/10/2016,Oct-16,10,2016,LAND-en ZEEZICHT,Minor Dam,451,5.65,334,74.06
c1cafb91-d4f8-451a-87c7-796f82b1c3a3,20/10/2016,Oct-16,10,2016,LAND-en ZEEZICHT,Minor Dam,451,5.65,334,74.06
299d5af4-b578-4f31-899d-a2fc90f8aca0,21/10/2016,Oct-16,10,2016,LAND-en ZEEZICHT,Minor Dam,451,5.64,334,74.06
7db7ea05-c7c8-47e6-be69-06928a7bfca8,22/10/2016,Oct-16,10,2016,LAND-en ZEEZICHT,Minor Dam,451,5.66,335,74.28
0e2d0ffc-95a3-4454-bbd5-7d1d136de669,23/10/2016,Oct-16,10,2016,LAND-en ZEEZICHT,Minor Dam,451,5.67,335,74.28
5d7e99f6-5ebf-4e10-b4a7-63e63c49d0c3,24/10/2016,Oct-16,10,2016,LAND-en ZEEZICHT,Minor Dam,451,5.67,335,74.28
a966c105-9477-442d-8318-535caac1c5a0,25/10/2016,Oct-16,10,2016,LAND-en ZEEZICHT,Minor Dam,451,5.69,337,74.72
e2e80e5c-9441-4484-b5d2-60d60d899199,26/10/2016,Oct-16,10,2016,LAND-en ZEEZICHT,Minor Dam,451,5.7,337,74.72
24419f91-a8b2-4608-9969-c58ba9a15da7,27/10/2016,Oct-16,10,2016,LAND-en ZEEZICHT,Minor Dam,451,5.71,338,74.94
52fdd356-4993-4622-8fc4-5f4b93e8e74f,28/10/2016,Oct-16,10,2016,LAND-en ZEEZICHT,Minor Dam,451,5.73,339,75.17
14de828b-28c1-4e24-a593-c4d4bb08e04b,29/10/2016,Oct-16,10,2016,LAND-en ZEEZICHT,Minor Dam,451,5.75,340,75.39
50cb9c88-8297-4ffe-88c8-9f4100289d50,30/10/2016,Oct-16,10,2016,LAND-en ZEEZICHT,Minor Dam,451,5.78,342,75.83
e4c76fab-b799-4d40-b666-c2338cd84472,31/10/2016,Oct-16,10,2016,LAND-en ZEEZICHT,Minor Dam,451,5.78,342,75.83
ebec3eea-6bac-481d-b842-0cc2df7c0798,01/11/2016,Nov-16,11,2016,LAND-en ZEEZICHT,Minor Dam,451,5.79,342,75.83
a1346f49-91d0-40c0-83b5-dd0c482e29ab,02/11/2016,Nov-16,11,2016,LAND-en ZEEZICHT,Minor Dam,451,5.81,344,76.27
9d37a90b-bb3a-4839-a243-01705058deb0,03/11/2016,Nov-16,11,2016,LAND-en ZEEZICHT,Minor Dam,451,5.81,344,76.27
77e2a992-ac3c-4fd1-9eb6-04bc40dfd99a,04/11/2016,Nov-16,11,2016,LAND-en ZEEZICHT,Minor Dam,451,5.83,345,76.5
092bec11-10f7-4da0-ae9a-7063ebc01a11,05/11/2016,Nov-16,11,2016,LAND-en ZEEZICHT,Minor Dam,451,5.84,345,76.5
94699e91-f138-4245-802c-1846b24dc2e2,06/11/2016,Nov-16,11,2016,LAND-en ZEEZICHT,Minor Dam,451,5.86,347,76.94
8e748140-5b3f-430e-b16a-273b5745e076,07/11/2016,Nov-16,11,2016,LAND-en ZEEZICHT,Minor Dam,451,5.87,347,76.94
f81b5786-3c98-4837-8f8e-983fa5237852,08/11/2016,Nov-16,11,2016,LAND-en ZEEZICHT,Minor Dam,451,5.88,348,77.16
55cb42fe-1579-4232-a3ce-ac4efe524410,09/11/2016,Nov-16,11,2016,LAND-en ZEEZICHT,Minor Dam,451,5.88,348,77.16
55a27db0-d0ab-4552-8e4a-937a15aa2290,10/11/2016,Nov-16,11,2016,LAND-en ZEEZICHT,Minor Dam,451,5.89,348,77.16
9a28c1bb-df9a-4c6a-ac33-918d0ef85e00,11/11/2016,Nov-16,11,2016,LAND-en ZEEZICHT,Minor Dam,451,5.9,349,77.38
96ac9219-f602-4437-ab20-8dfa1a066df2,12/11/2016,Nov-16,11,2016,LAND-en ZEEZICHT,Minor Dam,451,5.92,350,77.61
24941004-1178-42b9-b09c-dae571e8b4ae,13/11/2016,Nov-16,11,2016,LAND-en ZEEZICHT,Minor Dam,451,5.96,352,78.05
15f89264-b7a6-4a66-a241-cf976fb6d436,14/11/2016,Nov-16,11,2016,LAND-en ZEEZICHT,Minor Dam,451,5.95,352,78.05
c39bcdcc-3f69-4dd1-a969-7470a4789969,15/11/2016,Nov-16,11,2016,LAND-en ZEEZICHT,Minor Dam,451,5.96,352,78.05
2761fec2-774c-4ab6-8b43-8f542b35ddf6,16/11/2016,Nov-16,11,2016,LAND-en ZEEZICHT,Minor Dam,451,5.98,354,78.49
8a4ab3cb-48fc-4992-8f13-14beda4b758c,17/11/2016,Nov-16,11,2016,LAND-en ZEEZICHT,Minor Dam,451,5.99,354,78.49
5ab24697-1071-487a-a373-992b0ce6a1e4,18/11/2016,Nov-16,11,2016,LAND-en ZEEZICHT,Minor Dam,451,6,355,78.71
ef4d34b4-f3b4-41df-a4b8-9aac6d50632d,19/11/2016,Nov-16,11,2016,LAND-en ZEEZICHT,Minor Dam,451,6.02,356,78.94
02d12d2f-c67d-4dd5-be1a-b237e4d32efe,20/11/2016,Nov-16,11,2016,LAND-en ZEEZICHT,Minor Dam,451,6.03,357,79.16
cc3085a4-dbf2-4c86-8827-23e7284d7ecb,21/11/2016,Nov-16,11,2016,LAND-en ZEEZICHT,Minor Dam,451,6.04,357,79.16
fcb55409-40d1-46aa-b230-cb3bdd384bb3,22/11/2016,Nov-16,11,2016,LAND-en ZEEZICHT,Minor Dam,451,6.06,358,79.38
53779154-b976-48b8-b3a9-15a3f70c8b95,23/11/2016,Nov-16,11,2016,LAND-en ZEEZICHT,Minor Dam,451,6.07,359,79.6
77324a37-b03e-4fbc-a3cc-0c0cd9a961ca,24/11/2016,Nov-16,11,2016,LAND-en ZEEZICHT,Minor Dam,451,6.09,360,79.82
46cbc924-ebd1-425f-ad1b-052aae1fc945,25/11/2016,Nov-16,11,2016,LAND-en ZEEZICHT,Minor Dam,451,6.11,361,80.04
c192e9ef-3860-468d-9dca-f167f5ec4202,26/11/2016,Nov-16,11,2016,LAND-en ZEEZICHT,Minor Dam,451,6.12,362,80.27
d2de7f8c-bc46-42ed-b887-09a736782b96,27/11/2016,Nov-16,11,2016,LAND-en ZEEZICHT,Minor Dam,451,6.13,363,80.49
dbf64615-d66c-4063-a507-961411985695,28/11/2016,Nov-16,11,2016,LAND-en ZEEZICHT,Minor Dam,451,6.14,363,80.49
11ccf3f1-8f3c-488b-9884-4efdf2486700,29/11/2016,Nov-16,11,2016,LAND-en ZEEZICHT,Minor Dam,451,6.15,364,80.71
606dbbe3-be88-475d-9dec-7fca41cabc34,30/11/2016,Nov-16,11,2016,LAND-en ZEEZICHT,Minor Dam,451,6.16,364,80.71
3a3de58f-a7b8-4285-b0b1-9ccc06c8a5eb,01/12/2016,Dec-16,12,2016,LAND-en ZEEZICHT,Minor Dam,451,6.17,365,80.93
0801e0de-6676-41dd-a3e9-0b7ff17429d8,02/12/2016,Dec-16,12,2016,LAND-en ZEEZICHT,Minor Dam,451,6.19,366,81.15
8ef59f8f-8c2f-4f19-af15-4ff03113919e,03/12/2016,Dec-16,12,2016,LAND-en ZEEZICHT,Minor Dam,451,6.2,367,81.37
f8a1c127-5bfd-49e6-8de9-2648659dc5d1,04/12/2016,Dec-16,12,2016,LAND-en ZEEZICHT,Minor Dam,451,6.22,368,81.6
0765bc01-f4b8-4423-a500-dd87e4003b22,05/12/2016,Dec-16,12,2016,LAND-en ZEEZICHT,Minor Dam,451,6.23,368,81.6
a2774087-8aad-4207-986e-3bae636e3571,06/12/2016,Dec-16,12,2016,LAND-en ZEEZICHT,Minor Dam,451,6.23,368,81.6
af368e49-bc5d-411c-ba61-a84e76c8aac0,07/12/2016,Dec-16,12,2016,LAND-en ZEEZICHT,Minor Dam,451,6.24,369,81.82
0f798362-0742-4c99-a5d6-dada320417db,08/12/2016,Dec-16,12,2016,LAND-en ZEEZICHT,Minor Dam,451,6.23,368,81.6
7e63e395-2fe6-4772-8789-293c6e300e36,09/12/2016,Dec-16,12,2016,LAND-en ZEEZICHT,Minor Dam,451,6.24,369,81.82
6ea6829e-534b-4d8c-89f4-3d60312d4dad,10/12/2016,Dec-16,12,2016,LAND-en ZEEZICHT,Minor Dam,451,6.25,370,82.04
3c1f375f-54a4-4275-8e84-bcb72ab49d8f,11/12/2016,Dec-16,12,2016,LAND-en ZEEZICHT,Minor Dam,451,6.25,370,82.04
227dd7e1-2389-41ff-b466-dcc588842840,12/12/2016,Dec-16,12,2016,LAND-en ZEEZICHT,Minor Dam,451,6.25,370,82.04
6369f4e1-f623-44e7-b3ed-f4ff7e85e954,13/12/2016,Dec-16,12,2016,LAND-en ZEEZICHT,Minor Dam,451,6.25,370,82.04
aa953e10-8344-45ca-9a16-45b66a4e1be6,14/12/2016,Dec-16,12,2016,LAND-en ZEEZICHT,Minor Dam,451,6.25,370,82.04
620132cd-2c5b-4c9c-8a21-6a1d27d7bc4c,15/12/2016,Dec-16,12,2016,LAND-en ZEEZICHT,Minor Dam,451,6.3,373,82.71
b84f7a9a-62be-478f-8350-6b6ca2348d34,16/12/2016,Dec-16,12,2016,LAND-en ZEEZICHT,Minor Dam,451,6.33,374,82.93
bab5781d-4657-473b-88e0-d09c3683905d,17/12/2016,Dec-16,12,2016,LAND-en ZEEZICHT,Minor Dam,451,6.45,381,84.48
790b78bd-3e3b-4519-b3e1-9e81b31889f8,18/12/2016,Dec-16,12,2016,LAND-en ZEEZICHT,Minor Dam,451,6.5,384,85.14
70c4d036-bc19-4119-a2bb-0d8499fddf82,19/12/2016,Dec-16,12,2016,LAND-en ZEEZICHT,Minor Dam,451,6.51,385,85.37
f6971157-5266-4cf2-beca-2165d542389e,20/12/2016,Dec-16,12,2016,LAND-en ZEEZICHT,Minor Dam,451,6.53,386,85.59
3be34eee-a3ec-4633-9201-d97c0abe5f0d,21/12/2016,Dec-16,12,2016,LAND-en ZEEZICHT,Minor Dam,451,6.54,387,85.81
fd0de5f0-1100-44ee-8d0d-9e68c3f0e7d9,22/12/2016,Dec-16,12,2016,LAND-en ZEEZICHT,Minor Dam,451,6.55,387,85.81
3928f2f1-3329-4ba2-a99d-0e0a4557d7d6,23/12/2016,Dec-16,12,2016,LAND-en ZEEZICHT,Minor Dam,451,6.57,394,87.36
e15f6a66-ebef-424f-a383-b84428e0b59f,24/12/2016,Dec-16,12,2016,LAND-en ZEEZICHT,Minor Dam,451,6.58,389,86.25
bf21141a-5ea9-413e-ac93-f1b856a5d89c,25/12/2016,Dec-16,12,2016,LAND-en ZEEZICHT,Minor Dam,451,6.6,390,86.47
c95c6cc1-5f9b-4eef-810f-caaaa27c7092,26/12/2016,Dec-16,12,2016,LAND-en ZEEZICHT,Minor Dam,451,6.61,391,86.7
4dc7849e-7aff-4f2f-a4d2-35631e3c81b4,27/12/2016,Dec-16,12,2016,LAND-en ZEEZICHT,Minor Dam,451,6.63,392,86.92
c76f9a4d-0671-469e-ab6b-c3236f299572,28/12/2016,Dec-16,12,2016,LAND-en ZEEZICHT,Minor Dam,451,6.64,393,87.14
715ddc92-5d67-4977-a595-1f3fa7e8faf9,29/12/2016,Dec-16,12,2016,LAND-en ZEEZICHT,Minor Dam,451,6.65,393,87.14
33bfa44f-9db7-4d3f-a46d-c5fbd61c31f3,30/12/2016,Dec-16,12,2016,LAND-en ZEEZICHT,Minor Dam,451,6.67,394,87.36
1b27e69b-875f-49b5-8b7e-4f8c6594c5a7,31/12/2016,Dec-16,12,2016,LAND-en ZEEZICHT,Minor Dam,451,6.69,396,87.8
ca1ebe2e-93b1-4188-8787-9969180c4c99,01/01/2017,Jan-17,1,2017,LAND-en ZEEZICHT,Minor Dam,451,6.71,397,88.03
6148bf46-4f81-45a6-8402-853d8b8f14b6,02/01/2017,Jan-17,1,2017,LAND-en ZEEZICHT,Minor Dam,451,6.73,398,88.25
97dc7e3c-521c-4ee9-b2f7-8b956b316ac9,03/01/2017,Jan-17,1,2017,LAND-en ZEEZICHT,Minor Dam,451,6.74,399,88.47
85e42077-d7ff-4df5-8050-506478772e9c,04/01/2017,Jan-17,1,2017,LAND-en ZEEZICHT,Minor Dam,451,6.75,399,88.47
a8eb4510-4e80-47f8-8dc3-363e54b89d19,05/01/2017,Jan-17,1,2017,LAND-en ZEEZICHT,Minor Dam,451,6.75,399,88.47
aecf4823-ab51-4a63-bd73-11f6f0d253ff,06/01/2017,Jan-17,1,2017,LAND-en ZEEZICHT,Minor Dam,451,6.76,400,88.69
3618a08e-dafd-4871-a58e-a51c886a04fd,07/01/2017,Jan-17,1,2017,LAND-en ZEEZICHT,Minor Dam,451,6.77,400,88.69
2445eaae-c2ee-4e2a-86e7-0260985e945d,08/01/2017,Jan-17,1,2017,LAND-en ZEEZICHT,Minor Dam,451,6.75,399,88.47
d66f356e-1df2-4088-a3d0-ce985f9c286a,09/01/2017,Jan-17,1,2017,LAND-en ZEEZICHT,Minor Dam,451,6.71,397,88.03
b8bf6a47-f439-4e45-887e-524b2be0e02e,10/01/2017,Jan-17,1,2017,LAND-en ZEEZICHT,Minor Dam,451,6.73,398,88.25
ae53da99-b6a0-4daf-b0c4-9f12e54a2d33,11/01/2017,Jan-17,1,2017,LAND-en ZEEZICHT,Minor Dam,451,6.74,399,88.47
9c34dd68-0092-4e1e-a190-2a45a640e8b6,12/01/2017,Jan-17,1,2017,LAND-en ZEEZICHT,Minor Dam,451,6.74,399,88.47
3b13ed4f-9fdc-4fac-af10-56bf178f347a,13/01/2017,Jan-17,1,2017,LAND-en ZEEZICHT,Minor Dam,451,6.77,400,88.69
73e91ee0-5994-4c12-9fb4-abab8622a916,14/01/2017,Jan-17,1,2017,LAND-en ZEEZICHT,Minor Dam,451,6.78,401,88.91
15b62b47-ecee-4d85-a313-3443dc2d4fe3,15/01/2017,Jan-17,1,2017,LAND-en ZEEZICHT,Minor Dam,451,6.79,402,89.14
218635b7-7250-4a9b-a92b-8e20fe9b0710,16/01/2017,Jan-17,1,2017,LAND-en ZEEZICHT,Minor Dam,451,6.8,402,89.14
e07c0cf3-6b69-426a-95c2-674cfdff8a7e,17/01/2017,Jan-17,1,2017,LAND-en ZEEZICHT,Minor Dam,451,6.82,403,89.36
714d0002-e092-4ce5-a000-fe49a6d1b66e,18/01/2017,Jan-17,1,2017,LAND-en ZEEZICHT,Minor Dam,451,6.83,404,89.58
e9b30802-8c8c-4a53-9444-7d5d363f72b7,19/01/2017,Jan-17,1,2017,LAND-en ZEEZICHT,Minor Dam,451,6.8,402,89.14
a6a768fe-5358-46e0-82e1-cd8ac12e4ae6,20/01/2017,Jan-17,1,2017,LAND-en ZEEZICHT,Minor Dam,451,6.81,403,89.36
fb7032b6-753b-4d45-af27-4c8043604786,21/01/2017,Jan-17,1,2017,LAND-en ZEEZICHT,Minor Dam,451,6.81,403,89.36
741fc918-bb0e-4464-9908-00397095d7c8,22/01/2017,Jan-17,1,2017,LAND-en ZEEZICHT,Minor Dam,451,6.8,402,89.14
a6e3882a-f83b-4408-9e3a-6dfd5932828e,23/01/2017,Jan-17,1,2017,LAND-en ZEEZICHT,Minor Dam,451,6.82,403,89.36
d4b84263-fd92-4409-b345-f77f749c91c7,24/01/2017,Jan-17,1,2017,LAND-en ZEEZICHT,Minor Dam,451,6.84,405,89.8
393a4bd0-b197-4a66-8096-a4e62c9b1464,25/01/2017,Jan-17,1,2017,LAND-en ZEEZICHT,Minor Dam,451,6.86,406,90.02
55563c16-46b7-4db7-b481-895a935c6eca,26/01/2017,Jan-17,1,2017,LAND-en ZEEZICHT,Minor Dam,451,6.87,406,90.02
318dc0fb-fa69-4e7e-845c-47b1248ba4ae,27/01/2017,Jan-17,1,2017,LAND-en ZEEZICHT,Minor Dam,451,6.89,407,90.24
2fe85d18-8168-4104-8049-711bbea406d7,28/01/2017,Jan-17,1,2017,LAND-en ZEEZICHT,Minor Dam,451,6.88,407,90.24
c6293528-c7b3-4c71-b677-a8df17525568,29/01/2017,Jan-17,1,2017,LAND-en ZEEZICHT,Minor Dam,451,6.89,407,90.24
79fdeabf-2661-420f-b855-10cf051dcd9d,30/01/2017,Jan-17,1,2017,LAND-en ZEEZICHT,Minor Dam,451,6.88,407,90.24
6379b3d8-0f85-466c-a126-806e7e02508e,31/01/2017,Jan-17,1,2017,LAND-en ZEEZICHT,Minor Dam,451,6.87,406,90.02
5b5a097f-1ed9-4018-85d1-265b469af758,01/02/2017,Feb-17,2,2017,LAND-en ZEEZICHT,Minor Dam,451,6.87,406,90.02
1cd61741-9568-4df1-9a35-1ddb0b63ae0d,02/02/2017,Feb-17,2,2017,LAND-en ZEEZICHT,Minor Dam,451,6.87,406,90.02
e7cffc5a-5474-42b3-a85d-a70b07c7b45e,03/02/2017,Feb-17,2,2017,LAND-en ZEEZICHT,Minor Dam,451,6.86,405.725,89.96
4963be18-4943-47a1-9bb2-e16151e7b393,04/02/2017,Feb-17,2,2017,LAND-en ZEEZICHT,Minor Dam,451,6.86,405.725,89.96
a1f4579c-e048-4174-87b8-8bf08ea8ac95,05/02/2017,Feb-17,2,2017,LAND-en ZEEZICHT,Minor Dam,451,6.85,405.133,89.83
fcf1c252-4ad7-4df8-890b-2579c881b4f8,06/02/2017,Feb-17,2,2017,LAND-en ZEEZICHT,Minor Dam,451,6.84,404.542,89.7
8603c2c4-7dfa-4ac8-b9e6-054ee6409435,07/02/2017,Feb-17,2,2017,LAND-en ZEEZICHT,Minor Dam,451,6.84,404.542,89.7
b8c6a6cc-4c35-4d94-a46f-324701bfe533,08/02/2017,Feb-17,2,2017,LAND-en ZEEZICHT,Minor Dam,451,6.83,403.95,89.57
9fe7ca43-5cc0-4375-9ed9-f890354dc05c,09/02/2017,Feb-17,2,2017,LAND-en ZEEZICHT,Minor Dam,451,6.83,403.95,89.57
6c7aca5a-d80e-4bcf-b154-365bd84934ce,10/02/2017,Feb-17,2,2017,LAND-en ZEEZICHT,Minor Dam,451,6.77,400.402,88.78
9002f6df-ecb6-4ab9-b0a6-6a9d760758a6,11/02/2017,Feb-17,2,2017,LAND-en ZEEZICHT,Minor Dam,451,6.75,399.219,88.52
c63acc00-b255-48c2-b979-f34797157f93,12/02/2017,Feb-17,2,2017,LAND-en ZEEZICHT,Minor Dam,451,6.76,399.81,88.65
d526bc10-1bb0-470f-bf4d-fca0bc5de8fa,13/02/2017,Feb-17,2,2017,LAND-en ZEEZICHT,Minor Dam,451,6.77,400.402,88.78
c07d39f5-7ddc-43cd-899c-dbc8e471fae3,14/02/2017,Feb-17,2,2017,LAND-en ZEEZICHT,Minor Dam,451,6.77,400.402,88.78
bae452cf-ca73-46f5-977b-d3fa1b4315cd,15/02/2017,Feb-17,2,2017,LAND-en ZEEZICHT,Minor Dam,451,6.75,399.219,88.52
69c56deb-3939-4ccc-8af3-b536cf2e19a4,16/02/2017,Feb-17,2,2017,LAND-en ZEEZICHT,Minor Dam,451,6.75,399.219,88.52
6f6f672c-b836-40ee-a23e-3adbb00d8fcf,17/02/2017,Feb-17,2,2017,LAND-en ZEEZICHT,Minor Dam,451,6.74,398.628,88.39
c461c328-0406-4fac-a30c-5aafcd22be24,18/02/2017,Feb-17,2,2017,LAND-en ZEEZICHT,Minor Dam,451,6.74,398.628,88.39
fbc99c10-6382-4e77-993f-e75a145f31c0,19/02/2017,Feb-17,2,2017,LAND-en ZEEZICHT,Minor Dam,451,6.75,399.219,88.52
cbd5a532-d109-46e8-bd2b-3e177392964a,20/02/2017,Feb-17,2,2017,LAND-en ZEEZICHT,Minor Dam,451,6.76,399.81,88.65
355f90a3-7276-42c1-8306-63301ae937ba,21/02/2017,Feb-17,2,2017,LAND-en ZEEZICHT,Minor Dam,451,6.78,400.993,88.91
2a3f2ad4-4f44-4f88-9dc5-d3de027cc6f5,22/02/2017,Feb-17,2,2017,LAND-en ZEEZICHT,Minor Dam,451,0,,
cf35e417-4da1-4760-b488-966256dcb73b,23/02/2017,Feb-17,2,2017,LAND-en ZEEZICHT,Minor Dam,451,6.8,402.176,89.17
362a6fd5-d311-412b-a241-5aabf0d812bf,24/02/2017,Feb-17,2,2017,LAND-en ZEEZICHT,Minor Dam,451,6.79,401.585,89.04
3de16d07-0407-421c-b1b7-5a5ee9347f8b,25/02/2017,Feb-17,2,2017,LAND-en ZEEZICHT,Minor Dam,451,6.79,401.585,89.04
fea1cdf4-36a3-4763-8d31-ac963c927b87,26/02/2017,Feb-17,2,2017,LAND-en ZEEZICHT,Minor Dam,451,6.78,400.993,88.91
8648ca45-8bff-4ee6-ad38-8d429c33afcc,27/02/2017,Feb-17,2,2017,LAND-en ZEEZICHT,Minor Dam,451,6.79,401.585,89.04
6a5d0628-de4a-4c5b-a443-8dc91bb14cab,28/02/2017,Feb-17,2,2017,LAND-en ZEEZICHT,Minor Dam,451,6.77,400.402,88.78
f34d1416-74dc-437c-b868-153d1b73f111,01/03/2017,Mar-17,3,2017,LAND-en ZEEZICHT,Minor Dam,451,6.75,399.219,88.52
455b4380-e35c-4aa2-98f1-30e15ad493b1,02/03/2017,Mar-17,3,2017,LAND-en ZEEZICHT,Minor Dam,451,6.73,398,88.25
d82bb909-5343-4591-bad8-f23661282917,03/03/2017,Mar-17,3,2017,LAND-en ZEEZICHT,Minor Dam,451,6.71,396.853,87.99
cfa1c071-afe5-40c6-b62c-7fbc4c8f9594,04/03/2017,Mar-17,3,2017,LAND-en ZEEZICHT,Minor Dam,451,6.7,396.262,87.86
9e4211c7-c93a-4cf8-9bc3-d53aca91f147,05/03/2017,Mar-17,3,2017,LAND-en ZEEZICHT,Minor Dam,451,6.7,296.262,65.69
fac41ee0-201c-44a6-9296-2aa673e47d35,06/03/2017,Mar-17,3,2017,LAND-en ZEEZICHT,Minor Dam,451,6.73,398.036,88.26
be49bf62-97a8-463f-afd9-576ed47c3ba6,07/03/2017,Mar-17,3,2017,LAND-en ZEEZICHT,Minor Dam,451,6.74,398.628,88.39
413d2cf1-9856-4c55-947f-d488b0a1c954,08/03/2017,Mar-17,3,2017,LAND-en ZEEZICHT,Minor Dam,451,6.74,398.628,88.39
8a9d6a0b-76a2-499b-9709-5fd73651b7de,09/03/2017,Mar-17,3,2017,LAND-en ZEEZICHT,Minor Dam,451,6.73,398.036,88.26
df658bed-9a0d-4a7d-a636-c8891f3dcfe1,10/03/2017,Mar-17,3,2017,LAND-en ZEEZICHT,Minor Dam,451,6.73,398.036,88.26
93edeafd-bfa2-4763-b11b-f80e08fab3ad,11/03/2017,Mar-17,3,2017,LAND-en ZEEZICHT,Minor Dam,451,6.74,398.628,88.39
8758bd66-0042-473b-aeb9-a8e4729255f1,12/03/2017,Mar-17,3,2017,LAND-en ZEEZICHT,Minor Dam,451,6.74,398.628,88.39
9ce3b1ca-e3a7-4afa-b862-983595b66822,13/03/2017,Mar-17,3,2017,LAND-en ZEEZICHT,Minor Dam,451,6.73,398.036,88.26
314c5406-a413-4fba-993c-234e16f99f2c,14/03/2017,Mar-17,3,2017,LAND-en ZEEZICHT,Minor Dam,451,6.71,396.853,87.99
dd358ab6-a1ce-4a2d-a70d-51889a7a7543,15/03/2017,Mar-17,3,2017,LAND-en ZEEZICHT,Minor Dam,451,6.68,395.079,87.6
8126e62a-da1a-4e1c-8e67-376ec8a886ce,16/03/2017,Mar-17,3,2017,LAND-en ZEEZICHT,Minor Dam,451,6.66,393.896,87.34
fde2f552-9b86-4fc2-b438-5b9158736157,17/03/2017,Mar-17,3,2017,LAND-en ZEEZICHT,Minor Dam,451,6.64,392.713,87.08
bd3275e2-944e-4521-817b-7ef37746d6a6,18/03/2017,Mar-17,3,2017,LAND-en ZEEZICHT,Minor Dam,451,6.61,390.939,86.68
49b04718-9ce2-4975-b98d-1b30ce7509e1,19/03/2017,Mar-17,3,2017,LAND-en ZEEZICHT,Minor Dam,451,6.58,389.165,86.29
682a37a2-c09b-4931-8ad4-86fcbf074227,20/03/2017,Mar-17,3,2017,LAND-en ZEEZICHT,Minor Dam,451,6.55,387.39,85.9
fdf3d11a-ed7e-48eb-8ed7-9d1312f826e8,21/03/2017,Mar-17,3,2017,LAND-en ZEEZICHT,Minor Dam,451,6.45,381.476,84.58
c19cde31-4828-4cb5-979c-0f09aa633b1a,22/03/2017,Mar-17,3,2017,LAND-en ZEEZICHT,Minor Dam,451,6.43,380.293,84.32
33ee1acf-f734-4395-85f7-c386179d7704,23/03/2017,Mar-17,3,2017,LAND-en ZEEZICHT,Minor Dam,451,6.43,380.293,84.32
af1058b8-9809-44d2-85cf-f20a9c65a5ef,24/03/2017,Mar-17,3,2017,LAND-en ZEEZICHT,Minor Dam,451,6.44,380.884,84.45
792a8101-4240-44da-bfcf-f15dfd14ca21,25/03/2017,Mar-17,3,2017,LAND-en ZEEZICHT,Minor Dam,451,6.44,380.884,84.45
3dfcbc17-940b-4efe-b5c6-4222e8e35863,26/03/2017,Mar-17,3,2017,LAND-en ZEEZICHT,Minor Dam,451,6.45,381.476,84.58
661c9113-0fab-4d25-aabf-2f0b651e342f,27/03/2017,Mar-17,3,2017,LAND-en ZEEZICHT,Minor Dam,451,6.45,381.476,84.58
87540b4e-25a3-4225-a41b-9daad11e476c,28/03/2017,Mar-17,3,2017,LAND-en ZEEZICHT,Minor Dam,451,6.46,382.067,84.72
f9da61e4-f21c-43bc-8f67-d276fdefa7ea,29/03/2017,Mar-17,3,2017,LAND-en ZEEZICHT,Minor Dam,451,6.47,382.659,84.85
f28bb381-1097-49ff-ab9e-398c9bfb2d46,30/03/2017,Mar-17,3,2017,LAND-en ZEEZICHT,Minor Dam,451,6.47,382.659,84.85
ac1f066d-8493-437e-9417-6229dad238ea,31/03/2017,Mar-17,3,2017,LAND-en ZEEZICHT,Minor Dam,451,6.48,383.25,84.98
72d88e71-cb3b-409b-96a8-ab041d6d4eb6,01/04/2017,Apr-17,4,2017,LAND-en ZEEZICHT,Minor Dam,451,6.47,382.659,84.85
dd39918a-721a-4b27-aa80-4fdda2450400,02/04/2017,Apr-17,4,2017,LAND-en ZEEZICHT,Minor Dam,451,6.48,383.25,84.98
1c13e4a0-80f7-4d8d-86d6-23cf6bb70019,03/04/2017,Apr-17,4,2017,LAND-en ZEEZICHT,Minor Dam,451,6.47,383.25,84.98
be301e5a-1a8b-4d17-8dd3-ff848bd38ac3,04/04/2017,Apr-17,4,2017,LAND-en ZEEZICHT,Minor Dam,451,6.5,384.433,85.24
bfb6f4e6-0b35-4c8d-80b4-4634613718fd,05/04/2017,Apr-17,4,2017,LAND-en ZEEZICHT,Minor Dam,451,6.5,384.433,85.24
34aa4bc6-ec4b-455f-b9fb-b7da95c0e68f,06/04/2017,Apr-17,4,2017,LAND-en ZEEZICHT,Minor Dam,451,6.5,384.433,85.24
0dfad9c2-e83a-4ec3-90ef-24cd59d9b26d,07/04/2017,Apr-17,4,2017,LAND-en ZEEZICHT,Minor Dam,451,6.5,384.433,85.24
1d3cdde7-c94c-4970-b35d-80d41ba9889f,08/04/2017,Apr-17,4,2017,LAND-en ZEEZICHT,Minor Dam,451,6.5,384.433,85.24
b6f91a1a-cd80-4477-ae9f-fb416aa3464e,09/04/2017,Apr-17,4,2017,LAND-en ZEEZICHT,Minor Dam,451,6.5,384.433,85.24
7822fc9c-31ab-44be-bf2c-d95a84e9f88b,10/04/2017,Apr-17,4,2017,LAND-en ZEEZICHT,Minor Dam,451,6.5,384.433,85.24
20a7f96e-72eb-4ef8-a1f1-d693013fa9a3,11/04/2017,Apr-17,4,2017,LAND-en ZEEZICHT,Minor Dam,451,6.45,381.476,84.58
4aa3e4c6-bf6e-48e7-b08f-2911494c4331,12/04/2017,Apr-17,4,2017,LAND-en ZEEZICHT,Minor Dam,451,6.45,381.476,84.58
48df992e-169e-44a2-a701-32faba31635d,13/04/2017,Apr-17,4,2017,LAND-en ZEEZICHT,Minor Dam,451,6.45,381.476,84.58
58f3dde4-af6d-4979-9061-f989d49de9d0,14/04/2017,Apr-17,4,2017,LAND-en ZEEZICHT,Minor Dam,451,6.43,380.293,84.32
3e300e08-585c-4b5c-9aed-d569f2e57761,15/04/2017,Apr-17,4,2017,LAND-en ZEEZICHT,Minor Dam,451,6.43,380.293,84.32
79966fef-4b0d-44b6-85b2-d8fddd2124c3,16/04/2017,Apr-17,4,2017,LAND-en ZEEZICHT,Minor Dam,451,6.43,380.293,84.32
1c947724-3ac4-4f2e-b5dd-ccbb4d66e48f,17/04/2017,Apr-17,4,2017,LAND-en ZEEZICHT,Minor Dam,451,6.4,378.519,83.93
cb7bddc3-88b3-4a1c-95bf-018440ab32bb,18/04/2017,Apr-17,4,2017,LAND-en ZEEZICHT,Minor Dam,451,6.4,378.519,83.93
3a053fd2-0a86-4b67-9262-71fccb8476ea,19/04/2017,Apr-17,4,2017,LAND-en ZEEZICHT,Minor Dam,451,6.35,375.562,83.27
4b697dfe-c89e-4748-b411-9f6477130e1a,20/04/2017,Apr-17,4,2017,LAND-en ZEEZICHT,Minor Dam,451,6.32,373.787,82.88
76e973c4-d898-4231-b357-54b987cad5e7,21/04/2017,Apr-17,4,2017,LAND-en ZEEZICHT,Minor Dam,451,6.29,372.013,82.49
5ae393b4-aa94-4b97-8f0f-3fa38c8de833,22/04/2017,Apr-17,4,2017,LAND-en ZEEZICHT,Minor Dam,451,6.26,370.239,82.09
7623992b-5754-495e-86fd-d08c886a1903,23/04/2017,Apr-17,4,2017,LAND-en ZEEZICHT,Minor Dam,451,6.24,369.056,81.83
6e1b34d6-8793-4f8f-8b20-994dcd941798,24/04/2017,Apr-17,4,2017,LAND-en ZEEZICHT,Minor Dam,451,6.2,366.69,81.31
eee9c864-ae6e-4c47-a5af-9b899435a754,25/04/2017,Apr-17,4,2017,LAND-en ZEEZICHT,Minor Dam,451,6.19,366.099,81.17
1c8c0041-02aa-43b2-a9a1-9fae951dc6a3,26/04/2017,Apr-17,4,2017,LAND-en ZEEZICHT,Minor Dam,451,6.22,367.873,81.57
bfed6f28-b7fb-46b6-ab76-9481d41c56d8,27/04/2017,Apr-17,4,2017,LAND-en ZEEZICHT,Minor Dam,451,6.15,363.733,80.65
f16ed2e8-b8ec-4b9f-80ff-b5c672133377,28/04/2017,Apr-17,4,2017,LAND-en ZEEZICHT,Minor Dam,451,6.13,362.55,80.39
4c55d263-53dd-4e48-a84f-4cfe92b2644e,29/04/2017,Apr-17,4,2017,LAND-en ZEEZICHT,Minor Dam,451,6.1,360.776,79.99
c1c505fe-6314-4210-8006-1541f6ca079c,30/04/2017,Apr-17,4,2017,LAND-en ZEEZICHT,Minor Dam,451,6.08,359.593,79.73
f1902f38-7003-4894-8ab7-e987e4dd2ede,01/05/2017,May-17,5,2017,LAND-en ZEEZICHT,Minor Dam,451,6.06,358.41,79.47
5366d4e8-adb8-4c4e-a763-8e2ef0a8d2b9,02/05/2017,May-17,5,2017,LAND-en ZEEZICHT,Minor Dam,451,6,354.861,78.68
5a4c263a-fc17-46c1-a14b-7034eff0770b,03/05/2017,May-17,5,2017,LAND-en ZEEZICHT,Minor Dam,451,5.98,353.678,78.42
2fc9da63-2f93-4904-948f-e88176f8dbff,04/05/2017,May-17,5,2017,LAND-en ZEEZICHT,Minor Dam,451,5.98,353.678,78.42
9c7a1250-92f4-4b66-b0a9-fe937e851f92,05/05/2017,May-17,5,2017,LAND-en ZEEZICHT,Minor Dam,451,5.96,352.496,78.16
d425a8cb-6c88-43da-aa94-81145ba20bb0,06/05/2017,May-17,5,2017,LAND-en ZEEZICHT,Minor Dam,451,5.96,352.496,78.16
cef7280a-29ba-4cb9-b16f-4567535be634,07/05/2017,May-17,5,2017,LAND-en ZEEZICHT,Minor Dam,451,5.94,351.313,77.9
0430de83-5099-4ceb-8d6c-90cb74eaf9d7,08/08/2017,Aug-17,8,2017,LAND-en ZEEZICHT,Minor Dam,451,0,,
74fcbf50-9764-4af9-baae-96bcde918bd4,09/05/2017,May-17,5,2017,LAND-en ZEEZICHT,Minor Dam,451,5.9,348.947,77.37
e6f18c12-1978-4dff-8a0b-8ef2791482a5,10/05/2017,May-17,5,2017,LAND-en ZEEZICHT,Minor Dam,451,5.87,347.173,76.98
fe7bb9ff-3a18-48e8-9dd7-cc95069f7159,11/05/2017,May-17,5,2017,LAND-en ZEEZICHT,Minor Dam,451,5.86,346.581,76.85
5fe3edf2-cab4-4e63-a72e-cbbbccd4be85,12/05/2017,May-17,5,2017,LAND-en ZEEZICHT,Minor Dam,451,5.84,345.398,76.58
6f4ab33c-5ad6-4cff-9931-8b2f11b4f306,13/05/2017,May-17,5,2017,LAND-en ZEEZICHT,Minor Dam,451,5.8,343.033,76.06
76a048e2-7550-40d6-9af5-4e8aca456ef3,14/05/2017,May-17,5,2017,LAND-en ZEEZICHT,Minor Dam,451,5.78,341.85,75.8
df2ad8bf-c0ee-45c0-9a09-d5bfcc910365,15/05/2017,May-17,5,2017,LAND-en ZEEZICHT,Minor Dam,451,5.72,338.301,75.01
b33d6ed1-44a6-43f1-ba73-17fa6c999494,16/05/2017,May-17,5,2017,LAND-en ZEEZICHT,Minor Dam,451,5.66,334.752,74.22
efec4168-b687-4187-bc25-f8c611eed94e,17/05/2017,May-17,5,2017,LAND-en ZEEZICHT,Minor Dam,451,5.6,331.204,73.44
1f09c88c-1e88-43ee-b8e6-e8d8a64966d4,18/05/2017,May-17,5,2017,LAND-en ZEEZICHT,Minor Dam,451,5.56,328.838,72.91
178d3a84-2f46-46e4-bbe4-69422942b2f3,19/05/2017,May-17,5,2017,LAND-en ZEEZICHT,Minor Dam,451,5.53,327.064,72.52
26700f60-e973-4d7f-bb2d-9a6641dd1459,20/05/2017,May-17,5,2017,LAND-en ZEEZICHT,Minor Dam,451,5.52,326.472,72.39
192867c1-d803-4155-bb6d-09450f645703,21/05/2017,May-17,5,2017,LAND-en ZEEZICHT,Minor Dam,451,5.51,325.881,72.26
468c8fea-de8f-469e-b557-671e45ed4f40,22/05/2017,May-17,5,2017,LAND-en ZEEZICHT,Minor Dam,451,5.51,325.881,72.26
cad08662-8e76-4e17-a423-5527ddc91c3d,23/05/2017,May-17,5,2017,LAND-en ZEEZICHT,Minor Dam,451,5.51,325.881,72.26
581f3ae0-a200-49c2-80af-59cc7a9ce407,24/05/2017,May-17,5,2017,LAND-en ZEEZICHT,Minor Dam,451,5.51,325.881,72.26
f8fbd042-506d-4085-b4ee-ccfbecba9360,25/05/2017,May-17,5,2017,LAND-en ZEEZICHT,Minor Dam,451,5.49,324.698,72
5c8ecfbc-aba5-490b-9e4e-d108bd225cd0,26/05/2017,May-17,5,2017,LAND-en ZEEZICHT,Minor Dam,451,5.54,327.655,72.65
ad6289c5-b9f7-4ce0-9f6a-a117dd44cb3a,27/05/2017,May-17,5,2017,LAND-en ZEEZICHT,Minor Dam,451,5.56,328.838,72.91
b02802ac-d3f1-4ff0-aac4-1d07adcf0dd0,28/05/2017,May-17,5,2017,LAND-en ZEEZICHT,Minor Dam,451,5.64,333.57,73.96
1bb440d0-9447-484d-b514-54eb677f5945,29/05/2017,May-17,5,2017,LAND-en ZEEZICHT,Minor Dam,451,5.52,326.472,72.39
05689eaa-8f43-4e41-a5a9-ebb8eb33e30d,30/05/2017,May-17,5,2017,LAND-en ZEEZICHT,Minor Dam,451,5.53,327.064,72.52
c039c021-c685-4f60-b68d-b704f888bbf5,31/05/2017,May-17,5,2017,LAND-en ZEEZICHT,Minor Dam,451,5.53,327.064,72.52
d2ad2728-4dd1-47fb-ae2e-21dee0908f8b,01/06/2017,Jun-17,6,2017,LAND-en ZEEZICHT,Minor Dam,451,5.52,326.472,72.39
3229013c-b5dd-4736-a41e-aef63f5b3af0,02/06/2017,Jun-17,6,2017,LAND-en ZEEZICHT,Minor Dam,451,5.52,326.472,72.39
f61c4c14-53c9-45a2-847a-bbfb034281ba,03/06/2017,Jun-17,6,2017,LAND-en ZEEZICHT,Minor Dam,451,5.52,326.472,72.39
0ac1956a-7067-4c7d-90ef-d6f4048f0b98,04/06/2017,Jun-17,6,2017,LAND-en ZEEZICHT,Minor Dam,451,5.52,326.472,72.39
c9214d44-05d8-4c5a-af29-5ace9394e620,05/06/2017,Jun-17,6,2017,LAND-en ZEEZICHT,Minor Dam,451,5.5,325.289,72.13
fee85d6c-df78-4800-9745-fdbbbb31e0b7,06/06/2017,Jun-17,6,2017,LAND-en ZEEZICHT,Minor Dam,451,5.49,324.698,72
7e84eaec-0aa8-4183-8f38-0690853cb88d,07/06/2017,Jun-17,6,2017,LAND-en ZEEZICHT,Minor Dam,451,5.54,327.655,72.65
6715f19d-7a9b-468c-a610-78cb966e9aa3,08/06/2017,Jun-17,6,2017,LAND-en ZEEZICHT,Minor Dam,451,5.56,328.838,72.91
86124a77-a7a0-4417-a72a-9d111ac2c06f,09/06/2017,Jun-17,6,2017,LAND-en ZEEZICHT,Minor Dam,451,5.55,328.247,72.78
3a87bc5c-8f67-4384-8071-9a9333b4de05,10/06/2017,Jun-17,6,2017,LAND-en ZEEZICHT,Minor Dam,451,5.58,330.021,73.18
c2f1564f-1799-4891-ab26-736f335d49c8,11/06/2017,Jun-17,6,2017,LAND-en ZEEZICHT,Minor Dam,451,5.57,329.429,73.04
daae2417-a1e4-4cf3-98f9-caf57927ece4,12/06/2017,Jun-17,6,2017,LAND-en ZEEZICHT,Minor Dam,451,5.6,331.204,73.44
f7232881-539e-45c1-992e-faa5907abf45,13/06/2017,Jun-17,6,2017,LAND-en ZEEZICHT,Minor Dam,451,5.65,334.161,74.09
a3856de7-589f-45b8-9a72-cb8c17d6544b,14/06/2017,Jun-17,6,2017,LAND-en ZEEZICHT,Minor Dam,451,5.68,335.935,74.49
66a096f8-5ea9-4b6f-b327-966e32993d2e,15/06/2017,Jun-17,6,2017,LAND-en ZEEZICHT,Minor Dam,451,5.68,,
f57dce22-ccd8-4164-9cae-da032d188137,16/06/2017,Jun-17,6,2017,LAND-en ZEEZICHT,Minor Dam,451,5.64,333.57,73.96
692b69e2-aaec-4ba4-95ca-782bb6073685,17/06/2017,Jun-17,6,2017,LAND-en ZEEZICHT,Minor Dam,451,5.64,333.57,73.96
c07daead-7bf2-4939-a5ae-207d9ae494d8,18/06/2017,Jun-17,6,2017,LAND-en ZEEZICHT,Minor Dam,451,5.64,333.57,73.96
219ab022-f333-4cd5-a929-bb52e5c0e323,19/06/2017,Jun-17,6,2017,LAND-en ZEEZICHT,Minor Dam,451,5.62,332.387,73.7
e83cb796-116e-4394-94d7-3577181cd6ad,20/06/2017,Jun-17,6,2017,LAND-en ZEEZICHT,Minor Dam,451,5.5,325.289,72.13
d583b15d-c0ee-4d39-ab48-ac418ae33b64,21/06/2017,Jun-17,6,2017,LAND-en ZEEZICHT,Minor Dam,451,5.49,324.698,72
01a66faf-fb12-4415-99aa-15130b1507ea,22/06/2017,Jun-17,6,2017,LAND-en ZEEZICHT,Minor Dam,451,5.52,326.472,72.39
9738f4ad-bb92-4c22-9970-9eaaa3f8e2ea,23/06/2017,Jun-17,6,2017,LAND-en ZEEZICHT,Minor Dam,451,5.5,325.289,72.13
46ec91bd-5ebc-458a-aa38-f4874777c55f,24/06/2017,Jun-17,6,2017,LAND-en ZEEZICHT,Minor Dam,451,5.5,325.289,72.13
bd9be6c2-737d-42a6-8209-884ea4697a8b,25/06/2017,Jun-17,6,2017,LAND-en ZEEZICHT,Minor Dam,451,5.49,324.698,72
e68f50e9-66b4-4e8c-a737-4fea20168040,26/06/2017,Jun-17,6,2017,LAND-en ZEEZICHT,Minor Dam,451,5.45,322.332,71.47
78dd5da4-3159-4eed-9d20-90cfc0ced7c6,27/06/2017,Jun-17,6,2017,LAND-en ZEEZICHT,Minor Dam,451,5.46,322.924,71.6
aa3c4a36-3fcb-4744-8df7-9fd7bd73ff18,28/06/2017,Jun-17,6,2017,LAND-en ZEEZICHT,Minor Dam,451,5.47,323.515,71.73
cd4d839f-3d25-4bf8-974c-f68cca59f153,29/06/2017,Jun-17,6,2017,LAND-en ZEEZICHT,Minor Dam,451,5.4,319.375,70.81
f1537ac8-22f8-4dc3-9030-b8aa43d28e03,30/06/2017,Jun-17,6,2017,LAND-en ZEEZICHT,Minor Dam,451,5.4,319.375,70.81
bcae2fc5-c000-4bb5-85a8-705ee0d04922,01/07/2017,Jul-17,7,2017,LAND-en ZEEZICHT,Minor Dam,451,5.42,320.558,71.08
a65b2638-1870-4318-9d98-bb73ddabbd5c,02/07/2017,Jul-17,7,2017,LAND-en ZEEZICHT,Minor Dam,451,5.43,321.149,71.21
dee1cf3d-ff3f-4ff4-a223-26caf54f86d9,03/07/2017,Jul-17,7,2017,LAND-en ZEEZICHT,Minor Dam,451,5.42,320.558,71.08
04be97d5-b0b6-4cfd-878f-85e371cbe75a,04/07/2017,Jul-17,7,2017,LAND-en ZEEZICHT,Minor Dam,451,5.4,319.375,70.81
3ef9f23e-fe3c-4813-9d19-2b37c5a2f099,05/07/2017,Jul-17,7,2017,LAND-en ZEEZICHT,Minor Dam,451,5.3,313.461,69.5
fd752f1d-108c-4d20-a9ad-36421f74a2c6,06/07/2017,Jul-17,7,2017,LAND-en ZEEZICHT,Minor Dam,451,5.29,312.869,69.37
833255d1-6a1e-4dc7-91e4-2d0982ce0929,07/07/2017,Jul-17,7,2017,LAND-en ZEEZICHT,Minor Dam,451,5.25,310.504,68.85
14c06e98-cad1-4561-8c7c-11f8ee813d7d,08/07/2017,Jul-17,7,2017,LAND-en ZEEZICHT,Minor Dam,451,5.2,307.546,68.19
06d156f1-a2e9-4ccc-be84-207e4a7117ac,09/07/2017,Jul-17,7,2017,LAND-en ZEEZICHT,Minor Dam,451,5.25,310.504,68.85
9ec01e33-68b3-4ff6-b4b5-d048cb19f7cc,10/07/2017,Jul-17,7,2017,LAND-en ZEEZICHT,Minor Dam,451,5.26,311.095,68.98
f176868e-01f2-4f28-ac94-10e994f9a263,11/07/2017,Jul-17,7,2017,LAND-en ZEEZICHT,Minor Dam,451,5.23,309.321,68.59
820c052f-de8c-44f6-bbfc-a049c4726411,12/07/2017,Jul-17,7,2017,LAND-en ZEEZICHT,Minor Dam,451,5.22,308.729,68.45
4f5bf27f-4a50-4b62-8edd-d75dfbd9726d,13/07/2017,Jul-17,7,2017,LAND-en ZEEZICHT,Minor Dam,451,0,,
ba90edea-a1ba-4a9c-8f90-81ec5378a5d7,14/07/2017,Jul-17,7,2017,LAND-en ZEEZICHT,Minor Dam,451,5.18,306.363,67.93
c01fdde6-e12e-4ff9-8d4d-ad38339f248e,15/07/2017,Jul-17,7,2017,LAND-en ZEEZICHT,Minor Dam,451,5.17,305.181,67.67
b7cdce49-7c5d-4c89-bf32-10bb68e52ce9,16/07/2017,Jul-17,7,2017,LAND-en ZEEZICHT,Minor Dam,451,5.2,307.546,68.19
cbcd5cae-5085-4f13-92b4-2b37ed711da7,17/07/2017,Jul-17,7,2017,LAND-en ZEEZICHT,Minor Dam,451,5.18,306.363,67.93
74e8388f-3b30-4de7-8a5a-4eda8f81605f,18/07/2017,Jul-17,7,2017,LAND-en ZEEZICHT,Minor Dam,451,5.17,305.772,67.8
1766d3d4-11fb-4daf-9040-65fa0451f4d7,19/07/2017,Jul-17,7,2017,LAND-en ZEEZICHT,Minor Dam,451,5.15,304.589,67.54
4ffd8790-1104-4564-a185-fa9f03b90af6,20/07/2017,Jul-17,7,2017,LAND-en ZEEZICHT,Minor Dam,451,5.13,303.406,67.27
a1e63ea1-ba61-47a0-9b63-73d7e686081d,21/07/2017,Jul-17,7,2017,LAND-en ZEEZICHT,Minor Dam,451,0,,
18e5beed-8fdb-4410-abaa-2026328542ba,22/07/2017,Jul-17,7,2017,LAND-en ZEEZICHT,Minor Dam,451,5.1,-0.0002,0
2f631817-ae36-460e-99d8-e13cb3300899,23/07/2017,Jul-17,7,2017,LAND-en ZEEZICHT,Minor Dam,451,5.09,-0.0001,0
c6a7e07a-a49d-49ef-bd24-adedc523765a,24/07/2017,Jul-17,7,2017,LAND-en ZEEZICHT,Minor Dam,451,5.08,-0.0001,0
4050b027-f82a-4baa-b786-b294f9dee30a,25/07/2017,Jul-17,7,2017,LAND-en ZEEZICHT,Minor Dam,451,5.07,299.858,66.49
54d6e1b2-b00a-48b1-845d-807d61fc1846,26/07/2017,Jul-17,7,2017,LAND-en ZEEZICHT,Minor Dam,451,5.06,299.266,66.36
1495f8cb-d894-4736-847f-d1dbe7875a3f,27/07/2017,Jul-17,7,2017,LAND-en ZEEZICHT,Minor Dam,451,5.04,298.083,66.09
2d5267f8-b9bc-4994-a798-6a965a55dba9,28/07/2017,Jul-17,7,2017,LAND-en ZEEZICHT,Minor Dam,451,5.03,297.492,65.96
4d1dc322-9e49-4785-a384-c94d02fc0632,29/07/2017,Jul-17,7,2017,LAND-en ZEEZICHT,Minor Dam,451,5.03,297.492,65.96
831fd3c3-dd7f-4687-bd8d-e6aa04f3199c,30/07/2017,Jul-17,7,2017,LAND-en ZEEZICHT,Minor Dam,451,5.04,298.083,66.09
f87c8cd1-fa27-46f7-a64a-a18e611169b0,31/07/2017,Jul-17,7,2017,LAND-en ZEEZICHT,Minor Dam,451,5.06,299.266,66.36
1c69fd9a-0cce-47df-a3fd-0c9de82705f9,01/08/2017,Aug-17,8,2017,LAND-en ZEEZICHT,Minor Dam,451,5.1,300.449,66.62
678f1bc8-b829-4336-9036-c90da7621d9e,02/08/2017,Aug-17,8,2017,LAND-en ZEEZICHT,Minor Dam,451,5.11,302.223,67.01
b81cee52-bae1-4818-adde-89252691e1de,03/08/2017,Aug-17,8,2017,LAND-en ZEEZICHT,Minor Dam,451,5.14,303.998,67.41
af6af4e1-267f-4277-a1c5-e3b0d05e4fea,04/08/2017,Aug-17,8,2017,LAND-en ZEEZICHT,Minor Dam,451,5.15,304.589,67.54
9300998f-c870-40a2-9bd9-9d38434d873c,05/08/2017,Aug-17,8,2017,LAND-en ZEEZICHT,Minor Dam,451,5.15,304.589,67.54
05a6b6f2-ddb5-4a56-a677-ec806355e2a9,06/08/2017,Aug-17,8,2017,LAND-en ZEEZICHT,Minor Dam,451,5.17,305.772,67.8
63cc4673-6050-48de-ac5b-442887570f54,07/08/2017,Aug-17,8,2017,LAND-en ZEEZICHT,Minor Dam,451,5.18,306.364,67.93
7c71fbb0-210f-484c-897c-a3b4b37eaf59,08/08/2017,Aug-17,8,2017,LAND-en ZEEZICHT,Minor Dam,451,5.17,305.772,67.8
50662c10-6272-4ed8-a87c-b25c7354ac1b,09/08/2017,Aug-17,8,2017,LAND-en ZEEZICHT,Minor Dam,451,5.16,305.181,67.67
e3996af7-5cd8-4429-9601-b40611147569,10/08/2017,Aug-17,8,2017,LAND-en ZEEZICHT,Minor Dam,451,5.18,300.449,66.62
a98b4ec8-6219-43ec-a164-5e49c0637b65,11/08/2017,Aug-17,8,2017,LAND-en ZEEZICHT,Minor Dam,451,5.22,308.729,68.45
6964b840-ae6f-4090-9ccc-da73b38c310a,12/08/2017,Aug-17,8,2017,LAND-en ZEEZICHT,Minor Dam,451,5.24,309.912,68.72
c5f6024f-7542-40f1-91fa-5a3ca11d3b67,13/08/2017,Aug-17,8,2017,LAND-en ZEEZICHT,Minor Dam,451,5.25,310.504,68.85
4328c6e4-560d-442b-b479-2ce4b1d6b65c,14/08/2017,Aug-17,8,2017,LAND-en ZEEZICHT,Minor Dam,451,5.27,311.686,69.11
da48933c-6e4f-4e47-8f9b-f1190a7219af,15/08/2017,Aug-17,8,2017,LAND-en ZEEZICHT,Minor Dam,451,5.26,311.095,68.98
0d218b3b-a757-45dc-b30c-7a2ec6b2bc75,16/08/2017,Aug-17,8,2017,LAND-en ZEEZICHT,Minor Dam,451,5.27,311.686,69.11
809dfb5c-c084-4904-a4b1-ec2dfc14d32c,17/08/2017,Aug-17,8,2017,LAND-en ZEEZICHT,Minor Dam,451,5.27,311.686,69.11
dfa68387-c359-4f42-8cbe-8e84f6a3891d,18/08/2017,Aug-17,8,2017,LAND-en ZEEZICHT,Minor Dam,451,5.31,314.052,69.63
e8bbc30a-5ee2-4c6c-bf27-c4b0358d54bf,19/08/2017,Aug-17,8,2017,LAND-en ZEEZICHT,Minor Dam,451,5.35,316.418,70.16
6fb47f49-88d3-45be-ac11-641a67c707d1,20/08/2017,Aug-17,8,2017,LAND-en ZEEZICHT,Minor Dam,451,5.35,316.418,70.16
b113086f-c5b8-4585-a8b8-94e10b1137aa,21/08/2017,Aug-17,8,2017,LAND-en ZEEZICHT,Minor Dam,451,5.33,315.235,69.9
89f53579-6b1d-496a-8c19-93fc444ef616,22/08/2017,Aug-17,8,2017,LAND-en ZEEZICHT,Minor Dam,451,5.34,315.827,70.03
f00b33ac-e85a-435c-9cf9-40c4962e020a,23/08/2017,Aug-17,8,2017,LAND-en ZEEZICHT,Minor Dam,451,5.42,320.558,71.08
0489c6cf-81da-4042-8b76-b89bbe804d31,24/08/2017,Aug-17,8,2017,LAND-en ZEEZICHT,Minor Dam,451,5.44,321.741,71.34
777cf5cf-512e-4183-8ec9-339844aa9db2,25/08/2017,Aug-17,8,2017,LAND-en ZEEZICHT,Minor Dam,451,5.45,322.332,71.47
cb349265-ad73-46e2-af6c-0121b3f5a733,26/08/2017,Aug-17,8,2017,LAND-en ZEEZICHT,Minor Dam,451,5.49,324.698,72
ebd25d12-cbd3-4afb-b2ff-d8a5b6aeb450,27/08/2017,Aug-17,8,2017,LAND-en ZEEZICHT,Minor Dam,451,5.52,326.472,72.39
87ed1dda-67c3-4ffb-80ec-910b570f3ad9,28/08/2017,Aug-17,8,2017,LAND-en ZEEZICHT,Minor Dam,451,5.55,328.247,72.78
ae5839e2-dd08-4ae5-8a26-6786644f47de,29/08/2017,Aug-17,8,2017,LAND-en ZEEZICHT,Minor Dam,451,5.58,330.021,73.18
4111fbee-33b5-4233-bf99-1e99ecc6deba,30/08/2017,Aug-17,8,2017,LAND-en ZEEZICHT,Minor Dam,451,5.64,333.57,73.96
f316ad57-2433-4186-bd32-68465b4cf803,31/08/2017,Aug-17,8,2017,LAND-en ZEEZICHT,Minor Dam,451,5.64,333.57,73.96
20dbbbe7-017d-412b-a4c7-751f599e1ce4,01/09/2017,Sep-17,9,2017,LAND-en ZEEZICHT,Minor Dam,451,5.8,343.033,76.06
146b401a-8cd4-468d-88f3-5dfbc135f148,02/09/2017,Sep-17,9,2017,LAND-en ZEEZICHT,Minor Dam,451,5.85,345.99,76.72
b1d60a9b-09d5-43cf-b04c-337ae7dc360d,03/09/2017,Sep-17,9,2017,LAND-en ZEEZICHT,Minor Dam,451,5.9,348.974,77.38
3bad3144-b500-4fdf-b24a-158b1145e655,04/09/2017,Sep-17,9,2017,LAND-en ZEEZICHT,Minor Dam,451,5.94,357.313,79.23
ab0cfb0e-b90c-439e-a984-52e7a185ec2b,05/09/2017,Sep-17,9,2017,LAND-en ZEEZICHT,Minor Dam,451,6,354.881,78.69
83a30e41-b92e-411c-92dd-aff3dcda1486,06/09/2017,Sep-17,9,2017,LAND-en ZEEZICHT,Minor Dam,451,6.04,357.227,79.21
f0d2e2ae-7a4b-4961-bcb5-3c8c301747c2,07/09/2017,Sep-17,9,2017,LAND-en ZEEZICHT,Minor Dam,451,6.12,361.958,80.26
b04b9a89-4ec4-487d-bcfb-c1aea8b709ad,08/09/2017,Sep-17,9,2017,LAND-en ZEEZICHT,Minor Dam,451,6.16,364.324,80.78
a815ab70-4b11-41da-b305-124cb58c1b1a,09/09/2017,Sep-17,9,2017,LAND-en ZEEZICHT,Minor Dam,451,6.21,367.281,81.44
17b96605-2708-4327-b7c6-56475c0f2a7c,10/09/2017,Sep-17,9,2017,LAND-en ZEEZICHT,Minor Dam,451,6.24,369.056,81.83
06e04c5b-088e-4119-a842-a0cbcd8c1ffd,11/09/2017,Sep-17,9,2017,LAND-en ZEEZICHT,Minor Dam,451,6.37,376.744,83.54
8ca70716-3ae3-4423-adf7-3cd57fcdbe96,12/09/2017,Sep-17,9,2017,LAND-en ZEEZICHT,Minor Dam,451,6.41,379.11,84.06
5fc535c9-b3d5-4e05-b0ee-7d0895ba55e0,13/09/2017,Sep-17,9,2017,LAND-en ZEEZICHT,Minor Dam,451,6.45,381.476,84.58
5140cffd-314e-4a7b-9dbb-290975dea2d0,14/09/2017,Sep-17,9,2017,LAND-en ZEEZICHT,Minor Dam,451,6.58,389.165,86.29
227d0056-7f13-4eb9-9b13-4b187f2bc4fb,15/09/2017,Sep-17,9,2017,LAND-en ZEEZICHT,Minor Dam,451,6.61,390.939,86.68
99d5a34a-3f67-4ba8-947d-bf39e40d8ed2,16/09/2017,Sep-17,9,2017,LAND-en ZEEZICHT,Minor Dam,451,6.66,393.896,87.34
ea139fe4-ad66-4ff4-bc3f-77ae6bcf09db,17/09/2017,Sep-17,9,2017,LAND-en ZEEZICHT,Minor Dam,451,6.74,398.628,88.39
f2d9d830-e603-4ee9-8fd0-3b51d865106e,18/09/2017,Sep-17,9,2017,LAND-en ZEEZICHT,Minor Dam,451,6.79,401.585,89.04
04eef4dc-b39e-4347-8119-7abbe6ec59f1,19/09/2017,Sep-17,9,2017,LAND-en ZEEZICHT,Minor Dam,451,6.87,406.316,90.09
0da574ae-d456-497a-82ee-8ae4a8b84c94,20/09/2017,Sep-17,9,2017,LAND-en ZEEZICHT,Minor Dam,451,6.93,409.865,90.88
167345a2-ca5d-448b-b4d6-d8e3f15a4df6,21/09/2017,Sep-17,9,2017,LAND-en ZEEZICHT,Minor Dam,451,6.98,412.822,91.53
db7cc3da-5228-4890-8eb5-3091ef639e36,22/09/2017,Sep-17,9,2017,LAND-en ZEEZICHT,Minor Dam,451,7.04,416.371,92.32
57d723f9-19f8-48fe-8f54-306a6fa5c33c,23/09/2017,Sep-17,9,2017,LAND-en ZEEZICHT,Minor Dam,451,7.12,421.102,93.37
04b88bbe-8a41-4243-9742-f94ebb5f0385,24/09/2017,Sep-17,9,2017,LAND-en ZEEZICHT,Minor Dam,451,7.2,425.834,94.42
70fce57c-512f-48f0-bb54-1260343e2a3d,25/09/2017,Sep-17,9,2017,LAND-en ZEEZICHT,Minor Dam,451,7.27,429.974,95.34
e539aa23-b98d-4313-961d-e23dac84d568,26/09/2017,Sep-17,9,2017,LAND-en ZEEZICHT,Minor Dam,451,7.35,434.705,96.39
4cfab843-4700-45c1-a97d-dc7a13813ca5,27/09/2017,Sep-17,9,2017,LAND-en ZEEZICHT,Minor Dam,451,7.39,437.071,96.91
9c815299-ea8b-4094-beb4-8d21ea2dd4b5,28/09/2017,Sep-17,9,2017,LAND-en ZEEZICHT,Minor Dam,451,7.43,439.437,97.44
3f8d4317-7559-4ff3-b63d-56c594e8ef2c,29/09/2017,Sep-17,9,2017,LAND-en ZEEZICHT,Minor Dam,451,7.49,442.985,98.22
c0cd04b3-2dc0-435c-86e5-566275491f49,30/09/2017,Sep-17,9,2017,LAND-en ZEEZICHT,Minor Dam,451,7.54,445.942,98.88
8fe93596-cb73-4ff6-a48e-77e6b13c9773,01/10/2017,Oct-17,10,2017,LAND-en ZEEZICHT,Minor Dam,451,7.57,447.717,99.27
36158eab-c1cc-4b01-a4c4-73bfccf5f6f6,02/10/2017,Oct-17,10,2017,LAND-en ZEEZICHT,Minor Dam,451,7.7,455.405,100.98
75b335f3-36fc-4061-a2ef-aabb6bae887d,03/10/2017,Oct-17,10,2017,LAND-en ZEEZICHT,Minor Dam,451,7.75,458.363,101.63
699ad1cd-5c45-4ff6-93f8-db4d8bc814df,04/10/2017,Oct-17,10,2017,LAND-en ZEEZICHT,Minor Dam,451,7.82,462.503,102.55
fe68fa4b-1c1e-4e66-91b5-8efa1d181aaf,05/10/2017,Oct-17,10,2017,LAND-en ZEEZICHT,Minor Dam,451,7.87,465.46,103.21
235c66c0-9beb-43b4-beda-52ea124508c4,06/10/2017,Oct-17,10,2017,LAND-en ZEEZICHT,Minor Dam,451,7.94,469.6,104.12
312b64b1-c017-4369-9be1-46da10725dfd,07/10/2017,Oct-17,10,2017,LAND-en ZEEZICHT,Minor Dam,451,7.88,466.051,103.34
7e967159-b8df-421f-9fd7-456b42fbbc13,08/10/2017,Oct-17,10,2017,LAND-en ZEEZICHT,Minor Dam,451,7.89,466.643,103.47
ad8bb03d-d8c7-41f2-8e91-258d1fd307b0,09/10/2017,Oct-17,10,2017,LAND-en ZEEZICHT,Minor Dam,451,7.86,464.868,103.07
40828f36-4d0f-4a25-8c91-a61c1249e7ba,10/10/2017,Oct-17,10,2017,LAND-en ZEEZICHT,Minor Dam,451,7.86,464.868,103.07
3647ac4d-2368-4dda-ad8c-7aaafe7170f5,11/10/2017,Oct-17,10,2017,LAND-en ZEEZICHT,Minor Dam,451,7.9,467.234,103.6
7763e96b-b9d6-4ecb-92b7-54e6c5881856,12/10/2017,Oct-17,10,2017,LAND-en ZEEZICHT,Minor Dam,451,7.97,471.374,104.52
04ab0f78-8e78-49b6-b6e5-037f3006491e,13/10/2017,Oct-17,10,2017,LAND-en ZEEZICHT,Minor Dam,451,8,473.149,104.91
797fffa7-a495-4a0a-bdc7-0e7981a7c8e4,14/10/2017,Oct-17,10,2017,LAND-en ZEEZICHT,Minor Dam,451,8,473.149,104.91
ed74e86d-bf45-445d-b8d7-963f1d1a64bd,15/10/2017,Oct-17,10,2017,LAND-en ZEEZICHT,Minor Dam,451,7.95,470.191,104.26
17b112c6-6432-448b-8d6a-f6867147da5b,16/10/2017,Oct-17,10,2017,LAND-en ZEEZICHT,Minor Dam,451,8,473.149,104.91
e4d2c57f-bf1e-43bf-8ecc-06496eef8ffe,17/10/2017,Oct-17,10,2017,LAND-en ZEEZICHT,Minor Dam,451,8,473.149,104.91
3a2ba942-ab71-4f9c-a85a-775fc8699183,18/10/2017,Oct-17,10,2017,LAND-en ZEEZICHT,Minor Dam,451,8,473.149,104.91
a4a5e2e0-e977-4b67-bdd9-24c0182f6c2f,19/10/2017,Oct-17,10,2017,LAND-en ZEEZICHT,Minor Dam,451,8,473.149,104.91
574732d5-56d9-4653-b055-673a6c4ebd88,20/10/2017,Oct-17,10,2017,LAND-en ZEEZICHT,Minor Dam,451,8,473.149,104.91
4dc516f9-1182-4e8d-a026-3ff4c54b3fc3,21/10/2017,Oct-17,10,2017,LAND-en ZEEZICHT,Minor Dam,451,8,473.149,104.91
7ec81160-0eb6-4c46-97d1-98aac35e0782,22/10/2017,Oct-17,10,2017,LAND-en ZEEZICHT,Minor Dam,451,8,473.149,104.91
af067e97-9a3b-416b-b18c-076da75b62ea,23/10/2017,Oct-17,10,2017,LAND-en ZEEZICHT,Minor Dam,451,8,473.149,104.91
d7e6ff77-4d54-4ee1-9d8c-4f7e3a83b82f,24/10/2017,Oct-17,10,2017,LAND-en ZEEZICHT,Minor Dam,451,8,473.149,104.91
ac5b07e8-8ef6-4d8f-9a5c-ecd01590f0d9,25/10/2017,Oct-17,10,2017,LAND-en ZEEZICHT,Minor Dam,451,8,473.149,104.91
daccec35-56fc-4eda-bfc9-3885e8b56b8e,26/10/2017,Oct-17,10,2017,LAND-en ZEEZICHT,Minor Dam,451,8,473.149,104.91
573a00e3-bf1f-4c9f-9c81-715cbc923d1d,27/10/2017,Oct-17,10,2017,LAND-en ZEEZICHT,Minor Dam,451,8,473.149,104.91
932efcbc-3690-4e29-a4a0-bea923b5a1fc,28/10/2017,Oct-17,10,2017,LAND-en ZEEZICHT,Minor Dam,451,8,473.149,104.91
368ac870-17c0-4bdf-b568-43379c2688e6,29/10/2017,Oct-17,10,2017,LAND-en ZEEZICHT,Minor Dam,451,8,473.149,104.91
b269c0e9-ffd2-4d1a-abb4-67745ec924a1,30/10/2017,Oct-17,10,2017,LAND-en ZEEZICHT,Minor Dam,451,8,473.149,104.91
7917e75d-25d7-4c78-a4c4-1b6650471a82,31/10/2017,Oct-17,10,2017,LAND-en ZEEZICHT,Minor Dam,451,8,473.149,104.91
44d144e4-78db-49b5-b76f-2b0e6cc77f56,01/11/2017,Nov-17,11,2017,LAND-en ZEEZICHT,Minor Dam,451,8,473.149,104.91
6f535bd7-e08b-4f3a-bf52-a4303c689977,02/11/2017,Nov-17,11,2017,LAND-en ZEEZICHT,Minor Dam,451,8,473.149,104.91
e411dda7-3eb2-4284-9372-4e193aed7869,03/11/2017,Nov-17,11,2017,LAND-en ZEEZICHT,Minor Dam,451,8,473.149,104.91
eb68da15-9f8b-4adc-afd9-ad6f6d32e92a,04/11/2017,Nov-17,11,2017,LAND-en ZEEZICHT,Minor Dam,451,8,473.149,104.91
49f1ccdd-e5f5-437f-afa8-07d916660df8,05/11/2017,Nov-17,11,2017,LAND-en ZEEZICHT,Minor Dam,451,8,473.149,104.91
7449376d-489f-4d2a-8c23-d089104aa98b,06/11/2017,Nov-17,11,2017,LAND-en ZEEZICHT,Minor Dam,451,8,473.149,104.91
e44f507c-5c99-40d5-a166-b0ade99c4a89,07/11/2017,Nov-17,11,2017,LAND-en ZEEZICHT,Minor Dam,451,8,473.149,104.91
4e0c1491-c597-4ec8-b7cb-311d3ab51efc,08/11/2017,Nov-17,11,2017,LAND-en ZEEZICHT,Minor Dam,451,8,473.149,104.91
62c1738e-c672-4b85-bf09-c572da944a8d,09/11/2017,Nov-17,11,2017,LAND-en ZEEZICHT,Minor Dam,451,8,473.149,104.91
b01463ae-672d-4611-ad4e-a7064ce95aea,10/11/2017,Nov-17,11,2017,LAND-en ZEEZICHT,Minor Dam,451,8,473.149,104.91
5a4d82e2-f620-423b-a34d-2339fa299622,11/11/2017,Nov-17,11,2017,LAND-en ZEEZICHT,Minor Dam,451,8,473.149,104.91
7c907dcc-b1b4-4642-b7fa-a6ef7d2d8bca,12/11/2017,Nov-17,11,2017,LAND-en ZEEZICHT,Minor Dam,451,8,473.149,104.91
a8d5b6a6-3d0f-4e14-9dd2-22252c6f6a22,13/11/2017,Nov-17,11,2017,LAND-en ZEEZICHT,Minor Dam,451,8,473.149,104.91
3ab6d0bf-832e-43e7-972f-abb4e5d487fb,14/11/2017,Nov-17,11,2017,LAND-en ZEEZICHT,Minor Dam,451,8,473.149,104.91
8d170ab7-3422-491b-8fd0-632330c43370,15/11/2017,Nov-17,11,2017,LAND-en ZEEZICHT,Minor Dam,451,8,473.149,104.91
f784ca6f-f7ae-4128-a956-0361b84b2cbc,16/11/2017,Nov-17,11,2017,LAND-en ZEEZICHT,Minor Dam,451,8,473.149,104.91
310af96b-6109-4ef2-ae77-a5a2c90a2a35,17/11/2017,Nov-17,11,2017,LAND-en ZEEZICHT,Minor Dam,451,8,473.149,104.91
13392d32-25bd-4789-a46a-a8d57b3d420e,18/11/2017,Nov-17,11,2017,LAND-en ZEEZICHT,Minor Dam,451,8,473.149,104.91
b422d85b-f6e1-40e3-8845-a262b41e5cd8,19/11/2017,Nov-17,11,2017,LAND-en ZEEZICHT,Minor Dam,451,8,473.149,104.91
647a0b57-8f6b-4412-a330-9ea005055771,20/11/2017,Nov-17,11,2017,LAND-en ZEEZICHT,Minor Dam,451,8,473.149,104.91
9b7544c6-c418-4dd0-8bf4-db0d1998688e,21/11/2017,Nov-17,11,2017,LAND-en ZEEZICHT,Minor Dam,451,8,473.149,104.91
22700038-0fba-4597-a5f2-fbb425d42498,22/11/2017,Nov-17,11,2017,LAND-en ZEEZICHT,Minor Dam,451,8,473.149,104.91
9387559e-e1f5-44db-a9cc-8a7987939e62,23/11/2017,Nov-17,11,2017,LAND-en ZEEZICHT,Minor Dam,451,8,473.149,104.91
5324fe57-8b28-46a0-94f8-7c82ad6259d7,24/11/2017,Nov-17,11,2017,LAND-en ZEEZICHT,Minor Dam,451,8,473.149,104.91
e815b95d-0bf0-4dd8-8a0f-9bf5729363a5,25/11/2017,Nov-17,11,2017,LAND-en ZEEZICHT,Minor Dam,451,8,473.149,104.91
c8197f7a-8ed2-461b-9415-549e2538a3b8,26/11/2017,Nov-17,11,2017,LAND-en ZEEZICHT,Minor Dam,451,8,473.149,104.91
15889ff7-c09a-44a0-be1c-89a9f5ff4e03,27/11/2017,Nov-17,11,2017,LAND-en ZEEZICHT,Minor Dam,451,8,473.149,104.91
d25d08bc-51ec-465e-87cd-466364263098,28/11/2017,Nov-17,11,2017,LAND-en ZEEZICHT,Minor Dam,451,8,473.149,104.91
e71d2552-2bc8-42b8-9dbf-70da98850a7d,29/11/2017,Nov-17,11,2017,LAND-en ZEEZICHT,Minor Dam,451,8,473.149,104.91
a2dd8eea-c3b2-4bfd-8183-42b1c7da57b6,30/11/2017,Nov-17,11,2017,LAND-en ZEEZICHT,Minor Dam,451,8,473.149,104.91
83ff6417-852d-4023-9e61-85fb90a8399b,01/12/2017,Dec-17,12,2017,LAND-en ZEEZICHT,Minor Dam,451,8,473.149,104.91
a0b7ac07-d526-41b2-8877-e623a4de12e7,02/12/2017,Dec-17,12,2017,LAND-en ZEEZICHT,Minor Dam,451,8,473.149,104.91
9e6e1e0f-3749-4d45-9078-33b3d3248fcf,03/12/2017,Dec-17,12,2017,LAND-en ZEEZICHT,Minor Dam,451,8,473.149,104.91
1d855aae-7651-423e-a0b0-29dab29fd978,04/12/2017,Dec-17,12,2017,LAND-en ZEEZICHT,Minor Dam,451,8,473.149,104.91
fdf2c8bf-5946-4df8-a1aa-fcd969f33e46,05/12/2017,Dec-17,12,2017,LAND-en ZEEZICHT,Minor Dam,451,8,473.149,104.91
9ac79bdf-52a5-4c43-b60b-97ae6d814ff4,06/12/2017,Dec-17,12,2017,LAND-en ZEEZICHT,Minor Dam,451,8,473.149,104.91
e3d8388e-392b-4197-abc8-f8226b903f3a,07/12/2017,Dec-17,12,2017,LAND-en ZEEZICHT,Minor Dam,451,8,473.149,104.91
72782159-d922-4301-b78c-3a647687858a,08/12/2017,Dec-17,12,2017,LAND-en ZEEZICHT,Minor Dam,451,8,473.149,104.91
b50aa900-7aea-48d2-80c2-3c03184f5b81,09/12/2017,Dec-17,12,2017,LAND-en ZEEZICHT,Minor Dam,451,8,473.149,104.91
34e4aaac-58f6-42b0-aaee-c2fb43857b97,10/12/2017,Dec-17,12,2017,LAND-en ZEEZICHT,Minor Dam,451,8,473.149,104.91
124210b9-3daa-4def-a30b-5a27198a4c26,11/12/2017,Dec-17,12,2017,LAND-en ZEEZICHT,Minor Dam,451,8,473.149,104.91
2c7b4a8e-439a-44d0-832d-f7eadba40099,12/12/2017,Dec-17,12,2017,LAND-en ZEEZICHT,Minor Dam,451,8,473.149,104.91
0d451ccf-b906-4883-9de8-2a2727bb925d,13/12/2017,Dec-17,12,2017,LAND-en ZEEZICHT,Minor Dam,451,8,473.149,104.91
4733f037-e19e-4959-abe2-5958e2cf06bb,14/12/2017,Dec-17,12,2017,LAND-en ZEEZICHT,Minor Dam,451,8,473.149,104.91
6c49b3ce-0330-41e4-bee8-470822d3a05d,15/12/2017,Dec-17,12,2017,LAND-en ZEEZICHT,Minor Dam,451,8,473.149,104.91
6afe409a-6a9d-423a-9cac-0d65d99fd84b,16/12/2017,Dec-17,12,2017,LAND-en ZEEZICHT,Minor Dam,451,8,473.149,104.91
2fadca0b-667b-40fd-ae3b-49aeebdd15b2,17/12/2017,Dec-17,12,2017,LAND-en ZEEZICHT,Minor Dam,451,8,473.149,104.91
13c702c0-5008-4618-a57d-74ad3fae63a1,18/12/2017,Dec-17,12,2017,LAND-en ZEEZICHT,Minor Dam,451,8,473.149,104.91
fda26b5d-ca59-472e-8cd2-2abd8cc477cf,19/12/2017,Dec-17,12,2017,LAND-en ZEEZICHT,Minor Dam,451,8,473.149,104.91
f92a666b-182d-4075-b8f2-98a4aa7b798b,20/12/2017,Dec-17,12,2017,LAND-en ZEEZICHT,Minor Dam,451,8,473.149,104.91
6a54f863-0f2a-4426-9ab8-cd0daf5489ae,21/12/2017,Dec-17,12,2017,LAND-en ZEEZICHT,Minor Dam,451,8,473.149,104.91
52f1931f-32d1-4941-ac82-f56c73bacfc8,22/12/2017,Dec-17,12,2017,LAND-en ZEEZICHT,Minor Dam,451,8,473.149,104.91
c8883dfa-8b58-4208-8597-75e4ac8c2efc,23/12/2017,Dec-17,12,2017,LAND-en ZEEZICHT,Minor Dam,451,8,473.149,104.91
a744aabb-13a6-4906-86e5-dd6e25a1e389,24/12/2017,Dec-17,12,2017,LAND-en ZEEZICHT,Minor Dam,451,8,473.149,104.91
6299c133-0d1e-4f45-bc2b-b61b54b00770,25/12/2017,Dec-17,12,2017,LAND-en ZEEZICHT,Minor Dam,451,8,473.149,104.91
1ed49a26-b3cf-4445-a0b7-b4f456cb6454,26/12/2017,Dec-17,12,2017,LAND-en ZEEZICHT,Minor Dam,451,8,473.149,104.91
335fee87-d2ae-4d6a-82fd-8c83ea58ae04,27/12/2017,Dec-17,12,2017,LAND-en ZEEZICHT,Minor Dam,451,8,473.149,104.91
6cc368d5-ed21-4ae1-8b52-016bf465181a,28/12/2017,Dec-17,12,2017,LAND-en ZEEZICHT,Minor Dam,451,8,473.149,104.91
1cf46e64-c15a-444b-9a89-e77f298532d1,29/12/2017,Dec-17,12,2017,LAND-en ZEEZICHT,Minor Dam,451,8,473.149,104.91
55a6f2f8-6760-4fdd-9677-98e94b83207b,30/12/2017,Dec-17,12,2017,LAND-en ZEEZICHT,Minor Dam,451,8,473.149,104.91
d9f208f0-3fd1-47df-aff1-8558ef6d8e72,31/12/2017,Dec-17,12,2017,LAND-en ZEEZICHT,Minor Dam,451,8,473.149,104.91
b43607d8-c1bf-41c4-9f4f-e706ab3987b5,01/01/2012,Jan-12,1,2012,LEWIS GAY,Minor Dam,168,13.9,128.3,76.37
1e7f0bf2-42d1-41c3-b6be-28043891b450,02/01/2012,Jan-12,1,2012,LEWIS GAY,Minor Dam,168,13.9,128.3,76.37
eb43dc1c-d2dd-4b9d-b640-24aa1a2b9ebb,03/01/2012,Jan-12,1,2012,LEWIS GAY,Minor Dam,168,13.9,128.3,76.37
da24dfa1-4a94-4bf9-b4c7-b7723d8d0798,04/01/2012,Jan-12,1,2012,LEWIS GAY,Minor Dam,168,13.9,128.3,76.37
81937d81-3eba-4fe4-a51d-72d1125a5634,05/01/2012,Jan-12,1,2012,LEWIS GAY,Minor Dam,168,13.9,128.3,76.37
20706972-c803-4fc5-9d44-6f57f1f81fc1,06/01/2012,Jan-12,1,2012,LEWIS GAY,Minor Dam,168,13.9,128.3,76.37
880711b3-66db-4333-80ed-dab02b652078,07/01/2012,Jan-12,1,2012,LEWIS GAY,Minor Dam,168,13.9,128.3,76.37
5d9593e4-59a3-4642-b309-efa5a98549bb,08/01/2012,Jan-12,1,2012,LEWIS GAY,Minor Dam,168,13.9,128.3,76.37
6375aa9a-c3fe-4671-ac33-bb2ea0fe38ea,09/01/2012,Jan-12,1,2012,LEWIS GAY,Minor Dam,168,13.86,127.2,75.71
67a29f44-5cd2-4a99-bf4c-80a7892f09ee,10/01/2012,Jan-12,1,2012,LEWIS GAY,Minor Dam,168,13.86,127.2,75.71
d3241e4b-a506-4eed-90d2-9a2085709fe9,11/01/2012,Jan-12,1,2012,LEWIS GAY,Minor Dam,168,13.86,127.2,75.71
d4bbc955-37eb-4c6d-bdda-786be2d7031f,12/01/2012,Jan-12,1,2012,LEWIS GAY,Minor Dam,168,13.78,125,74.4
2f03024a-b2b9-4b61-9639-9e2d49b6a9c7,13/01/2012,Jan-12,1,2012,LEWIS GAY,Minor Dam,168,13.78,125,74.4
15921d6b-a48e-44d4-8903-d940ff8bb6e2,14/01/2012,Jan-12,1,2012,LEWIS GAY,Minor Dam,168,13.74,123.9,73.75
251a8390-c66e-4a10-a676-84dbf682b1f1,15/01/2012,Jan-12,1,2012,LEWIS GAY,Minor Dam,168,13.5,117.6,70
5a18dc3f-a90c-45b6-9e95-196b34e95952,16/01/2012,Jan-12,1,2012,LEWIS GAY,Minor Dam,168,13.36,114,67.86
edd7d417-9bbf-438c-a8e9-0efb882c93f0,17/01/2012,Jan-12,1,2012,LEWIS GAY,Minor Dam,168,13.3,112.5,66.96
6323dddf-2147-4ff3-bd5d-a8fc8cf282df,18/01/2012,Jan-12,1,2012,LEWIS GAY,Minor Dam,168,13.3,112.5,66.96
2ab8fb8a-1f22-4fcc-b897-9bae843d48f9,19/01/2012,Jan-12,1,2012,LEWIS GAY,Minor Dam,168,13.3,112.5,66.96
d6b9dc4d-edd5-4950-9e19-6907a36471b1,20/01/2012,Jan-12,1,2012,LEWIS GAY,Minor Dam,168,13.3,112.5,66.96
a65e988c-c392-4e0e-81e6-a2c67b9f0f75,21/01/2012,Jan-12,1,2012,LEWIS GAY,Minor Dam,168,13.2,110,65.48
bdada904-0f44-4ae0-a87c-0999a27dfda7,22/01/2012,Jan-12,1,2012,LEWIS GAY,Minor Dam,168,13.1,107.6,64.05
7cf2833e-e2d1-4183-bde1-a4ba3d93aa0d,23/01/2012,Jan-12,1,2012,LEWIS GAY,Minor Dam,168,13,105.1,62.56
cae17d57-b571-4367-bdc9-cc82f32b4961,24/01/2012,Jan-12,1,2012,LEWIS GAY,Minor Dam,168,12.98,104.7,62.32
40808e00-0adc-4645-bce1-2c2853c93efd,25/01/2012,Jan-12,1,2012,LEWIS GAY,Minor Dam,168,12.98,104.7,62.32
aa0383cd-1e84-4ee0-853f-354d3d9389ef,26/01/2012,Jan-12,1,2012,LEWIS GAY,Minor Dam,168,12.98,104.7,62.32
ce80d8d6-fbea-4d5c-8cd1-fec352d87326,27/01/2012,Jan-12,1,2012,LEWIS GAY,Minor Dam,168,12.98,104.7,62.32
b845fdff-de32-4dc9-98ad-3c5b196de086,28/01/2012,Jan-12,1,2012,LEWIS GAY,Minor Dam,168,12.98,104.7,62.32
c8f1488e-aa65-46cf-80e1-d3766b62db68,29/01/2012,Jan-12,1,2012,LEWIS GAY,Minor Dam,168,12.98,104.7,62.32
ea66a8fd-948b-4dcc-80ac-cfd1d25bf35b,30/01/2012,Jan-12,1,2012,LEWIS GAY,Minor Dam,168,12.9,102.7,61.13
208e57ec-f167-4303-a129-7ae8f9241a4d,31/01/2012,Jan-12,1,2012,LEWIS GAY,Minor Dam,168,12.85,101.6,60.48
9c019aba-fa03-42b7-b589-79bbd0bc7c62,01/02/2012,Feb-12,2,2012,LEWIS GAY,Minor Dam,168,12.85,101.6,60.48
2f7e5288-f166-4d89-8e93-0479657e18f4,02/02/2012,Feb-12,2,2012,LEWIS GAY,Minor Dam,168,12.85,101.6,60.48
28e7702c-471a-40af-bdd7-af9034384bd7,03/02/2012,Feb-12,2,2012,LEWIS GAY,Minor Dam,168,12.82,100.9,60.06
157a1a91-e2d5-4f2e-a300-6ce75aa5a1b6,04/02/2012,Feb-12,2,2012,LEWIS GAY,Minor Dam,168,12.82,100.9,60.06
22332c09-faca-49c0-b2a0-bd039423d183,05/02/2012,Feb-12,2,2012,LEWIS GAY,Minor Dam,168,12.5,93.6,55.71
b96ad386-0cc7-4765-8333-078a539971f1,06/02/2012,Feb-12,2,2012,LEWIS GAY,Minor Dam,168,12.3,89.3,53.15
0c8baec6-7ebe-49ab-994d-f46c12c8284c,07/02/2012,Feb-12,2,2012,LEWIS GAY,Minor Dam,168,12.3,89.3,53.15
934e4684-cc6d-4ef1-8de7-f54ff3964379,08/02/2012,Feb-12,2,2012,LEWIS GAY,Minor Dam,168,12.3,89.3,53.15
c3863de1-1dc8-4cda-9074-d7dbe664ef18,09/02/2012,Feb-12,2,2012,LEWIS GAY,Minor Dam,168,12.1,85.1,50.65
73157826-ccb6-4155-9132-c1a8c578468e,10/02/2012,Feb-12,2,2012,LEWIS GAY,Minor Dam,168,12.1,85.1,50.65
daa78e6c-1b69-4802-9c49-19e0039bb89d,11/02/2012,Feb-12,2,2012,LEWIS GAY,Minor Dam,168,12.18,86.7,51.61
f7997b83-7097-4fad-a083-fafdc66bae79,12/02/2012,Feb-12,2,2012,LEWIS GAY,Minor Dam,168,12.18,86.7,51.61
884819dd-75c5-4100-8ed3-75716c266dd6,13/02/2012,Feb-12,2,2012,LEWIS GAY,Minor Dam,168,12.14,85.9,51.13
e0c0699c-6cac-4709-9215-3c33f327ce20,14/02/2012,Feb-12,2,2012,LEWIS GAY,Minor Dam,168,12.14,85.9,51.13
cc3b7969-42e3-4956-9a77-d6422469c4d6,15/02/2012,Feb-12,2,2012,LEWIS GAY,Minor Dam,168,12.14,85.9,51.13
9fcfc97b-912d-4acb-8a11-a5b2ee7bb362,16/02/2012,Feb-12,2,2012,LEWIS GAY,Minor Dam,168,12.12,85.5,50.89
e90c5ba0-b5e8-46df-b617-312e2eed53f7,17/02/2012,Feb-12,2,2012,LEWIS GAY,Minor Dam,168,12.1,85.1,50.65
8c14a8b6-d5f8-4a50-b765-6946a864435a,18/02/2012,Feb-12,2,2012,LEWIS GAY,Minor Dam,168,11.9,81,48.21
9c9b05c4-6447-486a-8f38-45e45d031dce,19/02/2012,Feb-12,2,2012,LEWIS GAY,Minor Dam,168,11.7,77,45.83
27d602cf-2c78-4deb-a0aa-53177b796189,20/02/2012,Feb-12,2,2012,LEWIS GAY,Minor Dam,168,11.7,77,45.83
e600235c-44da-4c1e-891b-600d00102966,21/02/2012,Feb-12,2,2012,LEWIS GAY,Minor Dam,168,11.7,77,45.83
1f039456-a49d-431c-b251-b2c9f0d9802f,22/02/2012,Feb-12,2,2012,LEWIS GAY,Minor Dam,168,11.7,77,45.83
7dfdad22-17e1-4295-b21f-54f362469964,23/02/2012,Feb-12,2,2012,LEWIS GAY,Minor Dam,168,11.64,75.9,45.18
cec66004-e8b8-47e4-8521-13a3dbb29eb0,24/02/2012,Feb-12,2,2012,LEWIS GAY,Minor Dam,168,11.55,74.2,44.17
8fcd4a2e-b53c-4dde-bba2-b8e0cf5febc5,25/02/2012,Feb-12,2,2012,LEWIS GAY,Minor Dam,168,11.55,74.2,44.17
d54559d8-feda-4364-8854-400628deaf51,26/02/2012,Feb-12,2,2012,LEWIS GAY,Minor Dam,168,11.53,73.8,43.93
0d4ed622-c57b-4225-a608-e0251221fc9e,27/02/2012,Feb-12,2,2012,LEWIS GAY,Minor Dam,168,11.53,73.8,43.93
6a7dc6c5-73f9-430e-a64e-e2780299dbfb,28/02/2012,Feb-12,2,2012,LEWIS GAY,Minor Dam,168,11.5,73.2,43.57
fdeaa2fe-89ca-4747-a1f2-14c99f724bbf,29/02/2012,Feb-12,2,2012,LEWIS GAY,Minor Dam,168,11.48,72.8,43.33
5a2e9d70-db6d-45b0-b77f-3cb2a061b25c,01/03/2012,Mar-12,3,2012,LEWIS GAY,Minor Dam,168,11.55,74.2,44.17
36364aeb-7e63-49a4-8cb0-1705e591e8aa,02/03/2012,Mar-12,3,2012,LEWIS GAY,Minor Dam,168,11.45,72.3,43.04
b8f74a50-c87e-4639-8b19-28ee6ac52d0f,03/03/2012,Mar-12,3,2012,LEWIS GAY,Minor Dam,168,11.45,72.3,43.04
399fd082-87c8-4460-b2a7-e85add2c9cfe,04/03/2012,Mar-12,3,2012,LEWIS GAY,Minor Dam,168,11.45,72.3,43.04
1e78c759-34ef-40fd-933f-3a10dba6e240,05/03/2012,Mar-12,3,2012,LEWIS GAY,Minor Dam,168,11.45,72.3,43.04
3a69cded-161e-401e-b38e-01d9cc93dfa9,06/03/2012,Mar-12,3,2012,LEWIS GAY,Minor Dam,168,11.45,72.3,43.04
2c3ea928-fa8f-4285-94d5-b9f61dac5a6e,07/03/2012,Mar-12,3,2012,LEWIS GAY,Minor Dam,168,11.45,72.3,43.04
f5dd7e4b-2de2-4059-97f0-e9345ec46c7f,08/03/2012,Mar-12,3,2012,LEWIS GAY,Minor Dam,168,11.4,71.4,42.5
3c356b75-7cf5-45f3-9f3c-bb2f64555fcc,09/03/2012,Mar-12,3,2012,LEWIS GAY,Minor Dam,168,11.4,71.4,42.5
bb27c567-99a1-45a8-9c5f-6bda2ba0bd10,10/03/2012,Mar-12,3,2012,LEWIS GAY,Minor Dam,168,11.38,71,42.26
6b8c2d23-c850-43ff-8514-a561975c4142,11/03/2012,Mar-12,3,2012,LEWIS GAY,Minor Dam,168,11.15,67,39.88
4485b45b-2706-42cb-8e2d-bb346d955ab2,12/03/2012,Mar-12,3,2012,LEWIS GAY,Minor Dam,168,11,64.5,38.39
3198df17-6f14-4998-83a7-1332af769178,13/03/2012,Mar-12,3,2012,LEWIS GAY,Minor Dam,168,11.02,64.8,38.57
e5dfcff5-7712-4b41-af8c-b28393ad7d0b,14/03/2012,Mar-12,3,2012,LEWIS GAY,Minor Dam,168,11.05,65.3,38.87
80d92487-dbfd-47fe-96de-299c43c8cfdf,15/03/2012,Mar-12,3,2012,LEWIS GAY,Minor Dam,168,11,64.5,38.39
50325eac-3ca6-423b-aa18-79c2da7ad187,16/03/2012,Mar-12,3,2012,LEWIS GAY,Minor Dam,168,11,64.5,38.39
f6e9c981-d970-4a78-96ea-23d7abf85f54,17/03/2012,Mar-12,3,2012,LEWIS GAY,Minor Dam,168,11,64.5,38.39
5822a273-333a-4e56-9760-18597f4983bd,18/03/2012,Mar-12,3,2012,LEWIS GAY,Minor Dam,168,11,64.5,38.39
8b0c201a-b48e-43bf-a476-3e53656015b2,19/03/2012,Mar-12,3,2012,LEWIS GAY,Minor Dam,168,11.03,65,38.69
f19b9df7-f8e8-4858-9fe9-6f7b73ab6a89,20/03/2012,Mar-12,3,2012,LEWIS GAY,Minor Dam,168,10.97,64,38.1
bcced51f-a421-4b07-a402-e024b1ee5e1d,21/03/2012,Mar-12,3,2012,LEWIS GAY,Minor Dam,168,10.98,64.2,38.21
4492db51-3592-48da-9e54-7f688f2c2fb0,22/03/2012,Mar-12,3,2012,LEWIS GAY,Minor Dam,168,10.98,64.2,38.21
7d2536b8-5516-4e28-a859-21235bf4b706,23/03/2012,Mar-12,3,2012,LEWIS GAY,Minor Dam,168,10.96,63.8,37.98
391feeab-974a-4620-8e5d-b2ec75593f45,24/03/2012,Mar-12,3,2012,LEWIS GAY,Minor Dam,168,10.96,63.8,37.98
94971295-adc9-45d9-99c6-336407237557,25/03/2012,Mar-12,3,2012,LEWIS GAY,Minor Dam,168,10.96,63.8,37.98
857b590f-795f-43a2-aeef-f8e7bcec9f70,26/03/2012,Mar-12,3,2012,LEWIS GAY,Minor Dam,168,10.9,62.8,37.38
94058ae3-9ee6-46fa-9492-c2ae06afd0fc,27/03/2012,Mar-12,3,2012,LEWIS GAY,Minor Dam,168,10.7,59.6,35.48
2bc5b6e9-70c8-437c-940c-a081d3f3e048,28/03/2012,Mar-12,3,2012,LEWIS GAY,Minor Dam,168,10.65,58.8,35
a509ebd7-2520-4bbd-a5b6-2e93c3ae87c9,29/03/2012,Mar-12,3,2012,LEWIS GAY,Minor Dam,168,10.65,58.8,35
c628c634-eabc-48ed-ae83-94f86c954bc2,30/03/2012,Mar-12,3,2012,LEWIS GAY,Minor Dam,168,10.6,58.1,34.58
23fd2034-a331-4643-af56-cfb92d3dc60d,31/03/2012,Mar-12,3,2012,LEWIS GAY,Minor Dam,168,10.38,54.7,32.56
3ff7b281-017f-4ba0-b6ba-d094869e4d1d,01/04/2012,Apr-12,4,2012,LEWIS GAY,Minor Dam,168,10.38,54.7,32.56
9505b4b0-0b72-4fa1-b717-53009d12ba7d,02/04/2012,Apr-12,4,2012,LEWIS GAY,Minor Dam,168,10.1,50.6,30.12
ab1cc8f3-5dc0-44a1-9450-b6435eed5133,03/04/2012,Apr-12,4,2012,LEWIS GAY,Minor Dam,168,10.1,50.6,30.12
77c90d13-b6b2-4d6c-b492-141e51b43d29,04/04/2012,Apr-12,4,2012,LEWIS GAY,Minor Dam,168,10.1,50.6,30.12
bba771a2-3e93-4d69-9ef0-8eacd1102b91,05/04/2012,Apr-12,4,2012,LEWIS GAY,Minor Dam,168,10.1,50.6,30.12
faf53904-e74a-4994-b2b9-7c3a9f6bc4c5,06/04/2012,Apr-12,4,2012,LEWIS GAY,Minor Dam,168,10.1,50.6,30.12
471ed15d-c56e-4eed-9eb3-65e378942c90,07/04/2012,Apr-12,4,2012,LEWIS GAY,Minor Dam,168,10.01,49.4,29.4
b24e823f-bf7f-479e-b2de-61c8e38da2ea,08/04/2012,Apr-12,4,2012,LEWIS GAY,Minor Dam,168,10.12,50.9,30.3
dcc64f67-8a28-4a64-a04e-b9685d641b04,09/04/2012,Apr-12,4,2012,LEWIS GAY,Minor Dam,168,10,49.2,29.29
b43e83a1-057e-48d5-9066-ee87bb303068,10/04/2012,Apr-12,4,2012,LEWIS GAY,Minor Dam,168,9.9,47.8,28.45
c04c3e51-43bb-4023-91a1-09ca33322a26,11/04/2012,Apr-12,4,2012,LEWIS GAY,Minor Dam,168,9.9,47.8,28.45
281be277-a2b4-4b24-8a95-d0d10108bd4a,12/04/2012,Apr-12,4,2012,LEWIS GAY,Minor Dam,168,9.7,45.3,26.96
0adfc70d-3d0c-4c6c-8bba-1dd28c10447e,13/04/2012,Apr-12,4,2012,LEWIS GAY,Minor Dam,168,9.58,43.7,26.01
f4b122e3-c173-4cd5-8a4f-0948f00d67a3,14/04/2012,Apr-12,4,2012,LEWIS GAY,Minor Dam,168,9.58,43.7,26.01
a3222e89-16de-4910-92dd-4e3d1f6c12e9,15/04/2012,Apr-12,4,2012,LEWIS GAY,Minor Dam,168,9.58,43.7,26.01
3a4b2662-21ff-422b-8e12-413295c6f920,16/04/2012,Apr-12,4,2012,LEWIS GAY,Minor Dam,168,9.58,43.7,26.01
ff4d06d6-3184-4d12-bd00-9694feb2f1fb,17/04/2012,Apr-12,4,2012,LEWIS GAY,Minor Dam,168,9.63,44.4,26.43
07cd76df-60e5-4595-951c-8cc35a29a05f,18/04/2012,Apr-12,4,2012,LEWIS GAY,Minor Dam,168,9.5,42.7,25.42
de968a7a-5e09-42dc-b1c1-fb2ac235af5f,19/04/2012,Apr-12,4,2012,LEWIS GAY,Minor Dam,168,9.5,42.7,25.42
d21f6384-4d23-462c-b1ba-d8a052939eab,20/04/2012,Apr-12,4,2012,LEWIS GAY,Minor Dam,168,9.5,42.7,25.42
93d6459d-da9c-44a8-bbb9-a9370a5dabad,21/04/2012,Apr-12,4,2012,LEWIS GAY,Minor Dam,168,9.5,42.7,25.42
006c02ea-185d-4001-bb40-d465d9a018c5,22/04/2012,Apr-12,4,2012,LEWIS GAY,Minor Dam,168,9.52,43,25.6
d27c83bf-6829-498b-9065-3d2dc5e315a1,23/04/2012,Apr-12,4,2012,LEWIS GAY,Minor Dam,168,9.55,43.4,25.83
a78ec0d5-c0ac-4a2b-8920-13ad5020470e,24/04/2012,Apr-12,4,2012,LEWIS GAY,Minor Dam,168,9.55,43.4,25.83
8d143071-126f-4b25-9ab2-18a23039f790,25/04/2012,Apr-12,4,2012,LEWIS GAY,Minor Dam,168,9.48,42.5,25.3
905e7137-4054-42c3-93d6-7b0413367634,26/04/2012,Apr-12,4,2012,LEWIS GAY,Minor Dam,168,9.48,42.5,25.3
29795f7d-29f5-4f4b-a959-a82d1c0d6e04,27/04/2012,Apr-12,4,2012,LEWIS GAY,Minor Dam,168,9.48,42.5,25.3
ed70d9e6-fac5-4740-ab30-2d38ffd0fe38,28/04/2012,Apr-12,4,2012,LEWIS GAY,Minor Dam,168,9.48,42.5,25.3
12d5a07f-a799-4675-aff1-90cbd39fe30b,29/04/2012,Apr-12,4,2012,LEWIS GAY,Minor Dam,168,9.5,42.7,25.42
43655573-7b0b-4d5a-9f25-e09314d60081,30/04/2012,Apr-12,4,2012,LEWIS GAY,Minor Dam,168,9.5,42.7,25.42
59388569-621d-4be2-9c08-fb192dd5f898,01/05/2012,May-12,5,2012,LEWIS GAY,Minor Dam,168,9.5,42.7,25.42
0e94dcb2-8332-47b0-89fe-a672e0c3e61d,02/05/2012,May-12,5,2012,LEWIS GAY,Minor Dam,168,9.55,43.4,25.83
ef89679a-a72e-40b4-b163-13c7934acf13,03/05/2012,May-12,5,2012,LEWIS GAY,Minor Dam,168,9.64,44.5,26.49
ad7ca8eb-f83a-4ae1-8554-cccbe57d1767,04/05/2012,May-12,5,2012,LEWIS GAY,Minor Dam,168,9.75,45.9,27.32
f83ffdd9-1476-4787-ac00-f81a2109d016,05/05/2012,May-12,5,2012,LEWIS GAY,Minor Dam,168,9.8,46.5,27.68
20fc7b61-1cc6-4a43-b192-3e1ab69b3c79,06/05/2012,May-12,5,2012,LEWIS GAY,Minor Dam,168,9.84,47.1,28.04
544a6296-8da5-43df-9944-060969da9653,07/05/2012,May-12,5,2012,LEWIS GAY,Minor Dam,168,9.84,47.1,28.04
2db88759-7393-4758-b254-bfa828b1b763,08/05/2012,May-12,5,2012,LEWIS GAY,Minor Dam,168,9.75,45.9,27.32
9437f1a8-a0c5-405c-8742-65e38268bd6d,09/05/2012,May-12,5,2012,LEWIS GAY,Minor Dam,168,9.65,44.6,26.55
95835579-e713-468f-a259-e02ebb19f20e,10/05/2012,May-12,5,2012,LEWIS GAY,Minor Dam,168,9.65,44.6,26.55
4b333ce5-bcaf-4f34-96e7-d3f71460ac60,11/05/2012,May-12,5,2012,LEWIS GAY,Minor Dam,168,9.6,44,26.19
ac0298a6-ba96-412d-ad88-2c93ed33d0b6,12/05/2012,May-12,5,2012,LEWIS GAY,Minor Dam,168,9.53,43.1,25.65
5654c865-e2a7-4153-8b38-e9806466d09d,13/05/2012,May-12,5,2012,LEWIS GAY,Minor Dam,168,9.55,43.4,25.83
2c577850-3577-4a8e-88c1-a2e15da3c690,14/05/2012,May-12,5,2012,LEWIS GAY,Minor Dam,168,9.75,45.9,27.32
abd18cfa-3389-4ac2-b1d4-fe3a6cf3d17e,15/05/2012,May-12,5,2012,LEWIS GAY,Minor Dam,168,10,49.2,29.29
c56c1242-8514-4b72-95ae-1e8f33d88523,16/05/2012,May-12,5,2012,LEWIS GAY,Minor Dam,168,10.03,49.6,29.52
5c95d038-7336-4ea5-8754-c3840e6a2e5f,17/05/2012,May-12,5,2012,LEWIS GAY,Minor Dam,168,10.15,51.3,30.54
2612da02-fa6f-4a89-9960-148108c1af05,18/05/2012,May-12,5,2012,LEWIS GAY,Minor Dam,168,10.34,54.1,32.2
6ced6738-4a0d-4a6a-acbb-d1a7bdfdeaae,19/05/2012,May-12,5,2012,LEWIS GAY,Minor Dam,168,10.52,56.8,33.81
5132e576-b974-49d4-a76e-b5b99dc1ca19,20/05/2012,May-12,5,2012,LEWIS GAY,Minor Dam,168,10.75,60.4,35.95
94992480-7b66-4ffe-9f62-20f926e59558,21/05/2012,May-12,5,2012,LEWIS GAY,Minor Dam,168,11,64.5,38.39
a3129197-0dc4-4deb-b871-d11e42bbebde,22/05/2012,May-12,5,2012,LEWIS GAY,Minor Dam,168,11.12,66.5,39.58
7c5dca8b-aedd-4cd8-9778-f971150c85e4,23/05/2012,May-12,5,2012,LEWIS GAY,Minor Dam,168,11.25,68.7,40.89
95e183a9-94bd-4247-9cdd-43fa1f893daf,24/05/2012,May-12,5,2012,LEWIS GAY,Minor Dam,168,11.4,71.4,42.5
f7373a19-c17b-4ec3-a889-19fe100f8669,25/05/2012,May-12,5,2012,LEWIS GAY,Minor Dam,168,11.44,72.1,42.92
dbf12db6-fd04-4683-9fee-7e1acf498a27,26/05/2012,May-12,5,2012,LEWIS GAY,Minor Dam,168,11.44,72.1,42.92
e931fd09-9bd6-492f-8a4d-d83e16ddec1c,27/05/2012,May-12,5,2012,LEWIS GAY,Minor Dam,168,11.44,72.1,42.92
5e75be72-e6d1-438c-b509-e7dd18648d16,28/05/2012,May-12,5,2012,LEWIS GAY,Minor Dam,168,11.59,74.9,44.58
f3981131-bdf7-43f7-83eb-97ed137387f4,29/05/2012,May-12,5,2012,LEWIS GAY,Minor Dam,168,11.58,74.7,44.46
b627b79f-dfc9-4868-83c0-193311d79948,30/05/2012,May-12,5,2012,LEWIS GAY,Minor Dam,168,11.85,80,47.62
25ea279f-0332-4f52-bcfc-c528d209adfd,31/05/2012,May-12,5,2012,LEWIS GAY,Minor Dam,168,12,83,49.4
8f2e6da4-ab9f-4026-b609-7a480dce0d54,01/06/2012,Jun-12,6,2012,LEWIS GAY,Minor Dam,168,12.09,84.9,50.54
c411b24e-10f5-430d-b176-fca488915337,02/06/2012,Jun-12,6,2012,LEWIS GAY,Minor Dam,168,12.13,85.7,51.01
37a63a5c-9eea-4035-ab45-afdfa2efdb9b,03/06/2012,Jun-12,6,2012,LEWIS GAY,Minor Dam,168,12.17,86.5,51.49
f36ae0b8-5c0e-44ac-a4a9-3ef13b6ab693,04/06/2012,Jun-12,6,2012,LEWIS GAY,Minor Dam,168,12.3,89.3,53.15
5c5488c9-0d64-4c90-8136-81ec467641d3,05/06/2012,Jun-12,6,2012,LEWIS GAY,Minor Dam,168,12.4,91.4,54.4
bdbda703-a0cd-4e40-ac20-6c69fb2a4d77,06/06/2012,Jun-12,6,2012,LEWIS GAY,Minor Dam,168,12.56,95,56.55
8d203f9d-172c-4f90-81ca-47ca60a0d2a5,07/06/2012,Jun-12,6,2012,LEWIS GAY,Minor Dam,168,12.58,95.4,56.79
4f31941b-2eec-4b89-8e27-f281de54d17d,08/06/2012,Jun-12,6,2012,LEWIS GAY,Minor Dam,168,13.3,112.5,66.96
60fa40be-da19-4293-b46b-526951289bc4,09/06/2012,Jun-12,6,2012,LEWIS GAY,Minor Dam,168,13.8,125.5,74.7
6fc1a0b3-bd16-4e1f-9742-9a914748df64,10/06/2012,Jun-12,6,2012,LEWIS GAY,Minor Dam,168,14.1,133.8,79.64
e03425ec-ba24-4cab-9f5d-8dda7d3ddeb4,11/06/2012,Jun-12,6,2012,LEWIS GAY,Minor Dam,168,14.25,138.1,82.2
13a56e26-7821-4fa2-a552-3c9fcc5a1898,12/06/2012,Jun-12,6,2012,LEWIS GAY,Minor Dam,168,14.34,140.7,83.75
9805550f-fdc9-487e-ba52-afd1d4f335da,13/06/2012,Jun-12,6,2012,LEWIS GAY,Minor Dam,168,14.4,142.5,84.82
45e97b85-0eb5-4f93-906d-6e2d3ca49d57,14/06/2012,Jun-12,6,2012,LEWIS GAY,Minor Dam,168,14.5,145.3,86.49
52759956-8373-4bbd-8e81-c83a8e839647,15/06/2012,Jun-12,6,2012,LEWIS GAY,Minor Dam,168,14.6,148.2,88.21
f882ee8c-4f5a-4b7c-8596-a29cfb0a5258,16/06/2012,Jun-12,6,2012,LEWIS GAY,Minor Dam,168,14.58,147.6,87.86
360e6106-9712-4e37-a9db-1bf5d7f60640,17/06/2012,Jun-12,6,2012,LEWIS GAY,Minor Dam,168,14.75,152.7,90.89
8b5938db-8504-45b2-9460-94670ca3fd1f,18/06/2012,Jun-12,6,2012,LEWIS GAY,Minor Dam,168,14.75,152.7,90.89
20251043-f00c-4553-8338-89d650d92fd4,19/06/2012,Jun-12,6,2012,LEWIS GAY,Minor Dam,168,14.75,152.7,90.89
154f23bb-8291-4020-9c74-9096131aeebd,20/06/2012,Jun-12,6,2012,LEWIS GAY,Minor Dam,168,14.8,154.1,91.73
cb7073f9-7783-40d5-a224-c9da79e28f8e,21/06/2012,Jun-12,6,2012,LEWIS GAY,Minor Dam,168,14.86,156,92.86
0fa7530e-8430-4d2b-8d94-7228a9675e7f,22/06/2012,Jun-12,6,2012,LEWIS GAY,Minor Dam,168,14.92,157.8,93.93
e42870ab-f8ee-4e47-ab84-efa13eca5f66,23/06/2012,Jun-12,6,2012,LEWIS GAY,Minor Dam,168,15,160.2,95.36
dfbf6e24-1c87-4b1b-a833-e9f41552865c,24/06/2012,Jun-12,6,2012,LEWIS GAY,Minor Dam,168,14.9,157.2,93.57
6e098f43-267f-4dc1-bb37-5a8073f03825,25/06/2012,Jun-12,6,2012,LEWIS GAY,Minor Dam,168,14.94,158.4,94.29
193a8d03-d2e4-4b1b-8435-d18ef89d93d8,26/06/2012,Jun-12,6,2012,LEWIS GAY,Minor Dam,168,14.94,158.4,94.29
a450611b-3f3a-44ab-9149-9580be31677b,27/06/2012,Jun-12,6,2012,LEWIS GAY,Minor Dam,168,15.12,163.9,97.56
bfdf65ef-0b59-426d-9a5e-c934282f194a,28/06/2012,Jun-12,6,2012,LEWIS GAY,Minor Dam,168,15.23,167.3,99.58
fca3e23a-9e17-46bf-9cd6-7917b768bfac,29/06/2012,Jun-12,6,2012,LEWIS GAY,Minor Dam,168,15.3,169.5,100.89
4d8a693f-08fa-4e2e-af8b-fe0bd80b343d,30/06/2012,Jun-12,6,2012,LEWIS GAY,Minor Dam,168,15.3,169.5,100.89
aab162cd-86aa-4904-8986-63e59f7d4643,01/07/2012,Jul-12,7,2012,LEWIS GAY,Minor Dam,168,15.3,169.5,100.89
31f10159-6639-479e-94ce-31a68bc8b6f5,02/07/2012,Jul-12,7,2012,LEWIS GAY,Minor Dam,168,15.3,169.5,100.89
33544933-5523-4ac5-909e-3eb694829106,03/07/2012,Jul-12,7,2012,LEWIS GAY,Minor Dam,168,15.28,168.9,100.54
07825237-9180-49e8-a6c5-7729ccbb3a3e,04/07/2012,Jul-12,7,2012,LEWIS GAY,Minor Dam,168,15.25,168,100
ef394af6-7fe1-4e5d-bdae-5deb27e7d368,05/07/2012,Jul-12,7,2012,LEWIS GAY,Minor Dam,168,15.25,168,100
046a5077-8247-4c2f-ae16-56ad3572b001,06/07/2012,Jul-12,7,2012,LEWIS GAY,Minor Dam,168,15.23,167.3,99.58
b02da270-98ff-4e1e-b6bf-2db0a62dcbaa,07/07/2012,Jul-12,7,2012,LEWIS GAY,Minor Dam,168,15.3,169.5,100.89
383e7484-bafc-44bd-b6e9-c4c058454845,08/07/2012,Jul-12,7,2012,LEWIS GAY,Minor Dam,168,15.3,169.5,100.89
c2ab9d77-1d50-4ef6-af12-74ea658d1a19,09/07/2012,Jul-12,7,2012,LEWIS GAY,Minor Dam,168,15.3,169.5,100.89
d84873c0-9f38-4d95-9ba8-d99bf8ea742f,10/07/2012,Jul-12,7,2012,LEWIS GAY,Minor Dam,168,15.3,169.5,100.89
15a2aaf2-1a63-4c65-994c-ef317f1f838a,11/07/2012,Jul-12,7,2012,LEWIS GAY,Minor Dam,168,15.3,169.5,100.89
24e1231a-92d3-4fce-8d7e-52f991176d07,12/07/2012,Jul-12,7,2012,LEWIS GAY,Minor Dam,168,15.3,169.5,100.89
feacb05d-7825-42f1-b3e7-77083aca4326,13/07/2012,Jul-12,7,2012,LEWIS GAY,Minor Dam,168,15.3,169.5,100.89
e119d512-ca31-40f2-b556-2360ba1d391d,14/07/2012,Jul-12,7,2012,LEWIS GAY,Minor Dam,168,15.28,168.9,100.54
359c3f2f-97bd-498d-98a1-ef7336c66920,15/07/2012,Jul-12,7,2012,LEWIS GAY,Minor Dam,168,15.28,168.9,100.54
212f4db9-c258-4ef8-8d6c-8b47b577efcd,16/07/2012,Jul-12,7,2012,LEWIS GAY,Minor Dam,168,15.3,169.5,100.89
d2752ce9-1623-483f-9106-b2f7421f2397,17/07/2012,Jul-12,7,2012,LEWIS GAY,Minor Dam,168,15.3,169.5,100.89
12b02109-700b-4c92-ad61-8a88949f3eaa,18/07/2012,Jul-12,7,2012,LEWIS GAY,Minor Dam,168,15.35,171,101.79
80991b5d-bbe4-4b4d-97a9-d5423464769b,19/07/2012,Jul-12,7,2012,LEWIS GAY,Minor Dam,168,15.3,169.5,100.89
b4eb6167-5505-4bc5-9b7c-f6070c2d3191,20/07/2012,Jul-12,7,2012,LEWIS GAY,Minor Dam,168,15.28,168.9,100.54
9a52887c-c6a3-4c88-b181-ea422cef4aa5,21/07/2012,Jul-12,7,2012,LEWIS GAY,Minor Dam,168,15.3,169.5,100.89
ef9408e4-207a-48f2-ae19-db686dbb03c7,22/07/2012,Jul-12,7,2012,LEWIS GAY,Minor Dam,168,15.3,169.5,100.89
587dbc94-aafb-4c88-b66b-3f48864db29f,23/07/2012,Jul-12,7,2012,LEWIS GAY,Minor Dam,168,15.3,169.5,100.89
2a379a46-5610-4c1f-800d-eafc893602a6,24/07/2012,Jul-12,7,2012,LEWIS GAY,Minor Dam,168,15.3,169.5,100.89
d2b8f7f9-52ee-4a11-b784-fb29910aa205,25/07/2012,Jul-12,7,2012,LEWIS GAY,Minor Dam,168,15.3,169.5,100.89
5cf9745e-1a63-4a73-9045-cd69be4a3502,26/07/2012,Jul-12,7,2012,LEWIS GAY,Minor Dam,168,15.3,169.5,100.89
9d94d231-bc81-4f31-8a71-9f8a631a4b02,27/07/2012,Jul-12,7,2012,LEWIS GAY,Minor Dam,168,15.3,169.5,100.89
e49c27d8-4a64-4621-b206-844c82c08b01,28/07/2012,Jul-12,7,2012,LEWIS GAY,Minor Dam,168,15.3,169.5,100.89
c7ce9999-80cc-49ac-92d3-3e26505aa103,29/07/2012,Jul-12,7,2012,LEWIS GAY,Minor Dam,168,15.28,168.9,100.54
1cb0c90c-b7ed-48ee-a532-573fe4606737,30/07/2012,Jul-12,7,2012,LEWIS GAY,Minor Dam,168,15.25,168,100
58267bb9-031c-44d1-bc60-83e012e5b72d,31/07/2012,Jul-12,7,2012,LEWIS GAY,Minor Dam,168,15.2,166.4,99.05
045cfa5f-f457-48c5-b371-a34b6cc3ec76,01/08/2012,Aug-12,8,2012,LEWIS GAY,Minor Dam,168,15.2,166.4,99.05
ac16d951-b6ec-46a2-ae88-bd06ba4ce0aa,02/08/2012,Aug-12,8,2012,LEWIS GAY,Minor Dam,168,15.2,166.4,99.05
410a3b0a-796e-40b6-98a8-a2ba5f5e08f0,03/08/2012,Aug-12,8,2012,LEWIS GAY,Minor Dam,168,15.2,166.4,99.05
f3e978f9-3910-4c46-a011-3128335275ee,04/08/2012,Aug-12,8,2012,LEWIS GAY,Minor Dam,168,15.2,166.4,99.05
d3307255-42b0-4a08-b5c2-3fbf5d1a2e05,05/08/2012,Aug-12,8,2012,LEWIS GAY,Minor Dam,168,15.25,168,100
1d173ce5-c9f4-48a1-b033-1539ff2bc3b5,06/08/2012,Aug-12,8,2012,LEWIS GAY,Minor Dam,168,15.25,168,100
8f479c61-23db-417b-8738-7ff1dc05c06f,07/08/2012,Aug-12,8,2012,LEWIS GAY,Minor Dam,168,15.28,168.9,100.54
4acd80ce-3a56-4150-a131-ca4002fad79b,08/08/2012,Aug-12,8,2012,LEWIS GAY,Minor Dam,168,15.28,168.9,100.54
54304489-2e3c-4ed3-a8ac-228c67aa14ac,09/08/2012,Aug-12,8,2012,LEWIS GAY,Minor Dam,168,15.27,168.6,100.36
4d3af151-76a3-4f74-9975-fdbeb22924b0,10/08/2012,Aug-12,8,2012,LEWIS GAY,Minor Dam,168,15.25,168,100
1a8dbf33-d4fc-4fd1-881c-47f35b541da5,11/08/2012,Aug-12,8,2012,LEWIS GAY,Minor Dam,168,15.3,169.5,100.89
bd758bed-82b1-4508-b87d-5df400731a35,12/08/2012,Aug-12,8,2012,LEWIS GAY,Minor Dam,168,15.3,169.5,100.89
73739c3a-598c-4450-ab20-553368469b7e,13/08/2012,Aug-12,8,2012,LEWIS GAY,Minor Dam,168,15.3,169.5,100.89
405d4561-d5b2-4187-9fe8-0cdff1302f1a,14/08/2012,Aug-12,8,2012,LEWIS GAY,Minor Dam,168,15.3,169.5,100.89
0cfde371-7199-4230-bf5c-484658833dea,15/08/2012,Aug-12,8,2012,LEWIS GAY,Minor Dam,168,15.3,169.5,100.89
8227267b-970c-459f-be17-0303f48d5d65,16/08/2012,Aug-12,8,2012,LEWIS GAY,Minor Dam,168,15.3,169.5,100.89
b9a5d49b-49dd-48bc-82ee-8b849b8e4250,17/08/2012,Aug-12,8,2012,LEWIS GAY,Minor Dam,168,15.3,169.5,100.89
220d3461-4898-46ca-8d9f-118dcdea735a,18/08/2012,Aug-12,8,2012,LEWIS GAY,Minor Dam,168,15.3,169.5,100.89
a6cb32a6-c60f-4ea3-98b7-93ace3292395,19/08/2012,Aug-12,8,2012,LEWIS GAY,Minor Dam,168,15.3,169.5,100.89
5dc7ed9b-0cf2-4e3b-b511-129f9531e75d,20/08/2012,Aug-12,8,2012,LEWIS GAY,Minor Dam,168,15.3,169.5,100.89
eac2f739-a696-4448-8171-008d47bfb355,21/08/2012,Aug-12,8,2012,LEWIS GAY,Minor Dam,168,15.3,169.5,100.89
a7e54c3e-232e-4b13-8fd5-2ca42dac4187,22/08/2012,Aug-12,8,2012,LEWIS GAY,Minor Dam,168,15.3,169.5,100.89
fbde9a22-1504-4786-9917-c0e25c79dc84,23/08/2012,Aug-12,8,2012,LEWIS GAY,Minor Dam,168,15.3,169.5,100.89
0a7fd1f1-7f93-4119-8633-64cbf43d5727,24/08/2012,Aug-12,8,2012,LEWIS GAY,Minor Dam,168,15.3,169.5,100.89
a7bda8fe-1756-44f1-9692-415eae4e65c4,25/08/2012,Aug-12,8,2012,LEWIS GAY,Minor Dam,168,15.3,169.5,100.89
eaf8b4dd-7df5-4a30-b349-80767bcf6532,26/08/2012,Aug-12,8,2012,LEWIS GAY,Minor Dam,168,15.3,169.5,100.89
cfb6d2e1-4b89-47c8-b606-466c8f994ae0,27/08/2012,Aug-12,8,2012,LEWIS GAY,Minor Dam,168,15.3,169.5,100.89
7a314156-54b7-4fce-97bf-74ac63936a43,28/08/2012,Aug-12,8,2012,LEWIS GAY,Minor Dam,168,15.3,169.5,100.89
cc781bd9-f986-4a5a-84e0-e8737de2f9f1,29/08/2012,Aug-12,8,2012,LEWIS GAY,Minor Dam,168,15.3,169.5,100.89
2d1b3cae-4c31-4517-bce8-4c6618170d6a,30/08/2012,Aug-12,8,2012,LEWIS GAY,Minor Dam,168,15.27,168.6,100.36
b4f5357d-1710-4d0f-8a04-e5885fc882bf,31/08/2012,Aug-12,8,2012,LEWIS GAY,Minor Dam,168,15.3,169.5,100.89
0f98aa84-94ba-4321-b770-7b3c2334db93,01/09/2012,Sep-12,9,2012,LEWIS GAY,Minor Dam,168,15.3,169.5,100.89
c0c3e9f6-b894-4b1a-8beb-58060d719f16,02/09/2012,Sep-12,9,2012,LEWIS GAY,Minor Dam,168,15.3,169.5,100.89
952a8d70-01cc-45d0-82fa-aa74fe397952,03/09/2012,Sep-12,9,2012,LEWIS GAY,Minor Dam,168,15.3,169.5,100.89
14425f05-05f0-4227-a54d-2fc8a79fead0,04/09/2012,Sep-12,9,2012,LEWIS GAY,Minor Dam,168,15.27,168.6,100.36
fc25f7e0-1835-4a6a-8a12-a32142577615,05/09/2012,Sep-12,9,2012,LEWIS GAY,Minor Dam,168,15.25,168,100
ce77750d-527c-458e-9594-32fc672264e8,06/09/2012,Sep-12,9,2012,LEWIS GAY,Minor Dam,168,15.3,169.5,100.89
3f462a14-483e-42df-888f-f0ea9686756e,07/09/2012,Sep-12,9,2012,LEWIS GAY,Minor Dam,168,15.3,169.5,100.89
16f5d6f8-7376-4834-992e-2160b34a995b,08/09/2012,Sep-12,9,2012,LEWIS GAY,Minor Dam,168,15.3,169.5,100.89
3f0f582b-6c50-4554-8262-a85618a79823,09/09/2012,Sep-12,9,2012,LEWIS GAY,Minor Dam,168,15.3,169.5,100.89
34d26aca-c1aa-41ad-a0ab-aa2875f38cd7,10/09/2012,Sep-12,9,2012,LEWIS GAY,Minor Dam,168,15.3,169.5,100.89
b6bc7f05-1a28-4888-968e-f869682bfcac,11/09/2012,Sep-12,9,2012,LEWIS GAY,Minor Dam,168,15.28,168.9,100.54
b2d2c1e9-1ee8-4f89-b5ee-20bff4620e20,12/09/2012,Sep-12,9,2012,LEWIS GAY,Minor Dam,168,15.28,168.9,100.54
bbccdd31-0fcf-4603-82e5-96559d63c42e,13/09/2012,Sep-12,9,2012,LEWIS GAY,Minor Dam,168,15.28,168.9,100.54
92476c37-9819-4ae6-8465-4ee0cd997f0b,14/09/2012,Sep-12,9,2012,LEWIS GAY,Minor Dam,168,15.28,168.9,100.54
01153f1c-2ed0-4a6c-a5e1-51bc705f8a8a,15/09/2012,Sep-12,9,2012,LEWIS GAY,Minor Dam,168,15.3,169.5,100.89
8cbc1581-7cdd-4cb4-8565-72790c71e502,16/09/2012,Sep-12,9,2012,LEWIS GAY,Minor Dam,168,15.3,169.5,100.89
2a9a7353-f58b-4a91-8737-26a7f1a99392,17/09/2012,Sep-12,9,2012,LEWIS GAY,Minor Dam,168,15.3,169.5,100.89
a6730162-f953-4487-a4a0-bedbc59bbb37,18/09/2012,Sep-12,9,2012,LEWIS GAY,Minor Dam,168,15.3,169.5,100.89
7ec75c12-2471-4352-b29c-c034d857e7fc,19/09/2012,Sep-12,9,2012,LEWIS GAY,Minor Dam,168,15.3,169.5,100.89
99f8a4a8-f695-4202-8a44-52d2e0b4b942,20/09/2012,Sep-12,9,2012,LEWIS GAY,Minor Dam,168,15.3,169.5,100.89
96124e68-4043-4590-90b6-d1b9c82b7d2d,21/09/2012,Sep-12,9,2012,LEWIS GAY,Minor Dam,168,15.3,169.5,100.89
637de1b6-5635-494a-8ce1-76ca215ff7c2,22/09/2012,Sep-12,9,2012,LEWIS GAY,Minor Dam,168,15.3,169.5,100.89
ef40aff2-807b-467a-90c5-52cc35b3b433,23/09/2012,Sep-12,9,2012,LEWIS GAY,Minor Dam,168,15.3,169.5,100.89
040fb164-edb6-4c5d-b48d-b625e1fe8dc3,24/09/2012,Sep-12,9,2012,LEWIS GAY,Minor Dam,168,15.3,169.5,100.89
147b33e8-29e0-48e4-a0bf-32b803970e15,25/09/2012,Sep-12,9,2012,LEWIS GAY,Minor Dam,168,15.3,169.5,100.89
709058e5-c916-4cb7-95bc-ef881df390f5,26/09/2012,Sep-12,9,2012,LEWIS GAY,Minor Dam,168,15.3,169.5,100.89
ae145062-d1a9-47c9-bbc2-4b1b1e475716,27/09/2012,Sep-12,9,2012,LEWIS GAY,Minor Dam,168,15.3,169.5,100.89
7a742f9c-afe1-4dd9-b6b7-be80e8d1ed47,28/09/2012,Sep-12,9,2012,LEWIS GAY,Minor Dam,168,15.3,169.5,100.89
1a042317-2af7-4e5d-9c64-ec10c5e5417d,29/09/2012,Sep-12,9,2012,LEWIS GAY,Minor Dam,168,15.3,169.5,100.89
0b955d28-b47a-4b5a-9970-325f0a899433,30/09/2012,Sep-12,9,2012,LEWIS GAY,Minor Dam,168,15.3,169.5,100.89
524717df-c6f9-47d9-a6c9-78e258136624,01/10/2012,Oct-12,10,2012,LEWIS GAY,Minor Dam,168,15.3,169.5,100.89
c9edbdb6-f5ce-4103-bbae-1b8c31468ee4,02/10/2012,Oct-12,10,2012,LEWIS GAY,Minor Dam,168,15.3,169.5,100.89
f7426a7a-107c-47ec-a2bf-5a0622e94d1d,03/10/2012,Oct-12,10,2012,LEWIS GAY,Minor Dam,168,15.3,169.5,100.89
a76cccfa-2a7c-434e-b872-a024b7816b71,04/10/2012,Oct-12,10,2012,LEWIS GAY,Minor Dam,168,15.3,169.5,100.89
c2bf2660-c3ff-4aec-a4e5-8825f61fba64,05/10/2012,Oct-12,10,2012,LEWIS GAY,Minor Dam,168,15.3,169.5,100.89
1b9eb1ad-d712-4d04-b166-21cd0d72f937,06/10/2012,Oct-12,10,2012,LEWIS GAY,Minor Dam,168,15.3,169.5,100.89
8b2ee016-8461-4a95-80a1-e83ecec63a2d,07/10/2012,Oct-12,10,2012,LEWIS GAY,Minor Dam,168,15.3,169.5,100.89
82c7ca4e-cce3-4eca-a507-ca05a54e3c00,08/10/2012,Oct-12,10,2012,LEWIS GAY,Minor Dam,168,15.3,169.5,100.89
ab4c9b66-d1ae-4524-a82d-36410134728e,09/10/2012,Oct-12,10,2012,LEWIS GAY,Minor Dam,168,15.3,169.5,100.89
3d33b8f2-0bd6-437b-93e1-43fbba0ab96f,10/10/2012,Oct-12,10,2012,LEWIS GAY,Minor Dam,168,15.3,169.5,100.89
726dff4a-feb4-4126-97ef-37348050d4d0,11/10/2012,Oct-12,10,2012,LEWIS GAY,Minor Dam,168,15.3,169.5,100.89
04bf5390-d6ee-4467-975d-11d2c48501ba,12/10/2012,Oct-12,10,2012,LEWIS GAY,Minor Dam,168,15.3,169.5,100.89
06955e69-f2e8-426d-8185-9571697fd9f5,13/10/2012,Oct-12,10,2012,LEWIS GAY,Minor Dam,168,15.3,169.5,100.89
53e89338-4747-4cb1-8741-6923b62f324c,14/10/2012,Oct-12,10,2012,LEWIS GAY,Minor Dam,168,15.3,169.5,100.89
8ce7c728-ee9e-4538-8fb9-c767d8400f1c,15/10/2012,Oct-12,10,2012,LEWIS GAY,Minor Dam,168,15.3,169.5,100.89
58e460eb-fe45-44d5-bfd0-f980812c7814,16/10/2012,Oct-12,10,2012,LEWIS GAY,Minor Dam,168,15.3,169.5,100.89
f4c64e47-122e-4df8-b07f-dda6ad7cd375,17/10/2012,Oct-12,10,2012,LEWIS GAY,Minor Dam,168,15.3,169.5,100.89
7227a72f-e631-4645-a8a3-6652962ac292,18/10/2012,Oct-12,10,2012,LEWIS GAY,Minor Dam,168,15.3,169.5,100.89
0e0bb95b-758a-4c07-8927-ec991d2d5092,19/10/2012,Oct-12,10,2012,LEWIS GAY,Minor Dam,168,15.3,169.5,100.89
0a7938ab-ef49-417d-af8d-6f389341fc97,20/10/2012,Oct-12,10,2012,LEWIS GAY,Minor Dam,168,15.3,169.5,100.89
1584188e-7692-48da-94e4-bb9bbc0fee25,21/10/2012,Oct-12,10,2012,LEWIS GAY,Minor Dam,168,15.3,169.5,100.89
29c24b0e-b869-4f96-b1f8-21eb785ca505,22/10/2012,Oct-12,10,2012,LEWIS GAY,Minor Dam,168,15.3,169.5,100.89
6bd2047e-7965-4bf2-b616-32f988b1c26a,23/10/2012,Oct-12,10,2012,LEWIS GAY,Minor Dam,168,15.3,169.5,100.89
0a96e820-6d9b-4453-b45f-ecb91511a621,24/10/2012,Oct-12,10,2012,LEWIS GAY,Minor Dam,168,15.3,169.5,100.89
3bb68ffe-0fbd-4e00-9d8d-52c680e1e57d,25/10/2012,Oct-12,10,2012,LEWIS GAY,Minor Dam,168,15.3,169.5,100.89
1ea5bb94-9627-42b1-84f1-744ab906a6f6,26/10/2012,Oct-12,10,2012,LEWIS GAY,Minor Dam,168,15.3,169.5,100.89
7c120f28-459c-4b32-a1c8-b92885332b4f,27/10/2012,Oct-12,10,2012,LEWIS GAY,Minor Dam,168,15.3,169.5,100.89
0df8a443-9e5b-45f3-ba5e-eba09f0a462d,28/10/2012,Oct-12,10,2012,LEWIS GAY,Minor Dam,168,15.3,169.5,100.89
246dc674-565e-40b7-bbb7-6e3522f51c5d,29/10/2012,Oct-12,10,2012,LEWIS GAY,Minor Dam,168,15.3,169.5,100.89
f5eef27b-2626-467c-8eea-bda275a6e2a9,30/10/2012,Oct-12,10,2012,LEWIS GAY,Minor Dam,168,15.3,169.5,100.89
2756c708-49ca-41cc-9919-bbdabd0508e3,31/10/2012,Oct-12,10,2012,LEWIS GAY,Minor Dam,168,15.3,169.5,100.89
dd1604cf-a1bf-482f-b2e0-f043ac59fd9f,01/11/2012,Nov-12,11,2012,LEWIS GAY,Minor Dam,168,15.3,169.5,100.89
5e4561d0-556c-46ae-876e-3f9408fee996,02/11/2012,Nov-12,11,2012,LEWIS GAY,Minor Dam,168,15.3,169.5,100.89
9aa9dab6-b35d-443c-acd0-6748815589b6,03/11/2012,Nov-12,11,2012,LEWIS GAY,Minor Dam,168,15.3,169.5,100.89
b68fdf58-b3d8-4bcb-a347-87212dd828e4,04/11/2012,Nov-12,11,2012,LEWIS GAY,Minor Dam,168,15.3,169.5,100.89
f72e9b51-3569-4585-bd82-d98027620ec4,05/11/2012,Nov-12,11,2012,LEWIS GAY,Minor Dam,168,15.3,169.5,100.89
313bf523-1ac5-43db-bd8c-fa3a6953bd7f,06/11/2012,Nov-12,11,2012,LEWIS GAY,Minor Dam,168,15.3,169.5,100.89
3288bede-cdf5-4411-8c24-46134e38580b,07/11/2012,Nov-12,11,2012,LEWIS GAY,Minor Dam,168,15.3,169.5,100.89
8221dd31-69ad-43aa-8f73-d6872447b95c,08/11/2012,Nov-12,11,2012,LEWIS GAY,Minor Dam,168,15.3,169.5,100.89
7c929f07-4114-4f2c-9bf1-024f40af9774,09/11/2012,Nov-12,11,2012,LEWIS GAY,Minor Dam,168,15.3,169.5,100.89
76648134-3874-4b33-bfb2-bc8cfbb3a768,10/11/2012,Nov-12,11,2012,LEWIS GAY,Minor Dam,168,15.3,169.5,100.89
3b5f7d94-f1b6-49be-ad01-963b34f0649d,11/11/2012,Nov-12,11,2012,LEWIS GAY,Minor Dam,168,15.3,169.5,100.89
356d5e0e-05da-4b24-ac91-8aa5a0f28fa3,12/11/2012,Nov-12,11,2012,LEWIS GAY,Minor Dam,168,15.3,169.5,100.89
dd1c2b36-5324-4b06-b033-96dc8685016f,13/11/2012,Nov-12,11,2012,LEWIS GAY,Minor Dam,168,15.3,169.5,100.89
23cf6170-fc61-4eb3-859e-220f6eaeeb5f,14/11/2012,Nov-12,11,2012,LEWIS GAY,Minor Dam,168,15.3,169.5,100.89
3e60ddcc-7391-4607-ae8b-3a299f58489f,15/11/2012,Nov-12,11,2012,LEWIS GAY,Minor Dam,168,15.3,169.5,100.89
333b9f4f-67af-4298-a666-9b73817f0af9,16/11/2012,Nov-12,11,2012,LEWIS GAY,Minor Dam,168,15.3,169.5,100.89
9358bd43-329b-4120-8157-07cec6572de1,17/11/2012,Nov-12,11,2012,LEWIS GAY,Minor Dam,168,15.3,169.5,100.89
aace7bda-2eae-4ffc-999c-89b1b95169dc,18/11/2012,Nov-12,11,2012,LEWIS GAY,Minor Dam,168,15.3,169.5,100.89
2a5a3bfd-6dd4-4525-b790-b5d035723f68,19/11/2012,Nov-12,11,2012,LEWIS GAY,Minor Dam,168,15.3,169.5,100.89
513e379a-695b-4108-a357-2e3212646ea8,20/11/2012,Nov-12,11,2012,LEWIS GAY,Minor Dam,168,15.3,169.5,100.89
3484baa7-a3f4-4788-9bb5-eeba04e500ec,21/11/2012,Nov-12,11,2012,LEWIS GAY,Minor Dam,168,15.3,169.5,100.89
6e8ac55d-dd6c-48d7-b2c2-8275100dd711,22/11/2012,Nov-12,11,2012,LEWIS GAY,Minor Dam,168,15.3,169.5,100.89
f1ab8c61-0fbe-46db-8cfe-2e2aa50f132d,23/11/2012,Nov-12,11,2012,LEWIS GAY,Minor Dam,168,15.3,169.5,100.89
cc341904-9469-4fa6-a3b8-4f3adcf6ec3c,24/11/2012,Nov-12,11,2012,LEWIS GAY,Minor Dam,168,15.3,169.5,100.89
f09b6131-fd8d-43ed-b302-e8b6767b23ec,25/11/2012,Nov-12,11,2012,LEWIS GAY,Minor Dam,168,15.3,169.5,100.89
1d8268e2-d0f5-4332-a415-ed5bddbec092,26/11/2012,Nov-12,11,2012,LEWIS GAY,Minor Dam,168,15.3,169.5,100.89
3d4a2791-10ca-4a88-95da-7b5803e2ce3a,27/11/2012,Nov-12,11,2012,LEWIS GAY,Minor Dam,168,15.3,169.5,100.89
f7a46e1b-ecb3-4fae-9e4e-e9b827fc714b,28/11/2012,Nov-12,11,2012,LEWIS GAY,Minor Dam,168,15.3,169.5,100.89
0ce86941-0ac3-4f46-893b-55be4cf82c1c,29/11/2012,Nov-12,11,2012,LEWIS GAY,Minor Dam,168,15.3,169.5,100.89
83a5d472-8944-43a1-b369-3f014bda9fb2,30/11/2012,Nov-12,11,2012,LEWIS GAY,Minor Dam,168,15.3,169.5,100.89
957eef41-9625-435c-a5ab-c5c6c7a65388,01/12/2012,Dec-12,12,2012,LEWIS GAY,Minor Dam,168,15.3,169.5,100.89
f8fbe725-9bba-4984-8f14-6ca32c24ff1f,02/12/2012,Dec-12,12,2012,LEWIS GAY,Minor Dam,168,15.3,169.5,100.89
e8544167-343b-453d-a690-4742a20d15d2,03/12/2012,Dec-12,12,2012,LEWIS GAY,Minor Dam,168,15.3,169.5,100.89
8f9bac45-2af5-40d6-a57c-e16cdff8dbb4,04/12/2012,Dec-12,12,2012,LEWIS GAY,Minor Dam,168,15.25,168,100
9203a00c-b142-43fa-a818-2cf9b66248c0,05/12/2012,Dec-12,12,2012,LEWIS GAY,Minor Dam,168,15.2,166.4,99.05
65ccf899-ab38-4709-9578-94f912e77b26,06/12/2012,Dec-12,12,2012,LEWIS GAY,Minor Dam,168,15.2,166.4,99.05
99b284ad-b6f0-4704-a0b8-f5f96fe2e347,07/12/2012,Dec-12,12,2012,LEWIS GAY,Minor Dam,168,15.2,166.4,99.05
a0c65531-6d99-4513-bbbc-94ebb8ad797a,08/12/2012,Dec-12,12,2012,LEWIS GAY,Minor Dam,168,15.2,166.4,99.05
7fa501aa-34cb-4f8b-a173-d280db40ba29,09/12/2012,Dec-12,12,2012,LEWIS GAY,Minor Dam,168,15.2,166.4,99.05
57bf9950-32f4-4337-8f5f-c7cd2f631797,10/12/2012,Dec-12,12,2012,LEWIS GAY,Minor Dam,168,15.2,166.4,99.05
69e1eb1f-1939-4fa9-aba7-a6a232491e38,11/12/2012,Dec-12,12,2012,LEWIS GAY,Minor Dam,168,15.2,166.4,99.05
d8e9fae1-b6d3-45ea-bf41-309b4ac13f75,12/12/2012,Dec-12,12,2012,LEWIS GAY,Minor Dam,168,15.2,166.4,99.05
cadcae4e-2504-4483-87b9-66c62b9df72d,13/12/2012,Dec-12,12,2012,LEWIS GAY,Minor Dam,168,15.2,166.4,99.05
f7cf3c30-6024-4c53-ade4-3b337cc93666,14/12/2012,Dec-12,12,2012,LEWIS GAY,Minor Dam,168,15.2,166.4,99.05
32631dbe-c697-479b-a059-2a077940c289,15/12/2012,Dec-12,12,2012,LEWIS GAY,Minor Dam,168,15.2,166.4,99.05
78831366-b457-4826-8159-6426a96cc4ec,16/12/2012,Dec-12,12,2012,LEWIS GAY,Minor Dam,168,15.15,164.9,98.15
d1c59fe2-fb1c-439a-b457-065a47738688,17/12/2012,Dec-12,12,2012,LEWIS GAY,Minor Dam,168,15.15,164.9,98.15
f9acb044-b86b-472f-b52a-52d9a3ba0b02,18/12/2012,Dec-12,12,2012,LEWIS GAY,Minor Dam,168,15.1,163.3,97.2
c0026b8a-b1e2-4f22-b603-4fce4824338c,19/12/2012,Dec-12,12,2012,LEWIS GAY,Minor Dam,168,15.1,163.3,97.2
6417dc5d-d5b2-42c1-baf4-5a665457d733,20/12/2012,Dec-12,12,2012,LEWIS GAY,Minor Dam,168,15.1,163.3,97.2
b4e88192-e5aa-48d6-b23a-7fba5c1f408b,21/12/2012,Dec-12,12,2012,LEWIS GAY,Minor Dam,168,15.06,162.1,96.49
3175a657-cced-4bde-ac0d-2a886ba236ab,22/12/2012,Dec-12,12,2012,LEWIS GAY,Minor Dam,168,15.06,162.1,96.49
b82ab8fc-fc9f-40fc-87e1-7598efa30f2b,23/12/2012,Dec-12,12,2012,LEWIS GAY,Minor Dam,168,15.02,160.8,95.71
48e41018-8a32-45f8-9801-a739aaad29f5,24/12/2012,Dec-12,12,2012,LEWIS GAY,Minor Dam,168,15.02,160.8,95.71
35f86cfa-9bf1-4770-aa40-b0b37993c51f,25/12/2012,Dec-12,12,2012,LEWIS GAY,Minor Dam,168,15.02,160.8,95.71
fe75b1f0-678e-4fe8-9aef-d537c0154189,26/12/2012,Dec-12,12,2012,LEWIS GAY,Minor Dam,168,14.95,158.7,94.46
e8131f42-dd88-46b2-b4f2-f68691f3df86,27/12/2012,Dec-12,12,2012,LEWIS GAY,Minor Dam,168,14.9,157.2,93.57
ca328840-ce5c-4e38-a2aa-95be0c3d353c,28/12/2012,Dec-12,12,2012,LEWIS GAY,Minor Dam,168,14.7,151.2,90
22d7b728-dafa-4aa5-b333-2e622d049a9f,29/12/2012,Dec-12,12,2012,LEWIS GAY,Minor Dam,168,14.68,150.6,89.64
fd5d2284-934c-406d-8ae5-9bd7103bc31f,30/12/2012,Dec-12,12,2012,LEWIS GAY,Minor Dam,168,14.62,148.8,88.57
cf16d2eb-75de-46d9-af36-6032d5d0d5ba,31/12/2012,Dec-12,12,2012,LEWIS GAY,Minor Dam,168,14.55,146.8,87.38
3ef66519-a2dc-4cae-aab1-2325d3098c17,01/01/2013,Jan-13,1,2013,LEWIS GAY,Minor Dam,168,14.5,145.3,86.49
d2b795e6-f02e-4e6d-b05f-8b0afef51ee2,02/01/2013,Jan-13,1,2013,LEWIS GAY,Minor Dam,168,14.4,142.5,84.82
08150c73-9710-4a37-ac5f-ab2cef47a5a4,03/01/2013,Jan-13,1,2013,LEWIS GAY,Minor Dam,168,14.35,141,83.93
77e42f39-c0b2-4497-96b3-29571fba2381,04/01/2013,Jan-13,1,2013,LEWIS GAY,Minor Dam,168,14.25,138.1,82.2
deebe1df-4751-4ae5-b2b7-9c9ec82b3365,05/01/2013,Jan-13,1,2013,LEWIS GAY,Minor Dam,168,14.2,136.7,81.37
55347a5a-7cfa-422c-b42a-4eb8d9cedbd3,06/01/2013,Jan-13,1,2013,LEWIS GAY,Minor Dam,168,14.1,133.8,79.64
d0e6a777-2e82-42a6-bdd9-5875892d38fe,07/01/2013,Jan-13,1,2013,LEWIS GAY,Minor Dam,168,14.08,133.3,79.35
6a8f5607-dd86-4b51-9dd0-4bc0ea1a7dd7,08/01/2013,Jan-13,1,2013,LEWIS GAY,Minor Dam,168,13.8,125.5,74.7
8092261e-1c7a-4ca7-a9df-38314d2f24a4,09/01/2013,Jan-13,1,2013,LEWIS GAY,Minor Dam,168,13.9,128.3,76.37
8237d315-fe18-4b24-8a83-4c29c211d047,10/01/2013,Jan-13,1,2013,LEWIS GAY,Minor Dam,168,13.85,126.9,75.54
8830520b-ecab-4345-bea4-d373b6b8a5b1,11/01/2013,Jan-13,1,2013,LEWIS GAY,Minor Dam,168,13.8,125.5,74.7
86314c3a-a81d-4c6c-be7a-8a20bc35d0fa,12/01/2013,Jan-13,1,2013,LEWIS GAY,Minor Dam,168,13.75,124.2,73.93
66f41326-f9fa-4b75-9d8f-93568406b403,13/01/2013,Jan-13,1,2013,LEWIS GAY,Minor Dam,168,13.75,124.2,73.93
265cfb7f-1c00-402d-bcba-fc312e46ef03,14/01/2013,Jan-13,1,2013,LEWIS GAY,Minor Dam,168,13.6,120.2,71.55
7045dd0a-d72a-491c-9424-d99d06c858ed,15/01/2013,Jan-13,1,2013,LEWIS GAY,Minor Dam,168,13.5,117.6,70
2c42b521-ad3c-43bd-9e64-44434b1d7173,16/01/2013,Jan-13,1,2013,LEWIS GAY,Minor Dam,168,13.4,115,68.45
0096fdb4-c5b0-43fe-9eb9-f135dd665bd2,17/01/2013,Jan-13,1,2013,LEWIS GAY,Minor Dam,168,13.36,114,67.86
6ab973d8-320f-4532-9afe-bf21f8796e2f,18/01/2013,Jan-13,1,2013,LEWIS GAY,Minor Dam,168,13.3,112.5,66.96
d9b62c92-92ad-4416-bcd3-0f8ed4252b45,19/01/2013,Jan-13,1,2013,LEWIS GAY,Minor Dam,168,13.15,108.3,64.46
cad52f52-ab51-4e68-b5ab-c72cc36d1163,20/01/2013,Jan-13,1,2013,LEWIS GAY,Minor Dam,168,13.05,106.3,63.27
f0c77142-f740-425c-a836-0c855e1e0991,21/01/2013,Jan-13,1,2013,LEWIS GAY,Minor Dam,168,13,105.1,62.56
3e1d2422-bb8b-452c-9a9a-c92f7ee07b15,22/01/2013,Jan-13,1,2013,LEWIS GAY,Minor Dam,168,12.9,102.7,61.13
c93f86a9-f103-4584-ace7-a7d36d3624ee,23/01/2013,Jan-13,1,2013,LEWIS GAY,Minor Dam,168,12.8,100.4,59.76
78d87bc7-4765-4aa9-8e42-561130d035a4,24/01/2013,Jan-13,1,2013,LEWIS GAY,Minor Dam,168,12.7,98.1,58.39
02e15fe8-a976-4262-8edb-b605ede25328,25/01/2013,Jan-13,1,2013,LEWIS GAY,Minor Dam,168,12.6,95.9,57.08
66c301c9-f49e-47de-89f6-6457d8ae5203,26/01/2013,Jan-13,1,2013,LEWIS GAY,Minor Dam,168,12.5,93.6,55.71
ab524b2b-66ad-48a4-81f1-b40e17d29d34,27/01/2013,Jan-13,1,2013,LEWIS GAY,Minor Dam,168,12.4,91.4,54.4
4b5fbbf4-ee53-4289-a16d-ff40d24cc183,28/01/2013,Jan-13,1,2013,LEWIS GAY,Minor Dam,168,12.3,89.3,53.15
dda16c4e-adb7-4432-8e72-dfaf0abfa314,29/01/2013,Jan-13,1,2013,LEWIS GAY,Minor Dam,168,12.24,88,52.38
ecdaca45-34e8-41f7-9a51-5c856742a698,30/01/2013,Jan-13,1,2013,LEWIS GAY,Minor Dam,168,12.1,85.1,50.65
c144effd-1d6b-4a47-8ceb-7aadf9d49fec,31/01/2013,Jan-13,1,2013,LEWIS GAY,Minor Dam,168,12,83,49.4
e3a0dffd-8c27-4c9a-84de-6500ab8a9c33,01/02/2013,Feb-13,2,2013,LEWIS GAY,Minor Dam,168,11.87,80.4,47.86
02e82ed8-b670-4517-a847-27e762591d0f,02/02/2013,Feb-13,2,2013,LEWIS GAY,Minor Dam,168,11.75,78,46.43
f3454ba5-37b0-4472-b817-2240143bc71b,03/02/2013,Feb-13,2,2013,LEWIS GAY,Minor Dam,168,11.65,76.1,45.3
462cbbe5-17b9-4dd0-ad5f-65f05384cfa1,04/02/2013,Feb-13,2,2013,LEWIS GAY,Minor Dam,168,11.45,72.3,43.04
0f348cab-ddf4-4a60-a141-52bf699c2f23,05/02/2013,Feb-13,2,2013,LEWIS GAY,Minor Dam,168,11.38,71,42.26
f972eb8e-3e07-4b41-8300-f2cc7e979e47,06/02/2013,Feb-13,2,2013,LEWIS GAY,Minor Dam,168,11.22,68.2,40.6
2d469dce-a96f-4761-b773-77f923f355a4,07/02/2013,Feb-13,2,2013,LEWIS GAY,Minor Dam,168,11.1,66.2,39.4
45a3cc8c-bb5f-4a66-aca8-1844bf8dacd3,08/02/2013,Feb-13,2,2013,LEWIS GAY,Minor Dam,168,11.33,70.1,41.73
d5507e54-fe48-4e0e-83fc-ca5e90a9898a,09/02/2013,Feb-13,2,2013,LEWIS GAY,Minor Dam,168,11.65,76.1,45.3
a1e0a1ce-456f-42af-964a-18299e4f4ae4,10/02/2013,Feb-13,2,2013,LEWIS GAY,Minor Dam,168,12,83,49.4
4de5afa7-d75e-4682-88e1-ea0994d095fd,11/02/2013,Feb-13,2,2013,LEWIS GAY,Minor Dam,168,12.25,88.2,52.5
bb7688a2-70bf-4a0e-a4c3-092272fb9122,12/02/2013,Feb-13,2,2013,LEWIS GAY,Minor Dam,168,12.5,93.6,55.71
a7cc9895-5f51-4080-b6db-1ab37cf70800,13/02/2013,Feb-13,2,2013,LEWIS GAY,Minor Dam,168,12.77,99.7,59.35
ac2b0135-fe15-40e7-aac1-47e027ddcf1c,14/02/2013,Feb-13,2,2013,LEWIS GAY,Minor Dam,168,13,105.1,62.56
dfd86f0b-358a-463d-9d03-fc6bd456f29c,15/02/2013,Feb-13,2,2013,LEWIS GAY,Minor Dam,168,13.25,111.3,66.25
d98909e8-a6de-4d18-8a34-14c469ca22ed,16/02/2013,Feb-13,2,2013,LEWIS GAY,Minor Dam,168,13.45,116.3,69.23
3e7b15e4-28e7-4d4f-9d4d-9598b7fbe389,17/02/2013,Feb-13,2,2013,LEWIS GAY,Minor Dam,168,13.75,124.2,73.93
024e4b79-3acb-43e3-83f6-9bd74b674f38,18/02/2013,Feb-13,2,2013,LEWIS GAY,Minor Dam,168,13.95,129.6,77.14
e9b18c9b-1c62-4779-bd14-5e3d2c3708b0,19/02/2013,Feb-13,2,2013,LEWIS GAY,Minor Dam,168,14.17,135.8,80.83
727086e9-b59d-438c-b50c-b92c1bd68ab6,20/02/2013,Feb-13,2,2013,LEWIS GAY,Minor Dam,168,14.4,142.5,84.82
e6b128e5-3672-4e7e-a2d5-2d120696e00b,21/02/2013,Feb-13,2,2013,LEWIS GAY,Minor Dam,168,14.65,149.7,89.11
ec865d28-ebc8-4186-ba50-fc6a386c7e1e,22/02/2013,Feb-13,2,2013,LEWIS GAY,Minor Dam,168,14.84,155.3,92.44
4117c70a-6e2d-4af3-9358-0d1f54c20086,23/02/2013,Feb-13,2,2013,LEWIS GAY,Minor Dam,168,14.78,153.5,91.37
46c791ef-f42f-4b28-9d07-5a3d58813009,24/02/2013,Feb-13,2,2013,LEWIS GAY,Minor Dam,168,14.7,151.2,90
1a87197a-d738-4f38-b766-27ca80d5249b,25/02/2013,Feb-13,2,2013,LEWIS GAY,Minor Dam,168,14.65,149.7,89.11
70ec7452-bb88-45be-affd-0be3726e0585,26/02/2013,Feb-13,2,2013,LEWIS GAY,Minor Dam,168,14.55,146.8,87.38
8bf7b0d0-3c25-4399-8200-0777cc91d128,27/02/2013,Feb-13,2,2013,LEWIS GAY,Minor Dam,168,14.45,143.9,85.65
8a4cf459-27ec-40a9-bc32-64d5a354b263,28/02/2013,Feb-13,2,2013,LEWIS GAY,Minor Dam,168,14.38,141.9,84.46
37f3477a-a44e-4917-8f72-33d2d6a9c808,01/03/2013,Mar-13,3,2013,LEWIS GAY,Minor Dam,168,14.28,139,82.74
b997a094-db80-4b94-8467-b8a1087776a9,02/03/2013,Mar-13,3,2013,LEWIS GAY,Minor Dam,168,14.2,136.7,81.37
18a3ff60-2d91-42db-aacb-d1135ecab364,03/03/2013,Mar-13,3,2013,LEWIS GAY,Minor Dam,168,14.1,133.8,79.64
7e10c09d-58c4-4d19-a719-043fd1e14c99,04/03/2013,Mar-13,3,2013,LEWIS GAY,Minor Dam,168,14,131,77.98
e1a3e1f6-ae64-47b5-8e34-5583a166f4b0,05/03/2013,Mar-13,3,2013,LEWIS GAY,Minor Dam,168,13.95,129.6,77.14
91d8b73d-66b1-4ac9-97a2-73544386179d,06/03/2013,Mar-13,3,2013,LEWIS GAY,Minor Dam,168,13.9,128.3,76.37
c5f7dc94-0d37-4e2b-b13a-f66463845ee7,07/03/2013,Mar-13,3,2013,LEWIS GAY,Minor Dam,168,13.85,126.9,75.54
fb4aa207-a882-4807-90a9-38a72b8f6643,08/03/2013,Mar-13,3,2013,LEWIS GAY,Minor Dam,168,13.8,125.5,74.7
ad13a466-50c9-4ba4-936f-4b585a24fd82,09/03/2013,Mar-13,3,2013,LEWIS GAY,Minor Dam,168,13.8,125.5,74.7
3a80e67f-103a-40f4-9791-31635b01145f,10/03/2013,Mar-13,3,2013,LEWIS GAY,Minor Dam,168,13.75,124.2,73.93
a8df5c77-a950-4b2a-9949-f20f6a11d818,11/03/2013,Mar-13,3,2013,LEWIS GAY,Minor Dam,168,13.7,122.9,73.15
ae5f2a85-788f-4e13-bf88-6a625f6306f1,12/03/2013,Mar-13,3,2013,LEWIS GAY,Minor Dam,168,13.65,121.5,72.32
151b9dc9-06cd-490d-be2f-c3fc9e3161a3,13/03/2013,Mar-13,3,2013,LEWIS GAY,Minor Dam,168,13.6,120.2,71.55
7befdc1a-f509-4b37-91ce-4f688a94e6e1,14/03/2013,Mar-13,3,2013,LEWIS GAY,Minor Dam,168,13.55,118.9,70.77
6d16cb83-6f40-483d-ad1f-a0c11cd25116,15/03/2013,Mar-13,3,2013,LEWIS GAY,Minor Dam,168,13.48,117.1,69.7
1eadd41b-1d55-4184-a39a-2a20e5ff61e3,16/03/2013,Mar-13,3,2013,LEWIS GAY,Minor Dam,168,13.35,113.8,67.74
d5cd1ee3-e3ab-4121-86bc-e70e2346582d,17/03/2013,Mar-13,3,2013,LEWIS GAY,Minor Dam,168,13.32,113,67.26
bfc0529a-92b7-4c2c-bf0d-2814f706ba7a,18/03/2013,Mar-13,3,2013,LEWIS GAY,Minor Dam,168,13.3,112.5,66.96
da86a78c-be97-4078-9ccf-2671999ae5ef,19/03/2013,Mar-13,3,2013,LEWIS GAY,Minor Dam,168,13.28,112,66.67
4a927930-b4ac-4e1a-a1bd-22768e6915f3,20/03/2013,Mar-13,3,2013,LEWIS GAY,Minor Dam,168,13.2,110,65.48
74516cc6-f212-40dd-88ba-caa084c50e4f,21/03/2013,Mar-13,3,2013,LEWIS GAY,Minor Dam,168,13.17,109.3,65.06
3d18fd9e-c2c0-4e8b-b714-d1ce837c218a,22/03/2013,Mar-13,3,2013,LEWIS GAY,Minor Dam,168,13.15,108.3,64.46
7fc8fe5e-a58c-42f5-8812-c350e72b9f3a,23/03/2013,Mar-13,3,2013,LEWIS GAY,Minor Dam,168,13.08,107.1,63.75
d53e67e2-355f-40a4-a23e-0e9583ffc7c4,24/03/2013,Mar-13,3,2013,LEWIS GAY,Minor Dam,168,13.02,105.6,62.86
6624f3ec-ef02-43b3-ae11-ce4cffd0a108,25/03/2013,Mar-13,3,2013,LEWIS GAY,Minor Dam,168,12.98,104.7,62.32
62acf7d1-dfa3-43c1-b36f-e7754e13e8a3,26/03/2013,Mar-13,3,2013,LEWIS GAY,Minor Dam,168,12.98,104.7,62.32
c3a0e618-892b-4b7a-9b0e-a96eba740bdb,27/03/2013,Mar-13,3,2013,LEWIS GAY,Minor Dam,168,12.95,103.9,61.85
a6327f3e-9552-4ffb-9618-0bc55e6809cd,28/03/2013,Mar-13,3,2013,LEWIS GAY,Minor Dam,168,12.95,103.9,61.85
8019fc5a-838b-4dd2-a309-86d71bcfe638,29/03/2013,Mar-13,3,2013,LEWIS GAY,Minor Dam,168,12.95,103.9,61.85
3decf6dc-c3f0-413e-ab1e-8abda3a03616,30/03/2013,Mar-13,3,2013,LEWIS GAY,Minor Dam,168,12.95,103.9,61.85
683df1dd-3acc-4377-b3d4-cba72fdd442c,31/03/2013,Mar-13,3,2013,LEWIS GAY,Minor Dam,168,12.98,104.7,62.32
58c07896-9c6b-453a-a355-361a9c5ca08d,01/04/2013,Apr-13,4,2013,LEWIS GAY,Minor Dam,168,13.4,115,68.45
61f0609c-3a60-443f-b312-14facbe0eb15,02/04/2013,Apr-13,4,2013,LEWIS GAY,Minor Dam,168,13,105.1,62.56
433a23fc-f036-45da-b8ee-be09b42ae962,03/04/2013,Apr-13,4,2013,LEWIS GAY,Minor Dam,168,13,105.1,62.56
d1aca495-a62c-4bfe-b580-582aff64e327,04/04/2013,Apr-13,4,2013,LEWIS GAY,Minor Dam,168,12.98,104.7,62.32
982ac5f5-cb81-4864-9161-a39650b99c8f,05/04/2013,Apr-13,4,2013,LEWIS GAY,Minor Dam,168,12.96,104.2,62.02
40e293ef-e677-4970-bdc6-ad44d15d5029,06/04/2013,Apr-13,4,2013,LEWIS GAY,Minor Dam,168,12.9,102.7,61.13
d73b008a-e349-4f7f-8809-6fac3a58dfb6,07/04/2013,Apr-13,4,2013,LEWIS GAY,Minor Dam,168,12.9,102.7,61.13
3671207c-be1e-4851-8188-7353c7c08c4a,08/04/2013,Apr-13,4,2013,LEWIS GAY,Minor Dam,168,12.85,101.6,60.48
a8973d0e-53b4-4e8c-bd78-c6384cbe2f48,09/04/2013,Apr-13,4,2013,LEWIS GAY,Minor Dam,168,12.8,100.4,59.76
fa1c5aed-2cce-4fe0-9b46-8313c985bd40,10/04/2013,Apr-13,4,2013,LEWIS GAY,Minor Dam,168,12.8,100.4,59.76
37b5df1a-7ea9-4342-9997-efa386d91f25,11/04/2013,Apr-13,4,2013,LEWIS GAY,Minor Dam,168,12.78,100,59.52
76b98e82-520a-46e3-93c8-9b3ee3217027,12/04/2013,Apr-13,4,2013,LEWIS GAY,Minor Dam,168,12.78,100,59.52
65757779-d3e1-4b6c-8a30-3edce4f7aad5,13/04/2013,Apr-13,4,2013,LEWIS GAY,Minor Dam,168,12.7,98.1,58.39
2f86dd90-7680-4e4d-a7ea-29bb36abcd11,14/04/2013,Apr-13,4,2013,LEWIS GAY,Minor Dam,168,12.64,96.8,57.62
49595a92-3ace-4e02-b7a3-9643cf221368,15/04/2013,Apr-13,4,2013,LEWIS GAY,Minor Dam,168,12.6,95.9,57.08
65b9b525-1e38-4b2d-bdbf-6fd754fb2ac1,16/04/2013,Apr-13,4,2013,LEWIS GAY,Minor Dam,168,12.6,95.9,57.08
43621e37-8e23-4b19-86ba-aac307d8dff1,17/04/2013,Apr-13,4,2013,LEWIS GAY,Minor Dam,168,12.6,95.9,57.08
1170786a-03b4-4199-8070-77b237b72663,18/04/2013,Apr-13,4,2013,LEWIS GAY,Minor Dam,168,12.76,99.5,59.23
a68ebce3-50b3-400e-ba79-70fb24e02189,19/04/2013,Apr-13,4,2013,LEWIS GAY,Minor Dam,168,12.76,99.5,59.23
d1040687-1489-4c41-9a83-466129c6d871,20/04/2013,Apr-13,4,2013,LEWIS GAY,Minor Dam,168,12.75,99.3,59.11
7723e033-4f62-43c3-b11f-9029f3517527,21/04/2013,Apr-13,4,2013,LEWIS GAY,Minor Dam,168,12.72,98.6,58.69
457bdf69-0333-413e-a053-d3a77a01d920,22/04/2013,Apr-13,4,2013,LEWIS GAY,Minor Dam,168,12.7,98.1,58.39
3bf303ce-02e0-499e-ade8-b4175fedd65f,23/04/2013,Apr-13,4,2013,LEWIS GAY,Minor Dam,168,12.72,98.6,58.69
f82b0b15-9336-4609-9d92-1761f86df17d,24/04/2013,Apr-13,4,2013,LEWIS GAY,Minor Dam,168,12.7,98.1,58.39
6eb2868f-a617-49ee-bbf4-2e8e737cede0,25/04/2013,Apr-13,4,2013,LEWIS GAY,Minor Dam,168,12.7,98.1,58.39
3f2315f3-dada-4ef1-be37-39d382c08c02,26/04/2013,Apr-13,4,2013,LEWIS GAY,Minor Dam,168,12.7,98.1,58.39
5fea4d6f-b3e8-4463-87d1-accd7a04b82f,27/04/2013,Apr-13,4,2013,LEWIS GAY,Minor Dam,168,12.5,93.6,55.71
dcc9ffd1-5b21-485a-aa1c-23d687395505,28/04/2013,Apr-13,4,2013,LEWIS GAY,Minor Dam,168,12.4,91.4,54.4
e8e216d4-3a2a-4016-adc4-3b2a33960b2a,29/04/2013,Apr-13,4,2013,LEWIS GAY,Minor Dam,168,12.3,89.3,53.15
7ef373a4-2064-4732-bdd0-76a894b751f0,30/04/2013,Apr-13,4,2013,LEWIS GAY,Minor Dam,168,12.3,89.3,53.15
6d6b4115-8008-4e1d-aeac-c5ca346d2eb5,01/05/2013,May-13,5,2013,LEWIS GAY,Minor Dam,168,12.32,89.7,53.39
6bf98ccc-6e11-4b99-8287-1010db9a7ed5,02/05/2013,May-13,5,2013,LEWIS GAY,Minor Dam,168,12.3,89.3,53.15
60da9c87-7298-417d-ba8c-2a72735503ba,03/05/2013,May-13,5,2013,LEWIS GAY,Minor Dam,168,12.3,89.3,53.15
bcdddef3-21cd-40dd-8e3c-a68c3da87983,04/05/2013,May-13,5,2013,LEWIS GAY,Minor Dam,168,12.26,88.4,52.62
672f2ad4-ee58-47cc-8563-9aa031125b93,05/05/2013,May-13,5,2013,LEWIS GAY,Minor Dam,168,12.26,88.4,52.62
2ad2e2d8-2187-4f1d-88c8-3e41d749780c,06/05/2013,May-13,5,2013,LEWIS GAY,Minor Dam,168,12.2,87.2,51.9
64e8691c-cd57-45a5-a7ec-96b61e553a93,07/05/2013,May-13,5,2013,LEWIS GAY,Minor Dam,168,12.2,87.2,51.9
1baa7b6e-ec09-4bda-9750-2e216f1a8faa,08/05/2013,May-13,5,2013,LEWIS GAY,Minor Dam,168,12.1,85.1,50.65
60467686-6667-41ce-8efb-00e2c7861d2e,09/05/2013,May-13,5,2013,LEWIS GAY,Minor Dam,168,12.1,85.1,50.65
fde8fb52-154d-4306-aea8-9be5d26c802c,10/05/2013,May-13,5,2013,LEWIS GAY,Minor Dam,168,12,83,49.4
d7e70d73-a6e1-493b-88e1-a8a46f062e22,11/05/2013,May-13,5,2013,LEWIS GAY,Minor Dam,168,11.98,82.6,49.17
4e01df34-cbc3-47d0-9b4a-ddcba5b5e384,12/05/2013,May-13,5,2013,LEWIS GAY,Minor Dam,168,11.96,82.2,48.93
a5d59107-babd-4603-8196-b094cf0095f1,13/05/2013,May-13,5,2013,LEWIS GAY,Minor Dam,168,11.95,82,48.81
a7f2230f-75a8-48f4-911f-f242ff9ab6a7,14/05/2013,May-13,5,2013,LEWIS GAY,Minor Dam,168,11.9,81,48.21
e6d5da7e-1109-4ca1-bfe0-bcc701bde4aa,15/05/2013,May-13,5,2013,LEWIS GAY,Minor Dam,168,11.85,80,47.62
25d5ec7e-bd9b-4149-bfe6-3c4072b168e7,16/05/2013,May-13,5,2013,LEWIS GAY,Minor Dam,168,11.8,79,47.02
1d010de2-bf5d-4745-a62f-e829c553be88,17/05/2013,May-13,5,2013,LEWIS GAY,Minor Dam,168,11.75,78,46.43
9039842b-bae6-43a0-8c5f-71cee7c171e2,18/05/2013,May-13,5,2013,LEWIS GAY,Minor Dam,168,11.7,77,45.83
2ec348c0-54af-4fb3-b7dc-a9cc075b31ea,19/05/2013,May-13,5,2013,LEWIS GAY,Minor Dam,168,11.65,76.1,45.3
927ffcab-10ad-4161-a4aa-9a78241180a2,20/05/2013,May-13,5,2013,LEWIS GAY,Minor Dam,168,11.6,75.1,44.7
3f082f9b-a82f-42ab-bdba-845de81b20ef,21/05/2013,May-13,5,2013,LEWIS GAY,Minor Dam,168,11.6,75.1,44.7
0f17c5da-81d0-4e51-9d60-80c72ef90c90,22/05/2013,May-13,5,2013,LEWIS GAY,Minor Dam,168,11.55,74.2,44.17
13b27afb-92e6-4df1-9bc5-1a7115b546d5,23/05/2013,May-13,5,2013,LEWIS GAY,Minor Dam,168,11.48,72.8,43.33
ed3dd024-76e4-43cc-bcdd-381e45afe8b9,24/05/2013,May-13,5,2013,LEWIS GAY,Minor Dam,168,11.42,71.7,42.68
6149526a-afd9-4475-88dc-6f2b69e951d8,25/05/2013,May-13,5,2013,LEWIS GAY,Minor Dam,168,11.37,70.8,42.14
a48c5725-e861-4be3-a8b0-2aa2fe00d7a1,26/05/2013,May-13,5,2013,LEWIS GAY,Minor Dam,168,11.35,70.5,41.96
c6f98d29-8647-4dee-943b-cf9a99e84da1,27/05/2013,May-13,5,2013,LEWIS GAY,Minor Dam,168,11.38,71,42.26
d731040b-3234-4bd6-8326-469ac9259a79,28/05/2013,May-13,5,2013,LEWIS GAY,Minor Dam,168,11.35,70.5,41.96
19eef844-4d91-4251-a2f7-8bfb31a5cbc1,29/05/2013,May-13,5,2013,LEWIS GAY,Minor Dam,168,11.4,71.4,42.5
073abf4b-3f6f-4400-95fd-f3f1194b3eff,30/05/2013,May-13,5,2013,LEWIS GAY,Minor Dam,168,11.4,71.4,42.5
b3f7c86d-efd9-41ca-a07b-58bdfb710059,31/05/2013,May-13,5,2013,LEWIS GAY,Minor Dam,168,11.4,71.4,42.5
855844e1-7b31-4d25-9631-80d4578b47c7,01/06/2013,Jun-13,6,2013,LEWIS GAY,Minor Dam,168,11.44,72.1,42.92
9fa35894-6a5d-485f-b6d8-2ee181252023,02/06/2013,Jun-13,6,2013,LEWIS GAY,Minor Dam,168,11.95,82,48.81
adafd961-a125-45d6-9eaa-67c19ff40f98,03/06/2013,Jun-13,6,2013,LEWIS GAY,Minor Dam,168,12.5,93.6,55.71
b8a76f49-7d14-4959-bf16-40bcff74ebe1,04/06/2013,Jun-13,6,2013,LEWIS GAY,Minor Dam,168,12.8,100.4,59.76
b8a084f2-3175-4715-99ca-bae5f126be71,05/06/2013,Jun-13,6,2013,LEWIS GAY,Minor Dam,168,13,105.1,62.56
3ee182c1-1b63-4035-967a-add6ec18c398,06/06/2013,Jun-13,6,2013,LEWIS GAY,Minor Dam,168,13.3,112.5,66.96
31cf859a-0e39-4fab-8686-c932d6d3a4e8,07/06/2013,Jun-13,6,2013,LEWIS GAY,Minor Dam,168,13.42,115.5,68.75
84620812-4a70-4476-8204-1340fb7d8e68,08/06/2013,Jun-13,6,2013,LEWIS GAY,Minor Dam,168,13.55,118.9,70.77
985976e8-451d-4984-aebc-180151a07323,09/06/2013,Jun-13,6,2013,LEWIS GAY,Minor Dam,168,13.95,129.6,77.14
9ab916bd-0886-4374-9ab3-a9a28cba77f3,10/06/2013,Jun-13,6,2013,LEWIS GAY,Minor Dam,168,13.9,128.3,76.37
43ad0e12-73e1-414d-a2eb-5a86fbaa3b96,11/06/2013,Jun-13,6,2013,LEWIS GAY,Minor Dam,168,14,131,77.98
c2760943-d88c-4cab-af2f-4b29d21b32bb,12/06/2013,Jun-13,6,2013,LEWIS GAY,Minor Dam,168,14.1,133.8,79.64
5c4ef62c-d857-46c6-b0a8-354cb5792d47,13/06/2013,Jun-13,6,2013,LEWIS GAY,Minor Dam,168,14.2,136.7,81.37
758b1f6f-d564-439f-a1d2-cfc62aa48d82,14/06/2013,Jun-13,6,2013,LEWIS GAY,Minor Dam,168,14.2,136.7,81.37
0699c690-e62a-4bd4-96e0-7ccbecb32a3a,15/06/2013,Jun-13,6,2013,LEWIS GAY,Minor Dam,168,14.45,143.9,85.65
c3845575-258a-4352-9ab0-97bbddac69f4,16/06/2013,Jun-13,6,2013,LEWIS GAY,Minor Dam,168,14.58,147.6,87.86
0f4e5e01-3ad7-4cff-84a8-6f0ef3f16709,17/06/2013,Jun-13,6,2013,LEWIS GAY,Minor Dam,168,14.58,147.6,87.86
3d6b4b6b-4e8c-4602-a773-021755ef5487,18/06/2013,Jun-13,6,2013,LEWIS GAY,Minor Dam,168,14.66,150,89.29
25179a0b-011b-425e-aa66-14778860d4e9,19/06/2013,Jun-13,6,2013,LEWIS GAY,Minor Dam,168,14.65,149.7,89.11
9f86d1eb-e030-40e0-a855-24f1635250f1,20/06/2013,Jun-13,6,2013,LEWIS GAY,Minor Dam,168,14.72,151.8,90.36
a70e62e2-0e47-454d-b437-f5d1857ab8e6,21/06/2013,Jun-13,6,2013,LEWIS GAY,Minor Dam,168,14.8,154.1,91.73
2b80291c-69d7-4ac9-98a2-3888c0cd0238,22/06/2013,Jun-13,6,2013,LEWIS GAY,Minor Dam,168,14.8,154.1,91.73
aeb72bf3-698e-4b86-9368-754b766447cc,23/06/2013,Jun-13,6,2013,LEWIS GAY,Minor Dam,168,14.8,154.1,91.73
bc7016e2-5962-4aa3-999e-f2e97ace7f80,24/06/2013,Jun-13,6,2013,LEWIS GAY,Minor Dam,168,14.8,154.1,91.73
de5ae9ea-5eb0-4209-8e17-9e1b8e97bf41,25/06/2013,Jun-13,6,2013,LEWIS GAY,Minor Dam,168,15.35,171,101.79
b50ffeb6-76cd-4d0b-8852-9257df389b9b,26/06/2013,Jun-13,6,2013,LEWIS GAY,Minor Dam,168,15.38,171.9,102.32
35a66679-2dc7-4578-87d9-aa30108df927,27/06/2013,Jun-13,6,2013,LEWIS GAY,Minor Dam,168,15.38,171.9,102.32
bdf89665-f8f3-43ab-8521-4124cd399aa8,28/06/2013,Jun-13,6,2013,LEWIS GAY,Minor Dam,168,15.35,171,101.79
81ac4951-04a8-450a-90d5-fd8983e0c1df,29/06/2013,Jun-13,6,2013,LEWIS GAY,Minor Dam,168,15.35,171,101.79
b9a55bb2-4151-4699-8e2f-20d7b0bc467a,30/06/2013,Jun-13,6,2013,LEWIS GAY,Minor Dam,168,15.35,171,101.79
c9cab198-7ed1-4cb3-b024-f3d52bc88ffd,01/07/2013,Jul-13,7,2013,LEWIS GAY,Minor Dam,168,15.35,171,101.79
0a9fdd71-e28b-43d3-8a7f-ab1842aadfd2,02/07/2013,Jul-13,7,2013,LEWIS GAY,Minor Dam,168,15.3,169.5,100.89
d3f34b5e-6f75-4c85-b06c-2354d557be2c,03/07/2013,Jul-13,7,2013,LEWIS GAY,Minor Dam,168,15.28,168.9,100.54
5f6c6082-de71-45b7-9374-bf4917d5f5bb,04/07/2013,Jul-13,7,2013,LEWIS GAY,Minor Dam,168,15.3,169.5,100.89
ac623bc2-ccb9-4afb-aa0b-89ac9051fe32,05/07/2013,Jul-13,7,2013,LEWIS GAY,Minor Dam,168,15.3,169.5,100.89
003856ea-2e48-4b5b-aa7b-d099312a774c,06/07/2013,Jul-13,7,2013,LEWIS GAY,Minor Dam,168,15.3,169.5,100.89
d6432bac-82a5-4f1a-970a-4b881ac7dd37,07/07/2013,Jul-13,7,2013,LEWIS GAY,Minor Dam,168,15.3,169.5,100.89
bef92184-3984-4204-af9f-c0232afb7776,08/07/2013,Jul-13,7,2013,LEWIS GAY,Minor Dam,168,15.3,169.5,100.89
9876335f-7e72-4fd4-83b2-2f680daac10b,09/07/2013,Jul-13,7,2013,LEWIS GAY,Minor Dam,168,15.3,169.5,100.89
306d0c5b-5105-41d5-8212-dfa5895dfa01,10/07/2013,Jul-13,7,2013,LEWIS GAY,Minor Dam,168,15.3,169.5,100.89
4abfe525-ddd9-4c64-8b8b-1e2166422095,11/07/2013,Jul-13,7,2013,LEWIS GAY,Minor Dam,168,15.3,169.5,100.89
f1fe3411-1c70-4e72-9ef1-1e444d7b0622,12/07/2013,Jul-13,7,2013,LEWIS GAY,Minor Dam,168,15.3,169.5,100.89
e9d2882f-1670-4deb-a10d-1f9f5ffcbf61,13/07/2013,Jul-13,7,2013,LEWIS GAY,Minor Dam,168,15.3,169.5,100.89
9d0ff003-1140-442d-bfc5-0a27317663f7,14/07/2013,Jul-13,7,2013,LEWIS GAY,Minor Dam,168,15.3,169.5,100.89
9d3895a4-eaba-4fb1-9ba0-57c5938f2243,15/07/2013,Jul-13,7,2013,LEWIS GAY,Minor Dam,168,15.3,169.5,100.89
8ee23293-1e73-4f63-a685-8fa7ee618b2a,16/07/2013,Jul-13,7,2013,LEWIS GAY,Minor Dam,168,15.3,169.5,100.89
d941ba90-b2e9-42b2-8d10-5aeaced4921c,17/07/2013,Jul-13,7,2013,LEWIS GAY,Minor Dam,168,15.28,168.9,100.54
dd8f81a4-a148-480a-8b61-d50ce265e2d9,18/07/2013,Jul-13,7,2013,LEWIS GAY,Minor Dam,168,15.3,169.5,100.89
6325d199-c24f-4b40-9270-a3a84d82d332,19/07/2013,Jul-13,7,2013,LEWIS GAY,Minor Dam,168,15.3,169.5,100.89
7467cc13-6642-4f0d-853f-6bd281e7d0b8,20/07/2013,Jul-13,7,2013,LEWIS GAY,Minor Dam,168,15.3,169.5,100.89
c35eeeba-b73d-464e-9cb0-245e04599580,21/07/2013,Jul-13,7,2013,LEWIS GAY,Minor Dam,168,15.3,169.5,100.89
2e866cdf-b22e-41ab-aca0-5d33190f3f90,22/07/2013,Jul-13,7,2013,LEWIS GAY,Minor Dam,168,15.3,169.5,100.89
3c3f4e1c-1cc1-49bb-9b18-a18f5d729ec4,23/07/2013,Jul-13,7,2013,LEWIS GAY,Minor Dam,168,15.3,169.5,100.89
9e536a5b-e4b8-48cd-8c04-add3e7f8b215,24/07/2013,Jul-13,7,2013,LEWIS GAY,Minor Dam,168,15.3,169.5,100.89
e94a5c14-57df-440d-ba8a-4fa92bad9c1e,25/07/2013,Jul-13,7,2013,LEWIS GAY,Minor Dam,168,15.3,169.5,100.89
b94b5b5c-239f-47ee-b55d-4e8f126e57b5,26/07/2013,Jul-13,7,2013,LEWIS GAY,Minor Dam,168,15.3,169.5,100.89
4334e1f0-d959-4700-a24d-61ab3cc9f899,27/07/2013,Jul-13,7,2013,LEWIS GAY,Minor Dam,168,15.3,169.5,100.89
b49d703d-eb02-4738-a159-0eab91ec1a80,28/07/2013,Jul-13,7,2013,LEWIS GAY,Minor Dam,168,15.3,169.5,100.89
ecdf0bd7-9656-4e86-860e-d2e04fbbedc0,29/07/2013,Jul-13,7,2013,LEWIS GAY,Minor Dam,168,15.3,169.5,100.89
77c198e0-41e1-46b3-bfd2-f9385ecb7c3c,30/07/2013,Jul-13,7,2013,LEWIS GAY,Minor Dam,168,15.3,169.5,100.89
da506251-10ae-4c4b-9a45-e0fb2c1dd0fa,31/07/2013,Jul-13,7,2013,LEWIS GAY,Minor Dam,168,15.3,169.5,100.89
e10f0bd2-4eb1-4741-bd69-b207ad54ebd5,01/08/2013,Aug-13,8,2013,LEWIS GAY,Minor Dam,168,15.3,169.5,100.89
41be06b2-a31f-469b-a438-cb07ac981ca6,02/08/2013,Aug-13,8,2013,LEWIS GAY,Minor Dam,168,15.3,169.5,100.89
47cfda7b-1f4e-4df1-a58e-1cf9a8fa702c,03/08/2013,Aug-13,8,2013,LEWIS GAY,Minor Dam,168,15.3,169.5,100.89
dfd48741-e5bb-4b2a-aa1a-82929ede9157,04/08/2013,Aug-13,8,2013,LEWIS GAY,Minor Dam,168,15.3,169.5,100.89
1fef43ae-932f-4f6a-9edc-301378346741,05/08/2013,Aug-13,8,2013,LEWIS GAY,Minor Dam,168,15.3,169.5,100.89
8d61c7b6-a7e3-49dd-865c-bac4ce1e4a45,06/08/2013,Aug-13,8,2013,LEWIS GAY,Minor Dam,168,15.3,169.5,100.89
85e9f26a-9df0-4ce4-8cc6-13b3eaeeab0e,07/08/2013,Aug-13,8,2013,LEWIS GAY,Minor Dam,168,15.3,169.5,100.89
430a6d79-9a26-486e-bab8-3d8f12078220,08/08/2013,Aug-13,8,2013,LEWIS GAY,Minor Dam,168,15.3,169.5,100.89
f893754e-a1c3-43f1-af1e-f26ce1003bba,09/08/2013,Aug-13,8,2013,LEWIS GAY,Minor Dam,168,15.3,169.5,100.89
f7b9cc5f-7c64-40b4-97fb-419afc5aa991,10/08/2013,Aug-13,8,2013,LEWIS GAY,Minor Dam,168,15.3,169.5,100.89
bc143c2c-e1af-47d4-92d1-c29a57de9b83,11/08/2013,Aug-13,8,2013,LEWIS GAY,Minor Dam,168,15.3,169.5,100.89
ff815955-1181-4854-9cb9-2b5302b9ac56,12/08/2013,Aug-13,8,2013,LEWIS GAY,Minor Dam,168,15.3,169.5,100.89
d3002ad2-5f63-4037-bfbc-e90087eeb7c9,13/08/2013,Aug-13,8,2013,LEWIS GAY,Minor Dam,168,15.3,169.5,100.89
b6f9f8eb-db0b-4182-a20c-1281a78317d8,14/08/2013,Aug-13,8,2013,LEWIS GAY,Minor Dam,168,15.3,169.5,100.89
578fb728-023e-4569-92b2-59294ace53a1,15/08/2013,Aug-13,8,2013,LEWIS GAY,Minor Dam,168,15.3,169.5,100.89
3d5b478f-87ad-43b1-bd2a-b1e8471346cf,16/08/2013,Aug-13,8,2013,LEWIS GAY,Minor Dam,168,15.3,169.5,100.89
9bb3ca49-2e59-4a5f-9c35-f104c3a4be5b,17/08/2013,Aug-13,8,2013,LEWIS GAY,Minor Dam,168,15.3,169.5,100.89
483c1a67-efa8-487e-8a4d-0cf675164bc9,18/08/2013,Aug-13,8,2013,LEWIS GAY,Minor Dam,168,15.3,169.5,100.89
15d2c9ed-9f1b-455f-9e74-d78799579388,19/08/2013,Aug-13,8,2013,LEWIS GAY,Minor Dam,168,15.38,171.9,102.32
8275d5fd-0db7-4c37-9bcf-4b46983f3793,20/08/2013,Aug-13,8,2013,LEWIS GAY,Minor Dam,168,15.38,171.9,102.32
113ef359-23bb-4334-96dc-bbd64f053e95,21/08/2013,Aug-13,8,2013,LEWIS GAY,Minor Dam,168,15.3,169.5,100.89
65f50354-de2b-440e-a2ed-79d0316fbdfc,22/08/2013,Aug-13,8,2013,LEWIS GAY,Minor Dam,168,15.3,169.5,100.89
ecdc09b1-4dd2-4ee6-87a3-3089934ffb77,23/08/2013,Aug-13,8,2013,LEWIS GAY,Minor Dam,168,15.38,171.9,102.32
3676d852-70a1-4a56-8e62-3885fe24ff05,24/08/2013,Aug-13,8,2013,LEWIS GAY,Minor Dam,168,15.3,169.5,100.89
7e46f2d3-a48b-4dbe-83d4-410c54911017,25/08/2013,Aug-13,8,2013,LEWIS GAY,Minor Dam,168,15.3,169.5,100.89
371c41ca-7ee6-488d-9b8b-2001ebabe25a,26/08/2013,Aug-13,8,2013,LEWIS GAY,Minor Dam,168,15.3,169.5,100.89
9727758e-c328-41b4-ba37-f95596de00f1,27/08/2013,Aug-13,8,2013,LEWIS GAY,Minor Dam,168,15.3,169.5,100.89
87eda642-fe70-42d0-9251-68143aedfa3d,28/08/2013,Aug-13,8,2013,LEWIS GAY,Minor Dam,168,15.3,169.5,100.89
485431e7-1605-4317-a740-a004c2f86acb,29/08/2013,Aug-13,8,2013,LEWIS GAY,Minor Dam,168,15.3,169.5,100.89
aa9d14bd-68c0-4b0a-a304-4652ee85ccca,30/08/2013,Aug-13,8,2013,LEWIS GAY,Minor Dam,168,15.3,169.5,100.89
30db1a2f-68bd-47f2-9b43-d163c0216275,31/08/2013,Aug-13,8,2013,LEWIS GAY,Minor Dam,168,15.3,169.5,100.89
c4e2c6a8-e522-4042-9ea2-5b6edb9c11ca,01/09/2013,Sep-13,9,2013,LEWIS GAY,Minor Dam,168,15.3,169.5,100.89
7d26bef1-a0fd-4c44-b1c6-621ee08fe253,02/09/2013,Sep-13,9,2013,LEWIS GAY,Minor Dam,168,15.3,169.5,100.89
0625ea39-8c85-4d6d-b1dc-91dff16d7ecd,03/09/2013,Sep-13,9,2013,LEWIS GAY,Minor Dam,168,15.3,169.5,100.89
a40b382c-d543-4ac7-b0b7-3a75b8d614ce,04/09/2013,Sep-13,9,2013,LEWIS GAY,Minor Dam,168,15.3,169.5,100.89
07e6f96a-e17b-49ea-941e-2e53fc5bb72e,05/09/2013,Sep-13,9,2013,LEWIS GAY,Minor Dam,168,15.3,169.5,100.89
3762e030-4681-455d-8c16-583f40549a2a,06/09/2013,Sep-13,9,2013,LEWIS GAY,Minor Dam,168,15.3,169.5,100.89
0ed018de-da9a-4518-a927-98633a2ef5d1,07/09/2013,Sep-13,9,2013,LEWIS GAY,Minor Dam,168,15.3,169.5,100.89
03232a77-0d9e-4796-8955-511e92c4f505,08/09/2013,Sep-13,9,2013,LEWIS GAY,Minor Dam,168,15.3,169.5,100.89
0c392bd8-cd7a-46f7-9735-c5ac25a891e5,09/09/2013,Sep-13,9,2013,LEWIS GAY,Minor Dam,168,15.3,169.5,100.89
b47f959a-ea20-4aac-b848-ea88adb32fbc,10/09/2013,Sep-13,9,2013,LEWIS GAY,Minor Dam,168,15.3,169.5,100.89
83465335-3080-42a7-a86c-54a2b01cb999,11/09/2013,Sep-13,9,2013,LEWIS GAY,Minor Dam,168,15.3,169.5,100.89
96d1aa84-755b-4b2c-a912-62bf3e2d55f9,12/09/2013,Sep-13,9,2013,LEWIS GAY,Minor Dam,168,15.3,169.5,100.89
2024effe-d650-4454-bd5a-5fa6dba434c7,13/09/2013,Sep-13,9,2013,LEWIS GAY,Minor Dam,168,15.3,169.5,100.89
9d4245c2-08dd-4f72-8deb-fdbc0904c87e,14/09/2013,Sep-13,9,2013,LEWIS GAY,Minor Dam,168,15.3,169.5,100.89
c5a0fd6f-693a-4fc4-bf9c-6ed3957643ea,15/09/2013,Sep-13,9,2013,LEWIS GAY,Minor Dam,168,15.3,169.5,100.89
5310181c-5caa-4247-8f18-740af8709628,16/09/2013,Sep-13,9,2013,LEWIS GAY,Minor Dam,168,15.3,169.5,100.89
94578d56-79e5-442a-a1b6-bd75e61d79b7,17/09/2013,Sep-13,9,2013,LEWIS GAY,Minor Dam,168,15.3,169.5,100.89
5f33fdd2-f58a-4842-ae73-362ca7bb4f13,18/09/2013,Sep-13,9,2013,LEWIS GAY,Minor Dam,168,15.3,169.5,100.89
d3825a53-8cbb-4a10-af9c-33e658a94c37,19/09/2013,Sep-13,9,2013,LEWIS GAY,Minor Dam,168,15.3,169.5,100.89
bce6e791-e16e-4ee1-afa8-1e176d28e910,20/09/2013,Sep-13,9,2013,LEWIS GAY,Minor Dam,168,15.3,169.5,100.89
ce1831a6-534f-4bb4-a12b-8782aac8dfa4,21/09/2013,Sep-13,9,2013,LEWIS GAY,Minor Dam,168,15.3,169.5,100.89
c4eccedf-ad6f-49cf-b35d-12ae02550524,22/09/2013,Sep-13,9,2013,LEWIS GAY,Minor Dam,168,15.3,169.5,100.89
0693e9f8-e718-4ed3-b273-6822ceda24c2,23/09/2013,Sep-13,9,2013,LEWIS GAY,Minor Dam,168,15.3,169.5,100.89
6b39ace9-1837-43f3-bbb6-81b66d516d73,24/09/2013,Sep-13,9,2013,LEWIS GAY,Minor Dam,168,15.38,171.9,102.32
612f30f1-a7ea-4ad2-bf3b-acf4ec623dce,25/09/2013,Sep-13,9,2013,LEWIS GAY,Minor Dam,168,15.38,171.9,102.32
7fbad4fa-f081-40a9-bc2d-9e4e0939b3ea,26/09/2013,Sep-13,9,2013,LEWIS GAY,Minor Dam,168,15.3,169.5,100.89
7bd2c318-8738-4a85-bbf6-77aeaa7caab0,27/09/2013,Sep-13,9,2013,LEWIS GAY,Minor Dam,168,15.3,169.5,100.89
a1bf3d98-2e41-4525-888a-ad85b4d2ae6d,28/09/2013,Sep-13,9,2013,LEWIS GAY,Minor Dam,168,15.38,171.9,102.32
75abffee-c448-441d-9033-08b29507e000,29/09/2013,Sep-13,9,2013,LEWIS GAY,Minor Dam,168,15.38,171.9,102.32
f22ec3fc-8e99-4eb8-abe6-c5f2817219fd,30/09/2013,Sep-13,9,2013,LEWIS GAY,Minor Dam,168,15.38,171.9,102.32
c601151b-6102-4ffc-b4d4-5b0dd0886928,01/10/2013,Oct-13,10,2013,LEWIS GAY,Minor Dam,168,15.38,171.9,102.32
6bf2c53a-5e29-42af-88fd-66e58d00c2ff,02/10/2013,Oct-13,10,2013,LEWIS GAY,Minor Dam,168,15.38,171.9,102.32
c3a6acaf-9ce4-47a4-a3b7-49ca37893c76,03/10/2013,Oct-13,10,2013,LEWIS GAY,Minor Dam,168,15.38,171.9,102.32
5afd8cb4-cfb8-4028-8081-9a69bd0cd895,04/10/2013,Oct-13,10,2013,LEWIS GAY,Minor Dam,168,15.3,169.5,100.89
85f93d97-4b11-4695-a56b-faa119871e30,05/10/2013,Oct-13,10,2013,LEWIS GAY,Minor Dam,168,15.3,169.5,100.89
5aa4961c-e0bb-419b-914f-301d65c02f2c,06/10/2013,Oct-13,10,2013,LEWIS GAY,Minor Dam,168,15.3,169.5,100.89
9588e641-5dcb-405e-a8d3-f9f889ee8e63,07/10/2013,Oct-13,10,2013,LEWIS GAY,Minor Dam,168,15.3,169.5,100.89
454cc5af-1e9f-493c-8974-e460fa66cfa5,08/10/2013,Oct-13,10,2013,LEWIS GAY,Minor Dam,168,15.3,169.5,100.89
e98c659a-4213-44ff-9600-8e544f57072d,09/10/2013,Oct-13,10,2013,LEWIS GAY,Minor Dam,168,15.3,169.5,100.89
623badee-ac13-40ff-bff6-40566c66e2fc,10/10/2013,Oct-13,10,2013,LEWIS GAY,Minor Dam,168,15.3,169.5,100.89
abbc4908-fc93-4e5d-b893-4427773ed7c6,11/10/2013,Oct-13,10,2013,LEWIS GAY,Minor Dam,168,15.3,169.5,100.89
82efd40e-bbf1-4227-89ee-d3f144bed711,12/10/2013,Oct-13,10,2013,LEWIS GAY,Minor Dam,168,15.3,169.5,100.89
369f2712-cc11-46ba-833d-165a2669dd93,13/10/2013,Oct-13,10,2013,LEWIS GAY,Minor Dam,168,15.3,169.5,100.89
f5b53e2f-10fe-4ffb-89d2-2ff89d21edc0,14/10/2013,Oct-13,10,2013,LEWIS GAY,Minor Dam,168,15.3,169.5,100.89
7b9bdb0a-f524-4888-bdc2-768fecbd5ee4,15/10/2013,Oct-13,10,2013,LEWIS GAY,Minor Dam,168,15.3,169.5,100.89
8cc94c8f-0f78-4ca5-9c8a-2d7c58385e81,16/10/2013,Oct-13,10,2013,LEWIS GAY,Minor Dam,168,15.3,169.5,100.89
02749719-ed8c-4a68-aab3-fce906780f32,17/10/2013,Oct-13,10,2013,LEWIS GAY,Minor Dam,168,15.3,169.5,100.89
0165f42c-7ab0-4433-a9a2-fb0ef0004f8f,18/10/2013,Oct-13,10,2013,LEWIS GAY,Minor Dam,168,15.3,169.5,100.89
a0e2cf18-4fcf-4950-9ee6-2837ab852eec,19/10/2013,Oct-13,10,2013,LEWIS GAY,Minor Dam,168,15.3,169.5,100.89
ce55f5ad-4182-4494-89cc-33cf77b80b73,20/10/2013,Oct-13,10,2013,LEWIS GAY,Minor Dam,168,15.3,169.5,100.89
d6744744-526e-4b22-a372-041d4bbae3e3,21/10/2013,Oct-13,10,2013,LEWIS GAY,Minor Dam,168,15.15,164.9,98.15
8b91bb6a-6e7c-4cce-a66b-54cb40122d9e,22/10/2013,Oct-13,10,2013,LEWIS GAY,Minor Dam,168,15.15,164.9,98.15
486b1685-dabe-45f6-9e9e-b3f14a98a511,23/10/2013,Oct-13,10,2013,LEWIS GAY,Minor Dam,168,15.15,164.9,98.15
fc926e26-4a8e-4685-9347-fa24f4e669eb,24/10/2013,Oct-13,10,2013,LEWIS GAY,Minor Dam,168,15.15,164.9,98.15
6d4fc23f-33d3-4164-8a1c-cce64120e736,25/10/2013,Oct-13,10,2013,LEWIS GAY,Minor Dam,168,15.15,164.9,98.15
acf6c0a3-eba5-40ff-a568-c318c3afbc6f,26/10/2013,Oct-13,10,2013,LEWIS GAY,Minor Dam,168,15,160.2,95.36
b140873d-dc99-455a-a388-61fa9f2746d1,27/10/2013,Oct-13,10,2013,LEWIS GAY,Minor Dam,168,14.95,158.7,94.46
bace2e6d-d57a-4069-9a0b-f680dbd31812,28/10/2013,Oct-13,10,2013,LEWIS GAY,Minor Dam,168,14.9,157.2,93.57
34832284-cbdb-495e-afc6-f2209f172cd0,29/10/2013,Oct-13,10,2013,LEWIS GAY,Minor Dam,168,14.9,157.2,93.57
20a83a5b-888c-496f-b9ea-5fad7136d911,30/10/2013,Oct-13,10,2013,LEWIS GAY,Minor Dam,168,14.9,157.2,93.57
c8e82346-62b9-4c1d-903c-817b19d56c9d,31/10/2013,Oct-13,10,2013,LEWIS GAY,Minor Dam,168,14.9,157.2,93.57
a6d9645a-791e-46a5-8e70-30559c82cc73,01/11/2013,Nov-13,11,2013,LEWIS GAY,Minor Dam,168,14.9,157.2,93.57
a999b8dd-7fb0-40a4-98fb-b71336f048d1,02/11/2013,Nov-13,11,2013,LEWIS GAY,Minor Dam,168,14.95,158.7,94.46
56c09d69-e92b-4eb4-86d9-e1a5dd71999d,03/11/2013,Nov-13,11,2013,LEWIS GAY,Minor Dam,168,14.98,159.6,95
0eb5131e-85c2-42f5-b29e-eca746b98d07,04/11/2013,Nov-13,11,2013,LEWIS GAY,Minor Dam,168,14.94,158.4,94.29
cf08cc43-bc60-4d05-a3fd-48f5c76710ca,05/11/2013,Nov-13,11,2013,LEWIS GAY,Minor Dam,168,14.92,157.8,93.93
3d41ec30-5080-46da-bce7-534c746baceb,06/11/2013,Nov-13,11,2013,LEWIS GAY,Minor Dam,168,14.9,157.2,93.57
96add5ce-38db-4e07-b6ac-0815dff3dee8,07/11/2013,Nov-13,11,2013,LEWIS GAY,Minor Dam,168,14.9,157.2,93.57
47036794-032a-45f2-9dda-664ded426d60,08/11/2013,Nov-13,11,2013,LEWIS GAY,Minor Dam,168,14.87,156.3,93.04
9c5d0260-e937-4c60-b580-0861f8eb257a,09/11/2013,Nov-13,11,2013,LEWIS GAY,Minor Dam,168,14.85,155.6,92.62
05343a8f-dfbc-4ad8-aada-08479dcec885,10/11/2013,Nov-13,11,2013,LEWIS GAY,Minor Dam,168,14.8,154.1,91.73
b9fbdc0f-cca5-40a3-bc3e-e498698329ac,11/11/2013,Nov-13,11,2013,LEWIS GAY,Minor Dam,168,14.78,153.5,91.37
0a140d6b-d6c3-492d-b6a2-a1d3c94849c0,12/11/2013,Nov-13,11,2013,LEWIS GAY,Minor Dam,168,14.74,152.4,90.71
a0d116de-1678-423a-91ad-aa68a566895a,13/11/2013,Nov-13,11,2013,LEWIS GAY,Minor Dam,168,14.7,151.2,90
13ff509e-0e7d-46dd-8cb3-71cb9a6930e3,14/11/2013,Nov-13,11,2013,LEWIS GAY,Minor Dam,168,14.66,150,89.29
dbd10749-3a52-4a27-ab48-c0e868e1ff44,15/11/2013,Nov-13,11,2013,LEWIS GAY,Minor Dam,168,14.62,148.8,88.57
dd20518d-dcaf-48cf-b8df-a8d3f23db94c,16/11/2013,Nov-13,11,2013,LEWIS GAY,Minor Dam,168,15.3,169.5,100.89
576e4cec-ca14-4d0c-bf99-864a7897142f,17/11/2013,Nov-13,11,2013,LEWIS GAY,Minor Dam,168,15.3,169.5,100.89
ffd9c386-f041-4fec-9223-0c0061f27803,18/11/2013,Nov-13,11,2013,LEWIS GAY,Minor Dam,168,15.3,169.5,100.89
6472a1c2-ca91-46ec-834a-9edec096f8e1,19/11/2013,Nov-13,11,2013,LEWIS GAY,Minor Dam,168,15.3,169.5,100.89
244b752a-785c-467c-864b-f89187bb907d,20/11/2013,Nov-13,11,2013,LEWIS GAY,Minor Dam,168,15.3,169.5,100.89
bb023be5-a48a-454c-a69a-a86de31dafdd,21/11/2013,Nov-13,11,2013,LEWIS GAY,Minor Dam,168,15.3,169.5,100.89
42ddccf4-6e07-4bb8-87e7-8b8c2772dd0b,22/11/2013,Nov-13,11,2013,LEWIS GAY,Minor Dam,168,15.3,169.5,100.89
4c82176d-a2de-4008-90fd-6fbb5805de1d,23/11/2013,Nov-13,11,2013,LEWIS GAY,Minor Dam,168,15.3,169.5,100.89
5e4fc74f-eaf9-4b17-9ad0-e3840cd59d25,24/11/2013,Nov-13,11,2013,LEWIS GAY,Minor Dam,168,15.3,169.5,100.89
a9c8eedd-0d1e-4a10-a4d1-0d9176b3164d,25/11/2013,Nov-13,11,2013,LEWIS GAY,Minor Dam,168,15.3,169.5,100.89
e510318a-a4d6-47b7-abd6-6ba1ee63edf4,26/11/2013,Nov-13,11,2013,LEWIS GAY,Minor Dam,168,15.3,169.5,100.89
f5e1605d-a6bd-4609-b7d6-c56ff2886f50,27/11/2013,Nov-13,11,2013,LEWIS GAY,Minor Dam,168,15.3,169.5,100.89
56ae9aee-4fbe-4bd9-bbe5-0f06791b9b9c,28/11/2013,Nov-13,11,2013,LEWIS GAY,Minor Dam,168,15.3,169.5,100.89
7c648e4b-6fc8-4bd5-90ba-d1bed410aae9,29/11/2013,Nov-13,11,2013,LEWIS GAY,Minor Dam,168,15.3,169.5,100.89
43506c0b-4072-4ebb-8f52-ea2c2f855bf7,30/11/2013,Nov-13,11,2013,LEWIS GAY,Minor Dam,168,15.3,169.5,100.89
5131f9aa-2ff0-4a8e-ac62-487580eafa95,01/12/2013,Dec-13,12,2013,LEWIS GAY,Minor Dam,168,15.3,169.5,100.89
83c9c1d8-df5a-499e-9f93-5001e8128cc9,02/12/2013,Dec-13,12,2013,LEWIS GAY,Minor Dam,168,15.3,169.5,100.89
b020f27f-352b-497f-9a94-2ad3aecf9a59,03/12/2013,Dec-13,12,2013,LEWIS GAY,Minor Dam,168,15.3,169.5,100.89
e68e467c-d4d2-4112-963a-8e5137d450ec,04/12/2013,Dec-13,12,2013,LEWIS GAY,Minor Dam,168,15.3,169.5,100.89
a2a03736-e94a-43ea-a463-9defa11ffeec,05/12/2013,Dec-13,12,2013,LEWIS GAY,Minor Dam,168,15.27,168.6,100.36
49075989-9341-4f81-89cb-0495c7f09f53,06/12/2013,Dec-13,12,2013,LEWIS GAY,Minor Dam,168,15.2,166.4,99.05
6023f4b2-a70c-4822-a396-28968f5a3a4b,07/12/2013,Dec-13,12,2013,LEWIS GAY,Minor Dam,168,15.2,166.4,99.05
ed0eae9c-a52a-4938-b58f-7cb13ebe3aee,08/12/2013,Dec-13,12,2013,LEWIS GAY,Minor Dam,168,15.17,165.5,98.51
fa376f13-2561-4bfc-8d8c-463c5c40f8b5,09/12/2013,Dec-13,12,2013,LEWIS GAY,Minor Dam,168,15.1,163.3,97.2
a4811fc9-be46-4afe-95bf-eeb127dfaf10,10/12/2013,Dec-13,12,2013,LEWIS GAY,Minor Dam,168,15.1,163.3,97.2
4a1cc9dc-b38a-4591-9009-c14e72b6624b,11/12/2013,Dec-13,12,2013,LEWIS GAY,Minor Dam,168,15.04,161.4,96.07
0a209638-3b5a-48fe-83b4-fab6786d2263,12/12/2013,Dec-13,12,2013,LEWIS GAY,Minor Dam,168,15,160.2,95.36
bccc7781-97a9-4ad4-8fb1-228ca62ca2a8,13/12/2013,Dec-13,12,2013,LEWIS GAY,Minor Dam,168,14.95,158.7,94.46
aadc76a1-f61f-41bb-99eb-0569eb6d5004,14/12/2013,Dec-13,12,2013,LEWIS GAY,Minor Dam,168,14.92,157.8,93.93
7ad580d4-7cc9-4bd9-9d00-cd4ca2b230d0,15/12/2013,Dec-13,12,2013,LEWIS GAY,Minor Dam,168,14.88,156.6,93.21
12d7b2e4-1060-471d-b370-1ad8ea84e6af,16/12/2013,Dec-13,12,2013,LEWIS GAY,Minor Dam,168,14.85,155.6,92.62
90a1ad69-f2d7-466b-a6a4-b988e92f2e00,17/12/2013,Dec-13,12,2013,LEWIS GAY,Minor Dam,168,14.8,154.1,91.73
3a73037e-f312-41f5-8f67-62e9c7ca8fce,18/12/2013,Dec-13,12,2013,LEWIS GAY,Minor Dam,168,14.75,152.7,90.89
9d29c694-366d-483f-9802-c361e0ba7e0b,19/12/2013,Dec-13,12,2013,LEWIS GAY,Minor Dam,168,14.7,151.2,90
c0b96b8c-300e-4012-af08-9972d5ab47be,20/12/2013,Dec-13,12,2013,LEWIS GAY,Minor Dam,168,14.65,149.7,89.11
f8975f38-02de-4b52-b39b-daf3049e4dba,21/12/2013,Dec-13,12,2013,LEWIS GAY,Minor Dam,168,14.6,148.2,88.21
877a0b8b-5c19-4de1-b2d2-443a375b17a5,22/12/2013,Dec-13,12,2013,LEWIS GAY,Minor Dam,168,14.2,136.7,81.37
3532700f-1f3a-4277-9dcb-07b431721d49,23/12/2013,Dec-13,12,2013,LEWIS GAY,Minor Dam,168,14.2,136.7,81.37
f6f80d94-3829-4bbd-a65a-63cf5f8d4a67,24/12/2013,Dec-13,12,2013,LEWIS GAY,Minor Dam,168,14.2,136.7,81.37
4b1f4e3a-c21d-4c2e-838f-a8a5c400ede4,25/12/2013,Dec-13,12,2013,LEWIS GAY,Minor Dam,168,14.15,135.2,80.48
17eba4a7-98ae-4c64-92b0-5bec5628309c,26/12/2013,Dec-13,12,2013,LEWIS GAY,Minor Dam,168,14.1,133.8,79.64
14000f41-f65f-4f67-b3fb-a232b6c4166a,27/12/2013,Dec-13,12,2013,LEWIS GAY,Minor Dam,168,14.05,132.4,78.81
29634dcf-2488-47b9-83cf-01d96fad9511,28/12/2013,Dec-13,12,2013,LEWIS GAY,Minor Dam,168,14.2,136.7,81.37
2b3d795f-2ef0-41af-b3d6-bd4906cc874b,29/12/2013,Dec-13,12,2013,LEWIS GAY,Minor Dam,168,14.1,133.8,79.64
eee16a80-9f31-445d-8684-5ed6b9e0f4c1,30/12/2013,Dec-13,12,2013,LEWIS GAY,Minor Dam,168,14.05,132.4,78.81
da5d0ef3-61f3-4dc3-8497-1152c6f3592a,31/12/2013,Dec-13,12,2013,LEWIS GAY,Minor Dam,168,14,131,77.98
54b8901b-70db-4737-affd-73bebf548a67,01/01/2014,Jan-14,1,2014,LEWIS GAY,Minor Dam,168,13.9,128.3,76.37
7d35f698-d2df-494e-92f0-f2f4a3fdb33d,02/01/2014,Jan-14,1,2014,LEWIS GAY,Minor Dam,168,13.85,126.9,75.54
5f430911-b6c8-4003-8e6e-dd9a391d6a22,03/01/2014,Jan-14,1,2014,LEWIS GAY,Minor Dam,168,13.78,125,74.4
531e95ce-c1b0-4e78-bcbd-c1b9a81da9cc,04/01/2014,Jan-14,1,2014,LEWIS GAY,Minor Dam,168,13.7,122.9,73.15
a886b0ac-e8b7-4e0e-9586-c537501f1e5f,05/01/2014,Jan-14,1,2014,LEWIS GAY,Minor Dam,168,13.62,120.7,71.85
50775aec-589c-4df3-9255-fe9f3cda9662,06/01/2014,Jan-14,1,2014,LEWIS GAY,Minor Dam,168,13.53,118.4,70.48
684e07b0-2687-4e05-8ee4-18f5d6994e32,07/01/2014,Jan-14,1,2014,LEWIS GAY,Minor Dam,168,13.48,117.1,69.7
5de955a6-5a83-437d-90ea-90231de47734,08/01/2014,Jan-14,1,2014,LEWIS GAY,Minor Dam,168,13.5,117.6,70
5b32b7ef-f67b-4395-965c-dcf01e5f9d5a,09/01/2014,Jan-14,1,2014,LEWIS GAY,Minor Dam,168,13.46,116.6,69.4
ad817799-643e-483e-9573-a4717c4f0377,10/01/2014,Jan-14,1,2014,LEWIS GAY,Minor Dam,168,13.42,115.5,68.75
77cec8fd-a9df-4a40-a4fb-cc494cc599c5,11/01/2014,Jan-14,1,2014,LEWIS GAY,Minor Dam,168,13.36,114,67.86
53fb477a-9961-4d66-9f8e-0e2f1d317a96,12/01/2014,Jan-14,1,2014,LEWIS GAY,Minor Dam,168,13.3,112.5,66.96
1c2717f5-cca5-4f92-8759-be88c7864251,13/01/2014,Jan-14,1,2014,LEWIS GAY,Minor Dam,168,13.23,110.8,65.95
31ba9b68-9a12-409c-9141-a19da29fe9fb,14/01/2014,Jan-14,1,2014,LEWIS GAY,Minor Dam,168,13.16,109,64.88
65f3aaff-5f2c-4385-ae9e-0d864f356d08,15/01/2014,Jan-14,1,2014,LEWIS GAY,Minor Dam,168,13.1,107.6,64.05
3fa87876-4381-46a9-bea3-5dec10c0e4b9,16/01/2014,Jan-14,1,2014,LEWIS GAY,Minor Dam,168,13.05,106.3,63.27
6d604af3-d1a5-47df-a1d0-5cb0f2af17ce,17/01/2014,Jan-14,1,2014,LEWIS GAY,Minor Dam,168,13,105.1,62.56
043705bc-f84d-4d59-ac7a-a11a96897911,18/01/2014,Jan-14,1,2014,LEWIS GAY,Minor Dam,168,12.9,102.7,61.13
e2b689ed-8805-47b1-9caa-cdd7798f8c07,19/01/2014,Jan-14,1,2014,LEWIS GAY,Minor Dam,168,12.85,101.6,60.48
bf394beb-f02f-4935-afe8-b4cd3f22bab4,20/01/2014,Jan-14,1,2014,LEWIS GAY,Minor Dam,168,12.7,98.1,58.39
56d1bb7d-4a43-444a-a606-2b920ec2c97b,21/01/2014,Jan-14,1,2014,LEWIS GAY,Minor Dam,168,12.6,95.9,57.08
be08d912-fa49-493f-a844-4e3e849338b8,22/01/2014,Jan-14,1,2014,LEWIS GAY,Minor Dam,168,12.55,94.7,56.37
627b0725-7e3e-4b6f-b60e-8d8c0c6c91e1,23/01/2014,Jan-14,1,2014,LEWIS GAY,Minor Dam,168,12.44,92.3,54.94
89660a97-2cd6-40e6-907e-18a3a00a36bb,24/01/2014,Jan-14,1,2014,LEWIS GAY,Minor Dam,168,12.38,91,54.17
8e2da1d0-94c4-4cba-92cb-58893141a56a,25/01/2014,Jan-14,1,2014,LEWIS GAY,Minor Dam,168,12.38,91,54.17
b5e603b0-c6c7-4c8e-85ad-aead7342685b,26/01/2014,Jan-14,1,2014,LEWIS GAY,Minor Dam,168,12.2,87.2,51.9
9f127b71-c562-4f58-bbfa-9e604d364754,27/01/2014,Jan-14,1,2014,LEWIS GAY,Minor Dam,168,12.1,85.1,50.65
cdc9e18e-e2f7-4734-8a1f-f1ad2d216e83,28/01/2014,Jan-14,1,2014,LEWIS GAY,Minor Dam,168,12,83,49.4
dfb98133-0f10-4ecc-8ec0-4fe439ef9882,29/01/2014,Jan-14,1,2014,LEWIS GAY,Minor Dam,168,11.95,82,48.81
55cd5fc4-2875-4630-8aa3-068867618801,30/01/2014,Jan-14,1,2014,LEWIS GAY,Minor Dam,168,11.9,81,48.21
50de454a-222d-48e5-994b-9d52412f706e,31/01/2014,Jan-14,1,2014,LEWIS GAY,Minor Dam,168,11.78,78.6,46.79
53033607-9e6c-4b6a-bcdc-a6bfc09f2cb5,01/02/2014,Feb-14,2,2014,LEWIS GAY,Minor Dam,168,11.98,82.6,49.17
2ebd5e62-76db-47e4-9355-f34b8ebc2061,02/02/2014,Feb-14,2,2014,LEWIS GAY,Minor Dam,168,12.3,89.3,53.15
315558b7-6185-4ec3-9071-470ed81fd315,03/02/2014,Feb-14,2,2014,LEWIS GAY,Minor Dam,168,12.6,95.9,57.08
280fb9d0-812f-4d19-903c-72473d8f489d,04/02/2014,Feb-14,2,2014,LEWIS GAY,Minor Dam,168,12.85,101.6,60.48
0afe08d3-73ff-4f27-8d8a-a71cfe6a5110,05/02/2014,Feb-14,2,2014,LEWIS GAY,Minor Dam,168,13.15,108.3,64.46
abffc87d-78b4-49e2-ac0f-9d4cb2ca31e3,06/02/2014,Feb-14,2,2014,LEWIS GAY,Minor Dam,168,13.37,114.3,68.04
9bbb8a01-6e58-407c-91c4-49d43178bf77,07/02/2014,Feb-14,2,2014,LEWIS GAY,Minor Dam,168,13.65,121.5,72.32
73c74f77-61c7-4394-8e61-0ce553970c01,08/02/2014,Feb-14,2,2014,LEWIS GAY,Minor Dam,168,13.85,126.9,75.54
f3c12c9a-9b06-40ca-a3a7-eb52399b6630,09/02/2014,Feb-14,2,2014,LEWIS GAY,Minor Dam,168,13.95,129.6,77.14
2c35c355-3350-47c1-8c9d-04dc5a05d8c9,10/02/2014,Feb-14,2,2014,LEWIS GAY,Minor Dam,168,14.35,141,83.93
e87b2994-6f79-4af3-b259-15d01506658d,11/02/2014,Feb-14,2,2014,LEWIS GAY,Minor Dam,168,14.55,146.8,87.38
988e956f-012e-4278-b6f2-c35507799420,12/02/2014,Feb-14,2,2014,LEWIS GAY,Minor Dam,168,14.5,145.3,86.49
d5195651-22fc-4e9c-be1f-c762cab41dae,13/02/2014,Feb-14,2,2014,LEWIS GAY,Minor Dam,168,14.4,142.5,84.82
b8250de8-bb91-4e27-a8fb-0962d73397d1,14/02/2014,Feb-14,2,2014,LEWIS GAY,Minor Dam,168,14.3,139.5,83.04
4f298d91-1704-4246-b835-9887280e55cc,15/02/2014,Feb-14,2,2014,LEWIS GAY,Minor Dam,168,14.2,136.7,81.37
9c29df2e-482d-4462-b4cf-1b97deec73ef,16/02/2014,Feb-14,2,2014,LEWIS GAY,Minor Dam,168,14.1,133.8,79.64
84c1b7fb-95ae-4a64-a436-914f3d71772b,17/02/2014,Feb-14,2,2014,LEWIS GAY,Minor Dam,168,14,131,77.98
9784ed64-1485-4644-ae06-ee050a11dc89,18/02/2014,Feb-14,2,2014,LEWIS GAY,Minor Dam,168,13.9,128.3,76.37
f43958d8-1787-4eb1-b209-00d4d2febba6,19/02/2014,Feb-14,2,2014,LEWIS GAY,Minor Dam,168,13.8,125.5,74.7
37bf8ef5-d176-4810-ba3d-2d4a782660ff,20/02/2014,Feb-14,2,2014,LEWIS GAY,Minor Dam,168,13.75,124.2,73.93
ed7bdc88-1087-409c-8c2b-5c1e7a6abb9b,21/02/2014,Feb-14,2,2014,LEWIS GAY,Minor Dam,168,13.65,121.5,72.32
f2a00a4c-d7eb-426c-b047-bfc208d3618c,22/02/2014,Feb-14,2,2014,LEWIS GAY,Minor Dam,168,13.55,118.9,70.77
84c25e56-1819-40f3-b627-2533da7390c8,23/02/2014,Feb-14,2,2014,LEWIS GAY,Minor Dam,168,13.45,116.3,69.23
cc4d5052-67af-4cc9-a2c1-0c5ef91c11fe,24/02/2014,Feb-14,2,2014,LEWIS GAY,Minor Dam,168,13.3,112.5,66.96
6c9fafc5-5075-44ab-bd97-0e1781a56a4a,25/02/2014,Feb-14,2,2014,LEWIS GAY,Minor Dam,168,13.2,110,65.48
35e1bb38-d217-4076-b76a-4292eb2cdf49,26/02/2014,Feb-14,2,2014,LEWIS GAY,Minor Dam,168,13.1,107.6,64.05
4907ce75-3ca2-4704-a10b-76d0c7f50157,27/02/2014,Feb-14,2,2014,LEWIS GAY,Minor Dam,168,12.8,100.4,59.76
8d868e87-c1de-4246-b898-48348874eef0,28/02/2014,Feb-14,2,2014,LEWIS GAY,Minor Dam,168,12.9,102.7,61.13
7fa71149-7177-4bdf-9a54-aa2061316d1e,01/03/2014,Mar-14,3,2014,LEWIS GAY,Minor Dam,168,12.86,101.8,60.6
470df872-e1d9-4d35-ab3d-f176a5b27941,02/03/2014,Mar-14,3,2014,LEWIS GAY,Minor Dam,168,12.66,97.2,57.86
2f491c57-b3b6-4a1c-b871-dc1fa291150c,03/03/2014,Mar-14,3,2014,LEWIS GAY,Minor Dam,168,12.58,95.4,56.79
833fd11a-6943-4ed8-a509-43ae216dc0cc,04/03/2014,Mar-14,3,2014,LEWIS GAY,Minor Dam,168,12.4,91.4,54.4
99706c2b-ac24-470c-8a1f-cb21df7a628a,05/03/2014,Mar-14,3,2014,LEWIS GAY,Minor Dam,168,12.3,89.3,53.15
eda14117-143a-419a-a1be-0201ffb36fd6,06/03/2014,Mar-14,3,2014,LEWIS GAY,Minor Dam,168,12.2,87.2,51.9
431e9f41-ac3b-4c9d-93fd-909ca81e50fb,07/03/2014,Mar-14,3,2014,LEWIS GAY,Minor Dam,168,12,83,49.4
dc758e91-7a20-47fc-8415-1ad9b27e1ff4,08/03/2014,Mar-14,3,2014,LEWIS GAY,Minor Dam,168,11.95,82,48.81
9f24ca28-5cec-4192-ad35-35a1555a4a31,09/03/2014,Mar-14,3,2014,LEWIS GAY,Minor Dam,168,11.85,80,47.62
81597ed7-cb72-4c19-82f4-a1a8b12c9315,10/03/2014,Mar-14,3,2014,LEWIS GAY,Minor Dam,168,11.65,76.1,45.3
059e1427-b058-4b6f-9c4f-85882fae8eba,11/03/2014,Mar-14,3,2014,LEWIS GAY,Minor Dam,168,11.53,73.8,43.93
837e6d8f-3f83-4516-8bc6-85ea63b5ae30,12/03/2014,Mar-14,3,2014,LEWIS GAY,Minor Dam,168,11.4,71.4,42.5
237485e7-0fc3-423e-bd86-eb15a8f946c4,13/03/2014,Mar-14,3,2014,LEWIS GAY,Minor Dam,168,11.2,67.9,40.42
6864b64e-a106-44dd-aab6-0881ba6bc6ab,14/03/2014,Mar-14,3,2014,LEWIS GAY,Minor Dam,168,11.08,65.8,39.17
f7aacc2e-637b-45e2-a29a-77d62867ee70,15/03/2014,Mar-14,3,2014,LEWIS GAY,Minor Dam,168,10.96,63.8,37.98
d41645e8-77a8-444e-9955-a4937d6c4e9d,16/03/2014,Mar-14,3,2014,LEWIS GAY,Minor Dam,168,10.8,61.2,36.43
e1a59ea3-4a8c-4fd8-ab9d-feb3b62ae19d,17/03/2014,Mar-14,3,2014,LEWIS GAY,Minor Dam,168,10.65,58.8,35
236329fa-8927-4956-aa38-260d1cfac3c4,18/03/2014,Mar-14,3,2014,LEWIS GAY,Minor Dam,168,10.48,56.2,33.45
8a810ce6-7bb4-45cd-9b89-850160e89a2b,19/03/2014,Mar-14,3,2014,LEWIS GAY,Minor Dam,168,10.4,55,32.74
90a863ee-9288-4205-a81c-61d7ed11c783,20/03/2014,Mar-14,3,2014,LEWIS GAY,Minor Dam,168,10.15,51.3,30.54
4a9ff020-465a-4a4a-886e-d4c793ba6736,21/03/2014,Mar-14,3,2014,LEWIS GAY,Minor Dam,168,9.98,48.9,29.11
4db27754-d5a5-4049-bf57-1cf082b1a739,22/03/2014,Mar-14,3,2014,LEWIS GAY,Minor Dam,168,9.81,46.7,27.8
096109f7-9c57-4c53-96fe-6836685143b5,23/03/2014,Mar-14,3,2014,LEWIS GAY,Minor Dam,168,10.1,50.6,30.12
b1a743da-5784-4e4c-bc65-8ac7659430c4,24/03/2014,Mar-14,3,2014,LEWIS GAY,Minor Dam,168,10.5,56.5,33.63
1c3fd42e-220e-4a41-b70a-3bd7a5574da0,25/03/2014,Mar-14,3,2014,LEWIS GAY,Minor Dam,168,10.88,62.5,37.2
a90d09ff-fede-4641-8574-624878e19af3,26/03/2014,Mar-14,3,2014,LEWIS GAY,Minor Dam,168,11.35,70.5,41.96
67904dc2-533f-4229-8c08-7161ea42beb8,27/03/2014,Mar-14,3,2014,LEWIS GAY,Minor Dam,168,11.75,78,46.43
26418866-1d19-47f9-9bc8-80f8da5e50cd,28/03/2014,Mar-14,3,2014,LEWIS GAY,Minor Dam,168,12.75,99.3,59.11
b195f756-ac8f-4ec5-afae-e2a7265af407,29/03/2014,Mar-14,3,2014,LEWIS GAY,Minor Dam,168,12.36,90.6,53.93
6d11d2d2-217f-4f3d-a7f3-ba6011fe74fd,30/03/2014,Mar-14,3,2014,LEWIS GAY,Minor Dam,168,12.6,95.9,57.08
71156982-b54e-4136-8e29-b78a3f43a70f,31/03/2014,Mar-14,3,2014,LEWIS GAY,Minor Dam,168,12.85,101.6,60.48
16e8b742-1533-4b97-a519-6de0bc7b5227,01/04/2014,Apr-14,4,2014,LEWIS GAY,Minor Dam,168,13.11,107.8,64.17
7652c416-9827-45fd-b319-ced45d27744b,02/04/2014,Apr-14,4,2014,LEWIS GAY,Minor Dam,168,13.16,109,64.88
b53fda3c-af06-446d-8d91-5acc52a313a0,03/04/2014,Apr-14,4,2014,LEWIS GAY,Minor Dam,168,13.16,109,64.88
e122a382-ccbc-4e8c-93d8-2e575b83893c,04/04/2014,Apr-14,4,2014,LEWIS GAY,Minor Dam,168,13,105.1,62.56
5f5ece7f-0f1f-4880-99be-15e6b87f911e,05/04/2014,Apr-14,4,2014,LEWIS GAY,Minor Dam,168,12.96,104.2,62.02
223845ca-fdf5-4ea8-899c-066b2ccb18d9,06/04/2014,Apr-14,4,2014,LEWIS GAY,Minor Dam,168,12.88,102.3,60.89
663b0eae-b2ad-4bd8-8743-1c5b985f76f5,07/04/2014,Apr-14,4,2014,LEWIS GAY,Minor Dam,168,12.76,99.5,59.23
eb0dd39a-3057-4c8e-8cd2-600fc2a2fc8f,08/04/2014,Apr-14,4,2014,LEWIS GAY,Minor Dam,168,12.64,96.8,57.62
697b6231-44ef-4abb-8c04-40c8830bad2c,09/04/2014,Apr-14,4,2014,LEWIS GAY,Minor Dam,168,12.58,95.4,56.79
758b33c4-6f4c-4311-b975-ebc9f836d9d5,10/04/2014,Apr-14,4,2014,LEWIS GAY,Minor Dam,168,12.42,91.9,54.7
732fc060-0c93-47ff-a4a8-037e9522949e,11/04/2014,Apr-14,4,2014,LEWIS GAY,Minor Dam,168,12.3,89.3,53.15
15d96901-9352-479b-a302-c91606307aea,12/04/2014,Apr-14,4,2014,LEWIS GAY,Minor Dam,168,12.18,86.7,51.61
08a011a9-bbf5-46b9-9746-162a975ea5d3,13/04/2014,Apr-14,4,2014,LEWIS GAY,Minor Dam,168,12.06,84.2,50.12
97c4abba-809e-4029-9ec8-46d3780141a5,14/04/2014,Apr-14,4,2014,LEWIS GAY,Minor Dam,168,11.9,81,48.21
9d07f324-0dd7-4864-978e-fbc7fe5e1190,15/04/2014,Apr-14,4,2014,LEWIS GAY,Minor Dam,168,11.8,79,47.02
5a46396c-6223-4d1c-a54e-697a79da012a,16/04/2014,Apr-14,4,2014,LEWIS GAY,Minor Dam,168,11.65,76.1,45.3
59179d6f-f79f-4c52-aad6-5c40c76c6074,17/04/2014,Apr-14,4,2014,LEWIS GAY,Minor Dam,168,11.5,73.2,43.57
89192d1c-045b-4ef6-8a0c-8e7fe3d32362,18/04/2014,Apr-14,4,2014,LEWIS GAY,Minor Dam,168,11.44,72.1,42.92
ab1c92b7-df49-4a14-b7bb-940a67837ebe,19/04/2014,Apr-14,4,2014,LEWIS GAY,Minor Dam,168,11.35,70.5,41.96
0e0ab635-9db0-4085-be73-ca83eaca63b8,20/04/2014,Apr-14,4,2014,LEWIS GAY,Minor Dam,168,11.24,68.6,40.83
8eca5fd9-a735-4e88-b773-57ea0e885a74,21/04/2014,Apr-14,4,2014,LEWIS GAY,Minor Dam,168,11.1,66.2,39.4
a31a1128-c4b3-4802-89b1-4fe2587ff196,22/04/2014,Apr-14,4,2014,LEWIS GAY,Minor Dam,168,11,64.5,38.39
d276bec6-d4b3-4015-8811-0fcea9b4a66e,23/04/2014,Apr-14,4,2014,LEWIS GAY,Minor Dam,168,10.9,62.8,37.38
422836a4-6659-447e-b299-ce8d780f8e2b,24/04/2014,Apr-14,4,2014,LEWIS GAY,Minor Dam,168,10.8,61.2,36.43
7583c5c3-3216-4b7e-b61a-dee1591a3e77,25/04/2014,Apr-14,4,2014,LEWIS GAY,Minor Dam,168,10.68,59.3,35.3
9526031a-0f74-4efc-b317-1c613a7926b9,26/04/2014,Apr-14,4,2014,LEWIS GAY,Minor Dam,168,10.53,57,33.93
ca12a50e-87fc-479e-b6c5-e2410e2f5acd,27/04/2014,Apr-14,4,2014,LEWIS GAY,Minor Dam,168,10.42,55.3,32.92
d621b713-36cb-4d7b-92f7-e2b2baaf8513,28/04/2014,Apr-14,4,2014,LEWIS GAY,Minor Dam,168,10.3,53.5,31.85
ef84795d-68a6-4c72-90d7-c57cc0a1468f,29/04/2014,Apr-14,4,2014,LEWIS GAY,Minor Dam,168,10.15,51.3,30.54
7cd31fa7-20a8-480d-8a9b-992d5f70bcd4,30/04/2014,Apr-14,4,2014,LEWIS GAY,Minor Dam,168,10.5,56.5,33.63
e75f32bf-a2ca-44fe-8a78-4c672e009387,01/05/2014,May-14,5,2014,LEWIS GAY,Minor Dam,168,10.82,61.5,36.61
fc940163-75e5-4ade-ada2-45ae323e4e06,02/05/2014,May-14,5,2014,LEWIS GAY,Minor Dam,168,11.15,67,39.88
a0ca689a-b228-4371-9641-64a72354197e,03/05/2014,May-14,5,2014,LEWIS GAY,Minor Dam,168,11.55,74.2,44.17
4404b44c-cbde-4fd2-8604-c4936c3db429,04/05/2014,May-14,5,2014,LEWIS GAY,Minor Dam,168,11.6,75.1,44.7
26d2ffda-cf85-41f3-b3a0-361820979244,05/05/2014,May-14,5,2014,LEWIS GAY,Minor Dam,168,12.48,93.2,55.48
73339015-5397-4ef9-b2d0-53b3b08228fd,06/05/2014,May-14,5,2014,LEWIS GAY,Minor Dam,168,12.88,102.3,60.89
92318e25-907b-46b4-9fd2-1044f419f6d8,07/05/2014,May-14,5,2014,LEWIS GAY,Minor Dam,168,13.25,111.3,66.25
658a420e-cc0e-4f56-a508-8cb612fc3ec3,08/05/2014,May-14,5,2014,LEWIS GAY,Minor Dam,168,13.6,120.2,71.55
df95298e-b550-4982-ad1d-9255a5cc6a5b,09/05/2014,May-14,5,2014,LEWIS GAY,Minor Dam,168,14,131,77.98
b4513960-880c-4f61-9e87-91744365d9a4,10/05/2014,May-14,5,2014,LEWIS GAY,Minor Dam,168,14.15,135.2,80.48
bfac8683-1513-463a-92b6-5e7aaa51410b,11/05/2014,May-14,5,2014,LEWIS GAY,Minor Dam,168,14.15,135.2,80.48
636786e5-9c6d-4434-b4f5-637bed6f0993,12/05/2014,May-14,5,2014,LEWIS GAY,Minor Dam,168,14.15,135.2,80.48
c8a2a7bb-74bd-492b-96d5-4ce50abacb0f,13/05/2014,May-14,5,2014,LEWIS GAY,Minor Dam,168,14.13,134.7,80.18
417033e6-bfef-4997-90e7-3815e904130e,14/05/2014,May-14,5,2014,LEWIS GAY,Minor Dam,168,14.1,133.8,79.64
48de4be2-5265-4162-8060-9753fb4b9cf5,15/05/2014,May-14,5,2014,LEWIS GAY,Minor Dam,168,14.1,133.8,79.64
7d763c4d-2ed3-4076-9064-7db8f87590ad,16/05/2014,May-14,5,2014,LEWIS GAY,Minor Dam,168,14.11,134.1,79.82
61de93cf-5e92-4889-83a1-e26ecdbd8699,17/05/2014,May-14,5,2014,LEWIS GAY,Minor Dam,168,14.1,133.8,79.64
43e877b3-60a2-4d89-bf13-3bf1538c5612,18/05/2014,May-14,5,2014,LEWIS GAY,Minor Dam,168,14.08,133.3,79.35
a43eb2db-e1ab-4ac9-91c1-b939589f6491,19/05/2014,May-14,5,2014,LEWIS GAY,Minor Dam,168,14.08,133.3,79.35
ec0f806e-1987-4ff1-ae58-96a1e239bc01,20/05/2014,May-14,5,2014,LEWIS GAY,Minor Dam,168,14.06,132.7,78.99
a459da4b-ade4-4f4e-86a1-64440741536c,21/05/2014,May-14,5,2014,LEWIS GAY,Minor Dam,168,14.06,132.7,78.99
3cf7684a-2eb5-427e-97f1-156720d21e88,22/05/2014,May-14,5,2014,LEWIS GAY,Minor Dam,168,14,131,77.98
97782d7c-856e-4628-9b13-c6a9b54c6ede,23/05/2014,May-14,5,2014,LEWIS GAY,Minor Dam,168,13.9,128.3,76.37
f793ba1b-3ac2-423b-b1e7-1a31fb55cf2b,24/05/2014,May-14,5,2014,LEWIS GAY,Minor Dam,168,13.84,126.6,75.36
768242ca-52b3-4b31-8c64-1fdf108ce902,25/05/2014,May-14,5,2014,LEWIS GAY,Minor Dam,168,13.78,125,74.4
3780f48c-2d7c-4016-a32c-65de37700ce0,26/05/2014,May-14,5,2014,LEWIS GAY,Minor Dam,168,13.58,119.7,71.25
44d9f31c-9a4d-40e7-bf6b-ffcfb1367832,27/05/2014,May-14,5,2014,LEWIS GAY,Minor Dam,168,13.45,116.3,69.23
b9896cde-1276-449f-b280-c801c71ae6cd,28/05/2014,May-14,5,2014,LEWIS GAY,Minor Dam,168,13.35,113.8,67.74
5fe85a47-3ae5-411c-9c37-ace5372830b2,29/05/2014,May-14,5,2014,LEWIS GAY,Minor Dam,168,13.3,112.5,66.96
6df52954-a6c8-4857-927c-ea54ef7a6335,30/05/2014,May-14,5,2014,LEWIS GAY,Minor Dam,168,13.2,110,65.48
37e2b800-6518-42de-ae4b-5d06ea61379d,31/05/2014,May-14,5,2014,LEWIS GAY,Minor Dam,168,13.1,107.6,64.05
48621226-c0f5-4048-b1bb-800fd334493b,01/06/2014,Jun-14,6,2014,LEWIS GAY,Minor Dam,168,13.02,105.6,62.86
3789d2a4-a757-4627-bdf4-8c77793957f4,02/06/2014,Jun-14,6,2014,LEWIS GAY,Minor Dam,168,13,105.1,62.56
db75fb2c-b081-4dfa-a629-7d882a02199f,03/06/2014,Jun-14,6,2014,LEWIS GAY,Minor Dam,168,13,105.1,62.56
dc03a450-ec47-47f7-9ac2-73690f334028,04/06/2014,Jun-14,6,2014,LEWIS GAY,Minor Dam,168,13.36,114,67.86
1ffeea38-bdfd-4212-a70d-2ae6f5b99f64,05/06/2014,Jun-14,6,2014,LEWIS GAY,Minor Dam,168,13.8,125.5,74.7
4bc0490f-b59e-4c27-9672-47943d2424d4,06/06/2014,Jun-14,6,2014,LEWIS GAY,Minor Dam,168,14.05,132.4,78.81
4e7b8aaf-2217-458f-bfe3-d3557fbd9782,07/06/2014,Jun-14,6,2014,LEWIS GAY,Minor Dam,168,14.2,136.7,81.37
94cca47e-826b-4b46-bce1-61ff8f866e5f,08/06/2014,Jun-14,6,2014,LEWIS GAY,Minor Dam,168,14.3,139.5,83.04
5317bb80-1d41-4bb6-8c5b-7f195eef2f5f,09/06/2014,Jun-14,6,2014,LEWIS GAY,Minor Dam,168,14.46,144.2,85.83
753416fd-5a7d-4d25-b85e-e846a8547c29,10/06/2014,Jun-14,6,2014,LEWIS GAY,Minor Dam,168,14.8,154.1,91.73
85a94a0e-62c8-42cd-a4ae-c932900251ca,11/06/2014,Jun-14,6,2014,LEWIS GAY,Minor Dam,168,15.2,166.4,99.05
8cb9b1ff-f121-411c-93ba-6f34feacce7a,12/06/2014,Jun-14,6,2014,LEWIS GAY,Minor Dam,168,15.35,171,101.79
ebd4bafd-8d6c-4f39-82ee-fbbc2d8e6efd,13/06/2014,Jun-14,6,2014,LEWIS GAY,Minor Dam,168,15.3,169.5,100.89
b99b5689-5dfc-4211-a94c-8773afb07dea,14/06/2014,Jun-14,6,2014,LEWIS GAY,Minor Dam,168,15.3,169.5,100.89
86a3655f-62fc-40e8-aa17-428103b61c15,15/06/2014,Jun-14,6,2014,LEWIS GAY,Minor Dam,168,15.3,169.5,100.89
df0ec11b-cc2e-485e-8872-fa1c3768460d,16/06/2014,Jun-14,6,2014,LEWIS GAY,Minor Dam,168,15.3,169.5,100.89
66a676b6-1173-4836-97c6-76cea122a217,17/06/2014,Jun-14,6,2014,LEWIS GAY,Minor Dam,168,15.3,169.5,100.89
4a3d2116-2c45-475f-bc17-56c902460468,18/06/2014,Jun-14,6,2014,LEWIS GAY,Minor Dam,168,15.3,169.5,100.89
5cb9f4b5-d72d-4828-863d-34870bdf0a3e,19/06/2014,Jun-14,6,2014,LEWIS GAY,Minor Dam,168,15.28,168.9,100.54
15f1ac28-1637-4923-9996-a1c3848185eb,20/06/2014,Jun-14,6,2014,LEWIS GAY,Minor Dam,168,15.2,166.4,99.05
aa881d60-5c5c-4e39-a817-fb8f0c5b0426,21/06/2014,Jun-14,6,2014,LEWIS GAY,Minor Dam,168,15.1,163.3,97.2
4263770e-496b-434a-9020-396cece12489,22/06/2014,Jun-14,6,2014,LEWIS GAY,Minor Dam,168,15.15,164.9,98.15
d21aaf80-d439-49ad-ad31-2bf12d2070d2,23/06/2014,Jun-14,6,2014,LEWIS GAY,Minor Dam,168,14.84,155.3,92.44
a4c37629-dcec-4335-9c21-ad31670122ad,24/06/2014,Jun-14,6,2014,LEWIS GAY,Minor Dam,168,14.82,154.7,92.08
afaf4d8e-26e8-45a5-8c51-559c396652c1,25/06/2014,Jun-14,6,2014,LEWIS GAY,Minor Dam,168,14.9,157.2,93.57
49130787-2258-4878-ac7f-0cee6a5f01cf,26/06/2014,Jun-14,6,2014,LEWIS GAY,Minor Dam,168,15.1,163.3,97.2
346e6c0d-c349-48cf-b619-40bedfd3f041,27/06/2014,Jun-14,6,2014,LEWIS GAY,Minor Dam,168,15.25,168,100
a84056e8-176b-44ce-96c6-15ff8203e3a6,28/06/2014,Jun-14,6,2014,LEWIS GAY,Minor Dam,168,15.3,169.5,100.89
8a7d63a6-ab62-482b-9d3b-677c24021990,29/06/2014,Jun-14,6,2014,LEWIS GAY,Minor Dam,168,15.3,169.5,100.89
3cf3cc51-f391-43d7-883f-d6cad80be991,30/06/2014,Jun-14,6,2014,LEWIS GAY,Minor Dam,168,15.3,169.5,100.89
f390f104-dcff-4143-8bf1-0a1d03c2bed9,01/07/2014,Jul-14,7,2014,LEWIS GAY,Minor Dam,168,15.3,169.5,100.89
8e4fbb41-8965-4f7d-9eb0-cc350e4d1fba,02/07/2014,Jul-14,7,2014,LEWIS GAY,Minor Dam,168,15.3,169.5,100.89
28b15ea6-28a1-4539-9428-5797e177ebba,03/07/2014,Jul-14,7,2014,LEWIS GAY,Minor Dam,168,15.3,169.5,100.89
3104a624-f5b7-481e-8bea-23d515fd1bb7,04/07/2014,Jul-14,7,2014,LEWIS GAY,Minor Dam,168,15.3,169.5,100.89
3d38bfbd-c821-49b5-a706-6d82a5747f7e,05/07/2014,Jul-14,7,2014,LEWIS GAY,Minor Dam,168,15.3,169.5,100.89
57e8c936-d450-46d7-84b3-2d30959749ca,06/07/2014,Jul-14,7,2014,LEWIS GAY,Minor Dam,168,15.3,169.5,100.89
dc23d3de-410b-475a-89a8-db588b618784,07/07/2014,Jul-14,7,2014,LEWIS GAY,Minor Dam,168,15.3,169.5,100.89
b2a2f7cc-bcfb-4886-8d52-f510983988e7,08/07/2014,Jul-14,7,2014,LEWIS GAY,Minor Dam,168,15.3,169.5,100.89
20588044-8b0d-438a-af93-7ad0943164d6,09/07/2014,Jul-14,7,2014,LEWIS GAY,Minor Dam,168,15.3,169.5,100.89
0a54f2b2-d375-4f69-9a35-f07736d4f87c,10/07/2014,Jul-14,7,2014,LEWIS GAY,Minor Dam,168,15.3,169.5,100.89
2e2e5427-c315-4733-bd14-4b4e149c3158,11/07/2014,Jul-14,7,2014,LEWIS GAY,Minor Dam,168,15.3,169.5,100.89
0242f011-fc0a-4b23-affd-beb15140ea46,12/07/2014,Jul-14,7,2014,LEWIS GAY,Minor Dam,168,15.3,169.5,100.89
975208dd-8cdb-47c4-a58d-248cf5fde462,13/07/2014,Jul-14,7,2014,LEWIS GAY,Minor Dam,168,15.3,169.5,100.89
5c37199a-2208-4e71-8367-84696f79cb2d,14/07/2014,Jul-14,7,2014,LEWIS GAY,Minor Dam,168,15.3,169.5,100.89
8d20dd57-392a-430f-9dc8-5c8864cf967b,15/07/2014,Jul-14,7,2014,LEWIS GAY,Minor Dam,168,15.3,169.5,100.89
fad0e648-cfd8-4a6d-9448-22b76212432c,16/07/2014,Jul-14,7,2014,LEWIS GAY,Minor Dam,168,15.3,169.5,100.89
c1489820-4d91-4111-9fd6-9dc2b397a157,17/07/2014,Jul-14,7,2014,LEWIS GAY,Minor Dam,168,15.3,169.5,100.89
396bec4a-590d-4767-bb63-78caf82be017,18/07/2014,Jul-14,7,2014,LEWIS GAY,Minor Dam,168,15.3,169.5,100.89
86d97160-0fba-4d6e-bf23-56614c19eb1b,19/07/2014,Jul-14,7,2014,LEWIS GAY,Minor Dam,168,15.3,169.5,100.89
3358fc95-abf3-4e86-8009-870d9675c903,20/07/2014,Jul-14,7,2014,LEWIS GAY,Minor Dam,168,15.3,169.5,100.89
54b46470-6dbb-41d8-b7e4-1ea0d53ae7ed,21/07/2014,Jul-14,7,2014,LEWIS GAY,Minor Dam,168,15.3,169.5,100.89
a151dbe0-b4ef-4682-9f14-9ecfeceda00d,22/07/2014,Jul-14,7,2014,LEWIS GAY,Minor Dam,168,15.3,169.5,100.89
63a72f51-e35b-4168-9b5b-af76828af4a9,23/07/2014,Jul-14,7,2014,LEWIS GAY,Minor Dam,168,15.3,169.5,100.89
de4d1985-3a36-468c-ac20-b1d64c4f35f7,24/07/2014,Jul-14,7,2014,LEWIS GAY,Minor Dam,168,15.3,169.5,100.89
98303a16-3aa6-4671-9ca8-dd5973b0ee53,25/07/2014,Jul-14,7,2014,LEWIS GAY,Minor Dam,168,15.3,169.5,100.89
f724420f-cbc3-4071-b677-8882b0dec575,26/07/2014,Jul-14,7,2014,LEWIS GAY,Minor Dam,168,15.3,169.5,100.89
8129f12b-b619-44af-a57b-78d195f66e91,27/07/2014,Jul-14,7,2014,LEWIS GAY,Minor Dam,168,15.3,169.5,100.89
4ce902b6-2538-42f6-8f91-befc063bc757,28/07/2014,Jul-14,7,2014,LEWIS GAY,Minor Dam,168,15.3,169.5,100.89
668fc5b9-73bf-4301-acf9-928350c0eea9,29/07/2014,Jul-14,7,2014,LEWIS GAY,Minor Dam,168,15.3,169.5,100.89
fc8aa973-11e3-45d5-a512-2f85abe5f701,30/07/2014,Jul-14,7,2014,LEWIS GAY,Minor Dam,168,15.3,169.5,100.89
5497045d-2473-4040-8455-20f2daee4b39,31/07/2014,Jul-14,7,2014,LEWIS GAY,Minor Dam,168,15.3,169.5,100.89
1b7f84b8-a6ee-4006-b360-598a902a52a4,01/08/2014,Aug-14,8,2014,LEWIS GAY,Minor Dam,168,15.3,169.5,100.89
15c84401-8c6c-407c-a255-6c51005dd138,02/08/2014,Aug-14,8,2014,LEWIS GAY,Minor Dam,168,15.3,169.5,100.89
cee45425-3d46-4b2a-9321-49d37c970216,03/08/2014,Aug-14,8,2014,LEWIS GAY,Minor Dam,168,15.3,169.5,100.89
ef8ec3e0-8106-4492-91e3-fb703a1db088,04/08/2014,Aug-14,8,2014,LEWIS GAY,Minor Dam,168,15.3,169.5,100.89
b28eee75-53b6-4749-a8c1-51318dcca31c,05/08/2014,Aug-14,8,2014,LEWIS GAY,Minor Dam,168,15.3,169.5,100.89
59e7d88f-6f2e-44ec-aa8f-49de871fa406,06/08/2014,Aug-14,8,2014,LEWIS GAY,Minor Dam,168,15.3,169.5,100.89
132fefc7-2570-4a0d-98b7-581b2e632da4,07/08/2014,Aug-14,8,2014,LEWIS GAY,Minor Dam,168,15.3,169.5,100.89
2d1758e2-a823-4301-9f66-3acf7de1df87,08/08/2014,Aug-14,8,2014,LEWIS GAY,Minor Dam,168,15.3,169.5,100.89
8e4f0ef6-0a9e-4231-98fd-060d68c80407,09/08/2014,Aug-14,8,2014,LEWIS GAY,Minor Dam,168,15.3,169.5,100.89
2d0ab67d-c845-4904-9923-c4a2d2068a8b,10/08/2014,Aug-14,8,2014,LEWIS GAY,Minor Dam,168,15.3,169.5,100.89
9fcb4387-2eb9-4eab-b10c-df3b4820d38a,11/08/2014,Aug-14,8,2014,LEWIS GAY,Minor Dam,168,15.3,169.5,100.89
6a6fe16b-a3e5-4c63-b161-ba36d3b3ae24,12/08/2014,Aug-14,8,2014,LEWIS GAY,Minor Dam,168,15.3,169.5,100.89
2c26a4a6-67de-44f4-912a-3671d96f16ab,13/08/2014,Aug-14,8,2014,LEWIS GAY,Minor Dam,168,15.3,169.5,100.89
942df439-f217-4b6f-b477-d6915adbbda4,14/08/2014,Aug-14,8,2014,LEWIS GAY,Minor Dam,168,15.3,169.5,100.89
3569fda2-4721-4e28-b5b3-31a3ae640532,15/08/2014,Aug-14,8,2014,LEWIS GAY,Minor Dam,168,15.3,169.5,100.89
c5cadd58-2966-40dc-a7bc-c3ebcb448745,16/08/2014,Aug-14,8,2014,LEWIS GAY,Minor Dam,168,15.3,169.5,100.89
c15669fc-0989-4d73-bb9d-c47fb69a9186,17/08/2014,Aug-14,8,2014,LEWIS GAY,Minor Dam,168,15.3,169.5,100.89
67dfc1b0-27c6-4b14-92fc-ce4709ffc170,18/08/2014,Aug-14,8,2014,LEWIS GAY,Minor Dam,168,15.3,169.5,100.89
e98c09d2-a859-4c3e-a22e-f265e53efca7,19/08/2014,Aug-14,8,2014,LEWIS GAY,Minor Dam,168,15.3,169.5,100.89
69373532-c947-4736-a175-c81944454ac4,20/08/2014,Aug-14,8,2014,LEWIS GAY,Minor Dam,168,15.3,169.5,100.89
0017b48e-7a3f-4d42-a728-dac59692c0ed,21/08/2014,Aug-14,8,2014,LEWIS GAY,Minor Dam,168,15.3,169.5,100.89
2c3ec8f6-f735-4076-930a-7cf139eccb51,22/08/2014,Aug-14,8,2014,LEWIS GAY,Minor Dam,168,15.3,169.5,100.89
dcaeab10-1c0a-46a2-8f27-c2c7f47cc699,23/08/2014,Aug-14,8,2014,LEWIS GAY,Minor Dam,168,15.3,169.5,100.89
d75a19c0-5c43-43dd-80fa-908e6f8349e6,24/08/2014,Aug-14,8,2014,LEWIS GAY,Minor Dam,168,15.3,169.5,100.89
40a06af9-2a68-4a73-82ad-8c29d9c1ce0d,25/08/2014,Aug-14,8,2014,LEWIS GAY,Minor Dam,168,15.3,169.5,100.89
94063f4a-ad0d-4656-b711-fd392a9ae515,26/08/2014,Aug-14,8,2014,LEWIS GAY,Minor Dam,168,15.3,169.5,100.89
40c550a1-3a33-44d3-b7b9-5e55e039a86d,27/08/2014,Aug-14,8,2014,LEWIS GAY,Minor Dam,168,15.3,169.5,100.89
212a7662-36d5-469f-9471-1382e13376e4,28/08/2014,Aug-14,8,2014,LEWIS GAY,Minor Dam,168,15.3,169.5,100.89
05a68d62-d641-4d92-8078-200b1b97013d,29/08/2014,Aug-14,8,2014,LEWIS GAY,Minor Dam,168,15.3,169.5,100.89
9ce2b426-dba5-4f82-b696-e9485f476d24,30/08/2014,Aug-14,8,2014,LEWIS GAY,Minor Dam,168,15.3,169.5,100.89
7e3e1415-8325-4bf0-9eea-760dad0101ad,31/08/2014,Aug-14,8,2014,LEWIS GAY,Minor Dam,168,15.3,169.5,100.89
d1990e47-d56c-4a7e-b49b-ab461fbad883,01/09/2014,Sep-14,9,2014,LEWIS GAY,Minor Dam,168,15.3,169.5,100.89
b634b2bd-e6d0-4bfb-82ef-25230159d7a8,02/09/2014,Sep-14,9,2014,LEWIS GAY,Minor Dam,168,15.3,169.5,100.89
990b860e-7069-4ca0-b0a2-a9cc40448946,03/09/2014,Sep-14,9,2014,LEWIS GAY,Minor Dam,168,15.3,169.5,100.89
117c8b97-745f-4128-bfd1-622736d0d770,04/09/2014,Sep-14,9,2014,LEWIS GAY,Minor Dam,168,15.3,169.5,100.89
157b4638-3d23-4c93-98e7-3feb79b66f3b,05/09/2014,Sep-14,9,2014,LEWIS GAY,Minor Dam,168,15.3,169.5,100.89
811ad2aa-67b6-459b-b76b-478da0309796,06/09/2014,Sep-14,9,2014,LEWIS GAY,Minor Dam,168,15.3,169.5,100.89
9bfa111d-0f50-4744-b1e8-408ccfeb1e69,07/09/2014,Sep-14,9,2014,LEWIS GAY,Minor Dam,168,15.3,169.5,100.89
e2e97c33-50bb-4a7b-8bc5-6a0cd1f16a09,08/09/2014,Sep-14,9,2014,LEWIS GAY,Minor Dam,168,15.3,169.5,100.89
b1345096-75e9-4435-9813-d05c361344a5,09/09/2014,Sep-14,9,2014,LEWIS GAY,Minor Dam,168,15.3,169.5,100.89
71b67b5e-3e64-4258-917e-cdb0bc1d2aea,10/09/2014,Sep-14,9,2014,LEWIS GAY,Minor Dam,168,15.3,169.5,100.89
a86b5027-2fff-4fdb-9973-c6f0dab3f9a4,11/09/2014,Sep-14,9,2014,LEWIS GAY,Minor Dam,168,15.3,169.5,100.89
0fef6c32-1fa9-4877-bc3c-a926e66c0608,12/09/2014,Sep-14,9,2014,LEWIS GAY,Minor Dam,168,15.3,169.5,100.89
7c55c217-0b38-4236-8bc3-d0decfc4b6ea,13/09/2014,Sep-14,9,2014,LEWIS GAY,Minor Dam,168,15.3,169.5,100.89
38e28946-f3c1-4103-bcc8-613188d5eb10,14/09/2014,Sep-14,9,2014,LEWIS GAY,Minor Dam,168,15.28,168.9,100.54
f6899157-ce53-4d94-a178-0ce5683026e4,15/09/2014,Sep-14,9,2014,LEWIS GAY,Minor Dam,168,15.2,166.4,99.05
abab4a8b-37f4-47c8-92a7-bd43711befd5,16/09/2014,Sep-14,9,2014,LEWIS GAY,Minor Dam,168,15.15,164.9,98.15
773c48b8-d956-40bd-9e2a-3650a3d6627d,17/09/2014,Sep-14,9,2014,LEWIS GAY,Minor Dam,168,15.15,164.9,98.15
e7c40178-9479-44d5-ab39-ab7566096e4d,18/09/2014,Sep-14,9,2014,LEWIS GAY,Minor Dam,168,15.15,164.9,98.15
21e0701c-b222-47c5-b607-54f6061e539a,19/09/2014,Sep-14,9,2014,LEWIS GAY,Minor Dam,168,15.15,164.9,98.15
4708ee65-da3f-4303-9fff-1ab6ff724ac1,20/09/2014,Sep-14,9,2014,LEWIS GAY,Minor Dam,168,14.9,157.2,93.57
fe737729-8fff-48d8-8891-06e5184b6ce6,21/09/2014,Sep-14,9,2014,LEWIS GAY,Minor Dam,168,14.8,154.1,91.73
9b80e2f2-ecf6-4a0f-9bb2-1c1997f24115,22/09/2014,Sep-14,9,2014,LEWIS GAY,Minor Dam,168,14.75,152.7,90.89
fd95fc57-0581-445f-bade-2e102b0283df,23/09/2014,Sep-14,9,2014,LEWIS GAY,Minor Dam,168,14.7,151.2,90
afb88bd7-cee6-4b86-b59c-d0cc48a9dd57,24/09/2014,Sep-14,9,2014,LEWIS GAY,Minor Dam,168,14.65,149.7,89.11
f2c97c96-ab74-48d4-82d0-f729bd980bf5,25/09/2014,Sep-14,9,2014,LEWIS GAY,Minor Dam,168,14.55,146.8,87.38
2d29fb36-c881-43ea-9c1c-2e4cc394e0fc,26/09/2014,Sep-14,9,2014,LEWIS GAY,Minor Dam,168,14.5,145.3,86.49
2b675160-a0b5-443d-9722-a3a24aedcde4,27/09/2014,Sep-14,9,2014,LEWIS GAY,Minor Dam,168,14.42,143,85.12
0096751f-77bb-4d30-bbd0-7ee1bf2e11f8,28/09/2014,Sep-14,9,2014,LEWIS GAY,Minor Dam,168,14.38,141.9,84.46
acdc5817-939c-42fb-92c0-76f5c76f8f6a,29/09/2014,Sep-14,9,2014,LEWIS GAY,Minor Dam,168,14.3,139.5,83.04
9cf79c86-a561-4dea-b85c-99fd93c26334,30/09/2014,Sep-14,9,2014,LEWIS GAY,Minor Dam,168,14.3,139.5,83.04
ceec92eb-769b-4837-8fd3-fda0ed2e99eb,01/10/2014,Oct-14,10,2014,LEWIS GAY,Minor Dam,168,14.3,139.5,83.04
dade3c92-bc57-45f0-9b5f-b388c91d6cc1,02/10/2014,Oct-14,10,2014,LEWIS GAY,Minor Dam,168,14.2,136.7,81.37
a02f986f-972a-4374-8f32-228eb835e816,03/10/2014,Oct-14,10,2014,LEWIS GAY,Minor Dam,168,14,131,77.98
3d880384-0003-49ad-b8f6-3dda16dbdd0b,04/10/2014,Oct-14,10,2014,LEWIS GAY,Minor Dam,168,13.9,128.3,76.37
c5507eb5-2c0d-43b2-8994-99f685f03eaf,05/10/2014,Oct-14,10,2014,LEWIS GAY,Minor Dam,168,13.83,126.4,75.24
95bc2bfc-4ebe-4688-8c42-64d766ee5ea9,06/10/2014,Oct-14,10,2014,LEWIS GAY,Minor Dam,168,13.83,126.4,75.24
f9a91cb8-6221-4380-8368-6622d7a6c477,07/10/2014,Oct-14,10,2014,LEWIS GAY,Minor Dam,168,13.65,121.5,72.32
a172f8e6-b2fa-4844-abd8-789d5249b9c1,08/10/2014,Oct-14,10,2014,LEWIS GAY,Minor Dam,168,13.58,119.7,71.25
4e176cc5-fd63-45ef-89ae-d5a32dfc230f,09/10/2014,Oct-14,10,2014,LEWIS GAY,Minor Dam,168,13.5,117.6,70
4b7fb7d8-1e9a-4f2e-a314-6f8084bbb8b6,10/10/2014,Oct-14,10,2014,LEWIS GAY,Minor Dam,168,13.42,115.5,68.75
df492fda-d8a4-4b83-a7ba-7160fb557525,11/10/2014,Oct-14,10,2014,LEWIS GAY,Minor Dam,168,13.35,113.8,67.74
218ed9b2-fadf-420d-b30e-9445f4e4f03a,12/10/2014,Oct-14,10,2014,LEWIS GAY,Minor Dam,168,13.35,113.8,67.74
773ae1aa-6044-4ada-b691-654a91cdf053,13/10/2014,Oct-14,10,2014,LEWIS GAY,Minor Dam,168,13.15,108.3,64.46
70e5ddce-5450-4ded-b891-438a7624060d,14/10/2014,Oct-14,10,2014,LEWIS GAY,Minor Dam,168,13.15,108.3,64.46
4b66c096-083a-46e1-8d44-f150cd5d3d7c,15/10/2014,Oct-14,10,2014,LEWIS GAY,Minor Dam,168,13.08,107.1,63.75
32632bb0-663d-4ca1-91b9-d7237f46f2fc,16/10/2014,Oct-14,10,2014,LEWIS GAY,Minor Dam,168,13.1,107.6,64.05
32d92eab-d151-4512-9320-3f1e0989eecd,17/10/2014,Oct-14,10,2014,LEWIS GAY,Minor Dam,168,13.1,107.6,64.05
b9e5fc39-92c8-4924-a7c2-f68f79fecd97,18/10/2014,Oct-14,10,2014,LEWIS GAY,Minor Dam,168,13.18,109.5,65.18
a0f00c9d-2262-4d3b-b606-36c3b2e86810,19/10/2014,Oct-14,10,2014,LEWIS GAY,Minor Dam,168,13.2,110,65.48
eb53cc6f-aa31-4f25-8a5b-4007ae0b1d97,20/10/2014,Oct-14,10,2014,LEWIS GAY,Minor Dam,168,13.2,110,65.48
ca38b9f8-d036-4547-942d-ea0058e9bbcb,21/10/2014,Oct-14,10,2014,LEWIS GAY,Minor Dam,168,13.2,110,65.48
30a10559-c4d7-4844-97d8-37e123857094,22/10/2014,Oct-14,10,2014,LEWIS GAY,Minor Dam,168,13.25,111.3,66.25
b6248716-d855-4a9a-be7e-bc80f43c9757,23/10/2014,Oct-14,10,2014,LEWIS GAY,Minor Dam,168,13.28,112,66.67
90bafa23-2fd1-4798-89c6-04a1badfde6d,24/10/2014,Oct-14,10,2014,LEWIS GAY,Minor Dam,168,13.28,112,66.67
efa8c582-0867-44ce-bff4-e463674a487d,25/10/2014,Oct-14,10,2014,LEWIS GAY,Minor Dam,168,13.3,112.5,66.96
41a39e50-be9b-4827-9f7d-bff36544b949,26/10/2014,Oct-14,10,2014,LEWIS GAY,Minor Dam,168,13.2,110,65.48
4a6ef65e-66a4-4be2-8d31-9c00f92230c2,27/10/2014,Oct-14,10,2014,LEWIS GAY,Minor Dam,168,13.3,112.5,66.96
b0ee1733-e07e-42d2-a671-26252f531065,28/10/2014,Oct-14,10,2014,LEWIS GAY,Minor Dam,168,13.3,112.5,66.96
ddfd5dcf-fd42-4bb7-94a9-f1c375045b41,29/10/2014,Oct-14,10,2014,LEWIS GAY,Minor Dam,168,13.35,113.8,67.74
4681d1d8-ce18-446c-8a4b-d699359b9f4c,30/10/2014,Oct-14,10,2014,LEWIS GAY,Minor Dam,168,13.4,115,68.45
adefa5f2-3720-4b33-90c1-43c24af7577b,31/10/2014,Oct-14,10,2014,LEWIS GAY,Minor Dam,168,13.4,115,68.45
70134324-bd4f-4b37-b300-11187a2202c8,01/11/2014,Nov-14,11,2014,LEWIS GAY,Minor Dam,168,13.45,116.3,69.23
25ff1e42-2e34-4a7a-b0ac-38c627b5cb63,02/11/2014,Nov-14,11,2014,LEWIS GAY,Minor Dam,168,13.42,115.5,68.75
9da72258-7ea2-4e97-918a-dd84c57a8119,03/11/2014,Nov-14,11,2014,LEWIS GAY,Minor Dam,168,13.48,117.1,69.7
be7901d8-0655-40a8-af82-524eb41af79f,04/11/2014,Nov-14,11,2014,LEWIS GAY,Minor Dam,168,13.5,117.6,70
4e2a1355-09d4-41c3-937b-f86036481449,05/11/2014,Nov-14,11,2014,LEWIS GAY,Minor Dam,168,13.55,118.9,70.77
d15dd814-69a3-4f1b-b0df-edbc82c548b0,06/11/2014,Nov-14,11,2014,LEWIS GAY,Minor Dam,168,13.52,118.1,70.3
301014a4-3081-46a5-9310-b6868e025f53,07/11/2014,Nov-14,11,2014,LEWIS GAY,Minor Dam,168,13.55,118.9,70.77
a9952324-00e6-4713-b6a8-ba792dd678ff,08/11/2014,Nov-14,11,2014,LEWIS GAY,Minor Dam,168,13.51,117.9,70.18
4be4e414-e298-4cd8-9fba-a434937bfd78,09/11/2014,Nov-14,11,2014,LEWIS GAY,Minor Dam,168,13.5,117.6,70
53150fba-f040-4ae6-9f1c-30b031028102,10/11/2014,Nov-14,11,2014,LEWIS GAY,Minor Dam,168,13.5,117.6,70
70efd5ef-49a8-4b3b-b84f-b16c71827d40,11/11/2014,Nov-14,11,2014,LEWIS GAY,Minor Dam,168,13.42,115.5,68.75
0e039e04-0c5f-40af-a2a9-676a61306948,12/11/2014,Nov-14,11,2014,LEWIS GAY,Minor Dam,168,13.4,115,68.45
1e659afe-9d1e-4749-95bc-d6aa88c16989,13/11/2014,Nov-14,11,2014,LEWIS GAY,Minor Dam,168,13.38,114.5,68.15
d59dedf0-450a-4134-92dc-275eae1910f1,14/11/2014,Nov-14,11,2014,LEWIS GAY,Minor Dam,168,13.36,114,67.86
062f23b6-01b1-4e12-baee-0d1c03d7f5f0,15/11/2014,Nov-14,11,2014,LEWIS GAY,Minor Dam,168,13.34,113.5,67.56
d92efbee-3eec-43c0-8fdf-41b9a64f3c4f,16/11/2014,Nov-14,11,2014,LEWIS GAY,Minor Dam,168,13.32,113,67.26
c1ea9a88-0571-44b9-a639-399381bc625c,17/11/2014,Nov-14,11,2014,LEWIS GAY,Minor Dam,168,13.3,112.5,66.96
20c41028-ab16-4486-9909-11d709c4e057,18/11/2014,Nov-14,11,2014,LEWIS GAY,Minor Dam,168,13.3,112.5,66.96
78e9bb59-1fb5-4298-9769-903d3864ab50,19/11/2014,Nov-14,11,2014,LEWIS GAY,Minor Dam,168,13.24,111,66.07
a49ebf60-5894-4fc6-83a3-a7cb36c3172d,20/11/2014,Nov-14,11,2014,LEWIS GAY,Minor Dam,168,13.21,110.3,65.65
5cfd5538-b74b-4fa1-963d-dbe09b76aefa,21/11/2014,Nov-14,11,2014,LEWIS GAY,Minor Dam,168,13.19,109.8,65.36
7bee0fb8-27a3-4c22-8dc7-93e4f8116a3d,22/11/2014,Nov-14,11,2014,LEWIS GAY,Minor Dam,168,13.2,110,65.48
a38c959c-7cec-4b7c-b194-de29a6c6b1c9,23/11/2014,Nov-14,11,2014,LEWIS GAY,Minor Dam,168,13.2,110,65.48
93ba1b69-899c-4e27-8980-2cc53ef55405,24/11/2014,Nov-14,11,2014,LEWIS GAY,Minor Dam,168,13.3,112.5,66.96
372f58d0-2b52-4a64-b99d-71c0b01f9189,25/11/2014,Nov-14,11,2014,LEWIS GAY,Minor Dam,168,13.3,112.5,66.96
c723a86c-9443-4091-ba91-1cca510c8109,26/11/2014,Nov-14,11,2014,LEWIS GAY,Minor Dam,168,13.3,112.5,66.96
04ea86d9-3a66-48f7-88ef-d7d5cc7075b6,27/11/2014,Nov-14,11,2014,LEWIS GAY,Minor Dam,168,13.45,116.3,69.23
b1ff0a70-757b-4797-8d13-f3a5568503a1,28/11/2014,Nov-14,11,2014,LEWIS GAY,Minor Dam,168,13.5,117.6,70
74bbc88f-e455-46ad-892c-49a99260d700,29/11/2014,Nov-14,11,2014,LEWIS GAY,Minor Dam,168,13.54,118.6,70.6
ce9d970e-30e2-488a-b160-f3b5d252c8bf,30/11/2014,Nov-14,11,2014,LEWIS GAY,Minor Dam,168,13.54,118.6,70.6
b407daa8-77c3-48b1-b288-b1ca822067b4,01/12/2014,Dec-14,12,2014,LEWIS GAY,Minor Dam,168,13.6,120.2,71.55
0dc23ef0-2f93-44da-8059-6975db6cbf0a,02/12/2014,Dec-14,12,2014,LEWIS GAY,Minor Dam,168,13.65,121.5,72.32
8d6ed37b-bcf1-410e-8c4e-0e0038e2b5d9,03/12/2014,Dec-14,12,2014,LEWIS GAY,Minor Dam,168,13.7,122.9,73.15
a8b5d24b-6689-4b91-9b35-953326f8d811,04/12/2014,Dec-14,12,2014,LEWIS GAY,Minor Dam,168,13.68,122.3,72.8
8ae7e0f1-6ab1-4a63-8cb2-0679f00c0bc2,05/12/2014,Dec-14,12,2014,LEWIS GAY,Minor Dam,168,13.7,122.9,73.15
667a49ea-7758-464b-be65-7b5b42d9a9fe,06/12/2014,Dec-14,12,2014,LEWIS GAY,Minor Dam,168,13.7,122.9,73.15
821d5ff5-7563-4f7e-9e0e-dd14120dd067,07/12/2014,Dec-14,12,2014,LEWIS GAY,Minor Dam,168,13.72,123.4,73.45
8f5b6451-ee61-4f3c-bc16-63e27864e6a6,08/12/2014,Dec-14,12,2014,LEWIS GAY,Minor Dam,168,13.75,124.2,73.93
6403eec5-8272-461b-87e9-43fbc6718354,09/12/2014,Dec-14,12,2014,LEWIS GAY,Minor Dam,168,13.76,124.5,74.11
245f3333-902c-4abf-89ce-0048e5fd59d8,10/12/2014,Dec-14,12,2014,LEWIS GAY,Minor Dam,168,13.79,125.3,74.58
5847be91-3a49-463e-b4a9-ade6e95a8562,11/12/2014,Dec-14,12,2014,LEWIS GAY,Minor Dam,168,13.8,125.5,74.7
083be9b7-59bb-4efc-a630-aa73f45c42f2,12/12/2014,Dec-14,12,2014,LEWIS GAY,Minor Dam,168,13.82,126.1,75.06
b0c467ed-7aeb-4b20-850c-13152df9f964,13/12/2014,Dec-14,12,2014,LEWIS GAY,Minor Dam,168,13.85,126.9,75.54
ba7d8405-f8ea-4033-95e5-cc4e9d060cbb,14/12/2014,Dec-14,12,2014,LEWIS GAY,Minor Dam,168,13.87,127.4,75.83
3ae9e7b3-d527-4d0a-ab2e-11e3475dbe0f,15/12/2014,Dec-14,12,2014,LEWIS GAY,Minor Dam,168,13.89,128,76.19
c55b088b-e9e4-4043-818a-b539a560599d,16/12/2014,Dec-14,12,2014,LEWIS GAY,Minor Dam,168,13.85,126.9,75.54
84dbc578-858d-4494-9b3b-28e0584a7b9f,17/12/2014,Dec-14,12,2014,LEWIS GAY,Minor Dam,168,13.9,128.3,76.37
ddbba845-bc23-4ee0-a0b6-938e3cb689b2,18/12/2014,Dec-14,12,2014,LEWIS GAY,Minor Dam,168,13.89,128,76.19
17e58c19-0e05-4d16-bf6c-c43eb01c66f1,19/12/2014,Dec-14,12,2014,LEWIS GAY,Minor Dam,168,13.9,128.3,76.37
4efebbac-9032-4592-8b9a-d759ea1fea00,20/12/2014,Dec-14,12,2014,LEWIS GAY,Minor Dam,168,13.9,128.3,76.37
9a932991-faf1-44a4-af27-1dfbd956f399,21/12/2014,Dec-14,12,2014,LEWIS GAY,Minor Dam,168,13.9,128.3,76.37
7872d48f-c4e5-4560-92b4-2e292b7e786d,22/12/2014,Dec-14,12,2014,LEWIS GAY,Minor Dam,168,13.95,129.6,77.14
b2c056c6-ae7d-49ea-bfba-5be9f80c6c4f,23/12/2014,Dec-14,12,2014,LEWIS GAY,Minor Dam,168,13.7,122.9,73.15
4da3d08e-ae92-4d29-9c36-75b6bc8707ba,24/12/2014,Dec-14,12,2014,LEWIS GAY,Minor Dam,168,14.9,157.2,93.57
e465d5b5-0a40-428c-98de-f8cc7ca62ec2,25/12/2014,Dec-14,12,2014,LEWIS GAY,Minor Dam,168,14.9,157.2,93.57
5259346e-a08a-4b3f-a145-62b6fef3ff7c,26/12/2014,Dec-14,12,2014,LEWIS GAY,Minor Dam,168,14.9,157.2,93.57
158a2125-b828-464a-8213-5c364524d048,27/12/2014,Dec-14,12,2014,LEWIS GAY,Minor Dam,168,14,131,77.98
0d9b09f8-a487-4af9-8d85-027f4a2d3795,28/12/2014,Dec-14,12,2014,LEWIS GAY,Minor Dam,168,14,131,77.98
50c8ea5b-735a-4a58-98a9-2374464bb65d,29/12/2014,Dec-14,12,2014,LEWIS GAY,Minor Dam,168,14,131,77.98
27b5a1de-3cdf-487e-b44a-4dddd6d2b5f1,30/12/2014,Dec-14,12,2014,LEWIS GAY,Minor Dam,168,14,131,77.98
cae6b4b4-4ff8-4c4f-8a42-1750c5dd325d,31/12/2014,Dec-14,12,2014,LEWIS GAY,Minor Dam,168,14,131,77.98
744093a1-64c9-4545-bf1a-9ef7afd05bac,01/01/2015,Jan-15,1,2015,LEWIS GAY,Minor Dam,168,14,131,77.98
bbc635fc-23b7-4443-bfca-49dcd9c5815b,02/01/2015,Jan-15,1,2015,LEWIS GAY,Minor Dam,168,14,131,77.98
5e2f3c24-e236-41bd-86d8-789f68fd3056,03/01/2015,Jan-15,1,2015,LEWIS GAY,Minor Dam,168,14,131,77.98
c3d39e27-7722-44a4-89c0-f5f3e7341ab9,04/01/2015,Jan-15,1,2015,LEWIS GAY,Minor Dam,168,13.98,130.5,77.68
cc9ecd9c-1ab9-48a3-a727-fce2ef723751,05/01/2015,Jan-15,1,2015,LEWIS GAY,Minor Dam,168,13.97,130.2,77.5
ef0f434d-441e-4aa1-a66d-a09d4f7a34c1,06/01/2015,Jan-15,1,2015,LEWIS GAY,Minor Dam,168,14,131,77.98
170a0b9c-eeba-48b6-897c-2d421572ce09,07/01/2015,Jan-15,1,2015,LEWIS GAY,Minor Dam,168,14.1,133.8,79.64
c85d710e-9248-4134-b58a-17b2e23fc38e,08/01/2015,Jan-15,1,2015,LEWIS GAY,Minor Dam,168,14.2,136.7,81.37
e5e80947-8308-43ef-a95c-3bef677ee974,09/01/2015,Jan-15,1,2015,LEWIS GAY,Minor Dam,168,14.28,139,82.74
124a309d-1975-49b9-9ce1-3203f0d08a1e,10/01/2015,Jan-15,1,2015,LEWIS GAY,Minor Dam,168,14.4,142.5,84.82
c35f0432-0207-488d-964a-2788b0d64836,11/01/2015,Jan-15,1,2015,LEWIS GAY,Minor Dam,168,14.58,147.6,87.86
73e1ffcc-2f06-4942-aa37-038804f8ac28,12/01/2015,Jan-15,1,2015,LEWIS GAY,Minor Dam,168,14.62,148.8,88.57
d7d6b8d3-63ca-4856-899a-6de239739603,13/01/2015,Jan-15,1,2015,LEWIS GAY,Minor Dam,168,14.74,152.4,90.71
b9a0e1b7-951b-4459-9fc3-60223d735fc1,14/01/2015,Jan-15,1,2015,LEWIS GAY,Minor Dam,168,14.82,154.7,92.08
ca330f8e-9d82-47c2-a5f0-ce1b624c7227,15/01/2015,Jan-15,1,2015,LEWIS GAY,Minor Dam,168,14.85,155.6,92.62
9f03a75d-3d0d-40d9-89aa-be25648093d5,16/01/2015,Jan-15,1,2015,LEWIS GAY,Minor Dam,168,15.1,163.3,97.2
df60aaf2-d946-45bf-8d1b-189252de9898,17/01/2015,Jan-15,1,2015,LEWIS GAY,Minor Dam,168,15.25,168,100
2ed4cba8-8183-4607-b631-189079a8eb7b,18/01/2015,Jan-15,1,2015,LEWIS GAY,Minor Dam,168,15.3,169.5,100.89
f9488e52-0fed-45dd-90ab-bc784cee2992,19/01/2015,Jan-15,1,2015,LEWIS GAY,Minor Dam,168,15.2,166.4,99.05
a31128f7-9e6d-4c7b-96db-7251723f6602,20/01/2015,Jan-15,1,2015,LEWIS GAY,Minor Dam,168,15.02,160.8,95.71
95914842-9ebf-4ea7-9484-58cfd50a8f86,21/01/2015,Jan-15,1,2015,LEWIS GAY,Minor Dam,168,14.86,156,92.86
b1e5df22-3ed6-42d2-864b-b2db0b4a5162,22/01/2015,Jan-15,1,2015,LEWIS GAY,Minor Dam,168,14.7,151.2,90
99d1227c-3b01-4f33-aa14-faee3c90c841,23/01/2015,Jan-15,1,2015,LEWIS GAY,Minor Dam,168,14.5,145.3,86.49
4949a7ab-d56e-4ffe-9eeb-ba0047639e68,24/01/2015,Jan-15,1,2015,LEWIS GAY,Minor Dam,168,14.52,145.9,86.85
3e013e30-5fa6-4f3e-ba38-de902b322fcc,25/01/2015,Jan-15,1,2015,LEWIS GAY,Minor Dam,168,14.5,145.3,86.49
17f98678-38ad-4d3d-b21d-31127e18c8d3,26/01/2015,Jan-15,1,2015,LEWIS GAY,Minor Dam,168,14.5,145.3,86.49
c8bbe657-1271-4652-9401-ffb438121a84,27/01/2015,Jan-15,1,2015,LEWIS GAY,Minor Dam,168,14.03,131.9,78.51
8cbe7325-a1f5-44d8-9e67-4f4b974dd79d,28/01/2015,Jan-15,1,2015,LEWIS GAY,Minor Dam,168,14.03,131.9,78.51
a74b10b6-f8a5-4ce0-b2e1-0d21afde86cf,29/01/2015,Jan-15,1,2015,LEWIS GAY,Minor Dam,168,14.15,135.2,80.48
80bc0f3c-152e-40e6-a258-d7f281288d0a,30/01/2015,Jan-15,1,2015,LEWIS GAY,Minor Dam,168,13.98,130.5,77.68
31e6410d-f993-4d79-a60b-9c950d17328c,31/01/2015,Jan-15,1,2015,LEWIS GAY,Minor Dam,168,13.98,130.5,77.68
0d2157f5-d1fa-4d08-b177-48a3d6a4825b,01/02/2015,Feb-15,2,2015,LEWIS GAY,Minor Dam,168,13.98,130.5,77.68
84fabf3a-4964-4a31-9885-db7699189d2e,02/02/2015,Feb-15,2,2015,LEWIS GAY,Minor Dam,168,13.96,129.9,77.32
f749b369-cdbd-48ab-a6a6-d6f3acb17d97,03/02/2015,Feb-15,2,2015,LEWIS GAY,Minor Dam,168,13.94,129.4,77.02
cdcb058c-eb1b-49f6-8e04-c057dc0c6dd0,04/02/2015,Feb-15,2,2015,LEWIS GAY,Minor Dam,168,13.93,129.1,76.85
c33cd6b6-cd4d-4ae4-8480-85beb9c50c05,05/02/2015,Feb-15,2,2015,LEWIS GAY,Minor Dam,168,13.98,130.5,77.68
dfe98c90-2736-4770-ad94-a4194587b9bc,06/02/2015,Feb-15,2,2015,LEWIS GAY,Minor Dam,168,13.98,130.5,77.68
569914c9-c680-44a5-b89f-aec0be884273,07/02/2015,Feb-15,2,2015,LEWIS GAY,Minor Dam,168,13.95,129.6,77.14
c96d865c-46bf-47d9-8a1c-46d248f405e8,08/02/2015,Feb-15,2,2015,LEWIS GAY,Minor Dam,168,13.95,129.6,77.14
f74c6e04-8592-48dc-925d-b9defc329654,09/02/2015,Feb-15,2,2015,LEWIS GAY,Minor Dam,168,13.95,129.6,77.14
3c1f782e-fc14-4ebd-8908-114ae57c0520,10/02/2015,Feb-15,2,2015,LEWIS GAY,Minor Dam,168,13.95,129.6,77.14
7c5fd649-941b-4adb-94d5-7dc8c1420baa,11/02/2015,Feb-15,2,2015,LEWIS GAY,Minor Dam,168,13.98,130.5,77.68
7f184fe4-54e7-4f0f-8f66-1ee7cb11f0d3,12/02/2015,Feb-15,2,2015,LEWIS GAY,Minor Dam,168,14,131,77.98
595847cf-524b-4324-8fcc-e81e61e230b2,13/02/2015,Feb-15,2,2015,LEWIS GAY,Minor Dam,168,14,131,77.98
bc443184-3198-46cc-b1d2-66992d2899fd,14/02/2015,Feb-15,2,2015,LEWIS GAY,Minor Dam,168,14,131,77.98
81ae95e4-cd26-4699-9481-555a00b3b442,15/02/2015,Feb-15,2,2015,LEWIS GAY,Minor Dam,168,14,131,77.98
dea7ab60-acf1-4b8c-94c9-f324e4f8414f,16/02/2015,Feb-15,2,2015,LEWIS GAY,Minor Dam,168,14,131,77.98
14b37d6c-6b93-4fde-891f-95d02f670702,17/02/2015,Feb-15,2,2015,LEWIS GAY,Minor Dam,168,14.03,131.9,78.51
c9c14e62-d983-4d8d-8b53-0a91c868c6c0,18/02/2015,Feb-15,2,2015,LEWIS GAY,Minor Dam,168,14,131,77.98
a1215c7c-f401-4a5b-8989-c046cc8dcb0f,19/02/2015,Feb-15,2,2015,LEWIS GAY,Minor Dam,168,13.98,130.5,77.68
0f38aaa2-10a2-4711-8c84-67ba56ef609c,20/02/2015,Feb-15,2,2015,LEWIS GAY,Minor Dam,168,14,131,77.98
84f4495c-d3af-4c6b-97f0-4aba31f97ead,21/02/2015,Feb-15,2,2015,LEWIS GAY,Minor Dam,168,14,131,77.98
29028535-db2e-47c4-b56c-e9ea4738feb2,22/02/2015,Feb-15,2,2015,LEWIS GAY,Minor Dam,168,14,131,77.98
31a61f6a-bb9d-484e-aab3-0deb6d19ffb5,23/02/2015,Feb-15,2,2015,LEWIS GAY,Minor Dam,168,14,131,77.98
b8c1ceae-357a-4a68-afd3-13200bf2af8b,24/02/2015,Feb-15,2,2015,LEWIS GAY,Minor Dam,168,14,131,77.98
6678394b-8193-4156-afa2-af8265a03793,25/02/2015,Feb-15,2,2015,LEWIS GAY,Minor Dam,168,14,131,77.98
d625fe1d-2aaa-4910-a902-1c02a99adfdc,26/02/2015,Feb-15,2,2015,LEWIS GAY,Minor Dam,168,14,131,77.98
a61d7c72-8bfc-400d-a756-dcb7cbaef29d,27/02/2015,Feb-15,2,2015,LEWIS GAY,Minor Dam,168,14,131,77.98
74929035-1e0c-4a12-9f59-f64b213760cb,28/02/2015,Feb-15,2,2015,LEWIS GAY,Minor Dam,168,14,131,77.98
49f636c6-567b-4745-9bac-ac245f743f54,01/03/2015,Mar-15,3,2015,LEWIS GAY,Minor Dam,168,14,131,77.98
c8906076-a213-46fc-a7e9-178808a057b2,02/03/2015,Mar-15,3,2015,LEWIS GAY,Minor Dam,168,14,131,77.98
005e2a7e-084d-4534-8a65-829b092fdf02,03/03/2015,Mar-15,3,2015,LEWIS GAY,Minor Dam,168,14,131,77.98
291e18a7-9a82-4f52-b41f-6abc1f5d3a92,04/03/2015,Mar-15,3,2015,LEWIS GAY,Minor Dam,168,14,131,77.98
a5898e9d-18f7-4b8e-95e3-665093e34479,05/03/2015,Mar-15,3,2015,LEWIS GAY,Minor Dam,168,14,131,77.98
ebd68d5f-dab8-421c-a93d-f02c643b8c0d,06/03/2015,Mar-15,3,2015,LEWIS GAY,Minor Dam,168,14,131,77.98
b0e7b93d-0499-4c0d-acf2-5965af09cc2b,07/03/2015,Mar-15,3,2015,LEWIS GAY,Minor Dam,168,13.95,129.6,77.14
2ff93c10-7935-4520-a856-31ab5827c7fa,08/03/2015,Mar-15,3,2015,LEWIS GAY,Minor Dam,168,13.95,129.6,77.14
8c797806-909f-4d11-8d89-8a9979a6ab71,09/03/2015,Mar-15,3,2015,LEWIS GAY,Minor Dam,168,13.95,129.6,77.14
37e26862-99cc-495c-9e03-a57dab2b7b14,10/03/2015,Mar-15,3,2015,LEWIS GAY,Minor Dam,168,13.95,129.6,77.14
d8e20f48-56f9-4c72-927e-4fc5d1e8702a,11/03/2015,Mar-15,3,2015,LEWIS GAY,Minor Dam,168,14,131,77.98
de2f87c3-7b1b-4065-895d-564557809f56,12/03/2015,Mar-15,3,2015,LEWIS GAY,Minor Dam,168,14,131,77.98
495f4682-df86-461c-8150-4dcbdbcf680f,13/03/2015,Mar-15,3,2015,LEWIS GAY,Minor Dam,168,14,131,77.98
2b2fe116-b860-4d34-8c53-29d8a80ba021,14/03/2015,Mar-15,3,2015,LEWIS GAY,Minor Dam,168,13.9,128.3,76.37
042fb3fa-b17b-42fb-a3c8-36e706bc59ad,15/03/2015,Mar-15,3,2015,LEWIS GAY,Minor Dam,168,13.8,125.5,74.7
d5a1ebff-e48e-43e8-bb27-cdecab31ac0c,16/03/2015,Mar-15,3,2015,LEWIS GAY,Minor Dam,168,13.8,125.5,74.7
94b94943-90fb-46e0-8c87-aea807cdb5a9,17/03/2015,Mar-15,3,2015,LEWIS GAY,Minor Dam,168,13.8,125.5,74.7
e26eb051-ae79-4e9f-a325-f26873f35b8e,18/03/2015,Mar-15,3,2015,LEWIS GAY,Minor Dam,168,13.8,125.5,74.7
b61b1fbf-b57b-43ce-9d60-9878f7c2dc44,19/03/2015,Mar-15,3,2015,LEWIS GAY,Minor Dam,168,13.8,125.5,74.7
be844415-fb25-405f-86a1-e4aa33caef90,20/03/2015,Mar-15,3,2015,LEWIS GAY,Minor Dam,168,13.75,124.2,73.93
f0399f51-acbb-49c6-9646-408b45bc7ae6,21/03/2015,Mar-15,3,2015,LEWIS GAY,Minor Dam,168,13.72,123.4,73.45
0d300d53-332d-44e4-80c6-914bfc144b5e,22/03/2015,Mar-15,3,2015,LEWIS GAY,Minor Dam,168,13.72,123.4,73.45
819355f4-7581-4c9e-b929-9d7fcc36a8ca,23/03/2015,Mar-15,3,2015,LEWIS GAY,Minor Dam,168,13.72,123.4,73.45
6f3e598d-e439-4537-9f24-c7ed56986d34,24/03/2015,Mar-15,3,2015,LEWIS GAY,Minor Dam,168,13.72,123.4,73.45
65857ab6-553e-4295-a38f-ea7b5913b892,25/03/2015,Mar-15,3,2015,LEWIS GAY,Minor Dam,168,13.72,123.4,73.45
5827a628-9228-4d88-9dac-902a87f09e81,26/03/2015,Mar-15,3,2015,LEWIS GAY,Minor Dam,168,13.68,122.3,72.8
ab8bf3aa-ed8a-48f6-a38b-22e5b33092b5,27/03/2015,Mar-15,3,2015,LEWIS GAY,Minor Dam,168,13.68,122.3,72.8
074dfb53-24f3-4b4a-a9f3-b4c17483090d,28/03/2015,Mar-15,3,2015,LEWIS GAY,Minor Dam,168,13.68,122.3,72.8
f6235249-965d-4632-81fa-833c690a8efa,29/03/2015,Mar-15,3,2015,LEWIS GAY,Minor Dam,168,13.68,122.3,72.8
4b885999-6e05-48cb-90fc-0c8b34a6b21b,30/03/2015,Mar-15,3,2015,LEWIS GAY,Minor Dam,168,13.68,122.3,72.8
8d340599-1dbb-4cd0-b7c0-7ceb3e869b0e,31/03/2015,Mar-15,3,2015,LEWIS GAY,Minor Dam,168,13.68,122.3,72.8
38e94bc7-bc6f-4257-ab66-e553f00b42a7,01/04/2015,Apr-15,4,2015,LEWIS GAY,Minor Dam,168,13.68,122.3,72.8
54d8dd71-2c79-4d33-92bf-d61b096e4086,02/04/2015,Apr-15,4,2015,LEWIS GAY,Minor Dam,168,13.68,122.3,72.8
19fe41ee-db54-4a49-9455-9033fea10126,03/04/2015,Apr-15,4,2015,LEWIS GAY,Minor Dam,168,13.68,122.3,72.8
1b23de51-c530-4922-a947-751fff7720d1,04/04/2015,Apr-15,4,2015,LEWIS GAY,Minor Dam,168,13.68,122.3,72.8
662db57d-17e6-41c8-939d-81f3cdee8fec,05/04/2015,Apr-15,4,2015,LEWIS GAY,Minor Dam,168,13.68,122.3,72.8
adac4cd8-bb02-49ca-8c79-b25d0e8fbe4f,06/04/2015,Apr-15,4,2015,LEWIS GAY,Minor Dam,168,13.68,122.3,72.8
5a1a7acc-c91c-4565-83dc-1d30ef6cfb17,07/04/2015,Apr-15,4,2015,LEWIS GAY,Minor Dam,168,13.68,122.3,72.8
26d7a642-14b2-456c-806e-bb1fb8c2e7c6,08/04/2015,Apr-15,4,2015,LEWIS GAY,Minor Dam,168,13.65,121.5,72.32
95661d67-d0fc-447b-815d-46bcbec4f4a9,09/04/2015,Apr-15,4,2015,LEWIS GAY,Minor Dam,168,13.6,120.2,71.55
6144646d-1082-4a0d-b2da-33f0e625433b,10/04/2015,Apr-15,4,2015,LEWIS GAY,Minor Dam,168,13.6,120.2,71.55
b4dc779c-a14a-4f06-8b4b-4d341a521097,11/04/2015,Apr-15,4,2015,LEWIS GAY,Minor Dam,168,13.6,120.2,71.55
8e5a1a82-3645-40fb-bc74-c2345a91f455,12/04/2015,Apr-15,4,2015,LEWIS GAY,Minor Dam,168,13.6,120.2,71.55
6a1a9275-30c5-49ad-92fa-9045d3a54409,13/04/2015,Apr-15,4,2015,LEWIS GAY,Minor Dam,168,13.6,120.2,71.55
2568a958-8f70-486a-ae3c-c55cbbad0a6d,14/04/2015,Apr-15,4,2015,LEWIS GAY,Minor Dam,168,13.6,120.2,71.55
0d213d2c-7cdb-47c7-9524-952c905c79c9,15/04/2015,Apr-15,4,2015,LEWIS GAY,Minor Dam,168,13.6,120.2,71.55
2448644e-d2ae-41db-a738-db9143d53071,16/04/2015,Apr-15,4,2015,LEWIS GAY,Minor Dam,168,13.6,120.2,71.55
0de853d2-99cf-4827-b58c-6e05b79cb70c,17/04/2015,Apr-15,4,2015,LEWIS GAY,Minor Dam,168,13.6,120.2,71.55
67d7679d-5e95-45d1-a441-001800ae8586,18/04/2015,Apr-15,4,2015,LEWIS GAY,Minor Dam,168,13.6,120.2,71.55
bb3af7b8-a206-4ad4-ab3c-2bfa1b3ae41d,19/04/2015,Apr-15,4,2015,LEWIS GAY,Minor Dam,168,13.6,120.2,71.55
9fb777d7-12ad-4032-a48e-90b97f0fc983,20/04/2015,Apr-15,4,2015,LEWIS GAY,Minor Dam,168,13.6,120.2,71.55
ad45d31c-21c4-4323-969e-bf90a5c25b51,21/04/2015,Apr-15,4,2015,LEWIS GAY,Minor Dam,168,13.6,120.2,71.55
3d1133ac-be6d-4c31-a818-803a448d72f8,22/04/2015,Apr-15,4,2015,LEWIS GAY,Minor Dam,168,13.58,119.7,71.25
0a204e73-9665-49a8-b338-c00cf90239ee,23/04/2015,Apr-15,4,2015,LEWIS GAY,Minor Dam,168,13.4,115,68.45
7fcadbb4-8d8b-48e4-a08c-e3be91a6836b,24/04/2015,Apr-15,4,2015,LEWIS GAY,Minor Dam,168,13.4,115,68.45
93686609-dbf2-4d4a-bdb8-63df28529fe3,25/04/2015,Apr-15,4,2015,LEWIS GAY,Minor Dam,168,13.2,110,65.48
2e2bf4b3-674a-475a-9c2d-c59627b46813,26/04/2015,Apr-15,4,2015,LEWIS GAY,Minor Dam,168,13.2,110,65.48
1fa8fb3f-d8ac-4756-af8f-bf1098547a63,27/04/2015,Apr-15,4,2015,LEWIS GAY,Minor Dam,168,13.2,110,65.48
5c7ca576-2155-4530-8167-cdb7cdb13b37,28/04/2015,Apr-15,4,2015,LEWIS GAY,Minor Dam,168,13.2,110,65.48
6ff6bd69-1c6d-4ec2-b51e-842ca280a8a8,29/04/2015,Apr-15,4,2015,LEWIS GAY,Minor Dam,168,13.2,110,65.48
4880abf8-bd63-4a00-b57f-804b91e767f8,30/04/2015,Apr-15,4,2015,LEWIS GAY,Minor Dam,168,13.2,110,65.48
6462f7d6-e44a-43e2-af7b-f18d1db30ecf,01/05/2015,May-15,5,2015,LEWIS GAY,Minor Dam,168,13.22,110.5,65.77
c6dd264d-ffc3-460f-b502-bcc0c4687fac,02/05/2015,May-15,5,2015,LEWIS GAY,Minor Dam,168,13.24,111,66.07
c9620632-6119-44f6-9dd3-fdeaa4f3c266,03/05/2015,May-15,5,2015,LEWIS GAY,Minor Dam,168,13.27,111.8,66.55
60675b8d-9953-416e-86f4-b7744ad53487,04/05/2015,May-15,5,2015,LEWIS GAY,Minor Dam,168,13.29,112.3,66.85
40a47222-3d39-42cb-9cf7-00915d272d54,05/05/2015,May-15,5,2015,LEWIS GAY,Minor Dam,168,13.29,112.3,66.85
b386bf74-de50-4606-bca2-40506e164c47,06/05/2015,May-15,5,2015,LEWIS GAY,Minor Dam,168,13.28,112,66.67
804d143b-24fa-4987-9d54-d1314ce6aa05,07/05/2015,May-15,5,2015,LEWIS GAY,Minor Dam,168,13.28,112,66.67
329142b7-c51b-4660-be4d-35c8045abd3b,08/05/2015,May-15,5,2015,LEWIS GAY,Minor Dam,168,13.28,112,66.67
415af589-ce2e-44af-9864-661ac34939e2,09/05/2015,May-15,5,2015,LEWIS GAY,Minor Dam,168,13.28,112,66.67
d1124cd0-a46e-4d29-983d-4ea07c73c899,10/05/2015,May-15,5,2015,LEWIS GAY,Minor Dam,168,13.28,112,66.67
de449757-9530-4c6e-ac90-bd4f698a3a69,11/05/2015,May-15,5,2015,LEWIS GAY,Minor Dam,168,13.28,112,66.67
33d65172-6e86-424c-b5fa-3c0261abc9b2,12/05/2015,May-15,5,2015,LEWIS GAY,Minor Dam,168,13.28,112,66.67
1c1b96d1-8814-445c-b849-9eb5aee08306,13/05/2015,May-15,5,2015,LEWIS GAY,Minor Dam,168,13.28,112,66.67
882b20d6-7ad0-4927-9dce-4b716bc7e409,14/05/2015,May-15,5,2015,LEWIS GAY,Minor Dam,168,13.28,112,66.67
ecbb05d4-58c6-49c2-a877-a5f718de12f0,15/05/2015,May-15,5,2015,LEWIS GAY,Minor Dam,168,13.29,112.3,66.85
7dc6c492-2aa6-44d3-bc18-9f210739ecd7,16/05/2015,May-15,5,2015,LEWIS GAY,Minor Dam,168,13.29,112.3,66.85
eebc0381-deba-40eb-9b5d-9913c1ae79be,17/05/2015,May-15,5,2015,LEWIS GAY,Minor Dam,168,13.29,112.3,66.85
c1734554-a6f6-4dae-bd9a-16d43007a021,18/05/2015,May-15,5,2015,LEWIS GAY,Minor Dam,168,13.29,112.3,66.85
ededdb58-3f6b-47fb-ac67-f341100ff4dc,19/05/2015,May-15,5,2015,LEWIS GAY,Minor Dam,168,13.29,112.3,66.85
578a98f6-f06a-4c04-9a4a-73f433543620,20/05/2015,May-15,5,2015,LEWIS GAY,Minor Dam,168,13.08,107.1,63.75
5291de36-ea61-4afe-9ee8-e42fc114c92e,21/05/2015,May-15,5,2015,LEWIS GAY,Minor Dam,168,12.9,102.7,61.13
1371db1f-fff8-4859-ac2e-44b397c18493,22/05/2015,May-15,5,2015,LEWIS GAY,Minor Dam,168,12.8,100.4,59.76
1e3738d7-d5a1-49d5-9cc0-5efc5b6d0067,23/05/2015,May-15,5,2015,LEWIS GAY,Minor Dam,168,12.8,100.4,59.76
70971f16-9f69-469c-985d-f22d18f8cbff,24/05/2015,May-15,5,2015,LEWIS GAY,Minor Dam,168,12.8,100.4,59.76
48ff488c-c37e-469b-af2c-f348b2910654,25/05/2015,May-15,5,2015,LEWIS GAY,Minor Dam,168,12.8,100.4,59.76
7bcfe4b4-c25e-4c6e-befc-d417219c2023,26/05/2015,May-15,5,2015,LEWIS GAY,Minor Dam,168,12.86,101.8,60.6
10e30e97-2f3b-4842-ad6a-d7b3499a47e8,27/05/2015,May-15,5,2015,LEWIS GAY,Minor Dam,168,12.9,102.7,61.13
165dcdfa-a27b-4c72-b419-80cd0ca2037a,28/05/2015,May-15,5,2015,LEWIS GAY,Minor Dam,168,12.9,102.7,61.13
0c8b1015-dd2b-47c5-b28e-eca0b6140cda,29/05/2015,May-15,5,2015,LEWIS GAY,Minor Dam,168,12.98,104.7,62.32
c9b954ef-d810-45d6-be1e-b2e269d70f7f,30/05/2015,May-15,5,2015,LEWIS GAY,Minor Dam,168,13,105.1,62.56
f05b6763-a096-4a44-999d-f14f9e9d6ebe,31/05/2015,May-15,5,2015,LEWIS GAY,Minor Dam,168,13.08,107.1,63.75
a3c7c6dd-7349-448f-abac-0e47baba4d65,01/06/2015,Jun-15,6,2015,LEWIS GAY,Minor Dam,168,13.08,107.1,63.75
55ecc234-87c4-4d10-9f41-a9b75565c12c,02/06/2015,Jun-15,6,2015,LEWIS GAY,Minor Dam,168,13.1,107.6,64.05
580ffebd-1729-409f-bd1f-670ff7e99672,03/06/2015,Jun-15,6,2015,LEWIS GAY,Minor Dam,168,13.1,107.6,64.05
cf981673-a203-40e3-a909-da3b57507d79,04/06/2015,Jun-15,6,2015,LEWIS GAY,Minor Dam,168,13.3,112.5,66.96
770b3250-b7ef-46f6-9f25-902d43488b3a,05/06/2015,Jun-15,6,2015,LEWIS GAY,Minor Dam,168,13.3,112.5,66.96
544121c5-f5d9-431a-8605-b6aa5369f2c4,06/06/2015,Jun-15,6,2015,LEWIS GAY,Minor Dam,168,13.35,113.8,67.74
c0e899e7-ebb9-48fc-a525-10a80e36c1b3,07/06/2015,Jun-15,6,2015,LEWIS GAY,Minor Dam,168,13.35,113.8,67.74
6e8f1ea8-7b71-4c64-8e98-4224bbb60fc9,08/06/2015,Jun-15,6,2015,LEWIS GAY,Minor Dam,168,13.35,113.8,67.74
16a9d024-26cd-4b40-9b68-b30afa51cf0d,09/06/2015,Jun-15,6,2015,LEWIS GAY,Minor Dam,168,13.35,113.8,67.74
f97cd061-5b91-4e29-bafb-9a5ba00ce2df,10/06/2015,Jun-15,6,2015,LEWIS GAY,Minor Dam,168,13.48,117.1,69.7
a5e380ac-5228-4fee-9ea9-0ba3e851a368,11/06/2015,Jun-15,6,2015,LEWIS GAY,Minor Dam,168,13.48,117.1,69.7
f558e2eb-a18d-4b19-a77f-05a39a60b82f,12/06/2015,Jun-15,6,2015,LEWIS GAY,Minor Dam,168,13.48,117.1,69.7
21107b3d-8bc0-401c-838c-a815a3132a4f,13/06/2015,Jun-15,6,2015,LEWIS GAY,Minor Dam,168,13.5,117.6,70
45da0c36-8636-4047-b3f1-72fea8b564db,14/06/2015,Jun-15,6,2015,LEWIS GAY,Minor Dam,168,13.5,117.6,70
fdaa9f76-21ec-49b1-8231-693dd4dc74b2,15/06/2015,Jun-15,6,2015,LEWIS GAY,Minor Dam,168,13.5,117.6,70
a1a2d9ef-92c3-4cf9-9f2c-4cb06e75db9b,16/06/2015,Jun-15,6,2015,LEWIS GAY,Minor Dam,168,13.5,117.6,70
d61702b6-b40a-40ac-9500-af2d23ba4ab7,17/06/2015,Jun-15,6,2015,LEWIS GAY,Minor Dam,168,13.55,118.9,70.77
baee68d0-4e82-402e-8cf7-6a89c83d4dd6,18/06/2015,Jun-15,6,2015,LEWIS GAY,Minor Dam,168,13.6,120.2,71.55
e77a6af3-4672-4e7c-84a9-83cda06c2769,19/06/2015,Jun-15,6,2015,LEWIS GAY,Minor Dam,168,13.6,120.2,71.55
a5033baf-4a8d-45f0-84cc-032f99cbe0ce,20/06/2015,Jun-15,6,2015,LEWIS GAY,Minor Dam,168,13.65,121.5,72.32
c1e35340-bd3e-4d6c-88d0-1604020654cd,21/06/2015,Jun-15,6,2015,LEWIS GAY,Minor Dam,168,13.65,121.5,72.32
fb751eb3-efd6-49e5-ac1c-5f2d64793aad,22/06/2015,Jun-15,6,2015,LEWIS GAY,Minor Dam,168,13.7,122.9,73.15
6f579970-e340-48c0-8c36-80ece54c1a6e,23/06/2015,Jun-15,6,2015,LEWIS GAY,Minor Dam,168,13.7,122.9,73.15
52f14910-60f4-441e-b220-02d93c908589,24/06/2015,Jun-15,6,2015,LEWIS GAY,Minor Dam,168,13.76,124.5,74.11
d524a126-1e4b-41e1-bbed-594c4d49b48f,25/06/2015,Jun-15,6,2015,LEWIS GAY,Minor Dam,168,13.85,126.9,75.54
a3af5d2d-0971-4a59-ac96-d21dd06a61cd,26/06/2015,Jun-15,6,2015,LEWIS GAY,Minor Dam,168,13.5,117.6,70
b3867aa0-a74a-4902-8fad-d3231b022d75,27/06/2015,Jun-15,6,2015,LEWIS GAY,Minor Dam,168,13.5,117.6,70
31f19189-2d8b-421e-9967-96c5d6cb2866,28/06/2015,Jun-15,6,2015,LEWIS GAY,Minor Dam,168,13.85,126.9,75.54
b202924d-85b5-472e-b63e-0f0af3e9ceb5,29/06/2015,Jun-15,6,2015,LEWIS GAY,Minor Dam,168,14.18,136.1,81.01
e4f7dc43-d6f8-498f-b946-108de8b5d646,30/06/2015,Jun-15,6,2015,LEWIS GAY,Minor Dam,168,14.22,137.2,81.67
3435480d-2420-47f1-b3e2-62425e1652ec,01/07/2015,Jul-15,7,2015,LEWIS GAY,Minor Dam,168,14.3,139.5,83.04
b318bba6-3fe5-4808-9517-3a6dc4617b1e,02/07/2015,Jul-15,7,2015,LEWIS GAY,Minor Dam,168,14.28,139,82.74
cd9c4c65-c6b4-4995-b65a-5c0bbc89673e,03/07/2015,Jul-15,7,2015,LEWIS GAY,Minor Dam,168,14.35,141,83.93
d1a7f6d3-f396-4059-9832-a352982e4ade,04/07/2015,Jul-15,7,2015,LEWIS GAY,Minor Dam,168,14.35,141,83.93
78c5e720-5ff3-4d2f-8fd2-33da857def65,05/07/2015,Jul-15,7,2015,LEWIS GAY,Minor Dam,168,14.4,142.5,84.82
b52abae5-fd2e-48ab-8b26-ba74486ce747,06/07/2015,Jul-15,7,2015,LEWIS GAY,Minor Dam,168,14.45,143.9,85.65
0660ed4a-1b1e-4041-a676-dbe1dc12472a,07/07/2015,Jul-15,7,2015,LEWIS GAY,Minor Dam,168,14.45,143.9,85.65
95a87968-489b-46f3-9fd9-5326a0022616,08/07/2015,Jul-15,7,2015,LEWIS GAY,Minor Dam,168,14.45,143.9,85.65
12a2960a-e433-48c2-90f3-91ce893cd812,09/07/2015,Jul-15,7,2015,LEWIS GAY,Minor Dam,168,14.45,143.9,85.65
1a774b52-1763-4118-8dc8-8858a4f1f121,10/07/2015,Jul-15,7,2015,LEWIS GAY,Minor Dam,168,14.45,143.9,85.65
91405684-40fe-4983-a60a-18e1533359a0,11/07/2015,Jul-15,7,2015,LEWIS GAY,Minor Dam,168,14.6,148.2,88.21
65f3a9b5-887f-4714-a309-7cc9c86beb0b,12/07/2015,Jul-15,7,2015,LEWIS GAY,Minor Dam,168,14.7,151.2,90
99f539f2-d05c-466c-87dd-624364c22c33,13/07/2015,Jul-15,7,2015,LEWIS GAY,Minor Dam,168,14.75,152.7,90.89
d045f9c7-3959-4aed-b8a3-b3f4b8e86a35,14/07/2015,Jul-15,7,2015,LEWIS GAY,Minor Dam,168,14.78,153.5,91.37
f9fc2968-5ae9-4882-b8e8-1062bcbde28e,15/07/2015,Jul-15,7,2015,LEWIS GAY,Minor Dam,168,14.8,154.1,91.73
678ee5cd-93d2-4afc-a54c-c273d0696652,16/07/2015,Jul-15,7,2015,LEWIS GAY,Minor Dam,168,14.82,154.7,92.08
e83f07ca-54cb-4239-b182-70c119051be5,17/07/2015,Jul-15,7,2015,LEWIS GAY,Minor Dam,168,14.85,155.6,92.62
707b2de1-6bbf-4c16-a8c9-2555b3b04b2a,18/07/2015,Jul-15,7,2015,LEWIS GAY,Minor Dam,168,15.2,166.4,99.05
cd692803-bdf3-4354-81ef-bb960b9eecbf,19/07/2015,Jul-15,7,2015,LEWIS GAY,Minor Dam,168,15.3,169.5,100.89
1c98f9c4-99d4-4366-a214-8a5bb7323cfe,20/07/2015,Jul-15,7,2015,LEWIS GAY,Minor Dam,168,15.3,169.5,100.89
ba50063a-614c-47ba-9d7c-5f00ea9155aa,21/07/2015,Jul-15,7,2015,LEWIS GAY,Minor Dam,168,15.3,169.5,100.89
2b70a675-64b4-48fe-8b1a-36b7236df333,22/07/2015,Jul-15,7,2015,LEWIS GAY,Minor Dam,168,15.3,169.5,100.89
2a9f7ef2-c969-4166-8960-63c4bd2bfe48,23/07/2015,Jul-15,7,2015,LEWIS GAY,Minor Dam,168,15.3,169.5,100.89
226bc77b-d149-4292-a408-e536460bcbc0,24/07/2015,Jul-15,7,2015,LEWIS GAY,Minor Dam,168,15.3,169.5,100.89
60a4ceff-462e-416c-b011-3bb65e698e55,25/07/2015,Jul-15,7,2015,LEWIS GAY,Minor Dam,168,15.3,169.5,100.89
6c32db81-93f2-4580-8c3a-0b122b716fe3,26/07/2015,Jul-15,7,2015,LEWIS GAY,Minor Dam,168,15.3,169.5,100.89
178b4a12-604e-454b-94d4-6a4d6865152c,27/07/2015,Jul-15,7,2015,LEWIS GAY,Minor Dam,168,15.3,169.5,100.89
ca399e46-489e-43bd-906c-2fb3eb829396,28/07/2015,Jul-15,7,2015,LEWIS GAY,Minor Dam,168,15.3,169.5,100.89
29062932-21d2-48e9-b11d-ee6cc7118bd4,29/07/2015,Jul-15,7,2015,LEWIS GAY,Minor Dam,168,15.3,169.5,100.89
b6e43189-8a65-4f3d-b13c-f22920eda195,30/07/2015,Jul-15,7,2015,LEWIS GAY,Minor Dam,168,15.3,169.5,100.89
b2316416-6ec9-457d-85cb-f8c62209d335,31/07/2015,Jul-15,7,2015,LEWIS GAY,Minor Dam,168,15.3,169.5,100.89
cd13ad94-1445-4fc8-b7af-fb8072d1f9a5,01/08/2015,Aug-15,8,2015,LEWIS GAY,Minor Dam,168,15.3,169.5,100.89
c72abf11-282e-4a13-bff3-d30f64197070,02/08/2015,Aug-15,8,2015,LEWIS GAY,Minor Dam,168,15.3,169.5,100.89
f9ab2b0e-8492-480e-972b-39489e714350,03/08/2015,Aug-15,8,2015,LEWIS GAY,Minor Dam,168,15.3,169.5,100.89
d42e76fb-bfaf-4464-bcc3-cabcdeb964de,04/08/2015,Aug-15,8,2015,LEWIS GAY,Minor Dam,168,15.3,169.5,100.89
666792ab-5c9d-461d-a3b3-1f22d5c96421,05/08/2015,Aug-15,8,2015,LEWIS GAY,Minor Dam,168,15.3,169.5,100.89
00c7ec90-40ff-43a8-aa05-0c36d743d3fe,06/08/2015,Aug-15,8,2015,LEWIS GAY,Minor Dam,168,15.3,169.5,100.89
5ebe1117-cd82-4331-9060-15acec469b29,07/08/2015,Aug-15,8,2015,LEWIS GAY,Minor Dam,168,15.28,168.9,100.54
80e10a1f-5f31-4fbe-8df5-255693dd6ce0,08/08/2015,Aug-15,8,2015,LEWIS GAY,Minor Dam,168,15.3,169.5,100.89
65637e0b-a2d0-45c5-8c94-0336fdc5fac6,09/08/2015,Aug-15,8,2015,LEWIS GAY,Minor Dam,168,15.35,171,101.79
2acb19a4-9cbf-4582-bbd4-10e945ffe64d,10/08/2015,Aug-15,8,2015,LEWIS GAY,Minor Dam,168,15.35,171,101.79
a8d8dcd9-35e0-4a17-a821-a10765926b9e,11/08/2015,Aug-15,8,2015,LEWIS GAY,Minor Dam,168,15.35,171,101.79
73cdbb1b-f667-4114-a943-80a310673ec8,12/08/2015,Aug-15,8,2015,LEWIS GAY,Minor Dam,168,15.35,171,101.79
daf38ea5-1432-41fe-ac3b-dde94f12cad6,13/08/2015,Aug-15,8,2015,LEWIS GAY,Minor Dam,168,15.35,171,101.79
15e06de8-d340-4696-8189-07de00bc1957,14/08/2015,Aug-15,8,2015,LEWIS GAY,Minor Dam,168,15.28,168.9,100.54
7dcc4e51-dd3d-4c77-94b6-26b01463dcb3,15/08/2015,Aug-15,8,2015,LEWIS GAY,Minor Dam,168,15.35,171,101.79
15f9328e-668d-4ada-9dad-f01a6269f239,16/08/2015,Aug-15,8,2015,LEWIS GAY,Minor Dam,168,15.35,171,101.79
fb2afde3-a2a0-4250-821a-bdc640dabb3d,17/08/2015,Aug-15,8,2015,LEWIS GAY,Minor Dam,168,15.23,167.3,99.58
8540b3ee-0667-4bb4-9c5b-9ed09992fc98,18/08/2015,Aug-15,8,2015,LEWIS GAY,Minor Dam,168,15.23,167.3,99.58
0bd85552-73f5-4016-8cd1-7cd7f7096500,19/08/2015,Aug-15,8,2015,LEWIS GAY,Minor Dam,168,15.23,167.3,99.58
7a91b62b-d6de-41c7-8ef8-cfbc1fa86dac,20/08/2015,Aug-15,8,2015,LEWIS GAY,Minor Dam,168,15.26,168.3,100.18
87c7f16f-a8f3-4a99-ace6-13a43bf57b3d,21/08/2015,Aug-15,8,2015,LEWIS GAY,Minor Dam,168,15.26,168.3,100.18
4fadc4da-c599-4fc5-8386-7420beb9bde9,22/08/2015,Aug-15,8,2015,LEWIS GAY,Minor Dam,168,15.23,167.3,99.58
ece0c4ea-5cc8-4c8e-9957-9dd4c187d51c,23/08/2015,Aug-15,8,2015,LEWIS GAY,Minor Dam,168,15.23,167.3,99.58
05e174c4-d884-4fd1-9b6f-ae635432f0b7,24/08/2015,Aug-15,8,2015,LEWIS GAY,Minor Dam,168,15.28,168.9,100.54
35802221-0bff-462f-a518-da40861bcaf6,25/08/2015,Aug-15,8,2015,LEWIS GAY,Minor Dam,168,15.29,169.2,100.71
94453f4c-1d64-46c4-bac2-a601c3ff979a,26/08/2015,Aug-15,8,2015,LEWIS GAY,Minor Dam,168,15.29,169.2,100.71
7825ed3b-8b8a-4080-919e-130492253127,27/08/2015,Aug-15,8,2015,LEWIS GAY,Minor Dam,168,15.3,169.5,100.89
ce6c20d2-d0ad-4ab5-b9d1-3a610cbb92a6,28/08/2015,Aug-15,8,2015,LEWIS GAY,Minor Dam,168,15.3,169.5,100.89
06809488-c04c-4eac-a28e-4b430c9a3e54,29/08/2015,Aug-15,8,2015,LEWIS GAY,Minor Dam,168,15.28,168.9,100.54
53c30284-c174-4761-b05a-8fc6a08e0dd3,30/08/2015,Aug-15,8,2015,LEWIS GAY,Minor Dam,168,15.25,168,100
d2187fbc-4fed-4be4-9cf2-72c22bf2cc76,31/08/2015,Aug-15,8,2015,LEWIS GAY,Minor Dam,168,15.28,168.9,100.54
09f70d4c-36d2-4ca9-95e7-b41246a72bf7,01/09/2015,Sep-15,9,2015,LEWIS GAY,Minor Dam,168,15.3,169.5,100.89
e62f49dc-a670-4ff0-b115-b59a295b126f,02/09/2015,Sep-15,9,2015,LEWIS GAY,Minor Dam,168,15.3,169.5,100.89
53bfaf79-1769-4e1e-9ef4-d249b16b43a2,03/09/2015,Sep-15,9,2015,LEWIS GAY,Minor Dam,168,15.3,169.5,100.89
d70083fa-7c02-450f-896b-2e4aa628aea7,04/09/2015,Sep-15,9,2015,LEWIS GAY,Minor Dam,168,15.3,169.5,100.89
73aec131-c917-4441-980a-e6754ab4a322,05/09/2015,Sep-15,9,2015,LEWIS GAY,Minor Dam,168,15.3,169.5,100.89
86980f0c-bacf-415f-a0a4-2b41b809b710,06/09/2015,Sep-15,9,2015,LEWIS GAY,Minor Dam,168,15.3,169.5,100.89
60f82872-a714-4112-8205-2d640046741d,07/09/2015,Sep-15,9,2015,LEWIS GAY,Minor Dam,168,15.3,169.5,100.89
ed7afb26-7b05-45ad-b6c4-1bdede4787ec,08/09/2015,Sep-15,9,2015,LEWIS GAY,Minor Dam,168,15.28,168.9,100.54
9c5cac60-de13-4a32-851d-77e9e24f82cb,09/09/2015,Sep-15,9,2015,LEWIS GAY,Minor Dam,168,15.28,168.9,100.54
800161a8-42af-42fa-8ff2-df7da4654e7c,10/09/2015,Sep-15,9,2015,LEWIS GAY,Minor Dam,168,15.28,168.9,100.54
d2afa605-24cb-4b78-a00b-9d7861c43b4a,11/09/2015,Sep-15,9,2015,LEWIS GAY,Minor Dam,168,15.28,168.9,100.54
48cf2774-553d-49d7-8561-29c59e8cac4a,12/09/2015,Sep-15,9,2015,LEWIS GAY,Minor Dam,168,15.28,168.9,100.54
6f8bf3d1-2944-48b4-9372-d90aaed3079e,13/09/2015,Sep-15,9,2015,LEWIS GAY,Minor Dam,168,15.25,168,100
9c9b602a-72ad-4a60-a72d-653d92078a01,14/09/2015,Sep-15,9,2015,LEWIS GAY,Minor Dam,168,15.25,168,100
3849c06e-60ee-4e51-b621-dd0926bdb8ab,15/09/2015,Sep-15,9,2015,LEWIS GAY,Minor Dam,168,15.25,168,100
4085e057-03db-4eda-a7ec-fc0832c9e9ee,16/09/2015,Sep-15,9,2015,LEWIS GAY,Minor Dam,168,15.25,168,100
61e07eb7-0f90-4643-8a9b-5e2eb302a31f,17/09/2015,Sep-15,9,2015,LEWIS GAY,Minor Dam,168,15.22,167,99.4
8083586d-9035-406e-b434-0c5bd61722d6,18/09/2015,Sep-15,9,2015,LEWIS GAY,Minor Dam,168,15.22,167,99.4
d11d7cfb-60ea-47cc-bc4f-1e4a9fb804d2,19/09/2015,Sep-15,9,2015,LEWIS GAY,Minor Dam,168,15.2,166.4,99.05
91f89217-1d77-49ff-b074-13c7dfd5f558,20/09/2015,Sep-15,9,2015,LEWIS GAY,Minor Dam,168,15.2,166.4,99.05
77f2694e-58b9-4e9c-ab25-d140f4316ae7,21/09/2015,Sep-15,9,2015,LEWIS GAY,Minor Dam,168,15.18,165.8,98.69
1b0313fa-0834-4600-a2af-492b053066d6,22/09/2015,Sep-15,9,2015,LEWIS GAY,Minor Dam,168,15.15,164.9,98.15
edd83d27-7bc4-43df-9066-a44fef2cbdae,23/09/2015,Sep-15,9,2015,LEWIS GAY,Minor Dam,168,15.2,166.4,99.05
02f29193-74dd-4376-bbe1-7210e7c2679c,24/09/2015,Sep-15,9,2015,LEWIS GAY,Minor Dam,168,15.18,165.8,98.69
9addb8fd-c17c-4480-b82a-44e05c4de917,25/09/2015,Sep-15,9,2015,LEWIS GAY,Minor Dam,168,15.15,164.9,98.15
32dc32cd-9de8-439c-8162-d59990da7cc6,26/09/2015,Sep-15,9,2015,LEWIS GAY,Minor Dam,168,15.13,164.2,97.74
61edd654-5b80-4e32-a6e9-d1b510127a6c,27/09/2015,Sep-15,9,2015,LEWIS GAY,Minor Dam,168,15.15,164.9,98.15
56fdc263-bb17-45a4-85c9-ac51fb0f753b,28/09/2015,Sep-15,9,2015,LEWIS GAY,Minor Dam,168,15.17,165.5,98.51
c82f2041-fb63-4750-a79e-ce89b044ca24,29/09/2015,Sep-15,9,2015,LEWIS GAY,Minor Dam,168,15.17,165.5,98.51
9a75dee9-0231-4935-b5f2-457458cee7ed,30/09/2015,Sep-15,9,2015,LEWIS GAY,Minor Dam,168,15.2,166.4,99.05
f881414b-4e72-4399-8219-c671a970df88,01/10/2015,Oct-15,10,2015,LEWIS GAY,Minor Dam,168,15.2,166.4,99.05
57c0b3e8-0a60-48e5-aff2-af578de44f2c,02/10/2015,Oct-15,10,2015,LEWIS GAY,Minor Dam,168,15.25,168,100
b3e403bb-bdf7-4494-98fa-bef9f090fb41,03/10/2015,Oct-15,10,2015,LEWIS GAY,Minor Dam,168,15.3,169.5,100.89
2d6553ba-72b3-4436-bfde-75d98a460edd,04/10/2015,Oct-15,10,2015,LEWIS GAY,Minor Dam,168,15.3,169.5,100.89
6d738991-22bc-4816-8bc7-30f00f349af9,05/10/2015,Oct-15,10,2015,LEWIS GAY,Minor Dam,168,15.3,169.5,100.89
fe53c652-564b-45d0-8e3a-05b11f7290e2,06/10/2015,Oct-15,10,2015,LEWIS GAY,Minor Dam,168,15.3,169.5,100.89
2f0051cc-63ce-42a4-bee9-77e81dbb1ffa,07/10/2015,Oct-15,10,2015,LEWIS GAY,Minor Dam,168,15.3,169.5,100.89
8d3a6f68-0ddf-4bdf-ad48-6cc41652c0f5,08/10/2015,Oct-15,10,2015,LEWIS GAY,Minor Dam,168,15.28,168.9,100.54
179fa3ce-fbdc-4209-a681-049fd11aa848,09/10/2015,Oct-15,10,2015,LEWIS GAY,Minor Dam,168,15.28,168.9,100.54
44e65e18-97e9-4f7c-ae73-080a34824632,10/10/2015,Oct-15,10,2015,LEWIS GAY,Minor Dam,168,15.25,168,100
6374d38b-6bd7-4752-8e4e-dda22a4ee353,11/10/2015,Oct-15,10,2015,LEWIS GAY,Minor Dam,168,15.23,167.3,99.58
e3777f56-321e-465f-8df3-4600211b2fd2,12/10/2015,Oct-15,10,2015,LEWIS GAY,Minor Dam,168,15.2,166.4,99.05
ebb8ded3-96f4-4492-bebb-82452e44dc3b,13/10/2015,Oct-15,10,2015,LEWIS GAY,Minor Dam,168,15.2,166.4,99.05
f5a72d72-30c1-4cd7-81e8-605856c1d7d1,14/10/2015,Oct-15,10,2015,LEWIS GAY,Minor Dam,168,15.2,166.4,99.05
c74c288b-88b4-466f-9298-a78bd6fa6b01,15/10/2015,Oct-15,10,2015,LEWIS GAY,Minor Dam,168,15.2,166.4,99.05
73f147de-3a46-483d-9236-73e56fc63be9,16/10/2015,Oct-15,10,2015,LEWIS GAY,Minor Dam,168,15.2,166.4,99.05
f294ac6e-5a8e-494c-bb6c-a624325c6afb,17/10/2015,Oct-15,10,2015,LEWIS GAY,Minor Dam,168,15.2,166.4,99.05
501ef08c-4156-41f9-9cb3-d36ff845751d,18/10/2015,Oct-15,10,2015,LEWIS GAY,Minor Dam,168,15.15,164.9,98.15
3d4a3462-130b-41e4-91fb-074e7ad98185,19/10/2015,Oct-15,10,2015,LEWIS GAY,Minor Dam,168,15.1,163.3,97.2
334acca2-f29e-4991-a533-51b482002248,20/10/2015,Oct-15,10,2015,LEWIS GAY,Minor Dam,168,15.1,163.3,97.2
bdada301-fdd1-45dd-ac99-1be613843e15,21/10/2015,Oct-15,10,2015,LEWIS GAY,Minor Dam,168,15.05,161.8,96.31
9d5a407f-5b52-4c4b-9929-844fb8b51494,22/10/2015,Oct-15,10,2015,LEWIS GAY,Minor Dam,168,15.05,161.8,96.31
61fc0723-1df3-4c5d-9aff-c7fd35b642d5,23/10/2015,Oct-15,10,2015,LEWIS GAY,Minor Dam,168,15.05,161.8,96.31
8ee2b873-2061-43e2-928c-9f9b23e20fbf,24/10/2015,Oct-15,10,2015,LEWIS GAY,Minor Dam,168,15.05,161.8,96.31
586aa8cf-92f3-4ff9-b5fe-2024208959a5,25/10/2015,Oct-15,10,2015,LEWIS GAY,Minor Dam,168,15.05,161.8,96.31
b968edce-bb27-4321-93e5-f23ffe951a34,26/10/2015,Oct-15,10,2015,LEWIS GAY,Minor Dam,168,15.05,161.8,96.31
8c4383bd-d364-4fc7-b558-755d6e2ef2d6,27/10/2015,Oct-15,10,2015,LEWIS GAY,Minor Dam,168,15,160.2,95.36
89c4ff45-393d-4d89-b990-e53524f74045,28/10/2015,Oct-15,10,2015,LEWIS GAY,Minor Dam,168,14.95,158.7,94.46
2263df07-eb36-4187-9c46-ea63e8e5d629,29/10/2015,Oct-15,10,2015,LEWIS GAY,Minor Dam,168,14.95,158.7,94.46
4109dcbd-931b-4113-a6d7-85b1825d3ce3,30/10/2015,Oct-15,10,2015,LEWIS GAY,Minor Dam,168,14.9,157.2,93.57
ab53ed7f-21a4-4b27-97c1-9d83f294eefd,31/10/2015,Oct-15,10,2015,LEWIS GAY,Minor Dam,168,14.9,157.2,93.57
8bf5a3be-254d-4141-a5e1-a17f98605f48,01/11/2015,Nov-15,11,2015,LEWIS GAY,Minor Dam,168,14.9,157.2,93.57
34b28dd2-8046-4a78-ba71-a0e65352fc36,02/11/2015,Nov-15,11,2015,LEWIS GAY,Minor Dam,168,14.9,157.2,93.57
c39327c9-f34a-40e2-be6e-53c55ec1135d,03/11/2015,Nov-15,11,2015,LEWIS GAY,Minor Dam,168,14.9,157.2,93.57
ea7ac85d-3136-4d30-a093-c616e8e3421e,04/11/2015,Nov-15,11,2015,LEWIS GAY,Minor Dam,168,14.9,157.2,93.57
661a3ca1-bce6-4df2-abd5-5a72c6d7df99,05/11/2015,Nov-15,11,2015,LEWIS GAY,Minor Dam,168,14.85,155.6,92.62
f8d288ea-4234-435c-9b65-a745ef0258d5,06/11/2015,Nov-15,11,2015,LEWIS GAY,Minor Dam,168,14.85,155.6,92.62
4b8dac8f-92a1-495e-92b3-fe5aadf946f5,07/11/2015,Nov-15,11,2015,LEWIS GAY,Minor Dam,168,14.85,155.6,92.62
a7b7b57b-30b4-4ffe-8973-926c45861d42,08/11/2015,Nov-15,11,2015,LEWIS GAY,Minor Dam,168,14.85,155.6,92.62
a34ed512-2752-484c-ad2c-b6da7fd63a66,09/11/2015,Nov-15,11,2015,LEWIS GAY,Minor Dam,168,14.9,157.2,93.57
34aadf5d-5272-4645-aaf7-bc7e94bf40b1,10/11/2015,Nov-15,11,2015,LEWIS GAY,Minor Dam,168,15,160.2,95.36
28ff4189-2f1d-4b4e-9961-da7f423d5a8d,11/11/2015,Nov-15,11,2015,LEWIS GAY,Minor Dam,168,15,160.2,95.36
2196d817-272e-41ba-8da1-3c3ebe109f39,12/11/2015,Nov-15,11,2015,LEWIS GAY,Minor Dam,168,14.85,155.6,92.62
0b44300e-deaf-408f-bcc3-b5eb90f1945a,13/11/2015,Nov-15,11,2015,LEWIS GAY,Minor Dam,168,14.95,158.7,94.46
f3df06de-f14a-4b13-8d97-486b1ec93056,14/11/2015,Nov-15,11,2015,LEWIS GAY,Minor Dam,168,14.9,157.2,93.57
e17f7952-bfa4-4d15-af63-a79debe8d7dd,15/11/2015,Nov-15,11,2015,LEWIS GAY,Minor Dam,168,14.85,155.6,92.62
7b96e12e-e638-4ea0-bd5a-b32af4e68885,16/11/2015,Nov-15,11,2015,LEWIS GAY,Minor Dam,168,14.8,154.1,91.73
592fdce4-b115-4e99-b608-db02c212fa5a,17/11/2015,Nov-15,11,2015,LEWIS GAY,Minor Dam,168,14.79,153.8,91.55
f830a1f0-3af5-43c6-95cd-7ed9073d9515,18/11/2015,Nov-15,11,2015,LEWIS GAY,Minor Dam,168,15,160.2,95.36
d3216c92-b531-4236-bf44-75189672f5a0,19/11/2015,Nov-15,11,2015,LEWIS GAY,Minor Dam,168,15.15,164.9,98.15
a83bacff-bbe3-441b-84c1-94a163f8c0bb,20/11/2015,Nov-15,11,2015,LEWIS GAY,Minor Dam,168,15.3,169.5,100.89
43f09fac-7356-4bc9-b052-dd9dae9aac50,21/11/2015,Nov-15,11,2015,LEWIS GAY,Minor Dam,168,15.3,169.5,100.89
3039ec08-792a-4917-9239-f1e05e571024,22/11/2015,Nov-15,11,2015,LEWIS GAY,Minor Dam,168,15.3,169.5,100.89
0a15365e-5bc1-4c87-963e-e8c1a72994b5,23/11/2015,Nov-15,11,2015,LEWIS GAY,Minor Dam,168,15.27,168.6,100.36
03a82ffc-f740-4d99-a5fa-55ae14904470,24/11/2015,Nov-15,11,2015,LEWIS GAY,Minor Dam,168,15.3,169.5,100.89
8cbdc609-fe9e-4e0e-ba57-30fcd6366bc4,25/11/2015,Nov-15,11,2015,LEWIS GAY,Minor Dam,168,15.3,169.5,100.89
e8d0a215-474c-44b4-b934-ba8b76fb95ed,26/11/2015,Nov-15,11,2015,LEWIS GAY,Minor Dam,168,15.3,169.5,100.89
3fd8eebc-ff42-484e-b101-e7fc04fb0d04,27/11/2015,Nov-15,11,2015,LEWIS GAY,Minor Dam,168,15.3,169.5,100.89
9c6f5a14-f3c4-4235-8939-6fbccc2f3d6d,28/11/2015,Nov-15,11,2015,LEWIS GAY,Minor Dam,168,15.3,169.5,100.89
55d2b13b-8433-47e6-a6f0-29f8a29cdc4f,29/11/2015,Nov-15,11,2015,LEWIS GAY,Minor Dam,168,15.3,169.5,100.89
8949c6b4-0dfd-43fd-8dc1-b05cdfc07d19,30/11/2015,Nov-15,11,2015,LEWIS GAY,Minor Dam,168,15.3,169.5,100.89
b6327846-114c-4589-98e3-5fe837243dca,01/12/2015,Dec-15,12,2015,LEWIS GAY,Minor Dam,168,15.3,169.5,100.89
fcd6c746-cc4a-4cd4-b4fd-fd253da58c62,02/12/2015,Dec-15,12,2015,LEWIS GAY,Minor Dam,168,15.3,169.5,100.89
c3cbf6ef-87b1-4250-b855-4b26a7ba883c,03/12/2015,Dec-15,12,2015,LEWIS GAY,Minor Dam,168,15.3,169.5,100.89
57caaf3e-d7df-48dc-bccb-6d2505d7d27d,04/12/2015,Dec-15,12,2015,LEWIS GAY,Minor Dam,168,15.3,169.5,100.89
723d0898-dd70-4cd8-8c09-267a4c7190df,05/12/2015,Dec-15,12,2015,LEWIS GAY,Minor Dam,168,15.3,169.5,100.89
05b562b3-9e79-4df3-89b1-722589a073d6,06/12/2015,Dec-15,12,2015,LEWIS GAY,Minor Dam,168,15.3,169.5,100.89
b261f990-e1b9-4185-b5bc-2c90bc90da54,07/12/2015,Dec-15,12,2015,LEWIS GAY,Minor Dam,168,15.3,169.5,100.89
199ef5e0-9b2d-455b-a6b9-da542d8cf51c,08/12/2015,Dec-15,12,2015,LEWIS GAY,Minor Dam,168,15.3,169.5,100.89
9f694f66-1f2b-44e2-95f5-10adb518a2f7,09/12/2015,Dec-15,12,2015,LEWIS GAY,Minor Dam,168,15.3,169.5,100.89
275dc9ad-6643-4b6c-891e-de617b64107c,10/12/2015,Dec-15,12,2015,LEWIS GAY,Minor Dam,168,15.3,169.5,100.89
8e4727f3-e949-4c63-9a81-4bf969f25a7c,11/12/2015,Dec-15,12,2015,LEWIS GAY,Minor Dam,168,15.3,169.5,100.89
7297c32a-d6e4-45e4-9709-c2d7b3c66b8a,12/12/2015,Dec-15,12,2015,LEWIS GAY,Minor Dam,168,15.2,166.4,99.05
7bfb29a3-65ef-47f6-a5f3-90e8c6717c5d,13/12/2015,Dec-15,12,2015,LEWIS GAY,Minor Dam,168,15.15,164.9,98.15
fa4ed5a8-f53e-4a57-ad7c-13cb11179ac3,14/12/2015,Dec-15,12,2015,LEWIS GAY,Minor Dam,168,15.15,164.9,98.15
a670f6d1-29b4-4db9-b29c-20e438fb86ec,15/12/2015,Dec-15,12,2015,LEWIS GAY,Minor Dam,168,15.3,169.5,100.89
6e6e7249-7220-4924-938d-5efd648672af,16/12/2015,Dec-15,12,2015,LEWIS GAY,Minor Dam,168,15.1,163.3,97.2
2161189c-0972-4890-b2c4-78b41444b2ec,17/12/2015,Dec-15,12,2015,LEWIS GAY,Minor Dam,168,15.05,161.8,96.31
52faa35e-39ab-44ac-bfa9-01bcd35d0b0e,18/12/2015,Dec-15,12,2015,LEWIS GAY,Minor Dam,168,15.03,161.1,95.89
cf1928a1-9c81-4bc5-a59f-651a1d374a69,19/12/2015,Dec-15,12,2015,LEWIS GAY,Minor Dam,168,14.95,158.7,94.46
71e9dafd-2ebe-4326-8fcf-bac053c2a77c,20/12/2015,Dec-15,12,2015,LEWIS GAY,Minor Dam,168,14.9,157.2,93.57
4459488d-028c-4f81-afa9-16ced967b917,21/12/2015,Dec-15,12,2015,LEWIS GAY,Minor Dam,168,14.9,157.2,93.57
8e08b939-7e69-404b-8563-ea19edf6b6af,22/12/2015,Dec-15,12,2015,LEWIS GAY,Minor Dam,168,14.89,156.9,93.39
107b23c5-5274-4ced-80fa-340706d0025f,23/12/2015,Dec-15,12,2015,LEWIS GAY,Minor Dam,168,14.86,156,92.86
01c8e05f-0e2a-467f-bfca-60772f5e50be,24/12/2015,Dec-15,12,2015,LEWIS GAY,Minor Dam,168,14.86,156,92.86
4cdc7e4e-4b25-4eec-8aad-2061e74480ee,25/12/2015,Dec-15,12,2015,LEWIS GAY,Minor Dam,168,14.65,149.7,89.11
7697bc5d-79d3-4174-8787-65b443629317,26/12/2015,Dec-15,12,2015,LEWIS GAY,Minor Dam,168,14.54,146.5,87.2
fa073373-f6cb-4f2d-880f-1e231fff5fe1,27/12/2015,Dec-15,12,2015,LEWIS GAY,Minor Dam,168,14.42,143,85.12
05240d2a-0980-43bf-b101-54675c2ab0b0,28/12/2015,Dec-15,12,2015,LEWIS GAY,Minor Dam,168,14.29,139.3,82.92
49ecee94-9e80-4ab3-a641-1a09400b0978,29/12/2015,Dec-15,12,2015,LEWIS GAY,Minor Dam,168,14.28,139,82.74
cb383e1c-236d-409f-a9bd-500505b5db31,30/12/2015,Dec-15,12,2015,LEWIS GAY,Minor Dam,168,14.2,136.7,81.37
7de4fa06-d0e7-4097-8c58-1a9aec78711c,31/12/2015,Dec-15,12,2015,LEWIS GAY,Minor Dam,168,14.08,133.3,79.35
80bc284f-bbeb-4e67-97a8-25e3754f2d0c,01/01/2016,Jan-16,1,2016,LEWIS GAY,Minor Dam,168,13.95,129.6,77.14
d6b2d414-e43e-4020-a8e0-d22008c72e9b,02/01/2016,Jan-16,1,2016,LEWIS GAY,Minor Dam,168,13.8,125.5,74.7
de2339ed-4d3b-4ce5-88b6-49ee9ee1a685,03/01/2016,Jan-16,1,2016,LEWIS GAY,Minor Dam,168,13.78,125,74.4
a39f134f-960d-4d66-9693-1bdb15e1249a,04/01/2016,Jan-16,1,2016,LEWIS GAY,Minor Dam,168,13.7,122.9,73.15
79176b2f-e41b-4ff3-a39b-3e37258f6945,05/01/2016,Jan-16,1,2016,LEWIS GAY,Minor Dam,168,13.6,120.2,71.55
c6b01a8f-1696-4add-98bb-efbebb1bb083,06/01/2016,Jan-16,1,2016,LEWIS GAY,Minor Dam,168,13.55,118.9,70.77
9cb4a12e-bd85-41ae-9297-8ee75b99a161,07/01/2016,Jan-16,1,2016,LEWIS GAY,Minor Dam,168,13.48,117.1,69.7
f092426e-65bf-41e9-bca0-f4eec0e57f44,08/01/2016,Jan-16,1,2016,LEWIS GAY,Minor Dam,168,13.43,115.8,68.93
d71ce59f-ea45-401e-bd16-034404e738fc,09/01/2016,Jan-16,1,2016,LEWIS GAY,Minor Dam,168,13.3,112.5,66.96
9a007006-da0b-4a5b-b1b3-c7ae420157b5,10/01/2016,Jan-16,1,2016,LEWIS GAY,Minor Dam,168,13.2,110,65.48
5bb4dfbf-bfac-4725-8962-31ce7e596fe5,11/01/2016,Jan-16,1,2016,LEWIS GAY,Minor Dam,168,13.15,108.3,64.46
34fb6eb5-a394-4272-bf25-0c5a5e0d5d46,12/01/2016,Jan-16,1,2016,LEWIS GAY,Minor Dam,168,13,105.1,62.56
7056f187-a310-4713-b708-ba284b55af66,13/01/2016,Jan-16,1,2016,LEWIS GAY,Minor Dam,168,12.96,104.2,62.02
d2993135-63ba-46d9-801a-e85942a82a17,14/01/2016,Jan-16,1,2016,LEWIS GAY,Minor Dam,168,12.9,102.7,61.13
a6b04b78-a401-48e0-b802-a300ff02e498,15/01/2016,Jan-16,1,2016,LEWIS GAY,Minor Dam,168,12.85,101.6,60.48
81adf583-5596-4677-bd67-7b23166eb519,16/01/2016,Jan-16,1,2016,LEWIS GAY,Minor Dam,168,12.7,98.1,58.39
9c9e0187-01f5-467e-ab91-05704079165f,17/01/2016,Jan-16,1,2016,LEWIS GAY,Minor Dam,168,12.6,95.9,57.08
6bacdc95-1e3f-48a7-ba8a-3e11d0e9dd61,18/01/2016,Jan-16,1,2016,LEWIS GAY,Minor Dam,168,12.5,93.6,55.71
40e07329-8060-4a45-9b92-78b39800f864,19/01/2016,Jan-16,1,2016,LEWIS GAY,Minor Dam,168,12.4,91.4,54.4
2758005f-9582-4499-9571-d1717ac29261,20/01/2016,Jan-16,1,2016,LEWIS GAY,Minor Dam,168,12.3,89.3,53.15
fdb3ba00-03bf-47ce-ac3b-134b9131c992,21/01/2016,Jan-16,1,2016,LEWIS GAY,Minor Dam,168,12.2,87.2,51.9
e245d916-43ee-4184-b35e-54faa1a5012a,22/01/2016,Jan-16,1,2016,LEWIS GAY,Minor Dam,168,12.1,85.1,50.65
d36a4488-7763-4c01-bb0b-994dd5b88961,23/01/2016,Jan-16,1,2016,LEWIS GAY,Minor Dam,168,12.05,84,50
0cae9705-e146-47f8-bb76-d9a98ee787bb,24/01/2016,Jan-16,1,2016,LEWIS GAY,Minor Dam,168,11.9,81,48.21
bd28c9a2-7b52-4e5a-965b-d7a093a89f1d,25/01/2016,Jan-16,1,2016,LEWIS GAY,Minor Dam,168,11.85,80,47.62
edb925e5-0715-41d4-9d11-0aa951ea33ab,26/01/2016,Jan-16,1,2016,LEWIS GAY,Minor Dam,168,11.8,79,47.02
bc4694ac-8d4f-4a06-92f3-0d01962131fe,27/01/2016,Jan-16,1,2016,LEWIS GAY,Minor Dam,168,11.65,76.1,45.3
7e29978e-a1b4-4bf5-be22-dd2e0b2d285d,28/01/2016,Jan-16,1,2016,LEWIS GAY,Minor Dam,168,11.5,73.2,43.57
755440a3-748c-4cb1-8990-cd00df48cb82,29/01/2016,Jan-16,1,2016,LEWIS GAY,Minor Dam,168,11.45,72.3,43.04
6852b08b-1bda-4a0b-93c6-484c9e658cce,30/01/2016,Jan-16,1,2016,LEWIS GAY,Minor Dam,168,11.35,70.5,41.96
f67c774d-e9ae-480a-863b-f922a067d55e,31/01/2016,Jan-16,1,2016,LEWIS GAY,Minor Dam,168,11.24,68.6,40.83
c1c28e6c-ff74-4e61-b1b2-75220dd82dac,01/02/2016,Feb-16,2,2016,LEWIS GAY,Minor Dam,168,11.1,66.2,39.4
98f4ab83-6fd9-4c5e-904b-f9e0b0ff7c61,02/02/2016,Feb-16,2,2016,LEWIS GAY,Minor Dam,168,11,64.5,38.39
bd4cb714-24cb-4539-99d6-b61b465495af,03/02/2016,Feb-16,2,2016,LEWIS GAY,Minor Dam,168,10.9,62.8,37.38
1765e5eb-2277-4385-8247-40f038935d9f,04/02/2016,Feb-16,2,2016,LEWIS GAY,Minor Dam,168,10.8,61.2,36.43
024781fe-2417-4d77-82b3-5464320be5ca,05/02/2016,Feb-16,2,2016,LEWIS GAY,Minor Dam,168,10.7,59.6,35.48
6a5ce42c-7525-4742-89b2-c40188db3c63,06/02/2016,Feb-16,2,2016,LEWIS GAY,Minor Dam,168,10.5,56.5,33.63
c2c98440-65cf-4df9-aefb-28f7f3d05e38,07/02/2016,Feb-16,2,2016,LEWIS GAY,Minor Dam,168,10.5,56.5,33.63
f1e96fd1-f4af-4eae-ba64-5f9b4d505a9f,08/02/2016,Feb-16,2,2016,LEWIS GAY,Minor Dam,168,10.38,54.7,32.56
2eacd471-cceb-4818-a095-dbb1b34c4eb1,09/02/2016,Feb-16,2,2016,LEWIS GAY,Minor Dam,168,10.3,53.5,31.85
861dfc31-5602-4e80-84b4-3f1edb48be89,10/02/2016,Feb-16,2,2016,LEWIS GAY,Minor Dam,168,10.28,53.2,31.67
00a300fc-868f-4786-9495-fded3e692424,11/02/2016,Feb-16,2,2016,LEWIS GAY,Minor Dam,168,9.84,47.1,28.04
abbeecf3-c49e-417b-ae4b-02f38b6ae379,12/02/2016,Feb-16,2,2016,LEWIS GAY,Minor Dam,168,9.8,46.5,27.68
74d82c04-1a08-42d1-acf6-7e7ae31f5552,13/02/2016,Feb-16,2,2016,LEWIS GAY,Minor Dam,168,9.7,45.3,26.96
fdbade57-b37f-4196-a202-d2e7ba014fec,14/02/2016,Feb-16,2,2016,LEWIS GAY,Minor Dam,168,9.6,44,26.19
7aef722b-74ae-4296-97d0-86256bb742aa,15/02/2016,Feb-16,2,2016,LEWIS GAY,Minor Dam,168,9.5,42.7,25.42
7db6c8e9-495b-4d81-9eee-9362038243af,16/02/2016,Feb-16,2,2016,LEWIS GAY,Minor Dam,168,9.4,41.5,24.7
08feec74-7725-418e-aff0-ce629d710752,17/02/2016,Feb-16,2,2016,LEWIS GAY,Minor Dam,168,9.3,40.3,23.99
63045b59-6391-4cba-8750-dba29e0e532c,18/02/2016,Feb-16,2,2016,LEWIS GAY,Minor Dam,168,9.2,39.2,23.33
b40e19fa-5ac3-4a3e-aad0-dcd5b1b68f4f,19/02/2016,Feb-16,2,2016,LEWIS GAY,Minor Dam,168,9.1,38,22.62
3e19374c-63d0-4b74-98d9-c50f401e9f25,20/02/2016,Feb-16,2,2016,LEWIS GAY,Minor Dam,168,9,36.9,21.96
79d2ef92-40f3-430d-89a3-cb5ef2e5792b,21/02/2016,Feb-16,2,2016,LEWIS GAY,Minor Dam,168,8.9,35.8,21.31
50e35f64-a3d2-4c89-84d9-95915141402a,22/02/2016,Feb-16,2,2016,LEWIS GAY,Minor Dam,168,8.8,34.7,20.65
9ea4e742-8034-43a6-845b-f644bb6d8f12,23/02/2016,Feb-16,2,2016,LEWIS GAY,Minor Dam,168,8.7,33.6,20
5b90e41f-c8dc-4d2e-bd09-b63940800fbe,24/02/2016,Feb-16,2,2016,LEWIS GAY,Minor Dam,168,8.6,32.6,19.4
cab1117e-ea4f-4a89-a65c-f6933543ebd9,25/02/2016,Feb-16,2,2016,LEWIS GAY,Minor Dam,168,8.5,31.5,18.75
43ce26ff-4542-4b2c-a95e-fd6038ab24b1,26/02/2016,Feb-16,2,2016,LEWIS GAY,Minor Dam,168,8.4,30.5,18.15
081f01f8-d238-4a68-8d57-2a114e9107b3,27/02/2016,Feb-16,2,2016,LEWIS GAY,Minor Dam,168,8.3,29.6,17.62
7276980f-7cec-43f9-972b-f168bebc2ae0,28/02/2016,Feb-16,2,2016,LEWIS GAY,Minor Dam,168,8.2,28.6,17.02
cac9722c-99ed-4d6b-b7f7-0cd18f854a7c,29/02/2016,Feb-16,2,2016,LEWIS GAY,Minor Dam,168,8.1,27.7,16.49
df6648bd-c594-417e-8d64-68d140c952d7,01/03/2016,Mar-16,3,2016,LEWIS GAY,Minor Dam,168,8,26.7,15.89
2806ec58-f3a2-4b0d-9cb9-e1da67f89608,02/03/2016,Mar-16,3,2016,LEWIS GAY,Minor Dam,168,7.9,25.8,15.36
512b2807-7793-42ba-b03c-7a4a6b41f912,03/03/2016,Mar-16,3,2016,LEWIS GAY,Minor Dam,168,7.8,25,14.88
c28c2b2d-61d9-4631-b74e-440b986b2cac,04/03/2016,Mar-16,3,2016,LEWIS GAY,Minor Dam,168,7.7,24.1,14.35
72c1a666-eb82-4eef-9769-da73b08ca4f5,05/03/2016,Mar-16,3,2016,LEWIS GAY,Minor Dam,168,7.6,23.3,13.87
95bcbb46-7ec6-4045-b8d5-b58db1bb887f,06/03/2016,Mar-16,3,2016,LEWIS GAY,Minor Dam,168,7.5,22.4,13.33
6311dd6c-71b0-4cdc-9bf7-3c301eb88e5d,07/03/2016,Mar-16,3,2016,LEWIS GAY,Minor Dam,168,7.4,21.6,12.86
a15aaecb-8e24-46b7-acd4-af7932c22252,08/03/2016,Mar-16,3,2016,LEWIS GAY,Minor Dam,168,6.9,17.9,10.65
6a35a490-efd2-42cf-bfec-9ac23ed1e97d,09/03/2016,Mar-16,3,2016,LEWIS GAY,Minor Dam,168,6.8,17.2,10.24
98222321-4ee1-48b6-bc6c-636613f3ecea,10/03/2016,Mar-16,3,2016,LEWIS GAY,Minor Dam,168,6.8,17.2,10.24
cd98a7db-19a9-496d-96b3-ac096a69b171,11/03/2016,Mar-16,3,2016,LEWIS GAY,Minor Dam,168,6.5,15.2,9.05
9ae4607e-02c4-410a-b7af-89e3a7a169dd,12/03/2016,Mar-16,3,2016,LEWIS GAY,Minor Dam,168,6.4,14.6,8.69
7f96fb62-cc1f-491c-a81e-fe09ee2ba431,13/03/2016,Mar-16,3,2016,LEWIS GAY,Minor Dam,168,6.4,14.6,8.69
4f9e8a37-75aa-4fa0-8538-59cda15b1510,14/03/2016,Mar-16,3,2016,LEWIS GAY,Minor Dam,168,6.3,14,8.33
4e648233-97a6-436f-b54f-df8b6a8a41ba,15/03/2016,Mar-16,3,2016,LEWIS GAY,Minor Dam,168,6.2,13.4,7.98
9c65dd92-a138-4adc-adf4-3965ed0b3b0e,16/03/2016,Mar-16,3,2016,LEWIS GAY,Minor Dam,168,6.1,12.9,7.68
3c08b364-9ea1-4845-932d-904c0b808590,17/03/2016,Mar-16,3,2016,LEWIS GAY,Minor Dam,168,6,12.3,7.32
06cb6611-829a-4ae1-9a09-242beec9ea7a,18/03/2016,Mar-16,3,2016,LEWIS GAY,Minor Dam,168,5.9,11.8,7.02
ae9dcc2a-db56-4cd2-bd6b-fad4ad8c972e,19/03/2016,Mar-16,3,2016,LEWIS GAY,Minor Dam,168,5.8,11.2,6.67
9304a11b-6c01-4a2c-80e7-a0a8a5221373,20/03/2016,Mar-16,3,2016,LEWIS GAY,Minor Dam,168,5.7,10.7,6.37
cee0c3c4-b0f8-4085-bfc3-65a1b3b48b7e,21/03/2016,Mar-16,3,2016,LEWIS GAY,Minor Dam,168,5.6,10.2,6.07
03192a14-9b10-49ec-9d5e-2a5226d60fe0,22/03/2016,Mar-16,3,2016,LEWIS GAY,Minor Dam,168,5.5,9.8,5.83
bea1c519-e64e-461b-930e-ee9abfd83a5d,23/03/2016,Mar-16,3,2016,LEWIS GAY,Minor Dam,168,5.4,9.3,5.54
faeb98be-1990-41c9-b12d-39183e9a8a24,24/03/2016,Mar-16,3,2016,LEWIS GAY,Minor Dam,168,5.3,8.8,5.24
28bc707d-07bd-4257-a5ca-2ff54719a6f0,25/03/2016,Mar-16,3,2016,LEWIS GAY,Minor Dam,168,5.3,8.8,5.24
45a61473-0fd4-45fb-a454-bf7ae13a520d,26/03/2016,Mar-16,3,2016,LEWIS GAY,Minor Dam,168,5.3,8.8,5.24
2397a59b-aca8-4d3b-9afb-da0907844902,27/03/2016,Mar-16,3,2016,LEWIS GAY,Minor Dam,168,5.3,8.8,5.24
c0815654-6db1-484b-ac7a-429ca45468ea,28/03/2016,Mar-16,3,2016,LEWIS GAY,Minor Dam,168,5.3,8.8,5.24
998b8cec-adf4-44a8-b118-3d1892e90a8b,29/03/2016,Mar-16,3,2016,LEWIS GAY,Minor Dam,168,5.3,8.8,5.24
6f081ccd-25b3-4d8f-84f5-d8d0e4fa169d,30/03/2016,Mar-16,3,2016,LEWIS GAY,Minor Dam,168,5.3,8.8,5.24
9f841198-0aa6-4621-8680-ba0bc34842fe,31/03/2016,Mar-16,3,2016,LEWIS GAY,Minor Dam,168,5.1,8,4.76
8654032d-6b32-4671-aed4-09b82fd88970,01/04/2016,Apr-16,4,2016,LEWIS GAY,Minor Dam,168,4.7,6.5,3.87
75754b76-9b03-416c-a188-63875a3dac8f,02/04/2016,Apr-16,4,2016,LEWIS GAY,Minor Dam,168,3.5,3,1.79
b030f70e-b1c8-4f98-9d37-721786bbe9d1,03/04/2016,Apr-16,4,2016,LEWIS GAY,Minor Dam,168,3.4,2.8,1.67
976c6c51-4721-4849-9489-f139cb055a24,04/04/2016,Apr-16,4,2016,LEWIS GAY,Minor Dam,168,3.3,2.6,1.55
7d662b86-41a4-4c68-8171-127c341065ff,05/04/2016,Apr-16,4,2016,LEWIS GAY,Minor Dam,168,3.3,2.6,1.55
9bdd30ef-f06f-46c4-9bc4-ab83c4127329,06/04/2016,Apr-16,4,2016,LEWIS GAY,Minor Dam,168,3.3,2.6,1.55
eb4b1d21-2e3b-4ccf-ad30-44e1f52ec15b,07/04/2016,Apr-16,4,2016,LEWIS GAY,Minor Dam,168,3.3,2.6,1.55
bcc1698e-e254-4381-85a6-14a067fff86e,08/04/2016,Apr-16,4,2016,LEWIS GAY,Minor Dam,168,3.3,2.6,1.55
6d16734e-974f-4e23-b53c-775dc5ec4361,09/04/2016,Apr-16,4,2016,LEWIS GAY,Minor Dam,168,3.3,2.6,1.55
62bd38c1-3187-4112-916f-158c0f8fb456,10/04/2016,Apr-16,4,2016,LEWIS GAY,Minor Dam,168,3.3,2.6,1.55
76acf7a8-3243-48aa-9071-7bb6b47bb444,11/04/2016,Apr-16,4,2016,LEWIS GAY,Minor Dam,168,3.3,2.6,1.55
42d52139-5a63-4651-9f67-476378fd738c,12/04/2016,Apr-16,4,2016,LEWIS GAY,Minor Dam,168,3.3,2.6,1.55
0604c63e-dc07-4839-bcdc-6288183073de,13/04/2016,Apr-16,4,2016,LEWIS GAY,Minor Dam,168,3.3,2.6,1.55
b680eaf5-c543-4730-b2c2-6aff028c92b6,14/04/2016,Apr-16,4,2016,LEWIS GAY,Minor Dam,168,3.3,2.6,1.55
78341063-f8aa-4fee-82dd-1d4df38fc183,15/04/2016,Apr-16,4,2016,LEWIS GAY,Minor Dam,168,3.3,2.6,1.55
7542cd4a-2cf0-4f31-8c65-eb347aef8baa,16/04/2016,Apr-16,4,2016,LEWIS GAY,Minor Dam,168,3.3,2.6,1.55
2a0e54a6-95c2-473f-b793-f44e2669b4d4,17/04/2016,Apr-16,4,2016,LEWIS GAY,Minor Dam,168,3.3,2.6,1.55
9a8d235d-17c1-4319-b85d-bdab8184fd04,18/04/2016,Apr-16,4,2016,LEWIS GAY,Minor Dam,168,3.3,2.6,1.55
111ac498-a3b2-4030-bd1f-95df46db849c,19/04/2016,Apr-16,4,2016,LEWIS GAY,Minor Dam,168,3.3,2.6,1.55
73f18570-61b9-4ede-be29-f8b56264d7f9,20/04/2016,Apr-16,4,2016,LEWIS GAY,Minor Dam,168,3.3,2.6,1.55
ffcc7b92-6d92-4dce-8317-56c76a034579,21/04/2016,Apr-16,4,2016,LEWIS GAY,Minor Dam,168,3.3,2.6,1.55
7ffef0f6-f7d4-4462-9f65-f83caaaf8382,22/04/2016,Apr-16,4,2016,LEWIS GAY,Minor Dam,168,3.3,2.6,1.55
867aec03-b78d-4c32-a910-81674557422e,23/04/2016,Apr-16,4,2016,LEWIS GAY,Minor Dam,168,3.3,2.6,1.55
5a1c748a-214c-4ef7-a6b7-1c365e801ad7,24/04/2016,Apr-16,4,2016,LEWIS GAY,Minor Dam,168,3.3,2.6,1.55
0dcbe365-101f-4953-a245-fcb3bdf15351,25/04/2016,Apr-16,4,2016,LEWIS GAY,Minor Dam,168,3.3,2.6,1.55
ddbb4dc8-d42c-4b7c-8afa-a507221536ac,26/04/2016,Apr-16,4,2016,LEWIS GAY,Minor Dam,168,3.3,2.6,1.55
8cf6d6aa-ade7-4ea5-9a72-bf601dfcab25,27/04/2016,Apr-16,4,2016,LEWIS GAY,Minor Dam,168,3.72,3.5,2.08
82ac4a73-7929-4456-b099-5cb4e11d238c,28/04/2016,Apr-16,4,2016,LEWIS GAY,Minor Dam,168,2.92,1.8,1.07
d8d19417-afca-4542-b9c1-cefa116954d5,29/04/2016,Apr-16,4,2016,LEWIS GAY,Minor Dam,168,3,2,1.19
38ac13d2-39be-4b43-9d7d-800230f32f36,30/04/2016,Apr-16,4,2016,LEWIS GAY,Minor Dam,168,3.3,2.6,1.55
27b0aeb0-b99c-4e9a-a2e5-ac65fa6c1f24,01/05/2016,May-16,5,2016,LEWIS GAY,Minor Dam,168,3.59,3.2,1.9
9f4b0212-5cad-4687-aa0d-d7601e87e74a,02/05/2016,May-16,5,2016,LEWIS GAY,Minor Dam,168,4.2,4.8,2.86
811be492-0871-48c5-ade0-c416c0b6c32e,03/05/2016,May-16,5,2016,LEWIS GAY,Minor Dam,168,4.38,5.4,3.21
16c3c3aa-a2e9-4eed-808a-6e3390defebf,04/05/2016,May-16,5,2016,LEWIS GAY,Minor Dam,168,4.56,6,3.57
d0e1474d-ae16-4c15-b84b-7d545eb0d12e,05/05/2016,May-16,5,2016,LEWIS GAY,Minor Dam,168,3.97,4.2,2.5
a098a7d7-1258-4074-a740-8d3ec7028079,06/05/2016,May-16,5,2016,LEWIS GAY,Minor Dam,168,2.52,1.2,0.71
b8f61480-8fc9-42b3-a90e-463d3e637226,07/05/2016,May-16,5,2016,LEWIS GAY,Minor Dam,168,2.05,0.6,0.36
a6700c65-448d-4f4d-ac64-857de36390bb,08/05/2016,May-16,5,2016,LEWIS GAY,Minor Dam,168,2.52,1.2,0.71
dd074d34-5818-4ace-ace5-17d5b583a45a,09/05/2016,May-16,5,2016,LEWIS GAY,Minor Dam,168,2.88,1.8,1.07
0945ba6c-de96-4906-b608-de07fd3158e6,10/05/2016,May-16,5,2016,LEWIS GAY,Minor Dam,168,3.15,2.3,1.37
00909e68-c3c2-4542-b081-0713e6434259,11/05/2016,May-16,5,2016,LEWIS GAY,Minor Dam,168,3.4,2.8,1.67
6db271fd-41d1-404f-ba5d-0ab185035699,12/05/2016,May-16,5,2016,LEWIS GAY,Minor Dam,168,2.65,1.4,0.83
c507555e-2255-4277-a17d-434fcb08b669,13/05/2016,May-16,5,2016,LEWIS GAY,Minor Dam,168,2,0.5,0.3
e68b12ff-25ee-45a1-b15d-50539a2a98b8,14/05/2016,May-16,5,2016,LEWIS GAY,Minor Dam,168,2.35,1,0.6
bdb0cc09-9e16-4a6b-8ca1-f374b852d141,15/05/2016,May-16,5,2016,LEWIS GAY,Minor Dam,168,2.7,1.5,0.89
c1d94b2c-c2b9-4d4e-bb30-9ea568b80904,16/05/2016,May-16,5,2016,LEWIS GAY,Minor Dam,168,3,2,1.19
288fd8df-7cb3-4ad0-8dc2-ad93f1e13519,17/05/2016,May-16,5,2016,LEWIS GAY,Minor Dam,168,3.21,2.4,1.43
0a119d5e-c7f2-4446-8654-72bae2c815ae,18/05/2016,May-16,5,2016,LEWIS GAY,Minor Dam,168,3.4,2.8,1.67
fafc535c-5c59-409d-a26d-140208681b5e,19/05/2016,May-16,5,2016,LEWIS GAY,Minor Dam,168,3.25,2.5,1.49
2d68c5d0-3625-46cd-a66b-3f9ed1f1e81d,20/05/2016,May-16,5,2016,LEWIS GAY,Minor Dam,168,3.25,2.5,1.49
110b11e9-b5e7-47c8-a67d-c9dc1fb77119,21/05/2016,May-16,5,2016,LEWIS GAY,Minor Dam,168,3.4,2.8,1.67
7198c3cf-a374-4530-aab9-dd74a5c95ecc,22/05/2016,May-16,5,2016,LEWIS GAY,Minor Dam,168,3.45,2.9,1.73
b5520cbf-c28b-4f6e-a196-d1cf5149d1cb,23/05/2016,May-16,5,2016,LEWIS GAY,Minor Dam,168,3.65,3.4,2.02
fb220ec1-bd31-4e9e-ba4c-1ccbdcf7a00c,24/05/2016,May-16,5,2016,LEWIS GAY,Minor Dam,168,4.14,4.7,2.8
080827c0-374c-40da-bd24-351dcd8a483d,25/05/2016,May-16,5,2016,LEWIS GAY,Minor Dam,168,4.43,5.6,3.33
3e0dc15a-b0d1-45b3-b5b7-ee1838d2689d,26/05/2016,May-16,5,2016,LEWIS GAY,Minor Dam,168,4.64,6.3,3.75
bbc4130d-d9b9-4ef7-8656-c5a1e9065742,27/05/2016,May-16,5,2016,LEWIS GAY,Minor Dam,168,4.67,6.4,3.81
55c6c924-8a54-45d9-adfb-d7fdac4babc8,28/05/2016,May-16,5,2016,LEWIS GAY,Minor Dam,168,4.95,7.4,4.4
0004ed0c-355e-42e2-8b2e-d090c1ae6d07,29/05/2016,May-16,5,2016,LEWIS GAY,Minor Dam,168,5,7.6,4.52
fbed7bf2-6d3b-4c4a-b480-03827602dc85,30/05/2016,May-16,5,2016,LEWIS GAY,Minor Dam,168,5.2,8.4,5
e4bf6054-d429-4427-ae33-938efc43b01f,31/05/2016,May-16,5,2016,LEWIS GAY,Minor Dam,168,5.34,9,5.36
740ebf2a-28f9-4842-9a59-67e7e7b1c4ed,01/06/2016,Jun-16,6,2016,LEWIS GAY,Minor Dam,168,5.29,8.8,5.24
b27f8677-304f-4863-a71f-6e1215ec3c8c,02/06/2016,Jun-16,6,2016,LEWIS GAY,Minor Dam,168,4.8,6.8,4.05
8dd417c8-438d-453b-9ee1-756bbb387c3a,03/06/2016,Jun-16,6,2016,LEWIS GAY,Minor Dam,168,4.37,5.4,3.21
321fe469-c456-4c4d-a55d-6409f35039f0,04/06/2016,Jun-16,6,2016,LEWIS GAY,Minor Dam,168,4.5,5.8,3.45
f9f829f1-8085-4b5d-83d1-bdb456cdd72d,05/06/2016,Jun-16,6,2016,LEWIS GAY,Minor Dam,168,4.4,5.5,3.27
1799b454-ed92-4973-a1ab-73a104cf1f52,06/06/2016,Jun-16,6,2016,LEWIS GAY,Minor Dam,168,4.1,4.6,2.74
8cbfd0f9-97f7-4cfc-865c-20add7c34c62,07/06/2016,Jun-16,6,2016,LEWIS GAY,Minor Dam,168,3.93,4.1,2.44
bac11131-e8f6-486d-b7b2-870812e6a95f,08/06/2016,Jun-16,6,2016,LEWIS GAY,Minor Dam,168,3.65,3.4,2.02
621c26cb-90e9-4518-a419-855d20888423,09/06/2016,Jun-16,6,2016,LEWIS GAY,Minor Dam,168,3.28,2.5,1.49
225a132d-4389-4d03-a1e2-8e811eb55170,10/06/2016,Jun-16,6,2016,LEWIS GAY,Minor Dam,168,2.96,1.9,1.13
4202f1da-9cca-4165-b4bd-948630e25a65,11/06/2016,Jun-16,6,2016,LEWIS GAY,Minor Dam,168,2.68,1.5,0.89
fb78f232-ad40-4360-9255-d4601c55533c,12/06/2016,Jun-16,6,2016,LEWIS GAY,Minor Dam,168,3,2,1.19
2aa28544-3897-48ea-bb5c-008489552013,13/06/2016,Jun-16,6,2016,LEWIS GAY,Minor Dam,168,2.04,0.6,0.36
23fd2c1a-d702-424d-858c-730d91ade712,14/06/2016,Jun-16,6,2016,LEWIS GAY,Minor Dam,168,2.2,0.8,0.48
0ce512e2-c2c3-42c0-afee-51bca65c5582,15/06/2016,Jun-16,6,2016,LEWIS GAY,Minor Dam,168,3.2,2.4,1.43
94d399a6-ba64-47d0-aeaf-92e01f438f10,16/06/2016,Jun-16,6,2016,LEWIS GAY,Minor Dam,168,4.3,5.2,3.1
4204de2b-850c-40a2-861c-707b5331083e,17/06/2016,Jun-16,6,2016,LEWIS GAY,Minor Dam,168,3.98,4.2,2.5
219a65ac-def5-48bd-9e58-2ef1a126de09,18/06/2016,Jun-16,6,2016,LEWIS GAY,Minor Dam,168,2.91,1.8,1.07
d0ded394-2288-47fd-9655-c025ad6b3997,19/06/2016,Jun-16,6,2016,LEWIS GAY,Minor Dam,168,2.18,0.8,0.48
3382f274-b638-4540-9f83-3583833519e4,20/06/2016,Jun-16,6,2016,LEWIS GAY,Minor Dam,168,4.1,4.6,2.74
270d70c5-5d43-4197-943a-b3a859ad67e9,21/06/2016,Jun-16,6,2016,LEWIS GAY,Minor Dam,168,3.25,2.5,1.49
febb69c4-7808-4f3f-8734-9ac0d4de6e40,22/06/2016,Jun-16,6,2016,LEWIS GAY,Minor Dam,168,3.35,2.7,1.61
f291712d-43fe-4719-b6ff-7e12fb877caf,23/06/2016,Jun-16,6,2016,LEWIS GAY,Minor Dam,168,3.25,2.5,1.49
77671b3b-1d46-4ea2-b5cc-2809dda104f4,24/06/2016,Jun-16,6,2016,LEWIS GAY,Minor Dam,168,3.93,4.1,2.44
c95cd61b-ee92-4e75-a060-86a7fd7482c6,25/06/2016,Jun-16,6,2016,LEWIS GAY,Minor Dam,168,3.8,3.7,2.2
ec785dfd-0e62-434d-ad8e-31422612f5bd,26/06/2016,Jun-16,6,2016,LEWIS GAY,Minor Dam,168,3.5,3,1.79
52e9ce2b-e735-4c16-950c-43582aa1993d,27/06/2016,Jun-16,6,2016,LEWIS GAY,Minor Dam,168,3.32,2.6,1.55
5752f7cd-52cd-482c-b236-608e6131dfc0,28/06/2016,Jun-16,6,2016,LEWIS GAY,Minor Dam,168,3.18,2.3,1.37
3f4ea94e-d84e-49ea-a4ab-464e3b97f2f6,29/06/2016,Jun-16,6,2016,LEWIS GAY,Minor Dam,168,3,2,1.19
18209ef6-4b31-4339-a54a-612eec79c2e4,30/06/2016,Jun-16,6,2016,LEWIS GAY,Minor Dam,168,2.75,1.6,0.95
4dc37e0f-78f4-4691-a1d4-bdd107ee50b4,01/07/2016,Jul-16,7,2016,LEWIS GAY,Minor Dam,168,2.6,1.3,0.77
da1e8d8c-96c3-43fe-9f15-6aa3a746aba0,02/07/2016,Jul-16,7,2016,LEWIS GAY,Minor Dam,168,2.9,1.8,1.07
9a596824-6405-460c-a9d9-54ae3dee1321,03/07/2016,Jul-16,7,2016,LEWIS GAY,Minor Dam,168,3.6,3.2,1.9
2ee19cf2-0e52-49a8-a937-163ad56cffd9,04/07/2016,Jul-16,7,2016,LEWIS GAY,Minor Dam,168,4.45,5.6,3.33
02a754fa-af85-465b-ab8d-7193a8644c96,05/07/2016,Jul-16,7,2016,LEWIS GAY,Minor Dam,168,5.15,8.2,4.88
c9961a0c-b0e5-4abb-861c-cbd769fb8ebf,06/07/2016,Jul-16,7,2016,LEWIS GAY,Minor Dam,168,6.02,12.4,7.38
01b7a1fb-91ca-41d3-a7a3-1485419e10e5,07/07/2016,Jul-16,7,2016,LEWIS GAY,Minor Dam,168,6.15,13.1,7.8
01199be0-b4f3-4f73-8179-b0b123c8ce58,08/07/2016,Jul-16,7,2016,LEWIS GAY,Minor Dam,168,6.3,14,8.33
a345451c-2efd-491f-b7f6-6144f827e6e5,09/07/2016,Jul-16,7,2016,LEWIS GAY,Minor Dam,168,8.1,27.7,16.49
4d2cc395-7494-4857-b3ef-67ef997a171c,10/07/2016,Jul-16,7,2016,LEWIS GAY,Minor Dam,168,8.27,29.3,17.44
fb9e7036-41f0-44f3-8c6e-2b07ebef66f8,11/07/2016,Jul-16,7,2016,LEWIS GAY,Minor Dam,168,9.03,37.2,22.14
35929e1c-61c9-48f7-980c-6607a30aaed7,12/07/2016,Jul-16,7,2016,LEWIS GAY,Minor Dam,168,8.6,32.6,19.4
824c4aba-bf2d-4260-a3e8-48ff4c09a41d,13/07/2016,Jul-16,7,2016,LEWIS GAY,Minor Dam,168,7.48,22.3,13.27
9b2e375e-1ccf-466d-9a02-33013ea1c9d0,14/07/2016,Jul-16,7,2016,LEWIS GAY,Minor Dam,168,8.71,33.7,20.06
b12c2e03-4cd5-4c5e-a0b7-f62cf610eae8,15/07/2016,Jul-16,7,2016,LEWIS GAY,Minor Dam,168,9.1,38,22.62
8e3c624a-1769-4c6a-aa4c-ab225c94c608,16/07/2016,Jul-16,7,2016,LEWIS GAY,Minor Dam,168,9.4,41.5,24.7
6e36ab34-c14b-431a-a336-5d8c98f12599,17/07/2016,Jul-16,7,2016,LEWIS GAY,Minor Dam,168,9.5,42.7,25.42
22292705-d3fb-406f-8834-5bce94be5602,18/07/2016,Jul-16,7,2016,LEWIS GAY,Minor Dam,168,9.7,45.3,26.96
b3b945d2-b0d0-429d-a447-765722efab1e,19/07/2016,Jul-16,7,2016,LEWIS GAY,Minor Dam,168,9.82,46.8,27.86
395d4f40-db5a-4a7c-a227-99983b30431e,20/07/2016,Jul-16,7,2016,LEWIS GAY,Minor Dam,168,10.8,61.2,36.43
b7d0e04f-8acc-4251-8d40-3c7ec325d6c8,21/07/2016,Jul-16,7,2016,LEWIS GAY,Minor Dam,168,10.3,53.5,31.85
98bc9947-7af3-40f3-9081-f65c146fd357,22/07/2016,Jul-16,7,2016,LEWIS GAY,Minor Dam,168,10.6,58.1,34.58
49e5182c-a03b-4e7a-8a23-7c1f5de0d6cc,23/07/2016,Jul-16,7,2016,LEWIS GAY,Minor Dam,168,10.8,61.2,36.43
73293192-3d94-4fa8-b1dc-c0fc907d6fad,24/07/2016,Jul-16,7,2016,LEWIS GAY,Minor Dam,168,10.95,63.7,37.92
6e9db065-a583-40cf-988c-ef82b7f0a81a,25/07/2016,Jul-16,7,2016,LEWIS GAY,Minor Dam,168,11.1,66.2,39.4
eb26e834-540c-4946-a188-33d45b33356c,26/07/2016,Jul-16,7,2016,LEWIS GAY,Minor Dam,168,11.1,66.2,39.4
a02cf823-f373-4df2-9e5e-9aeabf60ec87,27/07/2016,Jul-16,7,2016,LEWIS GAY,Minor Dam,168,12.05,84,50
118f5870-0de7-454d-a880-0b57eca1e8a3,28/07/2016,Jul-16,7,2016,LEWIS GAY,Minor Dam,168,12.65,97,57.74
a2fe96a3-d8d7-4d0e-bb6f-85e4e97ce4e5,29/07/2016,Jul-16,7,2016,LEWIS GAY,Minor Dam,168,13.1,107.6,64.05
24453aae-c986-438e-a22a-25a29ee41ad4,30/07/2016,Jul-16,7,2016,LEWIS GAY,Minor Dam,168,13.45,116.3,69.23
dcb43ca9-4fdc-4856-9832-159465d13c4d,31/07/2016,Jul-16,7,2016,LEWIS GAY,Minor Dam,168,13.7,122.9,73.15
90a5fa76-df54-452d-9855-af79b802c6da,01/08/2016,Aug-16,8,2016,LEWIS GAY,Minor Dam,168,13.85,126.9,75.54
9c1aecab-0fbc-48f7-92fc-42a0a50e1235,02/08/2016,Aug-16,8,2016,LEWIS GAY,Minor Dam,168,14,131,77.98
b7decee3-66d9-4f40-b222-e092b77cf1f7,03/08/2016,Aug-16,8,2016,LEWIS GAY,Minor Dam,168,14.2,136.7,81.37
9a535bee-a2d9-4f51-8ec5-e59ea2e0dbe3,04/08/2016,Aug-16,8,2016,LEWIS GAY,Minor Dam,168,14.37,141.6,84.29
8554a76d-51c5-4808-a746-5d3d0b3c028d,05/08/2016,Aug-16,8,2016,LEWIS GAY,Minor Dam,168,14.48,144.7,86.13
9d512e2a-c1fb-4054-95c4-13257a2b8548,06/08/2016,Aug-16,8,2016,LEWIS GAY,Minor Dam,168,14.57,147.4,87.74
1a3c6d49-f212-462c-a658-9eb579223937,07/08/2016,Aug-16,8,2016,LEWIS GAY,Minor Dam,168,14.75,152.7,90.89
7022013d-9b9c-41f2-8412-c386a1f5b8d7,08/08/2016,Aug-16,8,2016,LEWIS GAY,Minor Dam,168,14.8,154.1,91.73
1b07744c-2ca1-495b-bbae-24d42e7242e8,09/08/2016,Aug-16,8,2016,LEWIS GAY,Minor Dam,168,14.85,155.6,92.62
6cefec09-ded1-4bd1-a4f8-e967b43d2ef7,10/08/2016,Aug-16,8,2016,LEWIS GAY,Minor Dam,168,14.85,155.6,92.62
5ce26845-a404-404f-94e9-f350342ea249,11/08/2016,Aug-16,8,2016,LEWIS GAY,Minor Dam,168,15,160.2,95.36
24dc3715-44b8-4f89-9f0f-fec1f6facc50,12/08/2016,Aug-16,8,2016,LEWIS GAY,Minor Dam,168,15.1,163.3,97.2
49328f70-8692-4843-9c2b-6ead3472730a,13/08/2016,Aug-16,8,2016,LEWIS GAY,Minor Dam,168,15.17,165.5,98.51
53b2d0d1-6be7-4d14-b9fa-3648922deaf2,14/08/2016,Aug-16,8,2016,LEWIS GAY,Minor Dam,168,15.2,166.4,99.05
c80bf44f-8ca6-4735-84db-cad90857e183,15/08/2016,Aug-16,8,2016,LEWIS GAY,Minor Dam,168,15.29,169.2,100.71
086548bb-bfd1-41fa-a854-839573156132,16/08/2016,Aug-16,8,2016,LEWIS GAY,Minor Dam,168,15.3,169.5,100.89
3fdff176-9d30-470a-b5da-73a4ab650fc9,17/08/2016,Aug-16,8,2016,LEWIS GAY,Minor Dam,168,15.3,169.5,100.89
57675c03-aa92-408d-a0cc-82deac0c053f,18/08/2016,Aug-16,8,2016,LEWIS GAY,Minor Dam,168,15.27,168.6,100.36
f4c7baad-a1e1-4ed8-b4f8-7517ad1b2199,19/08/2016,Aug-16,8,2016,LEWIS GAY,Minor Dam,168,15.28,168.9,100.54
d3299743-6956-4b7c-99b7-c965455fb05f,20/08/2016,Aug-16,8,2016,LEWIS GAY,Minor Dam,168,15.2,166.4,99.05
eb986174-f3f6-4815-b904-c38e9a2efdf5,21/08/2016,Aug-16,8,2016,LEWIS GAY,Minor Dam,168,15.15,164.9,98.15
0784cef5-538f-432d-956a-1eab9347a7f6,22/08/2016,Aug-16,8,2016,LEWIS GAY,Minor Dam,168,15.24,167.6,99.76
98bd43ec-a5df-4f94-957f-09980fcb7224,23/08/2016,Aug-16,8,2016,LEWIS GAY,Minor Dam,168,15.29,169.2,100.71
27df0982-3c3f-45c9-b81d-ad3b7971ecef,24/08/2016,Aug-16,8,2016,LEWIS GAY,Minor Dam,168,15.29,169.2,100.71
b8ff83e4-48a2-4363-adc0-8bc83bec2bab,25/08/2016,Aug-16,8,2016,LEWIS GAY,Minor Dam,168,15.28,168.9,100.54
b3198e43-c56a-47d6-9bbd-9fcd0997641a,26/08/2016,Aug-16,8,2016,LEWIS GAY,Minor Dam,168,15.28,168.9,100.54
129b8a16-74dd-4d05-8143-2ee4cd1486b6,27/08/2016,Aug-16,8,2016,LEWIS GAY,Minor Dam,168,15.3,169.5,100.89
127d185b-0b0f-4832-b28f-a85b21f081f9,28/08/2016,Aug-16,8,2016,LEWIS GAY,Minor Dam,168,15.3,169.5,100.89
ac83a57b-0648-419a-b6cd-a50d5fd9be89,29/08/2016,Aug-16,8,2016,LEWIS GAY,Minor Dam,168,15.3,169.5,100.89
e5f781f9-2314-4d43-bec9-77fae3ea2e8f,30/08/2016,Aug-16,8,2016,LEWIS GAY,Minor Dam,168,15.3,169.5,100.89
1eb5948d-85a6-4b49-a8c2-01d0717fc46f,31/08/2016,Aug-16,8,2016,LEWIS GAY,Minor Dam,168,15.3,169.5,100.89
fa4efbcf-574c-4f42-a2bd-3572ce9df1a2,01/09/2016,Sep-16,9,2016,LEWIS GAY,Minor Dam,168,15.29,169.2,100.71
72a9e5df-4848-4ad0-8fe7-568fc3a2cfa2,02/09/2016,Sep-16,9,2016,LEWIS GAY,Minor Dam,168,15.2,166.4,99.05
947b7927-0f0b-410a-abce-e59dcb1f909c,03/09/2016,Sep-16,9,2016,LEWIS GAY,Minor Dam,168,15.1,163.3,97.2
335a0db4-4968-41a9-9a58-77c9daea471a,04/09/2016,Sep-16,9,2016,LEWIS GAY,Minor Dam,168,15,160.2,95.36
613440df-a7aa-4a13-98e4-89c4328b6da6,05/09/2016,Sep-16,9,2016,LEWIS GAY,Minor Dam,168,14.94,158.4,94.29
2bda88e6-5b77-4287-acc3-cb4fdc99a774,06/09/2016,Sep-16,9,2016,LEWIS GAY,Minor Dam,168,14.9,157.2,93.57
73754e03-4a9b-4249-ace2-3f53ae44d096,07/09/2016,Sep-16,9,2016,LEWIS GAY,Minor Dam,168,14.8,154.1,91.73
d4377d3a-1c71-4b1b-a4cc-2340b5c05e31,08/09/2016,Sep-16,9,2016,LEWIS GAY,Minor Dam,168,14.78,153.5,91.37
907a66e4-f733-46e4-9991-9708bc570502,09/09/2016,Sep-16,9,2016,LEWIS GAY,Minor Dam,168,14.7,151.2,90
bb00305e-23b7-465d-b5ad-d5ba78c2158b,10/09/2016,Sep-16,9,2016,LEWIS GAY,Minor Dam,168,14.63,149.1,88.75
a619924d-b743-4757-8333-1b61496d87cb,11/09/2016,Sep-16,9,2016,LEWIS GAY,Minor Dam,168,14.55,146.8,87.38
cd829d86-6510-4555-a957-053d50061731,12/09/2016,Sep-16,9,2016,LEWIS GAY,Minor Dam,168,14.49,145,86.31
9d08c055-3f0d-4583-a374-de55b39a86a6,13/09/2016,Sep-16,9,2016,LEWIS GAY,Minor Dam,168,14.43,143.3,85.3
d471d901-12e0-453f-ad47-3a6f211f1764,14/09/2016,Sep-16,9,2016,LEWIS GAY,Minor Dam,168,14.38,141.9,84.46
470539fc-b169-44f8-a4b0-bcb6c87ef8d4,15/09/2016,Sep-16,9,2016,LEWIS GAY,Minor Dam,168,14.28,139,82.74
ad6c96bc-2bff-46d5-9cfe-8467f2314989,16/09/2016,Sep-16,9,2016,LEWIS GAY,Minor Dam,168,14.26,138.4,82.38
4399a440-7218-4b41-a1b4-c7c816bd13cd,17/09/2016,Sep-16,9,2016,LEWIS GAY,Minor Dam,168,14.2,136.7,81.37
d6aab63a-3cff-44ab-9173-de57bd5cc536,18/09/2016,Sep-16,9,2016,LEWIS GAY,Minor Dam,168,14.18,136.1,81.01
eb4a53b3-decb-4629-8b62-299f1ad14bc0,19/09/2016,Sep-16,9,2016,LEWIS GAY,Minor Dam,168,14.1,133.8,79.64
009486d4-1b3c-43bd-9871-d679f04c94e2,20/09/2016,Sep-16,9,2016,LEWIS GAY,Minor Dam,168,14,131,77.98
ee0e602c-0c24-45b9-b480-b5bffe7809ae,21/09/2016,Sep-16,9,2016,LEWIS GAY,Minor Dam,168,13.9,128.3,76.37
aa3d12bc-cf56-4675-ac98-0af7b25d1aa8,22/09/2016,Sep-16,9,2016,LEWIS GAY,Minor Dam,168,13.88,127.7,76.01
e4ce147f-3710-4dd8-8b39-5fa20d8d22db,23/09/2016,Sep-16,9,2016,LEWIS GAY,Minor Dam,168,13.8,125.5,74.7
67ef0424-c7c0-4fb2-a74f-e2b1df11f7bf,24/09/2016,Sep-16,9,2016,LEWIS GAY,Minor Dam,168,13.73,123.7,73.63
5b1f3338-02b7-40ce-a638-e799decca3d2,25/09/2016,Sep-16,9,2016,LEWIS GAY,Minor Dam,168,13.69,122.6,72.98
bb0594df-3a36-4d7e-8503-8510d874ea2a,26/09/2016,Sep-16,9,2016,LEWIS GAY,Minor Dam,168,13.57,119.4,71.07
09d30b57-a5f4-48c6-8518-5c49d829ab6c,27/09/2016,Sep-16,9,2016,LEWIS GAY,Minor Dam,168,13.48,117.1,69.7
c4cdfe38-546d-4d6f-afe0-a8088e9e4c9f,28/09/2016,Sep-16,9,2016,LEWIS GAY,Minor Dam,168,13.4,115,68.45
37cba781-4c7f-4da1-a50a-21bf8d737a15,29/09/2016,Sep-16,9,2016,LEWIS GAY,Minor Dam,168,13.3,112.5,66.96
f75567e4-72c8-4357-9a1e-36722cb28f07,30/09/2016,Sep-16,9,2016,LEWIS GAY,Minor Dam,168,13.22,110.5,65.77
adb3cd4b-1532-4218-889c-2d46d8d41672,01/10/2016,Oct-16,10,2016,LEWIS GAY,Minor Dam,168,13.1,107.6,64.05
49f0d662-1227-47e8-9cd3-8971a5b8ab25,02/10/2016,Oct-16,10,2016,LEWIS GAY,Minor Dam,168,13,105.1,62.56
3f702307-40fc-4adb-8312-1fea71fd9819,03/10/2016,Oct-16,10,2016,LEWIS GAY,Minor Dam,168,12.9,102.7,61.13
e3625eef-e903-4f06-ba8a-7705d49fc954,04/10/2016,Oct-16,10,2016,LEWIS GAY,Minor Dam,168,12.8,100.4,59.76
f81bb21f-0231-4b24-b17a-d6d668f89f99,05/10/2016,Oct-16,10,2016,LEWIS GAY,Minor Dam,168,12.7,98.1,58.39
d7348d9d-3215-405b-b2e6-40407184968b,06/10/2016,Oct-16,10,2016,LEWIS GAY,Minor Dam,168,13.15,108.3,64.46
2974ae6f-27e9-43f9-a8e3-bcc745dcc99c,07/10/2016,Oct-16,10,2016,LEWIS GAY,Minor Dam,168,13.6,120.2,71.55
38914042-5aab-43bb-803e-574cfd0b54e2,08/10/2016,Oct-16,10,2016,LEWIS GAY,Minor Dam,168,14.05,132.4,78.81
6c38729f-9077-4e0c-bb3b-1649f3f32aa2,09/10/2016,Oct-16,10,2016,LEWIS GAY,Minor Dam,168,14.4,142.5,84.82
e8195e78-8c18-47e1-986d-2ba75194a945,10/10/2016,Oct-16,10,2016,LEWIS GAY,Minor Dam,168,14.75,152.7,90.89
b7d574fe-0fcb-4aeb-89a2-445fc91f7fae,11/10/2016,Oct-16,10,2016,LEWIS GAY,Minor Dam,168,15,160.2,95.36
380b0446-456e-4fa1-a213-b08d2fa642d2,12/10/2016,Oct-16,10,2016,LEWIS GAY,Minor Dam,168,15.2,166.4,99.05
cdcd6137-8b6f-4d5a-b525-3cde504e9986,13/10/2016,Oct-16,10,2016,LEWIS GAY,Minor Dam,168,15.2,166.4,99.05
e4166ad1-8082-42da-b56a-8a40511d0d26,14/10/2016,Oct-16,10,2016,LEWIS GAY,Minor Dam,168,15.1,163.3,97.2
6269c9b8-31d3-4457-a8f8-a765e2ab47d3,15/10/2016,Oct-16,10,2016,LEWIS GAY,Minor Dam,168,15.05,161.8,96.31
87f81c10-67f7-4f85-944c-c71ac0876843,16/10/2016,Oct-16,10,2016,LEWIS GAY,Minor Dam,168,14.95,158.7,94.46
c7a46ac2-8f65-4d58-9c2a-cd4ebb974298,17/10/2016,Oct-16,10,2016,LEWIS GAY,Minor Dam,168,14.9,157.2,93.57
0223c430-1ca4-4117-98a0-7c000197b112,18/10/2016,Oct-16,10,2016,LEWIS GAY,Minor Dam,168,14.85,155.6,92.62
d237ff99-0186-4ad1-b9bd-f15f540d4189,19/10/2016,Oct-16,10,2016,LEWIS GAY,Minor Dam,168,14.76,153,91.07
8b0ea4f9-36bb-4101-b473-09260fc8653d,20/10/2016,Oct-16,10,2016,LEWIS GAY,Minor Dam,168,14.65,149.7,89.11
61cb9b8f-6e4e-4085-8b80-51608d349ad4,21/10/2016,Oct-16,10,2016,LEWIS GAY,Minor Dam,168,14.58,147.6,87.86
f61184a6-c503-4c7c-9844-2467b8066e04,22/10/2016,Oct-16,10,2016,LEWIS GAY,Minor Dam,168,14.58,147.6,87.86
e0c7b33b-9994-416b-ad1c-8ba5e284be40,23/10/2016,Oct-16,10,2016,LEWIS GAY,Minor Dam,168,14.49,145,86.31
24f392dc-30ad-47a4-b674-ea9635bb121c,24/10/2016,Oct-16,10,2016,LEWIS GAY,Minor Dam,168,14.49,145,86.31
7d934c45-2831-4c9d-b2da-cbbf3ae2a6c0,25/10/2016,Oct-16,10,2016,LEWIS GAY,Minor Dam,168,14.4,142.5,84.82
67b426ee-8a16-4849-a2f6-56366410a7ac,26/10/2016,Oct-16,10,2016,LEWIS GAY,Minor Dam,168,14.3,139.5,83.04
40001032-eea2-4025-a86c-b218283b6222,27/10/2016,Oct-16,10,2016,LEWIS GAY,Minor Dam,168,14.25,138.1,82.2
4597121a-3fa5-4e78-a352-9667b504d9e1,28/10/2016,Oct-16,10,2016,LEWIS GAY,Minor Dam,168,14.2,136.7,81.37
0b22f306-f0bb-4849-85d2-1016f8d5f31d,29/10/2016,Oct-16,10,2016,LEWIS GAY,Minor Dam,168,14.1,133.8,79.64
1eb8bbcb-6d83-4f5b-953e-0038afb4bd82,30/10/2016,Oct-16,10,2016,LEWIS GAY,Minor Dam,168,14.05,132.4,78.81
7a9c8ca0-a938-45fe-8796-b55fb57e3df7,31/10/2016,Oct-16,10,2016,LEWIS GAY,Minor Dam,168,13.99,130.7,77.8
8de80389-6bb7-4a71-9ad6-9fa0196f7f75,01/11/2016,Nov-16,11,2016,LEWIS GAY,Minor Dam,168,13.85,126.9,75.54
1de5e946-0aa8-4d83-b194-72099d38a196,02/11/2016,Nov-16,11,2016,LEWIS GAY,Minor Dam,168,13.8,125.5,74.7
23390d5f-ef93-42b0-a9bc-e130f3a30ad9,03/11/2016,Nov-16,11,2016,LEWIS GAY,Minor Dam,168,13.75,124.2,73.93
b5d07235-c52d-49c9-92e4-c2f0a6b9cb85,04/11/2016,Nov-16,11,2016,LEWIS GAY,Minor Dam,168,13.7,122.9,73.15
645a6656-e8e0-4054-ad8a-b926406c9018,05/11/2016,Nov-16,11,2016,LEWIS GAY,Minor Dam,168,13.65,121.5,72.32
a5e34d20-49de-425a-b0bf-f4e71d8eb5aa,06/11/2016,Nov-16,11,2016,LEWIS GAY,Minor Dam,168,13.6,120.2,71.55
7f822ed9-2049-4883-8932-ac4aaf951d27,07/11/2016,Nov-16,11,2016,LEWIS GAY,Minor Dam,168,13.52,118.1,70.3
6adb97e8-e8f6-422c-87fd-b0c1f500f402,08/11/2016,Nov-16,11,2016,LEWIS GAY,Minor Dam,168,13.48,117.1,69.7
34b65d1a-d948-4a37-ac78-0bed41af7e84,09/11/2016,Nov-16,11,2016,LEWIS GAY,Minor Dam,168,13.42,115.5,68.75
c79bccc1-db7e-42cb-8c12-eb4b08b6a7a9,10/11/2016,Nov-16,11,2016,LEWIS GAY,Minor Dam,168,13.32,113,67.26
71661353-d507-43ec-80cb-9b4dc6733f23,11/11/2016,Nov-16,11,2016,LEWIS GAY,Minor Dam,168,13.4,115,68.45
0525d976-6f27-48f7-b55c-a55fe1216e49,12/11/2016,Nov-16,11,2016,LEWIS GAY,Minor Dam,168,13.28,112,66.67
9f7c94e3-ad16-4ed9-ba15-bb653bd09e46,13/11/2016,Nov-16,11,2016,LEWIS GAY,Minor Dam,168,13.2,110,65.48
09c4c584-f1e8-4509-9bc4-ac57a77e320a,14/11/2016,Nov-16,11,2016,LEWIS GAY,Minor Dam,168,13.1,107.6,64.05
d7e0109d-9726-4f07-8d07-2ac14c107992,15/11/2016,Nov-16,11,2016,LEWIS GAY,Minor Dam,168,13,105.1,62.56
559932c8-211b-4b3e-b3f0-bac9ca687a26,16/11/2016,Nov-16,11,2016,LEWIS GAY,Minor Dam,168,12.92,103.2,61.43
0e647ea2-a5bf-4dc0-bafd-85a5ec9f0918,17/11/2016,Nov-16,11,2016,LEWIS GAY,Minor Dam,168,12.82,100.9,60.06
d7e8197b-ec53-4171-912c-752d52be7f7d,18/11/2016,Nov-16,11,2016,LEWIS GAY,Minor Dam,168,12.78,100,59.52
52df9df8-166a-466a-9712-b08638059067,19/11/2016,Nov-16,11,2016,LEWIS GAY,Minor Dam,168,12.68,97.7,58.15
1e14eac9-577e-4af6-8a60-46ea55e52f95,20/11/2016,Nov-16,11,2016,LEWIS GAY,Minor Dam,168,12.6,95.9,57.08
cc856fae-c1c4-48d1-ba1f-076e0c4dc269,21/11/2016,Nov-16,11,2016,LEWIS GAY,Minor Dam,168,12.5,93.6,55.71
7e0d8ddf-1dda-43b0-b06d-822770002556,22/11/2016,Nov-16,11,2016,LEWIS GAY,Minor Dam,168,12.4,91.4,54.4
d1f475d6-52c7-4528-8b4a-d66b0f58c26d,23/11/2016,Nov-16,11,2016,LEWIS GAY,Minor Dam,168,12.3,89.3,53.15
7df842d8-fe0b-44b2-a3d5-dd238caa292a,24/11/2016,Nov-16,11,2016,LEWIS GAY,Minor Dam,168,12.23,87.8,52.26
710166d7-fbc2-4d15-b8b0-68bbe854ba82,25/11/2016,Nov-16,11,2016,LEWIS GAY,Minor Dam,168,12.23,87.8,52.26
73af83ee-26a0-4834-9146-61e3acc8ae58,26/11/2016,Nov-16,11,2016,LEWIS GAY,Minor Dam,168,12.35,90.4,53.81
d97db464-c060-4cca-937d-dc68699c523b,27/11/2016,Nov-16,11,2016,LEWIS GAY,Minor Dam,168,12.4,91.4,54.4
dba368b6-441a-4f5e-abf7-fa73e2b95925,28/11/2016,Nov-16,11,2016,LEWIS GAY,Minor Dam,168,12.4,91.4,54.4
914f8bf9-f88c-401c-98e4-c248686c816a,29/11/2016,Nov-16,11,2016,LEWIS GAY,Minor Dam,168,12.45,92.5,55.06
84fc8573-60e9-4bcb-a613-0185d2d56002,30/11/2016,Nov-16,11,2016,LEWIS GAY,Minor Dam,168,12.45,92.5,55.06
d02be961-d369-425a-bcdb-70307989a13f,01/12/2016,Dec-16,12,2016,LEWIS GAY,Minor Dam,168,12.49,93.4,55.6
c06bfd62-6827-4298-a361-e74b1e9cedb5,02/12/2016,Dec-16,12,2016,LEWIS GAY,Minor Dam,168,12.49,93.4,55.6
d508ffdc-0dc8-41ee-a132-2c89a4827c33,03/12/2016,Dec-16,12,2016,LEWIS GAY,Minor Dam,168,12.49,93.4,55.6
79b17718-8a2f-4cad-a01a-ace658d1bb44,04/12/2016,Dec-16,12,2016,LEWIS GAY,Minor Dam,168,12.55,94.7,56.37
e4830d09-9a5b-4af7-9c1b-cbf4086dcf43,05/12/2016,Dec-16,12,2016,LEWIS GAY,Minor Dam,168,12.55,94.7,56.37
582b6383-3ac8-4001-99b2-482ea116aff7,06/12/2016,Dec-16,12,2016,LEWIS GAY,Minor Dam,168,12.55,94.7,56.37
96e001af-d114-41d4-abb5-942b80370aa4,07/12/2016,Dec-16,12,2016,LEWIS GAY,Minor Dam,168,12.3,89.3,53.15
357c26fd-b08b-48f5-b6be-873bd34e32d7,08/12/2016,Dec-16,12,2016,LEWIS GAY,Minor Dam,168,12.68,97.7,58.15
310e96bf-a94b-40f7-a6ad-da20509580df,09/12/2016,Dec-16,12,2016,LEWIS GAY,Minor Dam,168,12.82,100.9,60.06
bb6ca9f9-6a3e-4abc-839c-694418905ee9,10/12/2016,Dec-16,12,2016,LEWIS GAY,Minor Dam,168,12.92,103.2,61.43
92389b13-ee8a-4dc4-bfe6-8d64dd70a19c,11/12/2016,Dec-16,12,2016,LEWIS GAY,Minor Dam,168,12.98,104.7,62.32
436daaca-946c-4ccb-9b47-1cdbfd96cbd5,12/12/2016,Dec-16,12,2016,LEWIS GAY,Minor Dam,168,13,105.1,62.56
a0e505f0-38c6-4b52-8c7a-2538cbb9edfe,13/12/2016,Dec-16,12,2016,LEWIS GAY,Minor Dam,168,13.05,106.3,63.27
05f0808b-e1b0-4193-aee4-4e141b7e2477,14/12/2016,Dec-16,12,2016,LEWIS GAY,Minor Dam,168,13.07,106.8,63.57
01e828ef-0d53-48dd-a5d7-dbe971aeaa16,15/12/2016,Dec-16,12,2016,LEWIS GAY,Minor Dam,168,13.1,107.6,64.05
6ef06348-9412-44e6-b8a8-54a1d72f059c,16/12/2016,Dec-16,12,2016,LEWIS GAY,Minor Dam,168,13.28,112,66.67
f98e0fa5-8b54-4526-94ea-315e7f0064f1,17/12/2016,Dec-16,12,2016,LEWIS GAY,Minor Dam,168,13.3,112.5,66.96
70ba56b8-ed07-4821-b020-98455a315201,18/12/2016,Dec-16,12,2016,LEWIS GAY,Minor Dam,168,13.2,110,65.48
34b68d7b-f359-45d8-9a4b-c378a1ab9ba8,19/12/2016,Dec-16,12,2016,LEWIS GAY,Minor Dam,168,13.08,107.1,63.75
ac77d604-b84b-4269-9916-1782800a1557,20/12/2016,Dec-16,12,2016,LEWIS GAY,Minor Dam,168,12.98,104.7,62.32
6794144e-a939-42a7-966e-ec1f114c6f41,21/12/2016,Dec-16,12,2016,LEWIS GAY,Minor Dam,168,12.9,102.7,61.13
a2f74b24-dd8d-4d25-bcf4-4c8ec5b2c5c0,22/12/2016,Dec-16,12,2016,LEWIS GAY,Minor Dam,168,12.9,102.7,61.13
c692fd2a-436c-4063-8362-731fb294472a,23/12/2016,Dec-16,12,2016,LEWIS GAY,Minor Dam,168,13,105.1,62.56
c5caef10-a558-4477-94ad-64aeee6097f4,24/12/2016,Dec-16,12,2016,LEWIS GAY,Minor Dam,168,13.08,107.1,63.75
38aa37f5-0148-4b8f-bca5-be7c2cffba2c,25/12/2016,Dec-16,12,2016,LEWIS GAY,Minor Dam,168,13.1,107.6,64.05
e297e5af-6999-46ab-9b98-2b8f76e59cb3,26/12/2016,Dec-16,12,2016,LEWIS GAY,Minor Dam,168,13.1,107.6,64.05
e38bffbe-2e91-4908-bea5-1aded9f6ab1b,27/12/2016,Dec-16,12,2016,LEWIS GAY,Minor Dam,168,13.1,107.6,64.05
6be0f2de-53e1-4239-b114-6e47ed996ab6,28/12/2016,Dec-16,12,2016,LEWIS GAY,Minor Dam,168,13.19,109.8,65.36
8e77b267-31a6-43c9-8c99-b5912218ec94,29/12/2016,Dec-16,12,2016,LEWIS GAY,Minor Dam,168,13.2,110,65.48
f63f6d94-3c75-48c7-9b38-3146ead47d51,30/12/2016,Dec-16,12,2016,LEWIS GAY,Minor Dam,168,13.22,110.5,65.77
490c541d-3b79-486a-8bf4-f37c02d1cdba,31/12/2016,Dec-16,12,2016,LEWIS GAY,Minor Dam,168,13.15,108.3,64.46
6c540a72-5bfc-40f5-b4ed-35daab8d567d,01/01/2017,Jan-17,1,2017,LEWIS GAY,Minor Dam,168,13,105.1,62.56
1c82e583-1e2c-447a-98d2-11dfc72ce079,02/01/2017,Jan-17,1,2017,LEWIS GAY,Minor Dam,168,12.85,101.6,60.48
c111234d-843c-412d-8bc0-13e4b2d5196c,03/01/2017,Jan-17,1,2017,LEWIS GAY,Minor Dam,168,12.67,97.4,57.98
f2071b6f-c831-4d16-a176-ac69275c4eb5,04/01/2017,Jan-17,1,2017,LEWIS GAY,Minor Dam,168,12.58,95.4,56.79
f32d6f0c-f92c-4d84-a6b1-76550203819b,05/01/2017,Jan-17,1,2017,LEWIS GAY,Minor Dam,168,12.4,91.4,54.4
17da91b4-1e80-421a-846d-7697a683d110,06/01/2017,Jan-17,1,2017,LEWIS GAY,Minor Dam,168,12.28,88.9,52.92
5948becf-3446-4a8e-bc49-b9d2e88332ff,07/01/2017,Jan-17,1,2017,LEWIS GAY,Minor Dam,168,12.22,87.6,52.14
7b48f415-6fb7-432a-aaa8-8a70af0c62ad,08/01/2017,Jan-17,1,2017,LEWIS GAY,Minor Dam,168,12.18,86.7,51.61
2a78c8fb-e4b0-4217-9f89-08ee9ef2ae37,09/01/2017,Jan-17,1,2017,LEWIS GAY,Minor Dam,168,12.14,85.9,51.13
3e748723-466b-4c1e-ad6a-2085ead66c7c,10/01/2017,Jan-17,1,2017,LEWIS GAY,Minor Dam,168,12.1,85.1,50.65
894f5b5b-4837-4d83-8b5a-bd692bd68917,11/01/2017,Jan-17,1,2017,LEWIS GAY,Minor Dam,168,12.16,86.3,51.37
e8bb3f9e-7316-4874-9254-eee7d90e9d1e,12/01/2017,Jan-17,1,2017,LEWIS GAY,Minor Dam,168,12.1,85.1,50.65
734b126c-eb6a-4cf0-9b5c-30bc7ab552c6,13/01/2017,Jan-17,1,2017,LEWIS GAY,Minor Dam,168,12.1,85.1,50.65
9007234c-4a92-40d6-bd4b-ec8df4327174,14/01/2017,Jan-17,1,2017,LEWIS GAY,Minor Dam,168,12.1,85.1,50.65
c30fc2ae-ead2-4187-9e3d-bc10cde7ddcd,15/01/2017,Jan-17,1,2017,LEWIS GAY,Minor Dam,168,12.1,85.1,50.65
78752de9-18a8-4178-88e5-1a5899557f5f,16/01/2017,Jan-17,1,2017,LEWIS GAY,Minor Dam,168,12.2,87.2,51.9
06a4e9dc-7d5d-497f-8714-3b46adca83ab,17/01/2017,Jan-17,1,2017,LEWIS GAY,Minor Dam,168,12.25,88.2,52.5
1b10bcc4-8276-4442-9986-01f11e8f2b6c,18/01/2017,Jan-17,1,2017,LEWIS GAY,Minor Dam,168,12.3,89.3,53.15
83a52a83-24a3-4b97-80a8-ef019644ac0b,19/01/2017,Jan-17,1,2017,LEWIS GAY,Minor Dam,168,12.3,89.3,53.15
01f5197b-0f51-457a-86aa-3c54f074f82f,20/01/2017,Jan-17,1,2017,LEWIS GAY,Minor Dam,168,12.28,88.9,52.92
fa0bcd3f-047e-4470-ac8a-cc7a5251e56e,21/01/2017,Jan-17,1,2017,LEWIS GAY,Minor Dam,168,12.4,91.4,54.4
9e3a48b1-845a-4207-b0fe-b16b05d70ec7,22/01/2017,Jan-17,1,2017,LEWIS GAY,Minor Dam,168,12.4,91.4,54.4
0c72ba4f-9945-40f0-8e96-b575f3a495e6,23/01/2017,Jan-17,1,2017,LEWIS GAY,Minor Dam,168,12.44,92.3,54.94
4e2b230f-9432-4334-b1ce-28060425acaa,24/01/2017,Jan-17,1,2017,LEWIS GAY,Minor Dam,168,12.44,92.3,54.94
b5cf3110-04ea-4d8e-af29-749dc64ba8db,25/01/2017,Jan-17,1,2017,LEWIS GAY,Minor Dam,168,12.44,92.3,54.94
c07bf2ab-eafa-4430-a99d-b6eedd74e61f,26/01/2017,Jan-17,1,2017,LEWIS GAY,Minor Dam,168,12.44,92.3,54.94
ae0112f8-bb53-4c24-931d-70703a2949f9,27/01/2017,Jan-17,1,2017,LEWIS GAY,Minor Dam,168,12.44,92.3,54.94
49e18e62-7007-4518-96a4-42fcd2688561,28/01/2017,Jan-17,1,2017,LEWIS GAY,Minor Dam,168,12.49,93.4,55.6
218da498-1329-4ae9-96b3-c7127a0496f0,29/01/2017,Jan-17,1,2017,LEWIS GAY,Minor Dam,168,12.54,94.5,56.25
cc1f56db-a679-4302-9de7-b021321a266d,30/01/2017,Jan-17,1,2017,LEWIS GAY,Minor Dam,168,12.6,95.9,57.08
66b11da7-3898-4924-a623-48d8af92ddbf,31/01/2017,Jan-17,1,2017,LEWIS GAY,Minor Dam,168,12.65,97,57.74
69a6f77a-1ea6-4579-a036-652e43c56b0d,01/02/2017,Feb-17,2,2017,LEWIS GAY,Minor Dam,168,12.7,98.1,58.39
a4d19501-3fb0-4b31-8bc7-eab908f64409,02/02/2017,Feb-17,2,2017,LEWIS GAY,Minor Dam,168,12.68,97.7,58.15
5e1b7d91-c886-4ba3-b738-00fb4be8add0,03/02/2017,Feb-17,2,2017,LEWIS GAY,Minor Dam,168,12.7,98.1,58.39
439cae86-60b0-4d96-ac8e-8554edc6d698,04/02/2017,Feb-17,2,2017,LEWIS GAY,Minor Dam,168,12.75,99.3,59.11
f2dd6f22-f8be-48ee-b4c3-c6b92e3aca56,05/02/2017,Feb-17,2,2017,LEWIS GAY,Minor Dam,168,12.75,99.3,59.11
e27833f8-4b67-48e6-9913-b380fc24ddf9,06/02/2017,Feb-17,2,2017,LEWIS GAY,Minor Dam,168,12.8,100.4,59.76
35f45066-e4a6-4ab1-bc2d-bc56255be6b5,07/02/2017,Feb-17,2,2017,LEWIS GAY,Minor Dam,168,12.8,100.4,59.76
3fb84be9-93e9-407a-b37a-cde1c671213e,08/02/2017,Feb-17,2,2017,LEWIS GAY,Minor Dam,168,12.85,101.6,60.48
0863ce5a-e751-4fea-99a0-034d5208fe77,09/02/2017,Feb-17,2,2017,LEWIS GAY,Minor Dam,168,12.85,101.6,60.48
56545909-fa1d-4495-992b-8a6479b299bf,10/02/2017,Feb-17,2,2017,LEWIS GAY,Minor Dam,168,12.9,102.7,61.13
930b4ecb-2de6-4f6a-8579-c1d65376b587,11/02/2017,Feb-17,2,2017,LEWIS GAY,Minor Dam,168,12.9,102.7,61.13
4ffc9ac6-8924-4a15-b40a-6b61ea90dee7,12/02/2017,Feb-17,2,2017,LEWIS GAY,Minor Dam,168,12.95,103.9,61.85
8b9ee40a-a94a-4a8b-92a4-aa2e4d8aaa6b,13/02/2017,Feb-17,2,2017,LEWIS GAY,Minor Dam,168,12.9,102.7,61.13
1c2128f2-64b6-4e40-b69f-a41d63c6047b,14/02/2017,Feb-17,2,2017,LEWIS GAY,Minor Dam,168,12.85,101.6,60.48
2b4f7122-bf64-4302-8dfd-6787dbee2b0d,15/02/2017,Feb-17,2,2017,LEWIS GAY,Minor Dam,168,12.83,101.1,60.18
925f27c0-5de1-4167-b496-8554ce77a0a7,16/02/2017,Feb-17,2,2017,LEWIS GAY,Minor Dam,168,12.9,102.7,61.13
a0520255-dff3-4185-a03b-d76e53347f8e,17/02/2017,Feb-17,2,2017,LEWIS GAY,Minor Dam,168,12.9,102.7,61.13
01e4da1c-1035-4859-9e97-bd8421aa497e,18/02/2017,Feb-17,2,2017,LEWIS GAY,Minor Dam,168,12.9,102.7,61.13
42cb2610-f696-4f50-8563-cdba727d9faf,19/02/2017,Feb-17,2,2017,LEWIS GAY,Minor Dam,168,12.95,103.9,61.85
7aec5345-85b0-4e5f-aa92-dd6c24eb1bf6,20/02/2017,Feb-17,2,2017,LEWIS GAY,Minor Dam,168,13,105.1,62.56
27544f65-7df6-4c73-9634-590f9d1ebc5e,21/02/2017,Feb-17,2,2017,LEWIS GAY,Minor Dam,168,12.9,102.7,61.13
0d05803e-b295-40f8-8d84-0f9d7fcb9334,22/02/2017,Feb-17,2,2017,LEWIS GAY,Minor Dam,168,12.76,99.5,59.23
c57479c4-870f-4dc2-b6ae-4bb8ccc67152,23/02/2017,Feb-17,2,2017,LEWIS GAY,Minor Dam,168,12.7,98.1,58.39
507e9724-e2e4-4f29-afca-607b2be8baaf,24/02/2017,Feb-17,2,2017,LEWIS GAY,Minor Dam,168,12.7,98.1,58.39
7b38a988-a7db-4438-89a0-90a6f1219eff,25/02/2017,Feb-17,2,2017,LEWIS GAY,Minor Dam,168,12.6,95.9,57.08
ca8d3a6a-8252-406a-b16f-baa647222ad2,26/02/2017,Feb-17,2,2017,LEWIS GAY,Minor Dam,168,12.55,94.7,56.37
264bc2d1-b5fb-4916-b52f-e6a6763ae3aa,27/02/2017,Feb-17,2,2017,LEWIS GAY,Minor Dam,168,12.4,91.4,54.4
3c89cec3-2e15-4f56-98aa-dcad465e118a,28/02/2017,Feb-17,2,2017,LEWIS GAY,Minor Dam,168,12.3,89.3,53.15
e1a40f6b-915a-4e39-8338-c1266d351590,01/03/2017,Mar-17,3,2017,LEWIS GAY,Minor Dam,168,12.22,87.6,52.14
5979d5bd-c43e-463b-9443-9a1ca5cf37f0,02/03/2017,Mar-17,3,2017,LEWIS GAY,Minor Dam,168,12.22,87.6,52.14
8f8c5aff-dbc8-4e49-b768-f0ee69448645,03/03/2017,Mar-17,3,2017,LEWIS GAY,Minor Dam,168,12.1,85.1,50.65
ca31df8e-2fbf-4cbb-8067-2f3f07e921d7,04/03/2017,Mar-17,3,2017,LEWIS GAY,Minor Dam,168,12.15,86.1,51.25
911182e1-c8fc-4669-b7ff-0ade78c25d0c,05/03/2017,Mar-17,3,2017,LEWIS GAY,Minor Dam,168,12.1,85.1,50.65
8d128f47-b495-4d26-906d-f8c037abd462,06/03/2017,Mar-17,3,2017,LEWIS GAY,Minor Dam,168,12.08,84.7,50.42
669f4319-7b9c-4ec6-8da7-6a9f87ccccd4,07/03/2017,Mar-17,3,2017,LEWIS GAY,Minor Dam,168,12.08,84.7,50.42
e7665ccd-731d-49e0-bbb8-ce64bb2cfa85,08/03/2017,Mar-17,3,2017,LEWIS GAY,Minor Dam,168,12.12,85.5,50.89
2539a9b0-6869-4c18-b0c4-ca71827a7a15,09/03/2017,Mar-17,3,2017,LEWIS GAY,Minor Dam,168,12.08,84.7,50.42
1ef6d424-d3a0-490b-96cb-7868697ca9b8,10/03/2017,Mar-17,3,2017,LEWIS GAY,Minor Dam,168,12,83,49.4
893ddf5a-3d4f-4da0-8901-5a0a3bb75feb,11/03/2017,Mar-17,3,2017,LEWIS GAY,Minor Dam,168,11.88,80.6,47.98
a070912f-5924-4ca6-8cd0-6098883072a0,12/03/2017,Mar-17,3,2017,LEWIS GAY,Minor Dam,168,11.75,78,46.43
d3cbed44-715f-46c7-a9cf-621d5c9f7155,13/03/2017,Mar-17,3,2017,LEWIS GAY,Minor Dam,168,11.7,77,45.83
3dd17871-6f02-4a53-8e55-dad1edaa065b,14/03/2017,Mar-17,3,2017,LEWIS GAY,Minor Dam,168,11.6,75.1,44.7
81e05d3c-ca31-4f8d-bf18-389a03e234f9,15/03/2017,Mar-17,3,2017,LEWIS GAY,Minor Dam,168,11.5,73.2,43.57
55d6d3a7-4be0-47d7-9e24-d8d937c03207,16/03/2017,Mar-17,3,2017,LEWIS GAY,Minor Dam,168,11.4,71.4,42.5
c42c5628-ae87-4fff-84d7-7cd3fd0879a4,17/03/2017,Mar-17,3,2017,LEWIS GAY,Minor Dam,168,11.3,69.6,41.43
9a7b6813-4cfc-4c7e-b588-7673bdf5747e,18/03/2017,Mar-17,3,2017,LEWIS GAY,Minor Dam,168,11.2,67.9,40.42
0cfabbcc-c595-4a11-b76b-e3acb9fb4a61,19/03/2017,Mar-17,3,2017,LEWIS GAY,Minor Dam,168,11.1,66.2,39.4
f241c711-15cc-471e-91eb-c27d4c267b5c,20/03/2017,Mar-17,3,2017,LEWIS GAY,Minor Dam,168,11,64.5,38.39
5195edc6-c830-45f5-a4a7-ac69c12f2f5e,21/03/2017,Mar-17,3,2017,LEWIS GAY,Minor Dam,168,10.95,63.7,37.92
32c1278d-f2a3-4276-972b-2eee40e03ced,22/03/2017,Mar-17,3,2017,LEWIS GAY,Minor Dam,168,10.9,62.8,37.38
8db9af2a-9314-4438-b473-54e134999eeb,23/03/2017,Mar-17,3,2017,LEWIS GAY,Minor Dam,168,10.85,62,36.9
da61a4d7-3a61-40b7-8675-90185c8bb7d5,24/03/2017,Mar-17,3,2017,LEWIS GAY,Minor Dam,168,10.8,61.2,36.43
8da1d1af-ce81-491b-a647-d21884352823,25/03/2017,Mar-17,3,2017,LEWIS GAY,Minor Dam,168,10.75,60.4,35.95
38467a8a-819b-4600-b198-aaf7c3d9b628,26/03/2017,Mar-17,3,2017,LEWIS GAY,Minor Dam,168,10.7,59.6,35.48
f8bf2aa8-05c4-4b44-b565-3294fddd1c69,27/03/2017,Mar-17,3,2017,LEWIS GAY,Minor Dam,168,10.65,58.8,35
f66dbd3b-ba32-40b4-82a7-132b231b5814,28/03/2017,Mar-17,3,2017,LEWIS GAY,Minor Dam,168,10.6,58.1,34.58
c6dc2420-b410-48f4-9dab-4b55617610df,29/03/2017,Mar-17,3,2017,LEWIS GAY,Minor Dam,168,10.55,57.3,34.11
d375edc1-4689-48cf-bbd7-4588da63c00a,30/03/2017,Mar-17,3,2017,LEWIS GAY,Minor Dam,168,10.35,54.3,32.32
cc02b72b-f57c-429c-b8c6-ff08505850dc,31/03/2017,Mar-17,3,2017,LEWIS GAY,Minor Dam,168,10.15,51.3,30.54
334e39b0-9dd2-4a61-ade3-b73539a3a313,01/04/2017,Apr-17,4,2017,LEWIS GAY,Minor Dam,168,9.98,48.9,29.11
0df89530-fe73-44c8-b2a7-b4e7ccb2789f,02/04/2017,Apr-17,4,2017,LEWIS GAY,Minor Dam,168,9.8,46.5,27.68
bcf678ed-018f-4438-b37b-7891479cfd5c,03/04/2017,Apr-17,4,2017,LEWIS GAY,Minor Dam,168,9.6,44,26.19
68f7bf29-4228-4471-b8c9-0df8174b149a,04/04/2017,Apr-17,4,2017,LEWIS GAY,Minor Dam,168,9.4,41.5,24.7
a0c94fc3-95e8-46e9-b1c3-c35348943057,05/04/2017,Apr-17,4,2017,LEWIS GAY,Minor Dam,168,9.2,39.2,23.33
110049b1-a013-4451-808f-bfa526f9a142,06/04/2017,Apr-17,4,2017,LEWIS GAY,Minor Dam,168,9,36.9,21.96
cdfd8388-cd6c-48fe-9482-89f090645124,07/04/2017,Apr-17,4,2017,LEWIS GAY,Minor Dam,168,8.8,34.7,20.65
00fd6e8d-7769-4756-aa22-dbd4d99dce31,08/04/2017,Apr-17,4,2017,LEWIS GAY,Minor Dam,168,8.6,32.6,19.4
2db7649b-af64-4ed6-bbc7-3bcc329868c5,09/04/2017,Apr-17,4,2017,LEWIS GAY,Minor Dam,168,8.4,30.5,18.15
0b1877d3-dd17-454b-b7dd-27c5c485e791,10/04/2017,Apr-17,4,2017,LEWIS GAY,Minor Dam,168,8.2,28.6,17.02
0717fbbb-2375-413b-94a2-694d88e06f05,11/04/2017,Apr-17,4,2017,LEWIS GAY,Minor Dam,168,8,26.7,15.89
9c4a50a5-79e2-441a-a09f-f98e1be5c69a,12/04/2017,Apr-17,4,2017,LEWIS GAY,Minor Dam,168,7.8,25,14.88
62db64e5-481a-48db-bde6-5ccf60408793,13/04/2017,Apr-17,4,2017,LEWIS GAY,Minor Dam,168,7.75,24.5,14.58
cdcd8ce1-72fb-4503-8993-d0e6f58fa1b8,14/04/2017,Apr-17,4,2017,LEWIS GAY,Minor Dam,168,7.7,24.1,14.35
2e405249-658a-4d16-9643-c7d44044d609,15/04/2017,Apr-17,4,2017,LEWIS GAY,Minor Dam,168,7.7,24.1,14.35
d918f961-78ef-4e26-b56a-09fb84ba8b56,16/04/2017,Apr-17,4,2017,LEWIS GAY,Minor Dam,168,7.7,24.1,14.35
dada9ab0-e6a9-49ed-8626-9d68583d9d8a,17/04/2017,Apr-17,4,2017,LEWIS GAY,Minor Dam,168,7.7,24.1,14.35
4ea35889-beb6-47ce-bdbe-049be1ed20bf,18/04/2017,Apr-17,4,2017,LEWIS GAY,Minor Dam,168,7.7,24.1,14.35
4efc929b-15be-4392-91ac-d29647d2bf0a,19/04/2017,Apr-17,4,2017,LEWIS GAY,Minor Dam,168,7.7,24.1,14.35
f0bfd74b-6760-4386-bede-3e38055a252c,20/04/2017,Apr-17,4,2017,LEWIS GAY,Minor Dam,168,7.7,24.1,14.35
fd2abb80-2e4a-45ec-adf7-30803ec3315c,21/04/2017,Apr-17,4,2017,LEWIS GAY,Minor Dam,168,7.7,24.1,14.35
4d778bfd-9813-4f7b-bb49-c215e240648b,22/04/2017,Apr-17,4,2017,LEWIS GAY,Minor Dam,168,7.7,24.1,14.35
e848c7ee-6b75-40e7-b338-83eff9c813ee,23/04/2017,Apr-17,4,2017,LEWIS GAY,Minor Dam,168,7.7,24.1,14.35
c748dcd7-c503-4b19-ad09-79646fd78587,24/04/2017,Apr-17,4,2017,LEWIS GAY,Minor Dam,168,7.7,24.1,14.35
d9e1ea7c-0054-417e-8454-6d747077dd81,25/04/2017,Apr-17,4,2017,LEWIS GAY,Minor Dam,168,7.7,24.1,14.35
3219a145-24b2-45fa-b351-173f45cefaa2,26/04/2017,Apr-17,4,2017,LEWIS GAY,Minor Dam,168,7.7,24.1,14.35
18b0b314-db65-4941-8bf5-75e71106c709,27/04/2017,Apr-17,4,2017,LEWIS GAY,Minor Dam,168,7.7,24.1,14.35
d42c4d27-259f-416f-a7b1-14c686ab1f76,28/04/2017,Apr-17,4,2017,LEWIS GAY,Minor Dam,168,7.7,24.1,14.35
5d8dfabf-1ea5-47f9-a8f4-57fcfdff23d2,29/04/2017,Apr-17,4,2017,LEWIS GAY,Minor Dam,168,7.7,24.1,14.35
aeb4d243-c124-43a0-a365-1a37a7aedcf8,30/04/2017,Apr-17,4,2017,LEWIS GAY,Minor Dam,168,7.4,21.6,12.86
a9af54a5-6fda-4681-883d-f0f4e5de9f50,01/05/2017,May-17,5,2017,LEWIS GAY,Minor Dam,168,7.2,20.1,11.96
8c79e6b0-321e-4a8d-b25e-67b892a63301,02/05/2017,May-17,5,2017,LEWIS GAY,Minor Dam,168,7.2,20.1,11.96
af0fa687-82f1-41d5-8c4a-fe0e1aab8347,03/05/2017,May-17,5,2017,LEWIS GAY,Minor Dam,168,7.18,19.9,11.85
ee45307f-26bb-42a8-9047-0ceaab7da889,04/05/2017,May-17,5,2017,LEWIS GAY,Minor Dam,168,7.16,19.8,11.79
c7fda322-e26d-414d-bf3d-067aed4b672f,05/05/2017,May-17,5,2017,LEWIS GAY,Minor Dam,168,7.16,19.8,11.79
8316f8c4-2b92-4f45-bf92-394247e9d384,06/05/2017,May-17,5,2017,LEWIS GAY,Minor Dam,168,7.16,19.8,11.79
a054ff28-038c-4d7c-9aa9-aa65b80c0ece,07/05/2017,May-17,5,2017,LEWIS GAY,Minor Dam,168,7.18,19.9,11.85
af8d83f3-0067-4086-85d6-7355d03c027e,08/08/2017,Aug-17,8,2017,LEWIS GAY,Minor Dam,168,7.18,19.9,11.85
7cbe1019-e7d4-4f70-9a16-be33e7b611e3,09/05/2017,May-17,5,2017,LEWIS GAY,Minor Dam,168,7.18,19.9,11.85
1e9b474f-2fb2-473c-bfe3-c6eb944062a5,10/05/2017,May-17,5,2017,LEWIS GAY,Minor Dam,168,7.18,19.9,11.85
1e2d8770-8f55-4cc0-b361-0c4c69f9eea4,11/05/2017,May-17,5,2017,LEWIS GAY,Minor Dam,168,7.18,19.9,11.85
a7d57a64-5f6d-415a-84d9-7ff3f6f871aa,12/05/2017,May-17,5,2017,LEWIS GAY,Minor Dam,168,7.18,19.9,11.85
8ccce384-6321-49e8-b014-75af66a4cc97,13/05/2017,May-17,5,2017,LEWIS GAY,Minor Dam,168,7.18,19.9,11.85
a93713be-b46f-498a-af18-8e773a4fbe9e,14/05/2017,May-17,5,2017,LEWIS GAY,Minor Dam,168,7.18,19.9,11.85
d9035d0d-a978-4424-8fb9-fc79666d9785,15/05/2017,May-17,5,2017,LEWIS GAY,Minor Dam,168,7.18,19.9,11.85
9809d789-9a36-4c0b-94fb-c97131821a37,16/05/2017,May-17,5,2017,LEWIS GAY,Minor Dam,168,7.2,20.1,11.96
b09993f3-cfae-4d22-8dc8-0597a18267bd,17/05/2017,May-17,5,2017,LEWIS GAY,Minor Dam,168,7.2,20.1,11.96
3a573d13-a558-4c1b-b08e-f8169050e3a3,18/05/2017,May-17,5,2017,LEWIS GAY,Minor Dam,168,7.22,20.2,12.02
8dee3e6a-17c9-42d2-8a94-9088e9738bc5,19/05/2017,May-17,5,2017,LEWIS GAY,Minor Dam,168,7.23,20.3,12.08
176577c0-63cf-456e-b896-c3c4e0ca6f3f,20/05/2017,May-17,5,2017,LEWIS GAY,Minor Dam,168,7.25,20.5,12.2
a0b58e04-c400-47ac-95d3-d2677e9e3d6c,21/05/2017,May-17,5,2017,LEWIS GAY,Minor Dam,168,7.28,20.7,12.32
5e9b449b-edbf-407c-8e15-b121001e17ab,22/05/2017,May-17,5,2017,LEWIS GAY,Minor Dam,168,7.3,20.8,12.38
7b8c1f41-6569-4263-af65-955958fcbb6a,23/05/2017,May-17,5,2017,LEWIS GAY,Minor Dam,168,7.33,21.1,12.56
fa1fee6d-822d-4366-bc7d-450251e029fc,24/05/2017,May-17,5,2017,LEWIS GAY,Minor Dam,168,7.35,21.2,12.62
eaee0359-d110-4d8c-9ae0-10599568593a,25/05/2017,May-17,5,2017,LEWIS GAY,Minor Dam,168,7.4,21.6,12.86
a1323dea-d86b-4d32-8e75-b833281ec1f0,26/05/2017,May-17,5,2017,LEWIS GAY,Minor Dam,168,7.5,22.4,13.33
f252f802-9d89-42a3-95da-cc583c71ebe0,27/05/2017,May-17,5,2017,LEWIS GAY,Minor Dam,168,7.5,22.4,13.33
0b0fca11-16e3-4597-9f59-7c6c9127a7ee,28/05/2017,May-17,5,2017,LEWIS GAY,Minor Dam,168,7.4,21.6,12.86
78f1cd0d-fd37-49c9-aac8-ee97041ed333,29/05/2017,May-17,5,2017,LEWIS GAY,Minor Dam,168,7.45,22,13.1
339bbae1-189b-464b-8a7d-899e0b232622,30/05/2017,May-17,5,2017,LEWIS GAY,Minor Dam,168,7.5,22.4,13.33
37220996-98ab-4f1a-86cf-86746df52c2e,31/05/2017,May-17,5,2017,LEWIS GAY,Minor Dam,168,7.57,23,13.69
15e0a64d-ed91-49cf-8e34-84b7eca11b30,01/06/2017,Jun-17,6,2017,LEWIS GAY,Minor Dam,168,7.6,23.3,13.87
f6dd1049-0226-44af-83c1-926ece88f6a7,02/06/2017,Jun-17,6,2017,LEWIS GAY,Minor Dam,168,7.63,23.5,13.99
f114d24d-e511-4163-b629-027fadd3d476,03/06/2017,Jun-17,6,2017,LEWIS GAY,Minor Dam,168,7.65,23.7,14.11
dd01c9ad-4640-4c7b-a69c-dfdd27447951,04/06/2017,Jun-17,6,2017,LEWIS GAY,Minor Dam,168,7.7,24.1,14.35
bb3121b3-3673-4d6c-ab39-688b258a04c7,05/06/2017,Jun-17,6,2017,LEWIS GAY,Minor Dam,168,7.72,24.3,14.46
3610d6b8-7281-4435-8682-0963adff8607,06/06/2017,Jun-17,6,2017,LEWIS GAY,Minor Dam,168,7.75,24.5,14.58
ffa98594-1659-4397-b692-f4ca4de1491f,07/06/2017,Jun-17,6,2017,LEWIS GAY,Minor Dam,168,7.78,24.8,14.76
6d3aecd8-f16b-4389-a7dc-2161581f9a3b,08/06/2017,Jun-17,6,2017,LEWIS GAY,Minor Dam,168,7.81,25.1,14.94
c2ff847a-052f-45eb-b470-222e2e17a028,09/06/2017,Jun-17,6,2017,LEWIS GAY,Minor Dam,168,8.02,26.9,16.01
87619f6d-f3cd-4caa-823a-88ecf8e8643e,10/06/2017,Jun-17,6,2017,LEWIS GAY,Minor Dam,168,7.78,24.8,14.76
c5b92783-0a34-44d2-a370-e9951230d00c,11/06/2017,Jun-17,6,2017,LEWIS GAY,Minor Dam,168,7.78,24.8,14.76
cde0fdc2-af9f-4f9b-bef7-7764a03dc4be,12/06/2017,Jun-17,6,2017,LEWIS GAY,Minor Dam,168,7.78,24.8,14.76
f627da78-b3e4-4ab0-9539-29789ebf0383,13/06/2017,Jun-17,6,2017,LEWIS GAY,Minor Dam,168,8,26.7,15.89
dfe14a6b-ab6e-4f99-bebc-5dee6e10dac6,14/06/2017,Jun-17,6,2017,LEWIS GAY,Minor Dam,168,8.1,27.7,16.49
ec7fe980-cee4-4bb0-93c1-1a821aed05ad,15/06/2017,Jun-17,6,2017,LEWIS GAY,Minor Dam,168,8.1,,
ad45a93d-812e-4c53-bf6d-bd22e4229756,16/06/2017,Jun-17,6,2017,LEWIS GAY,Minor Dam,168,8.15,28.1,16.73
26e12dd1-8334-4802-8dda-302864235f40,17/06/2017,Jun-17,6,2017,LEWIS GAY,Minor Dam,168,8.28,29.4,17.5
53055d6d-157f-49a0-bcea-362d8413c1e3,18/06/2017,Jun-17,6,2017,LEWIS GAY,Minor Dam,168,8.38,30.3,18.04
2b3b994f-0ac6-4714-9f03-932a802c28d7,19/06/2017,Jun-17,6,2017,LEWIS GAY,Minor Dam,168,8.48,31.3,18.63
6f78f199-3512-4bd8-873b-14d6269c3e66,20/06/2017,Jun-17,6,2017,LEWIS GAY,Minor Dam,168,8.55,32.1,19.11
0c4f3dc9-58cc-4005-a880-a10f2d162e71,21/06/2017,Jun-17,6,2017,LEWIS GAY,Minor Dam,168,8.6,32.6,19.4
f5c0bdc3-c2ec-41b2-9030-739454d1973f,22/06/2017,Jun-17,6,2017,LEWIS GAY,Minor Dam,168,9.1,38,22.62
33d771bf-e518-401a-82b2-f3e315f89844,23/06/2017,Jun-17,6,2017,LEWIS GAY,Minor Dam,168,9.68,45,26.79
5e33dc35-a0ad-4141-87da-f82c88c71a3f,24/06/2017,Jun-17,6,2017,LEWIS GAY,Minor Dam,168,9.75,45.9,27.32
d2570858-9a76-4314-be00-3d9dda562594,25/06/2017,Jun-17,6,2017,LEWIS GAY,Minor Dam,168,9.82,46.8,27.86
18d1561c-e3d9-44d0-918f-76a2ea555d01,26/06/2017,Jun-17,6,2017,LEWIS GAY,Minor Dam,168,10,49.2,29.29
70cad5b8-ddb2-4046-bc14-8180902061f0,27/06/2017,Jun-17,6,2017,LEWIS GAY,Minor Dam,168,10,49.2,29.29
7412dbf8-3b90-4747-9752-278c9e5cb496,28/06/2017,Jun-17,6,2017,LEWIS GAY,Minor Dam,168,10.15,51.3,30.54
70ee4c0a-d426-414d-811f-149601a1e14b,29/06/2017,Jun-17,6,2017,LEWIS GAY,Minor Dam,168,10.3,53.5,31.85
6f7c0b6c-4fde-4aa4-8871-14759348ea81,30/06/2017,Jun-17,6,2017,LEWIS GAY,Minor Dam,168,10.4,55,32.74
5c4d2f34-3bb6-40d2-ab40-1a462215cd81,01/07/2017,Jul-17,7,2017,LEWIS GAY,Minor Dam,168,10.55,57.3,34.11
ff99e930-3fc8-4004-8cb1-ca65d2253b29,02/07/2017,Jul-17,7,2017,LEWIS GAY,Minor Dam,168,11.15,67,39.88
85556fb0-c1b3-4922-a2ea-1564636f0e07,03/07/2017,Jul-17,7,2017,LEWIS GAY,Minor Dam,168,11.3,69.6,41.43
3428539a-ebcd-407a-98fd-743885b70add,04/07/2017,Jul-17,7,2017,LEWIS GAY,Minor Dam,168,11.32,70,41.67
b8a87f44-b8b9-42f4-ad4a-7015ca24b94d,05/07/2017,Jul-17,7,2017,LEWIS GAY,Minor Dam,168,11.35,70.5,41.96
2f8a767e-cb40-4f32-96a9-b8700b6e68a6,06/07/2017,Jul-17,7,2017,LEWIS GAY,Minor Dam,168,11.4,71.4,42.5
45c2a2f1-72bf-4cb1-aaf3-9747bd3ee9e3,07/07/2017,Jul-17,7,2017,LEWIS GAY,Minor Dam,168,12.1,85.1,50.65
e36be08c-74a2-4783-ada4-37c55f5febc8,08/07/2017,Jul-17,7,2017,LEWIS GAY,Minor Dam,168,12.1,85.1,50.65
302da034-8bca-44f9-bc4a-8e1d60dc2e79,09/07/2017,Jul-17,7,2017,LEWIS GAY,Minor Dam,168,12.1,85.1,50.65
17152866-3b35-470c-add8-07b5580fa786,10/07/2017,Jul-17,7,2017,LEWIS GAY,Minor Dam,168,12.39,91.2,54.29
f9302bfc-fcbc-46ec-9bc9-386feb77b501,11/07/2017,Jul-17,7,2017,LEWIS GAY,Minor Dam,168,12.5,93.6,55.71
cf25653c-846e-49dc-a49d-8da07db63260,12/07/2017,Jul-17,7,2017,LEWIS GAY,Minor Dam,168,12.68,97.7,58.15
a679fbbc-c430-4b53-bc44-78e3b6b61793,13/07/2017,Jul-17,7,2017,LEWIS GAY,Minor Dam,168,12.7,98.1,58.39
108f65e2-bbcd-4a5c-937f-b136fe3ce52d,14/07/2017,Jul-17,7,2017,LEWIS GAY,Minor Dam,168,12.8,100.4,59.76
89cbab0e-0f29-42b9-b95e-400ef6c340a9,15/07/2017,Jul-17,7,2017,LEWIS GAY,Minor Dam,168,12.85,101.6,60.48
aed5e1b5-0463-44b1-8f54-95eddf3d1789,16/07/2017,Jul-17,7,2017,LEWIS GAY,Minor Dam,168,13.18,109.5,65.18
5c98d5d9-1f9c-414d-b9a4-9f64b5f55f2f,17/07/2017,Jul-17,7,2017,LEWIS GAY,Minor Dam,168,13.44,116.1,69.11
1b4b82d1-f7ca-456f-945d-694d8be1e593,18/07/2017,Jul-17,7,2017,LEWIS GAY,Minor Dam,168,13.65,121.5,72.32
5bb8ed05-a10d-4bf4-8a56-2f1a17afe834,19/07/2017,Jul-17,7,2017,LEWIS GAY,Minor Dam,168,13.2,110,65.48
e21cee50-a3c5-487a-848b-2f607a289819,20/07/2017,Jul-17,7,2017,LEWIS GAY,Minor Dam,168,13.9,128.3,76.37
c0044898-a35d-4ac7-86bf-08f321323536,21/07/2017,Jul-17,7,2017,LEWIS GAY,Minor Dam,168,14.05,132.4,78.81
4750a192-ac99-457e-95a2-fdf85d2a84a6,22/07/2017,Jul-17,7,2017,LEWIS GAY,Minor Dam,168,14.24,137.8,82.02
71bde3b8-e555-4b1e-badb-d0d47d607db1,23/07/2017,Jul-17,7,2017,LEWIS GAY,Minor Dam,168,14.3,139.5,83.04
1ea70489-4338-4349-90e3-91671d309bde,24/07/2017,Jul-17,7,2017,LEWIS GAY,Minor Dam,168,14.4,142.5,84.82
f48f5066-4b85-45b5-b917-f953b856101c,25/07/2017,Jul-17,7,2017,LEWIS GAY,Minor Dam,168,14.5,145.3,86.49
7375cf91-0078-4692-b07c-0f9431c77e20,26/07/2017,Jul-17,7,2017,LEWIS GAY,Minor Dam,168,14.55,146.8,87.38
f3e29a78-3c07-4c0b-a23d-57c513dbae82,27/07/2017,Jul-17,7,2017,LEWIS GAY,Minor Dam,168,14.6,148.2,88.21
201baf07-3266-4779-8ec2-61e029283f8c,28/07/2017,Jul-17,7,2017,LEWIS GAY,Minor Dam,168,14.68,150.6,89.64
014ca18f-9e36-4d7f-977d-4c0f4483006e,29/07/2017,Jul-17,7,2017,LEWIS GAY,Minor Dam,168,14.75,152.7,90.89
ab89ffdf-9352-475c-844b-6642afb05ef3,30/07/2017,Jul-17,7,2017,LEWIS GAY,Minor Dam,168,14.8,154.1,91.73
b565c8b0-e8d0-49d6-bd03-0855ab10fc77,31/07/2017,Jul-17,7,2017,LEWIS GAY,Minor Dam,168,14.87,156.3,93.04
ff807e4d-89bd-44d0-b6c4-cabfc0036ee6,01/08/2017,Aug-17,8,2017,LEWIS GAY,Minor Dam,168,14.93,158.1,94.11
4e6f36b5-c0df-4b09-9697-f39e9836ae17,02/08/2017,Aug-17,8,2017,LEWIS GAY,Minor Dam,168,15,160.2,95.36
e0178c26-6d26-4f69-bc89-f1c7f24cd7e6,03/08/2017,Aug-17,8,2017,LEWIS GAY,Minor Dam,168,15.1,163.3,97.2
5ef05387-bb6c-4686-960d-7a9a8de0cdaf,04/08/2017,Aug-17,8,2017,LEWIS GAY,Minor Dam,168,15.18,165.8,98.69
2db69a75-4baa-4017-bd4d-1c32b54e9f5a,05/08/2017,Aug-17,8,2017,LEWIS GAY,Minor Dam,168,15.2,166.4,99.05
5ea825b5-0c77-46da-820b-ef4111c4ef42,06/08/2017,Aug-17,8,2017,LEWIS GAY,Minor Dam,168,15.27,168.6,100.36
44cf474b-03b4-4e66-bd0b-37cd7263cf11,07/08/2017,Aug-17,8,2017,LEWIS GAY,Minor Dam,168,15.29,169.2,100.71
40883ee8-3481-4952-a8f0-7d65ca810ee4,08/08/2017,Aug-17,8,2017,LEWIS GAY,Minor Dam,168,15.25,168,100
7c72f487-c746-4e51-85b8-e40f9cb600b7,09/08/2017,Aug-17,8,2017,LEWIS GAY,Minor Dam,168,15.1,163.3,97.2
7b99d1f2-0eec-4809-a665-0de8db2d2e72,10/08/2017,Aug-17,8,2017,LEWIS GAY,Minor Dam,168,14.98,159.6,95
91dc6569-4eec-47af-bc72-3f3ab2682bfe,11/08/2017,Aug-17,8,2017,LEWIS GAY,Minor Dam,168,14.9,157.2,93.57
48115e31-5bb3-4310-b027-ef1143a689ae,12/08/2017,Aug-17,8,2017,LEWIS GAY,Minor Dam,168,14.85,155.6,92.62
8e8d8ea6-41d7-4801-a277-7100891a1933,13/08/2017,Aug-17,8,2017,LEWIS GAY,Minor Dam,168,15,160.2,95.36
81fa0599-e1bd-4ce5-86cd-708b8b06adf7,14/08/2017,Aug-17,8,2017,LEWIS GAY,Minor Dam,168,14.98,159.6,95
a793cff3-99a7-4411-89e2-365145312d99,15/08/2017,Aug-17,8,2017,LEWIS GAY,Minor Dam,168,14.78,153.5,91.37
8c0ede1c-2848-4ff6-af25-359949d558a3,16/08/2017,Aug-17,8,2017,LEWIS GAY,Minor Dam,168,15,160.2,95.36
01ae471d-fda0-4d8d-85c8-fe548a51fc78,17/08/2017,Aug-17,8,2017,LEWIS GAY,Minor Dam,168,15.05,161.8,96.31
c889a1f5-0895-4106-9001-a71495bc1d2b,18/08/2017,Aug-17,8,2017,LEWIS GAY,Minor Dam,168,14.94,158.4,94.29
7080ffed-a008-4d52-85c0-be47b631238c,19/08/2017,Aug-17,8,2017,LEWIS GAY,Minor Dam,168,14.96,159,94.64
094c60a9-15ee-4f82-ac3f-d2790ae7abcf,20/08/2017,Aug-17,8,2017,LEWIS GAY,Minor Dam,168,14.98,159.6,95
3dac5fb8-832e-4ea8-b3af-87db0cbee8bc,21/08/2017,Aug-17,8,2017,LEWIS GAY,Minor Dam,168,14.98,159.6,95
bfd337f4-5dfe-4736-8c1f-78386211ebc3,22/08/2017,Aug-17,8,2017,LEWIS GAY,Minor Dam,168,0,,
bde5dbe9-ad7e-4975-82cd-11454d9bdcf0,23/08/2017,Aug-17,8,2017,LEWIS GAY,Minor Dam,168,14.9,157.2,93.57
95ccfbf3-7276-4e4c-9788-a8302291b055,24/08/2017,Aug-17,8,2017,LEWIS GAY,Minor Dam,168,14.94,158.4,94.29
a504cdd2-eb27-41bb-87f6-f6096bf20ee0,25/08/2017,Aug-17,8,2017,LEWIS GAY,Minor Dam,168,15,160.2,95.36
2e42492e-bb75-4bb1-9eab-4b925d1c13f5,26/08/2017,Aug-17,8,2017,LEWIS GAY,Minor Dam,168,15.05,161.8,96.31
384b3099-5218-4a9b-9449-ad0567780662,27/08/2017,Aug-17,8,2017,LEWIS GAY,Minor Dam,168,15,160.2,95.36
55e1d4a2-84d1-4f0f-b4e4-b80bce162b2e,28/08/2017,Aug-17,8,2017,LEWIS GAY,Minor Dam,168,15,160.2,95.36
cd5d7c83-081b-4c3f-a1b8-8bb6a1c72902,29/08/2017,Aug-17,8,2017,LEWIS GAY,Minor Dam,168,15,160.2,95.36
62ff1c7b-1750-4236-8f69-7435b219270b,30/08/2017,Aug-17,8,2017,LEWIS GAY,Minor Dam,168,15,160.2,95.36
134e81f7-ae36-4d25-802a-76e7b3a70f60,31/08/2017,Aug-17,8,2017,LEWIS GAY,Minor Dam,168,15,160.2,95.36
b3b698e5-e313-4dd4-a38c-6d3935dd428c,01/09/2017,Sep-17,9,2017,LEWIS GAY,Minor Dam,168,15,160.2,95.36
23240c0e-0e54-49ad-a8ba-f5a9f0ff5664,02/09/2017,Sep-17,9,2017,LEWIS GAY,Minor Dam,168,14.85,155.6,92.62
8ba9d5dc-3fbd-41b9-8f6a-cb0a60385714,03/09/2017,Sep-17,9,2017,LEWIS GAY,Minor Dam,168,14.75,152.7,90.89
a03c66fb-f681-4399-8e0a-4d37a4d34aca,04/09/2017,Sep-17,9,2017,LEWIS GAY,Minor Dam,168,14.75,152.7,90.89
cb922f6b-410b-400b-86c3-018dc61218cf,05/09/2017,Sep-17,9,2017,LEWIS GAY,Minor Dam,168,14.7,151.2,90
088a9806-13b7-4707-b031-ea71905b7014,06/09/2017,Sep-17,9,2017,LEWIS GAY,Minor Dam,168,14.65,149.7,89.11
a0bbe212-ddda-4209-bb33-2e30eff8623f,07/09/2017,Sep-17,9,2017,LEWIS GAY,Minor Dam,168,14.6,148.2,88.21
a6b8dda7-008f-4509-af3a-f9b0a816c7b0,08/09/2017,Sep-17,9,2017,LEWIS GAY,Minor Dam,168,14.7,151.2,90
5915a813-3310-4091-979d-228060868ad6,09/09/2017,Sep-17,9,2017,LEWIS GAY,Minor Dam,168,14.78,153.5,91.37
7e24ab96-fa72-4134-932f-82245509c9cd,10/09/2017,Sep-17,9,2017,LEWIS GAY,Minor Dam,168,14.78,153.5,91.37
afa1b367-5868-431f-8770-2ed3f573fc08,11/09/2017,Sep-17,9,2017,LEWIS GAY,Minor Dam,168,14.78,153.5,91.37
b0c1c745-7c9f-42a3-8577-78c2a49549c3,12/09/2017,Sep-17,9,2017,LEWIS GAY,Minor Dam,168,14.85,155.6,92.62
a5ace7f9-5e6b-42cc-8921-5634270838ad,13/09/2017,Sep-17,9,2017,LEWIS GAY,Minor Dam,168,14.8,154.1,91.73
c88c3776-8ba0-4019-b640-c90b21f253b5,14/09/2017,Sep-17,9,2017,LEWIS GAY,Minor Dam,168,14.73,152.1,90.54
e9087721-243b-495f-a94e-f5ec27d9c672,15/09/2017,Sep-17,9,2017,LEWIS GAY,Minor Dam,168,14.75,152.7,90.89
ed8d424c-e263-4a51-8902-0f12dec9760a,16/09/2017,Sep-17,9,2017,LEWIS GAY,Minor Dam,168,14.88,156.6,93.21
fd8fe1f9-b972-4656-8a3f-553c79e15903,17/09/2017,Sep-17,9,2017,LEWIS GAY,Minor Dam,168,14.85,155.6,92.62
40e18fcd-64f9-4b2c-aed9-ad5fc6ebde26,18/09/2017,Sep-17,9,2017,LEWIS GAY,Minor Dam,168,14.8,154.1,91.73
dbb3fd12-15a4-4cf4-9e16-e037b6e4914a,19/09/2017,Sep-17,9,2017,LEWIS GAY,Minor Dam,168,14.8,154.1,91.73
b509652e-3ab9-43ee-a482-5536fa47687c,20/09/2017,Sep-17,9,2017,LEWIS GAY,Minor Dam,168,14.75,152.7,90.89
b9274858-ef9e-4b9f-9ec0-a6db172758fb,21/09/2017,Sep-17,9,2017,LEWIS GAY,Minor Dam,168,14.73,152.1,90.54
c2ee87b7-d4f4-4cf0-8d68-03a3302642f0,22/09/2017,Sep-17,9,2017,LEWIS GAY,Minor Dam,168,14.7,151.2,90
57ce0adc-b18d-47eb-9bfd-d1798379fc78,23/09/2017,Sep-17,9,2017,LEWIS GAY,Minor Dam,168,14.65,149.7,89.11
d96eea58-9832-44d8-8440-f9a07a6f4fb5,24/09/2017,Sep-17,9,2017,LEWIS GAY,Minor Dam,168,14.6,148.2,88.21
068a3a22-a112-4f25-bada-3fe311c941c7,25/09/2017,Sep-17,9,2017,LEWIS GAY,Minor Dam,168,14.58,147.6,87.86
90a6217e-8554-4993-a040-47d4e38f8257,26/09/2017,Sep-17,9,2017,LEWIS GAY,Minor Dam,168,14.5,145.3,86.49
98cc0102-0f21-4f59-b894-6f8473dc0567,27/09/2017,Sep-17,9,2017,LEWIS GAY,Minor Dam,168,14.5,145.3,86.49
9179ebe2-dfa2-40c6-8b0f-c9f8efb746ab,28/09/2017,Sep-17,9,2017,LEWIS GAY,Minor Dam,168,14.5,145.3,86.49
a034f02a-214a-4d4a-bb03-d84caf423a52,29/09/2017,Sep-17,9,2017,LEWIS GAY,Minor Dam,168,14.55,146.8,87.38
0b42b800-545a-4d82-8190-789ed91ae934,30/09/2017,Sep-17,9,2017,LEWIS GAY,Minor Dam,168,14.65,149.7,89.11
cf769c7a-a2bc-47da-9fe5-80a9ed73386a,01/10/2017,Oct-17,10,2017,LEWIS GAY,Minor Dam,168,14.7,151.2,90
b5168ea9-f4a4-4886-9ed7-96d324b13228,02/10/2017,Oct-17,10,2017,LEWIS GAY,Minor Dam,168,14.75,152.7,90.89
fec084c7-264c-4766-8f5c-54eeb1261292,03/10/2017,Oct-17,10,2017,LEWIS GAY,Minor Dam,168,14.8,154.1,91.73
67e93932-bed5-4396-a931-a21cf1f99d74,04/10/2017,Oct-17,10,2017,LEWIS GAY,Minor Dam,168,14.87,156.3,93.04
0dea6ae4-7043-4e5e-99a7-78eb51c7fb9c,05/10/2017,Oct-17,10,2017,LEWIS GAY,Minor Dam,168,14.9,157.2,93.57
337c88f1-7262-4c19-9ba8-1cf035b0ead5,06/10/2017,Oct-17,10,2017,LEWIS GAY,Minor Dam,168,14.6,148.2,88.21
2476f473-603e-4072-b493-e7661e3de101,07/10/2017,Oct-17,10,2017,LEWIS GAY,Minor Dam,168,14.9,157.2,93.57
0ef5f6b9-37c6-4803-87e7-619591d92092,08/10/2017,Oct-17,10,2017,LEWIS GAY,Minor Dam,168,14.9,157.2,93.57
25559085-a1aa-4555-a575-5ef997e3ef2c,09/10/2017,Oct-17,10,2017,LEWIS GAY,Minor Dam,168,14.93,158.1,94.11
5ca2d98d-02bd-48dc-844a-6a2af9ce4785,10/10/2017,Oct-17,10,2017,LEWIS GAY,Minor Dam,168,14.99,159.9,95.18
62276d8d-2e2d-4b53-8d31-93e4db07d0ee,11/10/2017,Oct-17,10,2017,LEWIS GAY,Minor Dam,168,15,160.2,95.36
cd549f5d-ef8f-4d97-b3fa-24e00375c04d,12/10/2017,Oct-17,10,2017,LEWIS GAY,Minor Dam,168,15.05,161.8,96.31
2da1e54b-0f5f-468f-b470-77175ded1033,13/10/2017,Oct-17,10,2017,LEWIS GAY,Minor Dam,168,15.1,163.3,97.2
66cfc684-a971-488b-a5d9-04cc4412f3a0,14/10/2017,Oct-17,10,2017,LEWIS GAY,Minor Dam,168,15.15,164.9,98.15
6bb2e16a-e9c8-4999-8120-59d6eb9c6fca,15/10/2017,Oct-17,10,2017,LEWIS GAY,Minor Dam,168,15.18,165.8,98.69
8de43978-9f91-4a56-a1b5-80ad27a8bb4e,16/10/2017,Oct-17,10,2017,LEWIS GAY,Minor Dam,168,15.18,165.8,98.69
b112d6ad-7a42-4c70-af7d-0eecd59bdbf1,17/10/2017,Oct-17,10,2017,LEWIS GAY,Minor Dam,168,15.2,166.4,99.05
eaac4fe8-820d-42f4-a394-67ae6bbcbfcb,18/10/2017,Oct-17,10,2017,LEWIS GAY,Minor Dam,168,15.18,165.8,98.69
a9006f27-90f4-4dec-86aa-7d17b5ddf44b,19/10/2017,Oct-17,10,2017,LEWIS GAY,Minor Dam,168,15.1,163.3,97.2
614a2b50-dae5-4d8a-9f3a-b416d40631ac,20/10/2017,Oct-17,10,2017,LEWIS GAY,Minor Dam,168,15.08,162.7,96.85
dfc30dd1-1a51-4c04-8150-ee8d78fdc99a,21/10/2017,Oct-17,10,2017,LEWIS GAY,Minor Dam,168,15,160.2,95.36
020a63f1-2e7a-499a-b72e-9325eab61cce,22/10/2017,Oct-17,10,2017,LEWIS GAY,Minor Dam,168,14.95,158.7,94.46
03b9f81b-1b29-4a3d-8933-1c4d7ac845b8,23/10/2017,Oct-17,10,2017,LEWIS GAY,Minor Dam,168,14.9,157.2,93.57
cbdb400c-2e57-4a7f-8f8b-a983a4845cab,24/10/2017,Oct-17,10,2017,LEWIS GAY,Minor Dam,168,14.85,155.6,92.62
8e03ab0f-7fb8-4e8a-b403-f78e27a622e9,25/10/2017,Oct-17,10,2017,LEWIS GAY,Minor Dam,168,14.8,154.1,91.73
f5408203-8904-42a9-90ac-cfbbafb20efc,26/10/2017,Oct-17,10,2017,LEWIS GAY,Minor Dam,168,14.75,152.7,90.89
66d92157-6dde-48ed-9a94-7c27cc2ffa63,27/10/2017,Oct-17,10,2017,LEWIS GAY,Minor Dam,168,14.7,151.2,90
3bf235ad-3207-4952-9af5-3dade826a342,28/10/2017,Oct-17,10,2017,LEWIS GAY,Minor Dam,168,14.65,149.7,89.11
f0bb906d-a038-4a27-b870-30b150f8a54b,29/10/2017,Oct-17,10,2017,LEWIS GAY,Minor Dam,168,14.6,148.2,88.21
95e79815-35c1-4fc1-a855-9917471e6d37,30/10/2017,Oct-17,10,2017,LEWIS GAY,Minor Dam,168,14.6,148.2,88.21
c3516c4f-10dd-4130-b890-21bc2166c76c,31/10/2017,Oct-17,10,2017,LEWIS GAY,Minor Dam,168,14.58,147.6,87.86
266dc730-0077-42a5-a0e0-1d5a9c0e2241,01/11/2017,Nov-17,11,2017,LEWIS GAY,Minor Dam,168,0,,
f14c2c61-4bf8-4d59-8fc7-3351f1ad12db,02/11/2017,Nov-17,11,2017,LEWIS GAY,Minor Dam,168,14.45,143.9,85.65
d09bd401-9e89-4eb3-9166-a8cf30fddde5,03/11/2017,Nov-17,11,2017,LEWIS GAY,Minor Dam,168,14.46,144.2,85.83
0194b2ab-461c-4855-b529-3337e76242c5,04/11/2017,Nov-17,11,2017,LEWIS GAY,Minor Dam,168,14.44,143.6,85.48
f1333213-dbf1-4dbc-a919-45eb8302181c,05/11/2017,Nov-17,11,2017,LEWIS GAY,Minor Dam,168,14.35,141,83.93
195e0c68-18b5-4b0b-b7db-c2fc830e05de,06/11/2017,Nov-17,11,2017,LEWIS GAY,Minor Dam,168,14.3,139.5,83.04
6403591e-57bd-4cb9-917d-d67991d41b49,07/11/2017,Nov-17,11,2017,LEWIS GAY,Minor Dam,168,14.25,138.1,82.2
ba43852e-30b5-4f22-8c81-e673ef5ce7cd,08/11/2017,Nov-17,11,2017,LEWIS GAY,Minor Dam,168,14.15,135.2,80.48
64ffb05c-1f6d-46de-9d55-d4b1d819e4e6,09/11/2017,Nov-17,11,2017,LEWIS GAY,Minor Dam,168,14.1,133.8,79.64
3e04544b-7aba-4667-b829-4ccb375bdd62,10/11/2017,Nov-17,11,2017,LEWIS GAY,Minor Dam,168,14.05,132.4,78.81
34dbd104-5d16-48c8-9675-15cbb7475130,11/11/2017,Nov-17,11,2017,LEWIS GAY,Minor Dam,168,14.12,134.4,80
a399ca7e-6583-4e25-adb9-d27eec08debe,12/11/2017,Nov-17,11,2017,LEWIS GAY,Minor Dam,168,14.16,135.5,80.65
643dfb27-cbeb-49f4-8d66-6fa8db530776,13/11/2017,Nov-17,11,2017,LEWIS GAY,Minor Dam,168,14.2,136.7,81.37
b305e502-125d-4bfd-9d47-52c3cbf51dc4,14/11/2017,Nov-17,11,2017,LEWIS GAY,Minor Dam,168,14.24,137.8,82.02
cfa022fc-9b6b-471e-81a4-684fcd24533f,15/11/2017,Nov-17,11,2017,LEWIS GAY,Minor Dam,168,14.26,138.4,82.38
ec227d99-7a8e-4ee3-9796-c65eb545c6e4,16/11/2017,Nov-17,11,2017,LEWIS GAY,Minor Dam,168,14.28,139,82.74
8ee91a84-2f61-46d7-b261-fd559abc9730,17/11/2017,Nov-17,11,2017,LEWIS GAY,Minor Dam,168,14.28,139,82.74
493212b8-c3e2-40ef-85e3-4bc0ddde34e8,18/11/2017,Nov-17,11,2017,LEWIS GAY,Minor Dam,168,14.28,139,82.74
9bfd5359-e4f7-4ada-b8b3-222b4bb61552,19/11/2017,Nov-17,11,2017,LEWIS GAY,Minor Dam,168,14.35,141,83.93
f9805c08-268c-4ab5-a043-e6eb2db963f5,20/11/2017,Nov-17,11,2017,LEWIS GAY,Minor Dam,168,14.3,139.5,83.04
648b52de-bbd9-4b6d-bdb3-7405c07e9ef3,21/11/2017,Nov-17,11,2017,LEWIS GAY,Minor Dam,168,14.2,136.7,81.37
337c44d7-3fa1-42c7-8835-c7e759862cd6,22/11/2017,Nov-17,11,2017,LEWIS GAY,Minor Dam,168,14.1,133.8,79.64
30d1ebe8-d232-475e-926a-b5ae6f265e97,23/11/2017,Nov-17,11,2017,LEWIS GAY,Minor Dam,168,14,131,77.98
38316c71-4f39-447e-aaa4-b1344e20090b,24/11/2017,Nov-17,11,2017,LEWIS GAY,Minor Dam,168,13.8,125.5,74.7
a1a48618-f1e5-4842-aa06-12097ec8b528,25/11/2017,Nov-17,11,2017,LEWIS GAY,Minor Dam,168,14,131,77.98
ff11448f-2296-426c-aa21-a58bafaa1ba1,26/11/2017,Nov-17,11,2017,LEWIS GAY,Minor Dam,168,14,131,77.98
fe3859ec-55d2-4b92-b0a4-5d96df4f5bfe,27/11/2017,Nov-17,11,2017,LEWIS GAY,Minor Dam,168,14.05,132.4,78.81
d27b161c-cb4c-4689-8910-a55d95e7c3e1,28/11/2017,Nov-17,11,2017,LEWIS GAY,Minor Dam,168,14.01,131.3,78.15
fa9fca2f-75c1-4dd8-ab2a-c54d7458d94f,29/11/2017,Nov-17,11,2017,LEWIS GAY,Minor Dam,168,14.1,133.8,79.64
7a83dfeb-f7ea-48c8-93a0-1d3ce1b2f5e0,30/11/2017,Nov-17,11,2017,LEWIS GAY,Minor Dam,168,14.15,135.2,80.48
52dbe3a3-4d30-44d4-81fe-9fb9937ff61d,01/12/2017,Dec-17,12,2017,LEWIS GAY,Minor Dam,168,14.15,135.2,80.48
4c2ec659-0408-405b-b7af-62ae3d1fc906,02/12/2017,Dec-17,12,2017,LEWIS GAY,Minor Dam,168,14.28,139,82.74
0da978f3-7fb7-49e2-b1bc-44e9ff3b347b,03/12/2017,Dec-17,12,2017,LEWIS GAY,Minor Dam,168,14.28,139,82.74
e5e7cd6d-045d-4f08-97f9-a0b8aa35d727,04/12/2017,Dec-17,12,2017,LEWIS GAY,Minor Dam,168,14.3,139.5,83.04
2caebecd-c206-402e-8907-a7762deb28bd,05/12/2017,Dec-17,12,2017,LEWIS GAY,Minor Dam,168,14.33,140.4,83.57
e05e0338-8c4b-4bae-b721-341c8264aed1,06/12/2017,Dec-17,12,2017,LEWIS GAY,Minor Dam,168,14.35,141,83.93
999957bf-0267-49a1-8263-80a196309473,07/12/2017,Dec-17,12,2017,LEWIS GAY,Minor Dam,168,14.37,141.6,84.29
d185f0c0-c29e-4174-9e4e-fdc6e04cbb5a,08/12/2017,Dec-17,12,2017,LEWIS GAY,Minor Dam,168,14.37,141.6,84.29
46fb44b9-e634-4c74-9ea4-f458add59a82,09/12/2017,Dec-17,12,2017,LEWIS GAY,Minor Dam,168,14.4,142.5,84.82
22c275bc-4b4d-472f-b582-0a2144b9435a,10/12/2017,Dec-17,12,2017,LEWIS GAY,Minor Dam,168,14.4,142.5,84.82
087530e5-5a4d-4a6d-813c-ee111038aa82,11/12/2017,Dec-17,12,2017,LEWIS GAY,Minor Dam,168,14.44,143.6,85.48
777c6a2e-128e-488c-a71a-d12edb53d793,12/12/2017,Dec-17,12,2017,LEWIS GAY,Minor Dam,168,14.44,143.6,85.48
7046686c-aa68-4409-b58a-6e5266b36159,13/12/2017,Dec-17,12,2017,LEWIS GAY,Minor Dam,168,14.45,143.9,85.65
83d3d566-7756-4aaf-8db0-e38b8e015daf,14/12/2017,Dec-17,12,2017,LEWIS GAY,Minor Dam,168,14.5,145.3,86.49
42af30a1-dee1-4d0e-bee4-424676aeb72d,15/12/2017,Dec-17,12,2017,LEWIS GAY,Minor Dam,168,14.55,146.8,87.38
f4fbea8c-6e2d-49c9-8cb9-b1801b3ddddd,16/12/2017,Dec-17,12,2017,LEWIS GAY,Minor Dam,168,14.56,147.1,87.56
e185c4da-a644-464b-90eb-9b55749786c9,17/12/2017,Dec-17,12,2017,LEWIS GAY,Minor Dam,168,14.58,147.6,87.86
aaea5deb-7cda-474a-8cd9-27c2c786b649,18/12/2017,Dec-17,12,2017,LEWIS GAY,Minor Dam,168,14.6,148.2,88.21
1e534b77-a8b6-4622-ba1b-d448c45fd8e2,19/12/2017,Dec-17,12,2017,LEWIS GAY,Minor Dam,168,14.6,148.2,88.21
a1ba9a14-c946-4d1e-8f0d-b88689cf4bf1,20/12/2017,Dec-17,12,2017,LEWIS GAY,Minor Dam,168,14.65,149.7,89.11
b6fc09a8-a813-48e0-987f-ffb8ce6bffa8,21/12/2017,Dec-17,12,2017,LEWIS GAY,Minor Dam,168,14.65,149.7,89.11
9bd227aa-f5fb-425e-bb09-a8e0b1a472f0,22/12/2017,Dec-17,12,2017,LEWIS GAY,Minor Dam,168,14.68,150.6,89.64
ca82a05c-f1f7-4bc2-b4f0-ef070253b1c9,23/12/2017,Dec-17,12,2017,LEWIS GAY,Minor Dam,168,14.65,149.7,89.11
684e5c42-4494-4183-b8f8-00f2fc3c2698,24/12/2017,Dec-17,12,2017,LEWIS GAY,Minor Dam,168,14.65,149.7,89.11
4fa72b98-344f-4b07-abe5-eff4b7e47e81,25/12/2017,Dec-17,12,2017,LEWIS GAY,Minor Dam,168,14.75,152.7,90.89
50d3970c-177d-4c08-a15b-78e070a99c46,26/12/2017,Dec-17,12,2017,LEWIS GAY,Minor Dam,168,14.75,152.7,90.89
15db6359-fffa-42e0-b874-e8a430a9a56e,27/12/2017,Dec-17,12,2017,LEWIS GAY,Minor Dam,168,14.75,152.7,90.89
a1ef72ae-c0f9-4d0a-a9f5-e9647cb91923,28/12/2017,Dec-17,12,2017,LEWIS GAY,Minor Dam,168,14.78,153.5,91.37
468533a3-a6a9-4ab3-a2f7-1eb15779ef01,29/12/2017,Dec-17,12,2017,LEWIS GAY,Minor Dam,168,14.78,153.5,91.37
092ef179-000b-4501-8344-43d8ff2e94e6,30/12/2017,Dec-17,12,2017,LEWIS GAY,Minor Dam,168,14.8,154.1,91.73
75e4a594-6967-4d19-83fb-3c86c407a707,31/12/2017,Dec-17,12,2017,LEWIS GAY,Minor Dam,168,14.8,154.1,91.73
1ecb1e6f-3d9e-4390-ac69-ff3b213a6fb5,01/01/2012,Jan-12,1,2012,STEENBRAS LOWER,Major Dam,33517,20.34,23549,70.26
c05f3584-8ee9-4830-acdd-a16ab9dde3b8,02/01/2012,Jan-12,1,2012,STEENBRAS LOWER,Major Dam,33517,20.31,23460,69.99
58d36a8c-75cb-49f8-ae38-6ded557be4a2,03/01/2012,Jan-12,1,2012,STEENBRAS LOWER,Major Dam,33517,20.28,23372,69.73
553e80c8-df05-41ab-878e-4c656eb22358,04/01/2012,Jan-12,1,2012,STEENBRAS LOWER,Major Dam,33517,20.26,23313,69.56
ed52fafa-e7d5-430b-93ed-d62035d10eb0,05/01/2012,Jan-12,1,2012,STEENBRAS LOWER,Major Dam,33517,20.23,23224,69.29
39fd6b50-57ca-47fe-acb7-1e1aa9e53537,06/01/2012,Jan-12,1,2012,STEENBRAS LOWER,Major Dam,33517,20.2,23136,69.03
a1085bec-0ede-485d-aff6-f8b97525147c,07/01/2012,Jan-12,1,2012,STEENBRAS LOWER,Major Dam,33517,20.17,23047,68.76
40ef4b7c-9f21-42f0-9829-0c208c54ba81,08/01/2012,Jan-12,1,2012,STEENBRAS LOWER,Major Dam,33517,20.17,23047,68.76
e1072686-83e1-4e2c-84c4-d1a01bb26f1a,09/01/2012,Jan-12,1,2012,STEENBRAS LOWER,Major Dam,33517,20.15,22988,68.59
95802b73-3e2d-482f-89ae-01243a6f48f2,10/01/2012,Jan-12,1,2012,STEENBRAS LOWER,Major Dam,33517,20.12,22900,68.32
1bdf7cec-51f3-4ef3-8312-078804b4f752,11/01/2012,Jan-12,1,2012,STEENBRAS LOWER,Major Dam,33517,20.11,22870,68.23
69423359-8313-498d-aa39-79473d430282,12/01/2012,Jan-12,1,2012,STEENBRAS LOWER,Major Dam,33517,20.09,22812,68.06
e4748496-8d74-4ad1-b771-f75fb31cc4eb,13/01/2012,Jan-12,1,2012,STEENBRAS LOWER,Major Dam,33517,20.06,22725,67.8
d6c0752f-1fd8-4b61-900e-e3edf016f7c5,14/01/2012,Jan-12,1,2012,STEENBRAS LOWER,Major Dam,33517,20.04,22667,67.63
6449db93-1d3c-45ce-bf83-cb32083fcc1c,15/01/2012,Jan-12,1,2012,STEENBRAS LOWER,Major Dam,33517,20,22552,67.29
720f90b7-b04e-481f-82a5-5296e339e7c5,16/01/2012,Jan-12,1,2012,STEENBRAS LOWER,Major Dam,33517,19.97,22465,67.03
d713b9f4-d127-4701-abca-1383c27ec38b,17/01/2012,Jan-12,1,2012,STEENBRAS LOWER,Major Dam,33517,19.95,22407,66.85
35f17d4f-ac1e-4970-93aa-22f67c2a8780,18/01/2012,Jan-12,1,2012,STEENBRAS LOWER,Major Dam,33517,19.92,22320,66.59
22bbbd65-f705-4dc4-9a9f-6a5e20a85777,19/01/2012,Jan-12,1,2012,STEENBRAS LOWER,Major Dam,33517,19.87,22175,66.16
3c95cd7a-e88b-48cd-a991-ef5c86b98b05,20/01/2012,Jan-12,1,2012,STEENBRAS LOWER,Major Dam,33517,19.84,22089,65.9
80607a5c-faa6-4ef8-96d6-e68c90c24852,21/01/2012,Jan-12,1,2012,STEENBRAS LOWER,Major Dam,33517,19.78,21916,65.39
1295a717-45b0-4d5e-845e-fde952a3cf26,22/01/2012,Jan-12,1,2012,STEENBRAS LOWER,Major Dam,33517,19.72,21747,64.88
0f8b1a9b-d74d-4a81-98e4-b8a53a8e4dac,23/01/2012,Jan-12,1,2012,STEENBRAS LOWER,Major Dam,33517,19.7,21690,64.71
510a7d02-3b97-4eaa-9442-ce21dc51eaf7,24/01/2012,Jan-12,1,2012,STEENBRAS LOWER,Major Dam,33517,19.68,21633,64.54
35cdc128-ccc4-4c96-8686-272292c138b5,25/01/2012,Jan-12,1,2012,STEENBRAS LOWER,Major Dam,33517,19.66,21576,64.37
37e0c023-bba0-4a90-810d-9cd0b7a037fa,26/01/2012,Jan-12,1,2012,STEENBRAS LOWER,Major Dam,33517,19.62,21463,64.04
b69e377b-f5ef-4388-bbe4-4ea7decc585e,27/01/2012,Jan-12,1,2012,STEENBRAS LOWER,Major Dam,33517,19.6,21407,63.87
b13f1c3c-1101-447c-8b79-81c40ca0d8b0,28/01/2012,Jan-12,1,2012,STEENBRAS LOWER,Major Dam,33517,19.58,21350,63.7
f2e5db2f-af27-4e45-86b5-926dac73279d,29/01/2012,Jan-12,1,2012,STEENBRAS LOWER,Major Dam,33517,19.55,21265,63.45
53c146ce-44ae-4616-ad63-41912b699ec0,30/01/2012,Jan-12,1,2012,STEENBRAS LOWER,Major Dam,33517,19.53,21209,63.28
41514351-b4a5-414f-9113-0b55036d2b6e,31/01/2012,Jan-12,1,2012,STEENBRAS LOWER,Major Dam,33517,19.5,21124,63.02
0b2240ff-b0de-4d90-a2bc-e7ef6ba079ad,01/02/2012,Feb-12,2,2012,STEENBRAS LOWER,Major Dam,33517,19.47,21042,62.78
b9be8f33-8978-4c15-8264-03bf938fddad,02/02/2012,Feb-12,2,2012,STEENBRAS LOWER,Major Dam,33517,19.42,20905,62.37
28101ef2-3c37-4692-ad7f-97159bace2c7,03/02/2012,Feb-12,2,2012,STEENBRAS LOWER,Major Dam,33517,19.4,20850,62.21
23df3e15-a6f5-4cbe-9de3-e11a975e214a,04/02/2012,Feb-12,2,2012,STEENBRAS LOWER,Major Dam,33517,19.36,20740,61.88
83aad94b-865a-42df-a9ef-4d7561039b13,05/02/2012,Feb-12,2,2012,STEENBRAS LOWER,Major Dam,33517,19.31,20603,61.47
415b6734-f158-44e9-8149-1805c4056a3e,06/02/2012,Feb-12,2,2012,STEENBRAS LOWER,Major Dam,33517,19.25,20438,60.98
bf91c20d-2baf-4f8b-8fce-8973a7ce7db1,07/02/2012,Feb-12,2,2012,STEENBRAS LOWER,Major Dam,33517,19.21,20329,60.65
bb4630f8-023f-46b1-afac-0c62788f95ac,08/02/2012,Feb-12,2,2012,STEENBRAS LOWER,Major Dam,33517,19.17,20221,60.33
9d6166c8-4ca9-424e-91e5-61f8d644a27a,09/02/2012,Feb-12,2,2012,STEENBRAS LOWER,Major Dam,33517,19.14,20140,60.09
36e07378-2fe9-4d96-aeae-5f479c7ac858,10/02/2012,Feb-12,2,2012,STEENBRAS LOWER,Major Dam,33517,19.11,20060,59.85
3355f723-a283-4250-b8aa-a754d6d1e0cc,11/02/2012,Feb-12,2,2012,STEENBRAS LOWER,Major Dam,33517,19.08,19980,59.61
db9efd91-c9e9-4df3-ba03-7c8030de7f21,12/02/2012,Feb-12,2,2012,STEENBRAS LOWER,Major Dam,33517,19.06,19926,59.45
97c59e95-5e2b-4e96-ac94-22f7059bbc74,13/02/2012,Feb-12,2,2012,STEENBRAS LOWER,Major Dam,33517,19.03,19846,59.21
f25a1769-0e5c-4378-954f-ed83061c6a18,14/02/2012,Feb-12,2,2012,STEENBRAS LOWER,Major Dam,33517,19,19766,58.97
9759dd89-3a83-4fe3-9f5d-d8ea48b38405,15/02/2012,Feb-12,2,2012,STEENBRAS LOWER,Major Dam,33517,18.97,19686,58.73
c0f20c23-2f43-4897-9ceb-5d7227b23bb7,16/02/2012,Feb-12,2,2012,STEENBRAS LOWER,Major Dam,33517,18.95,19632,58.57
105995d6-5d09-47cf-8116-1345d5524cf9,17/02/2012,Feb-12,2,2012,STEENBRAS LOWER,Major Dam,33517,18.91,19525,58.25
8e532c82-ce94-4223-a4a6-55c0d2e4140a,18/02/2012,Feb-12,2,2012,STEENBRAS LOWER,Major Dam,33517,18.85,19367,57.78
55ceee98-a80e-4c2a-a5b2-b9d6ebe2de41,19/02/2012,Feb-12,2,2012,STEENBRAS LOWER,Major Dam,33517,18.81,19263,57.47
67584bc9-a245-42e1-bf7e-226b6d12bd8e,20/02/2012,Feb-12,2,2012,STEENBRAS LOWER,Major Dam,33517,18.77,19158,57.16
8310a4dc-55d5-48a5-a383-367ceaf64847,21/02/2012,Feb-12,2,2012,STEENBRAS LOWER,Major Dam,33517,18.74,19080,56.93
5d81cf8b-c239-4b60-beee-1ff1ae51fb71,22/02/2012,Feb-12,2,2012,STEENBRAS LOWER,Major Dam,33517,18.71,19002,56.69
abc853a2-0e27-4457-a1c0-5e69606a1302,23/02/2012,Feb-12,2,2012,STEENBRAS LOWER,Major Dam,33517,18.68,18923,56.46
8a4fd1c5-b53e-42dc-bc36-1cb86fade76a,24/02/2012,Feb-12,2,2012,STEENBRAS LOWER,Major Dam,33517,18.65,18845,56.23
047099a9-d85c-4da3-851d-b19f971ced8c,25/02/2012,Feb-12,2,2012,STEENBRAS LOWER,Major Dam,33517,18.61,18740,55.91
9debd8fd-9f8f-4280-bd98-38dfeb8b6db9,26/02/2012,Feb-12,2,2012,STEENBRAS LOWER,Major Dam,33517,18.57,18637,55.6
9323ac1f-9b66-4fb3-9e25-c5fb2d2d076c,27/02/2012,Feb-12,2,2012,STEENBRAS LOWER,Major Dam,33517,18.55,18587,55.46
5158183a-558a-4294-b51e-ad925a357338,28/02/2012,Feb-12,2,2012,STEENBRAS LOWER,Major Dam,33517,18.51,18486,55.15
3339d083-b25c-4cfa-b0e7-8f46c9fbc797,29/02/2012,Feb-12,2,2012,STEENBRAS LOWER,Major Dam,33517,18.48,18410,54.93
ea4332ce-616b-4d1b-83cc-dfadb650c155,01/03/2012,Mar-12,3,2012,STEENBRAS LOWER,Major Dam,33517,18.46,18359,54.78
7c5cf21a-eaa0-47ec-afdb-56fe72cca5ee,02/03/2012,Mar-12,3,2012,STEENBRAS LOWER,Major Dam,33517,18.43,18283,54.55
ae4aa596-a790-4b39-b606-89f3b6124901,03/03/2012,Mar-12,3,2012,STEENBRAS LOWER,Major Dam,33517,18.36,18106,54.02
ced37f8b-9e4c-4067-8a41-a75d153dee5c,04/03/2012,Mar-12,3,2012,STEENBRAS LOWER,Major Dam,33517,18.33,18030,53.79
52790873-cf2d-40d8-bb60-d3410b3c8c83,05/03/2012,Mar-12,3,2012,STEENBRAS LOWER,Major Dam,33517,18.31,17980,53.64
a95505bd-878d-400b-a692-20bd4549f686,06/03/2012,Mar-12,3,2012,STEENBRAS LOWER,Major Dam,33517,18.22,17756,52.98
2a634ee3-33db-4719-a932-50fc9595dfee,07/03/2012,Mar-12,3,2012,STEENBRAS LOWER,Major Dam,33517,18.19,17683,52.76
0c56dd1b-153a-4cfd-b500-8acc9f84180b,08/03/2012,Mar-12,3,2012,STEENBRAS LOWER,Major Dam,33517,18.16,17609,52.54
07423eff-73f7-4f99-bfc1-c3b5d0d70ff3,09/03/2012,Mar-12,3,2012,STEENBRAS LOWER,Major Dam,33517,18.1,17461,52.1
8c634c42-7c1c-47c3-a43d-98b0f64965ca,10/03/2012,Mar-12,3,2012,STEENBRAS LOWER,Major Dam,33517,18.06,17363,51.8
eb428dc1-24ed-422c-b453-a35d18eab3d2,11/03/2012,Mar-12,3,2012,STEENBRAS LOWER,Major Dam,33517,18.01,17240,51.44
13bdae11-ecf2-43ff-bf2c-601fc6b1ee03,12/03/2012,Mar-12,3,2012,STEENBRAS LOWER,Major Dam,33517,17.95,17095,51
dd82b404-f1d8-4278-86cc-2cc5b66717d1,13/03/2012,Mar-12,3,2012,STEENBRAS LOWER,Major Dam,33517,17.9,16976,50.65
49e9c1d3-711b-45a4-bb02-42c2eb94208d,14/03/2012,Mar-12,3,2012,STEENBRAS LOWER,Major Dam,33517,17.84,16833,50.22
0d49bbef-e349-46fd-b175-ccbbe1d25bd4,15/03/2012,Mar-12,3,2012,STEENBRAS LOWER,Major Dam,33517,17.79,16714,49.87
0ee8e77b-b23e-42d6-a522-f56b6300b9bf,16/03/2012,Mar-12,3,2012,STEENBRAS LOWER,Major Dam,33517,17.74,16595,49.51
82f755bf-3d1b-4c84-aefa-5308e95d6dbb,17/03/2012,Mar-12,3,2012,STEENBRAS LOWER,Major Dam,33517,17.7,16499,49.23
4b1ca9a2-1f97-40fc-a209-14a1c3e4493a,18/03/2012,Mar-12,3,2012,STEENBRAS LOWER,Major Dam,33517,17.66,16404,48.94
0b753673-386c-407a-a35c-5f64a3b030a2,19/03/2012,Mar-12,3,2012,STEENBRAS LOWER,Major Dam,33517,17.6,16260,48.51
edb65d4c-5ccd-4dec-8d8b-4f4127fd5258,20/03/2012,Mar-12,3,2012,STEENBRAS LOWER,Major Dam,33517,17.55,16139,48.15
abc71f3b-18a2-4001-98de-d1d7df0593c3,21/03/2012,Mar-12,3,2012,STEENBRAS LOWER,Major Dam,33517,17.5,16019,47.79
57fb02e4-2f9a-41a2-95f1-f896de7cba9e,22/03/2012,Mar-12,3,2012,STEENBRAS LOWER,Major Dam,33517,17.46,15923,47.51
40171b0a-79bd-4c36-b287-2e8e6105b0a0,23/03/2012,Mar-12,3,2012,STEENBRAS LOWER,Major Dam,33517,17.4,15778,47.07
f165ebb3-b5bd-4959-9faa-de0493324cc5,24/03/2012,Mar-12,3,2012,STEENBRAS LOWER,Major Dam,33517,17.37,15706,46.86
eea6c65d-8396-4e76-bc87-46770fffa112,25/03/2012,Mar-12,3,2012,STEENBRAS LOWER,Major Dam,33517,17.35,15662,46.73
1909df9e-4b41-4aae-9236-b5c4c95d6581,26/03/2012,Mar-12,3,2012,STEENBRAS LOWER,Major Dam,33517,17.31,15574,46.47
879eaa97-a7cf-4456-bfc2-0c9441ce845b,27/03/2012,Mar-12,3,2012,STEENBRAS LOWER,Major Dam,33517,17.25,15442,46.07
252fdc50-31b6-481b-a603-f789e99f9722,28/03/2012,Mar-12,3,2012,STEENBRAS LOWER,Major Dam,33517,17.22,15376,45.88
2ca56904-c4db-414d-bfe9-776334e4711e,29/03/2012,Mar-12,3,2012,STEENBRAS LOWER,Major Dam,33517,17.17,15266,45.55
34dc3882-442b-42aa-9193-a024cd4c026a,30/03/2012,Mar-12,3,2012,STEENBRAS LOWER,Major Dam,33517,17.13,15178,45.28
f379083b-bf7e-4f60-aa18-f25294cb5d23,31/03/2012,Mar-12,3,2012,STEENBRAS LOWER,Major Dam,33517,17.08,15068,44.96
d866c58c-f42f-4daa-93ea-a25cd72f5b45,01/04/2012,Apr-12,4,2012,STEENBRAS LOWER,Major Dam,33517,17.03,14958,44.63
4251ed2c-5685-464e-b72a-ff513b71d456,02/04/2012,Apr-12,4,2012,STEENBRAS LOWER,Major Dam,33517,17,14892,44.43
d5552148-dd2c-4231-94a2-805fdf6d0cbd,03/04/2012,Apr-12,4,2012,STEENBRAS LOWER,Major Dam,33517,16.95,14782,44.1
bb00c60a-57a3-43cc-b8bf-3c2299232f83,04/04/2012,Apr-12,4,2012,STEENBRAS LOWER,Major Dam,33517,16.91,14694,43.84
1ef55ad1-ae20-4187-8276-a420830c3a70,05/04/2012,Apr-12,4,2012,STEENBRAS LOWER,Major Dam,33517,16.86,14584,43.51
7efad828-ae3a-4e21-93ef-84442488bc9d,06/04/2012,Apr-12,4,2012,STEENBRAS LOWER,Major Dam,33517,16.79,14430,43.05
68985d80-bf61-45f0-8833-7f37b5ed4053,07/04/2012,Apr-12,4,2012,STEENBRAS LOWER,Major Dam,33517,16.75,14343,42.79
a31e1c55-3350-45b8-b9a1-84aa405f004b,08/04/2012,Apr-12,4,2012,STEENBRAS LOWER,Major Dam,33517,16.72,14279,42.6
0c6e6b6b-52f3-4172-81bb-2be0acdf2bde,09/04/2012,Apr-12,4,2012,STEENBRAS LOWER,Major Dam,33517,16.69,14215,42.41
a4569c9f-f07f-4afe-96ba-37e40b07090d,10/04/2012,Apr-12,4,2012,STEENBRAS LOWER,Major Dam,33517,16.65,14130,42.16
9817186a-0169-4a8e-80d4-fa4b55eabfaf,11/04/2012,Apr-12,4,2012,STEENBRAS LOWER,Major Dam,33517,16.6,14023,41.84
3eab0e5b-622d-419d-aaa6-10bc0c42662d,12/04/2012,Apr-12,4,2012,STEENBRAS LOWER,Major Dam,33517,16.57,13959,41.65
1a6235fe-0e84-42ea-840e-7bb895aa5c8f,13/04/2012,Apr-12,4,2012,STEENBRAS LOWER,Major Dam,33517,16.55,13917,41.52
d0174fd7-425a-4fda-9b28-d64a93716079,14/04/2012,Apr-12,4,2012,STEENBRAS LOWER,Major Dam,33517,16.54,13895,41.46
35bbed97-97c6-461d-8521-84b69e9def11,15/04/2012,Apr-12,4,2012,STEENBRAS LOWER,Major Dam,33517,16.57,13959,41.65
284fd298-c3ca-4c8d-9e2d-765bf65b12e3,16/04/2012,Apr-12,4,2012,STEENBRAS LOWER,Major Dam,33517,16.68,14193,42.35
d7456446-6228-4c5e-8492-75326cbf1b85,17/04/2012,Apr-12,4,2012,STEENBRAS LOWER,Major Dam,33517,16.75,14343,42.79
cb85f032-70fc-4e65-b782-ad3bbfb41a45,18/04/2012,Apr-12,4,2012,STEENBRAS LOWER,Major Dam,33517,16.76,14364,42.86
6a744a40-eb8f-43a2-825c-95f5e4b4aea7,19/04/2012,Apr-12,4,2012,STEENBRAS LOWER,Major Dam,33517,16.93,14738,43.97
f51cc07f-70db-4ee0-b53b-6f42be04a492,20/04/2012,Apr-12,4,2012,STEENBRAS LOWER,Major Dam,33517,17,14892,44.43
3f39ff93-086c-4199-8d6f-cdc80d165f46,21/04/2012,Apr-12,4,2012,STEENBRAS LOWER,Major Dam,33517,17.04,14980,44.69
3d9b0f6e-3429-4564-9ff3-2ca3ee8c5dba,22/04/2012,Apr-12,4,2012,STEENBRAS LOWER,Major Dam,33517,17.1,15112,45.09
6c9b621e-926c-41ea-bb3b-f50c954398cc,23/04/2012,Apr-12,4,2012,STEENBRAS LOWER,Major Dam,33517,17.15,15222,45.42
6c4fa258-ef6a-46f4-8d71-ed7940283db0,24/04/2012,Apr-12,4,2012,STEENBRAS LOWER,Major Dam,33517,17.2,15332,45.74
b109e9a8-55d7-473e-b3d4-3202cb2664b2,25/04/2012,Apr-12,4,2012,STEENBRAS LOWER,Major Dam,33517,17.22,15376,45.88
d21a54b8-9035-4b35-9a7d-472dccd9c621,26/04/2012,Apr-12,4,2012,STEENBRAS LOWER,Major Dam,33517,17.26,15464,46.14
977eb2b0-5a78-40f5-b321-84fa03b6030b,27/04/2012,Apr-12,4,2012,STEENBRAS LOWER,Major Dam,33517,17.24,15420,46.01
ef40532e-1c95-4747-970a-e7219d19d903,28/04/2012,Apr-12,4,2012,STEENBRAS LOWER,Major Dam,33517,17.18,15288,45.61
95ac0ee6-7eb5-4e93-abca-4d8a1c2ed550,29/04/2012,Apr-12,4,2012,STEENBRAS LOWER,Major Dam,33517,17.13,15178,45.28
2cce0cf6-8852-4bb1-8786-3f7198216247,30/04/2012,Apr-12,4,2012,STEENBRAS LOWER,Major Dam,33517,17.05,15002,44.76
4c43cb1d-f7e2-479c-8746-fe2609b8401c,01/05/2012,May-12,5,2012,STEENBRAS LOWER,Major Dam,33517,17.05,15002,44.76
8eec7084-d308-49bd-9f5b-dc8c845c8b56,02/05/2012,May-12,5,2012,STEENBRAS LOWER,Major Dam,33517,17.04,14980,44.69
f4d7fcc5-9ad9-4ecc-b875-5a05fe78733f,03/05/2012,May-12,5,2012,STEENBRAS LOWER,Major Dam,33517,17.04,14980,44.69
86b2a6b7-83ac-4a82-bb6c-48046d0d57d9,04/05/2012,May-12,5,2012,STEENBRAS LOWER,Major Dam,33517,17.07,15046,44.89
60c90c21-b2a0-4916-9286-42bceaeedf8d,05/05/2012,May-12,5,2012,STEENBRAS LOWER,Major Dam,33517,17.09,15090,45.02
b993cd24-81a4-42e5-ba87-447e17527b40,06/05/2012,May-12,5,2012,STEENBRAS LOWER,Major Dam,33517,17.09,15090,45.02
5a3dda3f-63d7-4063-b833-79f32509e525,07/05/2012,May-12,5,2012,STEENBRAS LOWER,Major Dam,33517,17.1,15112,45.09
7321131a-32da-4e7f-ae3b-7a60b4f221a1,08/05/2012,May-12,5,2012,STEENBRAS LOWER,Major Dam,33517,17.14,15200,45.35
f6d9ebe7-3d5d-488a-8182-c898d06ef8ef,09/05/2012,May-12,5,2012,STEENBRAS LOWER,Major Dam,33517,17.19,15310,45.68
a407f0cc-06a0-48c3-85ce-b73e55fd69e2,10/05/2012,May-12,5,2012,STEENBRAS LOWER,Major Dam,33517,17.21,15354,45.81
795f4ed4-07a5-4d12-8248-c0b52765c1f8,11/05/2012,May-12,5,2012,STEENBRAS LOWER,Major Dam,33517,17.22,15376,45.88
35781676-d518-4d42-a475-8316ced59b12,12/05/2012,May-12,5,2012,STEENBRAS LOWER,Major Dam,33517,17.15,15222,45.42
c77886eb-414e-4d58-a062-e03e81b966a9,13/05/2012,May-12,5,2012,STEENBRAS LOWER,Major Dam,33517,17.06,15024,44.83
447980e6-953a-47b1-a666-c60a6ac7fbca,14/05/2012,May-12,5,2012,STEENBRAS LOWER,Major Dam,33517,17.02,14936,44.56
ac42b91a-de76-400b-b827-9ace3fc83ad1,15/05/2012,May-12,5,2012,STEENBRAS LOWER,Major Dam,33517,16.97,14826,44.23
0b8630e6-e8ad-4ce1-b4aa-5aa37ed229a7,16/05/2012,May-12,5,2012,STEENBRAS LOWER,Major Dam,33517,16.94,14760,44.04
49e193a6-9cc1-4625-a593-871041de8a66,17/05/2012,May-12,5,2012,STEENBRAS LOWER,Major Dam,33517,16.91,14694,43.84
c9f7f090-c489-40dd-8486-166edcf2989d,18/05/2012,May-12,5,2012,STEENBRAS LOWER,Major Dam,33517,16.84,14540,43.38
fe686801-43d1-49cf-a9b0-883870300ebe,19/05/2012,May-12,5,2012,STEENBRAS LOWER,Major Dam,33517,16.82,14496,43.25
c9c64147-d525-48a8-a399-e4630974edf1,20/05/2012,May-12,5,2012,STEENBRAS LOWER,Major Dam,33517,16.8,14452,43.12
9a712d80-7932-4109-af0d-ffacb10c0656,21/05/2012,May-12,5,2012,STEENBRAS LOWER,Major Dam,33517,16.81,14474,43.18
93b008c7-9957-4786-a2a7-cddce0e9184f,22/05/2012,May-12,5,2012,STEENBRAS LOWER,Major Dam,33517,16.86,14584,43.51
0e43acfa-979c-4d02-91a4-1af090b1823f,23/05/2012,May-12,5,2012,STEENBRAS LOWER,Major Dam,33517,16.94,14760,44.04
b0f2472e-08bf-4580-b5eb-eb19af4fe328,24/05/2012,May-12,5,2012,STEENBRAS LOWER,Major Dam,33517,16.96,14804,44.17
ff693d39-30e5-493f-becb-6fa56252d4c6,25/05/2012,May-12,5,2012,STEENBRAS LOWER,Major Dam,33517,16.99,14870,44.37
bca07d66-f2f8-4b61-a554-b90c166be44b,26/05/2012,May-12,5,2012,STEENBRAS LOWER,Major Dam,33517,16.99,14870,44.37
7fdc04f5-d6ba-418c-b972-1eb22da4c252,27/05/2012,May-12,5,2012,STEENBRAS LOWER,Major Dam,33517,17.01,14914,44.5
77ea851d-b887-4cda-99b8-fd9103b6a7c9,28/05/2012,May-12,5,2012,STEENBRAS LOWER,Major Dam,33517,17.01,14914,44.5
b621b75d-c49e-48d5-aa5a-53aeab90b9d0,29/05/2012,May-12,5,2012,STEENBRAS LOWER,Major Dam,33517,16.97,14826,44.23
440db225-a89a-4649-83b6-9352a5c6f1ce,30/05/2012,May-12,5,2012,STEENBRAS LOWER,Major Dam,33517,16.95,14782,44.1
37b0409e-5ad5-420c-aeb3-69e6250d2c21,31/05/2012,May-12,5,2012,STEENBRAS LOWER,Major Dam,33517,16.98,14848,44.3
fe27eb5d-2bf5-4311-97b9-465162cc4cbe,01/06/2012,Jun-12,6,2012,STEENBRAS LOWER,Major Dam,33517,17.01,14914,44.5
a6e50e03-9ff5-42ce-bd54-11aa30f62570,02/06/2012,Jun-12,6,2012,STEENBRAS LOWER,Major Dam,33517,17.02,14936,44.56
431f2619-720d-44bc-96b3-b0d0c216b713,03/06/2012,Jun-12,6,2012,STEENBRAS LOWER,Major Dam,33517,17.02,14936,44.56
c28cd0ad-162c-4a48-a627-c6e58ff7b7bd,04/06/2012,Jun-12,6,2012,STEENBRAS LOWER,Major Dam,33517,16.96,14804,44.17
68518a96-40e6-4d28-a19e-48337445d1d7,05/06/2012,Jun-12,6,2012,STEENBRAS LOWER,Major Dam,33517,16.9,14672,43.77
3f5f4355-e87c-4215-bac0-33f2dfb3f2c4,06/06/2012,Jun-12,6,2012,STEENBRAS LOWER,Major Dam,33517,16.88,14628,43.64
78f12eb9-4611-4594-8c28-b500f757702b,07/06/2012,Jun-12,6,2012,STEENBRAS LOWER,Major Dam,33517,16.89,14650,43.71
5f280807-1e30-478b-a77f-876d42875427,08/06/2012,Jun-12,6,2012,STEENBRAS LOWER,Major Dam,33517,17.04,14980,44.69
bf656b41-1be6-4655-b500-5aae0e275b67,09/06/2012,Jun-12,6,2012,STEENBRAS LOWER,Major Dam,33517,17.82,16785,50.08
3aff8356-7ccf-4987-ae80-7a66d3890792,10/06/2012,Jun-12,6,2012,STEENBRAS LOWER,Major Dam,33517,17.98,17166,51.22
b179d6f4-6c0c-4e0f-92c3-34e93da0ca9a,11/06/2012,Jun-12,6,2012,STEENBRAS LOWER,Major Dam,33517,18.03,17289,51.58
60fa596b-0f36-4e44-9e05-56a7169250d4,12/06/2012,Jun-12,6,2012,STEENBRAS LOWER,Major Dam,33517,18.07,17387,51.88
98467a12-5205-49a1-886c-7a4c6b36e0e2,13/06/2012,Jun-12,6,2012,STEENBRAS LOWER,Major Dam,33517,18.09,17437,52.02
69cd0cc0-09c2-4277-8715-202a19eeb92c,14/06/2012,Jun-12,6,2012,STEENBRAS LOWER,Major Dam,33517,18.09,17437,52.02
df1b2556-5a52-4366-a464-4d1e92547f96,15/06/2012,Jun-12,6,2012,STEENBRAS LOWER,Major Dam,33517,18.11,17486,52.17
4d300c49-ddc5-4046-a2f0-9305f2d8552b,16/06/2012,Jun-12,6,2012,STEENBRAS LOWER,Major Dam,33517,18.12,17510,52.24
269a898d-073f-49cf-8ec0-0a1a517ee6de,17/06/2012,Jun-12,6,2012,STEENBRAS LOWER,Major Dam,33517,18.15,17584,52.46
65465e44-6656-4b73-984c-490b58795d5d,18/06/2012,Jun-12,6,2012,STEENBRAS LOWER,Major Dam,33517,18.22,17756,52.98
d0a63182-c7e1-467d-bfff-273e82482ba1,19/06/2012,Jun-12,6,2012,STEENBRAS LOWER,Major Dam,33517,18.26,17855,53.27
15de8759-a309-4abe-ad66-535b29a34e9e,20/06/2012,Jun-12,6,2012,STEENBRAS LOWER,Major Dam,33517,18.28,17904,53.42
3b8cb239-9d09-4509-9fa6-eb860ca6b84a,21/06/2012,Jun-12,6,2012,STEENBRAS LOWER,Major Dam,33517,18.3,17955,53.57
f9f52c22-18ee-410d-9cdd-808614411a6a,22/06/2012,Jun-12,6,2012,STEENBRAS LOWER,Major Dam,33517,18.3,17955,53.57
1e8069b1-0eec-4ed1-91c3-0840c65dfeee,23/06/2012,Jun-12,6,2012,STEENBRAS LOWER,Major Dam,33517,18.3,17955,53.57
c614c871-9da8-45bb-a997-a9f199da3fb9,24/06/2012,Jun-12,6,2012,STEENBRAS LOWER,Major Dam,33517,18.3,17955,53.57
517d9b6b-63a3-4834-a0c4-8d1a84b6f361,25/06/2012,Jun-12,6,2012,STEENBRAS LOWER,Major Dam,33517,18.25,17830,53.2
3352aaa5-b510-4317-900d-064d0087567c,26/06/2012,Jun-12,6,2012,STEENBRAS LOWER,Major Dam,33517,18.22,17756,52.98
42b451f4-bd84-4e1f-b505-5804d4d813e6,27/06/2012,Jun-12,6,2012,STEENBRAS LOWER,Major Dam,33517,18.3,17955,53.57
e0687d63-eeb5-4d2a-8a2f-4315c9bc4273,28/06/2012,Jun-12,6,2012,STEENBRAS LOWER,Major Dam,33517,18.4,18207,54.32
12d10433-b97e-41ed-ac79-ed8638c7d9c7,29/06/2012,Jun-12,6,2012,STEENBRAS LOWER,Major Dam,33517,18.44,18309,54.63
e5adc0d5-54a3-4e9c-a0d1-fbf890172656,30/06/2012,Jun-12,6,2012,STEENBRAS LOWER,Major Dam,33517,18.46,18359,54.78
48664621-3471-42f5-b8c9-71cdc68f7aab,01/07/2012,Jul-12,7,2012,STEENBRAS LOWER,Major Dam,33517,18.47,18385,54.85
30c4ebb8-a6ce-4095-a32d-0d17c291e5c6,02/07/2012,Jul-12,7,2012,STEENBRAS LOWER,Major Dam,33517,18.48,18410,54.93
43b3a1d4-679e-4c44-bb2d-062457f4e1d0,03/07/2012,Jul-12,7,2012,STEENBRAS LOWER,Major Dam,33517,18.49,18435,55
e912ea28-0ecd-4865-8648-e714868fcd0c,04/07/2012,Jul-12,7,2012,STEENBRAS LOWER,Major Dam,33517,18.53,18536,55.3
a78624f5-515d-4652-8b39-3953efc05a90,05/07/2012,Jul-12,7,2012,STEENBRAS LOWER,Major Dam,33517,18.61,18740,55.91
b47f6b2a-c2ef-410c-9cdd-b5a51451c0b3,06/07/2012,Jul-12,7,2012,STEENBRAS LOWER,Major Dam,33517,18.69,18949,56.54
47cbd3d7-1422-4ec8-b0d6-466e2f10f42e,07/07/2012,Jul-12,7,2012,STEENBRAS LOWER,Major Dam,33517,18.74,19080,56.93
391efd94-323e-4626-8470-27664ddaf793,08/07/2012,Jul-12,7,2012,STEENBRAS LOWER,Major Dam,33517,18.77,19158,57.16
cc455b93-de8c-4bd7-add0-90c7b87031f3,09/07/2012,Jul-12,7,2012,STEENBRAS LOWER,Major Dam,33517,19.2,20301,60.57
80443fde-1fba-48f3-a4f5-5069bf9d8f18,10/07/2012,Jul-12,7,2012,STEENBRAS LOWER,Major Dam,33517,19.4,20850,62.21
b145ebc4-8a6d-4280-bacc-8f416398cb99,11/07/2012,Jul-12,7,2012,STEENBRAS LOWER,Major Dam,33517,19.58,21350,63.7
81cfa435-762c-4f90-9831-7dd668e46da3,12/07/2012,Jul-12,7,2012,STEENBRAS LOWER,Major Dam,33517,19.7,21690,64.71
8dfdba3c-1522-4fe6-9328-b33c0bd604c9,13/07/2012,Jul-12,7,2012,STEENBRAS LOWER,Major Dam,33517,20.01,22581,67.37
ff14392e-9296-47a2-8033-ad1eadd39b3c,14/07/2012,Jul-12,7,2012,STEENBRAS LOWER,Major Dam,33517,20.1,22841,68.15
0834513e-373f-450d-93f0-7d5e112d93b1,15/07/2012,Jul-12,7,2012,STEENBRAS LOWER,Major Dam,33517,20.35,23578,70.35
6a0cd4bf-2c28-481f-9117-8930d2d6e11e,16/07/2012,Jul-12,7,2012,STEENBRAS LOWER,Major Dam,33517,20.64,24444,72.93
5d9b7aed-b6d6-4ed4-bdb9-d19f9ea88c7a,17/07/2012,Jul-12,7,2012,STEENBRAS LOWER,Major Dam,33517,20.79,24898,74.28
b5ba9f5e-e2ce-4275-b1e6-63437504b181,18/07/2012,Jul-12,7,2012,STEENBRAS LOWER,Major Dam,33517,21.2,26156,78.04
74f53b93-ddb2-42a3-9859-fb5b415ef5ea,19/07/2012,Jul-12,7,2012,STEENBRAS LOWER,Major Dam,33517,21.45,26938,80.37
6a35a611-0327-4590-9abb-360211e7fc1d,20/07/2012,Jul-12,7,2012,STEENBRAS LOWER,Major Dam,33517,21.56,27286,81.41
8c31ffa4-d120-4e97-9d23-cd2781ea0607,21/07/2012,Jul-12,7,2012,STEENBRAS LOWER,Major Dam,33517,21.61,27444,81.88
d741e6c1-c022-4ad1-a9d1-6b8f487f3c47,22/07/2012,Jul-12,7,2012,STEENBRAS LOWER,Major Dam,33517,21.75,27896,83.23
1cb83492-a00b-4037-b0f4-14e6697861db,23/07/2012,Jul-12,7,2012,STEENBRAS LOWER,Major Dam,33517,22.3,29712,88.65
667c482d-a068-46e9-8928-d83b4b80e54c,24/07/2012,Jul-12,7,2012,STEENBRAS LOWER,Major Dam,33517,22.35,29882,89.15
9d4f5d6e-5c84-41d2-be0d-c581c53a1307,25/07/2012,Jul-12,7,2012,STEENBRAS LOWER,Major Dam,33517,22.4,30052,89.66
aaab785a-d30e-4709-a507-2d7f98f9e8e8,26/07/2012,Jul-12,7,2012,STEENBRAS LOWER,Major Dam,33517,22.4,30052,89.66
ffc4a035-5bd4-44ee-9344-82cdffff75f1,27/07/2012,Jul-12,7,2012,STEENBRAS LOWER,Major Dam,33517,22.5,30392,90.68
7052b0bf-9938-41f0-b8aa-de5395ff222b,28/07/2012,Jul-12,7,2012,STEENBRAS LOWER,Major Dam,33517,22.57,30631,91.39
20e661b3-2b43-4cbd-bec7-ccc0f759d84b,29/07/2012,Jul-12,7,2012,STEENBRAS LOWER,Major Dam,33517,22.6,30735,91.7
50320c50-2e4a-4424-ab2d-2cf89ce6b2ac,30/07/2012,Jul-12,7,2012,STEENBRAS LOWER,Major Dam,33517,22.6,30735,91.7
4650ec3d-3974-46c1-81bf-276431a45ca9,31/07/2012,Jul-12,7,2012,STEENBRAS LOWER,Major Dam,33517,22.61,30769,91.8
e06ba92b-4e43-43cd-a5de-4ac9cbe87535,01/08/2012,Aug-12,8,2012,STEENBRAS LOWER,Major Dam,33517,22.62,30804,91.91
96fc83a0-c1ae-40b6-9ac1-4819d5512bfb,02/08/2012,Aug-12,8,2012,STEENBRAS LOWER,Major Dam,33517,22.64,30873,92.11
960ac75d-3bad-4b86-b9ec-af25ba541b5a,03/08/2012,Aug-12,8,2012,STEENBRAS LOWER,Major Dam,33517,22.65,30907,92.21
6a0e5b0c-b662-41f8-83cd-25ccc109830e,04/08/2012,Aug-12,8,2012,STEENBRAS LOWER,Major Dam,33517,22.67,30976,92.42
75b27b5d-a8cc-4c62-b499-17dd216b69c2,05/08/2012,Aug-12,8,2012,STEENBRAS LOWER,Major Dam,33517,22.68,31011,92.52
14226705-275d-4a4f-a7a3-c0eda7bb5812,06/08/2012,Aug-12,8,2012,STEENBRAS LOWER,Major Dam,33517,22.75,31252,93.24
cd792121-4c71-47b4-a000-5b56bde19caa,07/08/2012,Aug-12,8,2012,STEENBRAS LOWER,Major Dam,33517,22.87,31669,94.49
8a75d6b5-b793-495b-b68a-1a9d60c3d3dd,08/08/2012,Aug-12,8,2012,STEENBRAS LOWER,Major Dam,33517,23.1,32493,96.94
5087568c-2dea-4b89-9f3d-a7080b55c853,09/08/2012,Aug-12,8,2012,STEENBRAS LOWER,Major Dam,33517,23.12,32565,97.16
5568ab3e-b770-44c0-8812-0824fbf00075,10/08/2012,Aug-12,8,2012,STEENBRAS LOWER,Major Dam,33517,23.12,32565,97.16
24b125dc-d3f3-4c76-8b2d-1e0d29fc7153,11/08/2012,Aug-12,8,2012,STEENBRAS LOWER,Major Dam,33517,23.15,32673,97.48
2d72c700-3faf-4229-af2c-f4163a134e43,12/08/2012,Aug-12,8,2012,STEENBRAS LOWER,Major Dam,33517,23.4,33552,100.1
b1b16525-1d87-411d-89ba-3ba1b568bede,13/08/2012,Aug-12,8,2012,STEENBRAS LOWER,Major Dam,33517,23.42,33624,100.32
6016c255-9e89-453c-90d5-efd2747bfc5a,14/08/2012,Aug-12,8,2012,STEENBRAS LOWER,Major Dam,33517,23.43,33660,100.43
7915f107-bb60-4359-a9ad-eb0cd39452ea,15/08/2012,Aug-12,8,2012,STEENBRAS LOWER,Major Dam,33517,23.41,33588,100.21
ab543a74-0fa0-4921-8a30-69fa3f21135f,16/08/2012,Aug-12,8,2012,STEENBRAS LOWER,Major Dam,33517,23.43,33660,100.43
2893f5ec-05ff-43a9-b88e-5f3387e439ef,17/08/2012,Aug-12,8,2012,STEENBRAS LOWER,Major Dam,33517,23.44,33696,100.53
fcbe65bb-c0f4-488a-8263-99cdb95faec8,18/08/2012,Aug-12,8,2012,STEENBRAS LOWER,Major Dam,33517,23.41,33588,100.21
1a0774ce-60b5-48b3-9179-8f00b058b0dc,19/08/2012,Aug-12,8,2012,STEENBRAS LOWER,Major Dam,33517,23.41,33588,100.21
13d45cb7-b5ee-48e9-9c73-9fc8fc431fc8,20/08/2012,Aug-12,8,2012,STEENBRAS LOWER,Major Dam,33517,23.43,33660,100.43
92b1d263-489f-497c-9241-025365212cf7,21/08/2012,Aug-12,8,2012,STEENBRAS LOWER,Major Dam,33517,23.41,33588,100.21
da6fd23e-e770-4b57-b707-823f795143e3,22/08/2012,Aug-12,8,2012,STEENBRAS LOWER,Major Dam,33517,23.41,33588,100.21
e86ebdb8-5671-4f91-be0c-7d31c0b0c742,23/08/2012,Aug-12,8,2012,STEENBRAS LOWER,Major Dam,33517,23.42,33624,100.32
73a164b9-566c-41fa-adee-dc3e42dd6cbd,24/08/2012,Aug-12,8,2012,STEENBRAS LOWER,Major Dam,33517,23.41,33588,100.21
971ff861-6041-4f23-b379-6ee9ba68f164,25/08/2012,Aug-12,8,2012,STEENBRAS LOWER,Major Dam,33517,23.4,33552,100.1
52d7ab30-b918-4c05-9600-0c92334e352e,26/08/2012,Aug-12,8,2012,STEENBRAS LOWER,Major Dam,33517,23.4,33552,100.1
aa89ce95-6fce-4798-85d8-0c78baa29d74,27/08/2012,Aug-12,8,2012,STEENBRAS LOWER,Major Dam,33517,23.4,33552,100.1
3221e653-f26f-43d7-8a1b-268763167acb,28/08/2012,Aug-12,8,2012,STEENBRAS LOWER,Major Dam,33517,23.39,33517,100
4934a3b5-b6af-438d-ad37-7340c8825403,29/08/2012,Aug-12,8,2012,STEENBRAS LOWER,Major Dam,33517,23.39,33517,100
1a23bbe1-3850-41ba-a2bd-8ddbd65dbb14,30/08/2012,Aug-12,8,2012,STEENBRAS LOWER,Major Dam,33517,23.39,33517,100
41c79dd8-0b3b-4951-bcb7-6a4f096b5136,31/08/2012,Aug-12,8,2012,STEENBRAS LOWER,Major Dam,33517,23.39,33517,100
ad3f9644-0dfe-4597-be87-fc2c4441bfcd,01/09/2012,Sep-12,9,2012,STEENBRAS LOWER,Major Dam,33517,23.4,33552,100.1
f2327333-c068-41c0-b460-0a1442c8e12e,02/09/2012,Sep-12,9,2012,STEENBRAS LOWER,Major Dam,33517,23.4,33552,100.1
27ccf3b0-1b21-49cf-9548-e05756fc96b5,03/09/2012,Sep-12,9,2012,STEENBRAS LOWER,Major Dam,33517,23.4,33552,100.1
4f44efa1-1f27-432e-b045-55e931cd0fbc,04/09/2012,Sep-12,9,2012,STEENBRAS LOWER,Major Dam,33517,23.4,33552,100.1
1df954ae-2fed-4ed3-9897-03b0d60b7504,05/09/2012,Sep-12,9,2012,STEENBRAS LOWER,Major Dam,33517,23.36,33415,99.7
8a5acc25-74c6-44cd-b7ac-bd12f71292d9,06/09/2012,Sep-12,9,2012,STEENBRAS LOWER,Major Dam,33517,23.35,33381,99.59
06a4ed05-4562-46a3-ad14-b4a792c01f96,07/09/2012,Sep-12,9,2012,STEENBRAS LOWER,Major Dam,33517,23.27,33103,98.76
25dca81c-b450-47fc-afe7-e257b808ef76,08/09/2012,Sep-12,9,2012,STEENBRAS LOWER,Major Dam,33517,23.23,32959,98.34
f9d633f9-52c9-4e50-9900-41321954292a,09/09/2012,Sep-12,9,2012,STEENBRAS LOWER,Major Dam,33517,23.23,32959,98.34
5dfb4db4-6d69-47de-9766-06f730f5286c,10/09/2012,Sep-12,9,2012,STEENBRAS LOWER,Major Dam,33517,23.23,32959,98.34
19821d2a-5493-4375-aa3a-1416fbfebe0a,11/09/2012,Sep-12,9,2012,STEENBRAS LOWER,Major Dam,33517,23.02,32206,96.09
b6a2ebcc-0665-4513-832e-6b0acaaffaf2,12/09/2012,Sep-12,9,2012,STEENBRAS LOWER,Major Dam,33517,23.19,32816,97.91
e7f97f6b-0df8-4a5a-af9f-9592d44053c0,13/09/2012,Sep-12,9,2012,STEENBRAS LOWER,Major Dam,33517,23.21,32888,98.12
8fae0652-3345-4a7d-9d4a-9a1b904deb52,14/09/2012,Sep-12,9,2012,STEENBRAS LOWER,Major Dam,33517,23.21,32888,98.12
4b304187-67d3-4de3-838b-aeef449cc5ec,15/09/2012,Sep-12,9,2012,STEENBRAS LOWER,Major Dam,33517,23.21,32888,98.12
490f2451-bee4-44b3-8956-1d90354afd77,16/09/2012,Sep-12,9,2012,STEENBRAS LOWER,Major Dam,33517,23.21,32888,98.12
6e26c461-5750-4fdc-a6ff-1082d1ae09bb,17/09/2012,Sep-12,9,2012,STEENBRAS LOWER,Major Dam,33517,23.2,32852,98.02
25ce6151-3aa3-4f92-a1c8-c4b47f5ff062,18/09/2012,Sep-12,9,2012,STEENBRAS LOWER,Major Dam,33517,23.19,32816,97.91
d24ab574-6779-443a-9674-e2d4428ea214,19/09/2012,Sep-12,9,2012,STEENBRAS LOWER,Major Dam,33517,23.18,32780,97.8
f0a1d4b7-3dc0-4ebd-a478-ef70541279e2,20/09/2012,Sep-12,9,2012,STEENBRAS LOWER,Major Dam,33517,23.16,32708,97.59
97c3280b-a367-4c17-9551-8fecd81ebc95,21/09/2012,Sep-12,9,2012,STEENBRAS LOWER,Major Dam,33517,23.13,32601,97.27
f2fae5d2-6727-458b-bac4-b3504748ca5f,22/09/2012,Sep-12,9,2012,STEENBRAS LOWER,Major Dam,33517,23.15,32673,97.48
03043a43-8830-4db6-b374-77e79bba2646,23/09/2012,Sep-12,9,2012,STEENBRAS LOWER,Major Dam,33517,23.15,32673,97.48
d1a04127-a994-4db6-859b-99c1952cd43c,24/09/2012,Sep-12,9,2012,STEENBRAS LOWER,Major Dam,33517,23.2,32852,98.02
c6acc98d-d17a-4b00-a2e1-0abd2a5eb275,25/09/2012,Sep-12,9,2012,STEENBRAS LOWER,Major Dam,33517,23.23,32959,98.34
8c4bfa99-be6d-4ca6-ae56-9ca972ceddcb,26/09/2012,Sep-12,9,2012,STEENBRAS LOWER,Major Dam,33517,23.25,33031,98.55
9d942505-f9e6-491d-a8b9-915a31ae7216,27/09/2012,Sep-12,9,2012,STEENBRAS LOWER,Major Dam,33517,23.32,33278,99.29
7507f31f-c80b-4dae-ad88-c85e17d2866d,28/09/2012,Sep-12,9,2012,STEENBRAS LOWER,Major Dam,33517,23.42,33624,100.32
b85c9c91-a041-45d6-b397-8b41159e5c60,29/09/2012,Sep-12,9,2012,STEENBRAS LOWER,Major Dam,33517,23.44,33696,100.53
87be72ae-543d-40b9-88c0-11868296f70e,30/09/2012,Sep-12,9,2012,STEENBRAS LOWER,Major Dam,33517,23.44,33696,100.53
5aee9e0f-7c52-4239-a65f-fdfb121ad736,01/10/2012,Oct-12,10,2012,STEENBRAS LOWER,Major Dam,33517,23.42,33624,100.32
207d73f9-0830-42d3-99f6-88edac67562a,02/10/2012,Oct-12,10,2012,STEENBRAS LOWER,Major Dam,33517,23.4,33552,100.1
da62d5d0-6e89-485e-bfa3-beaa9c830a0c,03/10/2012,Oct-12,10,2012,STEENBRAS LOWER,Major Dam,33517,23.39,33517,100
5f880fa6-fa41-444c-b238-153bbe6d834b,04/10/2012,Oct-12,10,2012,STEENBRAS LOWER,Major Dam,33517,23.4,33552,100.1
13acce97-8603-4940-9dbc-75255342607a,05/10/2012,Oct-12,10,2012,STEENBRAS LOWER,Major Dam,33517,23.4,33552,100.1
a8962785-6779-47fb-bba1-121e19491116,06/10/2012,Oct-12,10,2012,STEENBRAS LOWER,Major Dam,33517,23.39,33517,100
b2623559-abe7-4877-a55a-af78d4cfb417,07/10/2012,Oct-12,10,2012,STEENBRAS LOWER,Major Dam,33517,23.39,33517,100
cee85afa-5c94-4e46-a7d0-af4392083b7c,08/10/2012,Oct-12,10,2012,STEENBRAS LOWER,Major Dam,33517,23.38,33484,99.9
b10e9797-8bd7-42da-9e0b-ac6e0d81b50f,09/10/2012,Oct-12,10,2012,STEENBRAS LOWER,Major Dam,33517,23.36,33415,99.7
06c33058-ff63-4bee-91d7-9c5fee2b777f,10/10/2012,Oct-12,10,2012,STEENBRAS LOWER,Major Dam,33517,23.38,33484,99.9
6ff1e174-97b8-47a1-98b8-1b0ad414827d,11/10/2012,Oct-12,10,2012,STEENBRAS LOWER,Major Dam,33517,23.39,33517,100
741146e2-c168-4cc6-aeeb-42359e2a6b8c,12/10/2012,Oct-12,10,2012,STEENBRAS LOWER,Major Dam,33517,23.39,33517,100
00fa7e0b-5a00-4cfb-a8f6-c27867d1561d,13/10/2012,Oct-12,10,2012,STEENBRAS LOWER,Major Dam,33517,23.39,33517,100
7bbaf15b-5b16-4d5d-b372-7be7c71f86e3,14/10/2012,Oct-12,10,2012,STEENBRAS LOWER,Major Dam,33517,23.39,33517,100
f7b57d78-c639-4a2e-82d8-763eb4317fbb,15/10/2012,Oct-12,10,2012,STEENBRAS LOWER,Major Dam,33517,23.4,33552,100.1
526e5607-8eb9-44d6-9aec-3592df960517,16/10/2012,Oct-12,10,2012,STEENBRAS LOWER,Major Dam,33517,23.4,33552,100.1
22af7f08-3730-43cb-93ce-7627f99a29a6,17/10/2012,Oct-12,10,2012,STEENBRAS LOWER,Major Dam,33517,23.38,33484,99.9
e715c7f2-a580-4f98-9986-1f8e1e2cae6a,18/10/2012,Oct-12,10,2012,STEENBRAS LOWER,Major Dam,33517,23.3,33210,99.08
658ca158-0724-408f-817f-76a9d0436b85,19/10/2012,Oct-12,10,2012,STEENBRAS LOWER,Major Dam,33517,23.25,33031,98.55
d6b6e796-c1e2-4e1b-9c4a-cfdb37735839,20/10/2012,Oct-12,10,2012,STEENBRAS LOWER,Major Dam,33517,23.4,33552,100.1
d4dcf8b3-5e0f-4895-a1d6-756face564be,21/10/2012,Oct-12,10,2012,STEENBRAS LOWER,Major Dam,33517,23.45,33732,100.64
db278b05-f476-4b50-ab90-421409c7f092,22/10/2012,Oct-12,10,2012,STEENBRAS LOWER,Major Dam,33517,23.45,33732,100.64
61e6c1fa-6e0c-4a27-8ce9-589d4f92c077,23/10/2012,Oct-12,10,2012,STEENBRAS LOWER,Major Dam,33517,23.44,33696,100.53
d1d44d12-3c4d-4109-884f-b476859c20ee,24/10/2012,Oct-12,10,2012,STEENBRAS LOWER,Major Dam,33517,23.42,33624,100.32
008a4f2a-e527-480e-9895-9de7b2bbc79c,25/10/2012,Oct-12,10,2012,STEENBRAS LOWER,Major Dam,33517,23.3,33210,99.08
28c9879e-2b7e-4494-ab80-7db03208a79d,26/10/2012,Oct-12,10,2012,STEENBRAS LOWER,Major Dam,33517,23.3,33210,99.08
c19fc7ec-2661-4835-b61f-65a4c65a0c59,27/10/2012,Oct-12,10,2012,STEENBRAS LOWER,Major Dam,33517,23.29,33174,98.98
13eb5a37-9eb1-4865-bf50-650ddcdaa095,28/10/2012,Oct-12,10,2012,STEENBRAS LOWER,Major Dam,33517,23.29,33174,98.98
ac68a0a4-bb31-4e5f-861f-4e5bca484cad,29/10/2012,Oct-12,10,2012,STEENBRAS LOWER,Major Dam,33517,23.29,33174,98.98
6b39aa2e-abda-4c4a-8467-7102ab2bcebb,30/10/2012,Oct-12,10,2012,STEENBRAS LOWER,Major Dam,33517,23.28,33139,98.87
238aab07-4fdc-4272-85d9-d1e3eb4b924c,31/10/2012,Oct-12,10,2012,STEENBRAS LOWER,Major Dam,33517,23.26,33067,98.66
5f4045c8-2695-4d67-bf5b-ca984f78320c,01/11/2012,Nov-12,11,2012,STEENBRAS LOWER,Major Dam,33517,23.22,32924,98.23
6eaa689b-7dd5-4c91-96d0-a8fd7256c113,02/11/2012,Nov-12,11,2012,STEENBRAS LOWER,Major Dam,33517,23.19,32816,97.91
610bef92-a4ed-471a-8d9b-9a8448f2fc91,03/11/2012,Nov-12,11,2012,STEENBRAS LOWER,Major Dam,33517,23.09,32457,96.84
be7d0921-1434-4372-b0ae-7869ef5571dd,04/11/2012,Nov-12,11,2012,STEENBRAS LOWER,Major Dam,33517,23.1,32493,96.94
2f00ec1c-6e40-4649-83fe-a8c2ccf6aee5,05/11/2012,Nov-12,11,2012,STEENBRAS LOWER,Major Dam,33517,23,32135,95.88
c7403949-a393-4600-ab57-c291ca4b13da,06/11/2012,Nov-12,11,2012,STEENBRAS LOWER,Major Dam,33517,22.98,32063,95.66
ef5846b0-b7ab-44cc-99a7-9739e00db93f,07/11/2012,Nov-12,11,2012,STEENBRAS LOWER,Major Dam,33517,22.95,31956,95.34
196c8ae6-70a7-40d4-859d-ff0383cd8deb,08/11/2012,Nov-12,11,2012,STEENBRAS LOWER,Major Dam,33517,22.94,31920,95.24
e3efd984-e0e1-4696-bd5d-e4b9c20e1164,09/11/2012,Nov-12,11,2012,STEENBRAS LOWER,Major Dam,33517,22.86,31633,94.38
8abe43e0-8ff9-4082-bd18-0ba2e1c66f8f,10/11/2012,Nov-12,11,2012,STEENBRAS LOWER,Major Dam,33517,22.84,31563,94.17
87df82fc-4a98-4d3e-8711-b7eda1264ada,11/11/2012,Nov-12,11,2012,STEENBRAS LOWER,Major Dam,33517,22.79,31390,93.65
3e431b62-010c-4ac6-8b22-b5fcc28f4d9b,12/11/2012,Nov-12,11,2012,STEENBRAS LOWER,Major Dam,33517,22.76,31287,93.35
7ac5b3f8-dc9d-4d14-a351-29c238fd1cb8,13/11/2012,Nov-12,11,2012,STEENBRAS LOWER,Major Dam,33517,22.77,31321,93.45
a79c51db-cd5b-47f7-b7b1-a166e1198153,14/11/2012,Nov-12,11,2012,STEENBRAS LOWER,Major Dam,33517,22.77,31321,93.45
aabdc47c-b16f-44bf-a722-d1bd04f4b7c3,15/11/2012,Nov-12,11,2012,STEENBRAS LOWER,Major Dam,33517,22.73,31184,93.04
fcab2be3-2e59-433a-9beb-bad61e0ead46,16/11/2012,Nov-12,11,2012,STEENBRAS LOWER,Major Dam,33517,22.65,30907,92.21
956477e2-bbf4-4eee-8fda-3b7054b25151,17/11/2012,Nov-12,11,2012,STEENBRAS LOWER,Major Dam,33517,22.62,30804,91.91
0bb0696b-dcee-4794-bf37-f070149f3632,18/11/2012,Nov-12,11,2012,STEENBRAS LOWER,Major Dam,33517,22.58,30666,91.49
bfb41937-da1b-4118-8c6e-32ac65d9cfd8,19/11/2012,Nov-12,11,2012,STEENBRAS LOWER,Major Dam,33517,22.55,30562,91.18
140ba0eb-ac61-477d-a848-35b933b681a2,20/11/2012,Nov-12,11,2012,STEENBRAS LOWER,Major Dam,33517,22.53,30494,90.98
4b745e57-1e01-4652-a00a-45dbe0717d13,21/11/2012,Nov-12,11,2012,STEENBRAS LOWER,Major Dam,33517,22.49,30358,90.57
710e1c59-e52d-4456-aaf3-efed2ce62487,22/11/2012,Nov-12,11,2012,STEENBRAS LOWER,Major Dam,33517,22.45,30222,90.17
e6a877a4-ca36-4f9c-9d80-501b3ad99921,23/11/2012,Nov-12,11,2012,STEENBRAS LOWER,Major Dam,33517,22.42,30121,89.87
055f09c7-ea3d-43cd-9f1d-d717d169c9bb,24/11/2012,Nov-12,11,2012,STEENBRAS LOWER,Major Dam,33517,22.35,29882,89.15
742ac4a7-51cf-40ac-baac-dd5aec950356,25/11/2012,Nov-12,11,2012,STEENBRAS LOWER,Major Dam,33517,22.3,29712,88.65
beac7407-c22c-4ed4-886b-e94f596caf34,26/11/2012,Nov-12,11,2012,STEENBRAS LOWER,Major Dam,33517,22.3,29712,88.65
8564d86b-25a8-4258-8279-2d7f79f72859,27/11/2012,Nov-12,11,2012,STEENBRAS LOWER,Major Dam,33517,22.27,29610,88.34
b9c3e7ff-d926-4572-a239-e5b7aab71690,28/11/2012,Nov-12,11,2012,STEENBRAS LOWER,Major Dam,33517,22.25,29542,88.14
7c86ae0e-4f73-4dc5-ab14-66eba55ee39c,29/11/2012,Nov-12,11,2012,STEENBRAS LOWER,Major Dam,33517,22.15,29209,87.15
128440c4-a9e3-4549-8116-fe304ee03151,30/11/2012,Nov-12,11,2012,STEENBRAS LOWER,Major Dam,33517,22.09,29010,86.55
fbb1c620-445a-403e-bc57-37fa1155ae2a,01/12/2012,Dec-12,12,2012,STEENBRAS LOWER,Major Dam,33517,22,28711,85.66
4db77967-e470-45ae-8658-2a54fa409812,02/12/2012,Dec-12,12,2012,STEENBRAS LOWER,Major Dam,33517,21.96,28578,85.26
4de7ee75-f386-49bf-8b2d-6348257cd73e,03/12/2012,Dec-12,12,2012,STEENBRAS LOWER,Major Dam,33517,21.93,28480,84.97
c4260703-5dc1-4e3a-b71a-7ea4e495570f,04/12/2012,Dec-12,12,2012,STEENBRAS LOWER,Major Dam,33517,21.9,28382,84.68
dc5a60a4-04b8-44df-b024-7ff3080f04f4,05/12/2012,Dec-12,12,2012,STEENBRAS LOWER,Major Dam,33517,21.87,28285,84.39
8dc6eed9-f4b8-49ca-a457-d6f65e071b98,06/12/2012,Dec-12,12,2012,STEENBRAS LOWER,Major Dam,33517,21.85,28220,84.2
c51d3ad0-cb14-4311-8fb3-559ba6306f5a,07/12/2012,Dec-12,12,2012,STEENBRAS LOWER,Major Dam,33517,21.81,28091,83.81
700ec14f-ae55-4996-90df-f9a19925c079,08/12/2012,Dec-12,12,2012,STEENBRAS LOWER,Major Dam,33517,21.78,27993,83.52
24968782-ca44-4718-a858-677b6a1e150b,09/12/2012,Dec-12,12,2012,STEENBRAS LOWER,Major Dam,33517,21.75,27896,83.23
dfc46fcc-293e-46f2-b145-da47dbaf816c,10/12/2012,Dec-12,12,2012,STEENBRAS LOWER,Major Dam,33517,21.72,27799,82.94
f6dce4b8-dd15-44b5-9c3d-f30f6d0c4b7d,11/12/2012,Dec-12,12,2012,STEENBRAS LOWER,Major Dam,33517,21.69,27702,82.65
3dc30c3a-7e9a-4bd2-8a02-40e680c2bc49,12/12/2012,Dec-12,12,2012,STEENBRAS LOWER,Major Dam,33517,21.65,27572,82.26
1526a403-8112-4ed3-886a-db1eb0dbe5af,13/12/2012,Dec-12,12,2012,STEENBRAS LOWER,Major Dam,33517,21.62,27475,81.97
97bbaf77-31fc-44ab-9c9e-f205f8491864,14/12/2012,Dec-12,12,2012,STEENBRAS LOWER,Major Dam,33517,21.57,27317,81.5
a5fc0f05-2a10-4e5c-bf1b-74fbbac482f6,15/12/2012,Dec-12,12,2012,STEENBRAS LOWER,Major Dam,33517,21.52,27159,81.03
692a7c04-692b-4baf-8165-495215b376e5,16/12/2012,Dec-12,12,2012,STEENBRAS LOWER,Major Dam,33517,21.47,27001,80.56
83e30029-8230-49db-a152-ca54603b2c07,17/12/2012,Dec-12,12,2012,STEENBRAS LOWER,Major Dam,33517,21.45,26938,80.37
b196c371-4d96-47fe-b0ae-5ea1cfbdc1a7,18/12/2012,Dec-12,12,2012,STEENBRAS LOWER,Major Dam,33517,21.44,26907,80.28
def6b9ab-4eec-47c1-8aad-8e3bb21bc4b3,19/12/2012,Dec-12,12,2012,STEENBRAS LOWER,Major Dam,33517,21.43,26875,80.18
5064149e-5906-4f02-b384-01ebfbdfe272,20/12/2012,Dec-12,12,2012,STEENBRAS LOWER,Major Dam,33517,21.41,26812,80
912e2d12-b55e-41b8-8018-c4a247be031c,21/12/2012,Dec-12,12,2012,STEENBRAS LOWER,Major Dam,33517,21.39,26749,79.81
2196430d-3d01-49a1-a11f-d8a863bf0f09,22/12/2012,Dec-12,12,2012,STEENBRAS LOWER,Major Dam,33517,21.3,26466,78.96
2d82cf1c-25fe-4240-91f8-02196944c78f,23/12/2012,Dec-12,12,2012,STEENBRAS LOWER,Major Dam,33517,21.24,26280,78.41
7d726cbc-8184-40c8-88a0-58e6c226ea64,24/12/2012,Dec-12,12,2012,STEENBRAS LOWER,Major Dam,33517,21.21,26187,78.13
844d37f0-7cd1-4dd1-82a3-46f2eb4eb67a,25/12/2012,Dec-12,12,2012,STEENBRAS LOWER,Major Dam,33517,21.17,26064,77.76
53df8b91-5db6-4332-b9f7-38785d7cf15c,26/12/2012,Dec-12,12,2012,STEENBRAS LOWER,Major Dam,33517,21.14,25971,77.49
5064b56f-afcd-4034-b2fe-895c0918f17f,27/12/2012,Dec-12,12,2012,STEENBRAS LOWER,Major Dam,33517,21.12,25909,77.3
7363769d-6704-44c8-854a-77f6aed22481,28/12/2012,Dec-12,12,2012,STEENBRAS LOWER,Major Dam,33517,21.1,25847,77.12
a1c06902-2c02-4a23-998b-aa864e701fea,29/12/2012,Dec-12,12,2012,STEENBRAS LOWER,Major Dam,33517,21.08,25785,76.93
fa533580-b73a-48b8-b6b1-7b8ae79ed6dd,30/12/2012,Dec-12,12,2012,STEENBRAS LOWER,Major Dam,33517,21.05,25692,76.65
c7d72b68-52ed-4250-9fc1-4dcb673eeedb,31/12/2012,Dec-12,12,2012,STEENBRAS LOWER,Major Dam,33517,21,25538,76.19
7be484eb-054a-45bf-a98c-58275fca9d32,01/01/2013,Jan-13,1,2013,STEENBRAS LOWER,Major Dam,33517,20.95,25386,75.74
aae9a261-19c1-4e25-b0d3-72ec202ff360,02/01/2013,Jan-13,1,2013,STEENBRAS LOWER,Major Dam,33517,20.91,25264,75.38
e0df52a4-0370-4b56-8a22-def78f602f87,03/01/2013,Jan-13,1,2013,STEENBRAS LOWER,Major Dam,33517,20.87,25142,75.01
f81b90bf-8b82-4815-adcd-519f2f8840b6,04/01/2013,Jan-13,1,2013,STEENBRAS LOWER,Major Dam,33517,20.85,25081,74.83
f467f4a4-e76a-4b32-b5c6-e62d81f1d68c,05/01/2013,Jan-13,1,2013,STEENBRAS LOWER,Major Dam,33517,20.79,24898,74.28
93c8776d-5c7e-4e7a-bd03-b02826f5b42c,06/01/2013,Jan-13,1,2013,STEENBRAS LOWER,Major Dam,33517,20.71,24654,73.56
f78d9336-87e2-438f-8164-c9b9475b98e1,07/01/2013,Jan-13,1,2013,STEENBRAS LOWER,Major Dam,33517,20.68,24564,73.29
3c3fbd0b-b703-4893-85e6-3cc986781bd3,08/01/2013,Jan-13,1,2013,STEENBRAS LOWER,Major Dam,33517,20.65,24474,73.02
ab978170-9f86-46bc-af70-4f2de4cf93bd,09/01/2013,Jan-13,1,2013,STEENBRAS LOWER,Major Dam,33517,20.61,24354,72.66
7fc5db5e-8bf1-434d-a1a0-c7a8434ba22d,10/01/2013,Jan-13,1,2013,STEENBRAS LOWER,Major Dam,33517,20.57,24234,72.3
07649f43-b15a-45ee-a597-7e4b159730b0,11/01/2013,Jan-13,1,2013,STEENBRAS LOWER,Major Dam,33517,20.55,24175,72.13
0111c388-3def-4982-af5f-ca12cd8ea36d,12/01/2013,Jan-13,1,2013,STEENBRAS LOWER,Major Dam,33517,20.51,24055,71.77
f9cc512a-aeb5-4410-ac83-4b6bd77f6481,13/01/2013,Jan-13,1,2013,STEENBRAS LOWER,Major Dam,33517,20.47,23935,71.41
543bae37-01de-4b24-bbca-8edf821d8916,14/01/2013,Jan-13,1,2013,STEENBRAS LOWER,Major Dam,33517,20.43,23815,71.05
2ef754fa-2b8b-45d7-b992-47e2d22ae407,15/01/2013,Jan-13,1,2013,STEENBRAS LOWER,Major Dam,33517,20.41,23755,70.87
98da42f4-1595-42e4-ac68-1a0eb5e9f9a3,16/01/2013,Jan-13,1,2013,STEENBRAS LOWER,Major Dam,33517,20.37,23637,70.52
17cf57bb-7094-4f8f-aad8-0be91bc370c0,17/01/2013,Jan-13,1,2013,STEENBRAS LOWER,Major Dam,33517,20.35,23578,70.35
4d6454d1-0a94-4312-a4e1-88406558ee0d,18/01/2013,Jan-13,1,2013,STEENBRAS LOWER,Major Dam,33517,20.31,23460,69.99
098d0d61-7fd5-443f-a7e8-5e5da21bc33d,19/01/2013,Jan-13,1,2013,STEENBRAS LOWER,Major Dam,33517,20.28,23372,69.73
80728fec-7d7d-4850-8b2a-8973bb9eb864,20/01/2013,Jan-13,1,2013,STEENBRAS LOWER,Major Dam,33517,20.25,23283,69.47
870247e7-091d-4fc2-a904-41fba360af07,21/01/2013,Jan-13,1,2013,STEENBRAS LOWER,Major Dam,33517,20.21,23165,69.11
41cb290f-aa8c-4a71-b9c2-55480dbe6c23,22/01/2013,Jan-13,1,2013,STEENBRAS LOWER,Major Dam,33517,20.18,23077,68.85
adcd86f2-2928-4c3e-a30f-1d75d02fdafe,23/01/2013,Jan-13,1,2013,STEENBRAS LOWER,Major Dam,33517,20.15,22988,68.59
d0cc520c-7b32-4fb5-85fe-04c4ac9e0adc,24/01/2013,Jan-13,1,2013,STEENBRAS LOWER,Major Dam,33517,20.12,22900,68.32
75cda054-ba09-4f16-9f56-ba54fe2f99a1,25/01/2013,Jan-13,1,2013,STEENBRAS LOWER,Major Dam,33517,20.09,22812,68.06
5c8970d6-852f-44da-8ccb-b2a16e68e616,26/01/2013,Jan-13,1,2013,STEENBRAS LOWER,Major Dam,33517,20.06,22725,67.8
2a0a8432-0a67-4c7a-93b4-f6c82acf657e,27/01/2013,Jan-13,1,2013,STEENBRAS LOWER,Major Dam,33517,20.03,22639,67.54
ddbeaa90-6453-43a3-a4d2-bb44634d6531,28/01/2013,Jan-13,1,2013,STEENBRAS LOWER,Major Dam,33517,19.95,22407,66.85
5b9e2aa7-a727-4853-bd72-0677ef834d5e,29/01/2013,Jan-13,1,2013,STEENBRAS LOWER,Major Dam,33517,19.89,22233,66.33
e1e68908-05ed-41d8-beca-55f0a0bc9282,30/01/2013,Jan-13,1,2013,STEENBRAS LOWER,Major Dam,33517,19.84,22089,65.9
243c17f3-3222-441a-9520-97391f98e466,31/01/2013,Jan-13,1,2013,STEENBRAS LOWER,Major Dam,33517,19.84,22089,65.9
4e107b15-743a-454f-be27-d03f0c6005de,01/02/2013,Feb-13,2,2013,STEENBRAS LOWER,Major Dam,33517,19.75,21832,65.14
186207e7-3fdd-4a30-89da-99cde9b185ab,02/02/2013,Feb-13,2,2013,STEENBRAS LOWER,Major Dam,33517,19.7,21690,64.71
df1e02be-16b0-457e-ba1a-5bda9812ceea,03/02/2013,Feb-13,2,2013,STEENBRAS LOWER,Major Dam,33517,19.64,21520,64.21
9bb55113-2ff5-4b57-a035-2b2880aeb2f5,04/02/2013,Feb-13,2,2013,STEENBRAS LOWER,Major Dam,33517,19.6,21407,63.87
ec75c258-22e6-405e-9947-4e8b3021c6a6,05/02/2013,Feb-13,2,2013,STEENBRAS LOWER,Major Dam,33517,19.54,21237,63.36
d881706c-b010-4180-b7e8-7eee51605454,06/02/2013,Feb-13,2,2013,STEENBRAS LOWER,Major Dam,33517,19.48,21069,62.86
22f0fee6-706c-48cf-8acb-8fe8a423a639,07/02/2013,Feb-13,2,2013,STEENBRAS LOWER,Major Dam,33517,19.42,20905,62.37
ed4bfc38-c21d-42a4-b2fe-3ff29bd270cb,08/02/2013,Feb-13,2,2013,STEENBRAS LOWER,Major Dam,33517,19.38,20795,62.04
fb28af70-d85e-40cd-ae89-ab4e76898126,09/02/2013,Feb-13,2,2013,STEENBRAS LOWER,Major Dam,33517,19.32,20630,61.55
6fdf4a0c-67f3-45fc-b10d-3578cec1d435,10/02/2013,Feb-13,2,2013,STEENBRAS LOWER,Major Dam,33517,19.29,20548,61.31
c1e2ade7-0ea9-419c-a33b-48ee2d0e9b29,11/02/2013,Feb-13,2,2013,STEENBRAS LOWER,Major Dam,33517,19.3,20576,61.39
24fb27f6-ab5a-4f88-ac3d-90bc83b188e8,12/02/2013,Feb-13,2,2013,STEENBRAS LOWER,Major Dam,33517,19.3,20576,61.39
7324eb59-84df-410f-a4f1-045c199dae57,13/02/2013,Feb-13,2,2013,STEENBRAS LOWER,Major Dam,33517,19.3,20576,61.39
aee76e3a-f331-4f60-95e5-2335c525f956,14/02/2013,Feb-13,2,2013,STEENBRAS LOWER,Major Dam,33517,19.27,20493,61.14
c5893a5c-a72e-4db7-acfb-3a2100ca177a,15/02/2013,Feb-13,2,2013,STEENBRAS LOWER,Major Dam,33517,19.27,20493,61.14
7a6c68f7-0172-44af-86e2-cc62df5680a9,16/02/2013,Feb-13,2,2013,STEENBRAS LOWER,Major Dam,33517,19.22,20356,60.73
c40dd7d9-2986-4a27-9f58-3d1732252b6a,17/02/2013,Feb-13,2,2013,STEENBRAS LOWER,Major Dam,33517,19.19,20274,60.49
fd9fb0f5-313b-4b9f-89bf-a127915aaa06,18/02/2013,Feb-13,2,2013,STEENBRAS LOWER,Major Dam,33517,19.15,20167,60.17
d2d2b00e-45a1-4216-96cf-30177f1ed5cc,19/02/2013,Feb-13,2,2013,STEENBRAS LOWER,Major Dam,33517,19.11,20060,59.85
dbd77b2e-da14-4c94-b45e-8cfb8b01fe1d,20/02/2013,Feb-13,2,2013,STEENBRAS LOWER,Major Dam,33517,19.08,19980,59.61
bd702211-d573-4357-bd17-b609c80c2a24,21/02/2013,Feb-13,2,2013,STEENBRAS LOWER,Major Dam,33517,19.05,19900,59.37
44741ee0-5f84-486a-97f8-d9dbd02c2b44,22/02/2013,Feb-13,2,2013,STEENBRAS LOWER,Major Dam,33517,19,19766,58.97
a9c9b230-0078-4286-b014-9e2205696669,23/02/2013,Feb-13,2,2013,STEENBRAS LOWER,Major Dam,33517,18.95,19632,58.57
ea8737a4-1748-4b35-9963-842cd9f2ba33,24/02/2013,Feb-13,2,2013,STEENBRAS LOWER,Major Dam,33517,18.92,19552,58.33
80904587-7d93-46d6-a39f-e7aaf78dc3f8,25/02/2013,Feb-13,2,2013,STEENBRAS LOWER,Major Dam,33517,18.88,19446,58.02
7860dfd2-c637-45ef-9fd2-ae501d45b74a,26/02/2013,Feb-13,2,2013,STEENBRAS LOWER,Major Dam,33517,18.84,19341,57.71
b37a1e69-b153-4f4d-965a-847556aa198b,27/02/2013,Feb-13,2,2013,STEENBRAS LOWER,Major Dam,33517,18.8,19237,57.39
4f310736-6c0d-4e1f-998d-ab60db37bce5,28/02/2013,Feb-13,2,2013,STEENBRAS LOWER,Major Dam,33517,18.75,19106,57
331ac6ef-95ca-4a17-bb89-6389469bb5b5,01/03/2013,Mar-13,3,2013,STEENBRAS LOWER,Major Dam,33517,18.73,19054,56.85
1753afba-b9dd-4494-b736-af4879188d0f,02/03/2013,Mar-13,3,2013,STEENBRAS LOWER,Major Dam,33517,18.7,18975,56.61
347da6ae-e762-4250-9330-203a77313611,03/03/2013,Mar-13,3,2013,STEENBRAS LOWER,Major Dam,33517,18.65,18845,56.23
a6bb5f9a-5541-4e61-941a-f609e78c5c3f,04/03/2013,Mar-13,3,2013,STEENBRAS LOWER,Major Dam,33517,18.61,18740,55.91
94436c8d-3994-418b-8ad3-23b4f85ab6b3,05/03/2013,Mar-13,3,2013,STEENBRAS LOWER,Major Dam,33517,18.56,18612,55.53
b0f30897-4e27-496e-82ff-a2b3fe281ae8,06/03/2013,Mar-13,3,2013,STEENBRAS LOWER,Major Dam,33517,18.54,18562,55.38
c25334ef-17f9-458a-bf07-4d1f63b4d311,07/03/2013,Mar-13,3,2013,STEENBRAS LOWER,Major Dam,33517,18.51,18486,55.15
4ba83858-f317-457e-839e-cdcfdd684dee,08/03/2013,Mar-13,3,2013,STEENBRAS LOWER,Major Dam,33517,18.47,18385,54.85
993ef227-77c7-41b8-8e26-bf6a581669f7,09/03/2013,Mar-13,3,2013,STEENBRAS LOWER,Major Dam,33517,18.45,18334,54.7
aa6c7849-7899-4a70-a32d-7ad49d7a3c1f,10/03/2013,Mar-13,3,2013,STEENBRAS LOWER,Major Dam,33517,18.41,18233,54.4
b4da8d11-5c0c-4dcf-869a-7e71b0622f70,11/03/2013,Mar-13,3,2013,STEENBRAS LOWER,Major Dam,33517,18.38,18157,54.17
b7f56902-2560-40b1-897c-1fba2bf31810,12/03/2013,Mar-13,3,2013,STEENBRAS LOWER,Major Dam,33517,18.32,18005,53.72
3605d4aa-d273-4521-bd9f-34d060438dbe,13/03/2013,Mar-13,3,2013,STEENBRAS LOWER,Major Dam,33517,18.27,17879,53.34
1099c6a3-f5d6-4948-9a46-ae52e46be918,14/03/2013,Mar-13,3,2013,STEENBRAS LOWER,Major Dam,33517,18.23,17781,53.05
f2b0da22-7cab-4867-b1aa-47b4f3f33156,15/03/2013,Mar-13,3,2013,STEENBRAS LOWER,Major Dam,33517,18.18,17658,52.68
957c75f4-7654-4f0d-82b6-1fc8a8b6a9b8,16/03/2013,Mar-13,3,2013,STEENBRAS LOWER,Major Dam,33517,18.13,17535,52.32
97a13045-e214-4aba-9d78-682720972bd7,17/03/2013,Mar-13,3,2013,STEENBRAS LOWER,Major Dam,33517,18.13,17535,52.32
02a92583-7e65-4695-b118-9c726bbbdb5d,18/03/2013,Mar-13,3,2013,STEENBRAS LOWER,Major Dam,33517,18.08,17412,51.95
1f855171-a897-4476-8775-0275aac32574,19/03/2013,Mar-13,3,2013,STEENBRAS LOWER,Major Dam,33517,18.03,17289,51.58
ccd5f781-149e-4294-9208-8b415443958c,20/03/2013,Mar-13,3,2013,STEENBRAS LOWER,Major Dam,33517,17.97,17142,51.14
a92e234a-36da-408d-b122-22036692d181,21/03/2013,Mar-13,3,2013,STEENBRAS LOWER,Major Dam,33517,17.93,17047,50.86
d3ab1d77-7bc1-40f6-b466-38af016eeee9,22/03/2013,Mar-13,3,2013,STEENBRAS LOWER,Major Dam,33517,17.87,16904,50.43
040a906a-a058-406d-8388-d2174f70dd6e,23/03/2013,Mar-13,3,2013,STEENBRAS LOWER,Major Dam,33517,17.85,16857,50.29
8da37593-0cda-462b-8912-27352f552dc2,24/03/2013,Mar-13,3,2013,STEENBRAS LOWER,Major Dam,33517,17.81,16761,50.01
9258a8bc-3917-4ddc-a648-e67ea6fc87f2,25/03/2013,Mar-13,3,2013,STEENBRAS LOWER,Major Dam,33517,17.78,16690,49.8
db0a614c-72a2-4f12-85d9-372fcfb358b1,26/03/2013,Mar-13,3,2013,STEENBRAS LOWER,Major Dam,33517,17.75,16618,49.58
5cf1b2ad-e89b-4800-b582-6fbf65f4dae6,27/03/2013,Mar-13,3,2013,STEENBRAS LOWER,Major Dam,33517,17.71,16523,49.3
d2726f60-dad2-4515-a6e1-65243da958bc,28/03/2013,Mar-13,3,2013,STEENBRAS LOWER,Major Dam,33517,17.67,16428,49.01
71377ba7-5510-4db2-af06-ecdd4ee04b2a,29/03/2013,Mar-13,3,2013,STEENBRAS LOWER,Major Dam,33517,17.63,16332,48.73
76dc4f2f-338e-4937-8fe6-dfa3f2b9c0f1,30/03/2013,Mar-13,3,2013,STEENBRAS LOWER,Major Dam,33517,17.6,16260,48.51
4fcfb4d4-4e0c-4129-bf04-f03538520e6e,31/03/2013,Mar-13,3,2013,STEENBRAS LOWER,Major Dam,33517,17.57,16187,48.29
4c9a748b-835c-4421-9eb7-69a680100cb2,01/04/2013,Apr-13,4,2013,STEENBRAS LOWER,Major Dam,33517,17.53,16091,48.01
6cd464f4-5aac-4ad7-ac24-8254eee30099,02/04/2013,Apr-13,4,2013,STEENBRAS LOWER,Major Dam,33517,17.5,16019,47.79
36b0a117-d323-444c-b3f5-00e45fd9b145,03/04/2013,Apr-13,4,2013,STEENBRAS LOWER,Major Dam,33517,17.45,15899,47.44
f7a622af-5fb9-450d-bb3c-0a5af39f30e2,04/04/2013,Apr-13,4,2013,STEENBRAS LOWER,Major Dam,33517,17.42,15826,47.22
2ebe6aa4-b8e1-488f-87d2-22eafc0d7743,05/04/2013,Apr-13,4,2013,STEENBRAS LOWER,Major Dam,33517,17.39,15754,47
20587aa9-43c9-4aa5-9ec5-17871cf86ffd,06/04/2013,Apr-13,4,2013,STEENBRAS LOWER,Major Dam,33517,17.35,15662,46.73
f1453023-16fc-4c6c-ae69-5b4bffb291de,07/04/2013,Apr-13,4,2013,STEENBRAS LOWER,Major Dam,33517,17.32,15596,46.53
7ff2212f-2d97-4be3-a25e-cc0a533c806e,08/04/2013,Apr-13,4,2013,STEENBRAS LOWER,Major Dam,33517,17.3,15552,46.4
a3adcf95-d02b-4690-8e0c-5d235511e56e,09/04/2013,Apr-13,4,2013,STEENBRAS LOWER,Major Dam,33517,17.27,15486,46.2
fd5148f3-6125-477c-993a-e234f624d6c7,10/04/2013,Apr-13,4,2013,STEENBRAS LOWER,Major Dam,33517,17.25,15442,46.07
ac9219ae-9512-47cc-81e6-69c1b34e8727,11/04/2013,Apr-13,4,2013,STEENBRAS LOWER,Major Dam,33517,17.23,15398,45.94
b5fe5c42-e399-41b0-a0d1-a79f870c7168,12/04/2013,Apr-13,4,2013,STEENBRAS LOWER,Major Dam,33517,17.2,15332,45.74
f7098830-ea7a-46c7-ba5e-764f6bec9ab4,13/04/2013,Apr-13,4,2013,STEENBRAS LOWER,Major Dam,33517,17.15,15222,45.42
38920410-360a-4115-97fa-7f0ec54a3731,14/04/2013,Apr-13,4,2013,STEENBRAS LOWER,Major Dam,33517,17.12,15156,45.22
88437e9f-ade2-4da8-9871-de8cbd82887b,15/04/2013,Apr-13,4,2013,STEENBRAS LOWER,Major Dam,33517,17.08,15068,44.96
458926f6-8950-47ac-888e-6abe0773c654,16/04/2013,Apr-13,4,2013,STEENBRAS LOWER,Major Dam,33517,17.05,15002,44.76
71d35e12-cad2-41df-9d00-697530bb2515,17/04/2013,Apr-13,4,2013,STEENBRAS LOWER,Major Dam,33517,17.01,14914,44.5
16337b34-eaa9-4df9-9b4e-14b271a79bbc,18/04/2013,Apr-13,4,2013,STEENBRAS LOWER,Major Dam,33517,16.98,14848,44.3
ed379207-8f5e-422c-8569-372652df873b,19/04/2013,Apr-13,4,2013,STEENBRAS LOWER,Major Dam,33517,17,14892,44.43
f355b0e8-cdc9-4b7c-9567-4fecda545a18,20/04/2013,Apr-13,4,2013,STEENBRAS LOWER,Major Dam,33517,17.02,14936,44.56
3a9ac25b-c683-43ff-a82e-caa204dc7f55,21/04/2013,Apr-13,4,2013,STEENBRAS LOWER,Major Dam,33517,17.03,14958,44.63
fd4cd1e5-bb06-4a14-962c-d6472d9cf1d1,22/04/2013,Apr-13,4,2013,STEENBRAS LOWER,Major Dam,33517,17.05,15002,44.76
3cdd709b-8f57-4d4b-8fa8-cdd65dbefdf9,23/04/2013,Apr-13,4,2013,STEENBRAS LOWER,Major Dam,33517,17.07,15046,44.89
247f576b-f8d4-4b86-97d2-6bce95a974ac,24/04/2013,Apr-13,4,2013,STEENBRAS LOWER,Major Dam,33517,17.08,15068,44.96
573b3bf7-691f-4d0f-a147-ed7556a868af,25/04/2013,Apr-13,4,2013,STEENBRAS LOWER,Major Dam,33517,17.09,15090,45.02
10b1aab2-555a-4556-a240-103073022a0c,26/04/2013,Apr-13,4,2013,STEENBRAS LOWER,Major Dam,33517,17.11,15134,45.15
7f27775d-a51a-493d-bc93-5bc63bbb9d93,27/04/2013,Apr-13,4,2013,STEENBRAS LOWER,Major Dam,33517,17.11,15134,45.15
17887ea5-28a6-4c61-907d-1ecaa8c06cd8,28/04/2013,Apr-13,4,2013,STEENBRAS LOWER,Major Dam,33517,17.11,15134,45.15
fddf58d8-74be-4fc0-879d-f0b524b4d5d8,29/04/2013,Apr-13,4,2013,STEENBRAS LOWER,Major Dam,33517,17.13,15178,45.28
0d73ab10-21bd-4154-8b9a-ac569262bbda,30/04/2013,Apr-13,4,2013,STEENBRAS LOWER,Major Dam,33517,17.13,15178,45.28
9342cbf9-63d9-4840-bd19-ca7392a93443,01/05/2013,May-13,5,2013,STEENBRAS LOWER,Major Dam,33517,17.15,15222,45.42
d32f2ec4-268b-4ffe-aa3c-30b4bdffd01f,02/05/2013,May-13,5,2013,STEENBRAS LOWER,Major Dam,33517,17.16,15244,45.48
47050528-a639-4860-8c13-147adf42aa0d,03/05/2013,May-13,5,2013,STEENBRAS LOWER,Major Dam,33517,17.16,15244,45.48
eb88a8ce-3117-42be-836d-e0d788d7b49b,04/05/2013,May-13,5,2013,STEENBRAS LOWER,Major Dam,33517,17.18,15288,45.61
7b0daa2e-7da1-4c3a-a9ac-beb327365dfa,05/05/2013,May-13,5,2013,STEENBRAS LOWER,Major Dam,33517,17.23,15398,45.94
03ea5f71-b54c-486a-a981-c2478dd7ec63,06/05/2013,May-13,5,2013,STEENBRAS LOWER,Major Dam,33517,17.3,15552,46.4
3a4771db-a827-4ae5-8d24-c3f0f8e5c875,07/05/2013,May-13,5,2013,STEENBRAS LOWER,Major Dam,33517,17.38,15730,46.93
af7dd115-c517-4d03-8963-c6757cf6837c,08/05/2013,May-13,5,2013,STEENBRAS LOWER,Major Dam,33517,17.48,15971,47.65
776f2b46-bdb2-4a12-91e3-632576cc2561,09/05/2013,May-13,5,2013,STEENBRAS LOWER,Major Dam,33517,17.59,16235,48.44
9768e812-8d14-4354-b076-205f696448f2,10/05/2013,May-13,5,2013,STEENBRAS LOWER,Major Dam,33517,17.67,16428,49.01
3e3e40f6-eba2-4900-8b31-2b890a2203f7,11/05/2013,May-13,5,2013,STEENBRAS LOWER,Major Dam,33517,18.1,17461,52.1
c27f5bd5-bc05-4981-aef2-a751f693d938,12/05/2013,May-13,5,2013,STEENBRAS LOWER,Major Dam,33517,18.12,17510,52.24
79b7c5a9-22a1-4d49-8d04-2a78feb096ea,13/05/2013,May-13,5,2013,STEENBRAS LOWER,Major Dam,33517,18.13,17535,52.32
9bbd9ade-3e91-4ff1-a827-4a8da8fab3f7,14/05/2013,May-13,5,2013,STEENBRAS LOWER,Major Dam,33517,18.1,17461,52.1
15693b9d-cbea-4071-8468-4d23585e1333,15/05/2013,May-13,5,2013,STEENBRAS LOWER,Major Dam,33517,18.07,17387,51.88
38dec4dd-dd7f-42b2-85b5-a1b0fe0abd01,16/05/2013,May-13,5,2013,STEENBRAS LOWER,Major Dam,33517,17.98,17166,51.22
9cb17e19-6c02-4905-9958-f2ebf07a987e,17/05/2013,May-13,5,2013,STEENBRAS LOWER,Major Dam,33517,17.96,17119,51.08
25216a00-be1a-412e-84e7-f513d1ac65c2,18/05/2013,May-13,5,2013,STEENBRAS LOWER,Major Dam,33517,17.94,17071,50.93
87669548-b632-46e1-b965-160d5db850b2,19/05/2013,May-13,5,2013,STEENBRAS LOWER,Major Dam,33517,17.82,16785,50.08
668341b1-b809-4fc3-a860-8814079d5dd3,20/05/2013,May-13,5,2013,STEENBRAS LOWER,Major Dam,33517,17.78,16690,49.8
14d4dec9-e23d-4983-8e17-61423a87dd8f,21/05/2013,May-13,5,2013,STEENBRAS LOWER,Major Dam,33517,17.73,16571,49.44
261b8f0a-91aa-4af2-9cbb-4912a73f7152,22/05/2013,May-13,5,2013,STEENBRAS LOWER,Major Dam,33517,17.68,16452,49.09
b0633e97-0e3f-4edd-92f0-684df8f851e0,23/05/2013,May-13,5,2013,STEENBRAS LOWER,Major Dam,33517,17.65,16380,48.87
daaf092c-dac5-4291-a759-c4b39b479494,24/05/2013,May-13,5,2013,STEENBRAS LOWER,Major Dam,33517,17.6,16260,48.51
d16bc11b-593a-4a33-b6c8-fb6ef9e58559,25/05/2013,May-13,5,2013,STEENBRAS LOWER,Major Dam,33517,17.54,16115,48.08
aeb53045-c299-44be-9e37-01a8d1d4190c,26/05/2013,May-13,5,2013,STEENBRAS LOWER,Major Dam,33517,17.5,16019,47.79
80cf81f7-550c-4308-b1e8-bbf873c8c52d,27/05/2013,May-13,5,2013,STEENBRAS LOWER,Major Dam,33517,17.47,15947,47.58
4ca2636a-e289-4f7f-bb3f-ff69ad736707,28/05/2013,May-13,5,2013,STEENBRAS LOWER,Major Dam,33517,17.45,15899,47.44
335ecae4-3023-4a32-89c5-ffd71933d1b0,29/05/2013,May-13,5,2013,STEENBRAS LOWER,Major Dam,33517,17.41,15802,47.15
26567ba2-f27c-4e5e-a35f-3267decda24f,30/05/2013,May-13,5,2013,STEENBRAS LOWER,Major Dam,33517,17.39,15754,47
9aa66bf6-232e-4d46-8930-4af84ca7a74c,31/05/2013,May-13,5,2013,STEENBRAS LOWER,Major Dam,33517,17.59,16235,48.44
2780892e-2cfc-4b44-92c3-9bd6907e3f9d,01/06/2013,Jun-13,6,2013,STEENBRAS LOWER,Major Dam,33517,17.71,16523,49.3
a3a25d20-9b12-47b3-a548-ce45110fac41,02/06/2013,Jun-13,6,2013,STEENBRAS LOWER,Major Dam,33517,17.9,16976,50.65
c230e284-5361-4105-ac39-ce243bbf1878,03/06/2013,Jun-13,6,2013,STEENBRAS LOWER,Major Dam,33517,18.9,19498,58.17
42339606-8309-4797-a70b-9bb66b95bb8c,04/06/2013,Jun-13,6,2013,STEENBRAS LOWER,Major Dam,33517,19.2,20301,60.57
352ab88a-96d4-40ad-97cc-2b4319ffcbd6,05/06/2013,Jun-13,6,2013,STEENBRAS LOWER,Major Dam,33517,19.4,20850,62.21
d503f795-5f24-4bb8-9be9-87daa907fb99,06/06/2013,Jun-13,6,2013,STEENBRAS LOWER,Major Dam,33517,19.4,20850,62.21
58694083-3aeb-4bc7-833b-3343c6c518ab,07/06/2013,Jun-13,6,2013,STEENBRAS LOWER,Major Dam,33517,19.65,21548,64.29
402dcf2e-38cb-475a-b894-125478d4e70b,08/06/2013,Jun-13,6,2013,STEENBRAS LOWER,Major Dam,33517,19.72,21747,64.88
8af99fed-f6ea-4a96-9480-a2256d7bd5d9,09/06/2013,Jun-13,6,2013,STEENBRAS LOWER,Major Dam,33517,19.76,21860,65.22
17e4eed6-6c02-4b4d-8102-fd6c44b2a4e0,10/06/2013,Jun-13,6,2013,STEENBRAS LOWER,Major Dam,33517,19.86,22147,66.08
b045496f-c7ed-4283-880b-4a7806287ffc,11/06/2013,Jun-13,6,2013,STEENBRAS LOWER,Major Dam,33517,19.9,22262,66.42
938655a4-2028-403c-a90c-2666c94bd5ff,12/06/2013,Jun-13,6,2013,STEENBRAS LOWER,Major Dam,33517,20.05,22696,67.71
5807b3c0-1431-491d-8607-9201a51bbce8,13/06/2013,Jun-13,6,2013,STEENBRAS LOWER,Major Dam,33517,20.12,22900,68.32
f6a68120-329a-4f13-96d1-ae2752c81d06,14/06/2013,Jun-13,6,2013,STEENBRAS LOWER,Major Dam,33517,20.17,23047,68.76
ce67531d-dd3a-4e78-8802-9b0aad49a422,15/06/2013,Jun-13,6,2013,STEENBRAS LOWER,Major Dam,33517,20.27,23342,69.64
530c0fed-4c21-449a-bfb3-ad590e7dd8ca,16/06/2013,Jun-13,6,2013,STEENBRAS LOWER,Major Dam,33517,20.38,23667,70.61
0e53c6ac-b22f-4673-80c3-ae2ab1d56607,17/06/2013,Jun-13,6,2013,STEENBRAS LOWER,Major Dam,33517,20.5,24025,71.68
52fc7d28-8678-47f9-b6c7-b62dede958df,18/06/2013,Jun-13,6,2013,STEENBRAS LOWER,Major Dam,33517,20.6,24324,72.57
fc26559b-ae8a-4f7c-9f47-fcad5bbbf0fc,19/06/2013,Jun-13,6,2013,STEENBRAS LOWER,Major Dam,33517,20.63,24414,72.84
51c0eaef-94a9-46b4-82b6-b1ab575ca98d,20/06/2013,Jun-13,6,2013,STEENBRAS LOWER,Major Dam,33517,20.64,24444,72.93
da050adc-704b-46ba-90d3-e512a6fbecf2,21/06/2013,Jun-13,6,2013,STEENBRAS LOWER,Major Dam,33517,20.67,24534,73.2
d6375a87-0330-4b02-a6ca-64e1a9dac095,22/06/2013,Jun-13,6,2013,STEENBRAS LOWER,Major Dam,33517,20.7,24624,73.47
26e62a08-43f8-42aa-a919-12f30207259a,23/06/2013,Jun-13,6,2013,STEENBRAS LOWER,Major Dam,33517,20.74,24745,73.83
fe156019-cb3d-41ba-8bbe-6d3121502ec4,24/06/2013,Jun-13,6,2013,STEENBRAS LOWER,Major Dam,33517,20.77,24837,74.1
a4daa79a-dd50-4a8f-a308-4252484d82cf,25/06/2013,Jun-13,6,2013,STEENBRAS LOWER,Major Dam,33517,20.8,24928,74.37
534dc32f-9501-42a5-b03d-65f22aedeafd,26/06/2013,Jun-13,6,2013,STEENBRAS LOWER,Major Dam,33517,20.85,25081,74.83
d8981a21-5c3d-44ad-aad1-fcfd69a90816,27/06/2013,Jun-13,6,2013,STEENBRAS LOWER,Major Dam,33517,20.93,25325,75.56
f585b9dc-1dce-4c31-ab87-ca3493f1debd,28/06/2013,Jun-13,6,2013,STEENBRAS LOWER,Major Dam,33517,20.98,25477,76.01
032fa4ad-0f21-42b7-868a-8981260e9a90,29/06/2013,Jun-13,6,2013,STEENBRAS LOWER,Major Dam,33517,21.1,25847,77.12
fee11354-4ece-48c6-9535-62bfe635b908,30/06/2013,Jun-13,6,2013,STEENBRAS LOWER,Major Dam,33517,21.13,25940,77.39
7489f8e8-60b5-424d-b229-2912f7c5f798,01/07/2013,Jul-13,7,2013,STEENBRAS LOWER,Major Dam,33517,21.15,26002,77.58
495e6dbe-d2b1-41b6-b470-51b52c791f5e,02/07/2013,Jul-13,7,2013,STEENBRAS LOWER,Major Dam,33517,21.18,26094,77.85
be305b8d-cd06-4dee-92fc-956d0a9207bb,03/07/2013,Jul-13,7,2013,STEENBRAS LOWER,Major Dam,33517,21.2,26156,78.04
15792511-eb9e-49ac-909c-7c25d0e725ca,04/07/2013,Jul-13,7,2013,STEENBRAS LOWER,Major Dam,33517,21.22,26218,78.22
da9b045f-a88b-4787-8180-2bb994cc9a3e,05/07/2013,Jul-13,7,2013,STEENBRAS LOWER,Major Dam,33517,21.26,26342,78.59
d4b8a7bc-38bb-40fa-b110-9ba8aad1d879,06/07/2013,Jul-13,7,2013,STEENBRAS LOWER,Major Dam,33517,21.26,26342,78.59
8c80204f-9423-4daf-9c02-3850395ce78a,07/07/2013,Jul-13,7,2013,STEENBRAS LOWER,Major Dam,33517,21.26,26342,78.59
37782b5a-dab7-478f-b37f-9fa9a715cd25,08/07/2013,Jul-13,7,2013,STEENBRAS LOWER,Major Dam,33517,21.26,26342,78.59
701c351a-93cc-4005-ba05-878460904d0b,09/07/2013,Jul-13,7,2013,STEENBRAS LOWER,Major Dam,33517,21.29,26435,78.87
8f29c10b-6800-49aa-9fc2-fe11560f1847,10/07/2013,Jul-13,7,2013,STEENBRAS LOWER,Major Dam,33517,21.32,26528,79.15
0b1ea405-3b92-4033-a6e7-37f0444e6ef2,11/07/2013,Jul-13,7,2013,STEENBRAS LOWER,Major Dam,33517,21.32,26528,79.15
a4f4c63f-9b09-42f6-99fd-ba090424067a,12/07/2013,Jul-13,7,2013,STEENBRAS LOWER,Major Dam,33517,21.34,26591,79.34
362b8f5c-f150-4110-a4bd-4e64ddfcfb8f,13/07/2013,Jul-13,7,2013,STEENBRAS LOWER,Major Dam,33517,21.34,26591,79.34
417ee0ba-1f50-49fb-9093-bfa1ae9af4d4,14/07/2013,Jul-13,7,2013,STEENBRAS LOWER,Major Dam,33517,21.35,26622,79.43
d4c85a8b-c7c6-4ec1-83be-2b77ef4c7db0,15/07/2013,Jul-13,7,2013,STEENBRAS LOWER,Major Dam,33517,21.36,26654,79.52
86097f12-a835-44e0-bd09-63c5d8fbddd9,16/07/2013,Jul-13,7,2013,STEENBRAS LOWER,Major Dam,33517,21.36,26654,79.52
be2c5896-215f-4020-89a2-047e0379fb92,17/07/2013,Jul-13,7,2013,STEENBRAS LOWER,Major Dam,33517,21.37,26685,79.62
d878bff3-c01b-4b97-a7ed-ef033e585cc0,18/07/2013,Jul-13,7,2013,STEENBRAS LOWER,Major Dam,33517,21.38,26717,79.71
40d433aa-5d89-4129-892b-3262247cb5af,19/07/2013,Jul-13,7,2013,STEENBRAS LOWER,Major Dam,33517,21.38,26717,79.71
ff7d85a9-bb9d-4e55-9dc8-0766c81aa48d,20/07/2013,Jul-13,7,2013,STEENBRAS LOWER,Major Dam,33517,21.4,26780,79.9
be04ffd2-4131-4000-af78-e5ea615a952b,21/07/2013,Jul-13,7,2013,STEENBRAS LOWER,Major Dam,33517,21.4,26780,79.9
bbe2482a-b20b-43e9-9c54-6d9978210abb,22/07/2013,Jul-13,7,2013,STEENBRAS LOWER,Major Dam,33517,21.6,27412,81.79
ec4581c9-ec78-454a-adce-9aeabb6fc48a,23/07/2013,Jul-13,7,2013,STEENBRAS LOWER,Major Dam,33517,21.69,27702,82.65
b251f285-2656-467e-8093-f2759269041d,24/07/2013,Jul-13,7,2013,STEENBRAS LOWER,Major Dam,33517,21.85,28220,84.2
8906f120-a9c9-4669-96d9-97a45dad3b9f,25/07/2013,Jul-13,7,2013,STEENBRAS LOWER,Major Dam,33517,21.97,28612,85.37
b9689993-07da-4f52-8c03-e837b71f7de0,26/07/2013,Jul-13,7,2013,STEENBRAS LOWER,Major Dam,33517,22.01,28744,85.76
690ec338-5a26-45fc-9130-9743bea38cfc,27/07/2013,Jul-13,7,2013,STEENBRAS LOWER,Major Dam,33517,22.05,28877,86.16
930b50ae-c599-45d8-a03c-a7bcb48146e5,28/07/2013,Jul-13,7,2013,STEENBRAS LOWER,Major Dam,33517,22.15,29209,87.15
6a2a3ee7-80d2-4c9e-b5da-c6df61163059,29/07/2013,Jul-13,7,2013,STEENBRAS LOWER,Major Dam,33517,22.3,29712,88.65
63e1f69d-9fb9-4cbc-a7e7-35259f1eb8c2,30/07/2013,Jul-13,7,2013,STEENBRAS LOWER,Major Dam,33517,22.36,29916,89.26
044b494e-c1e4-4687-abbf-16bf8d59ee09,31/07/2013,Jul-13,7,2013,STEENBRAS LOWER,Major Dam,33517,22.38,29984,89.46
4745f0e8-6b45-449c-8199-9ba366d1aaf4,01/08/2013,Aug-13,8,2013,STEENBRAS LOWER,Major Dam,33517,22.39,30018,89.56
e5688ac6-9878-4622-96f4-11cc43697d64,02/08/2013,Aug-13,8,2013,STEENBRAS LOWER,Major Dam,33517,22.4,30052,89.66
3783f05d-140c-415e-9245-221646c5727f,03/08/2013,Aug-13,8,2013,STEENBRAS LOWER,Major Dam,33517,22.4,30052,89.66
afd54bc1-30b2-496e-902f-75c49715b06c,04/08/2013,Aug-13,8,2013,STEENBRAS LOWER,Major Dam,33517,22.4,30052,89.66
34dbea93-cb0f-4ee7-9c4f-fb25466874d6,05/08/2013,Aug-13,8,2013,STEENBRAS LOWER,Major Dam,33517,22.4,30052,89.66
1615e3a8-e3f1-46a6-bc9e-454b7a7c7327,06/08/2013,Aug-13,8,2013,STEENBRAS LOWER,Major Dam,33517,22.4,30052,89.66
eaae9896-d1dd-4976-bb9c-7ed682470858,07/08/2013,Aug-13,8,2013,STEENBRAS LOWER,Major Dam,33517,22.41,30086,89.76
ecf8c0ef-6525-45b9-abc0-5e83f93281d3,08/08/2013,Aug-13,8,2013,STEENBRAS LOWER,Major Dam,33517,22.68,31011,92.52
8ebdc33a-3614-4979-9de6-03dd3a73d15c,09/08/2013,Aug-13,8,2013,STEENBRAS LOWER,Major Dam,33517,22.86,31633,94.38
4b2c5d88-73ef-46cd-bd23-71082dc6bd18,10/08/2013,Aug-13,8,2013,STEENBRAS LOWER,Major Dam,33517,22.87,31669,94.49
c4ca4032-08c3-46f7-8098-9de4b8072057,11/08/2013,Aug-13,8,2013,STEENBRAS LOWER,Major Dam,33517,22.87,31669,94.49
0b66746e-5142-4b5e-b241-bf6c7d106009,12/08/2013,Aug-13,8,2013,STEENBRAS LOWER,Major Dam,33517,22.9,31776,94.81
72a63ed2-3c31-4d9a-ae9e-f7446451225b,13/08/2013,Aug-13,8,2013,STEENBRAS LOWER,Major Dam,33517,23,32135,95.88
665e6dbe-f490-4f22-bdf6-526d52a9af9d,14/08/2013,Aug-13,8,2013,STEENBRAS LOWER,Major Dam,33517,23.35,33381,99.59
f8927624-499f-4a45-9930-6bd90c509443,15/08/2013,Aug-13,8,2013,STEENBRAS LOWER,Major Dam,33517,23.45,33732,100.64
5cd5aabe-862a-4e93-a8d0-c176532ff84a,16/08/2013,Aug-13,8,2013,STEENBRAS LOWER,Major Dam,33517,23.5,33915,101.19
20b7bb48-6bcf-4294-aecf-c26a42448b4e,17/08/2013,Aug-13,8,2013,STEENBRAS LOWER,Major Dam,33517,23.41,33588,100.21
25dc5004-773c-4d42-bed3-99feba427f2b,18/08/2013,Aug-13,8,2013,STEENBRAS LOWER,Major Dam,33517,23.4,33552,100.1
a3d962fe-ab72-458d-8649-ec90846b2c95,19/08/2013,Aug-13,8,2013,STEENBRAS LOWER,Major Dam,33517,23.42,33624,100.32
783bf21d-8051-41b1-85e7-91831ff458b5,20/08/2013,Aug-13,8,2013,STEENBRAS LOWER,Major Dam,33517,23.42,33624,100.32
0c413c94-7035-469b-aab3-ca3e3b2821f7,21/08/2013,Aug-13,8,2013,STEENBRAS LOWER,Major Dam,33517,23.44,33696,100.53
22f0a7fc-b130-4f96-be6d-f21c73c86535,22/08/2013,Aug-13,8,2013,STEENBRAS LOWER,Major Dam,33517,23.5,33915,101.19
e213d2fb-2fb5-4d6a-8939-8317de996ba5,23/08/2013,Aug-13,8,2013,STEENBRAS LOWER,Major Dam,33517,23.47,33805,100.86
687857ff-e8fa-4c79-bce9-c940ce30fb7b,24/08/2013,Aug-13,8,2013,STEENBRAS LOWER,Major Dam,33517,23.41,33588,100.21
97e43bbf-d8f5-4b73-933e-cf68ea7641ed,25/08/2013,Aug-13,8,2013,STEENBRAS LOWER,Major Dam,33517,23.43,33660,100.43
23707850-7dfe-47fd-81c2-fa895e0d6f97,26/08/2013,Aug-13,8,2013,STEENBRAS LOWER,Major Dam,33517,23.46,33768,100.75
36995c14-2c70-4643-acdb-7ce98beb2fb3,27/08/2013,Aug-13,8,2013,STEENBRAS LOWER,Major Dam,33517,23.45,33732,100.64
e08f1b47-c411-418e-a793-f80702427ddf,28/08/2013,Aug-13,8,2013,STEENBRAS LOWER,Major Dam,33517,23.43,33660,100.43
48863503-7533-46dc-97fe-81c48c6e8cf5,29/08/2013,Aug-13,8,2013,STEENBRAS LOWER,Major Dam,33517,23.7,34647,103.37
12849436-e16b-44ad-98e9-2e5e7141d8a7,30/08/2013,Aug-13,8,2013,STEENBRAS LOWER,Major Dam,33517,23.71,34684,103.48
fb7054eb-72cf-48cd-8abc-ad88f29583ec,31/08/2013,Aug-13,8,2013,STEENBRAS LOWER,Major Dam,33517,23.55,34098,101.73
a4d31d93-ae7b-4283-8975-71a8b826cee3,01/09/2013,Sep-13,9,2013,STEENBRAS LOWER,Major Dam,33517,23.55,34098,101.73
6280c2c6-af42-4b28-b3ec-b19b84d734bc,02/09/2013,Sep-13,9,2013,STEENBRAS LOWER,Major Dam,33517,23.55,34098,101.73
8ae22930-efe3-438c-a7a3-478a99bb2445,03/09/2013,Sep-13,9,2013,STEENBRAS LOWER,Major Dam,33517,23.52,33988,101.41
4a26cc47-4714-4f7b-b286-bde0d3265011,04/09/2013,Sep-13,9,2013,STEENBRAS LOWER,Major Dam,33517,23.49,33878,101.08
3a41c92a-46c8-4479-a15d-ff89abe8c156,05/09/2013,Sep-13,9,2013,STEENBRAS LOWER,Major Dam,33517,23.45,33732,100.64
30597326-94bf-480e-943f-83e81d187c11,06/09/2013,Sep-13,9,2013,STEENBRAS LOWER,Major Dam,33517,23.42,33624,100.32
c99c6636-c11e-4377-9ab4-3d70ce931910,07/09/2013,Sep-13,9,2013,STEENBRAS LOWER,Major Dam,33517,23.42,33624,100.32
bb8829f0-1694-4720-b3cb-cf725961ce46,08/09/2013,Sep-13,9,2013,STEENBRAS LOWER,Major Dam,33517,23.42,33624,100.32
0bc9a14a-94e2-439b-9dd6-f1dadd87e76e,09/09/2013,Sep-13,9,2013,STEENBRAS LOWER,Major Dam,33517,23.42,33624,100.32
3f4d17ab-533c-4a29-a2d7-d45d8841ce9b,10/09/2013,Sep-13,9,2013,STEENBRAS LOWER,Major Dam,33517,23.4,33552,100.1
b7cd51e5-6fc9-4d26-a5bb-0de9fae269ff,11/09/2013,Sep-13,9,2013,STEENBRAS LOWER,Major Dam,33517,23.39,33517,100
330b068e-631b-4dcf-94f4-6dda900c1cc7,12/09/2013,Sep-13,9,2013,STEENBRAS LOWER,Major Dam,33517,23.39,33517,100
dfceb427-94a7-4432-9035-c15ac2ef2bf6,13/09/2013,Sep-13,9,2013,STEENBRAS LOWER,Major Dam,33517,23.36,33415,99.7
baaeae08-bba8-4075-92f8-e6192edaf7ac,14/09/2013,Sep-13,9,2013,STEENBRAS LOWER,Major Dam,33517,23.36,33415,99.7
d507f927-ea81-4a58-a016-967968d1d2f6,15/09/2013,Sep-13,9,2013,STEENBRAS LOWER,Major Dam,33517,23.39,33517,100
5a5c1dc2-5101-4db2-b3b3-da55ea0dccc6,16/09/2013,Sep-13,9,2013,STEENBRAS LOWER,Major Dam,33517,23.42,33624,100.32
cd8b87ba-f941-4811-bff2-18e1aaf0c099,17/09/2013,Sep-13,9,2013,STEENBRAS LOWER,Major Dam,33517,23.43,33660,100.43
9139f844-213d-48a9-93e5-d0029b36ace3,18/09/2013,Sep-13,9,2013,STEENBRAS LOWER,Major Dam,33517,23.41,33588,100.21
47ab50ef-ae9d-4502-9e0f-6070c98e4398,19/09/2013,Sep-13,9,2013,STEENBRAS LOWER,Major Dam,33517,23.41,33588,100.21
687fa550-8bca-4289-ad00-db6eba33acec,20/09/2013,Sep-13,9,2013,STEENBRAS LOWER,Major Dam,33517,23.6,34281,102.28
5120d2a2-151e-4c14-9b7e-42270f8a2e37,21/09/2013,Sep-13,9,2013,STEENBRAS LOWER,Major Dam,33517,23.62,34354,102.5
0daaf680-5091-4e1e-ad6b-390ef49be7db,22/09/2013,Sep-13,9,2013,STEENBRAS LOWER,Major Dam,33517,23.65,34464,102.83
0c4f6578-6a22-4704-8941-d4c87c61d545,23/09/2013,Sep-13,9,2013,STEENBRAS LOWER,Major Dam,33517,23.55,34098,101.73
ff987eac-c8f3-42f4-a56e-250f490ee797,24/09/2013,Sep-13,9,2013,STEENBRAS LOWER,Major Dam,33517,23.42,33624,100.32
092000e2-e8fa-46d8-abd2-7a6a74d4e54a,25/09/2013,Sep-13,9,2013,STEENBRAS LOWER,Major Dam,33517,23.42,33624,100.32
03deff31-bef2-4d0a-ad1a-612a7c0a3880,26/09/2013,Sep-13,9,2013,STEENBRAS LOWER,Major Dam,33517,23.4,33552,100.1
81e32d87-a2d3-4a14-91d6-c04bf1db79fd,27/09/2013,Sep-13,9,2013,STEENBRAS LOWER,Major Dam,33517,23.42,33624,100.32
af0b4aea-05d6-4bed-9bfd-1ca9d487b05b,28/09/2013,Sep-13,9,2013,STEENBRAS LOWER,Major Dam,33517,23.42,33624,100.32
abe75c06-359a-4407-b97f-d381e9fbd7dd,29/09/2013,Sep-13,9,2013,STEENBRAS LOWER,Major Dam,33517,23.42,33624,100.32
369936b1-013f-4858-a8dc-e7fd9d42c6a0,30/09/2013,Sep-13,9,2013,STEENBRAS LOWER,Major Dam,33517,23.4,33552,100.1
dcf39581-fd10-49e4-ab4d-51471ff8b983,01/10/2013,Oct-13,10,2013,STEENBRAS LOWER,Major Dam,33517,23.4,33552,100.1
f89ba1a9-1b23-4ce3-a401-ea4b8eb84412,02/10/2013,Oct-13,10,2013,STEENBRAS LOWER,Major Dam,33517,23.4,33552,100.1
af5e74b3-95e2-40fd-8314-8c7eb1c6816b,03/10/2013,Oct-13,10,2013,STEENBRAS LOWER,Major Dam,33517,23.41,33588,100.21
44504e20-0419-4c39-9101-74e82c488ebb,04/10/2013,Oct-13,10,2013,STEENBRAS LOWER,Major Dam,33517,23.4,33552,100.1
d16fd4b2-6e8d-44bb-bb78-d17450f9d324,05/10/2013,Oct-13,10,2013,STEENBRAS LOWER,Major Dam,33517,23.36,33415,99.7
47f187ee-0bd7-4967-a4b1-9e5ed3e184ea,06/10/2013,Oct-13,10,2013,STEENBRAS LOWER,Major Dam,33517,23.37,33449,99.8
e51a6f80-d31d-40b1-a0c5-055c7bae6026,07/10/2013,Oct-13,10,2013,STEENBRAS LOWER,Major Dam,33517,23.35,33381,99.59
2ceb9313-a14f-4e25-8f85-c3814ce908db,08/10/2013,Oct-13,10,2013,STEENBRAS LOWER,Major Dam,33517,23.33,33313,99.39
46ce4dba-75d6-4453-ba2c-aee99225e0bc,09/10/2013,Oct-13,10,2013,STEENBRAS LOWER,Major Dam,33517,23.25,33031,98.55
b970e9d9-7307-41bf-b545-bece61f7d27f,10/10/2013,Oct-13,10,2013,STEENBRAS LOWER,Major Dam,33517,23.2,32852,98.02
0d1177c1-1d60-44c5-84fb-cf26b7ec2901,11/10/2013,Oct-13,10,2013,STEENBRAS LOWER,Major Dam,33517,23.21,32888,98.12
357a38dd-e7ef-4c54-bfce-9d5388b67a86,12/10/2013,Oct-13,10,2013,STEENBRAS LOWER,Major Dam,33517,23.21,32888,98.12
0530058d-d650-44ae-b9a9-b850bdd31e7d,13/10/2013,Oct-13,10,2013,STEENBRAS LOWER,Major Dam,33517,23.21,32888,98.12
f90bde89-1ed8-4c98-97ea-52a085c1413b,14/10/2013,Oct-13,10,2013,STEENBRAS LOWER,Major Dam,33517,23.19,32816,97.91
c70f08e1-9dbc-4433-b5cf-85d4ca315fd9,15/10/2013,Oct-13,10,2013,STEENBRAS LOWER,Major Dam,33517,23.16,32708,97.59
011f7529-ad0b-4c2e-80ed-ca604889924c,16/10/2013,Oct-13,10,2013,STEENBRAS LOWER,Major Dam,33517,23.14,32637,97.37
a320faf9-7fef-4690-ac60-f799ae9d4eee,17/10/2013,Oct-13,10,2013,STEENBRAS LOWER,Major Dam,33517,23.11,32529,97.05
f12340d8-b5ce-42d7-b65e-df2a6469db7b,18/10/2013,Oct-13,10,2013,STEENBRAS LOWER,Major Dam,33517,23.09,32457,96.84
1588524e-0574-46d8-ab9a-5fafb3252bf5,19/10/2013,Oct-13,10,2013,STEENBRAS LOWER,Major Dam,33517,23.08,32422,96.73
9e1b37ad-2b96-43c3-b93c-899df51fff94,20/10/2013,Oct-13,10,2013,STEENBRAS LOWER,Major Dam,33517,23.07,32386,96.63
ac11b158-db87-4c28-abbf-fba7feb4a651,21/10/2013,Oct-13,10,2013,STEENBRAS LOWER,Major Dam,33517,23.05,32314,96.41
ff37b05d-6606-4f77-a416-8841aff3cab0,22/10/2013,Oct-13,10,2013,STEENBRAS LOWER,Major Dam,33517,23.03,32242,96.2
08530af4-6046-4139-9fd6-cbb398ec482e,23/10/2013,Oct-13,10,2013,STEENBRAS LOWER,Major Dam,33517,22.98,32063,95.66
602a21e1-e165-4022-b998-2ea85cdc9ed4,24/10/2013,Oct-13,10,2013,STEENBRAS LOWER,Major Dam,33517,22.95,31956,95.34
2e6e3335-93f5-41cb-bac7-5eb95d725e48,25/10/2013,Oct-13,10,2013,STEENBRAS LOWER,Major Dam,33517,22.94,31920,95.24
e05a47fa-1ee8-44eb-89be-67b852a15544,26/10/2013,Oct-13,10,2013,STEENBRAS LOWER,Major Dam,33517,22.91,31812,94.91
21b56fa0-8b50-43ec-9879-dac097ea6b59,27/10/2013,Oct-13,10,2013,STEENBRAS LOWER,Major Dam,33517,22.88,31705,94.59
f2df6688-fd62-492a-b94f-2fd09a897318,28/10/2013,Oct-13,10,2013,STEENBRAS LOWER,Major Dam,33517,22.88,31705,94.59
7acca410-ff53-487b-b353-ce1e07db35b3,29/10/2013,Oct-13,10,2013,STEENBRAS LOWER,Major Dam,33517,22.9,31776,94.81
0ab22191-ee20-475e-be39-b3555d130b24,30/10/2013,Oct-13,10,2013,STEENBRAS LOWER,Major Dam,33517,22.91,31812,94.91
d99e5da3-1a9e-4e49-a0ff-049b9bc86043,31/10/2013,Oct-13,10,2013,STEENBRAS LOWER,Major Dam,33517,22.95,31956,95.34
8bbe6203-dc3b-4c62-b868-b36e45d02dbf,01/11/2013,Nov-13,11,2013,STEENBRAS LOWER,Major Dam,33517,23,32135,95.88
99134df7-9b16-4efc-912e-d967263ad3d3,02/11/2013,Nov-13,11,2013,STEENBRAS LOWER,Major Dam,33517,23.03,32242,96.2
d048e72c-7928-4647-afcd-fe2c8228e37b,03/11/2013,Nov-13,11,2013,STEENBRAS LOWER,Major Dam,33517,23.06,32350,96.52
fc09bb42-8bd1-4323-a108-850f937d651e,04/11/2013,Nov-13,11,2013,STEENBRAS LOWER,Major Dam,33517,23.21,32888,98.12
d7d5559e-48b1-40fb-bd1f-58e59ecd4086,05/11/2013,Nov-13,11,2013,STEENBRAS LOWER,Major Dam,33517,23.28,33139,98.87
d5ed5585-37f9-4348-bc08-d5d455587109,06/11/2013,Nov-13,11,2013,STEENBRAS LOWER,Major Dam,33517,23.28,33139,98.87
795aae44-628a-4cf1-8359-9bb910cb7af5,07/11/2013,Nov-13,11,2013,STEENBRAS LOWER,Major Dam,33517,23.27,33103,98.76
9c9e07ea-7342-4978-9a00-775c4fa53c29,08/11/2013,Nov-13,11,2013,STEENBRAS LOWER,Major Dam,33517,23.27,33103,98.76
949c1de4-8259-4256-ade9-5954afb0be63,09/11/2013,Nov-13,11,2013,STEENBRAS LOWER,Major Dam,33517,23.27,33103,98.76
4ab5ed07-2f5a-4710-9ef8-06df97e8b2e9,10/11/2013,Nov-13,11,2013,STEENBRAS LOWER,Major Dam,33517,23.27,33103,98.76
12cf1e68-c591-40e0-8a41-35833ae919b2,11/11/2013,Nov-13,11,2013,STEENBRAS LOWER,Major Dam,33517,23.26,33067,98.66
adcaadc4-055d-4e21-8df0-290610049f5f,12/11/2013,Nov-13,11,2013,STEENBRAS LOWER,Major Dam,33517,23.25,33031,98.55
03a61109-2c56-41d2-9b48-8872a233d201,13/11/2013,Nov-13,11,2013,STEENBRAS LOWER,Major Dam,33517,23.13,32601,97.27
e852a8ce-671b-44a9-b922-30732f8b00b5,14/11/2013,Nov-13,11,2013,STEENBRAS LOWER,Major Dam,33517,23.05,32314,96.41
d4610c3d-f944-4aeb-9c1d-420b9e1fb7ed,15/11/2013,Nov-13,11,2013,STEENBRAS LOWER,Major Dam,33517,23.01,32171,95.98
16a3cfa3-95f4-4c43-bcd2-78c78066a5af,16/11/2013,Nov-13,11,2013,STEENBRAS LOWER,Major Dam,33517,23.5,33915,101.19
8065a450-a63f-4990-afae-e9376d065e59,17/11/2013,Nov-13,11,2013,STEENBRAS LOWER,Major Dam,33517,23.52,33988,101.41
8c39a22f-bb8f-4e54-8f56-7fd6ae85ec94,18/11/2013,Nov-13,11,2013,STEENBRAS LOWER,Major Dam,33517,23.52,33988,101.41
31a45b1d-5b8a-46fb-9b8c-20ad2cd1f4c8,19/11/2013,Nov-13,11,2013,STEENBRAS LOWER,Major Dam,33517,23.5,33915,101.19
b172270f-949d-437e-9f46-1c2a6890e555,20/11/2013,Nov-13,11,2013,STEENBRAS LOWER,Major Dam,33517,23.42,33624,100.32
ad0f9612-0b2e-4f24-9250-747b9819109c,21/11/2013,Nov-13,11,2013,STEENBRAS LOWER,Major Dam,33517,23.39,33517,100
651f02f5-5b74-4bd8-9871-212cf8e8c3d3,22/11/2013,Nov-13,11,2013,STEENBRAS LOWER,Major Dam,33517,23.41,33588,100.21
615e2575-2ea1-4229-a3f8-be6df06735e0,23/11/2013,Nov-13,11,2013,STEENBRAS LOWER,Major Dam,33517,23.41,33588,100.21
0f6250e3-481b-4bcc-aad1-c9d7602c9e3a,24/11/2013,Nov-13,11,2013,STEENBRAS LOWER,Major Dam,33517,23.41,33588,100.21
b51726e5-7234-4d38-86a0-04da30078db1,25/11/2013,Nov-13,11,2013,STEENBRAS LOWER,Major Dam,33517,23.34,33347,99.49
bf113242-4186-4079-984c-2be112adbee1,26/11/2013,Nov-13,11,2013,STEENBRAS LOWER,Major Dam,33517,23.32,33278,99.29
a307c77c-cbad-43d5-8756-e3402e723b6f,27/11/2013,Nov-13,11,2013,STEENBRAS LOWER,Major Dam,33517,23.28,33139,98.87
dfe50e47-4233-4159-af35-bbcb7ca92e10,28/11/2013,Nov-13,11,2013,STEENBRAS LOWER,Major Dam,33517,23.24,32995,98.44
ca605f3c-0817-4f9f-927c-9f1003bb787e,29/11/2013,Nov-13,11,2013,STEENBRAS LOWER,Major Dam,33517,23.17,32744,97.69
0d2017b1-f70e-4a2e-9201-5c97c87b1deb,30/11/2013,Nov-13,11,2013,STEENBRAS LOWER,Major Dam,33517,23.13,32601,97.27
fb2a8bef-9678-4796-b926-b54e17b04f3c,01/12/2013,Dec-13,12,2013,STEENBRAS LOWER,Major Dam,33517,23.09,32457,96.84
c8669f70-3217-452d-bb03-7f0e3212745e,02/12/2013,Dec-13,12,2013,STEENBRAS LOWER,Major Dam,33517,23.04,32278,96.3
0c37e02f-8ea7-466e-8304-04745c55d49d,03/12/2013,Dec-13,12,2013,STEENBRAS LOWER,Major Dam,33517,23,32135,95.88
016399bb-f08f-4816-b301-887989bdca00,04/12/2013,Dec-13,12,2013,STEENBRAS LOWER,Major Dam,33517,22.97,32027,95.55
39307032-2c9a-47e1-8c33-57a1387c9809,05/12/2013,Dec-13,12,2013,STEENBRAS LOWER,Major Dam,33517,22.95,31956,95.34
0fe51f6b-22e3-46a4-8409-aa4e99f98204,06/12/2013,Dec-13,12,2013,STEENBRAS LOWER,Major Dam,33517,22.91,31812,94.91
e60f2389-b272-4af2-ba01-78cc31b03339,07/12/2013,Dec-13,12,2013,STEENBRAS LOWER,Major Dam,33517,22.85,31597,94.27
393814c9-65be-4162-a86a-7c30827ed78f,08/12/2013,Dec-13,12,2013,STEENBRAS LOWER,Major Dam,33517,22.83,31528,94.07
4c7f033e-b5e8-4b62-926d-d656c6c5fcff,09/12/2013,Dec-13,12,2013,STEENBRAS LOWER,Major Dam,33517,22.8,31425,93.76
4741c7b7-470f-4a14-9c31-97a4a5f49d7f,10/12/2013,Dec-13,12,2013,STEENBRAS LOWER,Major Dam,33517,22.76,31287,93.35
38dce6ff-81d5-40dd-8542-7882d0753230,11/12/2013,Dec-13,12,2013,STEENBRAS LOWER,Major Dam,33517,22.69,31045,92.62
e72caa5d-d219-401d-be2f-b84d244782b2,12/12/2013,Dec-13,12,2013,STEENBRAS LOWER,Major Dam,33517,22.56,30597,91.29
35b7fe76-e9b4-49c3-b56f-1bbdafd7b8e6,13/12/2013,Dec-13,12,2013,STEENBRAS LOWER,Major Dam,33517,22.53,30494,90.98
868a3df2-7784-4ed9-86f4-8dd34d0973a2,14/12/2013,Dec-13,12,2013,STEENBRAS LOWER,Major Dam,33517,22.51,30426,90.78
0f0aa04e-40d3-4324-b747-59d94e330132,15/12/2013,Dec-13,12,2013,STEENBRAS LOWER,Major Dam,33517,22.49,30358,90.57
f0484343-07fb-4337-8d64-2cc9df4c218b,16/12/2013,Dec-13,12,2013,STEENBRAS LOWER,Major Dam,33517,22.46,30256,90.27
1e6cc347-d9fb-4db3-9792-bbce43a6af55,17/12/2013,Dec-13,12,2013,STEENBRAS LOWER,Major Dam,33517,22.43,30154,89.97
2458b0a8-74de-419d-9280-a23807d40ee5,18/12/2013,Dec-13,12,2013,STEENBRAS LOWER,Major Dam,33517,22.4,30052,89.66
d645795a-fa36-4e16-b6da-e1e6d36879e5,19/12/2013,Dec-13,12,2013,STEENBRAS LOWER,Major Dam,33517,22.37,29950,89.36
18ca61d6-479b-45f9-b818-b971e9ec67f2,20/12/2013,Dec-13,12,2013,STEENBRAS LOWER,Major Dam,33517,22.34,29848,89.05
f3258a29-b309-4a96-b328-47078194d1ab,21/12/2013,Dec-13,12,2013,STEENBRAS LOWER,Major Dam,33517,22.32,29780,88.85
e6effcac-b8ea-4588-8fa4-6855257e8783,22/12/2013,Dec-13,12,2013,STEENBRAS LOWER,Major Dam,33517,22.26,29576,88.24
b356fbfd-f353-473a-adf5-744916bce679,23/12/2013,Dec-13,12,2013,STEENBRAS LOWER,Major Dam,33517,22.21,29408,87.74
0646af22-8efa-40f5-819a-5785738894fb,24/12/2013,Dec-13,12,2013,STEENBRAS LOWER,Major Dam,33517,22.15,29209,87.15
6b630290-fdc8-4eb6-ab63-2a28eaae81d7,25/12/2013,Dec-13,12,2013,STEENBRAS LOWER,Major Dam,33517,22.11,29076,86.75
817b16d7-0639-42b5-be9e-672317947aef,26/12/2013,Dec-13,12,2013,STEENBRAS LOWER,Major Dam,33517,22.05,28877,86.16
eab8bae0-bb12-47e8-a1eb-e07567e8a2af,27/12/2013,Dec-13,12,2013,STEENBRAS LOWER,Major Dam,33517,22,28711,85.66
5ac17ea4-3c54-4407-b88a-190787bd3fc9,28/12/2013,Dec-13,12,2013,STEENBRAS LOWER,Major Dam,33517,21.97,28612,85.37
65ac0d66-bf6b-44d9-b154-7efc64c5d825,29/12/2013,Dec-13,12,2013,STEENBRAS LOWER,Major Dam,33517,21.95,28545,85.17
aac06595-8d9a-460b-b104-e3f2807e3bc4,30/12/2013,Dec-13,12,2013,STEENBRAS LOWER,Major Dam,33517,21.9,28382,84.68
7127afee-c0b9-4c45-8be0-000c5861a61f,31/12/2013,Dec-13,12,2013,STEENBRAS LOWER,Major Dam,33517,21.87,28285,84.39
cbd5cb40-0226-40a1-b6bb-8f4f04a2d6db,01/01/2014,Jan-14,1,2014,STEENBRAS LOWER,Major Dam,33517,21.82,28123,83.91
1ed6bfb6-c058-4cd4-82d4-11df6057f076,02/01/2014,Jan-14,1,2014,STEENBRAS LOWER,Major Dam,33517,21.8,28058,83.71
b6c4e411-6ee3-4ccf-a40a-d2ee5b2c606d,03/01/2014,Jan-14,1,2014,STEENBRAS LOWER,Major Dam,33517,21.75,27896,83.23
a87bb94d-277d-40e0-86e5-b86c985ebaff,04/01/2014,Jan-14,1,2014,STEENBRAS LOWER,Major Dam,33517,21.72,27799,82.94
4a42e7ce-3502-406d-92ca-8e4e19c6f530,05/01/2014,Jan-14,1,2014,STEENBRAS LOWER,Major Dam,33517,21.72,27799,82.94
6d8e0ec7-3d8e-45b7-8ce6-9f4bfc405933,06/01/2014,Jan-14,1,2014,STEENBRAS LOWER,Major Dam,33517,21.67,27637,82.46
bfcc9712-96c5-4ed1-a3ac-a1f8af2f43be,07/01/2014,Jan-14,1,2014,STEENBRAS LOWER,Major Dam,33517,21.64,27539,82.16
5ac543e3-eae7-4340-b047-4bf89b237d15,08/01/2014,Jan-14,1,2014,STEENBRAS LOWER,Major Dam,33517,21.62,27475,81.97
8680473e-fbac-4cba-8659-12cb4ec4852d,09/01/2014,Jan-14,1,2014,STEENBRAS LOWER,Major Dam,33517,21.64,27539,82.16
094eb391-0570-40f6-b9c1-2443ebbd2db0,10/01/2014,Jan-14,1,2014,STEENBRAS LOWER,Major Dam,33517,21.68,27669,82.55
a2791ae7-6956-4a79-8978-4cde6ac45535,11/01/2014,Jan-14,1,2014,STEENBRAS LOWER,Major Dam,33517,21.68,27669,82.55
1ba08547-943f-483a-b1d7-c0ba22af11b4,12/01/2014,Jan-14,1,2014,STEENBRAS LOWER,Major Dam,33517,21.68,27669,82.55
8e8d3415-44c7-4c57-b982-d4355b0da7ef,13/01/2014,Jan-14,1,2014,STEENBRAS LOWER,Major Dam,33517,21.71,27766,82.84
e36f460f-c2ed-4235-a4ec-e486c741412e,14/01/2014,Jan-14,1,2014,STEENBRAS LOWER,Major Dam,33517,21.73,27831,83.04
ff7a8edb-5cf8-408c-b27d-51774ac08254,15/01/2014,Jan-14,1,2014,STEENBRAS LOWER,Major Dam,33517,21.68,27669,82.55
318b89a2-bbcd-4292-82a6-8a7b5c9be03c,16/01/2014,Jan-14,1,2014,STEENBRAS LOWER,Major Dam,33517,21.62,27475,81.97
aa3ef44a-6f00-4ce2-a8a2-b6b1d3f28f13,17/01/2014,Jan-14,1,2014,STEENBRAS LOWER,Major Dam,33517,21.6,27412,81.79
93e8841f-e55e-467a-b57b-1662665b908a,18/01/2014,Jan-14,1,2014,STEENBRAS LOWER,Major Dam,33517,21.57,27317,81.5
482020bc-4a31-413f-9297-c43ba1528408,19/01/2014,Jan-14,1,2014,STEENBRAS LOWER,Major Dam,33517,21.55,27254,81.31
6c2a6427-9617-42b9-81df-02b6d5a991ac,20/01/2014,Jan-14,1,2014,STEENBRAS LOWER,Major Dam,33517,21.51,27128,80.94
316c470c-cfa8-4d08-8905-cbf06a11dd9b,21/01/2014,Jan-14,1,2014,STEENBRAS LOWER,Major Dam,33517,21.5,27096,80.84
77de7bba-1d22-4958-a66b-833d9b21d0e6,22/01/2014,Jan-14,1,2014,STEENBRAS LOWER,Major Dam,33517,21.47,27001,80.56
b76f5655-bb48-4ca7-ac18-6bb7fe754d15,23/01/2014,Jan-14,1,2014,STEENBRAS LOWER,Major Dam,33517,21.4,26780,79.9
6098f086-ab4a-460b-a530-21c0236cdaf9,24/01/2014,Jan-14,1,2014,STEENBRAS LOWER,Major Dam,33517,21.37,26685,79.62
da283c49-b68d-4fe3-9d3f-2dd63f6163e1,25/01/2014,Jan-14,1,2014,STEENBRAS LOWER,Major Dam,33517,21.35,26622,79.43
c922f7c4-c368-4502-9fad-7eed01fdbd36,26/01/2014,Jan-14,1,2014,STEENBRAS LOWER,Major Dam,33517,21.3,26466,78.96
26b62391-ea7e-4f11-afa0-8c3921732d22,27/01/2014,Jan-14,1,2014,STEENBRAS LOWER,Major Dam,33517,21.27,26373,78.69
b53f2a5b-60a2-4d9b-b807-ac0419cfc05f,28/01/2014,Jan-14,1,2014,STEENBRAS LOWER,Major Dam,33517,21.2,26156,78.04
8a459738-7899-459e-b624-918f359cfcc0,29/01/2014,Jan-14,1,2014,STEENBRAS LOWER,Major Dam,33517,21.14,25971,77.49
2b15dce5-3c03-4ef4-bf56-a085121e618e,30/01/2014,Jan-14,1,2014,STEENBRAS LOWER,Major Dam,33517,21.09,25816,77.02
5d4e374d-9ed0-48eb-98e4-eb85103afc4e,31/01/2014,Jan-14,1,2014,STEENBRAS LOWER,Major Dam,33517,21.04,25661,76.56
64e4264f-9488-4254-9c84-5161f3109f5e,01/02/2014,Feb-14,2,2014,STEENBRAS LOWER,Major Dam,33517,20.95,25386,75.74
5fbb962d-d50e-4282-b75e-acccff3128fe,02/02/2014,Feb-14,2,2014,STEENBRAS LOWER,Major Dam,33517,20.91,25264,75.38
aa22203c-86d0-4295-ae61-4322e244aae1,03/02/2014,Feb-14,2,2014,STEENBRAS LOWER,Major Dam,33517,20.87,25142,75.01
05fac136-6ff3-4afa-8b56-ac115f003440,04/02/2014,Feb-14,2,2014,STEENBRAS LOWER,Major Dam,33517,20.84,25050,74.74
810b6d93-ddac-47cb-b313-593b0a1974af,05/02/2014,Feb-14,2,2014,STEENBRAS LOWER,Major Dam,33517,20.79,24898,74.28
48370298-f072-46c5-bb6a-7ad46f67660a,06/02/2014,Feb-14,2,2014,STEENBRAS LOWER,Major Dam,33517,20.76,24806,74.01
b2458543-c070-4f0f-b437-21b7b2f9e8ba,07/02/2014,Feb-14,2,2014,STEENBRAS LOWER,Major Dam,33517,20.72,24684,73.65
4d14bcc6-19ac-422f-b307-347d6cd153ec,08/02/2014,Feb-14,2,2014,STEENBRAS LOWER,Major Dam,33517,20.7,24624,73.47
e0132e4a-707a-4dd5-b8b1-7a2cca1f5868,09/02/2014,Feb-14,2,2014,STEENBRAS LOWER,Major Dam,33517,20.68,24564,73.29
9eea42e5-32ca-488f-9dc7-02f32fee1d47,10/02/2014,Feb-14,2,2014,STEENBRAS LOWER,Major Dam,33517,20.65,24474,73.02
c1e7de85-f490-4211-a662-fff3a5d0635d,11/02/2014,Feb-14,2,2014,STEENBRAS LOWER,Major Dam,33517,20.6,24324,72.57
7e084266-de72-4bd9-8497-7b147be4cfb6,12/02/2014,Feb-14,2,2014,STEENBRAS LOWER,Major Dam,33517,20.56,24205,72.22
f455705d-db9a-4d09-8a40-60f2b9febece,13/02/2014,Feb-14,2,2014,STEENBRAS LOWER,Major Dam,33517,20.52,24085,71.86
a832ca41-d1c6-445e-b64e-18a7856f5578,14/02/2014,Feb-14,2,2014,STEENBRAS LOWER,Major Dam,33517,20.47,23935,71.41
51d1b6ef-b985-409a-a53e-cffd7ad627df,15/02/2014,Feb-14,2,2014,STEENBRAS LOWER,Major Dam,33517,20.45,23875,71.23
d8e84570-7cc0-4f60-b460-862ed7162046,16/02/2014,Feb-14,2,2014,STEENBRAS LOWER,Major Dam,33517,20.41,23755,70.87
276dc675-4cd9-450e-af58-538a8cdabbac,17/02/2014,Feb-14,2,2014,STEENBRAS LOWER,Major Dam,33517,20.36,23608,70.44
6956d7fb-9486-4274-8ea3-5ea1b5e903b3,18/02/2014,Feb-14,2,2014,STEENBRAS LOWER,Major Dam,33517,20.34,23549,70.26
d802dcb0-5cec-4709-911c-60ae56145476,19/02/2014,Feb-14,2,2014,STEENBRAS LOWER,Major Dam,33517,20.31,23460,69.99
d0efa53e-1b67-464a-b56d-ca651d3f7578,20/02/2014,Feb-14,2,2014,STEENBRAS LOWER,Major Dam,33517,20.24,23254,69.38
b1701fb7-6fc6-42f2-b6e5-3efcc418c61b,21/02/2014,Feb-14,2,2014,STEENBRAS LOWER,Major Dam,33517,20.2,23136,69.03
4aed080c-580e-4753-a530-37e4688975e1,22/02/2014,Feb-14,2,2014,STEENBRAS LOWER,Major Dam,33517,20.16,23018,68.68
3a29a540-666e-407f-82c2-ffa0c212403f,23/02/2014,Feb-14,2,2014,STEENBRAS LOWER,Major Dam,33517,20.11,22870,68.23
3b1a3c28-c8e5-4b14-bd4e-86a4f63dce92,24/02/2014,Feb-14,2,2014,STEENBRAS LOWER,Major Dam,33517,20.08,22783,67.97
35149b79-c2dc-482f-ac4a-5f276efe9c4a,25/02/2014,Feb-14,2,2014,STEENBRAS LOWER,Major Dam,33517,20.06,22725,67.8
842e9643-d6ef-455d-a0a9-80cf98c534e0,26/02/2014,Feb-14,2,2014,STEENBRAS LOWER,Major Dam,33517,20.03,22639,67.54
7f2d17f0-189a-455c-a423-9ba7b625ac3d,27/02/2014,Feb-14,2,2014,STEENBRAS LOWER,Major Dam,33517,19.94,22378,66.77
9fc7065f-779c-42a6-b9e7-38bdbaa9a23f,28/02/2014,Feb-14,2,2014,STEENBRAS LOWER,Major Dam,33517,19.86,22147,66.08
f6a7ca37-c198-4b17-85f0-2f520190c302,01/03/2014,Mar-14,3,2014,STEENBRAS LOWER,Major Dam,33517,19.8,21973,65.56
d080f39a-3a97-41e1-9534-e5ac5e4d2b24,02/03/2014,Mar-14,3,2014,STEENBRAS LOWER,Major Dam,33517,19.76,21860,65.22
e0699896-8ea7-4465-8d12-14106b87bcb0,03/03/2014,Mar-14,3,2014,STEENBRAS LOWER,Major Dam,33517,19.71,21718,64.8
6503f0c8-4bc1-40f9-8f7c-08c11a0c83be,04/03/2014,Mar-14,3,2014,STEENBRAS LOWER,Major Dam,33517,19.65,21548,64.29
6f6d0101-dabc-4825-9613-e2d86bf1ea13,05/03/2014,Mar-14,3,2014,STEENBRAS LOWER,Major Dam,33517,19.62,21463,64.04
fad28efb-1cea-4943-b561-9e5929803527,06/03/2014,Mar-14,3,2014,STEENBRAS LOWER,Major Dam,33517,19.56,21293,63.53
96a82eef-d944-48d3-953c-8d0c681e0dee,07/03/2014,Mar-14,3,2014,STEENBRAS LOWER,Major Dam,33517,19.53,21209,63.28
88f7ed80-347d-4ca9-9bdf-185fc93d693d,08/03/2014,Mar-14,3,2014,STEENBRAS LOWER,Major Dam,33517,19.47,21042,62.78
dd358c1c-567e-41ef-886d-99500271472e,09/03/2014,Mar-14,3,2014,STEENBRAS LOWER,Major Dam,33517,19.43,20932,62.45
08def444-0164-499b-a382-e24eb4a55439,10/03/2014,Mar-14,3,2014,STEENBRAS LOWER,Major Dam,33517,19.37,20768,61.96
9f7082ae-4f32-4be4-85b5-09d28524d602,11/03/2014,Mar-14,3,2014,STEENBRAS LOWER,Major Dam,33517,19.32,20630,61.55
477efb5d-5d3f-4f93-9dc4-a32fc50d2ad0,12/03/2014,Mar-14,3,2014,STEENBRAS LOWER,Major Dam,33517,19.27,20493,61.14
0eb2db69-8b74-4aaf-9ea7-d194d775ed96,13/03/2014,Mar-14,3,2014,STEENBRAS LOWER,Major Dam,33517,19.22,20356,60.73
24a8e5bb-88a4-4617-b90b-8a4dece3d9af,14/03/2014,Mar-14,3,2014,STEENBRAS LOWER,Major Dam,33517,19.19,20274,60.49
6ab87301-30ed-4e0b-b3e3-beea76a9e7e4,15/03/2014,Mar-14,3,2014,STEENBRAS LOWER,Major Dam,33517,19.15,20167,60.17
d075932b-ebdd-4f99-a964-4acdceaf4fe5,16/03/2014,Mar-14,3,2014,STEENBRAS LOWER,Major Dam,33517,19.1,20033,59.77
c2a9470f-3bfe-4e9c-b282-f40c665c693f,17/03/2014,Mar-14,3,2014,STEENBRAS LOWER,Major Dam,33517,19.06,19926,59.45
bdb329d6-4bcc-4736-8b1e-dde861d524f0,18/03/2014,Mar-14,3,2014,STEENBRAS LOWER,Major Dam,33517,18.98,19712,58.81
e361f90c-d755-4a19-a53a-1090e105c22e,19/03/2014,Mar-14,3,2014,STEENBRAS LOWER,Major Dam,33517,18.93,19579,58.42
14a77a8e-3190-4256-9d11-c42f46037d68,20/03/2014,Mar-14,3,2014,STEENBRAS LOWER,Major Dam,33517,18.86,19394,57.86
16aa9869-fa45-4e33-a874-fb7cff6fcba3,21/03/2014,Mar-14,3,2014,STEENBRAS LOWER,Major Dam,33517,18.8,19237,57.39
dc698d32-2f0f-4aec-91e2-4169952d7f68,22/03/2014,Mar-14,3,2014,STEENBRAS LOWER,Major Dam,33517,18.8,19237,57.39
40f7cf7b-455d-49be-b697-62565f7cc189,23/03/2014,Mar-14,3,2014,STEENBRAS LOWER,Major Dam,33517,18.8,19237,57.39
cb76ce5f-cc40-486f-b06f-df9f14de0d9d,24/03/2014,Mar-14,3,2014,STEENBRAS LOWER,Major Dam,33517,18.74,19080,56.93
76a5685c-5323-4436-8590-c30def105f92,25/03/2014,Mar-14,3,2014,STEENBRAS LOWER,Major Dam,33517,18.68,18923,56.46
00e5ede2-9739-4921-b5fa-3eb1c45b3445,26/03/2014,Mar-14,3,2014,STEENBRAS LOWER,Major Dam,33517,18.64,18819,56.15
961a5743-a1b7-4c8f-b63f-003b07669c9c,27/03/2014,Mar-14,3,2014,STEENBRAS LOWER,Major Dam,33517,18.57,18637,55.6
b788ccb7-fa9c-4464-967e-4013f042b1bf,28/03/2014,Mar-14,3,2014,STEENBRAS LOWER,Major Dam,33517,18.52,18511,55.23
2b59cf18-f4dc-482d-b4bd-d3af61c7fcb0,29/03/2014,Mar-14,3,2014,STEENBRAS LOWER,Major Dam,33517,18.47,18385,54.85
f01d66fb-a34b-414f-a484-2974725bc940,30/03/2014,Mar-14,3,2014,STEENBRAS LOWER,Major Dam,33517,18.43,18283,54.55
5c4b75b4-6939-4e59-b371-c04b829534af,31/03/2014,Mar-14,3,2014,STEENBRAS LOWER,Major Dam,33517,18.36,18106,54.02
4cfd458a-4904-46f0-be7d-bb3260c404dc,01/04/2014,Apr-14,4,2014,STEENBRAS LOWER,Major Dam,33517,18.31,17980,53.64
ea150dfe-d272-4622-8660-1ef5d0495082,02/04/2014,Apr-14,4,2014,STEENBRAS LOWER,Major Dam,33517,18.26,17855,53.27
564e863c-ba52-48bc-b814-844268e9e384,03/04/2014,Apr-14,4,2014,STEENBRAS LOWER,Major Dam,33517,18.21,17732,52.9
72a9a2be-c10e-46d6-842e-0f27228790b3,04/04/2014,Apr-14,4,2014,STEENBRAS LOWER,Major Dam,33517,18.19,17683,52.76
237a5862-bdd3-44e2-a17f-8d06fb4f6315,05/04/2014,Apr-14,4,2014,STEENBRAS LOWER,Major Dam,33517,18.1,17461,52.1
b8bfc60f-cdce-4661-9ae4-90dde5c18fa2,06/04/2014,Apr-14,4,2014,STEENBRAS LOWER,Major Dam,33517,18.15,17584,52.46
921e2a62-f66b-4fbe-8cca-6bd668da5036,07/04/2014,Apr-14,4,2014,STEENBRAS LOWER,Major Dam,33517,18.11,17486,52.17
c4258e16-e675-4af6-b3fb-19483d2dc844,08/04/2014,Apr-14,4,2014,STEENBRAS LOWER,Major Dam,33517,18.09,17437,52.02
61afd46c-6419-47e8-87a0-221511382777,09/04/2014,Apr-14,4,2014,STEENBRAS LOWER,Major Dam,33517,18.07,17387,51.88
b58fe08c-47b0-451e-ae34-473ae50bbb3d,10/04/2014,Apr-14,4,2014,STEENBRAS LOWER,Major Dam,33517,18.07,17387,51.88
685e8221-33b1-42e4-a77a-100925e98044,11/04/2014,Apr-14,4,2014,STEENBRAS LOWER,Major Dam,33517,18.05,17338,51.73
fa53e39e-5c55-4be2-9750-cc6d45558bc0,12/04/2014,Apr-14,4,2014,STEENBRAS LOWER,Major Dam,33517,18.04,17314,51.66
7ec5cd67-3878-4fb9-b178-2255ec2db64c,13/04/2014,Apr-14,4,2014,STEENBRAS LOWER,Major Dam,33517,18,17215,51.36
5e661946-6c57-412b-b07b-de92f55af164,14/04/2014,Apr-14,4,2014,STEENBRAS LOWER,Major Dam,33517,17.98,17166,51.22
6279ebb7-0c50-4bdb-a9e3-9c76eaf5ba5e,15/04/2014,Apr-14,4,2014,STEENBRAS LOWER,Major Dam,33517,17.96,17119,51.08
fa5a6cb2-e5a0-4903-b290-84f8910d3118,16/04/2014,Apr-14,4,2014,STEENBRAS LOWER,Major Dam,33517,17.93,17047,50.86
37fb48ad-ed3c-4c1c-9369-201733d5f3f8,17/04/2014,Apr-14,4,2014,STEENBRAS LOWER,Major Dam,33517,17.89,16952,50.58
9c8000fd-1fc3-49ba-89c7-ef78cd304f21,18/04/2014,Apr-14,4,2014,STEENBRAS LOWER,Major Dam,33517,17.82,16785,50.08
8d8a08bd-aad1-42b6-91ea-7feb161e55c2,19/04/2014,Apr-14,4,2014,STEENBRAS LOWER,Major Dam,33517,17.74,16595,49.51
129202f8-d418-4932-9da9-63ab1f15e8b5,20/04/2014,Apr-14,4,2014,STEENBRAS LOWER,Major Dam,33517,17.69,16476,49.16
6796aecb-ce5b-410c-a0b1-9ccd5b4d500a,21/04/2014,Apr-14,4,2014,STEENBRAS LOWER,Major Dam,33517,17.62,16308,48.66
bfde66e7-71d2-4335-9fd2-d5ce8f22a740,22/04/2014,Apr-14,4,2014,STEENBRAS LOWER,Major Dam,33517,17.58,16211,48.37
5a1833e0-9e5b-489f-b8c6-85f865bea72d,23/04/2014,Apr-14,4,2014,STEENBRAS LOWER,Major Dam,33517,17.55,16139,48.15
4c09a359-e0b0-48d7-889a-9c9f6f1d1554,24/04/2014,Apr-14,4,2014,STEENBRAS LOWER,Major Dam,33517,17.51,16043,47.87
0b7f33e9-38c2-4358-8cae-cd1ba7367fb3,25/04/2014,Apr-14,4,2014,STEENBRAS LOWER,Major Dam,33517,17.48,15971,47.65
b77bf9a1-4b6c-4cf8-8489-ad439ae91896,26/04/2014,Apr-14,4,2014,STEENBRAS LOWER,Major Dam,33517,17.45,15899,47.44
0f6bfe12-0faf-442f-886a-adb65e8ffc3a,27/04/2014,Apr-14,4,2014,STEENBRAS LOWER,Major Dam,33517,17.41,15802,47.15
c0142843-b32c-45b2-82ea-ba6fe6f05e78,28/04/2014,Apr-14,4,2014,STEENBRAS LOWER,Major Dam,33517,17.37,15706,46.86
6790eb08-d18c-4c77-8e9d-734a0eb20d21,29/04/2014,Apr-14,4,2014,STEENBRAS LOWER,Major Dam,33517,17.34,15640,46.66
e81a288a-7534-4c13-9c5e-36e57cefd250,30/04/2014,Apr-14,4,2014,STEENBRAS LOWER,Major Dam,33517,17.29,15530,46.33
b305c8a8-844b-4a80-af5f-7138bbf1bad3,01/05/2014,May-14,5,2014,STEENBRAS LOWER,Major Dam,33517,17.24,15420,46.01
f01df169-d502-4ae1-8ff6-13cbd12a978c,02/05/2014,May-14,5,2014,STEENBRAS LOWER,Major Dam,33517,17.21,15354,45.81
78bc38a4-ea30-4434-b1da-a35267886913,03/05/2014,May-14,5,2014,STEENBRAS LOWER,Major Dam,33517,17.15,15222,45.42
90e63ae3-07ba-48e9-9e3b-1825b2750a30,04/05/2014,May-14,5,2014,STEENBRAS LOWER,Major Dam,33517,17.11,15134,45.15
bdacb663-36ea-42c1-9c00-d261092dcd59,05/05/2014,May-14,5,2014,STEENBRAS LOWER,Major Dam,33517,17.05,15002,44.76
e9a4cf67-d549-480c-bbec-5bbeac607343,06/05/2014,May-14,5,2014,STEENBRAS LOWER,Major Dam,33517,16.98,14848,44.3
d0af1cb4-4c42-4dda-926a-6331233abfdc,07/05/2014,May-14,5,2014,STEENBRAS LOWER,Major Dam,33517,16.9,14672,43.77
0406bc21-3e44-42ce-96b9-606660440681,08/05/2014,May-14,5,2014,STEENBRAS LOWER,Major Dam,33517,16.8,14452,43.12
8adb04d2-463b-441d-a4c2-dd173f7d9749,09/05/2014,May-14,5,2014,STEENBRAS LOWER,Major Dam,33517,16.73,14300,42.66
30b86487-34e0-467e-aa3c-77893091b38c,10/05/2014,May-14,5,2014,STEENBRAS LOWER,Major Dam,33517,16.62,14066,41.97
125b7bb4-eed6-45cf-b1e3-9512c461ada3,11/05/2014,May-14,5,2014,STEENBRAS LOWER,Major Dam,33517,16.53,13874,41.39
1e0ba508-0e28-476b-b31c-35e25c8779be,12/05/2014,May-14,5,2014,STEENBRAS LOWER,Major Dam,33517,16.44,13683,40.82
f744ad79-3919-4433-91bd-ade0cc653000,13/05/2014,May-14,5,2014,STEENBRAS LOWER,Major Dam,33517,16.37,13538,40.39
ae4ab0af-193a-470a-bef6-c35bc2b0409b,14/05/2014,May-14,5,2014,STEENBRAS LOWER,Major Dam,33517,16.28,13352,39.84
db112f33-fe71-429d-9f70-812109824b47,15/05/2014,May-14,5,2014,STEENBRAS LOWER,Major Dam,33517,16.24,13269,39.59
1af8aca9-4cd5-4e5b-aae5-a278cb7dc49e,16/05/2014,May-14,5,2014,STEENBRAS LOWER,Major Dam,33517,16.27,13332,39.78
41c4eb6e-4553-46cf-9194-41afcf158a07,17/05/2014,May-14,5,2014,STEENBRAS LOWER,Major Dam,33517,16.27,13332,39.78
2f826f80-22a5-43bd-b74a-bc1de166f9d2,18/05/2014,May-14,5,2014,STEENBRAS LOWER,Major Dam,33517,16.21,13207,39.4
52e01137-b9d7-4f25-9966-b78077f90d2b,19/05/2014,May-14,5,2014,STEENBRAS LOWER,Major Dam,33517,16.18,13146,39.22
ee5ad56f-29e7-40d6-a57e-4fc538227161,20/05/2014,May-14,5,2014,STEENBRAS LOWER,Major Dam,33517,16.2,13186,39.34
4fc16740-6bf3-4a50-b3d6-3d6cb988656c,21/05/2014,May-14,5,2014,STEENBRAS LOWER,Major Dam,33517,16.23,13248,39.53
b94d5eb2-e39f-4e59-b966-3748e3069b41,22/05/2014,May-14,5,2014,STEENBRAS LOWER,Major Dam,33517,16.21,13207,39.4
ecf03c1d-196d-462b-bda1-4713a4444a2b,23/05/2014,May-14,5,2014,STEENBRAS LOWER,Major Dam,33517,16.17,13126,39.16
ba40d64b-3a66-4a57-9229-7836f1b5698a,24/05/2014,May-14,5,2014,STEENBRAS LOWER,Major Dam,33517,16.12,13025,38.86
25706b61-ff3b-4006-8e05-694453def27d,25/05/2014,May-14,5,2014,STEENBRAS LOWER,Major Dam,33517,16.06,12905,38.5
2e6951f7-2be2-4345-8612-336c9547c900,26/05/2014,May-14,5,2014,STEENBRAS LOWER,Major Dam,33517,16,12785,38.14
c2ddccb8-b991-4006-bf66-36ec9d29c88c,27/05/2014,May-14,5,2014,STEENBRAS LOWER,Major Dam,33517,15.97,12725,37.97
20e7d656-a07b-4931-bc7a-0dc357a39a0e,28/05/2014,May-14,5,2014,STEENBRAS LOWER,Major Dam,33517,15.91,12604,37.6
103cc4e9-f4a8-41b4-932b-898db8f6efb9,29/05/2014,May-14,5,2014,STEENBRAS LOWER,Major Dam,33517,16.04,12865,38.38
5319b4b2-9c25-45d0-9c2b-89487b01b1ac,30/05/2014,May-14,5,2014,STEENBRAS LOWER,Major Dam,33517,16.13,13045,38.92
d400f276-4b02-4a1c-8644-282dbc0d000f,31/05/2014,May-14,5,2014,STEENBRAS LOWER,Major Dam,33517,16.17,13126,39.16
fa1a9492-4c30-465c-9074-eb661a8f62ec,01/06/2014,Jun-14,6,2014,STEENBRAS LOWER,Major Dam,33517,16.21,13207,39.4
377260f1-5514-405a-870d-f83b631ab81b,02/06/2014,Jun-14,6,2014,STEENBRAS LOWER,Major Dam,33517,16.44,13683,40.82
dd09be6b-ecbf-4ae1-9492-cb691bc807e7,03/06/2014,Jun-14,6,2014,STEENBRAS LOWER,Major Dam,33517,16.54,13895,41.46
7715e221-89d1-4f1b-a365-c221d1e10824,04/06/2014,Jun-14,6,2014,STEENBRAS LOWER,Major Dam,33517,16.75,14343,42.79
44ef0f12-d80d-4636-9998-961783c9af96,05/06/2014,Jun-14,6,2014,STEENBRAS LOWER,Major Dam,33517,17.13,15178,45.28
385eecbb-b159-47f3-8b8d-c9eab657faf3,06/06/2014,Jun-14,6,2014,STEENBRAS LOWER,Major Dam,33517,17.47,15947,47.58
6066cd75-4fd8-4add-a166-fef4ca1b8643,07/06/2014,Jun-14,6,2014,STEENBRAS LOWER,Major Dam,33517,17.56,16163,48.22
7b519f8e-4475-497a-83dc-93f64964f4b6,08/06/2014,Jun-14,6,2014,STEENBRAS LOWER,Major Dam,33517,17.57,16187,48.29
ba263531-3e47-4676-81cb-9f9f835af16f,09/06/2014,Jun-14,6,2014,STEENBRAS LOWER,Major Dam,33517,17.81,16761,50.01
88804ee5-2c80-4a6b-b419-15aec525ac66,10/06/2014,Jun-14,6,2014,STEENBRAS LOWER,Major Dam,33517,18.5,18460,55.08
3f5fb07e-6f94-4dfe-87fb-ebba56bf543a,11/06/2014,Jun-14,6,2014,STEENBRAS LOWER,Major Dam,33517,18.7,18975,56.61
83f5234f-902a-410f-bdc7-2a5baf7e20ad,12/06/2014,Jun-14,6,2014,STEENBRAS LOWER,Major Dam,33517,18.72,19028,56.77
ed03060d-3d38-4bf1-8357-079ab80d6277,13/06/2014,Jun-14,6,2014,STEENBRAS LOWER,Major Dam,33517,18.73,19054,56.85
1af2fb59-f3a6-4e7f-8e02-1d86184330d6,14/06/2014,Jun-14,6,2014,STEENBRAS LOWER,Major Dam,33517,18.73,19054,56.85
f3b192df-82ca-4767-a108-32c1e4a6b6da,15/06/2014,Jun-14,6,2014,STEENBRAS LOWER,Major Dam,33517,19.33,20658,61.63
c4a7e80c-011a-49be-8961-a93be0a14ebd,16/06/2014,Jun-14,6,2014,STEENBRAS LOWER,Major Dam,33517,19.6,21407,63.87
e5848077-387d-44e8-851a-3634dd3ce9cb,17/06/2014,Jun-14,6,2014,STEENBRAS LOWER,Major Dam,33517,19.63,21492,64.12
db02ccf6-a3d8-4761-a9df-2fe858ee17f5,18/06/2014,Jun-14,6,2014,STEENBRAS LOWER,Major Dam,33517,19.64,21520,64.21
7d75a33f-aff2-497d-a739-59098f1d062b,19/06/2014,Jun-14,6,2014,STEENBRAS LOWER,Major Dam,33517,19.8,21973,65.56
907fac97-b113-481c-97d2-4057f8182295,20/06/2014,Jun-14,6,2014,STEENBRAS LOWER,Major Dam,33517,20.1,22841,68.15
373916b2-bb52-4646-ad3c-04d7a634286d,21/06/2014,Jun-14,6,2014,STEENBRAS LOWER,Major Dam,33517,20.2,23136,69.03
de8f1a0c-de8a-4084-aee4-0b4a0eddc010,22/06/2014,Jun-14,6,2014,STEENBRAS LOWER,Major Dam,33517,20.4,23726,70.79
0de419fe-8a20-4533-8d00-af911450620e,23/06/2014,Jun-14,6,2014,STEENBRAS LOWER,Major Dam,33517,20.5,24025,71.68
bb8522cb-7187-494e-a414-6605106b11ce,24/06/2014,Jun-14,6,2014,STEENBRAS LOWER,Major Dam,33517,20.6,24324,72.57
132ae7b5-36da-4893-82c0-5399682f4d0c,25/06/2014,Jun-14,6,2014,STEENBRAS LOWER,Major Dam,33517,20.6,24324,72.57
5b3dc84d-9e8b-4fe8-b81e-b109c5256e16,26/06/2014,Jun-14,6,2014,STEENBRAS LOWER,Major Dam,33517,20.7,24624,73.47
a01fead5-406a-4f92-aec5-cf2267dd4058,27/06/2014,Jun-14,6,2014,STEENBRAS LOWER,Major Dam,33517,20.77,24837,74.1
fe54b49f-4073-464c-ae11-e520055d1448,28/06/2014,Jun-14,6,2014,STEENBRAS LOWER,Major Dam,33517,20.95,25386,75.74
944aed89-f984-4479-828e-b1475c384fd4,29/06/2014,Jun-14,6,2014,STEENBRAS LOWER,Major Dam,33517,21.05,25692,76.65
de6b59e8-f8ea-4701-9a75-2155b6aa4cd9,30/06/2014,Jun-14,6,2014,STEENBRAS LOWER,Major Dam,33517,21.07,25754,76.84
e4730a63-e521-4d6c-95fd-8221834cc410,01/07/2014,Jul-14,7,2014,STEENBRAS LOWER,Major Dam,33517,21.07,25754,76.84
9279de86-7106-4de0-baf0-9bfb12e632a8,02/07/2014,Jul-14,7,2014,STEENBRAS LOWER,Major Dam,33517,21.07,25754,76.84
d0b3f738-8dbb-4747-a0dd-bfa3c4198a94,03/07/2014,Jul-14,7,2014,STEENBRAS LOWER,Major Dam,33517,21.08,25785,76.93
e39b3fb7-12c9-47b1-b0bc-c8a8dc622a2e,04/07/2014,Jul-14,7,2014,STEENBRAS LOWER,Major Dam,33517,21.1,25847,77.12
2b9cf49f-d5bc-4e83-adac-06baa7f2e090,05/07/2014,Jul-14,7,2014,STEENBRAS LOWER,Major Dam,33517,21.4,26780,79.9
9b0fd913-874a-4558-9668-c9f11f051d2d,06/07/2014,Jul-14,7,2014,STEENBRAS LOWER,Major Dam,33517,21.56,27286,81.41
7c721e93-62fd-4d61-a0ff-5df98b6509e7,07/07/2014,Jul-14,7,2014,STEENBRAS LOWER,Major Dam,33517,21.96,28578,85.26
d0ca6dfe-ce0b-4ebe-9a11-472d7f2d45a9,08/07/2014,Jul-14,7,2014,STEENBRAS LOWER,Major Dam,33517,21.97,28612,85.37
88849cd3-c044-4415-a0e4-760cb53f74f5,09/07/2014,Jul-14,7,2014,STEENBRAS LOWER,Major Dam,33517,21.97,28612,85.37
874aceba-88ef-4ec3-91fc-645062ae60ae,10/07/2014,Jul-14,7,2014,STEENBRAS LOWER,Major Dam,33517,21.98,28645,85.46
0161c972-5de0-4260-83e9-51872a4257f2,11/07/2014,Jul-14,7,2014,STEENBRAS LOWER,Major Dam,33517,21.98,28645,85.46
45d28142-dee9-446c-b274-ff5f187b3e2e,12/07/2014,Jul-14,7,2014,STEENBRAS LOWER,Major Dam,33517,21.98,28645,85.46
c4a40097-6daa-4f18-9aa4-808252328ce9,13/07/2014,Jul-14,7,2014,STEENBRAS LOWER,Major Dam,33517,21.98,28645,85.46
176e55b6-1be5-4593-9789-a309871097ad,14/07/2014,Jul-14,7,2014,STEENBRAS LOWER,Major Dam,33517,21.98,28645,85.46
1c6d818d-322c-44d0-be6f-4ca6517271cc,15/07/2014,Jul-14,7,2014,STEENBRAS LOWER,Major Dam,33517,22,28711,85.66
2056fb6b-5cd8-4276-9b6f-118c7e4a1384,16/07/2014,Jul-14,7,2014,STEENBRAS LOWER,Major Dam,33517,22,28711,85.66
084ca5dc-1794-4d86-8359-0cee909d6526,17/07/2014,Jul-14,7,2014,STEENBRAS LOWER,Major Dam,33517,22,28711,85.66
2f3f0b74-bcbf-4c7b-af0f-13b904b49b53,18/07/2014,Jul-14,7,2014,STEENBRAS LOWER,Major Dam,33517,22.05,28877,86.16
242d9699-5a41-4dd4-a4b7-7b78f14e495e,19/07/2014,Jul-14,7,2014,STEENBRAS LOWER,Major Dam,33517,22.25,29542,88.14
90df92a6-8c68-4046-af70-6b408deae892,20/07/2014,Jul-14,7,2014,STEENBRAS LOWER,Major Dam,33517,22.4,30052,89.66
e5cbb45a-ade6-4592-a3ef-c30e9df655b8,21/07/2014,Jul-14,7,2014,STEENBRAS LOWER,Major Dam,33517,22.5,30392,90.68
44939374-6970-48c5-a121-6f545cdeb7e6,22/07/2014,Jul-14,7,2014,STEENBRAS LOWER,Major Dam,33517,22.52,30460,90.88
91b5998a-668f-48cc-a450-4d724e472136,23/07/2014,Jul-14,7,2014,STEENBRAS LOWER,Major Dam,33517,22.53,30494,90.98
dfc1e7c4-a877-4bdd-bb11-5889400dccc4,24/07/2014,Jul-14,7,2014,STEENBRAS LOWER,Major Dam,33517,22.54,30528,91.08
062def50-5f94-432c-aa22-4ccd2bc23aab,25/07/2014,Jul-14,7,2014,STEENBRAS LOWER,Major Dam,33517,22.6,30735,91.7
8b90c258-f18a-4a40-a864-7649109a3d8e,26/07/2014,Jul-14,7,2014,STEENBRAS LOWER,Major Dam,33517,22.78,31356,93.55
cac55a8c-d573-41cf-90dc-579865df48ce,27/07/2014,Jul-14,7,2014,STEENBRAS LOWER,Major Dam,33517,22.95,31956,95.34
62acd2a0-022c-41e7-af96-fd0c9e945eda,28/07/2014,Jul-14,7,2014,STEENBRAS LOWER,Major Dam,33517,23,32135,95.88
e3ec4097-7515-47cc-b5a5-be7cd89348c6,29/07/2014,Jul-14,7,2014,STEENBRAS LOWER,Major Dam,33517,23.05,32314,96.41
dc5cfa88-6911-4669-a303-0c88ef199350,30/07/2014,Jul-14,7,2014,STEENBRAS LOWER,Major Dam,33517,23.1,32493,96.94
317d9d4a-fa4c-4371-ad5e-18958db6ef95,31/07/2014,Jul-14,7,2014,STEENBRAS LOWER,Major Dam,33517,23.12,32565,97.16
1c7210ed-7e4e-4260-b05f-18ccf62d49ae,01/08/2014,Aug-14,8,2014,STEENBRAS LOWER,Major Dam,33517,23.15,32673,97.48
b563ef7f-40db-4e2b-b4a6-40059d405d64,02/08/2014,Aug-14,8,2014,STEENBRAS LOWER,Major Dam,33517,23.22,32924,98.23
59b9c76d-177f-488d-965b-5c769e35e045,03/08/2014,Aug-14,8,2014,STEENBRAS LOWER,Major Dam,33517,23.26,33067,98.66
d5ada36d-bdef-4a4b-83e6-c0247952b758,04/08/2014,Aug-14,8,2014,STEENBRAS LOWER,Major Dam,33517,23.28,33139,98.87
09a61c0a-18c8-4de3-a9fb-9b4db4582667,05/08/2014,Aug-14,8,2014,STEENBRAS LOWER,Major Dam,33517,23.5,33915,101.19
946cd9bb-d651-4601-9c44-2ae6317f38a2,06/08/2014,Aug-14,8,2014,STEENBRAS LOWER,Major Dam,33517,23.5,33915,101.19
f70f1f18-3466-4e40-9a6c-3fc0c30a282f,07/08/2014,Aug-14,8,2014,STEENBRAS LOWER,Major Dam,33517,23.45,33732,100.64
09dddf04-cac5-4f44-bea8-9dd6b633cf5a,08/08/2014,Aug-14,8,2014,STEENBRAS LOWER,Major Dam,33517,23.39,33517,100
42ac6943-1389-42ff-9aad-463b2dd695a6,09/08/2014,Aug-14,8,2014,STEENBRAS LOWER,Major Dam,33517,23.41,33588,100.21
8d06e44d-c2b5-4bdd-b60c-df0b17e1c1c7,10/08/2014,Aug-14,8,2014,STEENBRAS LOWER,Major Dam,33517,23.38,33484,99.9
0a9c68e3-d41b-445d-bf87-ea6ccd60ef90,11/08/2014,Aug-14,8,2014,STEENBRAS LOWER,Major Dam,33517,23.38,33484,99.9
6da2a678-851c-4c78-99db-b3f649518bec,12/08/2014,Aug-14,8,2014,STEENBRAS LOWER,Major Dam,33517,23.4,33552,100.1
96e7eec4-0817-445f-a5f2-240a901c314c,13/08/2014,Aug-14,8,2014,STEENBRAS LOWER,Major Dam,33517,23.4,33552,100.1
ef30d9e0-4bbb-4eac-9d67-dd97d9bc8194,14/08/2014,Aug-14,8,2014,STEENBRAS LOWER,Major Dam,33517,23.4,33552,100.1
2591963a-18c9-4860-ae60-4621eac548b6,15/08/2014,Aug-14,8,2014,STEENBRAS LOWER,Major Dam,33517,23.4,33552,100.1
a62f1f6e-abef-4f8b-aa62-69e62ba253d2,16/08/2014,Aug-14,8,2014,STEENBRAS LOWER,Major Dam,33517,23.4,33552,100.1
1e247dd4-1eb7-4e96-bc97-f8f5d1c392c9,17/08/2014,Aug-14,8,2014,STEENBRAS LOWER,Major Dam,33517,23.4,33552,100.1
c15e9fbb-2320-4847-a578-cf4f3b3a417c,18/08/2014,Aug-14,8,2014,STEENBRAS LOWER,Major Dam,33517,23.4,33552,100.1
c9203fb4-0184-46e2-8af7-6d919ec2aa15,19/08/2014,Aug-14,8,2014,STEENBRAS LOWER,Major Dam,33517,23.4,33552,100.1
2fbcb8c1-e66c-43f7-8e31-d7cfed270528,20/08/2014,Aug-14,8,2014,STEENBRAS LOWER,Major Dam,33517,23.4,33552,100.1
2af6be90-a974-40fd-b3f6-44e657214383,21/08/2014,Aug-14,8,2014,STEENBRAS LOWER,Major Dam,33517,23.4,33552,100.1
010fc20c-641e-49ce-96e0-97fc7da8bd82,22/08/2014,Aug-14,8,2014,STEENBRAS LOWER,Major Dam,33517,23.42,33624,100.32
664e5efe-68df-442c-8ef9-8bea3a2a73bc,23/08/2014,Aug-14,8,2014,STEENBRAS LOWER,Major Dam,33517,23.4,33552,100.1
273f15f4-6ffa-470d-ad9f-5763fccdd88a,24/08/2014,Aug-14,8,2014,STEENBRAS LOWER,Major Dam,33517,23.39,33517,100
4843a4c1-5edb-4304-8087-d5820d63d5c4,25/08/2014,Aug-14,8,2014,STEENBRAS LOWER,Major Dam,33517,23.4,33552,100.1
fa49f7f8-9e00-4d17-8bc8-475d2829f9a1,26/08/2014,Aug-14,8,2014,STEENBRAS LOWER,Major Dam,33517,23.41,33588,100.21
f31a4c72-adae-4d18-afca-65630a13442b,27/08/2014,Aug-14,8,2014,STEENBRAS LOWER,Major Dam,33517,23.41,33588,100.21
3f2b8cc7-704d-4948-be86-3c332ee95857,28/08/2014,Aug-14,8,2014,STEENBRAS LOWER,Major Dam,33517,23.55,34098,101.73
a3551435-73d2-43e3-9efa-c73b2f4f5caf,29/08/2014,Aug-14,8,2014,STEENBRAS LOWER,Major Dam,33517,23.55,34098,101.73
dd09fa56-d352-40af-99eb-13bfe83ab028,30/08/2014,Aug-14,8,2014,STEENBRAS LOWER,Major Dam,33517,23.55,34098,101.73
d39333f8-949c-4004-94dd-dae63cab4006,31/08/2014,Aug-14,8,2014,STEENBRAS LOWER,Major Dam,33517,23.55,34098,101.73
675fd753-a7ea-476e-9a55-f38f07880a74,01/09/2014,Sep-14,9,2014,STEENBRAS LOWER,Major Dam,33517,23.55,34098,101.73
df437d3f-adde-41f3-804e-97be8ddc0175,02/09/2014,Sep-14,9,2014,STEENBRAS LOWER,Major Dam,33517,23.52,33988,101.41
71c9ef05-2912-4dda-9766-6647171341bd,03/09/2014,Sep-14,9,2014,STEENBRAS LOWER,Major Dam,33517,23.43,33660,100.43
8818bfa7-7405-4789-b8be-6dbe7cad4535,04/09/2014,Sep-14,9,2014,STEENBRAS LOWER,Major Dam,33517,23.36,33415,99.7
6a4d434e-fda9-42fc-b36a-9ab2bd151a4b,05/09/2014,Sep-14,9,2014,STEENBRAS LOWER,Major Dam,33517,23.35,33381,99.59
901aac9d-796a-4c3f-853f-016f911967d9,06/09/2014,Sep-14,9,2014,STEENBRAS LOWER,Major Dam,33517,23.35,33381,99.59
27e95e99-8956-4eae-b8ec-434601709f29,07/09/2014,Sep-14,9,2014,STEENBRAS LOWER,Major Dam,33517,23.34,33347,99.49
b62ba1a2-03cd-4c14-8d8b-5021f47af427,08/09/2014,Sep-14,9,2014,STEENBRAS LOWER,Major Dam,33517,23.31,33244,99.19
a9496c53-a037-4238-b31a-c0721a6e2efa,09/09/2014,Sep-14,9,2014,STEENBRAS LOWER,Major Dam,33517,23.35,33381,99.59
f969e16a-59ff-413c-80f2-2e00d1ca4c79,10/09/2014,Sep-14,9,2014,STEENBRAS LOWER,Major Dam,33517,23.22,32924,98.23
ac00a01c-ef95-4108-8b0c-aad0502b5b22,11/09/2014,Sep-14,9,2014,STEENBRAS LOWER,Major Dam,33517,23.2,32852,98.02
3adfc63a-007a-4bae-b56f-95e51f48827c,12/09/2014,Sep-14,9,2014,STEENBRAS LOWER,Major Dam,33517,23.18,32780,97.8
e93a4f7e-b06f-4381-9599-241db141c3ed,13/09/2014,Sep-14,9,2014,STEENBRAS LOWER,Major Dam,33517,23.18,32780,97.8
bca4d4fe-f958-4abd-8b10-a57d825251b8,14/09/2014,Sep-14,9,2014,STEENBRAS LOWER,Major Dam,33517,23.15,32673,97.48
a69575f7-1db3-48d1-90ce-34c15294da81,15/09/2014,Sep-14,9,2014,STEENBRAS LOWER,Major Dam,33517,23.12,32565,97.16
975592ee-2f95-4013-a8f2-c45606ac0f4d,16/09/2014,Sep-14,9,2014,STEENBRAS LOWER,Major Dam,33517,23.1,32493,96.94
aff4110e-e977-4711-bf42-3259e6ff8638,17/09/2014,Sep-14,9,2014,STEENBRAS LOWER,Major Dam,33517,23.08,32422,96.73
076e3494-9e11-4a88-ae04-f614b8d6db45,18/09/2014,Sep-14,9,2014,STEENBRAS LOWER,Major Dam,33517,23.06,32350,96.52
4e2b4350-c5fc-43ad-9631-83c674ca3bd2,19/09/2014,Sep-14,9,2014,STEENBRAS LOWER,Major Dam,33517,23.1,32493,96.94
340e526b-ab9b-4270-a7c1-d7af7754fc1c,20/09/2014,Sep-14,9,2014,STEENBRAS LOWER,Major Dam,33517,23.14,32637,97.37
af12a7f5-a232-4a08-9df1-dba76694a82f,21/09/2014,Sep-14,9,2014,STEENBRAS LOWER,Major Dam,33517,23.06,32350,96.52
594476f0-5341-4a40-82bc-c83cda6eb04a,22/09/2014,Sep-14,9,2014,STEENBRAS LOWER,Major Dam,33517,23.14,32637,97.37
83b26052-d19e-444b-be22-d81676223b89,23/09/2014,Sep-14,9,2014,STEENBRAS LOWER,Major Dam,33517,23.12,32565,97.16
4ae1dd46-5587-469c-bfd8-11b942a36053,24/09/2014,Sep-14,9,2014,STEENBRAS LOWER,Major Dam,33517,23.11,32529,97.05
08f5ca62-85a8-4c3f-a532-f6d82f3e30e9,25/09/2014,Sep-14,9,2014,STEENBRAS LOWER,Major Dam,33517,23.09,32457,96.84
5e9b1ed9-0167-4f23-acd7-9f81c1f53bb8,26/09/2014,Sep-14,9,2014,STEENBRAS LOWER,Major Dam,33517,23.07,32386,96.63
d0319b84-9ceb-4e32-9234-f2592513b43a,27/09/2014,Sep-14,9,2014,STEENBRAS LOWER,Major Dam,33517,23.07,32386,96.63
88ffaa84-c2f7-42cf-8119-41a6cd2f722e,28/09/2014,Sep-14,9,2014,STEENBRAS LOWER,Major Dam,33517,23.07,32386,96.63
68cf1f4d-992f-400e-8fe9-e529d6ef24d8,29/09/2014,Sep-14,9,2014,STEENBRAS LOWER,Major Dam,33517,23,32135,95.88
0a276b42-3f2e-494e-81ee-b1c9b41a3d2a,30/09/2014,Sep-14,9,2014,STEENBRAS LOWER,Major Dam,33517,23,32135,95.88
4a568136-2109-46d1-b0d1-6493f20223fe,01/10/2014,Oct-14,10,2014,STEENBRAS LOWER,Major Dam,33517,23.04,32278,96.3
f92ac203-d566-43f0-812f-073839959b95,02/10/2014,Oct-14,10,2014,STEENBRAS LOWER,Major Dam,33517,23.07,32386,96.63
f38c4de5-8a4f-4525-9a28-075799403d28,03/10/2014,Oct-14,10,2014,STEENBRAS LOWER,Major Dam,33517,22.97,32027,95.55
a3c69936-9946-411e-8f66-f6b155babc69,04/10/2014,Oct-14,10,2014,STEENBRAS LOWER,Major Dam,33517,22.96,31991,95.45
d38c75ec-671d-4f42-b849-ad395a2e6ff8,05/10/2014,Oct-14,10,2014,STEENBRAS LOWER,Major Dam,33517,22.96,31991,95.45
c55e7c71-08bf-4b6f-a749-f88b30326344,06/10/2014,Oct-14,10,2014,STEENBRAS LOWER,Major Dam,33517,22.95,31956,95.34
85fabbb6-6803-42d6-b300-86e3bffb433b,07/10/2014,Oct-14,10,2014,STEENBRAS LOWER,Major Dam,33517,22.92,31848,95.02
b4456093-3e51-4d49-b3d6-aa696020867c,08/10/2014,Oct-14,10,2014,STEENBRAS LOWER,Major Dam,33517,22.9,31776,94.81
d2e6bcca-7d9e-4d55-a429-ae9e7dc27b24,09/10/2014,Oct-14,10,2014,STEENBRAS LOWER,Major Dam,33517,22.87,31669,94.49
9843e883-b181-43c3-a743-8dc5116ffd2e,10/10/2014,Oct-14,10,2014,STEENBRAS LOWER,Major Dam,33517,22.86,31633,94.38
ca75ae8a-a1f8-4948-9039-03dbc695a33b,11/10/2014,Oct-14,10,2014,STEENBRAS LOWER,Major Dam,33517,22.81,31459,93.86
e79d8a42-8197-4ead-a13d-b93a6049848d,12/10/2014,Oct-14,10,2014,STEENBRAS LOWER,Major Dam,33517,22.78,31356,93.55
bf777bfa-913c-4d20-b6b7-31cd8cb49ac9,13/10/2014,Oct-14,10,2014,STEENBRAS LOWER,Major Dam,33517,22.76,31287,93.35
22153c93-8fd0-4259-82da-3552c45fc4f9,14/10/2014,Oct-14,10,2014,STEENBRAS LOWER,Major Dam,33517,22.71,31114,92.83
c3b5061b-654b-4b7f-98f3-8f42935fce24,15/10/2014,Oct-14,10,2014,STEENBRAS LOWER,Major Dam,33517,22.66,30942,92.32
762775d0-c640-42c5-90cd-5bec9a817f7e,16/10/2014,Oct-14,10,2014,STEENBRAS LOWER,Major Dam,33517,22.65,30907,92.21
cf5e98cd-c2ec-40a5-bb75-af77aa7b3f3c,17/10/2014,Oct-14,10,2014,STEENBRAS LOWER,Major Dam,33517,22.63,30838,92.01
5626080f-3114-484c-9095-3cb47bd71823,18/10/2014,Oct-14,10,2014,STEENBRAS LOWER,Major Dam,33517,22.6,30735,91.7
a6ac36ab-c5ec-468d-ba8b-fc7f2e203bb2,19/10/2014,Oct-14,10,2014,STEENBRAS LOWER,Major Dam,33517,22.57,30631,91.39
11fbec5d-21c9-402e-b5e0-6670539b887f,20/10/2014,Oct-14,10,2014,STEENBRAS LOWER,Major Dam,33517,22.51,30426,90.78
bd28441f-6fc5-4a0b-b657-14ace85242c0,21/10/2014,Oct-14,10,2014,STEENBRAS LOWER,Major Dam,33517,22.48,30324,90.47
f08c77ad-63a5-4075-83e4-2d8eb308fe2a,22/10/2014,Oct-14,10,2014,STEENBRAS LOWER,Major Dam,33517,22.43,30154,89.97
7ee31c36-666e-4a57-9185-da8b0d1a4baf,23/10/2014,Oct-14,10,2014,STEENBRAS LOWER,Major Dam,33517,22.41,30086,89.76
9e0e64e2-ce1d-438a-a7f0-5b3fde66389e,24/10/2014,Oct-14,10,2014,STEENBRAS LOWER,Major Dam,33517,22.37,29950,89.36
07681341-35ce-499f-8e32-88d47e36cad9,25/10/2014,Oct-14,10,2014,STEENBRAS LOWER,Major Dam,33517,22.37,29950,89.36
568e8aa7-d620-4962-9808-44e326e96dd9,26/10/2014,Oct-14,10,2014,STEENBRAS LOWER,Major Dam,33517,22.37,29950,89.36
df7c0cf5-af14-4651-8f74-ad97624cfa06,27/10/2014,Oct-14,10,2014,STEENBRAS LOWER,Major Dam,33517,22.32,29780,88.85
08ccadd3-5c71-4fc4-b8b5-97426df5c57d,28/10/2014,Oct-14,10,2014,STEENBRAS LOWER,Major Dam,33517,22.25,29542,88.14
9b2a1073-12e3-4e9f-861c-bc5025d3795f,29/10/2014,Oct-14,10,2014,STEENBRAS LOWER,Major Dam,33517,22.13,29143,86.95
0a152f9f-b593-48dc-a667-6081a08153cb,30/10/2014,Oct-14,10,2014,STEENBRAS LOWER,Major Dam,33517,22.06,28910,86.25
ec8d485b-fbd0-41bc-bb17-246558c2c8c2,31/10/2014,Oct-14,10,2014,STEENBRAS LOWER,Major Dam,33517,22,28711,85.66
f4a4e2d0-b7db-4c7f-a4aa-639404d56d68,01/11/2014,Nov-14,11,2014,STEENBRAS LOWER,Major Dam,33517,21.96,28578,85.26
d6b9f01a-fcae-4cc5-88ed-42353a8548e3,02/11/2014,Nov-14,11,2014,STEENBRAS LOWER,Major Dam,33517,22.01,28744,85.76
0323b9a7-b04b-4d9c-9429-023b2a408ce8,03/11/2014,Nov-14,11,2014,STEENBRAS LOWER,Major Dam,33517,22,28711,85.66
6b7b8d2e-0da4-4384-85e5-016bbd0e0e12,04/11/2014,Nov-14,11,2014,STEENBRAS LOWER,Major Dam,33517,21.94,28512,85.07
c7088edf-6b79-4a0a-b39f-0e300cd69f19,05/11/2014,Nov-14,11,2014,STEENBRAS LOWER,Major Dam,33517,21.9,28382,84.68
bead945d-99ed-4dd2-b01d-e508a10729ae,06/11/2014,Nov-14,11,2014,STEENBRAS LOWER,Major Dam,33517,21.84,28188,84.1
bc13c08d-4150-4274-aa10-5abf9811e645,07/11/2014,Nov-14,11,2014,STEENBRAS LOWER,Major Dam,33517,21.81,28091,83.81
7c787f4b-bb97-44d5-b738-cd13133f3847,08/11/2014,Nov-14,11,2014,STEENBRAS LOWER,Major Dam,33517,21.77,27961,83.42
58acfa50-867f-48fc-8e9b-677f52bbf9c8,09/11/2014,Nov-14,11,2014,STEENBRAS LOWER,Major Dam,33517,21.77,27961,83.42
1bdc4313-bcdf-4498-89d1-14a89f48360b,10/11/2014,Nov-14,11,2014,STEENBRAS LOWER,Major Dam,33517,21.71,27766,82.84
c29811b6-9b30-4a90-8217-65b004dcc714,11/11/2014,Nov-14,11,2014,STEENBRAS LOWER,Major Dam,33517,21.65,27572,82.26
f144d060-afa0-4abf-8578-1355bd02422e,12/11/2014,Nov-14,11,2014,STEENBRAS LOWER,Major Dam,33517,21.61,27444,81.88
163bc20f-4c10-4f64-87a0-2781acf3d194,13/11/2014,Nov-14,11,2014,STEENBRAS LOWER,Major Dam,33517,21.6,27412,81.79
f174b666-a201-4282-a7be-d4f3b6de0541,14/11/2014,Nov-14,11,2014,STEENBRAS LOWER,Major Dam,33517,21.58,27349,81.6
bb645745-83bf-4aef-84f8-b3255a499d5c,15/11/2014,Nov-14,11,2014,STEENBRAS LOWER,Major Dam,33517,21.57,27317,81.5
1f20a106-7752-422e-95c4-8b32c1afd1ee,16/11/2014,Nov-14,11,2014,STEENBRAS LOWER,Major Dam,33517,21.54,27223,81.22
f3455b63-a502-42d8-9f55-5b1476f6e55c,17/11/2014,Nov-14,11,2014,STEENBRAS LOWER,Major Dam,33517,21.51,27128,80.94
c9f59e41-af11-4731-a8a1-9160464cd0b5,18/11/2014,Nov-14,11,2014,STEENBRAS LOWER,Major Dam,33517,21.48,27033,80.65
78bcb07d-36bc-424c-b8fa-669606a6a3ff,19/11/2014,Nov-14,11,2014,STEENBRAS LOWER,Major Dam,33517,21.42,26843,80.09
ba4c0a9f-274b-45a8-b070-69e4816b94da,20/11/2014,Nov-14,11,2014,STEENBRAS LOWER,Major Dam,33517,21.37,26685,79.62
e6d9ec74-5607-4cf8-8d21-0864ad453661,21/11/2014,Nov-14,11,2014,STEENBRAS LOWER,Major Dam,33517,21.34,26591,79.34
6fafcaa8-58c8-486c-a235-7e2c9729b716,22/11/2014,Nov-14,11,2014,STEENBRAS LOWER,Major Dam,33517,21.29,26435,78.87
c347e9af-f492-4079-a19e-441a58705b49,23/11/2014,Nov-14,11,2014,STEENBRAS LOWER,Major Dam,33517,21.29,26435,78.87
11b76301-194d-41d7-879b-6f0b3094076e,24/11/2014,Nov-14,11,2014,STEENBRAS LOWER,Major Dam,33517,21.2,26156,78.04
b892fd98-5d28-45dd-9a83-e96081cadc41,25/11/2014,Nov-14,11,2014,STEENBRAS LOWER,Major Dam,33517,21.16,26033,77.67
c3e84a25-968f-49bd-9e99-0b0e02a15cf4,26/11/2014,Nov-14,11,2014,STEENBRAS LOWER,Major Dam,33517,21.07,25754,76.84
6a26353d-395d-4d24-a63e-cf8103f3068c,27/11/2014,Nov-14,11,2014,STEENBRAS LOWER,Major Dam,33517,21.09,25816,77.02
612279e4-ba21-49bb-9740-34951d625a7b,28/11/2014,Nov-14,11,2014,STEENBRAS LOWER,Major Dam,33517,21.03,25630,76.47
973d30a4-fc36-44d5-a7cb-2eac4dea56fc,29/11/2014,Nov-14,11,2014,STEENBRAS LOWER,Major Dam,33517,20.99,25508,76.1
4f679cc6-9b22-4c9c-a03c-9da1c1f0d836,30/11/2014,Nov-14,11,2014,STEENBRAS LOWER,Major Dam,33517,20.93,25325,75.56
021b2257-f92f-4723-a954-00479c1816a3,01/12/2014,Dec-14,12,2014,STEENBRAS LOWER,Major Dam,33517,20.89,25203,75.19
d53c3cd7-ab03-49f7-ad2a-28ef697a3c6d,02/12/2014,Dec-14,12,2014,STEENBRAS LOWER,Major Dam,33517,20.86,25111,74.92
4903a721-9ddf-4996-849f-c137ac7cc50d,03/12/2014,Dec-14,12,2014,STEENBRAS LOWER,Major Dam,33517,20.84,25050,74.74
3e77bee2-2527-491d-85b0-71d42c4bb59e,04/12/2014,Dec-14,12,2014,STEENBRAS LOWER,Major Dam,33517,20.76,24806,74.01
18cc24fb-c1b0-46be-9d88-1b1ce42ba1e1,05/12/2014,Dec-14,12,2014,STEENBRAS LOWER,Major Dam,33517,20.71,24654,73.56
20c5e40f-27a3-4cff-bd75-65488beadbbf,06/12/2014,Dec-14,12,2014,STEENBRAS LOWER,Major Dam,33517,20.67,24534,73.2
2582ec99-da5a-4b63-9751-df55d1a17963,07/12/2014,Dec-14,12,2014,STEENBRAS LOWER,Major Dam,33517,20.6,24324,72.57
8f57cc3d-2d8c-4046-99b0-2fb52df76011,08/12/2014,Dec-14,12,2014,STEENBRAS LOWER,Major Dam,33517,20.54,24145,72.04
1b717f93-872e-44b9-b905-10f903a60999,09/12/2014,Dec-14,12,2014,STEENBRAS LOWER,Major Dam,33517,20.5,24025,71.68
65783be1-b25c-4673-923f-d8303d367744,10/12/2014,Dec-14,12,2014,STEENBRAS LOWER,Major Dam,33517,20.44,23845,71.14
3e420d55-2159-4797-ab88-fa132c469b0a,11/12/2014,Dec-14,12,2014,STEENBRAS LOWER,Major Dam,33517,20.41,23755,70.87
94780342-f7b0-4126-ab41-d74df3dd00a7,12/12/2014,Dec-14,12,2014,STEENBRAS LOWER,Major Dam,33517,20.35,23578,70.35
bc1e0af5-731f-4735-89c6-3c8138c3512e,13/12/2014,Dec-14,12,2014,STEENBRAS LOWER,Major Dam,33517,20.33,23519,70.17
8ac7682a-5887-4a6c-8932-9549e35575cf,14/12/2014,Dec-14,12,2014,STEENBRAS LOWER,Major Dam,33517,20.27,23342,69.64
971cffa4-4dde-4d1c-a083-b72e2b03ca85,15/12/2014,Dec-14,12,2014,STEENBRAS LOWER,Major Dam,33517,20.24,23254,69.38
48911c1b-7c41-4bc2-9647-20d74d524be1,16/12/2014,Dec-14,12,2014,STEENBRAS LOWER,Major Dam,33517,20.19,23106,68.94
5f95814f-b56c-43d2-8f21-525cf6eeb166,17/12/2014,Dec-14,12,2014,STEENBRAS LOWER,Major Dam,33517,20.14,22959,68.5
308f81d8-97b9-4b3b-bf9f-d75000d401c5,18/12/2014,Dec-14,12,2014,STEENBRAS LOWER,Major Dam,33517,20.1,22841,68.15
4460ebf2-15ca-4ce0-a699-b3ea13602658,19/12/2014,Dec-14,12,2014,STEENBRAS LOWER,Major Dam,33517,20.06,22725,67.8
b29d3dc3-c609-4aa0-97cf-d59457bb088a,20/12/2014,Dec-14,12,2014,STEENBRAS LOWER,Major Dam,33517,20.02,22610,67.46
22ddd5d9-1ce7-4081-8784-796ebe9261d0,21/12/2014,Dec-14,12,2014,STEENBRAS LOWER,Major Dam,33517,19.96,22436,66.94
91885341-c049-4d05-b451-044741e3ceb0,22/12/2014,Dec-14,12,2014,STEENBRAS LOWER,Major Dam,33517,19.92,22320,66.59
aec7eaf2-4c89-4045-9f98-cdd48526a649,23/12/2014,Dec-14,12,2014,STEENBRAS LOWER,Major Dam,33517,19.88,22204,66.25
6e8311d7-07ab-42fd-84d8-1157cdb0a763,24/12/2014,Dec-14,12,2014,STEENBRAS LOWER,Major Dam,33517,19.83,22060,65.82
86a0f54a-7541-49b1-8da1-c6b8b24ab3ee,25/12/2014,Dec-14,12,2014,STEENBRAS LOWER,Major Dam,33517,19.79,21945,65.47
b08c1a32-b965-4751-a3b7-5521f2877553,26/12/2014,Dec-14,12,2014,STEENBRAS LOWER,Major Dam,33517,19.77,21888,65.3
4c3e4896-3fe8-4ce6-ac94-cb505b0126a0,27/12/2014,Dec-14,12,2014,STEENBRAS LOWER,Major Dam,33517,19.71,21718,64.8
74909204-682c-405c-9a62-87e0944b9a35,28/12/2014,Dec-14,12,2014,STEENBRAS LOWER,Major Dam,33517,19.67,21605,64.46
70a2b3ab-1466-4751-a031-660eff5f638d,29/12/2014,Dec-14,12,2014,STEENBRAS LOWER,Major Dam,33517,19.6,21407,63.87
aa1b0eec-7204-4282-9129-b78c69b2e910,30/12/2014,Dec-14,12,2014,STEENBRAS LOWER,Major Dam,33517,19.55,21265,63.45
d6542a46-88ff-4f69-9526-75c173d29e2e,31/12/2014,Dec-14,12,2014,STEENBRAS LOWER,Major Dam,33517,19.51,21152,63.11
cc1cc5cf-ad33-47f7-82eb-956f4946e283,01/01/2015,Jan-15,1,2015,STEENBRAS LOWER,Major Dam,33517,20.02,22610,67.46
9f87f856-a042-4294-983c-357e26d618f9,02/01/2015,Jan-15,1,2015,STEENBRAS LOWER,Major Dam,33517,19.38,20795,62.04
c5976493-3b04-4ed3-ba0a-7117c63e47d3,03/01/2015,Jan-15,1,2015,STEENBRAS LOWER,Major Dam,33517,19.29,20548,61.31
28e806ec-1a38-4daf-8d85-7c4888ccf186,04/01/2015,Jan-15,1,2015,STEENBRAS LOWER,Major Dam,33517,19.27,20493,61.14
26dd32c8-d98d-4e57-8523-ddea13fcff8b,05/01/2015,Jan-15,1,2015,STEENBRAS LOWER,Major Dam,33517,19.26,20466,61.06
87fdb031-8d54-4321-908d-3f595eb6c692,06/01/2015,Jan-15,1,2015,STEENBRAS LOWER,Major Dam,33517,19.25,20438,60.98
69547e34-a16f-42da-af71-e3a30d3df854,07/01/2015,Jan-15,1,2015,STEENBRAS LOWER,Major Dam,33517,19.18,20247,60.41
6cf5a5c1-3f96-476d-ae7d-d39274bd6d7a,08/01/2015,Jan-15,1,2015,STEENBRAS LOWER,Major Dam,33517,19.13,20114,60.01
423ccf49-8d0b-4747-bb26-8f0e250af2ac,09/01/2015,Jan-15,1,2015,STEENBRAS LOWER,Major Dam,33517,19.09,20007,59.69
f21717e9-800b-4851-9799-fbdcfa1fefa1,10/01/2015,Jan-15,1,2015,STEENBRAS LOWER,Major Dam,33517,19.03,19846,59.21
27b4783e-e4f4-4609-a239-82a884731700,11/01/2015,Jan-15,1,2015,STEENBRAS LOWER,Major Dam,33517,18.98,19712,58.81
4553d028-b885-4cdd-9039-38e5276f9446,12/01/2015,Jan-15,1,2015,STEENBRAS LOWER,Major Dam,33517,18.93,19579,58.42
95f6e19a-1355-4c27-903b-7bcfc577d282,13/01/2015,Jan-15,1,2015,STEENBRAS LOWER,Major Dam,33517,18.89,19472,58.1
a1e53e8d-84dd-4d15-ad39-c7a49973b29b,14/01/2015,Jan-15,1,2015,STEENBRAS LOWER,Major Dam,33517,18.83,19315,57.63
2285ed0d-188c-4e8d-ae30-3aab3cf5ace2,15/01/2015,Jan-15,1,2015,STEENBRAS LOWER,Major Dam,33517,18.77,19158,57.16
7287a640-ebbf-4dd0-981f-557b7fe05f86,16/01/2015,Jan-15,1,2015,STEENBRAS LOWER,Major Dam,33517,18.76,19132,57.08
6bfc97cd-97e5-4dfb-a9fe-bff70927922f,17/01/2015,Jan-15,1,2015,STEENBRAS LOWER,Major Dam,33517,18.75,19106,57
d4128cae-115a-40f4-8c0e-4308be899891,18/01/2015,Jan-15,1,2015,STEENBRAS LOWER,Major Dam,33517,18.74,19080,56.93
d5b7d32f-6cf5-4a8b-9d6a-a8140756bdc1,19/01/2015,Jan-15,1,2015,STEENBRAS LOWER,Major Dam,33517,18.67,18897,56.38
5ae0e895-f683-41b8-8f92-192622d38171,20/01/2015,Jan-15,1,2015,STEENBRAS LOWER,Major Dam,33517,18.63,18793,56.07
70e2cd80-5007-40f5-80de-dc240692b63f,21/01/2015,Jan-15,1,2015,STEENBRAS LOWER,Major Dam,33517,18.59,18688,55.76
cc6afbc4-f6e2-43d9-9135-818d9869345d,22/01/2015,Jan-15,1,2015,STEENBRAS LOWER,Major Dam,33517,18.51,18486,55.15
c3f42a6c-51b2-4419-972a-99c750513501,23/01/2015,Jan-15,1,2015,STEENBRAS LOWER,Major Dam,33517,18.45,18334,54.7
363077ba-7eb6-474d-a72a-6d32d2046f34,24/01/2015,Jan-15,1,2015,STEENBRAS LOWER,Major Dam,33517,18.39,18182,54.25
6802cba3-27b9-4429-b276-ef3808dc4864,25/01/2015,Jan-15,1,2015,STEENBRAS LOWER,Major Dam,33517,18.36,18106,54.02
c0734ad1-dd5c-4eca-8bb5-41259db8b514,26/01/2015,Jan-15,1,2015,STEENBRAS LOWER,Major Dam,33517,18.31,17980,53.64
2776bf87-7b41-4b86-989c-7d226dc5809b,27/01/2015,Jan-15,1,2015,STEENBRAS LOWER,Major Dam,33517,18.24,17806,53.13
9cced148-6ea9-4929-80e4-f578ed576198,28/01/2015,Jan-15,1,2015,STEENBRAS LOWER,Major Dam,33517,18.2,17707,52.83
fe2c5c03-80b9-43a5-9146-82bbf254dc13,29/01/2015,Jan-15,1,2015,STEENBRAS LOWER,Major Dam,33517,18.22,17756,52.98
fa43b647-501d-4171-ae97-4aff0e969ebe,30/01/2015,Jan-15,1,2015,STEENBRAS LOWER,Major Dam,33517,18.27,17879,53.34
da6d6043-1ab9-457d-94ae-d1bac0e04ce1,31/01/2015,Jan-15,1,2015,STEENBRAS LOWER,Major Dam,33517,18.35,18081,53.95
7e8b731c-448c-44c8-a98b-cdba097766cd,01/02/2015,Feb-15,2,2015,STEENBRAS LOWER,Major Dam,33517,18.4,18207,54.32
a96168a4-02bc-4b75-b814-6e4587b684e6,02/02/2015,Feb-15,2,2015,STEENBRAS LOWER,Major Dam,33517,18.46,18359,54.78
f7891c53-8a1f-453e-9683-918e2891eff4,03/02/2015,Feb-15,2,2015,STEENBRAS LOWER,Major Dam,33517,18.5,18460,55.08
f165ca32-c929-4069-ad26-970c5d6f4950,04/02/2015,Feb-15,2,2015,STEENBRAS LOWER,Major Dam,33517,18.56,18612,55.53
7808e78b-483f-463b-9c27-f21e9cd13d56,05/02/2015,Feb-15,2,2015,STEENBRAS LOWER,Major Dam,33517,18.62,18766,55.99
ddf4a630-147e-4cdb-af38-98cf77155f10,06/02/2015,Feb-15,2,2015,STEENBRAS LOWER,Major Dam,33517,18.65,18845,56.23
b56f49ed-3e85-4928-ab69-684f4ebada1e,07/02/2015,Feb-15,2,2015,STEENBRAS LOWER,Major Dam,33517,18.63,18793,56.07
88e2d370-4c9e-40a9-8403-b196948ce053,08/02/2015,Feb-15,2,2015,STEENBRAS LOWER,Major Dam,33517,18.62,18766,55.99
56279c7c-abe8-4ad2-82e6-ad3ac2f51a8e,09/02/2015,Feb-15,2,2015,STEENBRAS LOWER,Major Dam,33517,18.51,18486,55.15
66528ca0-6f30-4452-855f-ff7ea87ce147,10/02/2015,Feb-15,2,2015,STEENBRAS LOWER,Major Dam,33517,18.48,18410,54.93
9b32bdb5-16b8-485b-8635-9442e9ebc732,11/02/2015,Feb-15,2,2015,STEENBRAS LOWER,Major Dam,33517,18.44,18309,54.63
dc4d1b78-6ff7-4cee-970d-674d9ab5513e,12/02/2015,Feb-15,2,2015,STEENBRAS LOWER,Major Dam,33517,18.38,18157,54.17
98cafb8b-3e8c-4037-8dba-6533078396c5,13/02/2015,Feb-15,2,2015,STEENBRAS LOWER,Major Dam,33517,18.35,18081,53.95
f42c74bb-046b-465d-8ed3-60d5365ba005,14/02/2015,Feb-15,2,2015,STEENBRAS LOWER,Major Dam,33517,18.3,17955,53.57
3bbe88de-27e6-40d3-9d44-83445e6b162c,15/02/2015,Feb-15,2,2015,STEENBRAS LOWER,Major Dam,33517,18.24,17806,53.13
9811e4ae-fc13-41c4-9eab-89f77e097a54,16/02/2015,Feb-15,2,2015,STEENBRAS LOWER,Major Dam,33517,18.21,17732,52.9
4da8aafe-32cd-4f17-9cf5-a9db6b231cca,17/02/2015,Feb-15,2,2015,STEENBRAS LOWER,Major Dam,33517,18.12,17510,52.24
97bc1d0a-ca9c-4da3-bf7d-d407a5059c93,18/02/2015,Feb-15,2,2015,STEENBRAS LOWER,Major Dam,33517,18.1,17461,52.1
3088cd8d-d352-4eff-864f-c6f470e86474,19/02/2015,Feb-15,2,2015,STEENBRAS LOWER,Major Dam,33517,18.06,17363,51.8
13e50566-c300-495c-a1b5-b0762e08487b,20/02/2015,Feb-15,2,2015,STEENBRAS LOWER,Major Dam,33517,18,17215,51.36
842d1783-9bd5-405d-af34-f31659457f30,21/02/2015,Feb-15,2,2015,STEENBRAS LOWER,Major Dam,33517,17.96,17119,51.08
ba83d2f4-d121-464f-b7d4-c285cfa4596b,22/02/2015,Feb-15,2,2015,STEENBRAS LOWER,Major Dam,33517,17.92,17023,50.79
5b810291-6fe5-432c-9fe7-6b70576d925c,23/02/2015,Feb-15,2,2015,STEENBRAS LOWER,Major Dam,33517,17.87,16904,50.43
6ba1cb11-0f1b-48bd-9e3e-5fff683e3435,24/02/2015,Feb-15,2,2015,STEENBRAS LOWER,Major Dam,33517,17.79,16714,49.87
efa629c2-9574-4364-8a50-5411d1000dde,25/02/2015,Feb-15,2,2015,STEENBRAS LOWER,Major Dam,33517,17.73,16571,49.44
2faf841e-0a22-4680-82a5-17c8b4fd7164,26/02/2015,Feb-15,2,2015,STEENBRAS LOWER,Major Dam,33517,17.66,16404,48.94
6fc519b4-8c10-4c2a-846b-c386da22b18c,27/02/2015,Feb-15,2,2015,STEENBRAS LOWER,Major Dam,33517,17.6,16260,48.51
c7d79ddd-f2f0-4b1e-a094-b9c3d285586a,28/02/2015,Feb-15,2,2015,STEENBRAS LOWER,Major Dam,33517,17.55,16139,48.15
388d1c87-d9e2-47bc-b742-26f73c3fecf0,01/03/2015,Mar-15,3,2015,STEENBRAS LOWER,Major Dam,33517,17.5,16019,47.79
1675f67a-ae1a-44a1-9ca9-0ee0bba778d0,02/03/2015,Mar-15,3,2015,STEENBRAS LOWER,Major Dam,33517,17.45,15899,47.44
0b625d0f-076f-4469-9137-19f3e6bee79a,03/03/2015,Mar-15,3,2015,STEENBRAS LOWER,Major Dam,33517,17.38,15730,46.93
b488f756-74af-4199-bbdc-efdb59893247,04/03/2015,Mar-15,3,2015,STEENBRAS LOWER,Major Dam,33517,17.34,15640,46.66
093002da-6a12-49e8-92ca-69f75e3d4e39,05/03/2015,Mar-15,3,2015,STEENBRAS LOWER,Major Dam,33517,17.31,15574,46.47
208f3788-b8a6-4805-93cc-efc1ca1e3143,06/03/2015,Mar-15,3,2015,STEENBRAS LOWER,Major Dam,33517,17.27,15486,46.2
2a0db874-9cd8-4aa2-adb7-14b71b8e4730,07/03/2015,Mar-15,3,2015,STEENBRAS LOWER,Major Dam,33517,17.24,15420,46.01
d58e4ef1-4e09-418d-8b58-67b976c8543f,08/03/2015,Mar-15,3,2015,STEENBRAS LOWER,Major Dam,33517,17.2,15332,45.74
b8a04f65-7fd9-4800-9eca-5fa2e7f19cd7,09/03/2015,Mar-15,3,2015,STEENBRAS LOWER,Major Dam,33517,17.18,15288,45.61
8a82103c-30ce-4f60-839b-fd84aad9a328,10/03/2015,Mar-15,3,2015,STEENBRAS LOWER,Major Dam,33517,17.19,15310,45.68
b71f1a9a-e5ba-4456-9169-7dd2da2d31fa,11/03/2015,Mar-15,3,2015,STEENBRAS LOWER,Major Dam,33517,17.21,15354,45.81
1d03843d-6635-4a93-aaab-9b4a17bacf30,12/03/2015,Mar-15,3,2015,STEENBRAS LOWER,Major Dam,33517,17.24,15420,46.01
cce1584d-fbe2-4fc3-9217-345b3a374049,13/03/2015,Mar-15,3,2015,STEENBRAS LOWER,Major Dam,33517,17.26,15464,46.14
ae120bc3-bbca-498a-a862-c1cf191fbceb,14/03/2015,Mar-15,3,2015,STEENBRAS LOWER,Major Dam,33517,17.3,15552,46.4
71e04fb0-9e79-4a07-a0f0-fed2acd24639,15/03/2015,Mar-15,3,2015,STEENBRAS LOWER,Major Dam,33517,17.33,15618,46.6
ac566e3e-5737-4fca-b82a-e5b51f2c7667,16/03/2015,Mar-15,3,2015,STEENBRAS LOWER,Major Dam,33517,17.36,15684,46.79
a696e641-ad0e-438a-9c68-e91996cef2e2,17/03/2015,Mar-15,3,2015,STEENBRAS LOWER,Major Dam,33517,17.45,15899,47.44
74391fc4-7c49-4d7c-b71c-85e09bef8d06,18/03/2015,Mar-15,3,2015,STEENBRAS LOWER,Major Dam,33517,17.47,15947,47.58
15c14430-0631-4218-85a8-d1b5e0c35024,19/03/2015,Mar-15,3,2015,STEENBRAS LOWER,Major Dam,33517,17.57,16187,48.29
98153361-5939-401d-8659-429c11f17e34,20/03/2015,Mar-15,3,2015,STEENBRAS LOWER,Major Dam,33517,17.63,16332,48.73
9b2816da-fcc2-42b1-a8bc-f772ccb46c8e,21/03/2015,Mar-15,3,2015,STEENBRAS LOWER,Major Dam,33517,17.68,16452,49.09
f90d7684-3406-4696-9711-ac73db0c0433,22/03/2015,Mar-15,3,2015,STEENBRAS LOWER,Major Dam,33517,17.76,16642,49.65
5c9f59f1-03f3-441e-babb-c318ecb6adb6,23/03/2015,Mar-15,3,2015,STEENBRAS LOWER,Major Dam,33517,17.79,16714,49.87
76b7b6ef-d1ac-4958-98c2-6b5be921a456,24/03/2015,Mar-15,3,2015,STEENBRAS LOWER,Major Dam,33517,17.84,16833,50.22
967d6b14-b72a-4629-8ba5-fea91bdc9b37,25/03/2015,Mar-15,3,2015,STEENBRAS LOWER,Major Dam,33517,17.9,16976,50.65
b83bf232-94e6-49ba-b6e9-a1c45f1fcce6,26/03/2015,Mar-15,3,2015,STEENBRAS LOWER,Major Dam,33517,17.98,17166,51.22
415410a8-80ca-4e58-87c3-006f11bbcb9c,27/03/2015,Mar-15,3,2015,STEENBRAS LOWER,Major Dam,33517,18.03,17289,51.58
93e8a244-7baa-447d-ae92-2d51d0f45d77,28/03/2015,Mar-15,3,2015,STEENBRAS LOWER,Major Dam,33517,18.07,17387,51.88
0a8e0f9f-79ff-4cb8-82bb-20c116e1bf1f,29/03/2015,Mar-15,3,2015,STEENBRAS LOWER,Major Dam,33517,18.13,17535,52.32
2070da07-ace7-477c-bfba-96c735520df6,30/03/2015,Mar-15,3,2015,STEENBRAS LOWER,Major Dam,33517,18.18,17658,52.68
727ce653-39d4-462f-9054-610ae9000f45,31/03/2015,Mar-15,3,2015,STEENBRAS LOWER,Major Dam,33517,18.24,17806,53.13
7e350b3a-859e-4e42-b6aa-84c9f92f05b1,01/04/2015,Apr-15,4,2015,STEENBRAS LOWER,Major Dam,33517,18.3,17955,53.57
d4db3b00-7bcf-4a75-b48f-8315389c420b,02/04/2015,Apr-15,4,2015,STEENBRAS LOWER,Major Dam,33517,18.34,18056,53.87
c2ff9ebb-9fcf-4294-b2cf-0ac118012b02,03/04/2015,Apr-15,4,2015,STEENBRAS LOWER,Major Dam,33517,18.32,18005,53.72
60ebcfb6-0af5-46a0-a70a-4cb27451e27b,04/04/2015,Apr-15,4,2015,STEENBRAS LOWER,Major Dam,33517,18.29,17929,53.49
71be4d9f-6d21-4c6e-b488-4cd876d9c172,05/04/2015,Apr-15,4,2015,STEENBRAS LOWER,Major Dam,33517,18.24,17806,53.13
c41a935d-c8bd-4329-9239-6313c6dff5a2,06/04/2015,Apr-15,4,2015,STEENBRAS LOWER,Major Dam,33517,18.2,17707,52.83
7c392031-b0aa-4c56-9a2b-fdfd8dbf8a71,07/04/2015,Apr-15,4,2015,STEENBRAS LOWER,Major Dam,33517,18.18,17658,52.68
97ef6c57-6eb9-4dbf-bf58-4722c0c6c0e5,08/04/2015,Apr-15,4,2015,STEENBRAS LOWER,Major Dam,33517,18.13,17535,52.32
a9490da5-1fc4-4507-b434-fddd9da8edb3,09/04/2015,Apr-15,4,2015,STEENBRAS LOWER,Major Dam,33517,18.07,17387,51.88
6d860782-a78c-4cb7-a2de-2de62dd78982,10/04/2015,Apr-15,4,2015,STEENBRAS LOWER,Major Dam,33517,18.02,17264,51.51
49364643-10e7-4863-8f3f-84acd2f7e3b8,11/04/2015,Apr-15,4,2015,STEENBRAS LOWER,Major Dam,33517,18.01,17240,51.44
31648e51-c07b-45d0-a37f-29dcd25a3831,12/04/2015,Apr-15,4,2015,STEENBRAS LOWER,Major Dam,33517,18,17215,51.36
3bda4b3e-37cd-4ed6-bed5-3111ce9d664a,13/04/2015,Apr-15,4,2015,STEENBRAS LOWER,Major Dam,33517,17.94,17071,50.93
d43c4f6b-0304-47a8-b3df-adbfd0f8670b,14/04/2015,Apr-15,4,2015,STEENBRAS LOWER,Major Dam,33517,18,17215,51.36
9c51f593-8665-4784-bdaf-0e4ee20f62f4,15/04/2015,Apr-15,4,2015,STEENBRAS LOWER,Major Dam,33517,18.06,17363,51.8
35d6c947-1135-47fb-80e6-58104c9f80b1,16/04/2015,Apr-15,4,2015,STEENBRAS LOWER,Major Dam,33517,18.11,17486,52.17
dd216fff-23a0-414a-8ff2-3cbe5360a540,17/04/2015,Apr-15,4,2015,STEENBRAS LOWER,Major Dam,33517,18.18,17658,52.68
97141007-e6e0-4b25-9641-835b324f16aa,18/04/2015,Apr-15,4,2015,STEENBRAS LOWER,Major Dam,33517,18.21,17732,52.9
ad8d031e-b155-496a-ac7b-926bea10b4b8,19/04/2015,Apr-15,4,2015,STEENBRAS LOWER,Major Dam,33517,18.29,17929,53.49
a406dff5-63bf-44aa-924a-8b58783e099d,20/04/2015,Apr-15,4,2015,STEENBRAS LOWER,Major Dam,33517,18.35,18081,53.95
e975ed16-978a-4b7b-a0e0-a7743c2c417c,21/04/2015,Apr-15,4,2015,STEENBRAS LOWER,Major Dam,33517,18.38,18157,54.17
be231492-689f-41e3-bf76-2ec54d256345,22/04/2015,Apr-15,4,2015,STEENBRAS LOWER,Major Dam,33517,18.35,18081,53.95
c4e8e2c8-d5f8-4ad9-aec9-59a135888779,23/04/2015,Apr-15,4,2015,STEENBRAS LOWER,Major Dam,33517,18.31,17980,53.64
7fe2bb61-7dca-4913-b1ee-af0073499d21,24/04/2015,Apr-15,4,2015,STEENBRAS LOWER,Major Dam,33517,18.26,17855,53.27
db374db6-beab-414c-a7ce-c74c05f5488e,25/04/2015,Apr-15,4,2015,STEENBRAS LOWER,Major Dam,33517,18.25,17830,53.2
1264f140-fd74-4eec-82f2-689a4392b6f0,26/04/2015,Apr-15,4,2015,STEENBRAS LOWER,Major Dam,33517,18.22,17756,52.98
f0f89f49-9005-4e90-ae34-b7af0ad3eb95,27/04/2015,Apr-15,4,2015,STEENBRAS LOWER,Major Dam,33517,18.15,17584,52.46
48f38e17-7567-46a6-a32b-ee121de10931,28/04/2015,Apr-15,4,2015,STEENBRAS LOWER,Major Dam,33517,18.13,17535,52.32
8d16122c-a809-456f-8220-8e3bf25beed6,29/04/2015,Apr-15,4,2015,STEENBRAS LOWER,Major Dam,33517,18.1,17461,52.1
c8c2e479-1983-4833-8ea2-4d29099bd131,30/04/2015,Apr-15,4,2015,STEENBRAS LOWER,Major Dam,33517,18.07,17387,51.88
50139b6b-88c2-42fd-9555-1ef24a0dc0ff,01/05/2015,May-15,5,2015,STEENBRAS LOWER,Major Dam,33517,18.04,17314,51.66
97997f9d-d717-4225-af61-8251e17981a5,02/05/2015,May-15,5,2015,STEENBRAS LOWER,Major Dam,33517,17.97,17142,51.14
d73b8ff9-bd45-4065-9446-b162454e010b,03/05/2015,May-15,5,2015,STEENBRAS LOWER,Major Dam,33517,17.93,17047,50.86
63eea089-db5b-45f7-8e33-537ca30354e7,04/05/2015,May-15,5,2015,STEENBRAS LOWER,Major Dam,33517,17.86,16880,50.36
88cd2925-10de-47ef-96b1-1a65e110cfa8,05/05/2015,May-15,5,2015,STEENBRAS LOWER,Major Dam,33517,17.85,16857,50.29
a3845a05-674d-4cb1-ab9a-235e83f1dbc6,06/05/2015,May-15,5,2015,STEENBRAS LOWER,Major Dam,33517,17.82,16785,50.08
cf856f81-bc57-4b76-ba0f-b279c4b482a6,07/05/2015,May-15,5,2015,STEENBRAS LOWER,Major Dam,33517,17.78,16690,49.8
494aeafa-2d29-4aa9-855f-69b3d03d0700,08/05/2015,May-15,5,2015,STEENBRAS LOWER,Major Dam,33517,17.74,16595,49.51
4a004b68-caa0-462e-be15-1dc557c0b07e,09/05/2015,May-15,5,2015,STEENBRAS LOWER,Major Dam,33517,17.7,16499,49.23
017dff4d-87a0-4c27-ab23-95d507b25d24,10/05/2015,May-15,5,2015,STEENBRAS LOWER,Major Dam,33517,17.66,16404,48.94
396e1d6e-51fa-428b-b1b9-0c063101c44f,11/05/2015,May-15,5,2015,STEENBRAS LOWER,Major Dam,33517,17.63,16332,48.73
e00a10e3-f772-4bf6-8116-e25e08588229,12/05/2015,May-15,5,2015,STEENBRAS LOWER,Major Dam,33517,17.57,16187,48.29
d1c102f3-a69e-4adf-acf9-d977601dd862,13/05/2015,May-15,5,2015,STEENBRAS LOWER,Major Dam,33517,17.55,16139,48.15
1c7951c6-8a56-42cb-a52b-bfeb8cb0427d,14/05/2015,May-15,5,2015,STEENBRAS LOWER,Major Dam,33517,17.54,16115,48.08
d6ceb9a4-8f72-4bb9-aa95-9f95bfd12b18,15/05/2015,May-15,5,2015,STEENBRAS LOWER,Major Dam,33517,17.52,16067,47.94
1fc54801-f748-49c8-a58c-365f9175076a,16/05/2015,May-15,5,2015,STEENBRAS LOWER,Major Dam,33517,17.47,15947,47.58
681b5103-df00-4e05-a99c-7a056ca1352c,17/05/2015,May-15,5,2015,STEENBRAS LOWER,Major Dam,33517,17.43,15850,47.29
a52559b9-6cd7-414a-91bc-2e63a8bdb0e2,18/05/2015,May-15,5,2015,STEENBRAS LOWER,Major Dam,33517,17.38,15730,46.93
2151285c-04a0-4b02-8e09-98999c29be69,19/05/2015,May-15,5,2015,STEENBRAS LOWER,Major Dam,33517,17.34,15640,46.66
6a68d1a0-5f08-4e61-886e-2580f4e33a64,20/05/2015,May-15,5,2015,STEENBRAS LOWER,Major Dam,33517,17.34,15640,46.66
d4979017-f7f0-40cf-b1c4-eba0bc78cfc8,21/05/2015,May-15,5,2015,STEENBRAS LOWER,Major Dam,33517,17.32,15596,46.53
f946fdb2-d510-4115-8088-bbda2cb9d9ea,22/05/2015,May-15,5,2015,STEENBRAS LOWER,Major Dam,33517,17.3,15552,46.4
acac478a-1a51-472e-8ba5-b0cae47da3c2,23/05/2015,May-15,5,2015,STEENBRAS LOWER,Major Dam,33517,17.26,15464,46.14
1b518fdb-a64e-4113-97ba-c835b46a74c7,24/05/2015,May-15,5,2015,STEENBRAS LOWER,Major Dam,33517,17.24,15420,46.01
349f0d52-13d8-4efe-af7c-504bb8a21eb2,25/05/2015,May-15,5,2015,STEENBRAS LOWER,Major Dam,33517,17.22,15376,45.88
80c22919-7bcc-41b5-a004-c63fe741919c,26/05/2015,May-15,5,2015,STEENBRAS LOWER,Major Dam,33517,17.27,15486,46.2
8d1646e9-6d1c-4167-94c0-e39dc19b4afb,27/05/2015,May-15,5,2015,STEENBRAS LOWER,Major Dam,33517,17.34,15640,46.66
2b311123-f7ca-4200-8808-73b21dc6ed57,28/05/2015,May-15,5,2015,STEENBRAS LOWER,Major Dam,33517,17.42,15826,47.22
b3a2b26a-7418-4f10-adb5-8ea65fd27c75,29/05/2015,May-15,5,2015,STEENBRAS LOWER,Major Dam,33517,17.5,16019,47.79
8cf5b189-50a8-4680-8e96-16ffb1d54013,30/05/2015,May-15,5,2015,STEENBRAS LOWER,Major Dam,33517,17.52,16067,47.94
8234f318-e5f2-4e2a-b28c-8714afdc5916,31/05/2015,May-15,5,2015,STEENBRAS LOWER,Major Dam,33517,17.54,16115,48.08
7a1bfdfd-8916-4559-8b28-4554067f7b45,01/06/2015,Jun-15,6,2015,STEENBRAS LOWER,Major Dam,33517,17.52,16067,47.94
fe67ec4b-a009-4fb0-91b0-457ea72148be,02/06/2015,Jun-15,6,2015,STEENBRAS LOWER,Major Dam,33517,17.5,16019,47.79
d9162999-e5c5-4716-b16b-1363a7f1cdcc,03/06/2015,Jun-15,6,2015,STEENBRAS LOWER,Major Dam,33517,17.56,16163,48.22
6984590a-b499-43f5-acac-d69745b4e188,04/06/2015,Jun-15,6,2015,STEENBRAS LOWER,Major Dam,33517,18.11,17486,52.17
d4c491e7-0a07-44b1-a8f7-b323ee51fb47,05/06/2015,Jun-15,6,2015,STEENBRAS LOWER,Major Dam,33517,18.25,17830,53.2
2b73a939-49dd-4f74-8271-f24c28ab75af,06/06/2015,Jun-15,6,2015,STEENBRAS LOWER,Major Dam,33517,18.27,17879,53.34
73a06555-c8d5-4972-acf2-6293c0f6898b,07/06/2015,Jun-15,6,2015,STEENBRAS LOWER,Major Dam,33517,18.23,17781,53.05
71a3b7e6-2e3f-4744-8c2c-b091e8de0814,08/06/2015,Jun-15,6,2015,STEENBRAS LOWER,Major Dam,33517,18.22,17756,52.98
2fd4cd39-1085-4b41-a47a-a92c535f038b,09/06/2015,Jun-15,6,2015,STEENBRAS LOWER,Major Dam,33517,18.2,17707,52.83
85aa7341-7067-4330-aaae-57d0c58f9560,10/06/2015,Jun-15,6,2015,STEENBRAS LOWER,Major Dam,33517,18.2,17707,52.83
dcb9fa51-6f89-49ee-8dc4-505702686b7a,11/06/2015,Jun-15,6,2015,STEENBRAS LOWER,Major Dam,33517,18.18,17658,52.68
aa131a68-af56-49e6-9ef2-2045a6d5ba8c,12/06/2015,Jun-15,6,2015,STEENBRAS LOWER,Major Dam,33517,18.16,17609,52.54
742935ac-de71-4db8-aeed-85cd760b09e4,13/06/2015,Jun-15,6,2015,STEENBRAS LOWER,Major Dam,33517,18.1,17461,52.1
cb506ad8-fb3f-4f85-a7b1-6a2a8c2ffdef,14/06/2015,Jun-15,6,2015,STEENBRAS LOWER,Major Dam,33517,18.07,17387,51.88
4c4c8895-96f6-455c-861f-06554d0640ca,15/06/2015,Jun-15,6,2015,STEENBRAS LOWER,Major Dam,33517,18.06,17363,51.8
293b2d08-9ba6-4077-8a12-38d8229231cc,16/06/2015,Jun-15,6,2015,STEENBRAS LOWER,Major Dam,33517,18.05,17338,51.73
c04fdabb-243c-49c2-aff4-43451c7b9307,17/06/2015,Jun-15,6,2015,STEENBRAS LOWER,Major Dam,33517,18.16,17609,52.54
c708013a-b53d-48ee-8683-160f92c9d0ae,18/06/2015,Jun-15,6,2015,STEENBRAS LOWER,Major Dam,33517,18.18,17658,52.68
7668a238-10d9-4979-b364-135027bfa46c,19/06/2015,Jun-15,6,2015,STEENBRAS LOWER,Major Dam,33517,18.18,17658,52.68
389cc40c-d140-4041-9a95-9a72842b015e,20/06/2015,Jun-15,6,2015,STEENBRAS LOWER,Major Dam,33517,18.17,17633,52.61
13e37fa1-691a-458e-9f2f-ca6bc7274eea,21/06/2015,Jun-15,6,2015,STEENBRAS LOWER,Major Dam,33517,18.16,17609,52.54
3d85985f-92ea-4611-9d36-1041792c966c,22/06/2015,Jun-15,6,2015,STEENBRAS LOWER,Major Dam,33517,18.14,17560,52.39
9a265483-16dd-463d-88a4-210fe6ea74a8,23/06/2015,Jun-15,6,2015,STEENBRAS LOWER,Major Dam,33517,18.11,17486,52.17
5738b531-5003-4136-bb11-b7e91f9b6639,24/06/2015,Jun-15,6,2015,STEENBRAS LOWER,Major Dam,33517,18.22,17756,52.98
e5536a1d-fe5c-4f68-a609-5bd09371fd25,25/06/2015,Jun-15,6,2015,STEENBRAS LOWER,Major Dam,33517,18.54,18562,55.38
cb99ad05-1312-49e2-ae12-43909b24fb9d,26/06/2015,Jun-15,6,2015,STEENBRAS LOWER,Major Dam,33517,18.61,18740,55.91
133c6938-da9a-4fd2-b5b9-337c14529ba4,27/06/2015,Jun-15,6,2015,STEENBRAS LOWER,Major Dam,33517,18.66,18871,56.3
466863ad-dda5-40e0-be6d-d0e763c6e644,28/06/2015,Jun-15,6,2015,STEENBRAS LOWER,Major Dam,33517,18.68,18923,56.46
20e23a59-3f18-406b-87d7-09733e100c32,29/06/2015,Jun-15,6,2015,STEENBRAS LOWER,Major Dam,33517,18.66,18871,56.3
908e1898-6498-49bb-9bd0-0335d29d0870,30/06/2015,Jun-15,6,2015,STEENBRAS LOWER,Major Dam,33517,18.69,18949,56.54
04848419-dd19-4ccc-9f63-59a23fae04dd,01/07/2015,Jul-15,7,2015,STEENBRAS LOWER,Major Dam,33517,18.67,18897,56.38
e70bbfba-8600-4dfc-a79d-4a0aca8dfbd2,02/07/2015,Jul-15,7,2015,STEENBRAS LOWER,Major Dam,33517,18.64,18819,56.15
91d65fa5-9c07-46d6-a966-5ea8346a0076,03/07/2015,Jul-15,7,2015,STEENBRAS LOWER,Major Dam,33517,18.63,18793,56.07
60184454-2a89-4c8d-bb73-39c6c89c1790,04/07/2015,Jul-15,7,2015,STEENBRAS LOWER,Major Dam,33517,18.61,18740,55.91
544e6a4c-899a-41da-b973-695cab43dcec,05/07/2015,Jul-15,7,2015,STEENBRAS LOWER,Major Dam,33517,18.6,18714,55.83
371a24fb-4983-4ed4-8a40-c1a489fa9f74,06/07/2015,Jul-15,7,2015,STEENBRAS LOWER,Major Dam,33517,18.58,18663,55.68
a3fe3d33-aced-4742-9e61-9d5e15483cb3,07/07/2015,Jul-15,7,2015,STEENBRAS LOWER,Major Dam,33517,18.56,18612,55.53
94d16936-82d2-4281-bb2c-b897eeeeeff3,08/07/2015,Jul-15,7,2015,STEENBRAS LOWER,Major Dam,33517,18.55,18587,55.46
9beab285-9fef-4236-9888-5ae7296623e2,09/07/2015,Jul-15,7,2015,STEENBRAS LOWER,Major Dam,33517,18.53,18536,55.3
338be560-a58a-49a2-8479-cf9a4248b068,10/07/2015,Jul-15,7,2015,STEENBRAS LOWER,Major Dam,33517,18.49,18435,55
ab86b88c-cd1d-4ffc-abc8-8f58291a9b33,11/07/2015,Jul-15,7,2015,STEENBRAS LOWER,Major Dam,33517,18.47,18385,54.85
d4fbd771-174c-4b4f-b180-5f1b2da3841a,12/07/2015,Jul-15,7,2015,STEENBRAS LOWER,Major Dam,33517,18.52,18511,55.23
52ac5577-d726-414e-95b3-892f6855663d,13/07/2015,Jul-15,7,2015,STEENBRAS LOWER,Major Dam,33517,18.54,18562,55.38
a141def7-11b0-452f-a40b-d26d4dd2f28d,14/07/2015,Jul-15,7,2015,STEENBRAS LOWER,Major Dam,33517,18.51,18486,55.15
67b742f1-1858-4b8f-9a2c-8a857b6b8ac7,15/07/2015,Jul-15,7,2015,STEENBRAS LOWER,Major Dam,33517,18.53,18536,55.3
e714fc37-6c00-47b7-b950-e2bf924a274a,16/07/2015,Jul-15,7,2015,STEENBRAS LOWER,Major Dam,33517,18.52,18511,55.23
6e6419d8-b596-432b-9e5e-0667b955db85,17/07/2015,Jul-15,7,2015,STEENBRAS LOWER,Major Dam,33517,18.5,18460,55.08
5c225808-33e9-482f-87cf-4bb3a623dd08,18/07/2015,Jul-15,7,2015,STEENBRAS LOWER,Major Dam,33517,18.87,19420,57.94
78332a3d-8d08-4d48-995d-a428e87abeb6,19/07/2015,Jul-15,7,2015,STEENBRAS LOWER,Major Dam,33517,19,19766,58.97
64a538e7-94d4-4c9c-8f4f-9f7105b2b3f1,20/07/2015,Jul-15,7,2015,STEENBRAS LOWER,Major Dam,33517,19.04,19873,59.29
a29e3a28-c4cb-45c5-91df-ed3868f1bf5a,21/07/2015,Jul-15,7,2015,STEENBRAS LOWER,Major Dam,33517,19.05,19900,59.37
f6954839-d487-4ac3-8f86-14b329ef3069,22/07/2015,Jul-15,7,2015,STEENBRAS LOWER,Major Dam,33517,19.15,20167,60.17
7a8ef3a5-764d-488b-99dc-739f33ffd0c5,23/07/2015,Jul-15,7,2015,STEENBRAS LOWER,Major Dam,33517,19.25,20438,60.98
94ebff98-8f9d-497d-a91b-ca3e2e851bc7,24/07/2015,Jul-15,7,2015,STEENBRAS LOWER,Major Dam,33517,19.67,21605,64.46
9e86eeed-fb85-48c8-b316-622af33433fc,25/07/2015,Jul-15,7,2015,STEENBRAS LOWER,Major Dam,33517,19.97,22465,67.03
91697404-e453-4dcb-8f1d-e73833494f7c,26/07/2015,Jul-15,7,2015,STEENBRAS LOWER,Major Dam,33517,20.14,22959,68.5
2e4391f8-613b-4ace-a1c7-2887c0b1251f,27/07/2015,Jul-15,7,2015,STEENBRAS LOWER,Major Dam,33517,20.2,23136,69.03
e9752e10-3b56-4a34-99cc-5bd591b475e3,28/07/2015,Jul-15,7,2015,STEENBRAS LOWER,Major Dam,33517,20.25,23283,69.47
f64e1f52-5bc2-4641-bcdf-cb64840f16a4,29/07/2015,Jul-15,7,2015,STEENBRAS LOWER,Major Dam,33517,20.3,23431,69.91
6caf75fb-b287-4c46-b7e2-2f6520376850,30/07/2015,Jul-15,7,2015,STEENBRAS LOWER,Major Dam,33517,20.38,23667,70.61
7610b11b-3d1f-41e7-b413-a06d1149b83a,31/07/2015,Jul-15,7,2015,STEENBRAS LOWER,Major Dam,33517,20.57,24234,72.3
1291672f-a882-4201-95d9-b7d3f3297cf7,01/08/2015,Aug-15,8,2015,STEENBRAS LOWER,Major Dam,33517,20.63,24414,72.84
44e68e40-afef-4302-9e44-f8ee93f71a03,02/08/2015,Aug-15,8,2015,STEENBRAS LOWER,Major Dam,33517,20.67,24534,73.2
d7849c0a-7460-46d1-a6a0-f98615e09779,03/08/2015,Aug-15,8,2015,STEENBRAS LOWER,Major Dam,33517,20.68,24564,73.29
e2e84b44-4004-4977-bde9-9b8e637fb927,04/08/2015,Aug-15,8,2015,STEENBRAS LOWER,Major Dam,33517,20.77,24837,74.1
87bca0f6-5cdb-4b0d-8dc5-ef82f373ec94,05/08/2015,Aug-15,8,2015,STEENBRAS LOWER,Major Dam,33517,21.13,25940,77.39
3b93869b-46ae-42f8-af9b-1b42a095e82e,06/08/2015,Aug-15,8,2015,STEENBRAS LOWER,Major Dam,33517,21.38,26717,79.71
55d2cc3b-99de-4836-9156-70dd774f231b,07/08/2015,Aug-15,8,2015,STEENBRAS LOWER,Major Dam,33517,21.58,27349,81.6
7a800af9-48f5-415c-9dd9-4955c97b635a,08/08/2015,Aug-15,8,2015,STEENBRAS LOWER,Major Dam,33517,21.87,28285,84.39
37a7face-d600-4477-b758-d92e0a5e70d6,09/08/2015,Aug-15,8,2015,STEENBRAS LOWER,Major Dam,33517,22.01,28744,85.76
b0a514f0-b0d6-4403-b288-38a3e4be8cdc,10/08/2015,Aug-15,8,2015,STEENBRAS LOWER,Major Dam,33517,22.14,29176,87.05
e57b9081-4c46-48c9-b985-05617ca627f5,11/08/2015,Aug-15,8,2015,STEENBRAS LOWER,Major Dam,33517,22.35,29882,89.15
1afd69f5-edea-449e-b2d2-4174beaa9f18,12/08/2015,Aug-15,8,2015,STEENBRAS LOWER,Major Dam,33517,22.38,29984,89.46
fe786883-366d-4121-ad13-e1208ed4c6f3,13/08/2015,Aug-15,8,2015,STEENBRAS LOWER,Major Dam,33517,22.41,30086,89.76
9469604f-c035-4577-90ff-dcef3276c84c,14/08/2015,Aug-15,8,2015,STEENBRAS LOWER,Major Dam,33517,22.48,30324,90.47
06ca9684-9b00-47e5-8150-7adf96e41648,15/08/2015,Aug-15,8,2015,STEENBRAS LOWER,Major Dam,33517,22.49,30358,90.57
1367d312-63a4-464c-a24e-33d5c61c100d,16/08/2015,Aug-15,8,2015,STEENBRAS LOWER,Major Dam,33517,22.56,30597,91.29
5beb3c02-2fbf-40f0-9786-4d8b4c3e955e,17/08/2015,Aug-15,8,2015,STEENBRAS LOWER,Major Dam,33517,22.64,30873,92.11
5d56049d-ee35-4c26-9f3c-df5284ef0904,18/08/2015,Aug-15,8,2015,STEENBRAS LOWER,Major Dam,33517,22.66,30942,92.32
3e9f952c-98fc-4243-be5e-39948be7d635,19/08/2015,Aug-15,8,2015,STEENBRAS LOWER,Major Dam,33517,22.66,30942,92.32
a84df6ba-40c4-4c31-b3cd-a4607f2846bb,20/08/2015,Aug-15,8,2015,STEENBRAS LOWER,Major Dam,33517,22.65,30907,92.21
c6c6fd54-e6b7-445a-b7d1-af5a38cb119a,21/08/2015,Aug-15,8,2015,STEENBRAS LOWER,Major Dam,33517,22.63,30838,92.01
43cf89db-7a52-496e-a79f-3535b7270808,22/08/2015,Aug-15,8,2015,STEENBRAS LOWER,Major Dam,33517,22.6,30735,91.7
5be0b5f4-1ae4-4722-8ba8-c0c2ea203bee,23/08/2015,Aug-15,8,2015,STEENBRAS LOWER,Major Dam,33517,22.57,30631,91.39
40ee77ab-4480-4c41-885d-431b5b50549c,24/08/2015,Aug-15,8,2015,STEENBRAS LOWER,Major Dam,33517,22.57,30631,91.39
a0c9016b-c8d3-44a7-889c-3d6ff1b1d5fd,25/08/2015,Aug-15,8,2015,STEENBRAS LOWER,Major Dam,33517,22.56,30597,91.29
7e86cbb2-7d18-4029-aade-ee8c7d489d61,26/08/2015,Aug-15,8,2015,STEENBRAS LOWER,Major Dam,33517,22.56,30597,91.29
4f6523eb-c5f0-4d59-96b6-db28bb2805fb,27/08/2015,Aug-15,8,2015,STEENBRAS LOWER,Major Dam,33517,22.5,30392,90.68
c9bbdc39-f092-4099-9af4-dd3e5917ccda,28/08/2015,Aug-15,8,2015,STEENBRAS LOWER,Major Dam,33517,22.49,30358,90.57
d41faf08-adfd-4901-b5bb-8685f43ebd26,29/08/2015,Aug-15,8,2015,STEENBRAS LOWER,Major Dam,33517,22.48,30324,90.47
8bc8e9d1-0497-461c-99cc-ca850c0a8b61,30/08/2015,Aug-15,8,2015,STEENBRAS LOWER,Major Dam,33517,22.44,30188,90.07
ea8e86e0-99d6-444e-a120-41acc127ce23,31/08/2015,Aug-15,8,2015,STEENBRAS LOWER,Major Dam,33517,22.43,30154,89.97
a26e611e-72be-4edb-998c-88ccbc103949,01/09/2015,Sep-15,9,2015,STEENBRAS LOWER,Major Dam,33517,22.5,30392,90.68
cfdae818-3498-4338-ba81-a955e2ec4ad1,02/09/2015,Sep-15,9,2015,STEENBRAS LOWER,Major Dam,33517,22.55,30562,91.18
fb13a36b-54a0-460a-9f60-1fce794432fd,03/09/2015,Sep-15,9,2015,STEENBRAS LOWER,Major Dam,33517,22.67,30976,92.42
55eff162-8df8-4150-98b4-6755957c4eb6,04/09/2015,Sep-15,9,2015,STEENBRAS LOWER,Major Dam,33517,22.66,30942,92.32
855910ad-320d-43d3-a1ab-54e6f08aa908,05/09/2015,Sep-15,9,2015,STEENBRAS LOWER,Major Dam,33517,22.65,30907,92.21
db007f39-3586-496e-9b87-04059a255bc1,06/09/2015,Sep-15,9,2015,STEENBRAS LOWER,Major Dam,33517,22.64,30873,92.11
c633ee1e-c697-4772-84a9-bb0fb62c12d3,07/09/2015,Sep-15,9,2015,STEENBRAS LOWER,Major Dam,33517,22.65,30907,92.21
45b1fd52-0a68-4340-b976-0f2ab2703317,08/09/2015,Sep-15,9,2015,STEENBRAS LOWER,Major Dam,33517,22.65,30907,92.21
1738e38a-c4ff-4ebf-9d1d-9401c79d5a28,09/09/2015,Sep-15,9,2015,STEENBRAS LOWER,Major Dam,33517,22.62,30804,91.91
3891fa2d-276d-4ce3-aada-e84dd018188c,10/09/2015,Sep-15,9,2015,STEENBRAS LOWER,Major Dam,33517,22.6,30735,91.7
2f693849-0c17-4613-9e06-ed8efc0bec44,11/09/2015,Sep-15,9,2015,STEENBRAS LOWER,Major Dam,33517,22.62,30804,91.91
1926c457-a89c-402b-b408-3615b20ed7f9,12/09/2015,Sep-15,9,2015,STEENBRAS LOWER,Major Dam,33517,22.6,30735,91.7
6532e94d-2432-4edf-a238-98690e315e1b,13/09/2015,Sep-15,9,2015,STEENBRAS LOWER,Major Dam,33517,22.57,30631,91.39
894aceb4-75c8-49eb-b8cd-4fe4d5a4bf2c,14/09/2015,Sep-15,9,2015,STEENBRAS LOWER,Major Dam,33517,22.5,30392,90.68
d0fde49d-9649-40ce-b113-ac255295872b,15/09/2015,Sep-15,9,2015,STEENBRAS LOWER,Major Dam,33517,22.45,30222,90.17
15ab029e-c714-4d88-855e-a1c9696215e3,16/09/2015,Sep-15,9,2015,STEENBRAS LOWER,Major Dam,33517,22.42,30121,89.87
2bcad929-9394-4730-87e5-6bd7b7bc459f,17/09/2015,Sep-15,9,2015,STEENBRAS LOWER,Major Dam,33517,22.4,30052,89.66
23019dec-0524-4b66-a6eb-16bf0ec708ef,18/09/2015,Sep-15,9,2015,STEENBRAS LOWER,Major Dam,33517,22.42,30121,89.87
399325ef-a392-4186-b8cb-7c0012450f20,19/09/2015,Sep-15,9,2015,STEENBRAS LOWER,Major Dam,33517,22.45,30222,90.17
b2a952c9-b8b0-419a-9af7-cf348a8be987,20/09/2015,Sep-15,9,2015,STEENBRAS LOWER,Major Dam,33517,22.42,30121,89.87
ec721550-5361-4dd0-8985-f6a2dc2a2a50,21/09/2015,Sep-15,9,2015,STEENBRAS LOWER,Major Dam,33517,22.4,30052,89.66
c9d8303c-2ec5-492e-8c3c-b4e1fb5e0c20,22/09/2015,Sep-15,9,2015,STEENBRAS LOWER,Major Dam,33517,22.36,29916,89.26
49d86538-239a-4183-bfc1-7d3a103b7229,23/09/2015,Sep-15,9,2015,STEENBRAS LOWER,Major Dam,33517,22.34,29848,89.05
83b51650-8c43-42f7-834d-fc1760b6866d,24/09/2015,Sep-15,9,2015,STEENBRAS LOWER,Major Dam,33517,22.3,29712,88.65
b04ef8cb-003b-46f1-9cc9-9b249e2cac73,25/09/2015,Sep-15,9,2015,STEENBRAS LOWER,Major Dam,33517,22.25,29542,88.14
27b23032-7c41-40f2-ac69-e8231e74fbb7,26/09/2015,Sep-15,9,2015,STEENBRAS LOWER,Major Dam,33517,22.2,29375,87.64
712d51a6-061d-493a-88c4-05789a129107,27/09/2015,Sep-15,9,2015,STEENBRAS LOWER,Major Dam,33517,22.2,29375,87.64
fbfff775-9f99-421d-8b50-747a41eb2a6c,28/09/2015,Sep-15,9,2015,STEENBRAS LOWER,Major Dam,33517,22.2,29375,87.64
a4b22bc7-ce4e-4f9c-8876-4878a82f0359,29/09/2015,Sep-15,9,2015,STEENBRAS LOWER,Major Dam,33517,22.22,29442,87.84
320852f2-2010-42f0-8a16-379bef9b7c60,30/09/2015,Sep-15,9,2015,STEENBRAS LOWER,Major Dam,33517,22.22,29442,87.84
038e29cf-343a-42d4-98b8-ee99baa6a4e8,01/10/2015,Oct-15,10,2015,STEENBRAS LOWER,Major Dam,33517,22.26,29576,88.24
9ce388fd-c114-4705-89d3-81eaeb9ddd08,02/10/2015,Oct-15,10,2015,STEENBRAS LOWER,Major Dam,33517,22.24,29508,88.04
2146a303-5e7e-4309-8db4-30f36c39285a,03/10/2015,Oct-15,10,2015,STEENBRAS LOWER,Major Dam,33517,22.26,29576,88.24
7ec7c883-0fd7-43e6-a682-9f28d22379e6,04/10/2015,Oct-15,10,2015,STEENBRAS LOWER,Major Dam,33517,22.21,29408,87.74
709a02a2-ae42-45ee-b63a-06ea9e4734fa,05/10/2015,Oct-15,10,2015,STEENBRAS LOWER,Major Dam,33517,22.2,29375,87.64
cd08e3dd-29d1-4c3a-b54d-f15e777fc5db,06/10/2015,Oct-15,10,2015,STEENBRAS LOWER,Major Dam,33517,22.2,29375,87.64
bd900408-669a-49b3-95d9-f17ff2abaddd,07/10/2015,Oct-15,10,2015,STEENBRAS LOWER,Major Dam,33517,22.2,29375,87.64
66b0fed3-4e0d-4b7b-84f8-949a21de0db5,08/10/2015,Oct-15,10,2015,STEENBRAS LOWER,Major Dam,33517,22.19,29342,87.54
2e44728f-0644-4073-8ea4-20ef22b24e7c,09/10/2015,Oct-15,10,2015,STEENBRAS LOWER,Major Dam,33517,22.19,29342,87.54
998347f4-9412-4579-993a-a3491b3d7fea,10/10/2015,Oct-15,10,2015,STEENBRAS LOWER,Major Dam,33517,22.18,29309,87.45
c4624ade-0a0b-4752-acf3-142d5c23305e,11/10/2015,Oct-15,10,2015,STEENBRAS LOWER,Major Dam,33517,22.19,29342,87.54
600c79cd-6555-4f6f-9792-f23fd726b015,12/10/2015,Oct-15,10,2015,STEENBRAS LOWER,Major Dam,33517,22.13,29143,86.95
37ef849f-e95c-4258-8641-dd208fba5604,13/10/2015,Oct-15,10,2015,STEENBRAS LOWER,Major Dam,33517,22.09,29010,86.55
1ebe1cd5-acc8-4e73-a8d2-72141043987e,14/10/2015,Oct-15,10,2015,STEENBRAS LOWER,Major Dam,33517,22.09,29010,86.55
7e67a201-bff5-426a-ae2f-8f0b8b6d2875,15/10/2015,Oct-15,10,2015,STEENBRAS LOWER,Major Dam,33517,22.07,28944,86.36
866c00f6-5ee5-4486-b6d8-b44870a09773,16/10/2015,Oct-15,10,2015,STEENBRAS LOWER,Major Dam,33517,22.07,28944,86.36
2b2631dc-40a7-4abd-bdfd-187e7854c53d,17/10/2015,Oct-15,10,2015,STEENBRAS LOWER,Major Dam,33517,22.05,28877,86.16
ac2fd3d1-2a0d-4796-befa-351b7fd76310,18/10/2015,Oct-15,10,2015,STEENBRAS LOWER,Major Dam,33517,22.05,28877,86.16
b6ef065c-36a4-4ced-9009-49c5edf810da,19/10/2015,Oct-15,10,2015,STEENBRAS LOWER,Major Dam,33517,22,28711,85.66
90cc65f1-a5ce-4d42-819c-f4467f1c2f20,20/10/2015,Oct-15,10,2015,STEENBRAS LOWER,Major Dam,33517,21.98,28645,85.46
45d7433e-f5bd-473d-bf5b-e19b2e882487,21/10/2015,Oct-15,10,2015,STEENBRAS LOWER,Major Dam,33517,21.94,28512,85.07
0062cce7-03ef-4299-b77f-ef301586a98a,22/10/2015,Oct-15,10,2015,STEENBRAS LOWER,Major Dam,33517,21.94,28512,85.07
829c416d-17e4-461e-8eca-007195377c10,23/10/2015,Oct-15,10,2015,STEENBRAS LOWER,Major Dam,33517,21.9,28382,84.68
fb726d17-a537-4dca-a2d2-2259c5088932,24/10/2015,Oct-15,10,2015,STEENBRAS LOWER,Major Dam,33517,21.86,28253,84.29
b5176d8a-b4fe-4ae5-b325-31b09baa091e,25/10/2015,Oct-15,10,2015,STEENBRAS LOWER,Major Dam,33517,21.81,28091,83.81
e6150d3d-7e0f-449f-a904-5585fa087930,26/10/2015,Oct-15,10,2015,STEENBRAS LOWER,Major Dam,33517,21.78,27993,83.52
52c1dba8-6283-458b-8a01-26684d569341,27/10/2015,Oct-15,10,2015,STEENBRAS LOWER,Major Dam,33517,21.74,27864,83.13
964d27de-e6ee-4ed7-a4ef-7a965334cd7f,28/10/2015,Oct-15,10,2015,STEENBRAS LOWER,Major Dam,33517,21.73,27831,83.04
08e71c7a-e37e-4ab6-bbb4-3987294c88a5,29/10/2015,Oct-15,10,2015,STEENBRAS LOWER,Major Dam,33517,21.7,27734,82.75
9bcc51d5-ef58-45f7-ab15-c21092334c8e,30/10/2015,Oct-15,10,2015,STEENBRAS LOWER,Major Dam,33517,21.66,27604,82.36
1c1475d1-f09f-4c7b-a80c-d18d4ee45464,31/10/2015,Oct-15,10,2015,STEENBRAS LOWER,Major Dam,33517,21.62,27475,81.97
386d642e-322a-4d5e-a3ba-204dcae4e3a0,01/11/2015,Nov-15,11,2015,STEENBRAS LOWER,Major Dam,33517,21.59,27381,81.69
146b99ee-e1ab-4e06-9d71-8813cc442f4a,02/11/2015,Nov-15,11,2015,STEENBRAS LOWER,Major Dam,33517,21.59,27381,81.69
6c9e75c4-d4f8-4173-823b-072f08a15566,03/11/2015,Nov-15,11,2015,STEENBRAS LOWER,Major Dam,33517,21.57,27317,81.5
d6b53e93-0d02-42db-bd12-3162372a29e9,04/11/2015,Nov-15,11,2015,STEENBRAS LOWER,Major Dam,33517,21.52,27159,81.03
b4ac2671-c964-4865-82f0-208e5e162ba7,05/11/2015,Nov-15,11,2015,STEENBRAS LOWER,Major Dam,33517,21.49,27065,80.75
9ca98d98-64b4-4ec4-a6f1-6b0b33385833,06/11/2015,Nov-15,11,2015,STEENBRAS LOWER,Major Dam,33517,21.46,26970,80.47
86fee121-bf8d-4307-8108-b2698c6d9aa8,07/11/2015,Nov-15,11,2015,STEENBRAS LOWER,Major Dam,33517,21.41,26812,80
8dd08da0-a164-44fd-9857-a65fc0f34e42,08/11/2015,Nov-15,11,2015,STEENBRAS LOWER,Major Dam,33517,21.35,26622,79.43
712236f0-d849-484b-8e54-86ad31323dad,09/11/2015,Nov-15,11,2015,STEENBRAS LOWER,Major Dam,33517,21.34,26591,79.34
7d177166-75aa-48cb-963f-dba64f99487f,10/11/2015,Nov-15,11,2015,STEENBRAS LOWER,Major Dam,33517,21.31,26497,79.06
b8087cf3-bd4b-4e08-956e-c5987702686a,11/11/2015,Nov-15,11,2015,STEENBRAS LOWER,Major Dam,33517,21.29,26435,78.87
b82b7ee8-0a26-4c48-8ccc-5a2b2c0452fc,12/11/2015,Nov-15,11,2015,STEENBRAS LOWER,Major Dam,33517,21.25,26311,78.5
70bb2898-a4cf-4846-baa0-683181040b32,13/11/2015,Nov-15,11,2015,STEENBRAS LOWER,Major Dam,33517,21.21,26187,78.13
88f4a004-c3cb-4555-a61c-8cd4d970c612,14/11/2015,Nov-15,11,2015,STEENBRAS LOWER,Major Dam,33517,21.17,26064,77.76
98bea9ba-3c3b-4fb7-a258-17a074599665,15/11/2015,Nov-15,11,2015,STEENBRAS LOWER,Major Dam,33517,21.14,25971,77.49
d98aa93d-d29d-43d8-8a87-cd009cd0e95a,16/11/2015,Nov-15,11,2015,STEENBRAS LOWER,Major Dam,33517,21.1,25847,77.12
142a16c1-a50a-4dc8-8170-8873765f7d1e,17/11/2015,Nov-15,11,2015,STEENBRAS LOWER,Major Dam,33517,21.07,25754,76.84
fce8d7fb-d899-41d7-b2ae-43de3795ba78,18/11/2015,Nov-15,11,2015,STEENBRAS LOWER,Major Dam,33517,21.03,25630,76.47
b2ead715-3b1c-44d5-81fd-ec539f943534,19/11/2015,Nov-15,11,2015,STEENBRAS LOWER,Major Dam,33517,21,25538,76.19
c48a9fbe-59f4-4062-9ac2-4a823e27dc68,20/11/2015,Nov-15,11,2015,STEENBRAS LOWER,Major Dam,33517,20.99,25508,76.1
977f6fbc-c26b-4ccf-9981-f864e439c81f,21/11/2015,Nov-15,11,2015,STEENBRAS LOWER,Major Dam,33517,21.02,25599,76.38
c53d549d-56ce-42ac-b8f8-aed1dcb86d48,22/11/2015,Nov-15,11,2015,STEENBRAS LOWER,Major Dam,33517,20.99,25508,76.1
3da9413d-1857-47ec-9b0c-65eb2cfee097,23/11/2015,Nov-15,11,2015,STEENBRAS LOWER,Major Dam,33517,20.96,25416,75.83
edac4a9c-d7d1-45af-a48b-f53c0f398c5a,24/11/2015,Nov-15,11,2015,STEENBRAS LOWER,Major Dam,33517,20.9,25233,75.28
24c09d6d-4887-45ba-96d2-9d31f3bc38de,25/11/2015,Nov-15,11,2015,STEENBRAS LOWER,Major Dam,33517,20.08,22783,67.97
10160e34-6088-4c3c-a663-f95b78baec99,26/11/2015,Nov-15,11,2015,STEENBRAS LOWER,Major Dam,33517,20.82,24989,74.56
bc13754b-e4cb-4ec4-811f-035ce082758f,27/11/2015,Nov-15,11,2015,STEENBRAS LOWER,Major Dam,33517,20.81,24959,74.47
21d45918-7518-4806-ae76-34e92f9adf37,28/11/2015,Nov-15,11,2015,STEENBRAS LOWER,Major Dam,33517,20.75,24776,73.92
9235e84b-73d8-4115-9be2-ca51391d1597,29/11/2015,Nov-15,11,2015,STEENBRAS LOWER,Major Dam,33517,20.7,24624,73.47
f8b0c46a-cf16-4e3a-8508-3b974f7cab69,30/11/2015,Nov-15,11,2015,STEENBRAS LOWER,Major Dam,33517,20.66,24504,73.11
3d71ed6c-7a0d-4148-96a0-98195ae1931a,01/12/2015,Dec-15,12,2015,STEENBRAS LOWER,Major Dam,33517,20.65,24474,73.02
ee0caf0a-9825-4770-bb3c-0cefb7cb7c44,02/12/2015,Dec-15,12,2015,STEENBRAS LOWER,Major Dam,33517,20.57,24234,72.3
7f041042-3c1c-4216-ae77-065a2eed95be,03/12/2015,Dec-15,12,2015,STEENBRAS LOWER,Major Dam,33517,20.53,24115,71.95
95f7e21d-103c-4308-bec2-6cf309e042cd,04/12/2015,Dec-15,12,2015,STEENBRAS LOWER,Major Dam,33517,20.45,23875,71.23
da9afd69-07de-4d6a-a1fa-6df23425feb3,05/12/2015,Dec-15,12,2015,STEENBRAS LOWER,Major Dam,33517,20.45,23875,71.23
4359dc35-c639-439a-a107-f6c4f8fb7c12,06/12/2015,Dec-15,12,2015,STEENBRAS LOWER,Major Dam,33517,20.36,23608,70.44
7ec5596d-5477-45c1-8e5a-3195c1007215,07/12/2015,Dec-15,12,2015,STEENBRAS LOWER,Major Dam,33517,20.32,23490,70.08
69de4858-7bc8-4996-b124-5036a92146a2,08/12/2015,Dec-15,12,2015,STEENBRAS LOWER,Major Dam,33517,20.25,23283,69.47
eb2ca001-d06f-4bad-8932-8793fdccc9fa,09/12/2015,Dec-15,12,2015,STEENBRAS LOWER,Major Dam,33517,20.22,23195,69.2
c2b288c3-9428-47ce-b063-6f7fd02fea8a,10/12/2015,Dec-15,12,2015,STEENBRAS LOWER,Major Dam,33517,20.18,23077,68.85
9cd63d23-902c-424c-b55c-db8bcce63ca4,11/12/2015,Dec-15,12,2015,STEENBRAS LOWER,Major Dam,33517,20.12,22900,68.32
93c1eb04-9344-4237-a667-8502b6ede326,12/12/2015,Dec-15,12,2015,STEENBRAS LOWER,Major Dam,33517,20.11,22870,68.23
45847f3d-03ff-4aaa-b8e7-fe4315076ff6,13/12/2015,Dec-15,12,2015,STEENBRAS LOWER,Major Dam,33517,20.08,22783,67.97
4a5d810e-531f-42c1-8a6e-8a65b0befab4,14/12/2015,Dec-15,12,2015,STEENBRAS LOWER,Major Dam,33517,20.05,22696,67.71
5ae807a6-7136-4816-93f6-3d0e67698ffa,15/12/2015,Dec-15,12,2015,STEENBRAS LOWER,Major Dam,33517,20.02,22610,67.46
e0316d35-571d-42f1-bba1-abef633e94d0,16/12/2015,Dec-15,12,2015,STEENBRAS LOWER,Major Dam,33517,19.99,22523,67.2
0fe3eff5-83c1-4388-8ad5-fde9e304a63e,17/12/2015,Dec-15,12,2015,STEENBRAS LOWER,Major Dam,33517,19.92,22320,66.59
3354e37b-ebdd-42ba-9b1c-c54b03aded0b,18/12/2015,Dec-15,12,2015,STEENBRAS LOWER,Major Dam,33517,19.89,22233,66.33
620813ad-a781-4f19-9dcd-817a48d95ca0,19/12/2015,Dec-15,12,2015,STEENBRAS LOWER,Major Dam,33517,19.85,22118,65.99
c01ac4e0-4857-49aa-8daf-0c767d5e4784,20/12/2015,Dec-15,12,2015,STEENBRAS LOWER,Major Dam,33517,19.81,22002,65.64
00f0a42f-5420-4008-be06-0c59a93e172b,21/12/2015,Dec-15,12,2015,STEENBRAS LOWER,Major Dam,33517,19.75,21832,65.14
d54d545d-c50d-45af-b817-f41af662ce6f,22/12/2015,Dec-15,12,2015,STEENBRAS LOWER,Major Dam,33517,19.73,21775,64.97
e549f674-2b95-471d-9557-4af12a925653,23/12/2015,Dec-15,12,2015,STEENBRAS LOWER,Major Dam,33517,19.67,21605,64.46
51044d6e-c827-4616-a19d-434eadf5956e,24/12/2015,Dec-15,12,2015,STEENBRAS LOWER,Major Dam,33517,19.65,21548,64.29
a9a911c4-2512-487a-9531-a1713230e97c,25/12/2015,Dec-15,12,2015,STEENBRAS LOWER,Major Dam,33517,19.64,21520,64.21
90782201-d2f5-46af-b2ae-9647c3fab3de,26/12/2015,Dec-15,12,2015,STEENBRAS LOWER,Major Dam,33517,19.6,21407,63.87
60728f35-29a8-4151-823c-917548e74c51,27/12/2015,Dec-15,12,2015,STEENBRAS LOWER,Major Dam,33517,19.53,21209,63.28
46f8d470-2aa0-4c1f-a6a7-b7b48ff22829,28/12/2015,Dec-15,12,2015,STEENBRAS LOWER,Major Dam,33517,19.48,21069,62.86
e322b7b0-adc4-45bb-ab9e-1f13e041153b,29/12/2015,Dec-15,12,2015,STEENBRAS LOWER,Major Dam,33517,19.42,20905,62.37
6e74b369-e59c-4b4b-9627-40064d7af3de,30/12/2015,Dec-15,12,2015,STEENBRAS LOWER,Major Dam,33517,19.33,20658,61.63
84c42988-b144-4ca0-a021-7eca1c8c246d,31/12/2015,Dec-15,12,2015,STEENBRAS LOWER,Major Dam,33517,19.29,20548,61.31
506094cd-34df-4bdd-8ab8-02bf84b92552,01/01/2016,Jan-16,1,2016,STEENBRAS LOWER,Major Dam,33517,19.22,20356,60.73
65e12438-41bf-4954-9075-c99585191d4f,02/01/2016,Jan-16,1,2016,STEENBRAS LOWER,Major Dam,33517,19.18,20247,60.41
ee677e58-0a1f-4962-840b-08b5a8853b4e,03/01/2016,Jan-16,1,2016,STEENBRAS LOWER,Major Dam,33517,19.1,20033,59.77
5af42c02-431e-4038-b775-ca7663e8ef4f,04/01/2016,Jan-16,1,2016,STEENBRAS LOWER,Major Dam,33517,19.05,19900,59.37
4f57d472-330a-48c8-a4ac-8695bb016299,05/01/2016,Jan-16,1,2016,STEENBRAS LOWER,Major Dam,33517,19,19766,58.97
21cc2acc-1b03-4b0e-90aa-24272617b189,06/01/2016,Jan-16,1,2016,STEENBRAS LOWER,Major Dam,33517,18.95,19632,58.57
aac689bd-630f-440c-994a-d519f96e3b77,07/01/2016,Jan-16,1,2016,STEENBRAS LOWER,Major Dam,33517,18.93,19579,58.42
7148c660-1cba-457d-976e-a05db36e6e6f,08/01/2016,Jan-16,1,2016,STEENBRAS LOWER,Major Dam,33517,18.89,19472,58.1
ab53c11e-6a10-4ca2-9718-491d00d6d26b,09/01/2016,Jan-16,1,2016,STEENBRAS LOWER,Major Dam,33517,18.86,19394,57.86
27bbc9f9-ec16-4248-934e-d19d92de5b00,10/01/2016,Jan-16,1,2016,STEENBRAS LOWER,Major Dam,33517,18.85,19367,57.78
42db353f-4c65-49db-8b4e-54423a6b7a4b,11/01/2016,Jan-16,1,2016,STEENBRAS LOWER,Major Dam,33517,18.83,19315,57.63
591238dc-0c6c-4ec1-8206-247d2d8f9176,12/01/2016,Jan-16,1,2016,STEENBRAS LOWER,Major Dam,33517,18.8,19237,57.39
df677bd6-6190-491b-b09d-02ab33c17817,13/01/2016,Jan-16,1,2016,STEENBRAS LOWER,Major Dam,33517,18.79,19211,57.32
d4bff2e6-b304-4e1a-b231-d8b04cb30f2f,14/01/2016,Jan-16,1,2016,STEENBRAS LOWER,Major Dam,33517,18.52,18511,55.23
c95f2051-8dfe-460d-bcaa-f6ba2e00f5e3,15/01/2016,Jan-16,1,2016,STEENBRAS LOWER,Major Dam,33517,18.5,18460,55.08
9b8055c3-812c-4a25-9ae7-9429f427e1b7,16/01/2016,Jan-16,1,2016,STEENBRAS LOWER,Major Dam,33517,18.42,18258,54.47
13f7ef46-60e7-4a94-a571-2b4bceb9b65f,17/01/2016,Jan-16,1,2016,STEENBRAS LOWER,Major Dam,33517,18.35,18081,53.95
fe758e4f-815d-4467-b13e-f65000e21ed4,18/01/2016,Jan-16,1,2016,STEENBRAS LOWER,Major Dam,33517,18.29,17929,53.49
5eb76e1e-17f5-40ce-adf4-ef677f8051d3,19/01/2016,Jan-16,1,2016,STEENBRAS LOWER,Major Dam,33517,18.24,17806,53.13
1944fedb-7b03-427b-878d-a666c0c85cbc,20/01/2016,Jan-16,1,2016,STEENBRAS LOWER,Major Dam,33517,18.22,17756,52.98
6b2e13b9-b748-4798-8b35-34f80ca548a3,21/01/2016,Jan-16,1,2016,STEENBRAS LOWER,Major Dam,33517,18.12,17510,52.24
1aae3a93-614e-4cdf-b8ff-97da97b8e5e0,22/01/2016,Jan-16,1,2016,STEENBRAS LOWER,Major Dam,33517,18.06,17363,51.8
e0eb422d-a264-4ae8-8494-ca211d76ff8c,23/01/2016,Jan-16,1,2016,STEENBRAS LOWER,Major Dam,33517,17.99,17191,51.29
bb25a1aa-21a3-4985-ab56-13012a975d2d,24/01/2016,Jan-16,1,2016,STEENBRAS LOWER,Major Dam,33517,17.94,17071,50.93
8a71b927-0834-4329-a2de-c30ae0ed55b6,25/01/2016,Jan-16,1,2016,STEENBRAS LOWER,Major Dam,33517,17.92,17023,50.79
5a7aa801-8c38-46c3-a019-e521b3966687,26/01/2016,Jan-16,1,2016,STEENBRAS LOWER,Major Dam,33517,17.87,16904,50.43
569be57d-342d-49da-ae06-222749dc768e,27/01/2016,Jan-16,1,2016,STEENBRAS LOWER,Major Dam,33517,17.84,16833,50.22
303f233d-1208-40e7-b601-19a528262bb9,28/01/2016,Jan-16,1,2016,STEENBRAS LOWER,Major Dam,33517,17.81,16761,50.01
e1a23e77-48fd-45f0-b58b-9f443b5f8f61,29/01/2016,Jan-16,1,2016,STEENBRAS LOWER,Major Dam,33517,17.74,16595,49.51
a99f2ea4-2e2e-4e18-a40d-7b689cc8c96d,30/01/2016,Jan-16,1,2016,STEENBRAS LOWER,Major Dam,33517,17.67,16428,49.01
e76e969d-66d7-453b-b28d-4daf5a45709b,31/01/2016,Jan-16,1,2016,STEENBRAS LOWER,Major Dam,33517,17.6,16260,48.51
965af63b-cd41-427c-8c61-e65b002b6608,01/02/2016,Feb-16,2,2016,STEENBRAS LOWER,Major Dam,33517,17.55,16139,48.15
f1f1ffec-92e2-4759-8beb-87b7d4028daa,02/02/2016,Feb-16,2,2016,STEENBRAS LOWER,Major Dam,33517,17.5,16019,47.79
b292659a-d02f-4b25-8bc3-7f3c0adb13fc,03/02/2016,Feb-16,2,2016,STEENBRAS LOWER,Major Dam,33517,17.45,15899,47.44
6578e5be-3373-4b93-a92f-90dcdf50e1e1,04/02/2016,Feb-16,2,2016,STEENBRAS LOWER,Major Dam,33517,17.39,15754,47
788ea04f-2970-4f94-81b6-25d6dd5f1b3c,05/02/2016,Feb-16,2,2016,STEENBRAS LOWER,Major Dam,33517,17.33,15618,46.6
419ec642-4827-4ebd-844e-838b877edbba,06/02/2016,Feb-16,2,2016,STEENBRAS LOWER,Major Dam,33517,17.27,15486,46.2
02b6ebef-cd61-4794-b8b9-6e6b07a3c982,07/02/2016,Feb-16,2,2016,STEENBRAS LOWER,Major Dam,33517,17.23,15398,45.94
d646ce31-46e4-4b6c-ba0f-4231861e219c,08/02/2016,Feb-16,2,2016,STEENBRAS LOWER,Major Dam,33517,17.2,15332,45.74
fba11f5f-5eea-44e4-915f-928d74215b51,09/02/2016,Feb-16,2,2016,STEENBRAS LOWER,Major Dam,33517,17.2,15332,45.74
64e9a3b5-88e5-492d-8051-8d6811f52bbd,10/02/2016,Feb-16,2,2016,STEENBRAS LOWER,Major Dam,33517,17.03,14958,44.63
0ccaf8fe-7353-4015-ae80-7f008a6e09d9,11/02/2016,Feb-16,2,2016,STEENBRAS LOWER,Major Dam,33517,17.01,14914,44.5
681139cf-5720-45f2-9dbe-4492d2b95167,12/02/2016,Feb-16,2,2016,STEENBRAS LOWER,Major Dam,33517,16.94,14760,44.04
fc679bf2-4396-4a47-ba7b-38de89e0ff9c,13/02/2016,Feb-16,2,2016,STEENBRAS LOWER,Major Dam,33517,16.9,14672,43.77
cb871491-b3eb-468d-9e70-977e66856419,14/02/2016,Feb-16,2,2016,STEENBRAS LOWER,Major Dam,33517,16.84,14540,43.38
a02fc612-a3f2-4571-bb54-5ad131be66d3,15/02/2016,Feb-16,2,2016,STEENBRAS LOWER,Major Dam,33517,16.81,14474,43.18
8a7b65cf-685d-4f16-b17b-a4b798fb7c36,16/02/2016,Feb-16,2,2016,STEENBRAS LOWER,Major Dam,33517,16.83,14518,43.32
b8ab596f-1347-4c7f-ad00-1145a55fdc03,17/02/2016,Feb-16,2,2016,STEENBRAS LOWER,Major Dam,33517,16.87,14606,43.58
aa33ff6a-3cc9-4070-9105-b4180449b6e6,18/02/2016,Feb-16,2,2016,STEENBRAS LOWER,Major Dam,33517,16.91,14694,43.84
e7191a56-3c9b-4bdf-9ea9-1613d2ca6c86,19/02/2016,Feb-16,2,2016,STEENBRAS LOWER,Major Dam,33517,16.99,14870,44.37
7078eedd-6139-4923-8825-d7907aa077a2,20/02/2016,Feb-16,2,2016,STEENBRAS LOWER,Major Dam,33517,17.02,14936,44.56
2706ec9a-64f0-40ed-b362-5f8ff9617d28,21/02/2016,Feb-16,2,2016,STEENBRAS LOWER,Major Dam,33517,17.11,15134,45.15
c7a95f3c-7e38-474b-9811-4ae91395ffbc,22/02/2016,Feb-16,2,2016,STEENBRAS LOWER,Major Dam,33517,17.2,15332,45.74
1e5b00c0-b1a9-42fb-8629-0f1a4f70ed3f,23/02/2016,Feb-16,2,2016,STEENBRAS LOWER,Major Dam,33517,17.24,15420,46.01
9582dd89-a721-4b2f-84ad-b6b468ad35a6,24/02/2016,Feb-16,2,2016,STEENBRAS LOWER,Major Dam,33517,17.29,15530,46.33
50bd7132-a860-4f6a-9f3a-4f55bccc3845,25/02/2016,Feb-16,2,2016,STEENBRAS LOWER,Major Dam,33517,17.35,15662,46.73
9e85e6e0-94ad-4fa8-a004-75ec612d9a12,26/02/2016,Feb-16,2,2016,STEENBRAS LOWER,Major Dam,33517,17.38,15730,46.93
c73c019f-ebdb-4e81-923b-4d9ad42d31e9,27/02/2016,Feb-16,2,2016,STEENBRAS LOWER,Major Dam,33517,17.43,15850,47.29
273d806c-61d3-44cb-a8f8-81a1942f6ffd,28/02/2016,Feb-16,2,2016,STEENBRAS LOWER,Major Dam,33517,17.46,15923,47.51
ada30db7-9882-4582-aee7-5d329320636a,29/02/2016,Feb-16,2,2016,STEENBRAS LOWER,Major Dam,33517,17.5,16019,47.79
38ac3073-df2d-4665-b3b0-b5f3964312ae,01/03/2016,Mar-16,3,2016,STEENBRAS LOWER,Major Dam,33517,17.6,16260,48.51
c9e480b2-383a-4d11-b2e1-0bf513d8c2e2,02/03/2016,Mar-16,3,2016,STEENBRAS LOWER,Major Dam,33517,17.61,16284,48.58
a8941cff-a5d2-4d6e-a429-6f0bf0a1ad34,03/03/2016,Mar-16,3,2016,STEENBRAS LOWER,Major Dam,33517,17.64,16356,48.8
0238e53e-da15-4991-8278-f41f09091779,04/03/2016,Mar-16,3,2016,STEENBRAS LOWER,Major Dam,33517,17.66,16404,48.94
001848a7-24e7-44de-9493-b7c654902948,05/03/2016,Mar-16,3,2016,STEENBRAS LOWER,Major Dam,33517,17.71,16523,49.3
40e743e6-0322-4d2c-8767-e6eb6413b7f8,06/03/2016,Mar-16,3,2016,STEENBRAS LOWER,Major Dam,33517,17.74,16595,49.51
52993a17-dec4-4bc3-9c80-a4af13430a4c,07/03/2016,Mar-16,3,2016,STEENBRAS LOWER,Major Dam,33517,17.79,16714,49.87
cee1eaa6-7896-426d-b2b9-be9973c7d688,08/03/2016,Mar-16,3,2016,STEENBRAS LOWER,Major Dam,33517,17.77,16666,49.72
5a5a1666-86e9-49d3-9bec-b3180ce1cacb,09/03/2016,Mar-16,3,2016,STEENBRAS LOWER,Major Dam,33517,17.74,16595,49.51
d30277cf-24f7-4a24-b64a-b06a22dafb8b,10/03/2016,Mar-16,3,2016,STEENBRAS LOWER,Major Dam,33517,17.7,16499,49.23
301ae3c9-4266-46e8-aa52-b5f8ea9a9e1c,11/03/2016,Mar-16,3,2016,STEENBRAS LOWER,Major Dam,33517,17.66,16404,48.94
afcd56b7-b4ca-45b7-aae9-193c9a23b52f,12/03/2016,Mar-16,3,2016,STEENBRAS LOWER,Major Dam,33517,17.56,16163,48.22
0c7fc3cb-65e9-4f4a-8f34-3d90355cae3b,13/03/2016,Mar-16,3,2016,STEENBRAS LOWER,Major Dam,33517,17.52,16067,47.94
ad457c42-984c-4f30-8607-5695c5611c8e,14/03/2016,Mar-16,3,2016,STEENBRAS LOWER,Major Dam,33517,17.48,15971,47.65
5752b4a7-4d71-4d5f-a665-d332572b40fc,15/03/2016,Mar-16,3,2016,STEENBRAS LOWER,Major Dam,33517,17.41,15802,47.15
c8189dd7-e090-45f9-8e27-c449b6369e8f,16/03/2016,Mar-16,3,2016,STEENBRAS LOWER,Major Dam,33517,17.35,15662,46.73
43ddfd11-2c8e-41f1-bbdc-94d743f6e73b,17/03/2016,Mar-16,3,2016,STEENBRAS LOWER,Major Dam,33517,17.26,15464,46.14
1c34201d-dbfc-4af8-b00b-fd178fd55209,18/03/2016,Mar-16,3,2016,STEENBRAS LOWER,Major Dam,33517,17.26,15464,46.14
25d36b8e-e723-4ba6-a3cd-61779a1ab1b6,19/03/2016,Mar-16,3,2016,STEENBRAS LOWER,Major Dam,33517,17.23,15398,45.94
69d5ea8b-a929-431e-8251-1d4f367dc490,20/03/2016,Mar-16,3,2016,STEENBRAS LOWER,Major Dam,33517,17.19,15310,45.68
aa36ff9f-7f11-4661-86d1-d1a1f55e0e9f,21/03/2016,Mar-16,3,2016,STEENBRAS LOWER,Major Dam,33517,17.15,15222,45.42
ec72bcdc-4d9e-4ece-a8ad-0d722ea04ab2,22/03/2016,Mar-16,3,2016,STEENBRAS LOWER,Major Dam,33517,17.06,15024,44.83
978edc2d-2c2b-4c17-b30c-677e7ccbef5f,23/03/2016,Mar-16,3,2016,STEENBRAS LOWER,Major Dam,33517,17.02,14936,44.56
9d9510af-d0c9-4ab8-86df-59bb7a8c78e9,24/03/2016,Mar-16,3,2016,STEENBRAS LOWER,Major Dam,33517,16.93,14738,43.97
1c1150f4-95bb-46e6-906e-43f24e2c75c9,25/03/2016,Mar-16,3,2016,STEENBRAS LOWER,Major Dam,33517,16.89,14650,43.71
d972d1b7-ec51-4739-82f0-a5785c821c62,26/03/2016,Mar-16,3,2016,STEENBRAS LOWER,Major Dam,33517,16.84,14540,43.38
32d3719f-d6ce-4285-bb68-caa71fc8d469,27/03/2016,Mar-16,3,2016,STEENBRAS LOWER,Major Dam,33517,16.87,14606,43.58
3e241486-30f0-457f-8288-b7a737c0c11c,28/03/2016,Mar-16,3,2016,STEENBRAS LOWER,Major Dam,33517,16.84,14540,43.38
7a320ae5-5fe0-4bd6-a693-e3f6dced9eb5,29/03/2016,Mar-16,3,2016,STEENBRAS LOWER,Major Dam,33517,16.8,14452,43.12
e0d305c8-f537-45ec-a3c5-333201be7cf7,30/03/2016,Mar-16,3,2016,STEENBRAS LOWER,Major Dam,33517,16.75,14343,42.79
c618ca7d-35c3-42ed-b736-7eaf87affdb3,31/03/2016,Mar-16,3,2016,STEENBRAS LOWER,Major Dam,33517,16.74,14321,42.73
fa31518f-c64e-4b17-a8b5-b83a38e7618d,01/04/2016,Apr-16,4,2016,STEENBRAS LOWER,Major Dam,33517,16.71,14257,42.54
b9fed852-7827-4f1f-8f70-e8f05fce89d7,02/04/2016,Apr-16,4,2016,STEENBRAS LOWER,Major Dam,33517,16.67,14172,42.28
e9c54674-3cdb-4af6-8d67-939d0b73e04d,03/04/2016,Apr-16,4,2016,STEENBRAS LOWER,Major Dam,33517,16.62,14066,41.97
31f90e5c-a1f2-4cdc-b3b7-e9824cd3677f,04/04/2016,Apr-16,4,2016,STEENBRAS LOWER,Major Dam,33517,16.55,13917,41.52
f23a88f4-fa36-4112-9d5d-e53f06e3067f,05/04/2016,Apr-16,4,2016,STEENBRAS LOWER,Major Dam,33517,16.51,13831,41.27
b6cb4a51-250c-4b0e-85b8-ac5b782377c1,06/04/2016,Apr-16,4,2016,STEENBRAS LOWER,Major Dam,33517,16.46,13724,40.95
31670cca-4b74-4856-bc10-a168746d850d,07/04/2016,Apr-16,4,2016,STEENBRAS LOWER,Major Dam,33517,16.41,13621,40.64
0f4fe342-1ed8-47de-9256-034210cf3b81,08/04/2016,Apr-16,4,2016,STEENBRAS LOWER,Major Dam,33517,16.32,13435,40.08
ce1773ac-6782-4fef-a38a-e1fc177e489d,09/04/2016,Apr-16,4,2016,STEENBRAS LOWER,Major Dam,33517,16.32,13435,40.08
ccea7db7-390b-460e-b190-cda499c665ad,10/04/2016,Apr-16,4,2016,STEENBRAS LOWER,Major Dam,33517,16.23,13248,39.53
02e62682-d6af-40cc-ac2e-6efaf7e1b6b7,11/04/2016,Apr-16,4,2016,STEENBRAS LOWER,Major Dam,33517,16.18,13146,39.22
4efa4f9f-f25f-4389-9cb2-9e1c6bb6a247,12/04/2016,Apr-16,4,2016,STEENBRAS LOWER,Major Dam,33517,16.12,13025,38.86
d4ca6c25-0637-4b3f-8f62-e66efc33a895,13/04/2016,Apr-16,4,2016,STEENBRAS LOWER,Major Dam,33517,16.06,12905,38.5
826e0316-5a9b-432b-8657-8310a131cc73,14/04/2016,Apr-16,4,2016,STEENBRAS LOWER,Major Dam,33517,16,12785,38.14
5f2c7fcc-9cbc-4d21-ae09-0888c631aa66,15/04/2016,Apr-16,4,2016,STEENBRAS LOWER,Major Dam,33517,15.94,12664,37.78
e5b29b2e-08f4-4ed1-9d7e-89f17d910968,16/04/2016,Apr-16,4,2016,STEENBRAS LOWER,Major Dam,33517,15.87,12525,37.37
bff9f631-bff3-45ce-9988-f1ccfcacd59e,17/04/2016,Apr-16,4,2016,STEENBRAS LOWER,Major Dam,33517,15.79,12368,36.9
332f16f1-ccaf-4186-ad0c-c8584ab62295,18/04/2016,Apr-16,4,2016,STEENBRAS LOWER,Major Dam,33517,15.71,12214,36.44
2962a0eb-876d-44f1-adb2-7bde250c0476,19/04/2016,Apr-16,4,2016,STEENBRAS LOWER,Major Dam,33517,15.63,12060,35.98
b32c0d33-ee50-47f4-b573-19790f038415,20/04/2016,Apr-16,4,2016,STEENBRAS LOWER,Major Dam,33517,15.67,12137,36.21
b069d9ae-c5bb-454d-9bee-6f213b578907,21/04/2016,Apr-16,4,2016,STEENBRAS LOWER,Major Dam,33517,15.75,12291,36.67
6b179cf3-d215-4ed8-9755-ffa822d3d0f1,22/04/2016,Apr-16,4,2016,STEENBRAS LOWER,Major Dam,33517,15.86,12505,37.31
03ca954f-d50f-495f-9c96-1d5a0d2e3a6e,23/04/2016,Apr-16,4,2016,STEENBRAS LOWER,Major Dam,33517,16.11,13005,38.8
80c2ec59-2e79-43a8-950b-b21e293cfbb6,24/04/2016,Apr-16,4,2016,STEENBRAS LOWER,Major Dam,33517,16.24,13269,39.59
ee459f64-b7c9-4044-bdcc-69146f39e974,25/04/2016,Apr-16,4,2016,STEENBRAS LOWER,Major Dam,33517,16.3,13394,39.96
9bd5b845-82d3-46ee-96a7-1635b33073b1,26/04/2016,Apr-16,4,2016,STEENBRAS LOWER,Major Dam,33517,16.34,13476,40.21
ea3a00ad-862f-4ed6-a46a-e0249afa6501,27/04/2016,Apr-16,4,2016,STEENBRAS LOWER,Major Dam,33517,16.27,13332,39.78
0020dfa0-50f5-4f18-a7e7-b55c097d78bf,28/04/2016,Apr-16,4,2016,STEENBRAS LOWER,Major Dam,33517,16.27,13332,39.78
9e1951dc-8726-4ee3-aed9-56973e4647e4,29/04/2016,Apr-16,4,2016,STEENBRAS LOWER,Major Dam,33517,16.27,13332,39.78
9e54e4f8-072b-4342-80fc-448fa742cc0c,30/04/2016,Apr-16,4,2016,STEENBRAS LOWER,Major Dam,33517,16.46,13724,40.95
1bc0da9d-b9c6-409e-983e-410ab60288c3,01/05/2016,May-16,5,2016,STEENBRAS LOWER,Major Dam,33517,16.5,13810,41.2
5190b702-a1a9-4858-8f87-95a1d13526be,02/05/2016,May-16,5,2016,STEENBRAS LOWER,Major Dam,33517,16.46,13724,40.95
731ba64a-fbcc-4601-9894-dc3a7f526f75,03/05/2016,May-16,5,2016,STEENBRAS LOWER,Major Dam,33517,16.45,13703,40.88
2d468539-62a6-4a6d-9cfa-9b23c18d57f0,04/05/2016,May-16,5,2016,STEENBRAS LOWER,Major Dam,33517,16.37,13538,40.39
70bab565-bc2b-45ab-b15e-3617dde29493,05/05/2016,May-16,5,2016,STEENBRAS LOWER,Major Dam,33517,16.31,13415,40.02
5fda9c73-e3ca-4fa9-97df-960d84b33c7a,06/05/2016,May-16,5,2016,STEENBRAS LOWER,Major Dam,33517,16.29,13373,39.9
626339bc-4859-4d69-825c-c36573bf4627,07/05/2016,May-16,5,2016,STEENBRAS LOWER,Major Dam,33517,16.28,13352,39.84
bb015511-77bd-44ab-ba20-4ba52660d2d5,08/05/2016,May-16,5,2016,STEENBRAS LOWER,Major Dam,33517,16.2,13186,39.34
cf14b682-35c2-4b7e-97fd-b7eca4e94d66,09/05/2016,May-16,5,2016,STEENBRAS LOWER,Major Dam,33517,16.18,13146,39.22
7788e6e7-b2cf-4e97-a666-88d3cc2a4f33,10/05/2016,May-16,5,2016,STEENBRAS LOWER,Major Dam,33517,16.14,13065,38.98
ddc5d652-997c-4d59-9af8-67ba78a2ee8c,11/05/2016,May-16,5,2016,STEENBRAS LOWER,Major Dam,33517,16.09,12965,38.68
225fe060-6f68-40a0-a90b-f54df002688d,12/05/2016,May-16,5,2016,STEENBRAS LOWER,Major Dam,33517,16.04,12865,38.38
290b8a21-9c99-4df6-9969-aab1dd4b55e5,13/05/2016,May-16,5,2016,STEENBRAS LOWER,Major Dam,33517,16,12785,38.14
0f255a61-1e9a-4975-b129-042daf73bb2d,14/05/2016,May-16,5,2016,STEENBRAS LOWER,Major Dam,33517,15.94,12664,37.78
0764a623-2c74-4984-9f1a-7c32c6f26fc8,15/05/2016,May-16,5,2016,STEENBRAS LOWER,Major Dam,33517,15.91,12604,37.6
f0191605-6519-4390-8ac0-82de4939f801,16/05/2016,May-16,5,2016,STEENBRAS LOWER,Major Dam,33517,15.84,12466,37.19
9e4c7e5f-cace-4044-95a1-6a477dbe3b32,17/05/2016,May-16,5,2016,STEENBRAS LOWER,Major Dam,33517,15.76,12310,36.73
cd93c481-8dc7-4100-b779-d456cec03a56,18/05/2016,May-16,5,2016,STEENBRAS LOWER,Major Dam,33517,15.71,12214,36.44
1dcbac8e-027a-4f6f-bba7-ad0aae861fad,19/05/2016,May-16,5,2016,STEENBRAS LOWER,Major Dam,33517,15.71,12214,36.44
b2744755-b633-4a44-a04c-053f8bd0fa4d,20/05/2016,May-16,5,2016,STEENBRAS LOWER,Major Dam,33517,15.67,12137,36.21
951689dc-cb49-4425-9a24-948fc4cc4b77,21/05/2016,May-16,5,2016,STEENBRAS LOWER,Major Dam,33517,15.68,12156,36.27
29f457ea-dcfd-4c42-a0b5-dbe045fe038b,22/05/2016,May-16,5,2016,STEENBRAS LOWER,Major Dam,33517,15.61,12021,35.87
d6ab0c7f-bbd2-434b-b11f-ba1386c44f3d,23/05/2016,May-16,5,2016,STEENBRAS LOWER,Major Dam,33517,15.56,11927,35.58
82ecdd27-02a1-4f59-a9f1-4d9f6719f51b,24/05/2016,May-16,5,2016,STEENBRAS LOWER,Major Dam,33517,15.54,11889,35.47
1598878a-8386-48f0-9d97-33927bc8b7ca,25/05/2016,May-16,5,2016,STEENBRAS LOWER,Major Dam,33517,15.54,11889,35.47
c7edd573-9fd2-47d9-b932-ed2deaefb8e6,26/05/2016,May-16,5,2016,STEENBRAS LOWER,Major Dam,33517,15.52,11852,35.36
23588c2c-9d5a-4f45-9abe-cdc636601167,27/05/2016,May-16,5,2016,STEENBRAS LOWER,Major Dam,33517,15.5,11814,35.25
80ed9b69-67b1-44d9-8340-fef76a80e293,28/05/2016,May-16,5,2016,STEENBRAS LOWER,Major Dam,33517,15.45,11720,34.97
2902aef7-9df5-4909-b176-96456ff83df0,29/05/2016,May-16,5,2016,STEENBRAS LOWER,Major Dam,33517,15.38,11589,34.58
d8f42efe-3e04-4081-83a3-3784e5152833,30/05/2016,May-16,5,2016,STEENBRAS LOWER,Major Dam,33517,15.34,11514,34.35
c58e7741-330c-44d0-a705-871dd7d0cb0b,31/05/2016,May-16,5,2016,STEENBRAS LOWER,Major Dam,33517,15.27,11384,33.96
a1418842-7b06-424c-8c2e-ffb7d9389a11,01/06/2016,Jun-16,6,2016,STEENBRAS LOWER,Major Dam,33517,15.21,11273,33.63
6ae3007c-fdd5-4b6d-9ce2-4b97a823513b,02/06/2016,Jun-16,6,2016,STEENBRAS LOWER,Major Dam,33517,15.18,11219,33.47
6616f98d-78e3-450c-95f6-2ad1ef8b5df4,03/06/2016,Jun-16,6,2016,STEENBRAS LOWER,Major Dam,33517,15.14,11146,33.25
935d747e-aa6b-4e80-a6bc-2efb39c84d2f,04/06/2016,Jun-16,6,2016,STEENBRAS LOWER,Major Dam,33517,15.07,11019,32.88
6c5724d1-2549-4473-9241-1e69520df08e,05/06/2016,Jun-16,6,2016,STEENBRAS LOWER,Major Dam,33517,15.01,10910,32.55
b028333f-51cb-4bf7-bf6d-66207bc712f1,06/06/2016,Jun-16,6,2016,STEENBRAS LOWER,Major Dam,33517,14.94,10785,32.18
08867f04-8005-4bf3-8e11-17336a8454be,07/06/2016,Jun-16,6,2016,STEENBRAS LOWER,Major Dam,33517,14.91,10731,32.02
9b3274b0-a38f-4354-b5b1-5d81d4ecdbdc,08/06/2016,Jun-16,6,2016,STEENBRAS LOWER,Major Dam,33517,14.81,10555,31.49
e36b64b6-bba4-4106-94c5-442da8870d70,09/06/2016,Jun-16,6,2016,STEENBRAS LOWER,Major Dam,33517,14.76,10466,31.23
65758340-e969-48fe-ab3c-0d94be656d2d,10/06/2016,Jun-16,6,2016,STEENBRAS LOWER,Major Dam,33517,14.85,10625,31.7
452d7427-9538-4666-9b56-d891e57cd1e8,11/06/2016,Jun-16,6,2016,STEENBRAS LOWER,Major Dam,33517,14.96,10820,32.28
c976fdcb-e405-4097-a3c6-1c60e70cd879,12/06/2016,Jun-16,6,2016,STEENBRAS LOWER,Major Dam,33517,14.95,10803,32.23
e5286c29-150d-4c76-9de6-525fca520a0d,13/06/2016,Jun-16,6,2016,STEENBRAS LOWER,Major Dam,33517,14.92,10749,32.07
3f3f0b91-23a7-45e9-8670-cfb2b6f507d6,14/06/2016,Jun-16,6,2016,STEENBRAS LOWER,Major Dam,33517,14.92,10749,32.07
13b44b7a-32f6-4b25-a896-ff52a8b7194b,15/06/2016,Jun-16,6,2016,STEENBRAS LOWER,Major Dam,33517,14.92,10749,32.07
22f7ccf7-d0c1-447e-adbb-8bd6aa371455,16/06/2016,Jun-16,6,2016,STEENBRAS LOWER,Major Dam,33517,15.16,11182,33.36
79c5a25e-965a-4b1d-b53c-4447985eb309,17/06/2016,Jun-16,6,2016,STEENBRAS LOWER,Major Dam,33517,15.17,11200,33.42
3762ecdb-70c5-4215-baeb-bada39d6df0f,18/06/2016,Jun-16,6,2016,STEENBRAS LOWER,Major Dam,33517,15.19,11237,33.53
ea35b38c-6930-49b2-9ab0-08b45c446725,19/06/2016,Jun-16,6,2016,STEENBRAS LOWER,Major Dam,33517,15.19,11237,33.53
3c3693e8-00b9-4501-9078-0d8bde92c5a6,20/06/2016,Jun-16,6,2016,STEENBRAS LOWER,Major Dam,33517,15.58,11964,35.7
3e34ac7f-0cc5-41cc-b30f-55bb3a44d57e,21/06/2016,Jun-16,6,2016,STEENBRAS LOWER,Major Dam,33517,15.8,12387,36.96
73ecb9d8-b1df-49ee-9ba0-03bb411e96cc,22/06/2016,Jun-16,6,2016,STEENBRAS LOWER,Major Dam,33517,15.85,12486,37.25
9f99f45c-5fd9-4914-a565-7400486ce27f,23/06/2016,Jun-16,6,2016,STEENBRAS LOWER,Major Dam,33517,15.85,12486,37.25
4f513149-b9bf-41ff-98d6-855b8ed46d6f,24/06/2016,Jun-16,6,2016,STEENBRAS LOWER,Major Dam,33517,15.84,12466,37.19
03c1ce42-f780-4bfa-8fec-320cc6548857,25/06/2016,Jun-16,6,2016,STEENBRAS LOWER,Major Dam,33517,15.82,12426,37.07
c940ed41-20e4-4d31-acb1-7b7ae60a5e13,26/06/2016,Jun-16,6,2016,STEENBRAS LOWER,Major Dam,33517,15.79,12368,36.9
665f9e36-3d2a-4090-9e10-7162b902f2f4,27/06/2016,Jun-16,6,2016,STEENBRAS LOWER,Major Dam,33517,15.81,12407,37.02
c8b94cba-1333-480f-b777-315d3a8af701,28/06/2016,Jun-16,6,2016,STEENBRAS LOWER,Major Dam,33517,16.51,13831,41.27
81872f40-4467-4b25-bff9-3762fe495410,29/06/2016,Jun-16,6,2016,STEENBRAS LOWER,Major Dam,33517,16.19,13166,39.28
e9d29ff0-fcfd-4882-9d4b-e4317cc21c62,30/06/2016,Jun-16,6,2016,STEENBRAS LOWER,Major Dam,33517,16.19,13166,39.28
b4968fe7-5027-4437-b93f-6cd8d3851645,01/07/2016,Jul-16,7,2016,STEENBRAS LOWER,Major Dam,33517,16.27,13332,39.78
67ba1512-8f24-4636-b6b1-52011a05eb3d,02/07/2016,Jul-16,7,2016,STEENBRAS LOWER,Major Dam,33517,16.48,13767,41.07
1e2537af-f97e-40bb-8800-57e60f0cd7db,03/07/2016,Jul-16,7,2016,STEENBRAS LOWER,Major Dam,33517,16.54,13895,41.46
a07f583f-06a0-4018-82ae-da8b63f4ec61,04/07/2016,Jul-16,7,2016,STEENBRAS LOWER,Major Dam,33517,16.51,13831,41.27
6da90f11-0fe7-4230-8633-9c778ef62f03,05/07/2016,Jul-16,7,2016,STEENBRAS LOWER,Major Dam,33517,16.49,13788,41.14
b1e86049-2443-4175-95a8-041cae4a1cb8,06/07/2016,Jul-16,7,2016,STEENBRAS LOWER,Major Dam,33517,16.61,14044,41.9
ea10aced-a816-43bb-8e1a-f4693c2d308d,07/07/2016,Jul-16,7,2016,STEENBRAS LOWER,Major Dam,33517,16.72,14279,42.6
7c771afb-a3cb-47f5-9fc3-6359f23d5931,08/07/2016,Jul-16,7,2016,STEENBRAS LOWER,Major Dam,33517,16.69,14215,42.41
47330088-186b-467b-b09c-493100f28408,09/07/2016,Jul-16,7,2016,STEENBRAS LOWER,Major Dam,33517,16.7,14236,42.47
53d25418-3864-4666-9264-ef48ffac2e4f,10/07/2016,Jul-16,7,2016,STEENBRAS LOWER,Major Dam,33517,16.7,14236,42.47
d1452c1d-3440-406b-87cc-e5236da63449,11/07/2016,Jul-16,7,2016,STEENBRAS LOWER,Major Dam,33517,16.68,14193,42.35
bdcd1679-2d12-4c1e-9e83-9a12b17730a5,12/07/2016,Jul-16,7,2016,STEENBRAS LOWER,Major Dam,33517,16.68,14193,42.35
3d002336-ee84-437f-a4b7-ac17e5d4e3c6,13/07/2016,Jul-16,7,2016,STEENBRAS LOWER,Major Dam,33517,16.66,14151,42.22
85d8bf3c-cc88-4918-b995-0669e402c050,14/07/2016,Jul-16,7,2016,STEENBRAS LOWER,Major Dam,33517,16.67,14172,42.28
b5cea76e-3d91-4aa8-a6bb-2aae25e1f909,15/07/2016,Jul-16,7,2016,STEENBRAS LOWER,Major Dam,33517,16.66,14151,42.22
ea828ba6-7b5d-41b4-a926-38ae243b9d05,16/07/2016,Jul-16,7,2016,STEENBRAS LOWER,Major Dam,33517,16.67,14172,42.28
3643dabd-506a-4ba8-8020-154aa1c03147,17/07/2016,Jul-16,7,2016,STEENBRAS LOWER,Major Dam,33517,16.67,14172,42.28
ca2652e0-1e6b-4395-8e34-4bb4d8b200e1,18/07/2016,Jul-16,7,2016,STEENBRAS LOWER,Major Dam,33517,16.63,14087,42.03
dd4623c2-ba1e-4d9f-968f-61be94a2df23,19/07/2016,Jul-16,7,2016,STEENBRAS LOWER,Major Dam,33517,16.6,14023,41.84
599c3fd1-81de-427d-81ad-bcd30c71033e,20/07/2016,Jul-16,7,2016,STEENBRAS LOWER,Major Dam,33517,16.58,13980,41.71
f4c75efd-d0d4-42fd-91ff-61fb5266d2df,21/07/2016,Jul-16,7,2016,STEENBRAS LOWER,Major Dam,33517,16.9,14672,43.77
f5e2bc3d-20bb-41a7-9df7-f8fcd7cdd481,22/07/2016,Jul-16,7,2016,STEENBRAS LOWER,Major Dam,33517,17.1,15112,45.09
71f1439f-6050-4fa9-83c6-e99b6a0478e2,23/07/2016,Jul-16,7,2016,STEENBRAS LOWER,Major Dam,33517,17.18,15288,45.61
51a0803f-0905-4d28-ae84-cf422ae37957,24/07/2016,Jul-16,7,2016,STEENBRAS LOWER,Major Dam,33517,17.24,15420,46.01
e40f854d-ca63-4110-a7a0-2f26b1c02640,25/07/2016,Jul-16,7,2016,STEENBRAS LOWER,Major Dam,33517,17.22,15376,45.88
644c7fff-ccdd-4ceb-b830-2eeacb1ff605,26/07/2016,Jul-16,7,2016,STEENBRAS LOWER,Major Dam,33517,17.38,15730,46.93
b01fd6ec-8e17-483f-971a-d7c504d2fc4c,27/07/2016,Jul-16,7,2016,STEENBRAS LOWER,Major Dam,33517,18.09,17437,52.02
25bab543-b16b-4717-89e4-cfbfd172ead4,28/07/2016,Jul-16,7,2016,STEENBRAS LOWER,Major Dam,33517,18.18,17658,52.68
9b02f53b-8265-452d-9de9-51cd4f9eef21,29/07/2016,Jul-16,7,2016,STEENBRAS LOWER,Major Dam,33517,18.48,18410,54.93
33d6649a-6688-4aec-b980-8e7ccd9dc652,30/07/2016,Jul-16,7,2016,STEENBRAS LOWER,Major Dam,33517,18.57,18637,55.6
60b52010-15c8-4f9b-82af-cd8073fd7833,31/07/2016,Jul-16,7,2016,STEENBRAS LOWER,Major Dam,33517,18.6,18714,55.83
b0ad925b-5d64-42dd-9540-c9bdaaaed844,01/08/2016,Aug-16,8,2016,STEENBRAS LOWER,Major Dam,33517,18.66,18871,56.3
94bdf7ca-076e-4fb4-96bc-41a58f694728,02/08/2016,Aug-16,8,2016,STEENBRAS LOWER,Major Dam,33517,18.86,19394,57.86
e6ca6660-ce6b-435f-8475-cd7c1de32da7,03/08/2016,Aug-16,8,2016,STEENBRAS LOWER,Major Dam,33517,19.12,20087,59.93
a3da59f9-4789-4b92-8864-97f092b0f029,04/08/2016,Aug-16,8,2016,STEENBRAS LOWER,Major Dam,33517,19.39,20822,62.12
ca40a96e-fd4a-4986-857a-c1e13fd5a16a,05/08/2016,Aug-16,8,2016,STEENBRAS LOWER,Major Dam,33517,19.52,21180,63.19
24354c19-f45c-4332-a9ba-cd53ec062e63,06/08/2016,Aug-16,8,2016,STEENBRAS LOWER,Major Dam,33517,19.53,21209,63.28
c74cf418-7068-4241-b635-7ba1e80d2859,07/08/2016,Aug-16,8,2016,STEENBRAS LOWER,Major Dam,33517,19.55,21265,63.45
1686c733-1dba-4889-abfe-4aa020d05374,08/08/2016,Aug-16,8,2016,STEENBRAS LOWER,Major Dam,33517,19.55,21265,63.45
25e9a84c-4351-45d6-b9ec-fa0fb3d8e96e,09/08/2016,Aug-16,8,2016,STEENBRAS LOWER,Major Dam,33517,19.59,21378,63.78
ddd6c28d-d774-4661-b8ba-3baedd9ae5a9,10/08/2016,Aug-16,8,2016,STEENBRAS LOWER,Major Dam,33517,19.55,21265,63.45
784a742b-ba62-4160-ae4b-a8d79f175f53,11/08/2016,Aug-16,8,2016,STEENBRAS LOWER,Major Dam,33517,19.54,21237,63.36
bf3c57d9-e44b-450f-b69e-0271be4e60ea,12/08/2016,Aug-16,8,2016,STEENBRAS LOWER,Major Dam,33517,19.52,21180,63.19
b4befd2e-8475-497a-ac72-cdfb42247abe,13/08/2016,Aug-16,8,2016,STEENBRAS LOWER,Major Dam,33517,19.52,21180,63.19
9bd43cb7-f880-454f-a02f-98c134d0a3fb,14/08/2016,Aug-16,8,2016,STEENBRAS LOWER,Major Dam,33517,19.57,21322,63.62
beb39239-4f81-4d70-9d51-fcc4bcc82999,15/08/2016,Aug-16,8,2016,STEENBRAS LOWER,Major Dam,33517,19.63,21492,64.12
543e1e1c-906d-4df2-b4d9-7f37b4f2e93a,16/08/2016,Aug-16,8,2016,STEENBRAS LOWER,Major Dam,33517,19.63,21492,64.12
06ad5c7f-f64e-495b-a5de-8bdff3e8e741,17/08/2016,Aug-16,8,2016,STEENBRAS LOWER,Major Dam,33517,19.64,21520,64.21
8c1e1dad-0fd0-41d8-8b1b-8b5702cfd614,18/08/2016,Aug-16,8,2016,STEENBRAS LOWER,Major Dam,33517,19.61,21435,63.95
ee3c7213-2f43-4e4d-8b58-d9d532b2b279,19/08/2016,Aug-16,8,2016,STEENBRAS LOWER,Major Dam,33517,19.59,21378,63.78
36548506-c040-4be6-9d38-fd6b8c13178b,20/08/2016,Aug-16,8,2016,STEENBRAS LOWER,Major Dam,33517,19.61,21435,63.95
e864a15c-0e57-4e22-bcc7-aa43e6a4ee74,21/08/2016,Aug-16,8,2016,STEENBRAS LOWER,Major Dam,33517,19.61,21435,63.95
bcccf3f6-fa61-4a29-8c8e-267a5dbf9fdb,22/08/2016,Aug-16,8,2016,STEENBRAS LOWER,Major Dam,33517,19.75,21832,65.14
caf99c8d-ab6a-4349-80b5-c78ac8c5e1fa,23/08/2016,Aug-16,8,2016,STEENBRAS LOWER,Major Dam,33517,19.83,22060,65.82
20b4e285-d9bd-4855-8dfd-cc1b7cf6e04f,24/08/2016,Aug-16,8,2016,STEENBRAS LOWER,Major Dam,33517,19.86,22147,66.08
192f63c0-57f3-41c4-b74d-ec801e2ed32c,25/08/2016,Aug-16,8,2016,STEENBRAS LOWER,Major Dam,33517,19.87,22175,66.16
9ee8eefe-6758-4cfc-bb82-91842d37f18d,26/08/2016,Aug-16,8,2016,STEENBRAS LOWER,Major Dam,33517,19.85,22118,65.99
5b332f63-08a4-40e1-bd62-b28ca6db4cac,27/08/2016,Aug-16,8,2016,STEENBRAS LOWER,Major Dam,33517,19.94,22378,66.77
9fa47f2c-7b51-445b-88be-d06bce19e10e,28/08/2016,Aug-16,8,2016,STEENBRAS LOWER,Major Dam,33517,20.04,22667,67.63
7fa9fecb-4068-4cac-ab3d-6f59e8c8b9c8,29/08/2016,Aug-16,8,2016,STEENBRAS LOWER,Major Dam,33517,20.18,23077,68.85
45d4ef13-f13c-4d9d-8d6c-8ea6ea41c73c,30/08/2016,Aug-16,8,2016,STEENBRAS LOWER,Major Dam,33517,20.28,23372,69.73
67358e47-d350-469a-9eae-a2e17f9f515e,31/08/2016,Aug-16,8,2016,STEENBRAS LOWER,Major Dam,33517,20.34,23549,70.26
a5a14e2f-3285-453b-8a6d-382af870fd7a,01/09/2016,Sep-16,9,2016,STEENBRAS LOWER,Major Dam,33517,20.4,23726,70.79
b38952b4-7784-44c9-8180-c7e848094992,02/09/2016,Sep-16,9,2016,STEENBRAS LOWER,Major Dam,33517,20.39,23696,70.7
b0d219da-57e2-43ff-a4fc-d9b380cadad3,03/09/2016,Sep-16,9,2016,STEENBRAS LOWER,Major Dam,33517,20.4,23726,70.79
cc0535a8-d83c-4a61-a068-f5a705ec8936,04/09/2016,Sep-16,9,2016,STEENBRAS LOWER,Major Dam,33517,20.36,23608,70.44
8b6547dd-d0d8-45a6-a97a-4f3456bc6925,05/09/2016,Sep-16,9,2016,STEENBRAS LOWER,Major Dam,33517,20.34,23549,70.26
a0db840d-71e8-4504-bffc-3fe78747785b,06/09/2016,Sep-16,9,2016,STEENBRAS LOWER,Major Dam,33517,20.36,23608,70.44
a80e999c-85cc-490e-91c3-f2d4499580e4,07/09/2016,Sep-16,9,2016,STEENBRAS LOWER,Major Dam,33517,20.36,23608,70.44
04a82887-9a6b-43fb-907b-fda05352de5d,08/09/2016,Sep-16,9,2016,STEENBRAS LOWER,Major Dam,33517,20.32,23490,70.08
b4f22224-9e40-475f-8097-84a43fb728b6,09/09/2016,Sep-16,9,2016,STEENBRAS LOWER,Major Dam,33517,20.34,23549,70.26
36e8070a-3018-4536-a30e-372dd59a5bb9,10/09/2016,Sep-16,9,2016,STEENBRAS LOWER,Major Dam,33517,20.32,23490,70.08
f87fb074-ae3d-4cff-b0e3-825d6802c97c,11/09/2016,Sep-16,9,2016,STEENBRAS LOWER,Major Dam,33517,20.29,23401,69.82
8634d546-a5dc-4684-bf40-b353612874cd,12/09/2016,Sep-16,9,2016,STEENBRAS LOWER,Major Dam,33517,20.28,23372,69.73
c328ed57-d76c-4dbe-b62e-26c3e4ae2f30,13/09/2016,Sep-16,9,2016,STEENBRAS LOWER,Major Dam,33517,20.25,23283,69.47
3896e27f-cb0b-4794-aa3a-385ab17d2ffa,14/09/2016,Sep-16,9,2016,STEENBRAS LOWER,Major Dam,33517,20.21,23165,69.11
65e72d7b-e448-4342-9e89-08386824efd3,15/09/2016,Sep-16,9,2016,STEENBRAS LOWER,Major Dam,33517,20.19,23106,68.94
5745e050-ef71-4986-98da-3ca85d1c134d,16/09/2016,Sep-16,9,2016,STEENBRAS LOWER,Major Dam,33517,20.19,23106,68.94
b0e8936f-bd93-4a77-9dc9-1c0b5434f81b,17/09/2016,Sep-16,9,2016,STEENBRAS LOWER,Major Dam,33517,20.21,23165,69.11
349c9a4f-69ce-41fc-aa78-a36e49314ef5,18/09/2016,Sep-16,9,2016,STEENBRAS LOWER,Major Dam,33517,20.19,23106,68.94
881fb50d-86c4-4db0-8b1b-58175ce5165b,19/09/2016,Sep-16,9,2016,STEENBRAS LOWER,Major Dam,33517,20.17,23047,68.76
1092881b-ddf2-499a-a6dc-9698d39e9018,20/09/2016,Sep-16,9,2016,STEENBRAS LOWER,Major Dam,33517,20.17,23047,68.76
3a5258c6-f068-4e4d-8fb7-ced38a5b41ab,21/09/2016,Sep-16,9,2016,STEENBRAS LOWER,Major Dam,33517,20.14,22959,68.5
d6f83169-549b-4d1d-9590-62f4d73f7f9d,22/09/2016,Sep-16,9,2016,STEENBRAS LOWER,Major Dam,33517,20.1,22841,68.15
741e3910-7f65-44d8-8f34-6d04096c9168,23/09/2016,Sep-16,9,2016,STEENBRAS LOWER,Major Dam,33517,20.1,22841,68.15
b807bae3-f5bb-47c1-acec-db31d0bad525,24/09/2016,Sep-16,9,2016,STEENBRAS LOWER,Major Dam,33517,20.06,22725,67.8
e8aec9d7-3e3d-4b26-a9d1-cf9936e8ea68,25/09/2016,Sep-16,9,2016,STEENBRAS LOWER,Major Dam,33517,20.03,22639,67.54
bb9a8774-ed9d-4c59-898e-baee1908c94d,26/09/2016,Sep-16,9,2016,STEENBRAS LOWER,Major Dam,33517,19.98,22494,67.11
067f411a-1e9a-48ed-98de-4c7154723b08,27/09/2016,Sep-16,9,2016,STEENBRAS LOWER,Major Dam,33517,19.99,22523,67.2
a38563f5-e859-4154-a20c-2cfe9575c2a3,28/09/2016,Sep-16,9,2016,STEENBRAS LOWER,Major Dam,33517,20.06,22725,67.8
ee1c395d-f061-4cc2-aebc-26327f040cf0,29/09/2016,Sep-16,9,2016,STEENBRAS LOWER,Major Dam,33517,20.04,22667,67.63
8f374897-445b-4501-a936-c3f9206e669c,30/09/2016,Sep-16,9,2016,STEENBRAS LOWER,Major Dam,33517,20.03,22639,67.54
7c81437c-8e4a-4ae4-900d-8a39acd4995c,01/10/2016,Oct-16,10,2016,STEENBRAS LOWER,Major Dam,33517,20,22552,67.29
39ca5cbb-95d5-417a-b09e-6536c43f7a44,02/10/2016,Oct-16,10,2016,STEENBRAS LOWER,Major Dam,33517,19.99,22523,67.2
ba7cd578-4759-4a2c-8a41-422353d053e1,03/10/2016,Oct-16,10,2016,STEENBRAS LOWER,Major Dam,33517,19.94,22378,66.77
ce6b3064-dec7-4d11-85a5-5f06dcc8a8a0,04/10/2016,Oct-16,10,2016,STEENBRAS LOWER,Major Dam,33517,19.91,22291,66.51
3e200d09-9fd9-4f7d-aa85-c4966418ad64,05/10/2016,Oct-16,10,2016,STEENBRAS LOWER,Major Dam,33517,19.89,22233,66.33
a9d7b7bc-ec91-4f2e-9e32-9a0eaf99286c,06/10/2016,Oct-16,10,2016,STEENBRAS LOWER,Major Dam,33517,19.88,22204,66.25
c3de475a-916e-4a17-88cb-2097d3485ead,07/10/2016,Oct-16,10,2016,STEENBRAS LOWER,Major Dam,33517,19.88,22204,66.25
e96145a6-31a3-4fb8-aeab-0e962564b08a,08/10/2016,Oct-16,10,2016,STEENBRAS LOWER,Major Dam,33517,19.83,22060,65.82
b4105346-4921-4cb0-a008-b2303cc6fca6,09/10/2016,Oct-16,10,2016,STEENBRAS LOWER,Major Dam,33517,19.83,22060,65.82
65e088a4-7265-4018-9744-d1667b6f341a,10/10/2016,Oct-16,10,2016,STEENBRAS LOWER,Major Dam,33517,19.77,21888,65.3
5b7026a5-18e5-487e-902a-563d9d91a103,11/10/2016,Oct-16,10,2016,STEENBRAS LOWER,Major Dam,33517,19.77,21888,65.3
6b057d3c-0cf6-40ba-91bb-e93df61b9b7c,12/10/2016,Oct-16,10,2016,STEENBRAS LOWER,Major Dam,33517,19.77,21888,65.3
5c36d386-419f-41ef-acec-274d103ce977,13/10/2016,Oct-16,10,2016,STEENBRAS LOWER,Major Dam,33517,19.74,21803,65.05
43b52cf4-27be-4098-8926-73ef21013014,14/10/2016,Oct-16,10,2016,STEENBRAS LOWER,Major Dam,33517,19.68,21633,64.54
b11e406d-e544-4745-8c83-35eb114ae6a0,15/10/2016,Oct-16,10,2016,STEENBRAS LOWER,Major Dam,33517,19.65,21548,64.29
17c189d0-2643-4e1f-a676-1069f8048772,16/10/2016,Oct-16,10,2016,STEENBRAS LOWER,Major Dam,33517,19.63,21492,64.12
0010e294-1161-49b1-bb93-6a06f2272049,17/10/2016,Oct-16,10,2016,STEENBRAS LOWER,Major Dam,33517,19.59,21378,63.78
bce57898-13bd-4399-8c37-e45ee79b6ca7,18/10/2016,Oct-16,10,2016,STEENBRAS LOWER,Major Dam,33517,19.56,21293,63.53
28042e93-c682-47f5-b3c4-83e482facaaf,19/10/2016,Oct-16,10,2016,STEENBRAS LOWER,Major Dam,33517,19.52,21180,63.19
de262ed5-9e9d-4947-9087-f64c3a656367,20/10/2016,Oct-16,10,2016,STEENBRAS LOWER,Major Dam,33517,19.47,21042,62.78
25842b04-cc4f-4028-97f0-9c24661e230a,21/10/2016,Oct-16,10,2016,STEENBRAS LOWER,Major Dam,33517,19.43,20932,62.45
debe7ea6-1ee0-4ccc-99b0-ad4e7fc4bcfd,22/10/2016,Oct-16,10,2016,STEENBRAS LOWER,Major Dam,33517,19.39,20822,62.12
120c5f3e-2a6e-48c0-b5de-3b9586829138,23/10/2016,Oct-16,10,2016,STEENBRAS LOWER,Major Dam,33517,19.37,20768,61.96
666575bb-99c5-4d93-a7cf-553e5cea3a87,24/10/2016,Oct-16,10,2016,STEENBRAS LOWER,Major Dam,33517,19.35,20713,61.8
594f2496-dbdf-43f4-bbff-d264f5c27176,25/10/2016,Oct-16,10,2016,STEENBRAS LOWER,Major Dam,33517,19.3,20576,61.39
9b3f3046-cd4b-4391-a72a-0ced19733f19,26/10/2016,Oct-16,10,2016,STEENBRAS LOWER,Major Dam,33517,19.25,20438,60.98
24deeb1a-5075-40ba-aab7-9943957983d8,27/10/2016,Oct-16,10,2016,STEENBRAS LOWER,Major Dam,33517,19.23,20384,60.82
10754ee0-cfa0-454b-80c2-30da3d003a75,28/10/2016,Oct-16,10,2016,STEENBRAS LOWER,Major Dam,33517,19.17,20221,60.33
249b335f-32a6-425e-bda0-6c8b7a9fae6b,29/10/2016,Oct-16,10,2016,STEENBRAS LOWER,Major Dam,33517,19.12,20087,59.93
92c5e5f3-9891-4b7d-9b87-ff2dc352209c,30/10/2016,Oct-16,10,2016,STEENBRAS LOWER,Major Dam,33517,19.09,20007,59.69
b26c9c76-ed36-4227-a583-65cb3713bf87,31/10/2016,Oct-16,10,2016,STEENBRAS LOWER,Major Dam,33517,19.04,19873,59.29
ec3eb8c0-4cb4-4eb2-bb4a-acad9c79dae2,01/11/2016,Nov-16,11,2016,STEENBRAS LOWER,Major Dam,33517,19.01,19793,59.05
eecc0b34-bd54-4012-993a-d50fc09efed9,02/11/2016,Nov-16,11,2016,STEENBRAS LOWER,Major Dam,33517,18.97,19686,58.73
98c7c5ee-062e-40e5-8f86-2a88016976eb,03/11/2016,Nov-16,11,2016,STEENBRAS LOWER,Major Dam,33517,18.94,19605,58.49
5c179cc3-f21c-441e-aa42-642f93cca2df,04/11/2016,Nov-16,11,2016,STEENBRAS LOWER,Major Dam,33517,18.92,19552,58.33
3b9e635e-27ba-4fef-9eeb-c56732e0c9e2,05/11/2016,Nov-16,11,2016,STEENBRAS LOWER,Major Dam,33517,18.9,19498,58.17
cc47376a-a852-4bb8-b487-38a7edd4bd16,06/11/2016,Nov-16,11,2016,STEENBRAS LOWER,Major Dam,33517,18.86,19394,57.86
b0bc1e88-74b3-4b85-bfc5-02a6e1f39d96,07/11/2016,Nov-16,11,2016,STEENBRAS LOWER,Major Dam,33517,18.81,19263,57.47
c05ea58d-79ca-4ca3-854a-6aa0edb3b313,08/11/2016,Nov-16,11,2016,STEENBRAS LOWER,Major Dam,33517,18.77,19158,57.16
691f7633-14d0-4ca8-a8c8-ba5316dee424,09/11/2016,Nov-16,11,2016,STEENBRAS LOWER,Major Dam,33517,18.72,19028,56.77
318dcdd5-17cc-4a97-a1ca-4d94ae034c71,10/11/2016,Nov-16,11,2016,STEENBRAS LOWER,Major Dam,33517,18.7,18975,56.61
95589b99-bed7-4ea2-9884-0210d05b05e4,11/11/2016,Nov-16,11,2016,STEENBRAS LOWER,Major Dam,33517,18.64,18819,56.15
35678690-6c63-4b0b-b82e-c239e7259507,12/11/2016,Nov-16,11,2016,STEENBRAS LOWER,Major Dam,33517,18.6,18714,55.83
ffaf8f1f-40ed-46bc-8357-118c73cf4483,13/11/2016,Nov-16,11,2016,STEENBRAS LOWER,Major Dam,33517,18.56,18612,55.53
20cfaf0c-fcd6-4e31-81d0-325c22f3cd40,14/11/2016,Nov-16,11,2016,STEENBRAS LOWER,Major Dam,33517,18.52,18511,55.23
e0fa0f3b-dc47-4131-b035-11b216433f6b,15/11/2016,Nov-16,11,2016,STEENBRAS LOWER,Major Dam,33517,18.48,18410,54.93
cce9d5ef-6dab-4ac2-b0b9-4f40e09df83e,16/11/2016,Nov-16,11,2016,STEENBRAS LOWER,Major Dam,33517,18.43,18283,54.55
bb0520c2-9848-4463-b097-42710c4aa6cc,17/11/2016,Nov-16,11,2016,STEENBRAS LOWER,Major Dam,33517,18.39,18182,54.25
f1cb0425-990e-46a1-bbe6-42321d1f94a5,18/11/2016,Nov-16,11,2016,STEENBRAS LOWER,Major Dam,33517,18.35,18081,53.95
a5d91dd4-c684-4206-9593-b9ebad051bb3,19/11/2016,Nov-16,11,2016,STEENBRAS LOWER,Major Dam,33517,18.3,17955,53.57
e27c01f6-329a-484d-9e1f-83b34126dac3,20/11/2016,Nov-16,11,2016,STEENBRAS LOWER,Major Dam,33517,18.26,17855,53.27
41f0d0ba-9ade-4a2b-9a25-f0fa7be58528,21/11/2016,Nov-16,11,2016,STEENBRAS LOWER,Major Dam,33517,18.21,17732,52.9
e4a16d82-362e-419b-b2c8-a6b76c148a7a,22/11/2016,Nov-16,11,2016,STEENBRAS LOWER,Major Dam,33517,18.14,17560,52.39
5cbd2e2e-8b42-40b8-9b02-51da2c8aa7a1,23/11/2016,Nov-16,11,2016,STEENBRAS LOWER,Major Dam,33517,18.08,17412,51.95
7ec1aae1-17c0-40d9-a448-a5faa0862ac8,24/11/2016,Nov-16,11,2016,STEENBRAS LOWER,Major Dam,33517,18.04,17314,51.66
d3fe931b-4ebd-4215-a25a-043b6ca4868a,25/11/2016,Nov-16,11,2016,STEENBRAS LOWER,Major Dam,33517,18.01,17240,51.44
8e9fd1f9-13b0-4d50-aed7-05f45f37ed77,26/11/2016,Nov-16,11,2016,STEENBRAS LOWER,Major Dam,33517,17.94,17071,50.93
bade3157-ae3f-45ac-bd0d-e7ba024efd3d,27/11/2016,Nov-16,11,2016,STEENBRAS LOWER,Major Dam,33517,17.9,16976,50.65
35ba0694-92f3-4786-bda1-50d02bd119d7,28/11/2016,Nov-16,11,2016,STEENBRAS LOWER,Major Dam,33517,17.84,16833,50.22
bf337b7b-156c-4c55-b12d-572853620af9,29/11/2016,Nov-16,11,2016,STEENBRAS LOWER,Major Dam,33517,17.81,16761,50.01
521e2d69-7116-4060-92d7-7e07041fa5d2,30/11/2016,Nov-16,11,2016,STEENBRAS LOWER,Major Dam,33517,17.75,16618,49.58
2f78ff15-19b1-488e-b114-76642fc4ba00,01/12/2016,Dec-16,12,2016,STEENBRAS LOWER,Major Dam,33517,17.7,16499,49.23
0ca536f7-d37a-4e3a-9dfb-388ab4550d6a,02/12/2016,Dec-16,12,2016,STEENBRAS LOWER,Major Dam,33517,17.66,16404,48.94
1eb2c2a4-4b63-4983-aca7-e40fb629bb01,03/12/2016,Dec-16,12,2016,STEENBRAS LOWER,Major Dam,33517,17.58,16211,48.37
042cf1fc-4c93-45de-9042-7f459129d7de,04/12/2016,Dec-16,12,2016,STEENBRAS LOWER,Major Dam,33517,17.55,16139,48.15
412907bd-19d0-4425-afcd-acdeee38967e,05/12/2016,Dec-16,12,2016,STEENBRAS LOWER,Major Dam,33517,17.52,16067,47.94
2f4d88f1-89a7-430d-baa0-9c0f99168e4f,06/12/2016,Dec-16,12,2016,STEENBRAS LOWER,Major Dam,33517,17.43,15850,47.29
48dac504-ae1a-45e9-9f94-def0a44cef65,07/12/2016,Dec-16,12,2016,STEENBRAS LOWER,Major Dam,33517,17.37,15706,46.86
ad95cdf4-ec3f-4fc7-a932-27db4629ca39,08/12/2016,Dec-16,12,2016,STEENBRAS LOWER,Major Dam,33517,17.35,15662,46.73
a81b2d88-cfed-408b-ad47-f8a0150c6328,09/12/2016,Dec-16,12,2016,STEENBRAS LOWER,Major Dam,33517,17.3,15552,46.4
bbf03ccf-a1bf-4e7d-ae64-114581eb3ea2,10/12/2016,Dec-16,12,2016,STEENBRAS LOWER,Major Dam,33517,17.26,15464,46.14
7377a415-40b1-4b23-9865-564ee8fd7145,11/12/2016,Dec-16,12,2016,STEENBRAS LOWER,Major Dam,33517,17.22,15376,45.88
af62753f-9a3e-49fd-936a-c3b0e3de68de,12/12/2016,Dec-16,12,2016,STEENBRAS LOWER,Major Dam,33517,17.15,15222,45.42
77c42f7c-899e-4d93-891b-bf21dc89eb7d,13/12/2016,Dec-16,12,2016,STEENBRAS LOWER,Major Dam,33517,17.1,15112,45.09
bd89f7b8-0d30-499d-917a-a3b07217a68d,14/12/2016,Dec-16,12,2016,STEENBRAS LOWER,Major Dam,33517,17.01,14914,44.5
72635a06-08d7-4b7e-90a1-551a5e4c8f1d,15/12/2016,Dec-16,12,2016,STEENBRAS LOWER,Major Dam,33517,16.97,14826,44.23
6bada52b-c829-4251-a6f7-0d57ab6cc3f1,16/12/2016,Dec-16,12,2016,STEENBRAS LOWER,Major Dam,33517,16.93,14738,43.97
ac19a4ea-1bac-4de6-8ba9-cca494505b6e,17/12/2016,Dec-16,12,2016,STEENBRAS LOWER,Major Dam,33517,16.86,14584,43.51
90433110-8a33-4ed6-aab0-ada607967533,18/12/2016,Dec-16,12,2016,STEENBRAS LOWER,Major Dam,33517,16.79,14430,43.05
d3db88ea-7c60-4695-b227-7525ceb92f18,19/12/2016,Dec-16,12,2016,STEENBRAS LOWER,Major Dam,33517,16.74,14321,42.73
c01ad3be-8ac5-4f9c-91c4-b9222cec8048,20/12/2016,Dec-16,12,2016,STEENBRAS LOWER,Major Dam,33517,16.71,14257,42.54
b98dd8d4-1693-40b1-be15-1eb162cd2508,21/12/2016,Dec-16,12,2016,STEENBRAS LOWER,Major Dam,33517,16.67,14172,42.28
93717ebd-f245-43cf-835c-a5d985fcdeff,22/12/2016,Dec-16,12,2016,STEENBRAS LOWER,Major Dam,33517,16.61,14044,41.9
16a6baaa-1af6-44ea-99fb-ad7912cc7512,23/12/2016,Dec-16,12,2016,STEENBRAS LOWER,Major Dam,33517,16.56,13938,41.58
8402dbb0-9b23-4036-95a4-9d3bb693ce16,24/12/2016,Dec-16,12,2016,STEENBRAS LOWER,Major Dam,33517,16.55,13917,41.52
7f121f03-f7fb-4fc1-bf1a-bd37b8339a01,25/12/2016,Dec-16,12,2016,STEENBRAS LOWER,Major Dam,33517,16.51,13831,41.27
78fb4f9e-5cb1-4fd5-8211-c8f866f344f9,26/12/2016,Dec-16,12,2016,STEENBRAS LOWER,Major Dam,33517,16.44,13683,40.82
a4ae7e7a-d1d2-4d39-b875-d5b58c414482,27/12/2016,Dec-16,12,2016,STEENBRAS LOWER,Major Dam,33517,16.38,13559,40.45
c1afef6d-9814-4116-8937-e4074bc53d3f,28/12/2016,Dec-16,12,2016,STEENBRAS LOWER,Major Dam,33517,16.32,13435,40.08
962f9ce7-7c97-4a89-96f8-f83193a3fce6,29/12/2016,Dec-16,12,2016,STEENBRAS LOWER,Major Dam,33517,16.26,13311,39.71
56fe5dad-db0a-4bd4-9ac0-50c2519dc36f,30/12/2016,Dec-16,12,2016,STEENBRAS LOWER,Major Dam,33517,16.19,13166,39.28
96b40d5d-74c4-4c1d-83d3-89316ad294b3,31/12/2016,Dec-16,12,2016,STEENBRAS LOWER,Major Dam,33517,16.13,13045,38.92
55674323-2d07-464f-a9c9-f8763c60b905,01/01/2017,Jan-17,1,2017,STEENBRAS LOWER,Major Dam,33517,16.08,12945,38.62
85756e96-7727-43ea-b414-abf70d4565af,02/01/2017,Jan-17,1,2017,STEENBRAS LOWER,Major Dam,33517,16.01,12805,38.2
af02b81f-80e1-4bad-ae68-3edca356ddb2,03/01/2017,Jan-17,1,2017,STEENBRAS LOWER,Major Dam,33517,15.97,12725,37.97
c682e928-d07b-44bc-ac6f-eaedf71223ce,04/01/2017,Jan-17,1,2017,STEENBRAS LOWER,Major Dam,33517,15.91,12604,37.6
89bbb635-6769-49d8-8ae5-be438342c54d,05/01/2017,Jan-17,1,2017,STEENBRAS LOWER,Major Dam,33517,15.82,12426,37.07
7f07fd62-79a0-412e-860f-c4a8daba8c88,06/01/2017,Jan-17,1,2017,STEENBRAS LOWER,Major Dam,33517,15.79,12368,36.9
a23ddc3d-73f3-444d-a6f8-aa30dec7c854,07/01/2017,Jan-17,1,2017,STEENBRAS LOWER,Major Dam,33517,15.71,12214,36.44
1422ecbc-a246-4d59-90ef-663ecd40b170,08/01/2017,Jan-17,1,2017,STEENBRAS LOWER,Major Dam,33517,15.64,12079,36.04
bcd63a31-1c34-44e5-aa24-22da12ba4ed8,09/01/2017,Jan-17,1,2017,STEENBRAS LOWER,Major Dam,33517,15.57,11946,35.64
e00d7501-87b9-497b-9312-f7a248e9a31d,10/01/2017,Jan-17,1,2017,STEENBRAS LOWER,Major Dam,33517,15.53,11870,35.41
2b5f9f26-8b70-4f86-908c-faf640b388c9,11/01/2017,Jan-17,1,2017,STEENBRAS LOWER,Major Dam,33517,15.55,11908,35.53
995a1ff9-a648-435f-8928-725e644e0741,12/01/2017,Jan-17,1,2017,STEENBRAS LOWER,Major Dam,33517,15.64,12079,36.04
bd788b81-07cf-4330-bf0e-ca103f6c8971,13/01/2017,Jan-17,1,2017,STEENBRAS LOWER,Major Dam,33517,15.71,12214,36.44
5abaf9d3-a685-4afa-97d7-c40c0d980b3c,14/01/2017,Jan-17,1,2017,STEENBRAS LOWER,Major Dam,33517,15.8,12387,36.96
46ebef95-9201-40ce-b484-6d4035e36ad1,15/01/2017,Jan-17,1,2017,STEENBRAS LOWER,Major Dam,33517,15.91,12604,37.6
073f0a28-aa13-45e4-9be9-9d01ca984bb9,16/01/2017,Jan-17,1,2017,STEENBRAS LOWER,Major Dam,33517,15.99,12765,38.09
bef8fcca-d411-4157-9814-000fae5a0e2d,17/01/2017,Jan-17,1,2017,STEENBRAS LOWER,Major Dam,33517,16.09,12965,38.68
bfc52beb-b0da-4eee-8efd-731656cbbf5f,18/01/2017,Jan-17,1,2017,STEENBRAS LOWER,Major Dam,33517,16.15,13086,39.04
79c49de7-4c52-4276-9525-daa00bd25755,19/01/2017,Jan-17,1,2017,STEENBRAS LOWER,Major Dam,33517,16.24,13269,39.59
2e5f0ce8-b59d-4234-9ab2-b90383b9cf2b,20/01/2017,Jan-17,1,2017,STEENBRAS LOWER,Major Dam,33517,16.31,13415,40.02
f7d9ffc1-3d3a-4751-8f95-b2f2bc23e39c,21/01/2017,Jan-17,1,2017,STEENBRAS LOWER,Major Dam,33517,16.42,13642,40.7
12e264e6-11bd-42db-b463-61ab5d391ecb,22/01/2017,Jan-17,1,2017,STEENBRAS LOWER,Major Dam,33517,16.48,13767,41.07
9b48bc0f-81fa-40f5-93ab-a73c0d71208c,23/01/2017,Jan-17,1,2017,STEENBRAS LOWER,Major Dam,33517,16.54,13895,41.46
4f259688-0d95-409f-a9d9-797e1861c89a,24/01/2017,Jan-17,1,2017,STEENBRAS LOWER,Major Dam,33517,16.63,14087,42.03
0612a439-d84a-41db-8764-18ced99e44ea,25/01/2017,Jan-17,1,2017,STEENBRAS LOWER,Major Dam,33517,16.72,14279,42.6
b79b750e-4350-4cf5-bbf8-4c938e5886fd,26/01/2017,Jan-17,1,2017,STEENBRAS LOWER,Major Dam,33517,16.78,14408,42.99
ee671477-7bf6-4e1d-8ba8-25b42e58c91f,27/01/2017,Jan-17,1,2017,STEENBRAS LOWER,Major Dam,33517,16.88,14628,43.64
1d55dc61-0540-43d4-8ffc-0b27b14070ed,28/01/2017,Jan-17,1,2017,STEENBRAS LOWER,Major Dam,33517,16.97,14826,44.23
3077fe00-8958-4d3c-84e1-5821d2cf582b,29/01/2017,Jan-17,1,2017,STEENBRAS LOWER,Major Dam,33517,17.02,14936,44.56
dd348e68-b5ba-4e4b-9734-6a7a5106b9c5,30/01/2017,Jan-17,1,2017,STEENBRAS LOWER,Major Dam,33517,17.14,15200,45.35
5423f783-8360-42f9-b47d-3c08e52223ff,31/01/2017,Jan-17,1,2017,STEENBRAS LOWER,Major Dam,33517,17.19,15310,45.68
cab72b79-e939-4a7b-9ce0-14d8dc369001,01/02/2017,Feb-17,2,2017,STEENBRAS LOWER,Major Dam,33517,17.12,15156,45.22
4887e71e-3635-4689-9680-19fac4af4f0f,02/02/2017,Feb-17,2,2017,STEENBRAS LOWER,Major Dam,33517,17.11,15134,45.15
512155b8-71f9-42bd-ad57-58441a00d2c3,03/02/2017,Feb-17,2,2017,STEENBRAS LOWER,Major Dam,33517,17.06,15024,44.83
dff90655-925a-4f1a-95c9-49bf935bcd25,04/02/2017,Feb-17,2,2017,STEENBRAS LOWER,Major Dam,33517,17.02,14936,44.56
18de6b42-9613-4927-aee8-4c2fcdce886a,05/02/2017,Feb-17,2,2017,STEENBRAS LOWER,Major Dam,33517,17.01,14914,44.5
4b893d67-4b28-444f-a599-b52b955038a6,06/02/2017,Feb-17,2,2017,STEENBRAS LOWER,Major Dam,33517,16.97,14826,44.23
f06e762e-eed0-465a-bdf7-50e40a7c4aea,07/02/2017,Feb-17,2,2017,STEENBRAS LOWER,Major Dam,33517,16.9,14672,43.77
c3a7ba98-a4de-4e07-aa8f-683410994388,08/02/2017,Feb-17,2,2017,STEENBRAS LOWER,Major Dam,33517,16.86,14584,43.51
cd0a7515-ef45-4c54-9ebe-1a4fe2740a0d,09/02/2017,Feb-17,2,2017,STEENBRAS LOWER,Major Dam,33517,16.83,14518,43.32
bb33aab9-b5c1-49cc-b4b6-8df6e29b6e2d,10/02/2017,Feb-17,2,2017,STEENBRAS LOWER,Major Dam,33517,16.77,14386,42.92
0497f9f5-fa14-4c2e-9c78-725f35e1916c,11/02/2017,Feb-17,2,2017,STEENBRAS LOWER,Major Dam,33517,16.72,14279,42.6
a84280b5-88fc-4e08-9728-9f5da7bc0a13,12/02/2017,Feb-17,2,2017,STEENBRAS LOWER,Major Dam,33517,16.68,14193,42.35
4ac4d40f-27fc-4305-9e20-9c19cee84ff9,13/02/2017,Feb-17,2,2017,STEENBRAS LOWER,Major Dam,33517,16.64,14108,42.09
ea5ed64a-9faf-4aac-8101-b7e02df66436,14/02/2017,Feb-17,2,2017,STEENBRAS LOWER,Major Dam,33517,16.61,14044,41.9
0dc7d414-e719-4e97-93d5-a2a32e64ccb3,15/02/2017,Feb-17,2,2017,STEENBRAS LOWER,Major Dam,33517,16.55,13917,41.52
b5e82902-144b-479d-8592-55aa0b36071b,16/02/2017,Feb-17,2,2017,STEENBRAS LOWER,Major Dam,33517,16.53,13874,41.39
3018b2dc-9d52-4e0a-8d31-8b1600374d09,17/02/2017,Feb-17,2,2017,STEENBRAS LOWER,Major Dam,33517,16.46,13724,40.95
4ce3967b-d43c-40a4-a57a-db338e68cbbc,18/02/2017,Feb-17,2,2017,STEENBRAS LOWER,Major Dam,33517,16.46,13724,40.95
fb41086a-678f-4951-8cf2-ac41318deb63,19/02/2017,Feb-17,2,2017,STEENBRAS LOWER,Major Dam,33517,16.42,13642,40.7
5b7a8fed-b3d2-470f-96e5-7cffe021e14e,20/02/2017,Feb-17,2,2017,STEENBRAS LOWER,Major Dam,33517,16.37,13538,40.39
94eab79f-6109-4f9e-847a-d55df97efd72,21/02/2017,Feb-17,2,2017,STEENBRAS LOWER,Major Dam,33517,16.31,13415,40.02
df08a3b9-9ff8-42fe-b859-4159234aa232,22/02/2017,Feb-17,2,2017,STEENBRAS LOWER,Major Dam,33517,16.22,13228,39.47
4af97ac6-9c31-4937-96d9-fd4356d11684,23/02/2017,Feb-17,2,2017,STEENBRAS LOWER,Major Dam,33517,16.17,13126,39.16
427fdbc6-0909-4762-acac-490b05b5eb4f,24/02/2017,Feb-17,2,2017,STEENBRAS LOWER,Major Dam,33517,16.13,13045,38.92
a766348a-4db5-4dc0-8f3c-46117995cf4d,25/02/2017,Feb-17,2,2017,STEENBRAS LOWER,Major Dam,33517,16.11,13005,38.8
3a6a04c9-09e0-4f62-96f1-2b4e31fd553e,26/02/2017,Feb-17,2,2017,STEENBRAS LOWER,Major Dam,33517,16.08,12945,38.62
76acb2a5-14e9-42ae-a0a3-cdfd870f1ab8,27/02/2017,Feb-17,2,2017,STEENBRAS LOWER,Major Dam,33517,16.02,12825,38.26
89068515-890d-4748-8d52-dac8f239a4ae,28/02/2017,Feb-17,2,2017,STEENBRAS LOWER,Major Dam,33517,15.99,12765,38.09
eea74354-30d1-4872-87a5-e2ba812dac57,01/03/2017,Mar-17,3,2017,STEENBRAS LOWER,Major Dam,33517,15.93,12644,37.72
a1b75ce2-5660-4c71-95f3-47fa6be2af5b,02/03/2017,Mar-17,3,2017,STEENBRAS LOWER,Major Dam,33517,15.88,12545,37.43
4066416b-c590-4e7a-8129-bdb089314912,03/03/2017,Mar-17,3,2017,STEENBRAS LOWER,Major Dam,33517,15.87,12525,37.37
08f61669-764d-4817-82c6-44a9f4182dc3,04/03/2017,Mar-17,3,2017,STEENBRAS LOWER,Major Dam,33517,15.84,12466,37.19
505332e2-73bc-4bee-a5aa-358b9dc4b275,05/03/2017,Mar-17,3,2017,STEENBRAS LOWER,Major Dam,33517,15.76,12310,36.73
b64d6169-4773-4085-9eac-edb74ef71ef8,06/03/2017,Mar-17,3,2017,STEENBRAS LOWER,Major Dam,33517,15.75,12291,36.67
af9151a2-af6a-446b-b852-c668294d9c9e,07/03/2017,Mar-17,3,2017,STEENBRAS LOWER,Major Dam,33517,15.66,12118,36.15
7014d08f-78b5-4484-95ca-096159baf0df,08/03/2017,Mar-17,3,2017,STEENBRAS LOWER,Major Dam,33517,15.6,12002,35.81
affb1e3a-99ed-43cd-b3f6-b03d82f11f9b,09/03/2017,Mar-17,3,2017,STEENBRAS LOWER,Major Dam,33517,15.6,12002,35.81
aca0afad-28a0-45db-80b9-844e40aca841,10/03/2017,Mar-17,3,2017,STEENBRAS LOWER,Major Dam,33517,15.53,11870,35.41
853eb5cc-e3c9-4045-b2ad-b231645d4460,11/03/2017,Mar-17,3,2017,STEENBRAS LOWER,Major Dam,33517,15.53,11870,35.41
e8bb5b2a-4952-4e81-a7b8-9911d0b90846,12/03/2017,Mar-17,3,2017,STEENBRAS LOWER,Major Dam,33517,15.44,11701,34.91
33c5fae0-fe8b-41fe-a730-1c519138044f,13/03/2017,Mar-17,3,2017,STEENBRAS LOWER,Major Dam,33517,15.38,11589,34.58
00f07cfb-5829-4abd-9111-d9098be9d212,14/03/2017,Mar-17,3,2017,STEENBRAS LOWER,Major Dam,33517,15.31,11458,34.19
9e3cd526-cfd2-462c-a8e9-b24d5a786110,15/03/2017,Mar-17,3,2017,STEENBRAS LOWER,Major Dam,33517,15.31,11458,34.19
e93c7eb3-36a4-4797-941e-270e4706cb61,16/03/2017,Mar-17,3,2017,STEENBRAS LOWER,Major Dam,33517,15.29,11421,34.08
5379fcfd-5531-4a1e-85f8-f291577d5f05,17/03/2017,Mar-17,3,2017,STEENBRAS LOWER,Major Dam,33517,15.21,11273,33.63
9ca1e850-095e-4696-9669-65c3cc197301,18/03/2017,Mar-17,3,2017,STEENBRAS LOWER,Major Dam,33517,15.16,11182,33.36
b04dbe55-fee9-4394-a2f5-a1c25ec365a1,19/03/2017,Mar-17,3,2017,STEENBRAS LOWER,Major Dam,33517,15.11,11091,33.09
7bb2bd31-7019-4d56-ac8c-e6fc121f21e2,20/03/2017,Mar-17,3,2017,STEENBRAS LOWER,Major Dam,33517,15.04,10964,32.71
650518c4-03db-4a1e-86c8-b463845c5e08,21/03/2017,Mar-17,3,2017,STEENBRAS LOWER,Major Dam,33517,14.99,10874,32.44
5c6eb090-b40a-4bf9-874a-d8f47e11daae,22/03/2017,Mar-17,3,2017,STEENBRAS LOWER,Major Dam,33517,14.95,10803,32.23
a0578a80-57e4-4a5a-a2ed-eb7d15c784b6,23/03/2017,Mar-17,3,2017,STEENBRAS LOWER,Major Dam,33517,14.91,10731,32.02
b451bbf4-515a-4ed5-abe6-7a27a81b51f9,24/03/2017,Mar-17,3,2017,STEENBRAS LOWER,Major Dam,33517,14.89,10695,31.91
46f10715-ac8b-4aa5-90c2-d8a519aab522,25/03/2017,Mar-17,3,2017,STEENBRAS LOWER,Major Dam,33517,14.83,10590,31.6
b3e96da1-7840-4f32-84e9-78864d2320f0,26/03/2017,Mar-17,3,2017,STEENBRAS LOWER,Major Dam,33517,14.8,10537,31.44
799996af-965a-431f-9fb0-0b7e61ae15f0,27/03/2017,Mar-17,3,2017,STEENBRAS LOWER,Major Dam,33517,14.76,10466,31.23
d918b98d-f6ec-4fde-ba59-b376055cda3f,28/03/2017,Mar-17,3,2017,STEENBRAS LOWER,Major Dam,33517,14.72,10395,31.01
cefdfe25-e62b-4f38-874d-4ffb182ad951,29/03/2017,Mar-17,3,2017,STEENBRAS LOWER,Major Dam,33517,14.65,10273,30.65
fffe35f8-3768-434b-a33d-03e4d139bcbd,30/03/2017,Mar-17,3,2017,STEENBRAS LOWER,Major Dam,33517,14.67,10308,30.75
52e7938e-c0d3-4f19-a972-77c35fc0faa1,31/03/2017,Mar-17,3,2017,STEENBRAS LOWER,Major Dam,33517,14.74,10431,31.12
503363f2-968c-4938-95fd-e0f53babf856,01/04/2017,Apr-17,4,2017,STEENBRAS LOWER,Major Dam,33517,14.81,10555,31.49
059a38b3-8688-47e6-98d6-2bd8e12e600f,02/04/2017,Apr-17,4,2017,STEENBRAS LOWER,Major Dam,33517,14.85,10625,31.7
341681be-9c70-432d-8d0d-8c4e40e4fea2,03/04/2017,Apr-17,4,2017,STEENBRAS LOWER,Major Dam,33517,14.9,10713,31.96
16e9e845-74e8-4de4-a7e9-1b65a40f5787,04/04/2017,Apr-17,4,2017,STEENBRAS LOWER,Major Dam,33517,14.98,10856,32.39
c9e69f11-f375-45f7-8138-ef517535d4fb,05/04/2017,Apr-17,4,2017,STEENBRAS LOWER,Major Dam,33517,15.03,10946,32.66
a9c53784-ce4c-4377-bdd9-e3f2b099a2f0,06/04/2017,Apr-17,4,2017,STEENBRAS LOWER,Major Dam,33517,15.11,11091,33.09
8d426c43-19ac-4889-a704-ce9c50e133e1,07/04/2017,Apr-17,4,2017,STEENBRAS LOWER,Major Dam,33517,15.14,11146,33.25
238381df-f51e-4de2-8008-baba75880e5c,08/04/2017,Apr-17,4,2017,STEENBRAS LOWER,Major Dam,33517,15.18,11219,33.47
5880d435-b7db-42ee-ad65-17a4f4cbeebe,09/04/2017,Apr-17,4,2017,STEENBRAS LOWER,Major Dam,33517,15.24,11329,33.8
343501de-1d7d-49c7-87a1-447798ab989e,10/04/2017,Apr-17,4,2017,STEENBRAS LOWER,Major Dam,33517,15.3,11439,34.13
ca07b031-ab51-45e5-af5f-42ddaec2f09e,11/04/2017,Apr-17,4,2017,STEENBRAS LOWER,Major Dam,33517,15.35,11533,34.41
8ecf0df2-674b-448f-959b-3c1656fc9a5c,12/04/2017,Apr-17,4,2017,STEENBRAS LOWER,Major Dam,33517,15.34,11514,34.35
335a3479-4716-4b79-ad05-f9bd8250bae6,13/04/2017,Apr-17,4,2017,STEENBRAS LOWER,Major Dam,33517,15.34,11514,34.35
0b9815cd-48cb-4cdc-b43b-d37de030be62,14/04/2017,Apr-17,4,2017,STEENBRAS LOWER,Major Dam,33517,15.28,11402,34.02
99d90f9f-b8a2-4cf8-8ab4-f62c5f3e4077,15/04/2017,Apr-17,4,2017,STEENBRAS LOWER,Major Dam,33517,15.23,11310,33.74
1dc5505c-0686-4bd6-a81b-579a34a3ba2a,16/04/2017,Apr-17,4,2017,STEENBRAS LOWER,Major Dam,33517,15.22,11292,33.69
bc02a2ae-8c6a-4a2e-8081-c009921766d7,17/04/2017,Apr-17,4,2017,STEENBRAS LOWER,Major Dam,33517,15.16,11182,33.36
0c525377-cc79-4c86-b463-01b4f8c10689,18/04/2017,Apr-17,4,2017,STEENBRAS LOWER,Major Dam,33517,15.11,11091,33.09
4a0f7e74-c9ee-4539-a188-e732f6583017,19/04/2017,Apr-17,4,2017,STEENBRAS LOWER,Major Dam,33517,15.11,11091,33.09
1e680c0d-1bf3-4166-88ee-571c63445ad4,20/04/2017,Apr-17,4,2017,STEENBRAS LOWER,Major Dam,33517,15.02,10928,32.6
639f4dc7-9b59-468b-ab07-917eb9090394,21/04/2017,Apr-17,4,2017,STEENBRAS LOWER,Major Dam,33517,14.98,10856,32.39
2021ca3b-f857-4ad7-9791-4ba4297a31cf,22/04/2017,Apr-17,4,2017,STEENBRAS LOWER,Major Dam,33517,14.93,10767,32.12
140651a7-d3c3-4b8d-a00a-049beedd5f6e,23/04/2017,Apr-17,4,2017,STEENBRAS LOWER,Major Dam,33517,14.89,10695,31.91
105e6e06-3413-439b-8715-ec69b9e88ad2,24/04/2017,Apr-17,4,2017,STEENBRAS LOWER,Major Dam,33517,14.84,10607,31.65
db6c9c85-4112-44e5-891e-a776f4caf9ac,25/04/2017,Apr-17,4,2017,STEENBRAS LOWER,Major Dam,33517,14.78,10502,31.33
3753f702-3f54-437f-bb90-d713d4f6449a,26/04/2017,Apr-17,4,2017,STEENBRAS LOWER,Major Dam,33517,14.74,10431,31.12
d678b949-5a15-49df-b952-a1774db2f36c,27/04/2017,Apr-17,4,2017,STEENBRAS LOWER,Major Dam,33517,14.72,10395,31.01
a0a67127-87df-44d1-b112-99c3c2a84ae0,28/04/2017,Apr-17,4,2017,STEENBRAS LOWER,Major Dam,33517,14.67,10308,30.75
8a8f0081-127c-4184-b59a-aac94e077522,29/04/2017,Apr-17,4,2017,STEENBRAS LOWER,Major Dam,33517,14.6,10186,30.39
6e01daf6-4bee-4b80-8343-edb7617f9722,30/04/2017,Apr-17,4,2017,STEENBRAS LOWER,Major Dam,33517,14.58,10151,30.29
a75d2aac-f30d-4a43-bc7e-e5411338ef99,01/05/2017,May-17,5,2017,STEENBRAS LOWER,Major Dam,33517,14.52,10048,29.98
b6d6ec51-8879-441d-9f72-6d8b2df96614,02/05/2017,May-17,5,2017,STEENBRAS LOWER,Major Dam,33517,14.49,9996,29.82
82fd28c2-0cfa-43ac-b9f3-04a1d0b0395b,03/05/2017,May-17,5,2017,STEENBRAS LOWER,Major Dam,33517,14.45,9927,29.62
0ffcc184-3869-42e3-9d99-47cacd2c231c,04/05/2017,May-17,5,2017,STEENBRAS LOWER,Major Dam,33517,14.36,9773,29.16
1a1409f4-a774-4f11-bc82-2998a271a881,05/05/2017,May-17,5,2017,STEENBRAS LOWER,Major Dam,33517,14.32,9706,28.96
d607fe0e-abbb-4798-9c02-f0d61755fab9,06/05/2017,May-17,5,2017,STEENBRAS LOWER,Major Dam,33517,14.28,9638,28.76
87f1952b-ebc7-4abe-8930-cbffc9d8f927,07/05/2017,May-17,5,2017,STEENBRAS LOWER,Major Dam,33517,14.23,9553,28.5
81db51b6-c5ee-4c36-a0f3-c744ccc82b39,08/08/2017,Aug-17,8,2017,STEENBRAS LOWER,Major Dam,33517,14.18,9469,28.25
5ed9f653-01aa-4e76-846e-c641ed2f6e1a,09/05/2017,May-17,5,2017,STEENBRAS LOWER,Major Dam,33517,14.12,9369,27.95
1201d7cd-107c-4eb4-8f9a-c46a4a27cdcb,10/05/2017,May-17,5,2017,STEENBRAS LOWER,Major Dam,33517,14.12,9369,27.95
88170b5e-37b3-4e66-9b68-55c0d791f83f,11/05/2017,May-17,5,2017,STEENBRAS LOWER,Major Dam,33517,14.03,9218,27.5
b21ca3ee-d802-44d1-9781-fd167c669674,12/05/2017,May-17,5,2017,STEENBRAS LOWER,Major Dam,33517,14.01,9184,27.4
af8a0150-036d-4b8e-8850-771ac06199e4,13/05/2017,May-17,5,2017,STEENBRAS LOWER,Major Dam,33517,13.92,9037,26.96
93981d30-4425-4c6c-981d-31bf6af67f89,14/05/2017,May-17,5,2017,STEENBRAS LOWER,Major Dam,33517,13.87,8957,26.72
c6dfec6d-a2c6-4395-a036-050549bde478,15/05/2017,May-17,5,2017,STEENBRAS LOWER,Major Dam,33517,13.83,8892,26.53
4d4b1719-bdf3-4a39-a6b8-e87a760e497d,16/05/2017,May-17,5,2017,STEENBRAS LOWER,Major Dam,33517,13.77,8795,26.24
e8f1f3b3-9457-4afe-ab35-6b8ed387893d,17/05/2017,May-17,5,2017,STEENBRAS LOWER,Major Dam,33517,13.72,8712,25.99
c2ce5f2c-9772-4b7f-b3f6-300c4b6d696c,18/05/2017,May-17,5,2017,STEENBRAS LOWER,Major Dam,33517,13.68,8648,25.8
b0a2af9f-a0be-4142-8dc4-15a9fc5207fa,19/05/2017,May-17,5,2017,STEENBRAS LOWER,Major Dam,33517,13.65,8601,25.66
f070e2ff-34b3-4cee-ab19-c92679a90a06,20/05/2017,May-17,5,2017,STEENBRAS LOWER,Major Dam,33517,13.61,8538,25.47
99f4c555-f3fe-4a44-949b-e35bacbc672d,21/05/2017,May-17,5,2017,STEENBRAS LOWER,Major Dam,33517,13.54,8428,25.15
ae998020-5b84-4cc0-9b13-4b7ad966e47c,22/05/2017,May-17,5,2017,STEENBRAS LOWER,Major Dam,33517,13.52,8397,25.05
3bfb4b0b-e7b9-4e49-b080-26fbc6a91b5f,23/05/2017,May-17,5,2017,STEENBRAS LOWER,Major Dam,33517,13.46,8303,24.77
99a4ab5c-d2cc-4122-8c82-c4950502ef67,24/05/2017,May-17,5,2017,STEENBRAS LOWER,Major Dam,33517,13.39,8194,24.45
74b5a3db-49f0-41ec-b49e-436493f37c1a,25/05/2017,May-17,5,2017,STEENBRAS LOWER,Major Dam,33517,13.37,8163,24.35
72640579-6a5c-4b58-a16d-f1bd0a429d43,26/05/2017,May-17,5,2017,STEENBRAS LOWER,Major Dam,33517,13.32,8087,24.13
0ed1d7e6-e0e2-4086-a694-79580e4ef063,27/05/2017,May-17,5,2017,STEENBRAS LOWER,Major Dam,33517,13.28,8027,23.95
e0bc2fd9-13e6-4e15-adb1-ad8910e2225c,28/05/2017,May-17,5,2017,STEENBRAS LOWER,Major Dam,33517,13.25,7981,23.81
fc7e2c82-2178-49b4-a871-785a121ad9ba,29/05/2017,May-17,5,2017,STEENBRAS LOWER,Major Dam,33517,13.19,7890,23.54
d0401bbb-fa2f-4c3d-8c58-d92a74a37303,30/05/2017,May-17,5,2017,STEENBRAS LOWER,Major Dam,33517,13.16,7845,23.41
dc19e189-f261-414d-b31b-2755153140be,31/05/2017,May-17,5,2017,STEENBRAS LOWER,Major Dam,33517,13.19,7890,23.54
abf94483-a5db-4dd8-8c56-ffcd30ac951d,01/06/2017,Jun-17,6,2017,STEENBRAS LOWER,Major Dam,33517,13.3,8057,24.04
cf7e16f3-43f3-40a0-aa7e-0b0d48db6674,02/06/2017,Jun-17,6,2017,STEENBRAS LOWER,Major Dam,33517,13.4,8209,24.49
61c01fb6-3730-4679-9231-8e8b68f1da1f,03/06/2017,Jun-17,6,2017,STEENBRAS LOWER,Major Dam,33517,13.47,8319,24.82
234ebb78-947a-4a3c-b1b9-75e9b2e0b326,04/06/2017,Jun-17,6,2017,STEENBRAS LOWER,Major Dam,33517,13.61,8538,25.47
fe585420-6b2f-4981-ae4b-71dece827ced,05/06/2017,Jun-17,6,2017,STEENBRAS LOWER,Major Dam,33517,13.68,8648,25.8
b5bb617e-9571-41a0-a9b2-a321d0874add,06/06/2017,Jun-17,6,2017,STEENBRAS LOWER,Major Dam,33517,13.76,8778,26.19
cccf2ad7-bd9e-42f2-b67a-faa3edd9fd1e,07/06/2017,Jun-17,6,2017,STEENBRAS LOWER,Major Dam,33517,13.94,9070,27.06
e541e171-c128-44ee-9f67-15c932abf6ea,08/06/2017,Jun-17,6,2017,STEENBRAS LOWER,Major Dam,33517,14.1,9336,27.85
8c37491d-bde4-4b8f-b10c-6f890f100d0c,09/06/2017,Jun-17,6,2017,STEENBRAS LOWER,Major Dam,33517,14.24,9570,28.55
448f2fe0-956a-48c4-aa16-9a2fe3034483,10/06/2017,Jun-17,6,2017,STEENBRAS LOWER,Major Dam,33517,14.19,9485,28.3
baf2a26b-021b-4b04-8167-b2134820af7f,11/06/2017,Jun-17,6,2017,STEENBRAS LOWER,Major Dam,33517,14.17,9452,28.2
dc45435b-7177-44f6-a60a-67b759405a7b,12/06/2017,Jun-17,6,2017,STEENBRAS LOWER,Major Dam,33517,14.12,9369,27.95
7c0617fd-535f-4a8c-aed0-1d9f9a18d89d,13/06/2017,Jun-17,6,2017,STEENBRAS LOWER,Major Dam,33517,14.12,9369,27.95
7144d0cd-d4cb-4e34-a2b1-1e3602bc3520,14/06/2017,Jun-17,6,2017,STEENBRAS LOWER,Major Dam,33517,14.29,9655,28.81
2be682d8-7de5-44a3-b613-e127006cd238,15/06/2017,Jun-17,6,2017,STEENBRAS LOWER,Major Dam,33517,14.3,9672,28.86
b4a022ef-5917-4bb6-b364-198e5613b41f,16/06/2017,Jun-17,6,2017,STEENBRAS LOWER,Major Dam,33517,14.33,9723,29.01
ac7e83f2-2236-4a05-bb53-993b06920210,17/06/2017,Jun-17,6,2017,STEENBRAS LOWER,Major Dam,33517,14.28,9638,28.76
32ec5a56-f29e-4df5-8506-ad9e347c2a65,18/06/2017,Jun-17,6,2017,STEENBRAS LOWER,Major Dam,33517,14.27,9621,28.7
d00cdada-a3be-4d58-8000-18c6040686d7,19/06/2017,Jun-17,6,2017,STEENBRAS LOWER,Major Dam,33517,14.28,9638,28.76
7198e26e-6086-4ccb-98af-998a2fb66b3f,20/06/2017,Jun-17,6,2017,STEENBRAS LOWER,Major Dam,33517,14.28,9638,28.76
8af9ec50-e2f9-4778-ae7f-08ca0f1cade6,21/06/2017,Jun-17,6,2017,STEENBRAS LOWER,Major Dam,33517,14.28,9638,28.76
c43a3962-e711-46f3-a22b-fad7776833e5,22/06/2017,Jun-17,6,2017,STEENBRAS LOWER,Major Dam,33517,14.28,9638,28.76
cad7eb63-5896-4def-ad21-bf33378f954d,23/06/2017,Jun-17,6,2017,STEENBRAS LOWER,Major Dam,33517,14.55,10100,30.13
fc1c61db-76f2-48f0-b266-f1d62170aee9,24/06/2017,Jun-17,6,2017,STEENBRAS LOWER,Major Dam,33517,14.61,10203,30.44
b0a4e30a-282e-4ad6-847a-48669a42af39,25/06/2017,Jun-17,6,2017,STEENBRAS LOWER,Major Dam,33517,14.57,10134,30.24
c6ccec1d-cf8a-420e-ad07-c70cf95a12d3,26/06/2017,Jun-17,6,2017,STEENBRAS LOWER,Major Dam,33517,14.54,10082,30.08
59d8bd41-5107-4f31-a139-4c8c1cc49517,27/06/2017,Jun-17,6,2017,STEENBRAS LOWER,Major Dam,33517,14.53,10065,30.03
9fa32867-d977-408f-895a-43ffdb88c978,28/06/2017,Jun-17,6,2017,STEENBRAS LOWER,Major Dam,33517,14.48,9979,29.77
26a02b2e-0975-429e-a481-2142b48a49b3,29/06/2017,Jun-17,6,2017,STEENBRAS LOWER,Major Dam,33517,14.5,10013,29.87
4efccc27-cdba-438d-b597-4949053f6d28,30/06/2017,Jun-17,6,2017,STEENBRAS LOWER,Major Dam,33517,14.46,9944,29.67
8b916776-52d5-410f-932c-434e40405baa,01/07/2017,Jul-17,7,2017,STEENBRAS LOWER,Major Dam,33517,14.5,10013,29.87
9fd84349-4b5c-4aa6-b614-924f73c79f5c,02/07/2017,Jul-17,7,2017,STEENBRAS LOWER,Major Dam,33517,14.5,10013,29.87
6d1343a0-0c8e-4989-a321-ac21de1c0007,03/07/2017,Jul-17,7,2017,STEENBRAS LOWER,Major Dam,33517,14.45,9927,29.62
48c86e57-9709-4987-999b-a2e6a1d192ff,04/07/2017,Jul-17,7,2017,STEENBRAS LOWER,Major Dam,33517,14.44,9910,29.57
445a19a9-6a27-40f4-ae71-7896cd802010,05/07/2017,Jul-17,7,2017,STEENBRAS LOWER,Major Dam,33517,14.39,9824,29.31
6cf6241a-7028-4b08-aa93-69820c9b0b5e,06/07/2017,Jul-17,7,2017,STEENBRAS LOWER,Major Dam,33517,14.29,9655,28.81
c1e1167a-1652-489a-af7e-9c72aa5db0b5,07/07/2017,Jul-17,7,2017,STEENBRAS LOWER,Major Dam,33517,14.28,9638,28.76
97638ff8-9e3f-4658-9d20-45de4714001e,08/07/2017,Jul-17,7,2017,STEENBRAS LOWER,Major Dam,33517,14.23,9553,28.5
71898359-bfd1-4cbc-843c-0ddbbcc3a105,09/07/2017,Jul-17,7,2017,STEENBRAS LOWER,Major Dam,33517,14.23,9553,28.5
ba8fa22b-b39f-4cfe-bd3d-147e68baf6c7,10/07/2017,Jul-17,7,2017,STEENBRAS LOWER,Major Dam,33517,14.39,9824,29.31
cfcaaa48-bd5d-42ca-9445-610244132138,11/07/2017,Jul-17,7,2017,STEENBRAS LOWER,Major Dam,33517,14.37,9790,29.21
e0291ff2-ec86-41f6-92fd-f4b1ed03f629,12/07/2017,Jul-17,7,2017,STEENBRAS LOWER,Major Dam,33517,14.36,9773,29.16
dea548b2-725f-47ee-8220-bab44fe968f9,13/07/2017,Jul-17,7,2017,STEENBRAS LOWER,Major Dam,33517,14.34,9740,29.06
423b773a-1d15-4025-b6a2-147879474666,14/07/2017,Jul-17,7,2017,STEENBRAS LOWER,Major Dam,33517,14.3,9672,28.86
40bc2485-857f-4f66-bec9-ef09f457b9b7,15/07/2017,Jul-17,7,2017,STEENBRAS LOWER,Major Dam,33517,14.25,9587,28.6
a45bc1aa-5a68-4e4d-a147-fa11fa28f6e6,16/07/2017,Jul-17,7,2017,STEENBRAS LOWER,Major Dam,33517,14.37,9790,29.21
902ff6d5-791f-4c00-8029-06b139f4b9e0,17/07/2017,Jul-17,7,2017,STEENBRAS LOWER,Major Dam,33517,14.41,9858,29.41
88bfc432-66d9-4c68-aa5e-0b79d88ce08a,18/07/2017,Jul-17,7,2017,STEENBRAS LOWER,Major Dam,33517,14.41,9858,29.41
d95a3411-6de3-415c-be41-52509c3694e5,19/07/2017,Jul-17,7,2017,STEENBRAS LOWER,Major Dam,33517,14.39,9824,29.31
9f5ef277-eccd-4fc0-93aa-af822c1a15f4,20/07/2017,Jul-17,7,2017,STEENBRAS LOWER,Major Dam,33517,14.37,9790,29.21
06b4dec9-25f0-4729-8346-ec08785c15ea,21/07/2017,Jul-17,7,2017,STEENBRAS LOWER,Major Dam,33517,14.43,9893,29.52
cb519e9d-e3bc-442f-8f53-03a60e293896,22/07/2017,Jul-17,7,2017,STEENBRAS LOWER,Major Dam,33517,14.43,9893,29.52
9c8b33ac-05ec-471e-a029-d427bef9ac23,23/07/2017,Jul-17,7,2017,STEENBRAS LOWER,Major Dam,33517,14.41,9858,29.41
1f2bb54a-33cb-4713-822a-2c06b3f75f6d,24/07/2017,Jul-17,7,2017,STEENBRAS LOWER,Major Dam,33517,14.39,9824,29.31
30ad6da5-2aa3-4e9d-b470-45df892f42de,25/07/2017,Jul-17,7,2017,STEENBRAS LOWER,Major Dam,33517,14.32,9706,28.96
ccfe99e3-f56a-4687-b50f-684fa776de30,26/07/2017,Jul-17,7,2017,STEENBRAS LOWER,Major Dam,33517,14.46,9944,29.67
b2dfc166-a223-4ec5-81a3-1b52b885d322,27/07/2017,Jul-17,7,2017,STEENBRAS LOWER,Major Dam,33517,14.48,9979,29.77
caa68b22-cd4a-45c4-a5e1-944f9a5a283d,28/07/2017,Jul-17,7,2017,STEENBRAS LOWER,Major Dam,33517,14.45,9927,29.62
f4ac669e-7b2b-49c2-ae32-06ab69492656,29/07/2017,Jul-17,7,2017,STEENBRAS LOWER,Major Dam,33517,14.48,9979,29.77
37e938c3-fe4a-4941-8792-9c8150770c0a,30/07/2017,Jul-17,7,2017,STEENBRAS LOWER,Major Dam,33517,14.48,9979,29.77
9ca62b64-b6d0-4a8e-85f7-81878a38679f,31/07/2017,Jul-17,7,2017,STEENBRAS LOWER,Major Dam,33517,14.46,9944,29.67
d57e57ca-143b-457b-9f00-d1c036f1d9ea,01/08/2017,Aug-17,8,2017,STEENBRAS LOWER,Major Dam,33517,14.45,9927,29.62
52af7826-d846-4813-a8ac-ec6137621a2c,02/08/2017,Aug-17,8,2017,STEENBRAS LOWER,Major Dam,33517,14.43,9893,29.52
567ef1c0-a22a-4e13-931a-b5771fdbed3c,03/08/2017,Aug-17,8,2017,STEENBRAS LOWER,Major Dam,33517,14.43,9893,29.52
7fa83e55-a5e4-4084-a773-dba5acac033d,04/08/2017,Aug-17,8,2017,STEENBRAS LOWER,Major Dam,33517,14.41,9858,29.41
b7cb83ee-bf59-4bbf-982c-d0767fb9b8e2,05/08/2017,Aug-17,8,2017,STEENBRAS LOWER,Major Dam,33517,14.39,9824,29.31
3cb8aa02-a2b2-4488-9a4a-7afd36b897e5,06/08/2017,Aug-17,8,2017,STEENBRAS LOWER,Major Dam,33517,14.41,9858,29.41
6941de18-dca3-47d4-be50-7b10a3f94357,07/08/2017,Aug-17,8,2017,STEENBRAS LOWER,Major Dam,33517,14.32,9706,28.96
3d7679cf-afc9-45aa-9ba5-e2e92b0a22c5,08/08/2017,Aug-17,8,2017,STEENBRAS LOWER,Major Dam,33517,14.27,9621,28.7
f5677967-a66b-4e64-9416-306d4caaced2,09/08/2017,Aug-17,8,2017,STEENBRAS LOWER,Major Dam,33517,14.23,9553,28.5
c5f42049-f976-46fc-a983-f025c51aa703,10/08/2017,Aug-17,8,2017,STEENBRAS LOWER,Major Dam,33517,14.23,9553,28.5
39aa12ba-f279-4763-a028-7f097be661db,11/08/2017,Aug-17,8,2017,STEENBRAS LOWER,Major Dam,33517,14.15,9419,28.1
e1f1aec2-c0e1-42b1-adb6-bdaf44b4bfa2,12/08/2017,Aug-17,8,2017,STEENBRAS LOWER,Major Dam,33517,14.24,9570,28.55
b18787b7-8be1-4d09-acd4-14b2a2ed975d,13/08/2017,Aug-17,8,2017,STEENBRAS LOWER,Major Dam,33517,14.28,9638,28.76
75da8ec7-018e-4fac-9722-77b6c4fa2864,14/08/2017,Aug-17,8,2017,STEENBRAS LOWER,Major Dam,33517,14.23,9553,28.5
2ae14529-f85a-4f63-8363-af8f5aad976e,15/08/2017,Aug-17,8,2017,STEENBRAS LOWER,Major Dam,33517,14.21,9519,28.4
a89cda47-18cf-4b20-b06d-b20fe889bc74,16/08/2017,Aug-17,8,2017,STEENBRAS LOWER,Major Dam,33517,14.28,9638,28.76
00787e92-6d19-445c-b8ac-250cde5111f2,17/08/2017,Aug-17,8,2017,STEENBRAS LOWER,Major Dam,33517,14.46,9944,29.67
3ea5fb99-ec8b-464f-a500-f9d3a97e27ed,18/08/2017,Aug-17,8,2017,STEENBRAS LOWER,Major Dam,33517,14.52,10048,29.98
1a2f2ba4-0d92-4615-8876-5c7fc00bc245,19/08/2017,Aug-17,8,2017,STEENBRAS LOWER,Major Dam,33517,14.5,10013,29.87
cb060e20-7a16-4fc9-aab7-3ac539c2fc16,20/08/2017,Aug-17,8,2017,STEENBRAS LOWER,Major Dam,33517,14.48,9979,29.77
53769799-a37e-42e0-87c0-412d7d7a4b61,21/08/2017,Aug-17,8,2017,STEENBRAS LOWER,Major Dam,33517,14.48,9979,29.77
61042193-69cc-40d8-b9cb-3fb00217a7f9,22/08/2017,Aug-17,8,2017,STEENBRAS LOWER,Major Dam,33517,14.52,10048,29.98
6a39f5c5-86e8-4a94-94ff-3b867dbee737,23/08/2017,Aug-17,8,2017,STEENBRAS LOWER,Major Dam,33517,14.59,10169,30.34
6675bb65-3f09-4462-9df9-1a227001c33d,24/08/2017,Aug-17,8,2017,STEENBRAS LOWER,Major Dam,33517,14.85,10625,31.7
55d5ee24-22de-482a-93ed-d6f5a6345084,25/08/2017,Aug-17,8,2017,STEENBRAS LOWER,Major Dam,33517,15.3,11439,34.13
42a7080b-cf39-4259-ac3b-f5c7d31ed5b5,26/08/2017,Aug-17,8,2017,STEENBRAS LOWER,Major Dam,33517,15.38,11589,34.58
686fef65-0374-4b29-88b6-7175547df4c0,27/08/2017,Aug-17,8,2017,STEENBRAS LOWER,Major Dam,33517,15.41,11645,34.74
dbce7895-91f2-4866-b1c1-412150291c12,28/08/2017,Aug-17,8,2017,STEENBRAS LOWER,Major Dam,33517,15.45,11720,34.97
c5aeaec6-aaa6-48ea-981b-872375554ffc,29/08/2017,Aug-17,8,2017,STEENBRAS LOWER,Major Dam,33517,15.58,11964,35.7
230fc623-c05b-4052-9d06-6a6c71f58e38,30/08/2017,Aug-17,8,2017,STEENBRAS LOWER,Major Dam,33517,15.65,12099,36.1
2850b2ef-2869-4027-82d0-59aafc7882f2,31/08/2017,Aug-17,8,2017,STEENBRAS LOWER,Major Dam,33517,15.83,12446,37.13
20dd485c-6aab-4d9f-9d79-23fd0b666c8d,01/09/2017,Sep-17,9,2017,STEENBRAS LOWER,Major Dam,33517,15.92,12624,37.66
017994fe-6022-41a5-9f5e-7a7feb125543,02/09/2017,Sep-17,9,2017,STEENBRAS LOWER,Major Dam,33517,16.25,13290,39.65
19754980-e425-4881-b46d-9f9d48b1642c,03/09/2017,Sep-17,9,2017,STEENBRAS LOWER,Major Dam,33517,16.5,13810,41.2
f28049b5-901c-42a4-939b-14e73213058d,04/09/2017,Sep-17,9,2017,STEENBRAS LOWER,Major Dam,33517,16.62,14066,41.97
0ab2a291-6c66-495a-b4d9-62885007e027,05/09/2017,Sep-17,9,2017,STEENBRAS LOWER,Major Dam,33517,16.64,14108,42.09
12110894-479f-4e1d-8118-ae61feb169b2,06/09/2017,Sep-17,9,2017,STEENBRAS LOWER,Major Dam,33517,16.66,14151,42.22
5350930a-4457-4ff7-a729-dcbc7c0e9ba8,07/09/2017,Sep-17,9,2017,STEENBRAS LOWER,Major Dam,33517,16.69,14215,42.41
639eeec4-bf72-44cc-9de1-ebe96cfbf9be,08/09/2017,Sep-17,9,2017,STEENBRAS LOWER,Major Dam,33517,16.73,14300,42.66
82b6223c-1826-4653-9e20-a1386ed70d0e,09/09/2017,Sep-17,9,2017,STEENBRAS LOWER,Major Dam,33517,16.8,14452,43.12
3a344fed-1548-4812-9e94-91eb50923c74,10/09/2017,Sep-17,9,2017,STEENBRAS LOWER,Major Dam,33517,17,14892,44.43
21ed41bb-7d13-4b93-b18d-b8b359dc3237,11/09/2017,Sep-17,9,2017,STEENBRAS LOWER,Major Dam,33517,17.35,15662,46.73
722557fb-6e01-47fc-8d9d-e4e3c9cb1771,12/09/2017,Sep-17,9,2017,STEENBRAS LOWER,Major Dam,33517,17.55,16139,48.15
919e316d-8d99-4594-ad03-ff8665954fa9,13/09/2017,Sep-17,9,2017,STEENBRAS LOWER,Major Dam,33517,17.57,16187,48.29
03ab2027-df5c-4a0e-b572-acb192523678,14/09/2017,Sep-17,9,2017,STEENBRAS LOWER,Major Dam,33517,17.58,16211,48.37
b4be97d1-bc2d-4934-b6ba-7c85cd9c63fa,15/09/2017,Sep-17,9,2017,STEENBRAS LOWER,Major Dam,33517,17.57,16187,48.29
d8f773b4-8e82-439e-be25-6ea883d16aef,16/09/2017,Sep-17,9,2017,STEENBRAS LOWER,Major Dam,33517,17.54,16115,48.08
af9e9d0e-e3b3-438e-a7c8-97fca69e0cc2,17/09/2017,Sep-17,9,2017,STEENBRAS LOWER,Major Dam,33517,17.51,16043,47.87
734ec9cb-d6df-40b4-a556-a7feca1591e5,18/09/2017,Sep-17,9,2017,STEENBRAS LOWER,Major Dam,33517,17.5,16019,47.79
182fb34e-1206-4ce9-8e9e-87df5fd7b45c,19/09/2017,Sep-17,9,2017,STEENBRAS LOWER,Major Dam,33517,17.47,15947,47.58
cc29412a-e690-426c-ae42-5b06cbac60fe,20/09/2017,Sep-17,9,2017,STEENBRAS LOWER,Major Dam,33517,17.44,15874,47.36
f26658dd-e527-4069-bc9d-0596e55f18c4,21/09/2017,Sep-17,9,2017,STEENBRAS LOWER,Major Dam,33517,17.39,15754,47
142ca483-b0c1-4fb0-ae0c-5857ee9ed953,22/09/2017,Sep-17,9,2017,STEENBRAS LOWER,Major Dam,33517,17.37,15706,46.86
ef2faadb-638f-4962-a89f-39df04590804,23/09/2017,Sep-17,9,2017,STEENBRAS LOWER,Major Dam,33517,17.35,15662,46.73
61b31a97-48df-4b07-a931-6c8e638c4c5d,24/09/2017,Sep-17,9,2017,STEENBRAS LOWER,Major Dam,33517,17.32,15596,46.53
5211e2f7-41d8-46bc-8d3c-b8d3d68cf937,25/09/2017,Sep-17,9,2017,STEENBRAS LOWER,Major Dam,33517,17.29,15530,46.33
10007458-90fa-4ffd-93ab-1c8d01bb5078,26/09/2017,Sep-17,9,2017,STEENBRAS LOWER,Major Dam,33517,17.34,15640,46.66
ef7ea551-5f5a-468e-9798-7542a5718774,27/09/2017,Sep-17,9,2017,STEENBRAS LOWER,Major Dam,33517,17.31,15574,46.47
01c2e570-e32e-45aa-8e4d-b0134c43ef1c,28/09/2017,Sep-17,9,2017,STEENBRAS LOWER,Major Dam,33517,17.29,15530,46.33
81e5fd0d-ccdb-4ae1-8049-c8edbef7465e,29/09/2017,Sep-17,9,2017,STEENBRAS LOWER,Major Dam,33517,17.27,15486,46.2
4df76abc-b2f1-41d6-9b5d-5f4e4493b20b,30/09/2017,Sep-17,9,2017,STEENBRAS LOWER,Major Dam,33517,17.26,15464,46.14
28c9c1ee-ac42-4ae3-aee7-31004cd6538d,01/10/2017,Oct-17,10,2017,STEENBRAS LOWER,Major Dam,33517,17.22,15376,45.88
f14bfd6d-1c15-479b-8fa7-3df5224d9304,02/10/2017,Oct-17,10,2017,STEENBRAS LOWER,Major Dam,33517,17.17,15266,45.55
b835bd90-fcca-4d71-8aaa-f04c8cd76d1f,03/10/2017,Oct-17,10,2017,STEENBRAS LOWER,Major Dam,33517,17.14,15200,45.35
8dc82a3d-4ab4-4fa7-a8a8-402d60639752,04/10/2017,Oct-17,10,2017,STEENBRAS LOWER,Major Dam,33517,17.16,15244,45.48
1cc4cda6-07f0-477d-9309-43e745275cce,05/10/2017,Oct-17,10,2017,STEENBRAS LOWER,Major Dam,33517,17.18,15288,45.61
5942453d-38eb-4968-8914-5b92c89f6455,06/10/2017,Oct-17,10,2017,STEENBRAS LOWER,Major Dam,33517,17.14,15200,45.35
2f7b34ea-5e9c-41a7-9393-e1e94ab0fd63,07/10/2017,Oct-17,10,2017,STEENBRAS LOWER,Major Dam,33517,17.13,15178,45.28
4df639bf-5c27-4d73-80bf-059b2ab7f0c7,08/10/2017,Oct-17,10,2017,STEENBRAS LOWER,Major Dam,33517,17.11,15134,45.15
027193bd-a4d7-4c57-b0ee-ba6c6eb0e425,09/10/2017,Oct-17,10,2017,STEENBRAS LOWER,Major Dam,33517,17.07,15046,44.89
688d2d11-f16a-43ed-8566-8acd776b0dfa,10/10/2017,Oct-17,10,2017,STEENBRAS LOWER,Major Dam,33517,17.06,15024,44.83
572612fa-ffe5-4e1b-983e-b34f70589758,11/10/2017,Oct-17,10,2017,STEENBRAS LOWER,Major Dam,33517,17.05,15002,44.76
0f0d435f-0ce1-4b3e-b6d0-1204733576c4,12/10/2017,Oct-17,10,2017,STEENBRAS LOWER,Major Dam,33517,17.02,14936,44.56
0f52a503-92ec-4458-a3d5-28d79c5a96a5,13/10/2017,Oct-17,10,2017,STEENBRAS LOWER,Major Dam,33517,17,14892,44.43
c48fdd9e-da4d-4587-97b5-48fa827f04ae,14/10/2017,Oct-17,10,2017,STEENBRAS LOWER,Major Dam,33517,16.95,14782,44.1
61aebd7c-5470-48af-9d79-18bd42e07cb1,15/10/2017,Oct-17,10,2017,STEENBRAS LOWER,Major Dam,33517,16.94,14760,44.04
4703ec06-2f2c-4e91-86f9-54619a73bb9e,16/10/2017,Oct-17,10,2017,STEENBRAS LOWER,Major Dam,33517,16.96,14804,44.17
11e5af85-2870-43f8-a1ab-b820fe3420ac,17/10/2017,Oct-17,10,2017,STEENBRAS LOWER,Major Dam,33517,16.96,14804,44.17
cfba4223-915f-4481-b5ef-99070f08d56d,18/10/2017,Oct-17,10,2017,STEENBRAS LOWER,Major Dam,33517,17.01,14914,44.5
a407434f-e481-4792-94ba-e0626424717c,19/10/2017,Oct-17,10,2017,STEENBRAS LOWER,Major Dam,33517,17.04,14980,44.69
a83807b3-36c9-48e8-809a-8c97f2a5ab70,20/10/2017,Oct-17,10,2017,STEENBRAS LOWER,Major Dam,33517,17.38,15730,46.93
ac9a925b-0a42-4ddc-b0c7-ff1b8f3151a4,21/10/2017,Oct-17,10,2017,STEENBRAS LOWER,Major Dam,33517,17.73,16571,49.44
f6e41d06-e056-46e4-b4bf-25e6e51d914d,22/10/2017,Oct-17,10,2017,STEENBRAS LOWER,Major Dam,33517,17.99,17191,51.29
9d1b4bb7-1c3d-41a8-a268-2dfa02e57f0c,23/10/2017,Oct-17,10,2017,STEENBRAS LOWER,Major Dam,33517,18.19,17683,52.76
9965f1cf-2fcd-4ace-9571-8e6342a12c29,24/10/2017,Oct-17,10,2017,STEENBRAS LOWER,Major Dam,33517,18.24,17806,53.13
25b161aa-4e83-4945-a142-a73c4865715e,25/10/2017,Oct-17,10,2017,STEENBRAS LOWER,Major Dam,33517,18.26,17855,53.27
fc14bcad-0431-4eea-93ee-ee3ca3a2ea0e,26/10/2017,Oct-17,10,2017,STEENBRAS LOWER,Major Dam,33517,18.29,17929,53.49
163e6967-916d-4c7f-a9ff-03a367c40f14,27/10/2017,Oct-17,10,2017,STEENBRAS LOWER,Major Dam,33517,18.37,18132,54.1
ffda7ad3-95a4-456e-864a-c562d58b419d,28/10/2017,Oct-17,10,2017,STEENBRAS LOWER,Major Dam,33517,18.39,18182,54.25
5d395f27-574f-4cf4-bba3-2ae49ca94e5f,29/10/2017,Oct-17,10,2017,STEENBRAS LOWER,Major Dam,33517,18.37,18132,54.1
e108d539-764d-42f1-8ac7-9c394d1ca857,30/10/2017,Oct-17,10,2017,STEENBRAS LOWER,Major Dam,33517,18.35,18081,53.95
479bd759-4685-442f-aa77-5bff1b7f2804,31/10/2017,Oct-17,10,2017,STEENBRAS LOWER,Major Dam,33517,18.34,18056,53.87
470e4597-358a-45fe-8477-aeb8dfa6f8b8,01/11/2017,Nov-17,11,2017,STEENBRAS LOWER,Major Dam,33517,18.32,18005,53.72
2533c9a6-df5d-4ea4-85b2-6cc0b73fae5a,02/11/2017,Nov-17,11,2017,STEENBRAS LOWER,Major Dam,33517,18.28,17904,53.42
37f8c0fc-de14-41e1-a4ab-48ddc8d5a348,03/11/2017,Nov-17,11,2017,STEENBRAS LOWER,Major Dam,33517,18.27,17879,53.34
c174d03f-8f05-4098-b51f-b3640a012f4f,04/11/2017,Nov-17,11,2017,STEENBRAS LOWER,Major Dam,33517,18.3,17955,53.57
94b6a50b-5c40-4bbd-948b-52369bc69a13,05/11/2017,Nov-17,11,2017,STEENBRAS LOWER,Major Dam,33517,18.27,17879,53.34
bc07cb5e-0bce-4dbb-9ebd-7246bcc36bad,06/11/2017,Nov-17,11,2017,STEENBRAS LOWER,Major Dam,33517,18.27,17879,53.34
d485b850-fa88-4f47-8b6b-1cfeed1c33ab,07/11/2017,Nov-17,11,2017,STEENBRAS LOWER,Major Dam,33517,18.27,17879,53.34
2793e614-bc83-49e4-83a2-a8a7a3c8d1df,08/11/2017,Nov-17,11,2017,STEENBRAS LOWER,Major Dam,33517,18.27,17879,53.34
10a0f4fb-680a-45aa-8e53-d12d0e3645ab,09/11/2017,Nov-17,11,2017,STEENBRAS LOWER,Major Dam,33517,18.22,17756,52.98
33dddc6f-d1f0-406b-926e-3c280c792075,10/11/2017,Nov-17,11,2017,STEENBRAS LOWER,Major Dam,33517,18.21,17732,52.9
87237c92-87f2-409c-8031-29b4b0842635,11/11/2017,Nov-17,11,2017,STEENBRAS LOWER,Major Dam,33517,18.18,17658,52.68
82ec7561-a4b9-4437-9903-b1b8a4c51720,12/11/2017,Nov-17,11,2017,STEENBRAS LOWER,Major Dam,33517,18.16,17609,52.54
694df8ec-9618-4338-8de5-2e6cb9dab3bb,13/11/2017,Nov-17,11,2017,STEENBRAS LOWER,Major Dam,33517,18.12,17510,52.24
77450322-e26a-4a28-bd1b-f7cfabfdf92f,14/11/2017,Nov-17,11,2017,STEENBRAS LOWER,Major Dam,33517,18.12,17510,52.24
b10febd5-38d1-48ae-9ea1-b82657984bb7,15/11/2017,Nov-17,11,2017,STEENBRAS LOWER,Major Dam,33517,18.16,17609,52.54
42f4de7a-3c32-42cf-bbb6-f0af1b237d78,16/11/2017,Nov-17,11,2017,STEENBRAS LOWER,Major Dam,33517,18.36,18106,54.02
091ebeef-b5ac-4949-91e5-07bce75304f9,17/11/2017,Nov-17,11,2017,STEENBRAS LOWER,Major Dam,33517,18.47,18385,54.85
b8e38605-8765-4979-95c4-56448c9a6cf3,18/11/2017,Nov-17,11,2017,STEENBRAS LOWER,Major Dam,33517,18.48,18410,54.93
0ebc2644-4dee-467d-b60a-c20483195292,19/11/2017,Nov-17,11,2017,STEENBRAS LOWER,Major Dam,33517,18.46,18359,54.78
bfa01675-fe85-43d4-912c-9edf7e7a72d8,20/11/2017,Nov-17,11,2017,STEENBRAS LOWER,Major Dam,33517,18.41,18233,54.4
5c1856f4-09d0-495a-8164-fc742c2a9fc4,21/11/2017,Nov-17,11,2017,STEENBRAS LOWER,Major Dam,33517,18.45,18334,54.7
fa863fc5-d84c-4027-b3ec-9b257f8343e3,22/11/2017,Nov-17,11,2017,STEENBRAS LOWER,Major Dam,33517,18.53,18536,55.3
53166eab-4daa-4556-bd67-5952033afb4a,23/11/2017,Nov-17,11,2017,STEENBRAS LOWER,Major Dam,33517,18.56,18612,55.53
8967cec1-7ea5-4b2f-a63e-f795fcf8fb30,24/11/2017,Nov-17,11,2017,STEENBRAS LOWER,Major Dam,33517,18.56,18612,55.53
d1357046-152e-4b81-9591-4110c341758d,25/11/2017,Nov-17,11,2017,STEENBRAS LOWER,Major Dam,33517,18.54,18562,55.38
d7bbd4c6-e41a-403a-9562-0af729f4ec4f,26/11/2017,Nov-17,11,2017,STEENBRAS LOWER,Major Dam,33517,18.52,18511,55.23
0eb0c262-411f-4313-be7f-120dab0a7359,27/11/2017,Nov-17,11,2017,STEENBRAS LOWER,Major Dam,33517,18.52,18511,55.23
92f65da3-e5bd-4a22-b809-86e3ee6073b8,28/11/2017,Nov-17,11,2017,STEENBRAS LOWER,Major Dam,33517,18.52,18511,55.23
0d25de03-cf0a-45e6-9d76-413788c07e2e,29/11/2017,Nov-17,11,2017,STEENBRAS LOWER,Major Dam,33517,18.49,18435,55
a379f707-6190-4773-8415-6a8fd9b03053,30/11/2017,Nov-17,11,2017,STEENBRAS LOWER,Major Dam,33517,18.47,18385,54.85
445e44d4-6185-42f7-ab9c-ecb890035024,01/12/2017,Dec-17,12,2017,STEENBRAS LOWER,Major Dam,33517,18.45,18334,54.7
012fbb71-a5eb-4caa-8d9f-44a818e25d8e,02/12/2017,Dec-17,12,2017,STEENBRAS LOWER,Major Dam,33517,18.45,18334,54.7
e175e2fe-e08b-43d1-a8d7-1008a7dc6d71,03/12/2017,Dec-17,12,2017,STEENBRAS LOWER,Major Dam,33517,18.39,18182,54.25
f057d9d9-2eed-40ec-9f08-395c7be1b24a,04/12/2017,Dec-17,12,2017,STEENBRAS LOWER,Major Dam,33517,18.38,18157,54.17
f53f33ea-9626-46d0-bd2e-c097f50624d1,05/12/2017,Dec-17,12,2017,STEENBRAS LOWER,Major Dam,33517,18.38,18157,54.17
c3b42d0e-cf78-4aee-ae1b-3b9690e1c08d,06/12/2017,Dec-17,12,2017,STEENBRAS LOWER,Major Dam,33517,18.34,18056,53.87
e114bfe9-e6ed-4711-824f-0823a9a2aca8,07/12/2017,Dec-17,12,2017,STEENBRAS LOWER,Major Dam,33517,18.29,17929,53.49
f29625c6-28e5-4305-8cb2-7e4273b5afe7,08/12/2017,Dec-17,12,2017,STEENBRAS LOWER,Major Dam,33517,18.27,17879,53.34
11343715-4910-4f90-b35c-48e97f74c10a,09/12/2017,Dec-17,12,2017,STEENBRAS LOWER,Major Dam,33517,18.46,18359,54.78
de483a96-d14d-4546-b5b6-e4b9d736975a,10/12/2017,Dec-17,12,2017,STEENBRAS LOWER,Major Dam,33517,18.52,18511,55.23
02f3f938-6e76-42bf-a2cb-416372b0bfed,11/12/2017,Dec-17,12,2017,STEENBRAS LOWER,Major Dam,33517,18.52,18511,55.23
264fa079-5d41-49b7-b34d-c972ccd2bec9,12/12/2017,Dec-17,12,2017,STEENBRAS LOWER,Major Dam,33517,18.47,18385,54.85
0ef136a4-9958-4599-8d7d-da0556745e03,13/12/2017,Dec-17,12,2017,STEENBRAS LOWER,Major Dam,33517,18.47,18385,54.85
423be9eb-0243-4f37-a8d9-d6cd07ca86de,14/12/2017,Dec-17,12,2017,STEENBRAS LOWER,Major Dam,33517,18.47,18385,54.85
c9906ce8-cb61-4dd4-9213-e715fcb26387,15/12/2017,Dec-17,12,2017,STEENBRAS LOWER,Major Dam,33517,18.41,18233,54.4
bbafd677-a9e4-45e9-8e68-0a4028359319,16/12/2017,Dec-17,12,2017,STEENBRAS LOWER,Major Dam,33517,18.38,18157,54.17
1fe0897c-0d2e-45e0-b3b2-372490e2695c,17/12/2017,Dec-17,12,2017,STEENBRAS LOWER,Major Dam,33517,18.38,18157,54.17
8146490f-f4da-4768-8d51-cd846da71a49,18/12/2017,Dec-17,12,2017,STEENBRAS LOWER,Major Dam,33517,18.36,18106,54.02
616d3627-d565-49cd-9359-5dc3418f5b85,19/12/2017,Dec-17,12,2017,STEENBRAS LOWER,Major Dam,33517,18.31,17980,53.64
b719365c-4fbe-49d2-8d57-49aacddb9c84,20/12/2017,Dec-17,12,2017,STEENBRAS LOWER,Major Dam,33517,18.27,17879,53.34
9065d9ab-3f05-49df-8717-e18f5652f712,21/12/2017,Dec-17,12,2017,STEENBRAS LOWER,Major Dam,33517,18.24,17806,53.13
b5be9d28-5638-4403-86e3-f01621f0ca24,22/12/2017,Dec-17,12,2017,STEENBRAS LOWER,Major Dam,33517,18.23,17781,53.05
473d0e4e-bf28-4a33-b021-0f026953933f,23/12/2017,Dec-17,12,2017,STEENBRAS LOWER,Major Dam,33517,18.2,17707,52.83
a317eb7b-9e54-4864-a8d8-e797b06c7e5d,24/12/2017,Dec-17,12,2017,STEENBRAS LOWER,Major Dam,33517,18.19,17683,52.76
0c18b6ba-f18e-4e93-87e6-5cfff814c4cf,25/12/2017,Dec-17,12,2017,STEENBRAS LOWER,Major Dam,33517,18.16,17609,52.54
756e3da8-755d-4043-af2c-f2da020d48e4,26/12/2017,Dec-17,12,2017,STEENBRAS LOWER,Major Dam,33517,18.12,17510,52.24
88427637-e7ac-4b4f-9748-74d5986d762b,27/12/2017,Dec-17,12,2017,STEENBRAS LOWER,Major Dam,33517,18.07,17387,51.88
89e65ad9-419a-47fb-ad17-6d5362d9a78a,28/12/2017,Dec-17,12,2017,STEENBRAS LOWER,Major Dam,33517,18.03,17289,51.58
b076fe70-38c1-4a12-85d9-eb1e7cb3b21f,29/12/2017,Dec-17,12,2017,STEENBRAS LOWER,Major Dam,33517,18,17215,51.36
c5ad0c97-f98e-40ee-b188-880cb86eb7e3,30/12/2017,Dec-17,12,2017,STEENBRAS LOWER,Major Dam,33517,17.96,17119,51.08
8d0c5419-dcda-4f01-9306-76709206683f,31/12/2017,Dec-17,12,2017,STEENBRAS LOWER,Major Dam,33517,17.92,17023,50.79
facf9691-ba54-4689-908c-a1644934d9d7,01/01/2012,Jan-12,1,2012,STEENBRAS UPPER,Major Dam,31767,24.17,29620,93.24
714997f5-56b6-4c57-91c5-38b050d2a593,02/01/2012,Jan-12,1,2012,STEENBRAS UPPER,Major Dam,31767,24.17,29620,93.24
bc656c35-0ed0-40c2-b1f9-5c3ddff206bd,03/01/2012,Jan-12,1,2012,STEENBRAS UPPER,Major Dam,31767,24.15,29570,93.08
cd7a6885-9e50-4809-a705-a28a117e1377,04/01/2012,Jan-12,1,2012,STEENBRAS UPPER,Major Dam,31767,24.17,29620,93.24
b7f2a264-1f20-4981-91e5-c69c91fae666,05/01/2012,Jan-12,1,2012,STEENBRAS UPPER,Major Dam,31767,24.05,29317,92.29
b9d97d86-cf9b-4091-97cc-b32a1ac85ff8,06/01/2012,Jan-12,1,2012,STEENBRAS UPPER,Major Dam,31767,24.14,29545,93.01
e8d5b791-5b25-4cbb-81d3-7488d71024bf,07/01/2012,Jan-12,1,2012,STEENBRAS UPPER,Major Dam,31767,24.12,29495,92.85
d2604b69-acb5-4af1-b2b3-fd731808698b,08/01/2012,Jan-12,1,2012,STEENBRAS UPPER,Major Dam,31767,24.02,29242,92.05
77001d68-bc9d-4b6b-8f91-87a16aafe8f6,09/01/2012,Jan-12,1,2012,STEENBRAS UPPER,Major Dam,31767,24.18,29646,93.32
d3c2d97e-965f-47d5-824c-743840b72a71,10/01/2012,Jan-12,1,2012,STEENBRAS UPPER,Major Dam,31767,24.16,29595,93.16
c8eba2ae-0952-4258-9c1d-913279b74753,11/01/2012,Jan-12,1,2012,STEENBRAS UPPER,Major Dam,31767,24.16,29595,93.16
471779df-06a7-46b0-b8ff-9a51a2204456,12/01/2012,Jan-12,1,2012,STEENBRAS UPPER,Major Dam,31767,24.32,30003,94.45
f998e5bc-a463-4f89-af49-f7c549ee6e2d,13/01/2012,Jan-12,1,2012,STEENBRAS UPPER,Major Dam,31767,24.23,29773,93.72
30205654-9c8e-44ae-bb94-a47a1735c693,14/01/2012,Jan-12,1,2012,STEENBRAS UPPER,Major Dam,31767,24.39,30182,95.01
f4821170-31bf-4219-a0c5-4d0dfc96cc08,15/01/2012,Jan-12,1,2012,STEENBRAS UPPER,Major Dam,31767,24.38,30156,94.93
cb145800-9a4f-4e2d-a159-6a72cc537d19,16/01/2012,Jan-12,1,2012,STEENBRAS UPPER,Major Dam,31767,24.38,30156,94.93
0eb504e3-aea0-40cf-a903-735a2ee4af4d,17/01/2012,Jan-12,1,2012,STEENBRAS UPPER,Major Dam,31767,24.14,29545,93.01
f982a8f1-ddb8-4fb0-aeb4-d861b3bdf054,18/01/2012,Jan-12,1,2012,STEENBRAS UPPER,Major Dam,31767,24.04,29292,92.21
66f35c3c-1ba3-4fbf-80af-f649745baab5,19/01/2012,Jan-12,1,2012,STEENBRAS UPPER,Major Dam,31767,23.98,29141,91.73
2b3a4623-9914-4988-b42d-5347f5514fc1,20/01/2012,Jan-12,1,2012,STEENBRAS UPPER,Major Dam,31767,23.95,29066,91.5
f193616a-1eb3-436b-9b43-0b8de0be18e0,21/01/2012,Jan-12,1,2012,STEENBRAS UPPER,Major Dam,31767,23.95,29066,91.5
14ea1c7d-8b24-42c6-a68f-91ff5e9627ca,22/01/2012,Jan-12,1,2012,STEENBRAS UPPER,Major Dam,31767,23.86,28841,90.79
42bd2480-3cec-4666-b01b-ea5caa1bce55,23/01/2012,Jan-12,1,2012,STEENBRAS UPPER,Major Dam,31767,24.35,30078,94.68
21cff1fd-b078-4731-aa21-73951a52aea4,24/01/2012,Jan-12,1,2012,STEENBRAS UPPER,Major Dam,31767,24.35,30078,94.68
607f8033-4b0f-421f-9ae3-351b7d7bf737,25/01/2012,Jan-12,1,2012,STEENBRAS UPPER,Major Dam,31767,24.41,30233,95.17
ebcb1a6c-0348-463c-a16b-b4567e470b36,26/01/2012,Jan-12,1,2012,STEENBRAS UPPER,Major Dam,31767,24.35,30078,94.68
91c82bcb-bf8a-4cf5-8935-f53493e2a6c6,27/01/2012,Jan-12,1,2012,STEENBRAS UPPER,Major Dam,31767,24.32,30003,94.45
d74a04be-1c5b-485d-b10a-d00c981af07a,28/01/2012,Jan-12,1,2012,STEENBRAS UPPER,Major Dam,31767,24.01,29217,91.97
404d1e45-0f96-4a0d-b80d-70bd2bf5b637,29/01/2012,Jan-12,1,2012,STEENBRAS UPPER,Major Dam,31767,24.14,29545,93.01
5255e6c1-f0ef-4988-8242-a9e969457b61,30/01/2012,Jan-12,1,2012,STEENBRAS UPPER,Major Dam,31767,24.28,29901,94.13
f61f1094-45a6-4cc9-89c8-62ad99c1b1a8,31/01/2012,Jan-12,1,2012,STEENBRAS UPPER,Major Dam,31767,24.31,29978,94.37
e126d1b0-baca-4736-8d4d-d5cd092205bb,01/02/2012,Feb-12,2,2012,STEENBRAS UPPER,Major Dam,31767,24.35,30078,94.68
3351ac69-9b55-484d-aed8-4d1635228786,02/02/2012,Feb-12,2,2012,STEENBRAS UPPER,Major Dam,31767,24.31,29978,94.37
b2a60fd1-61fc-415c-836b-af01aa4af44c,03/02/2012,Feb-12,2,2012,STEENBRAS UPPER,Major Dam,31767,24.4,30208,95.09
ad76bca3-03d3-47b9-a210-b4937b09861b,04/02/2012,Feb-12,2,2012,STEENBRAS UPPER,Major Dam,31767,24.4,30208,95.09
40680e65-7c2d-41be-ae01-8b7459f69644,05/02/2012,Feb-12,2,2012,STEENBRAS UPPER,Major Dam,31767,24.34,30053,94.6
f8ae97cf-31a2-450e-9732-86dbb6f8503d,06/02/2012,Feb-12,2,2012,STEENBRAS UPPER,Major Dam,31767,24.23,29773,93.72
505d9ea2-ba1b-428c-8e8d-03cd9742ffb8,07/02/2012,Feb-12,2,2012,STEENBRAS UPPER,Major Dam,31767,24.21,29723,93.57
6ce95261-e92f-4be3-bb13-8725cd433951,08/02/2012,Feb-12,2,2012,STEENBRAS UPPER,Major Dam,31767,24.24,29798,93.8
d687dc97-5103-49f0-9285-953ee7289bbb,09/02/2012,Feb-12,2,2012,STEENBRAS UPPER,Major Dam,31767,24.22,29748,93.64
7629fc81-8e16-48e4-89c7-a39774b6d0ea,10/02/2012,Feb-12,2,2012,STEENBRAS UPPER,Major Dam,31767,24.26,29849,93.96
7c1797fd-7d9a-4260-9b39-d0e9aa9dd5c0,11/02/2012,Feb-12,2,2012,STEENBRAS UPPER,Major Dam,31767,24.12,29495,92.85
c98c0e8f-34d9-437c-93ba-dd5d7eded100,12/02/2012,Feb-12,2,2012,STEENBRAS UPPER,Major Dam,31767,24.15,29570,93.08
e7e22177-16e4-41c7-af3b-5a039477f2aa,13/02/2012,Feb-12,2,2012,STEENBRAS UPPER,Major Dam,31767,24.31,29978,94.37
7d83b710-6ec8-4825-b56f-a505e852d87a,14/02/2012,Feb-12,2,2012,STEENBRAS UPPER,Major Dam,31767,24.32,30003,94.45
a957dfe2-9069-4512-8636-76fa6c307e61,15/02/2012,Feb-12,2,2012,STEENBRAS UPPER,Major Dam,31767,24.11,29470,92.77
4e53c17e-863e-40a7-aaa8-0c58a89ce3cd,16/02/2012,Feb-12,2,2012,STEENBRAS UPPER,Major Dam,31767,23.89,28916,91.03
dbb349ff-5f65-4f9e-842c-66bff8fbbd55,17/02/2012,Feb-12,2,2012,STEENBRAS UPPER,Major Dam,31767,23.75,28566,89.92
e55e5404-f0dd-4df5-9441-a2369c77d62a,18/02/2012,Feb-12,2,2012,STEENBRAS UPPER,Major Dam,31767,23.57,28119,88.52
0fe9bc0b-168f-4cef-8518-8831ccf60258,19/02/2012,Feb-12,2,2012,STEENBRAS UPPER,Major Dam,31767,23.57,28119,88.52
75f069b3-1310-4f66-b2dd-549e9a49d8f3,20/02/2012,Feb-12,2,2012,STEENBRAS UPPER,Major Dam,31767,23.85,28816,90.71
8ec0a55c-a323-4409-b91e-e63a6b2e9229,21/02/2012,Feb-12,2,2012,STEENBRAS UPPER,Major Dam,31767,23.75,28566,89.92
ce6c987a-9ba8-4a50-ae70-34ca2bea1e5a,22/02/2012,Feb-12,2,2012,STEENBRAS UPPER,Major Dam,31767,23.68,28392,89.38
56b488c8-d4e1-47a5-8260-61cfdccf00db,23/02/2012,Feb-12,2,2012,STEENBRAS UPPER,Major Dam,31767,23.37,27627,86.97
10f87187-f3d1-4bbd-b41d-bba7373acb8d,24/02/2012,Feb-12,2,2012,STEENBRAS UPPER,Major Dam,31767,23.54,28044,88.28
168aba41-4995-457f-8329-e7de930992c1,25/02/2012,Feb-12,2,2012,STEENBRAS UPPER,Major Dam,31767,23.35,27577,86.81
00e08721-7a5d-4a8d-b97a-c7b0e5ed9049,26/02/2012,Feb-12,2,2012,STEENBRAS UPPER,Major Dam,31767,23.32,27505,86.58
614e408e-6e0e-4cf1-9e31-9ebd941b2ee5,27/02/2012,Feb-12,2,2012,STEENBRAS UPPER,Major Dam,31767,23.54,28044,88.28
29731240-45ec-45a5-9772-80a5052e1194,28/02/2012,Feb-12,2,2012,STEENBRAS UPPER,Major Dam,31767,23.25,27334,86.05
0c2dde95-44d7-4f7a-88cb-7cf3559779ec,29/02/2012,Feb-12,2,2012,STEENBRAS UPPER,Major Dam,31767,23.07,26898,84.67
0b538a1e-6849-4f7c-9931-ed8c597524e2,01/03/2012,Mar-12,3,2012,STEENBRAS UPPER,Major Dam,31767,23.01,26754,84.22
d4845e8a-4efa-44ee-b9e8-d7e97c0e0186,02/03/2012,Mar-12,3,2012,STEENBRAS UPPER,Major Dam,31767,22.78,26204,82.49
53eab87b-19d3-47f7-ad48-74f22d4daac9,03/03/2012,Mar-12,3,2012,STEENBRAS UPPER,Major Dam,31767,22.78,26204,82.49
9b803295-c947-41b1-87a5-32539c93c5c8,04/03/2012,Mar-12,3,2012,STEENBRAS UPPER,Major Dam,31767,22.57,25705,80.92
0b661e9f-d783-434e-b663-6f9500bafaf5,05/03/2012,Mar-12,3,2012,STEENBRAS UPPER,Major Dam,31767,22.78,26204,82.49
0d87e851-6dde-4d0b-85d7-f8f6d7b3aaa6,06/03/2012,Mar-12,3,2012,STEENBRAS UPPER,Major Dam,31767,22.75,26132,82.26
12cf7167-a6b5-4b24-83d9-033d26b69a6a,07/03/2012,Mar-12,3,2012,STEENBRAS UPPER,Major Dam,31767,22.7,26014,81.89
64ad8f75-62aa-4711-b7cb-719cf9207173,08/03/2012,Mar-12,3,2012,STEENBRAS UPPER,Major Dam,31767,22.64,25870,81.44
633c4499-9fb6-4449-b794-a83005e5fa67,09/03/2012,Mar-12,3,2012,STEENBRAS UPPER,Major Dam,31767,22.56,25681,80.84
470dbd81-db9d-414a-b897-492e4ed09a2c,10/03/2012,Mar-12,3,2012,STEENBRAS UPPER,Major Dam,31767,22.16,24749,77.91
78c24efc-db19-4e01-9c29-463c6a006d1b,11/03/2012,Mar-12,3,2012,STEENBRAS UPPER,Major Dam,31767,22.15,24725,77.83
8bb2499d-2bf7-4c67-810a-cdb0b91e0b40,12/03/2012,Mar-12,3,2012,STEENBRAS UPPER,Major Dam,31767,22.38,25259,79.51
e4927d98-4180-46f8-92c9-9a62c2066e02,13/03/2012,Mar-12,3,2012,STEENBRAS UPPER,Major Dam,31767,22.12,24657,77.62
ed961e62-751a-4c0c-b34a-66e81e2c74eb,14/03/2012,Mar-12,3,2012,STEENBRAS UPPER,Major Dam,31767,21.19,22559,71.01
7a0870a1-3e74-43f0-82ac-82078b0a403e,15/03/2012,Mar-12,3,2012,STEENBRAS UPPER,Major Dam,31767,21.92,24197,76.17
d3dff952-b2db-4315-a55a-7eee7b45f7f1,16/03/2012,Mar-12,3,2012,STEENBRAS UPPER,Major Dam,31767,21.77,23855,75.09
bda23ca9-d29b-4c07-9b6d-bdadb7a58ada,17/03/2012,Mar-12,3,2012,STEENBRAS UPPER,Major Dam,31767,21.77,23855,75.09
c486858a-3717-467d-b9ab-749509473394,18/03/2012,Mar-12,3,2012,STEENBRAS UPPER,Major Dam,31767,21.41,23046,72.55
19b877ee-c09e-4806-8861-e17382566af3,19/03/2012,Mar-12,3,2012,STEENBRAS UPPER,Major Dam,31767,21.69,23674,74.52
baf9e948-fdd5-4819-8b24-f35cf57bd2d4,20/03/2012,Mar-12,3,2012,STEENBRAS UPPER,Major Dam,31767,21.48,23202,73.04
530dbbfe-e29f-40a0-973b-0d38252fdd10,21/03/2012,Mar-12,3,2012,STEENBRAS UPPER,Major Dam,31767,21.33,22868,71.99
1e82559e-ffe6-4585-ad27-be80e026bdff,22/03/2012,Mar-12,3,2012,STEENBRAS UPPER,Major Dam,31767,21.31,22824,71.85
c2d1a87d-1d08-444b-82f9-a079615d9f4c,23/03/2012,Mar-12,3,2012,STEENBRAS UPPER,Major Dam,31767,20.85,21815,68.67
9fc012bc-4660-4ec5-8558-d2bd191b4b60,24/03/2012,Mar-12,3,2012,STEENBRAS UPPER,Major Dam,31767,20.69,21471,67.59
00ebd7cb-556d-4f4b-8068-c0c318aacd67,25/03/2012,Mar-12,3,2012,STEENBRAS UPPER,Major Dam,31767,20.53,21126,66.5
64bfb42c-14e5-4c83-8ee9-a393aeec31b4,26/03/2012,Mar-12,3,2012,STEENBRAS UPPER,Major Dam,31767,20.92,21967,69.15
c99aa6e3-8d6a-4ba2-b6a2-c7db894572fb,27/03/2012,Mar-12,3,2012,STEENBRAS UPPER,Major Dam,31767,20.76,21620,68.06
15fa08de-a90b-438b-bc67-9371d42d68f4,28/03/2012,Mar-12,3,2012,STEENBRAS UPPER,Major Dam,31767,20.61,21295,67.03
e74c703a-5f69-4e74-8800-cf2e49696240,29/03/2012,Mar-12,3,2012,STEENBRAS UPPER,Major Dam,31767,20.5,21065,66.31
93a89c16-fc84-41c3-bc49-63debdb19616,30/03/2012,Mar-12,3,2012,STEENBRAS UPPER,Major Dam,31767,20.05,20118,63.33
beca4123-eee8-4b67-b767-3ac70de81e8e,31/03/2012,Mar-12,3,2012,STEENBRAS UPPER,Major Dam,31767,19.71,19454,61.24
a0f26f5c-b32f-42e0-9ad7-5c68ab67f40f,01/04/2012,Apr-12,4,2012,STEENBRAS UPPER,Major Dam,31767,19.71,19454,61.24
98dbcf5c-e181-4e04-8761-d74e814f8744,02/04/2012,Apr-12,4,2012,STEENBRAS UPPER,Major Dam,31767,20.14,20306,63.92
712d1f7d-4c74-4144-97c2-a1b9158463b9,03/04/2012,Apr-12,4,2012,STEENBRAS UPPER,Major Dam,31767,19.88,19781,62.27
72a2c9bd-3cfa-41a1-a037-cd6741861df4,04/04/2012,Apr-12,4,2012,STEENBRAS UPPER,Major Dam,31767,19.62,19282,60.7
a6984ed3-50f6-4b52-afd3-8f5dc125873b,05/04/2012,Apr-12,4,2012,STEENBRAS UPPER,Major Dam,31767,19.18,18450,58.08
d98a301d-5da4-4c95-b930-86b21a62bcbc,06/04/2012,Apr-12,4,2012,STEENBRAS UPPER,Major Dam,31767,19.16,18412,57.96
62e3385e-fffb-498b-b5db-dc7082c77712,07/04/2012,Apr-12,4,2012,STEENBRAS UPPER,Major Dam,31767,19.11,18319,57.67
6741c8ac-7295-4b8e-a8f5-525dfe2d505b,08/04/2012,Apr-12,4,2012,STEENBRAS UPPER,Major Dam,31767,19.17,18431,58.02
02696e07-c04a-4fd6-8dc9-c5d3f320bd28,09/04/2012,Apr-12,4,2012,STEENBRAS UPPER,Major Dam,31767,19.2,18488,58.2
dec38911-fddf-4aeb-accf-c40ac415bc97,10/04/2012,Apr-12,4,2012,STEENBRAS UPPER,Major Dam,31767,19.38,18826,59.26
7ca0c5af-1f2f-4514-8ea7-c4a66fcebd71,11/04/2012,Apr-12,4,2012,STEENBRAS UPPER,Major Dam,31767,19.06,18225,57.37
36a455eb-ac6f-4329-9814-c839fa136b51,12/04/2012,Apr-12,4,2012,STEENBRAS UPPER,Major Dam,31767,19.06,18225,57.37
51e6e02c-ab38-4c53-9fbf-2dabe7684a47,13/04/2012,Apr-12,4,2012,STEENBRAS UPPER,Major Dam,31767,18.46,17127,53.91
3dbde468-7e7e-4239-89f9-3e993db9694a,14/04/2012,Apr-12,4,2012,STEENBRAS UPPER,Major Dam,31767,17.76,15884,50
c9f7dee9-12fb-471c-ba63-1eceb1342922,15/04/2012,Apr-12,4,2012,STEENBRAS UPPER,Major Dam,31767,17.57,15556,48.97
4c80869f-e0d6-48c5-bba9-a1bb3e360ed6,16/04/2012,Apr-12,4,2012,STEENBRAS UPPER,Major Dam,31767,17.7,15782,49.68
8c821f38-f077-4754-b283-6bd96b69be14,17/04/2012,Apr-12,4,2012,STEENBRAS UPPER,Major Dam,31767,17.39,15249,48
77a4e05c-f25e-4344-8936-170b66d6a872,18/04/2012,Apr-12,4,2012,STEENBRAS UPPER,Major Dam,31767,17.06,14690,46.24
b5b682e7-e448-42ed-b4ff-105ad63198ee,19/04/2012,Apr-12,4,2012,STEENBRAS UPPER,Major Dam,31767,16.58,13896,43.74
34d6a313-b8be-4324-a1d1-c42da5423d22,20/04/2012,Apr-12,4,2012,STEENBRAS UPPER,Major Dam,31767,16.07,13078,41.17
4ee94c2e-186e-413a-a29c-35e02fe92068,21/04/2012,Apr-12,4,2012,STEENBRAS UPPER,Major Dam,31767,15.61,12360,38.91
397710ab-f4dd-4be9-949e-784b60d7ed3c,22/04/2012,Apr-12,4,2012,STEENBRAS UPPER,Major Dam,31767,15.47,12144,38.23
9eff0ebc-ab7d-4729-b604-2c49e7b327ef,23/04/2012,Apr-12,4,2012,STEENBRAS UPPER,Major Dam,31767,15.85,12731,40.08
20b9ab91-b090-48ba-97a2-8400b13a6517,24/04/2012,Apr-12,4,2012,STEENBRAS UPPER,Major Dam,31767,15.6,12345,38.86
697cc888-1a0f-44ca-b312-e8c4771524c5,25/04/2012,Apr-12,4,2012,STEENBRAS UPPER,Major Dam,31767,15.49,12175,38.33
0df2e3bc-0eca-46f3-9323-653264d75767,26/04/2012,Apr-12,4,2012,STEENBRAS UPPER,Major Dam,31767,15,11438,36.01
8c62046a-6e68-4de3-a0bf-f502ea653aa3,27/04/2012,Apr-12,4,2012,STEENBRAS UPPER,Major Dam,31767,14.85,11237,35.37
27b3164d-139c-4c1b-923c-31a66e2e6cab,28/04/2012,Apr-12,4,2012,STEENBRAS UPPER,Major Dam,31767,14.85,11237,35.37
fc8bac69-3d62-4348-8f75-b5ddf21294c0,29/04/2012,Apr-12,4,2012,STEENBRAS UPPER,Major Dam,31767,14.85,11237,35.37
b4df4163-d7aa-4025-8d22-06c434b38bb3,30/04/2012,Apr-12,4,2012,STEENBRAS UPPER,Major Dam,31767,15.26,11677,36.76
40b033f2-0805-45e2-a5ff-a402759c77b3,01/05/2012,May-12,5,2012,STEENBRAS UPPER,Major Dam,31767,15.08,11557,36.38
7efe1c60-f8d3-45b1-818a-0b5724114c01,02/05/2012,May-12,5,2012,STEENBRAS UPPER,Major Dam,31767,15.09,11572,36.43
fe8a7ebe-bf02-428f-afa7-2cbaf6adcd40,03/05/2012,May-12,5,2012,STEENBRAS UPPER,Major Dam,31767,15.33,11932,37.56
7e96180b-6e4f-4a4e-a719-4f9aa3f06be6,04/05/2012,May-12,5,2012,STEENBRAS UPPER,Major Dam,31767,15.46,12129,38.18
4c6c2b94-3e14-4a6a-b8b1-80798c004fd5,05/05/2012,May-12,5,2012,STEENBRAS UPPER,Major Dam,31767,15.84,12715,40.03
fd1ac4b9-55d0-426d-9d0e-642550531c4c,06/05/2012,May-12,5,2012,STEENBRAS UPPER,Major Dam,31767,15.92,12841,40.42
cc3e9bbc-220d-41f2-9038-4418347c8e79,07/05/2012,May-12,5,2012,STEENBRAS UPPER,Major Dam,31767,16.33,13493,42.47
b130d626-632f-4e68-a641-55b8878ac13c,08/05/2012,May-12,5,2012,STEENBRAS UPPER,Major Dam,31767,16.73,14142,44.52
c353f702-d4f9-4626-bec8-adcaae0073a1,09/05/2012,May-12,5,2012,STEENBRAS UPPER,Major Dam,31767,16.71,14110,44.42
5b8614d5-c300-42f5-93f6-17233ac1106c,10/05/2012,May-12,5,2012,STEENBRAS UPPER,Major Dam,31767,17.22,14960,47.09
a0263c40-ca13-4297-9182-fdf0fad1f175,11/05/2012,May-12,5,2012,STEENBRAS UPPER,Major Dam,31767,17.25,15011,47.25
21c7f2f3-4305-4aea-b9a4-b220e5f5e322,12/05/2012,May-12,5,2012,STEENBRAS UPPER,Major Dam,31767,17.1,14758,46.46
653817f0-f463-49d5-ace5-d6270139d67e,13/05/2012,May-12,5,2012,STEENBRAS UPPER,Major Dam,31767,17.1,14758,46.46
7408d1c8-c0e3-499c-bb1d-e8d15d3ea561,14/05/2012,May-12,5,2012,STEENBRAS UPPER,Major Dam,31767,17.3,15096,47.52
d5379a44-c25d-4908-9666-d83ba256cc58,15/05/2012,May-12,5,2012,STEENBRAS UPPER,Major Dam,31767,17.28,15062,47.41
4421bbb0-b655-484b-8013-cfea20bd3168,16/05/2012,May-12,5,2012,STEENBRAS UPPER,Major Dam,31767,17.34,15164,47.74
05f3bf8e-604c-4e2c-a707-4a52506355d4,17/05/2012,May-12,5,2012,STEENBRAS UPPER,Major Dam,31767,17.32,15130,47.63
9f17d0d9-c183-445c-b749-d8027d970054,18/05/2012,May-12,5,2012,STEENBRAS UPPER,Major Dam,31767,17.27,15045,47.36
b056e7cc-8dcd-4a19-8e57-ef34b32d97fd,19/05/2012,May-12,5,2012,STEENBRAS UPPER,Major Dam,31767,17.16,14859,46.77
7060cf0f-3c81-490d-af29-c022434fb12a,20/05/2012,May-12,5,2012,STEENBRAS UPPER,Major Dam,31767,17.32,15130,47.63
afdc3963-c18c-4d11-99ff-a009f7ab0a40,21/05/2012,May-12,5,2012,STEENBRAS UPPER,Major Dam,31767,17.48,15402,48.48
37e72356-024a-4b65-a00c-2e26711e5a4a,22/05/2012,May-12,5,2012,STEENBRAS UPPER,Major Dam,31767,17.43,15317,48.22
96c577d7-f49f-463a-b9ed-d0e9dc86b97b,23/05/2012,May-12,5,2012,STEENBRAS UPPER,Major Dam,31767,17.52,15471,48.7
38398e01-611b-41fc-a650-c2b6b8f8b02e,24/05/2012,May-12,5,2012,STEENBRAS UPPER,Major Dam,31767,17.52,15471,48.7
1b8892df-1ca9-4714-a2f6-d54313c2afcf,25/05/2012,May-12,5,2012,STEENBRAS UPPER,Major Dam,31767,17.52,15471,48.7
d19a3b3c-ea28-4b22-ae33-26fee251106d,26/05/2012,May-12,5,2012,STEENBRAS UPPER,Major Dam,31767,17.52,15471,48.7
e30227de-f9a4-432c-8e08-4ebce362e09f,27/05/2012,May-12,5,2012,STEENBRAS UPPER,Major Dam,31767,17.4,15266,48.06
19241e99-3035-4362-bde1-c5332dd6b61b,28/05/2012,May-12,5,2012,STEENBRAS UPPER,Major Dam,31767,17.88,16095,50.67
de0871ea-c4a1-41d2-a33f-fe8da7e9f4bf,29/05/2012,May-12,5,2012,STEENBRAS UPPER,Major Dam,31767,17.7,15782,49.68
1caa2649-bc07-4894-b079-d209e660f5d4,30/05/2012,May-12,5,2012,STEENBRAS UPPER,Major Dam,31767,17.71,15799,49.73
ea5faed2-aaf5-4c3d-9850-841c4c5684fb,31/05/2012,May-12,5,2012,STEENBRAS UPPER,Major Dam,31767,17.75,15867,49.95
a5ced857-c1e0-4610-b8d4-343e61625994,01/06/2012,Jun-12,6,2012,STEENBRAS UPPER,Major Dam,31767,17.57,15556,48.97
995dced9-1625-4d72-bc52-1dbebd186698,02/06/2012,Jun-12,6,2012,STEENBRAS UPPER,Major Dam,31767,17.8,15956,50.23
37c79798-ad58-4b95-85e2-25898210748a,03/06/2012,Jun-12,6,2012,STEENBRAS UPPER,Major Dam,31767,17.79,15938,50.17
ef65172a-5aac-4e2e-aa68-a1eb0816a3d6,04/06/2012,Jun-12,6,2012,STEENBRAS UPPER,Major Dam,31767,17.81,15973,50.28
5412a3f5-cff2-4061-acf3-c8d822926dca,05/06/2012,Jun-12,6,2012,STEENBRAS UPPER,Major Dam,31767,17.81,15973,50.28
41097b64-d7dd-479e-8950-54389c8b1c90,06/06/2012,Jun-12,6,2012,STEENBRAS UPPER,Major Dam,31767,17.8,15956,50.23
825e4e09-a51d-4f58-94bc-553fd4f00cf2,07/06/2012,Jun-12,6,2012,STEENBRAS UPPER,Major Dam,31767,17.87,16077,50.61
3e908f65-3b66-4ce3-ac4d-035e04639ed5,08/06/2012,Jun-12,6,2012,STEENBRAS UPPER,Major Dam,31767,17.85,16041,50.5
cbfbcc74-8021-4187-bde3-20449df9abe0,09/06/2012,Jun-12,6,2012,STEENBRAS UPPER,Major Dam,31767,18.59,17361,54.65
90b1903c-fd01-4a89-bef6-929cf4f6b5c0,10/06/2012,Jun-12,6,2012,STEENBRAS UPPER,Major Dam,31767,19.06,18225,57.37
1264e896-01b2-422d-8c97-8d2e8cb01741,11/06/2012,Jun-12,6,2012,STEENBRAS UPPER,Major Dam,31767,19.69,19415,61.12
6d2ca278-5505-46f3-bc7c-ce109ad7a94f,12/06/2012,Jun-12,6,2012,STEENBRAS UPPER,Major Dam,31767,20.06,20139,63.4
6b9ab0a1-05aa-42e6-92d8-bbdaf0db610a,13/06/2012,Jun-12,6,2012,STEENBRAS UPPER,Major Dam,31767,20.3,20642,64.98
642968f1-9a4e-4e98-9604-bbf88cdb7b3e,14/06/2012,Jun-12,6,2012,STEENBRAS UPPER,Major Dam,31767,20.95,22032,69.35
a1657226-1f7f-4366-be31-cbc097ee5bdb,15/06/2012,Jun-12,6,2012,STEENBRAS UPPER,Major Dam,31767,21.37,22956,72.26
29fbe722-1b9c-45b1-b93a-90acf3a870bd,16/06/2012,Jun-12,6,2012,STEENBRAS UPPER,Major Dam,31767,21.21,22603,71.15
9b4cb101-4371-4ecd-9b72-009ea84b928a,17/06/2012,Jun-12,6,2012,STEENBRAS UPPER,Major Dam,31767,21.25,22691,71.43
ec5c7d3d-7a1f-43d9-a8a5-4b608dc2e293,18/06/2012,Jun-12,6,2012,STEENBRAS UPPER,Major Dam,31767,21.39,23001,72.41
b6d25cdc-1aa2-42be-8c84-193cbcd0d0b1,19/06/2012,Jun-12,6,2012,STEENBRAS UPPER,Major Dam,31767,21.38,22978,72.33
c8b5bfe5-5bef-434a-bc92-25f4c782404c,20/06/2012,Jun-12,6,2012,STEENBRAS UPPER,Major Dam,31767,21.44,23112,72.75
f46647ba-486d-47cc-9abd-5c71a2ecb7bb,21/06/2012,Jun-12,6,2012,STEENBRAS UPPER,Major Dam,31767,21.46,23156,72.89
3851349f-75ca-4225-ae7f-0a5f3ec8708b,22/06/2012,Jun-12,6,2012,STEENBRAS UPPER,Major Dam,31767,21.45,23134,72.82
dc8869fe-d7e5-4e70-bf08-07317357c8d8,23/06/2012,Jun-12,6,2012,STEENBRAS UPPER,Major Dam,31767,21.25,22691,71.43
b894b1ca-79a9-40e2-ae11-31fb70741a84,24/06/2012,Jun-12,6,2012,STEENBRAS UPPER,Major Dam,31767,21.25,22691,71.43
c03bce20-e51f-477e-9dbe-d4fb470b9386,25/06/2012,Jun-12,6,2012,STEENBRAS UPPER,Major Dam,31767,21.63,23538,74.1
bc8a09f6-7b97-4079-836c-bd67d44b7771,26/06/2012,Jun-12,6,2012,STEENBRAS UPPER,Major Dam,31767,21.59,23449,73.82
31566511-6321-4710-9608-2304c67551ca,27/06/2012,Jun-12,6,2012,STEENBRAS UPPER,Major Dam,31767,21.89,24129,75.96
d7214dc4-a47b-473b-a82a-171118eab9f7,28/06/2012,Jun-12,6,2012,STEENBRAS UPPER,Major Dam,31767,21.73,23763,74.8
adfc7f1e-b7d5-4fc0-bc23-0ad1a9179b8e,29/06/2012,Jun-12,6,2012,STEENBRAS UPPER,Major Dam,31767,21.51,23270,73.25
f74370bb-cb57-4166-91ee-4cbc38d26044,30/06/2012,Jun-12,6,2012,STEENBRAS UPPER,Major Dam,31767,22.06,24519,77.18
ae45bbf7-719c-46e9-b3a7-ffa1bf4b6a90,01/07/2012,Jul-12,7,2012,STEENBRAS UPPER,Major Dam,31767,22.43,25376,79.88
84eec8cf-7521-4167-a1bf-017b3d3917fd,02/07/2012,Jul-12,7,2012,STEENBRAS UPPER,Major Dam,31767,22.79,26228,82.56
744b597e-24de-4d79-a59e-be9a9e679535,03/07/2012,Jul-12,7,2012,STEENBRAS UPPER,Major Dam,31767,23.11,26996,84.98
03549d92-0e55-42f7-99b2-fe4a1ff4a724,04/07/2012,Jul-12,7,2012,STEENBRAS UPPER,Major Dam,31767,23.49,27922,87.9
7dc4c4aa-c424-43d0-9754-d73085eaba10,05/07/2012,Jul-12,7,2012,STEENBRAS UPPER,Major Dam,31767,23.85,28816,90.71
d15e7e5c-43ef-48f2-8a0b-90770cf1dc0a,06/07/2012,Jul-12,7,2012,STEENBRAS UPPER,Major Dam,31767,23.89,28916,91.03
e0093898-37cf-4d23-90f1-096c35a53c86,07/07/2012,Jul-12,7,2012,STEENBRAS UPPER,Major Dam,31767,23.79,28666,90.24
1e1588f7-8055-4093-90dd-290a1b70a662,08/07/2012,Jul-12,7,2012,STEENBRAS UPPER,Major Dam,31767,23.85,28816,90.71
e1aa78fa-b16b-484b-95b4-39c33291f786,09/07/2012,Jul-12,7,2012,STEENBRAS UPPER,Major Dam,31767,24.21,29723,93.57
3447d2fb-9b2b-4562-918f-c59e92a61095,10/07/2012,Jul-12,7,2012,STEENBRAS UPPER,Major Dam,31767,24.41,30233,95.17
be095a74-88f0-484d-b3d5-cca45805fe94,11/07/2012,Jul-12,7,2012,STEENBRAS UPPER,Major Dam,31767,24.65,30852,97.12
70ace468-b620-406f-af91-11c91ea896fc,12/07/2012,Jul-12,7,2012,STEENBRAS UPPER,Major Dam,31767,25.09,32010,100.76
d8dfbbe8-aac6-4f21-9c9c-010b0cc8f186,13/07/2012,Jul-12,7,2012,STEENBRAS UPPER,Major Dam,31767,25.27,32496,102.29
3c7c4463-722c-41a8-86cf-be6078235889,14/07/2012,Jul-12,7,2012,STEENBRAS UPPER,Major Dam,31767,25.3,32577,102.55
d3bb31ac-884b-4533-9ebd-fe3129c9dd31,15/07/2012,Jul-12,7,2012,STEENBRAS UPPER,Major Dam,31767,25.21,32334,101.78
94cfeb02-86ca-4797-9198-0ae3f779f6c7,16/07/2012,Jul-12,7,2012,STEENBRAS UPPER,Major Dam,31767,25.31,32604,102.63
e0ab4e83-2b14-4dd7-b75c-c367d24022ae,17/07/2012,Jul-12,7,2012,STEENBRAS UPPER,Major Dam,31767,25.36,32739,103.06
92c1a05c-37f6-4937-95c0-4f6460b451fc,18/07/2012,Jul-12,7,2012,STEENBRAS UPPER,Major Dam,31767,25.21,32334,101.78
d58e23d6-520c-48dc-a7b3-7897ee701f13,19/07/2012,Jul-12,7,2012,STEENBRAS UPPER,Major Dam,31767,25.17,32226,101.44
4f7a47e3-fde4-43b2-aaa4-084fdc39661e,20/07/2012,Jul-12,7,2012,STEENBRAS UPPER,Major Dam,31767,25.14,32145,101.19
e8940fd7-e2e2-4cf0-bdcb-a985f95ff5fa,21/07/2012,Jul-12,7,2012,STEENBRAS UPPER,Major Dam,31767,25.17,32226,101.44
aa5b2f38-7558-4dc7-9d3e-6916317a0ff3,22/07/2012,Jul-12,7,2012,STEENBRAS UPPER,Major Dam,31767,25.14,32145,101.19
bffb0d3d-f51c-425d-a2dd-5b3513fefdc6,23/07/2012,Jul-12,7,2012,STEENBRAS UPPER,Major Dam,31767,25.09,32010,100.76
9b54dff6-2bf2-48e7-a488-ac08cd39fef0,24/07/2012,Jul-12,7,2012,STEENBRAS UPPER,Major Dam,31767,25.23,32388,101.95
a0aaef1d-9266-4652-9b5a-0fa62504b016,25/07/2012,Jul-12,7,2012,STEENBRAS UPPER,Major Dam,31767,24.14,29545,93.01
0bc9daef-0fd8-4dca-9ccc-ac810e846e32,26/07/2012,Jul-12,7,2012,STEENBRAS UPPER,Major Dam,31767,24.8,31242,98.35
c5e10926-0ee3-45f8-9a73-696b6065cef0,27/07/2012,Jul-12,7,2012,STEENBRAS UPPER,Major Dam,31767,25.04,31875,100.34
e820ddfc-5f95-4eeb-909e-7bdb6e78d304,28/07/2012,Jul-12,7,2012,STEENBRAS UPPER,Major Dam,31767,24.98,31713,99.83
90dc8c43-ba3f-4958-a09c-f361a968487b,29/07/2012,Jul-12,7,2012,STEENBRAS UPPER,Major Dam,31767,24.92,31556,99.34
8f25269e-7fdd-49e4-8ed1-e187182c0eec,30/07/2012,Jul-12,7,2012,STEENBRAS UPPER,Major Dam,31767,25.04,31875,100.34
f4b00666-2798-448f-8b1e-d4e4ac331374,31/07/2012,Jul-12,7,2012,STEENBRAS UPPER,Major Dam,31767,24.95,31634,99.58
028e0882-4513-4e48-af3a-f8b95aaca2e0,01/08/2012,Aug-12,8,2012,STEENBRAS UPPER,Major Dam,31767,24.99,31740,99.92
de24938c-db69-4a27-82ef-535b10a6c055,02/08/2012,Aug-12,8,2012,STEENBRAS UPPER,Major Dam,31767,24.99,31740,99.92
856dd04a-3a0e-4598-baed-1a741a679e6e,03/08/2012,Aug-12,8,2012,STEENBRAS UPPER,Major Dam,31767,24.81,31268,98.43
b5c883a0-3dbc-46c8-9be5-3e2d27848fcd,04/08/2012,Aug-12,8,2012,STEENBRAS UPPER,Major Dam,31767,24.58,30671,96.55
b17b2954-7094-4dd7-bc9c-33467b0e18c8,05/08/2012,Aug-12,8,2012,STEENBRAS UPPER,Major Dam,31767,24.58,30671,96.55
b60bc8d2-139e-4406-9543-86a59558fca8,06/08/2012,Aug-12,8,2012,STEENBRAS UPPER,Major Dam,31767,25.03,31848,100.25
4e8e6217-0fdf-406e-84aa-faa7f08e0896,07/08/2012,Aug-12,8,2012,STEENBRAS UPPER,Major Dam,31767,24.84,31346,98.67
507e0e1b-9df6-462c-ae8c-6b18b42dfcf6,08/08/2012,Aug-12,8,2012,STEENBRAS UPPER,Major Dam,31767,24.92,31556,99.34
45eba8a0-c247-4cca-bcf2-d8538a4b9d83,09/08/2012,Aug-12,8,2012,STEENBRAS UPPER,Major Dam,31767,24.88,31450,99
b791969a-4d9d-4f21-9875-7afbf8dfecac,10/08/2012,Aug-12,8,2012,STEENBRAS UPPER,Major Dam,31767,24.95,31634,99.58
4dc94a81-94d3-46e2-a97a-bff5fcdb61fe,11/08/2012,Aug-12,8,2012,STEENBRAS UPPER,Major Dam,31767,24.93,31582,99.42
70451b78-d0e3-4cd7-8ced-f948f0639218,12/08/2012,Aug-12,8,2012,STEENBRAS UPPER,Major Dam,31767,25.03,31848,100.25
8f8f9e3f-5519-4b55-a4ab-7643b95cc65b,13/08/2012,Aug-12,8,2012,STEENBRAS UPPER,Major Dam,31767,25.21,32334,101.78
7ecf2418-562f-468c-a163-8d833fc54bc3,14/08/2012,Aug-12,8,2012,STEENBRAS UPPER,Major Dam,31767,25.18,32253,101.53
372d8cde-d2f6-4f4e-be01-1e245fa2be40,15/08/2012,Aug-12,8,2012,STEENBRAS UPPER,Major Dam,31767,24.95,31634,99.58
2fcc817c-8097-4107-8df6-31a312e64a68,16/08/2012,Aug-12,8,2012,STEENBRAS UPPER,Major Dam,31767,24.84,31346,98.67
7362f40a-479b-4467-8c2b-b38a4df30abe,17/08/2012,Aug-12,8,2012,STEENBRAS UPPER,Major Dam,31767,24.77,31164,98.1
ccc320a8-9f81-45ea-a7a7-851e89ac6333,18/08/2012,Aug-12,8,2012,STEENBRAS UPPER,Major Dam,31767,24.87,31424,98.92
804defea-9044-496d-878d-c95cd4550bce,19/08/2012,Aug-12,8,2012,STEENBRAS UPPER,Major Dam,31767,24.91,31530,99.25
761617a6-84f4-423f-be21-d14a0e68bef8,20/08/2012,Aug-12,8,2012,STEENBRAS UPPER,Major Dam,31767,25.26,32469,102.21
db339147-c0ae-4f39-907f-d8a2bceb1e6e,21/08/2012,Aug-12,8,2012,STEENBRAS UPPER,Major Dam,31767,25.29,32550,102.46
817a0994-7986-4714-ba0e-9cc9e2930d5c,22/08/2012,Aug-12,8,2012,STEENBRAS UPPER,Major Dam,31767,25.24,32415,102.04
92f576fa-58f4-42c3-be6f-4079aacf59bb,23/08/2012,Aug-12,8,2012,STEENBRAS UPPER,Major Dam,31767,25.22,32361,101.87
fd002bbd-153b-477d-b8fd-4d620fc11a46,24/08/2012,Aug-12,8,2012,STEENBRAS UPPER,Major Dam,31767,25.08,31983,100.68
21fb0e2b-3187-43c7-8a11-0c040acc9531,25/08/2012,Aug-12,8,2012,STEENBRAS UPPER,Major Dam,31767,24.99,31740,99.92
c02224e5-b228-47ac-a6ec-f2fa49f1f072,26/08/2012,Aug-12,8,2012,STEENBRAS UPPER,Major Dam,31767,24.99,31740,99.92
7cc1b614-af1d-4df2-8f37-4b4e853eb098,27/08/2012,Aug-12,8,2012,STEENBRAS UPPER,Major Dam,31767,25.05,31902,100.42
049a6374-40f7-4bfa-87dc-d77b24ba81a6,28/08/2012,Aug-12,8,2012,STEENBRAS UPPER,Major Dam,31767,25.01,31794,100.08
55199159-6051-476a-8ba2-23ed4a99c46e,29/08/2012,Aug-12,8,2012,STEENBRAS UPPER,Major Dam,31767,24.94,31608,99.5
9fe77aca-456a-4250-8671-a4a667385eb8,30/08/2012,Aug-12,8,2012,STEENBRAS UPPER,Major Dam,31767,24.94,31608,99.5
8a8f5216-8363-4179-ac21-fa16e1416286,31/08/2012,Aug-12,8,2012,STEENBRAS UPPER,Major Dam,31767,24.87,31424,98.92
352af681-6f3b-4abc-8605-4e43cad8b530,01/09/2012,Sep-12,9,2012,STEENBRAS UPPER,Major Dam,31767,24.72,31034,97.69
7b8573b5-079a-42c7-9d82-2917b561288b,02/09/2012,Sep-12,9,2012,STEENBRAS UPPER,Major Dam,31767,25.14,32145,101.19
224662ec-1fa6-4386-9c39-5601fe6a6410,03/09/2012,Sep-12,9,2012,STEENBRAS UPPER,Major Dam,31767,24.78,31190,98.18
ac18e75b-2663-4700-9fe6-6457d596cfcb,04/09/2012,Sep-12,9,2012,STEENBRAS UPPER,Major Dam,31767,24.78,31190,98.18
fa0917c3-1779-43d0-95f4-26c77f7e0fc0,05/09/2012,Sep-12,9,2012,STEENBRAS UPPER,Major Dam,31767,24.7,30982,97.53
e74dc4f4-2fce-42b3-91bc-4bc396a7943c,06/09/2012,Sep-12,9,2012,STEENBRAS UPPER,Major Dam,31767,24.61,30748,96.79
a892e4b7-32b0-4c9b-bc93-55f7600b4824,07/09/2012,Sep-12,9,2012,STEENBRAS UPPER,Major Dam,31767,24.48,30413,95.74
2683ae79-0955-4b3a-969c-6499080a6d9c,08/09/2012,Sep-12,9,2012,STEENBRAS UPPER,Major Dam,31767,24.46,30361,95.57
bef24246-a80d-43f7-9453-1e240c28c1be,09/09/2012,Sep-12,9,2012,STEENBRAS UPPER,Major Dam,31767,24.48,30413,95.74
ca1be4da-04cd-4557-9e2f-513a685cc8bd,10/09/2012,Sep-12,9,2012,STEENBRAS UPPER,Major Dam,31767,24.46,30361,95.57
25e6b58e-58a3-42b1-8520-a60c776259ae,11/09/2012,Sep-12,9,2012,STEENBRAS UPPER,Major Dam,31767,24.31,29978,94.37
9f46759e-5cc1-4139-9707-d7bc23969835,12/09/2012,Sep-12,9,2012,STEENBRAS UPPER,Major Dam,31767,24.46,30361,95.57
e0c4c5b6-0025-4508-b921-68a87ada0903,13/09/2012,Sep-12,9,2012,STEENBRAS UPPER,Major Dam,31767,24.44,30309,95.41
0efad869-a819-4838-9e48-ed061b9458a9,14/09/2012,Sep-12,9,2012,STEENBRAS UPPER,Major Dam,31767,24.44,30309,95.41
41a6569b-a439-414a-a4c8-4d717cd22807,15/09/2012,Sep-12,9,2012,STEENBRAS UPPER,Major Dam,31767,24.4,30208,95.09
654bcf8f-7b9d-4f6e-83be-685b778322eb,16/09/2012,Sep-12,9,2012,STEENBRAS UPPER,Major Dam,31767,24.4,30208,95.09
942cdc21-6544-46c5-8f15-b0ff5c43be8e,17/09/2012,Sep-12,9,2012,STEENBRAS UPPER,Major Dam,31767,24.54,30567,96.22
36850dc5-e546-4394-9ece-091e4c3eee71,18/09/2012,Sep-12,9,2012,STEENBRAS UPPER,Major Dam,31767,24.47,30387,95.66
5f0d4ea9-7387-47c8-9b7a-15be655095c0,19/09/2012,Sep-12,9,2012,STEENBRAS UPPER,Major Dam,31767,24.51,30490,95.98
d74d3b24-2a6e-410a-929d-a47f3b61abde,20/09/2012,Sep-12,9,2012,STEENBRAS UPPER,Major Dam,31767,24.39,30182,95.01
59c60ddb-5be7-456d-bdf4-84d0b4d9378f,21/09/2012,Sep-12,9,2012,STEENBRAS UPPER,Major Dam,31767,24.56,30619,96.39
c69656a1-9d16-4bb7-94ab-3785e7fe7aca,22/09/2012,Sep-12,9,2012,STEENBRAS UPPER,Major Dam,31767,24.54,30567,96.22
29393dc2-8391-4d6c-aba3-a8de7022d128,23/09/2012,Sep-12,9,2012,STEENBRAS UPPER,Major Dam,31767,24.55,30593,96.3
970f301c-e842-4b9e-b906-1fc643f304fa,24/09/2012,Sep-12,9,2012,STEENBRAS UPPER,Major Dam,31767,24.59,30697,96.63
6dfeb094-fef8-458a-86e6-ddd8da678834,25/09/2012,Sep-12,9,2012,STEENBRAS UPPER,Major Dam,31767,24.75,31112,97.94
6e4f87df-f2ca-4a62-bbd3-1b373410ed6a,26/09/2012,Sep-12,9,2012,STEENBRAS UPPER,Major Dam,31767,24.72,31034,97.69
a339976c-b459-4511-9f33-c976b9ed84cc,27/09/2012,Sep-12,9,2012,STEENBRAS UPPER,Major Dam,31767,24.77,31164,98.1
0b2e4e7e-454e-41e8-9878-cecbe6b562e5,28/09/2012,Sep-12,9,2012,STEENBRAS UPPER,Major Dam,31767,24.95,31634,99.58
1af8ab6d-77eb-418a-ba86-3956510da729,29/09/2012,Sep-12,9,2012,STEENBRAS UPPER,Major Dam,31767,25.15,32172,101.27
4b93d523-2766-459d-ae92-a6b039a48e43,30/09/2012,Sep-12,9,2012,STEENBRAS UPPER,Major Dam,31767,25.15,32172,101.27
c12b93af-a7e6-4c1e-8dfc-214e9fe47f9e,01/10/2012,Oct-12,10,2012,STEENBRAS UPPER,Major Dam,31767,25.15,32172,101.27
c7990689-d49e-42bf-bbe2-189b17841540,02/10/2012,Oct-12,10,2012,STEENBRAS UPPER,Major Dam,31767,25.25,32442,102.12
a7fdc8e6-16a7-49cb-96e0-2b80b88277f2,03/10/2012,Oct-12,10,2012,STEENBRAS UPPER,Major Dam,31767,25.2,32307,101.7
bbc42224-4ea6-4471-8585-0772e907ffa3,04/10/2012,Oct-12,10,2012,STEENBRAS UPPER,Major Dam,31767,25.25,32442,102.12
7f407d10-f725-496c-9c61-c0733e477920,05/10/2012,Oct-12,10,2012,STEENBRAS UPPER,Major Dam,31767,25.21,32334,101.78
17844356-0871-4b0a-af66-12c25b966c27,06/10/2012,Oct-12,10,2012,STEENBRAS UPPER,Major Dam,31767,25.11,32064,100.93
0396d8cc-a70a-4640-8c70-f84bd271d89a,07/10/2012,Oct-12,10,2012,STEENBRAS UPPER,Major Dam,31767,25.14,32145,101.19
53b79e19-a06a-4d4c-8d89-c7c6ccea99c2,08/10/2012,Oct-12,10,2012,STEENBRAS UPPER,Major Dam,31767,25.32,32631,102.72
63a416cc-5d27-4d6a-b83b-8072ced974b2,09/10/2012,Oct-12,10,2012,STEENBRAS UPPER,Major Dam,31767,25.26,32469,102.21
0ff8d84e-fb03-4dbc-bb46-b0da9f1bb765,10/10/2012,Oct-12,10,2012,STEENBRAS UPPER,Major Dam,31767,25.27,32496,102.29
23eed1fe-c559-402f-8f09-5f5ac2dd177f,11/10/2012,Oct-12,10,2012,STEENBRAS UPPER,Major Dam,31767,25.27,32496,102.29
967c07f8-1f93-4f7e-9019-15520826ef38,12/10/2012,Oct-12,10,2012,STEENBRAS UPPER,Major Dam,31767,25.24,32415,102.04
9dcbc8e1-8204-48f6-b9b4-c18f5d763978,13/10/2012,Oct-12,10,2012,STEENBRAS UPPER,Major Dam,31767,25.35,32712,102.97
aaf87595-5d5f-4dca-80c9-ca9c3fc41141,14/10/2012,Oct-12,10,2012,STEENBRAS UPPER,Major Dam,31767,25.08,31983,100.68
249044f6-c238-479b-88f5-48e97142f324,15/10/2012,Oct-12,10,2012,STEENBRAS UPPER,Major Dam,31767,25.22,32361,101.87
96599f3a-a62e-4240-bc0a-d3790d097fca,16/10/2012,Oct-12,10,2012,STEENBRAS UPPER,Major Dam,31767,25.19,32280,101.61
aecceeb5-0c70-4654-a929-ba0fdd20d5cd,17/10/2012,Oct-12,10,2012,STEENBRAS UPPER,Major Dam,31767,25.22,32361,101.87
8ce08c11-4884-4f25-bb09-24ab34e11115,18/10/2012,Oct-12,10,2012,STEENBRAS UPPER,Major Dam,31767,25.33,32658,102.8
cef68535-f4c2-469a-b8a0-40ad3996cb42,19/10/2012,Oct-12,10,2012,STEENBRAS UPPER,Major Dam,31767,25.29,32550,102.46
77d0f678-64f9-4066-a88f-762d2ba6bee5,20/10/2012,Oct-12,10,2012,STEENBRAS UPPER,Major Dam,31767,25.21,32334,101.78
aa92ed78-5783-4c93-8eb6-e5a018347f53,21/10/2012,Oct-12,10,2012,STEENBRAS UPPER,Major Dam,31767,25.25,32442,102.12
51d312cb-5124-4337-8716-6eceeedcf386,22/10/2012,Oct-12,10,2012,STEENBRAS UPPER,Major Dam,31767,25.3,32577,102.55
36547c55-5601-4613-a45d-5209ede8f70e,23/10/2012,Oct-12,10,2012,STEENBRAS UPPER,Major Dam,31767,25.29,32550,102.46
eceb018c-ed52-40df-8e1d-6166dd3610f9,24/10/2012,Oct-12,10,2012,STEENBRAS UPPER,Major Dam,31767,25.16,32199,101.36
7604358e-7b32-4c59-8a4f-0ba0b41bbf60,25/10/2012,Oct-12,10,2012,STEENBRAS UPPER,Major Dam,31767,25.15,32172,101.27
ff4bdfcf-2e41-4e72-8603-3cf417ba84d5,26/10/2012,Oct-12,10,2012,STEENBRAS UPPER,Major Dam,31767,25.25,32442,102.12
abc02fc8-a7a9-45ad-8e02-7b5dd803016e,27/10/2012,Oct-12,10,2012,STEENBRAS UPPER,Major Dam,31767,25.26,32469,102.21
069403b8-a9d2-4f8d-bd8d-22a4a27128f3,28/10/2012,Oct-12,10,2012,STEENBRAS UPPER,Major Dam,31767,25.26,32469,102.21
edc9b862-fdb3-4609-a2b7-d6737e75a795,29/10/2012,Oct-12,10,2012,STEENBRAS UPPER,Major Dam,31767,25.21,32334,101.78
ae409e26-3141-4a3c-8ab7-abb27387167a,30/10/2012,Oct-12,10,2012,STEENBRAS UPPER,Major Dam,31767,25.21,32334,101.78
ddde621d-6727-42fb-bba3-5e5819e30e4a,31/10/2012,Oct-12,10,2012,STEENBRAS UPPER,Major Dam,31767,25.24,32415,102.04
9a1e2e4b-bf33-42c0-9d23-604d705ec098,01/11/2012,Nov-12,11,2012,STEENBRAS UPPER,Major Dam,31767,25.2,32307,101.7
4b7233e9-9514-4bb6-9b4d-94512164f388,02/11/2012,Nov-12,11,2012,STEENBRAS UPPER,Major Dam,31767,25.1,32037,100.85
8dc83d50-80ae-4679-900e-c3b54c3fe413,03/11/2012,Nov-12,11,2012,STEENBRAS UPPER,Major Dam,31767,25.14,32145,101.19
e1579892-c1a3-49ae-aea6-c79a2e6866d7,04/11/2012,Nov-12,11,2012,STEENBRAS UPPER,Major Dam,31767,25.17,32226,101.44
2b30c545-af14-47e4-820a-b5ad1ebd4788,05/11/2012,Nov-12,11,2012,STEENBRAS UPPER,Major Dam,31767,25.2,32307,101.7
6d9e6f6c-5aad-44a1-9293-b3d954d27803,06/11/2012,Nov-12,11,2012,STEENBRAS UPPER,Major Dam,31767,25.21,32334,101.78
fe3a3d0f-f4af-4dd1-8fc9-716a38222dee,07/11/2012,Nov-12,11,2012,STEENBRAS UPPER,Major Dam,31767,25.31,32604,102.63
c3b3a6be-fbbe-4b04-8907-6ef22094c3c5,08/11/2012,Nov-12,11,2012,STEENBRAS UPPER,Major Dam,31767,25.28,32523,102.38
37f7f61b-1128-4367-befc-136d32f8713e,09/11/2012,Nov-12,11,2012,STEENBRAS UPPER,Major Dam,31767,25.25,32442,102.12
05a12dfe-2e46-43a3-bafb-3db57db952c6,10/11/2012,Nov-12,11,2012,STEENBRAS UPPER,Major Dam,31767,25.14,32145,101.19
29c52c20-9b16-4610-b76a-2354c06d9793,11/11/2012,Nov-12,11,2012,STEENBRAS UPPER,Major Dam,31767,25.21,32334,101.78
3d3b67ff-8db7-4c9f-a7df-b42d99139529,12/11/2012,Nov-12,11,2012,STEENBRAS UPPER,Major Dam,31767,25.24,32415,102.04
25289871-5753-4d06-a3e9-3466d7c2ac4c,13/11/2012,Nov-12,11,2012,STEENBRAS UPPER,Major Dam,31767,25.35,32712,102.97
3146ebf3-5adc-4749-894a-39360f51864e,14/11/2012,Nov-12,11,2012,STEENBRAS UPPER,Major Dam,31767,25.13,32118,101.1
eaf64de6-fafc-4f8a-a657-fe85b3373db5,15/11/2012,Nov-12,11,2012,STEENBRAS UPPER,Major Dam,31767,25.13,32118,101.1
a5a753a2-3e9f-4566-acd5-d0c6552ea18b,16/11/2012,Nov-12,11,2012,STEENBRAS UPPER,Major Dam,31767,24.97,31686,99.75
14a96b27-4685-4e7c-9db0-02ea8c4ece72,17/11/2012,Nov-12,11,2012,STEENBRAS UPPER,Major Dam,31767,24.99,31740,99.92
1a9509db-c230-45ea-8edf-a14b99315bf9,18/11/2012,Nov-12,11,2012,STEENBRAS UPPER,Major Dam,31767,24.99,31740,99.92
b27fd27f-a515-498f-b91f-b22eba6e8d54,19/11/2012,Nov-12,11,2012,STEENBRAS UPPER,Major Dam,31767,25.11,32064,100.93
a3822608-dc9e-42be-85f1-81a8ee96a5e4,20/11/2012,Nov-12,11,2012,STEENBRAS UPPER,Major Dam,31767,25.03,31848,100.25
b07b5597-abe6-4866-859b-c1c21923a0b5,21/11/2012,Nov-12,11,2012,STEENBRAS UPPER,Major Dam,31767,24.99,31740,99.92
938082a6-b863-45a4-b4f7-d80273609c49,22/11/2012,Nov-12,11,2012,STEENBRAS UPPER,Major Dam,31767,24.9,31504,99.17
a37b4635-d87f-400f-84f9-3c0f6800a9bd,23/11/2012,Nov-12,11,2012,STEENBRAS UPPER,Major Dam,31767,24.89,31477,99.09
a2a735f5-c0ac-438c-be0a-48187e3824ff,24/11/2012,Nov-12,11,2012,STEENBRAS UPPER,Major Dam,31767,24.75,31112,97.94
7dd7bdbd-9901-4374-84c1-60934a7d560f,25/11/2012,Nov-12,11,2012,STEENBRAS UPPER,Major Dam,31767,24.85,31372,98.76
49855aa4-006e-46e4-8d49-fe8af0cfbbc5,26/11/2012,Nov-12,11,2012,STEENBRAS UPPER,Major Dam,31767,25.09,32010,100.76
c367f401-487c-41c6-87d3-7573c8cc8085,27/11/2012,Nov-12,11,2012,STEENBRAS UPPER,Major Dam,31767,24.95,31634,99.58
0711fbd5-d92a-4e03-8793-9c51228847db,28/11/2012,Nov-12,11,2012,STEENBRAS UPPER,Major Dam,31767,24.94,31608,99.5
5c62a84f-ea5e-43a0-ba8d-e4b87b4e0a25,29/11/2012,Nov-12,11,2012,STEENBRAS UPPER,Major Dam,31767,24.72,31034,97.69
348ac824-a412-4313-b154-d28f9a1417fd,30/11/2012,Nov-12,11,2012,STEENBRAS UPPER,Major Dam,31767,24.57,30645,96.47
8bdefed9-6bc6-4a31-9734-e04c753791a7,01/12/2012,Dec-12,12,2012,STEENBRAS UPPER,Major Dam,31767,24.57,30645,96.47
063f2034-9cf8-4515-93bf-8f335452ffc7,02/12/2012,Dec-12,12,2012,STEENBRAS UPPER,Major Dam,31767,24.55,30593,96.3
214799ca-5f0a-427a-8801-c8ec9aecbdee,03/12/2012,Dec-12,12,2012,STEENBRAS UPPER,Major Dam,31767,24.64,30826,97.04
8042763c-3b76-4370-999d-c1e596f01656,04/12/2012,Dec-12,12,2012,STEENBRAS UPPER,Major Dam,31767,24.75,31112,97.94
9430a6c5-d24b-4e01-bea2-ccce36e26dc2,05/12/2012,Dec-12,12,2012,STEENBRAS UPPER,Major Dam,31767,24.64,30826,97.04
932c47fa-f44e-40e4-a90b-8fab4662cccd,06/12/2012,Dec-12,12,2012,STEENBRAS UPPER,Major Dam,31767,24.58,30671,96.55
c8fed08f-f07c-4fd3-a82d-643c966aa89e,07/12/2012,Dec-12,12,2012,STEENBRAS UPPER,Major Dam,31767,24.19,29672,93.41
b0c1b606-b45f-407b-8b70-52df258740e7,08/12/2012,Dec-12,12,2012,STEENBRAS UPPER,Major Dam,31767,24.19,29672,93.41
55d3494f-c217-4648-9076-24d9b46743a4,09/12/2012,Dec-12,12,2012,STEENBRAS UPPER,Major Dam,31767,23.94,29041,91.42
20665b31-2299-491d-9a83-1e6d37359803,10/12/2012,Dec-12,12,2012,STEENBRAS UPPER,Major Dam,31767,24.12,29495,92.85
77e27c8e-5ddf-43b3-a7de-7dd22e622949,11/12/2012,Dec-12,12,2012,STEENBRAS UPPER,Major Dam,31767,23.95,29066,91.5
87ef836e-8f66-47d6-9bf0-708c3e203af5,12/12/2012,Dec-12,12,2012,STEENBRAS UPPER,Major Dam,31767,23.92,28991,91.26
eb0131eb-347e-4ce8-af9d-e76c42189259,13/12/2012,Dec-12,12,2012,STEENBRAS UPPER,Major Dam,31767,23.93,29016,91.34
7e10be90-8c40-4ed9-ba2e-4c76e5bca1af,14/12/2012,Dec-12,12,2012,STEENBRAS UPPER,Major Dam,31767,24.03,29267,92.13
289a66ca-c9b7-40aa-9282-0f644036c212,15/12/2012,Dec-12,12,2012,STEENBRAS UPPER,Major Dam,31767,23.55,28069,88.36
bdf810f3-30d8-40f1-8b44-4d2465a33084,16/12/2012,Dec-12,12,2012,STEENBRAS UPPER,Major Dam,31767,23.65,28317,89.14
0beb78ec-0fcc-450c-bf43-2ffa52efbabd,17/12/2012,Dec-12,12,2012,STEENBRAS UPPER,Major Dam,31767,24.05,29317,92.29
33da138b-3b80-4739-9565-b55812147c39,18/12/2012,Dec-12,12,2012,STEENBRAS UPPER,Major Dam,31767,24.3,29953,94.29
46787f9f-02ec-4afc-be40-693a8c17f312,19/12/2012,Dec-12,12,2012,STEENBRAS UPPER,Major Dam,31767,23.99,29166,91.81
e7ef86d1-e8e1-428c-a01e-d7717e9e81be,20/12/2012,Dec-12,12,2012,STEENBRAS UPPER,Major Dam,31767,23.93,29016,91.34
feb9a755-6317-4fc9-9100-dac57c4147ac,21/12/2012,Dec-12,12,2012,STEENBRAS UPPER,Major Dam,31767,23.95,29066,91.5
05bf6de8-a811-44d9-9879-35e806a3bea9,22/12/2012,Dec-12,12,2012,STEENBRAS UPPER,Major Dam,31767,23.95,29066,91.5
4e84fff8-b891-4150-b3cc-2d31c29cfb52,23/12/2012,Dec-12,12,2012,STEENBRAS UPPER,Major Dam,31767,23.77,28616,90.08
2e5e510d-57a3-48e1-9820-cf2ce5add237,24/12/2012,Dec-12,12,2012,STEENBRAS UPPER,Major Dam,31767,23.84,28791,90.63
9b9cf95d-bcdc-43e6-aa1e-5d30522c9d65,25/12/2012,Dec-12,12,2012,STEENBRAS UPPER,Major Dam,31767,23.88,28891,90.95
944e6fb4-bfd7-4080-a2cc-16b62a284730,26/12/2012,Dec-12,12,2012,STEENBRAS UPPER,Major Dam,31767,23.88,28891,90.95
0d9d83dc-3f03-4906-90af-0344f06b7655,27/12/2012,Dec-12,12,2012,STEENBRAS UPPER,Major Dam,31767,24.05,29317,92.29
14d8ad1c-d705-4018-9777-a20e763740c1,28/12/2012,Dec-12,12,2012,STEENBRAS UPPER,Major Dam,31767,24.02,29242,92.05
b1df42d1-5ed1-4910-8974-36c2b7c6e57e,29/12/2012,Dec-12,12,2012,STEENBRAS UPPER,Major Dam,31767,24.01,29217,91.97
7007d4f5-d6b7-4c12-88c3-f1421dbe5151,30/12/2012,Dec-12,12,2012,STEENBRAS UPPER,Major Dam,31767,23.98,29141,91.73
b3237c41-6867-4a4b-8eed-282769d5cd08,31/12/2012,Dec-12,12,2012,STEENBRAS UPPER,Major Dam,31767,24.03,29267,92.13
0b3f73ef-0990-49e2-b459-30e8005d2c87,01/01/2013,Jan-13,1,2013,STEENBRAS UPPER,Major Dam,31767,23.99,29166,91.81
cf9c7ad3-95da-4e21-b35b-83917d76b011,02/01/2013,Jan-13,1,2013,STEENBRAS UPPER,Major Dam,31767,23.98,29141,91.73
db449e15-eac4-4e76-839f-836e8a57b53b,03/01/2013,Jan-13,1,2013,STEENBRAS UPPER,Major Dam,31767,23.9,28941,91.1
1cd44701-88e6-4e30-b516-2f77c575d2ab,04/01/2013,Jan-13,1,2013,STEENBRAS UPPER,Major Dam,31767,23.98,29141,91.73
a658e0fd-0534-4e98-8f4e-1fec9a6bea45,05/01/2013,Jan-13,1,2013,STEENBRAS UPPER,Major Dam,31767,23.95,29066,91.5
10d19719-0a75-4d73-abeb-ecad76ae0a12,06/01/2013,Jan-13,1,2013,STEENBRAS UPPER,Major Dam,31767,23.95,29066,91.5
69bc71e1-725c-4f58-9625-dca6a1746396,07/01/2013,Jan-13,1,2013,STEENBRAS UPPER,Major Dam,31767,23.95,29066,91.5
525d5239-0ec9-4e84-947b-d761da4292f6,08/01/2013,Jan-13,1,2013,STEENBRAS UPPER,Major Dam,31767,24.03,29267,92.13
e9d79876-b618-4abd-922e-56848115deea,09/01/2013,Jan-13,1,2013,STEENBRAS UPPER,Major Dam,31767,23.94,29041,91.42
13abd8dc-1eea-4a06-a315-57a399363d73,10/01/2013,Jan-13,1,2013,STEENBRAS UPPER,Major Dam,31767,24.01,29217,91.97
de5e89eb-7dae-43ae-8c69-a914298dfeae,11/01/2013,Jan-13,1,2013,STEENBRAS UPPER,Major Dam,31767,24.02,29242,92.05
7b8cb996-b909-428f-9e50-f0350a31df9b,12/01/2013,Jan-13,1,2013,STEENBRAS UPPER,Major Dam,31767,24.04,29292,92.21
4ba868a8-4ff1-437d-b6a5-1048ad23fca3,13/01/2013,Jan-13,1,2013,STEENBRAS UPPER,Major Dam,31767,24.04,29292,92.21
81128221-3355-4ba6-b23a-8bacee6c78c8,14/01/2013,Jan-13,1,2013,STEENBRAS UPPER,Major Dam,31767,24,29192,91.89
54f72247-a6a7-443f-b789-2c20fa196df5,15/01/2013,Jan-13,1,2013,STEENBRAS UPPER,Major Dam,31767,23.87,28866,90.87
e92454f7-a94b-428d-9f11-a0cecd1ce9b7,16/01/2013,Jan-13,1,2013,STEENBRAS UPPER,Major Dam,31767,23.55,28069,88.36
0f82b1eb-c6b3-408b-93e1-3465de9e935b,17/01/2013,Jan-13,1,2013,STEENBRAS UPPER,Major Dam,31767,23.57,28119,88.52
431b510d-d1e4-4058-a678-22d936f33966,18/01/2013,Jan-13,1,2013,STEENBRAS UPPER,Major Dam,31767,23.5,27947,87.97
fd9ba4c6-ae0d-4759-84bb-80f482afc6c3,19/01/2013,Jan-13,1,2013,STEENBRAS UPPER,Major Dam,31767,23.67,28367,89.3
1a7b11e6-68f4-4610-9720-18c27ab7d3f6,20/01/2013,Jan-13,1,2013,STEENBRAS UPPER,Major Dam,31767,23.68,28392,89.38
01f0dd56-6de9-4e9e-be1b-63f50ac21cca,21/01/2013,Jan-13,1,2013,STEENBRAS UPPER,Major Dam,31767,23.78,28641,90.16
6641b485-e53a-4f46-bbcc-88cbb0120b52,22/01/2013,Jan-13,1,2013,STEENBRAS UPPER,Major Dam,31767,23.75,28566,89.92
7cea67bf-5f03-4518-928e-9a2804198c9f,23/01/2013,Jan-13,1,2013,STEENBRAS UPPER,Major Dam,31767,23.74,28541,89.84
e0d44e92-2521-44b4-a831-7ed0ad00b7c5,24/01/2013,Jan-13,1,2013,STEENBRAS UPPER,Major Dam,31767,23.59,28169,88.67
1d0dadd9-22a9-4964-9f49-71bd82592ddf,25/01/2013,Jan-13,1,2013,STEENBRAS UPPER,Major Dam,31767,23.58,28144,88.6
eacd51d1-a0e5-4a2c-ae60-015c3a954cfd,26/01/2013,Jan-13,1,2013,STEENBRAS UPPER,Major Dam,31767,23.42,27750,87.35
6d6dcbce-3945-487c-bd90-c461856c9d81,27/01/2013,Jan-13,1,2013,STEENBRAS UPPER,Major Dam,31767,23.4,27702,87.2
9eacfd20-0b51-4c94-9b96-cd918b384449,28/01/2013,Jan-13,1,2013,STEENBRAS UPPER,Major Dam,31767,23.55,28069,88.36
fae2136b-b6f2-413d-9a93-6c657b7bd8cf,29/01/2013,Jan-13,1,2013,STEENBRAS UPPER,Major Dam,31767,23.44,27798,87.51
c03ccf70-09ff-4b3b-b95d-ba38402c868b,30/01/2013,Jan-13,1,2013,STEENBRAS UPPER,Major Dam,31767,23.46,27847,87.66
cb4e5a76-652c-4ded-9a1c-bf9fc8a408b8,31/01/2013,Jan-13,1,2013,STEENBRAS UPPER,Major Dam,31767,23.4,27702,87.2
af79f857-aaa5-4798-b371-32371ac21d82,01/02/2013,Feb-13,2,2013,STEENBRAS UPPER,Major Dam,31767,23.25,27334,86.05
33ef6a11-dccb-4e31-8d43-7bb4f809b2b7,02/02/2013,Feb-13,2,2013,STEENBRAS UPPER,Major Dam,31767,23.25,27334,86.05
8452fd3e-220e-4fab-a26d-fb2409d3defa,03/02/2013,Feb-13,2,2013,STEENBRAS UPPER,Major Dam,31767,22.86,26394,83.09
33326e26-3937-4fbf-abd0-c7d9fb4f1099,04/02/2013,Feb-13,2,2013,STEENBRAS UPPER,Major Dam,31767,23.23,27286,85.89
6c52dfec-56d5-42f9-b2af-61626e2409db,05/02/2013,Feb-13,2,2013,STEENBRAS UPPER,Major Dam,31767,23.16,27116,85.36
0a8da602-ada5-4019-bb33-ba62502659f5,06/02/2013,Feb-13,2,2013,STEENBRAS UPPER,Major Dam,31767,22.94,26586,83.69
00824eb1-ef24-4a4d-80f9-ee86d15eb32f,07/02/2013,Feb-13,2,2013,STEENBRAS UPPER,Major Dam,31767,22.97,26658,83.92
00e7a453-95da-4bb5-827d-74eeb989606c,08/02/2013,Feb-13,2,2013,STEENBRAS UPPER,Major Dam,31767,22.93,26562,83.62
de03ced2-5e55-4e5a-b24d-50868121a091,09/02/2013,Feb-13,2,2013,STEENBRAS UPPER,Major Dam,31767,22.59,25753,81.07
b89cd30c-e977-47fd-b4fd-2c86725e68b3,10/02/2013,Feb-13,2,2013,STEENBRAS UPPER,Major Dam,31767,22.64,25870,81.44
9514c8ac-e5a0-4db7-a49e-c049defa3d6e,11/02/2013,Feb-13,2,2013,STEENBRAS UPPER,Major Dam,31767,22.83,26322,82.86
17e651a3-4d04-4f4d-a441-ff92a97d1832,12/02/2013,Feb-13,2,2013,STEENBRAS UPPER,Major Dam,31767,22.86,26394,83.09
bb6642b6-38f2-4f80-8c00-c587625db1cf,13/02/2013,Feb-13,2,2013,STEENBRAS UPPER,Major Dam,31767,22.77,26180,82.41
0aaecc72-2f94-4841-b703-cf6c858311bb,14/02/2013,Feb-13,2,2013,STEENBRAS UPPER,Major Dam,31767,22.53,25611,80.62
e505f820-0292-405e-aff6-7dea87f9b628,15/02/2013,Feb-13,2,2013,STEENBRAS UPPER,Major Dam,31767,22.55,25657,80.77
dffbc218-c7e7-4ce7-bfcb-369acb7f9e7f,16/02/2013,Feb-13,2,2013,STEENBRAS UPPER,Major Dam,31767,22.55,25657,80.77
23473572-a0d0-49bf-88aa-d24a40ef5c28,17/02/2013,Feb-13,2,2013,STEENBRAS UPPER,Major Dam,31767,22.37,25235,79.44
d7640d70-7de1-4db3-ad0a-79a7ce0d9072,18/02/2013,Feb-13,2,2013,STEENBRAS UPPER,Major Dam,31767,22.37,25235,79.44
6bfd702c-4b61-4273-a0ca-8ecf79f789d5,19/02/2013,Feb-13,2,2013,STEENBRAS UPPER,Major Dam,31767,23.14,27068,85.21
a7817ea1-4db5-45c0-819c-b0698444903b,20/02/2013,Feb-13,2,2013,STEENBRAS UPPER,Major Dam,31767,22.71,26037,81.96
8533ee0a-a09d-48ca-9872-8d2bd80ac23a,21/02/2013,Feb-13,2,2013,STEENBRAS UPPER,Major Dam,31767,23.44,27798,87.51
56a6ab32-fd48-4ed4-9adb-5ee29b76c0ec,22/02/2013,Feb-13,2,2013,STEENBRAS UPPER,Major Dam,31767,22.71,26037,81.96
eb947ef2-2c56-4baf-b3e5-6f5121a1e89e,23/02/2013,Feb-13,2,2013,STEENBRAS UPPER,Major Dam,31767,21.59,23449,73.82
60eb32db-adfb-4132-93c0-ccd901f52181,24/02/2013,Feb-13,2,2013,STEENBRAS UPPER,Major Dam,31767,21.59,23449,73.82
b88522ca-7a74-4703-97b4-625736bca1de,25/02/2013,Feb-13,2,2013,STEENBRAS UPPER,Major Dam,31767,23.45,27822,87.58
d7826596-a5d0-4b32-bdc9-06fe6d0fb29a,26/02/2013,Feb-13,2,2013,STEENBRAS UPPER,Major Dam,31767,22.71,26037,81.96
247abc81-9957-4fde-9106-3f13c0e0aa0f,27/02/2013,Feb-13,2,2013,STEENBRAS UPPER,Major Dam,31767,22.73,26084,82.11
43bcd7a3-94f3-4eef-bd20-9bae5f9bf93c,28/02/2013,Feb-13,2,2013,STEENBRAS UPPER,Major Dam,31767,23.62,28242,88.9
02e7f184-644e-4921-a339-74e6fec84804,01/03/2013,Mar-13,3,2013,STEENBRAS UPPER,Major Dam,31767,22.51,25565,80.48
955293fd-cdd4-47ec-8975-4bcfd8935107,02/03/2013,Mar-13,3,2013,STEENBRAS UPPER,Major Dam,31767,22.51,25565,80.48
41c0a1c3-b255-4cdd-8535-f8204fa372b9,03/03/2013,Mar-13,3,2013,STEENBRAS UPPER,Major Dam,31767,22.42,25353,79.81
5558365a-1ba9-4ba4-b33d-0cf3b3f8efbf,04/03/2013,Mar-13,3,2013,STEENBRAS UPPER,Major Dam,31767,22.37,25235,79.44
10af649a-3cf2-4bcc-84f4-e2b585f88cfb,05/03/2013,Mar-13,3,2013,STEENBRAS UPPER,Major Dam,31767,22.39,25283,79.59
46b8c564-c500-4f75-b756-43c454dfbc72,06/03/2013,Mar-13,3,2013,STEENBRAS UPPER,Major Dam,31767,22.35,25189,79.29
d63a91ed-9b7e-4389-98af-1a077f7cb2dc,07/03/2013,Mar-13,3,2013,STEENBRAS UPPER,Major Dam,31767,22.32,25120,79.08
5490d735-b1a8-4f0b-abbe-f3362a8bec0e,08/03/2013,Mar-13,3,2013,STEENBRAS UPPER,Major Dam,31767,22.27,25003,78.71
28a4734a-6d8f-44d4-b9c7-e6bc6aca2d89,09/03/2013,Mar-13,3,2013,STEENBRAS UPPER,Major Dam,31767,22.05,24496,77.11
ab176f49-12ca-4636-9dd4-09f481a08643,10/03/2013,Mar-13,3,2013,STEENBRAS UPPER,Major Dam,31767,22.69,25990,81.81
9b274c33-5f78-4435-a2a8-2317147a2642,11/03/2013,Mar-13,3,2013,STEENBRAS UPPER,Major Dam,31767,22.19,24818,78.13
da3b35c4-4574-43ed-82f9-446803eba4da,12/03/2013,Mar-13,3,2013,STEENBRAS UPPER,Major Dam,31767,21.86,24060,75.74
0a7d6e40-a325-42f1-acbd-d613676631a1,13/03/2013,Mar-13,3,2013,STEENBRAS UPPER,Major Dam,31767,21.86,24060,75.74
3558bcca-2d74-48b7-9af2-cc1831530d04,14/03/2013,Mar-13,3,2013,STEENBRAS UPPER,Major Dam,31767,21.86,24060,75.74
b18447d3-ef29-45f4-882c-841a214dc081,15/03/2013,Mar-13,3,2013,STEENBRAS UPPER,Major Dam,31767,21.58,23426,73.74
68854a93-d222-4ad4-980f-92b5cf2efbf0,16/03/2013,Mar-13,3,2013,STEENBRAS UPPER,Major Dam,31767,21.58,23426,73.74
06b32813-91a5-4cf1-8458-0d9cc4a1866d,17/03/2013,Mar-13,3,2013,STEENBRAS UPPER,Major Dam,31767,21.36,22934,72.19
ac94404b-56c8-4da8-9361-5182679e4864,18/03/2013,Mar-13,3,2013,STEENBRAS UPPER,Major Dam,31767,21.56,23380,73.6
197f5980-d8a4-40ce-a72d-7dfd7ece5100,19/03/2013,Mar-13,3,2013,STEENBRAS UPPER,Major Dam,31767,21.53,23314,73.39
cebecdf9-46cc-45ac-945c-3a1a3e82548e,20/03/2013,Mar-13,3,2013,STEENBRAS UPPER,Major Dam,31767,21.53,23314,73.39
9b632d57-31c8-4977-b0d6-b69538724293,21/03/2013,Mar-13,3,2013,STEENBRAS UPPER,Major Dam,31767,21.18,22537,70.94
48cca31d-93b4-40ee-8724-de8c493f3851,22/03/2013,Mar-13,3,2013,STEENBRAS UPPER,Major Dam,31767,21.18,22537,70.94
b3717323-2f92-43c0-9c0a-9dfb93d68fc5,23/03/2013,Mar-13,3,2013,STEENBRAS UPPER,Major Dam,31767,21,22142,69.7
3ff8c6de-39a0-4faa-a506-fa12d5524da2,24/03/2013,Mar-13,3,2013,STEENBRAS UPPER,Major Dam,31767,21,22142,69.7
9067a326-f68a-480e-8f20-bed278b36e3e,25/03/2013,Mar-13,3,2013,STEENBRAS UPPER,Major Dam,31767,21.27,22735,71.57
3fee9985-86c9-409b-8314-096a73f4f2a3,26/03/2013,Mar-13,3,2013,STEENBRAS UPPER,Major Dam,31767,21.19,22559,71.01
00ce833d-901d-4288-a9a9-f28af8981ac1,27/03/2013,Mar-13,3,2013,STEENBRAS UPPER,Major Dam,31767,20.62,21317,67.1
53330343-903f-46bd-bbed-b83f2eefbea4,28/03/2013,Mar-13,3,2013,STEENBRAS UPPER,Major Dam,31767,21.24,22669,71.36
6b8c6f15-cf11-4c04-992f-826d2c01bd6c,29/03/2013,Mar-13,3,2013,STEENBRAS UPPER,Major Dam,31767,21.1,22361,70.39
04b3edf8-4c6d-45a4-8b20-b7b78eea7d33,30/03/2013,Mar-13,3,2013,STEENBRAS UPPER,Major Dam,31767,21.1,22361,70.39
bb99937d-cd34-4587-8796-94ecf870668f,31/03/2013,Mar-13,3,2013,STEENBRAS UPPER,Major Dam,31767,21.1,22361,70.39
98b172f9-2fc0-4635-968c-8d53154be768,01/04/2013,Apr-13,4,2013,STEENBRAS UPPER,Major Dam,31767,21.1,22361,70.39
41a828b6-6038-47b8-b752-ee84a44a4cd7,02/04/2013,Apr-13,4,2013,STEENBRAS UPPER,Major Dam,31767,21.26,22713,71.5
372dc225-56c9-48bb-9c48-e612326f7523,03/04/2013,Apr-13,4,2013,STEENBRAS UPPER,Major Dam,31767,21.22,22625,71.22
92533403-67a5-45fa-9cee-cdc0fa0334cf,04/04/2013,Apr-13,4,2013,STEENBRAS UPPER,Major Dam,31767,21.21,22603,71.15
ec6e5e77-df4d-46c2-b45c-296f27693505,05/04/2013,Apr-13,4,2013,STEENBRAS UPPER,Major Dam,31767,21.24,22669,71.36
a7b38931-d798-41fe-a2fe-be0772f7da88,06/04/2013,Apr-13,4,2013,STEENBRAS UPPER,Major Dam,31767,21.04,22229,69.98
0730df7c-bd2a-4d37-bcb1-736508c6bdc5,07/04/2013,Apr-13,4,2013,STEENBRAS UPPER,Major Dam,31767,21.04,22229,69.98
73045c75-5d9d-4435-87bd-a2fcdb74f17c,08/04/2013,Apr-13,4,2013,STEENBRAS UPPER,Major Dam,31767,21.29,22779,71.71
eee89960-1245-4578-a417-7d60c6efb278,09/04/2013,Apr-13,4,2013,STEENBRAS UPPER,Major Dam,31767,21.29,22779,71.71
0d4f924d-1cfc-4afb-8434-b47c1aa25f25,10/04/2013,Apr-13,4,2013,STEENBRAS UPPER,Major Dam,31767,21.27,22735,71.57
cea161a2-57da-466a-9516-7680e5844c94,11/04/2013,Apr-13,4,2013,STEENBRAS UPPER,Major Dam,31767,21.27,22735,71.57
5e93c8d9-bb25-4eab-ac62-cfe12c750758,12/04/2013,Apr-13,4,2013,STEENBRAS UPPER,Major Dam,31767,21.23,22647,71.29
67ea4b69-a362-4139-9bb0-1403e3bf12cb,13/04/2013,Apr-13,4,2013,STEENBRAS UPPER,Major Dam,31767,21.12,22405,70.53
2ac022cb-f701-47a5-a087-a57376b05fa1,14/04/2013,Apr-13,4,2013,STEENBRAS UPPER,Major Dam,31767,21.12,22405,70.53
8b333bc7-48e8-425e-a146-3eaa6e91e420,15/04/2013,Apr-13,4,2013,STEENBRAS UPPER,Major Dam,31767,21.27,22735,71.57
5d3a05ed-9763-499f-be27-a08da73cf063,16/04/2013,Apr-13,4,2013,STEENBRAS UPPER,Major Dam,31767,21.23,22647,71.29
9ff78446-7450-4537-8d9e-56b5f6083a4d,17/04/2013,Apr-13,4,2013,STEENBRAS UPPER,Major Dam,31767,21.06,22273,70.11
fbdf6881-fddb-4d90-91a2-468e62712fd9,18/04/2013,Apr-13,4,2013,STEENBRAS UPPER,Major Dam,31767,21.05,22251,70.04
78e64551-551c-42d9-9633-ec58121ec45f,19/04/2013,Apr-13,4,2013,STEENBRAS UPPER,Major Dam,31767,21.22,22625,71.22
8d8e59ff-7623-4241-a450-77a1e6bd917c,20/04/2013,Apr-13,4,2013,STEENBRAS UPPER,Major Dam,31767,21.36,22934,72.19
65b5bf74-376c-4094-8011-01bdbed20356,21/04/2013,Apr-13,4,2013,STEENBRAS UPPER,Major Dam,31767,21.38,22978,72.33
7392bab7-a92c-48c4-a231-528ddfda9b25,22/04/2013,Apr-13,4,2013,STEENBRAS UPPER,Major Dam,31767,21.56,23380,73.6
3d1679df-36b4-40d6-bcca-a037ebcca0c8,23/04/2013,Apr-13,4,2013,STEENBRAS UPPER,Major Dam,31767,21.56,23380,73.6
7c837a50-c7dc-4834-9a11-e164d509e39b,24/04/2013,Apr-13,4,2013,STEENBRAS UPPER,Major Dam,31767,21.56,23380,73.6
21054f12-3059-4302-aeee-442b8f00c529,25/04/2013,Apr-13,4,2013,STEENBRAS UPPER,Major Dam,31767,21.47,23178,72.96
9f69b901-0f97-4c2a-ac40-b7905853d3f4,26/04/2013,Apr-13,4,2013,STEENBRAS UPPER,Major Dam,31767,21.59,23449,73.82
32a14706-df30-4c79-98a3-4ee9ac090ff0,27/04/2013,Apr-13,4,2013,STEENBRAS UPPER,Major Dam,31767,21.47,23178,72.96
84785b92-de53-46e5-89b9-ee7460833632,28/04/2013,Apr-13,4,2013,STEENBRAS UPPER,Major Dam,31767,21.47,23178,72.96
1fc901a1-3937-4e12-b244-a9ea9ce6b30a,29/04/2013,Apr-13,4,2013,STEENBRAS UPPER,Major Dam,31767,21.57,23403,73.67
d953bfbe-ff39-4d24-96a0-989d30ab8c2b,30/04/2013,Apr-13,4,2013,STEENBRAS UPPER,Major Dam,31767,21.56,23380,73.6
396f95ea-d102-4d54-89f5-c735fe743631,01/05/2013,May-13,5,2013,STEENBRAS UPPER,Major Dam,31767,21.2,22581,71.08
d32a4763-9ed2-4ae0-82ce-3848b6e3e154,02/05/2013,May-13,5,2013,STEENBRAS UPPER,Major Dam,31767,21.16,22493,70.81
ed201338-d59c-4054-983b-9bec77111735,03/05/2013,May-13,5,2013,STEENBRAS UPPER,Major Dam,31767,21.24,22669,71.36
7813c72b-c2f2-4e2f-a60a-8a37453edbff,04/05/2013,May-13,5,2013,STEENBRAS UPPER,Major Dam,31767,21.24,22669,71.36
14952f07-61bb-4c0e-b31b-181da21095b9,05/05/2013,May-13,5,2013,STEENBRAS UPPER,Major Dam,31767,21.24,22669,71.36
5f32b0af-b2ff-42ee-8c83-319f26f545cc,06/05/2013,May-13,5,2013,STEENBRAS UPPER,Major Dam,31767,21.01,22163,69.77
bf087a0d-de75-46f4-b021-abc0f9f3ebe6,07/05/2013,May-13,5,2013,STEENBRAS UPPER,Major Dam,31767,20.78,21664,68.2
3eac77c7-4e9f-4899-9c4d-c03c598bd78f,08/05/2013,May-13,5,2013,STEENBRAS UPPER,Major Dam,31767,20.75,21598,67.99
9496382e-600d-4e90-b501-ff6f2a582ae2,09/05/2013,May-13,5,2013,STEENBRAS UPPER,Major Dam,31767,20.68,21449,67.52
1b1f5a5b-30c4-46d0-96f7-b18d7daed3c9,10/05/2013,May-13,5,2013,STEENBRAS UPPER,Major Dam,31767,20.79,21686,68.27
84c34057-3138-4e4c-b243-54dda70e9eac,11/05/2013,May-13,5,2013,STEENBRAS UPPER,Major Dam,31767,20.66,21405,67.38
62808d5a-bc4d-4d1c-9eb2-593c41d1baa0,12/05/2013,May-13,5,2013,STEENBRAS UPPER,Major Dam,31767,20.59,21252,66.9
e103f2e5-f275-4cc1-98ca-0c7f50978d7d,13/05/2013,May-13,5,2013,STEENBRAS UPPER,Major Dam,31767,20.79,21686,68.27
e55477a2-0253-4a66-bb11-97da50bd5a31,14/05/2013,May-13,5,2013,STEENBRAS UPPER,Major Dam,31767,20.89,21903,68.95
7e20c2bc-9297-48b6-ad3c-f49fed145411,15/05/2013,May-13,5,2013,STEENBRAS UPPER,Major Dam,31767,20.64,21361,67.24
6d9be4d6-c506-407c-9368-2c5734af6fc5,16/05/2013,May-13,5,2013,STEENBRAS UPPER,Major Dam,31767,20.79,21686,68.27
d53f944e-4865-4e30-b139-df769a05f02d,17/05/2013,May-13,5,2013,STEENBRAS UPPER,Major Dam,31767,20.82,21750,68.47
72c4a023-f348-4132-b740-513e74c42877,18/05/2013,May-13,5,2013,STEENBRAS UPPER,Major Dam,31767,20.77,21642,68.13
2841d195-ba21-4c57-8b15-5f8746d87135,19/05/2013,May-13,5,2013,STEENBRAS UPPER,Major Dam,31767,20.79,21686,68.27
8aaa39ce-b281-4f32-b7d6-174862e5d14a,20/05/2013,May-13,5,2013,STEENBRAS UPPER,Major Dam,31767,20.79,21686,68.27
355a0e78-afc7-4fb9-acc5-c7d34c27e165,21/05/2013,May-13,5,2013,STEENBRAS UPPER,Major Dam,31767,20.79,21686,68.27
5ba53f44-2672-4c64-80e5-49eceb363fb9,22/05/2013,May-13,5,2013,STEENBRAS UPPER,Major Dam,31767,20.76,21620,68.06
0d8682ab-cea8-4f1d-9c6a-75a355cb8262,23/05/2013,May-13,5,2013,STEENBRAS UPPER,Major Dam,31767,20.8,21708,68.34
84e3ddc4-a1fd-4f0b-b57b-69fc499db790,24/05/2013,May-13,5,2013,STEENBRAS UPPER,Major Dam,31767,20.71,21514,67.72
17449e9b-7b37-459d-b59c-5d24e65714ae,25/05/2013,May-13,5,2013,STEENBRAS UPPER,Major Dam,31767,20.68,21449,67.52
833b53bb-6daa-4970-b683-a2d48ee8c072,26/05/2013,May-13,5,2013,STEENBRAS UPPER,Major Dam,31767,20.68,21449,67.52
ac7363e3-f6e9-4773-90b2-a958b98a710a,27/05/2013,May-13,5,2013,STEENBRAS UPPER,Major Dam,31767,20.82,21750,68.47
feb4ee6c-3edb-4bc2-82bf-8339a893da2d,28/05/2013,May-13,5,2013,STEENBRAS UPPER,Major Dam,31767,20.99,22120,69.63
88a0daf8-450f-4cfb-b821-7a3d3bb9604f,29/05/2013,May-13,5,2013,STEENBRAS UPPER,Major Dam,31767,21.05,22251,70.04
31f4f45f-8d05-4c48-946b-c4ce590b93fe,30/05/2013,May-13,5,2013,STEENBRAS UPPER,Major Dam,31767,21.13,22427,70.6
d7cc9964-1f91-4cff-8659-30337e870ccf,31/05/2013,May-13,5,2013,STEENBRAS UPPER,Major Dam,31767,22.19,24818,78.13
aeec166d-07c2-4228-811f-7ebdbc56fdac,01/06/2013,Jun-13,6,2013,STEENBRAS UPPER,Major Dam,31767,21.12,22405,70.53
2379f459-7c00-41d1-8436-775ae8bf66a4,02/06/2013,Jun-13,6,2013,STEENBRAS UPPER,Major Dam,31767,21.32,22846,71.92
088cffbf-ee64-4eaf-bf08-9addb2246e1e,03/06/2013,Jun-13,6,2013,STEENBRAS UPPER,Major Dam,31767,22.44,25399,79.95
31fe38c0-0187-4f01-bfd0-a1b5ace29e97,04/06/2013,Jun-13,6,2013,STEENBRAS UPPER,Major Dam,31767,21.88,24106,75.88
634d00f3-b846-4de9-a1f1-01805ddd915c,05/06/2013,Jun-13,6,2013,STEENBRAS UPPER,Major Dam,31767,22.06,24519,77.18
d7956142-34ce-4916-96c5-599a956fb84d,06/06/2013,Jun-13,6,2013,STEENBRAS UPPER,Major Dam,31767,22.18,24795,78.05
cdd84bbd-2f59-42f0-a15f-a67de71226a5,07/06/2013,Jun-13,6,2013,STEENBRAS UPPER,Major Dam,31767,22.25,24957,78.56
48bc0cf3-b785-4d3a-a041-616c050addf1,08/06/2013,Jun-13,6,2013,STEENBRAS UPPER,Major Dam,31767,22.32,25120,79.08
ff0d6679-199b-4698-9929-d5600e1a7021,09/06/2013,Jun-13,6,2013,STEENBRAS UPPER,Major Dam,31767,22.32,25120,79.08
61cae42a-16a4-474e-90df-330055f98d8b,10/06/2013,Jun-13,6,2013,STEENBRAS UPPER,Major Dam,31767,22.65,25894,81.51
94f1e7e2-3774-49e4-8b8c-43dd3949f78d,11/06/2013,Jun-13,6,2013,STEENBRAS UPPER,Major Dam,31767,22.7,26014,81.89
8e1dd0a3-6d71-48ba-850f-71cc6e8f7606,12/06/2013,Jun-13,6,2013,STEENBRAS UPPER,Major Dam,31767,22.77,26180,82.41
0a79eb7a-e21f-47b8-aac1-76ff9eec57de,13/06/2013,Jun-13,6,2013,STEENBRAS UPPER,Major Dam,31767,22.8,26252,82.64
27da613e-86fa-4525-8125-2f70f28b126f,14/06/2013,Jun-13,6,2013,STEENBRAS UPPER,Major Dam,31767,22.85,26370,83.01
1fc627c0-6081-4899-a193-e291d18a3665,15/06/2013,Jun-13,6,2013,STEENBRAS UPPER,Major Dam,31767,23.02,26778,84.3
8648e755-0ed0-44a5-a29b-6dffdfcc30e6,16/06/2013,Jun-13,6,2013,STEENBRAS UPPER,Major Dam,31767,23.05,26850,84.52
dc740348-5e6a-44ab-9306-78425655bfe1,17/06/2013,Jun-13,6,2013,STEENBRAS UPPER,Major Dam,31767,23.15,27092,85.28
413f6f77-79cf-47aa-b05e-8fd4d3f89982,18/06/2013,Jun-13,6,2013,STEENBRAS UPPER,Major Dam,31767,23.16,27116,85.36
76bc75f8-d250-45c0-aa52-e8dba240ecc8,19/06/2013,Jun-13,6,2013,STEENBRAS UPPER,Major Dam,31767,23.26,27358,86.12
c896c2bd-93c0-4988-bb2f-0638a081187d,20/06/2013,Jun-13,6,2013,STEENBRAS UPPER,Major Dam,31767,23.28,27407,86.28
6f3f25e8-148e-4087-9088-2ac28ab973f1,21/06/2013,Jun-13,6,2013,STEENBRAS UPPER,Major Dam,31767,23.25,27334,86.05
cf5b8cce-791a-4104-a2d1-429589278cae,22/06/2013,Jun-13,6,2013,STEENBRAS UPPER,Major Dam,31767,22.97,26658,83.92
86fda705-ea80-41d2-a18d-fd909521d9e2,23/06/2013,Jun-13,6,2013,STEENBRAS UPPER,Major Dam,31767,23.35,27577,86.81
373f55d7-9c52-403d-8645-a54b3024c608,24/06/2013,Jun-13,6,2013,STEENBRAS UPPER,Major Dam,31767,23.39,27677,87.13
6105edbe-3316-4c0e-b526-53df00e18277,25/06/2013,Jun-13,6,2013,STEENBRAS UPPER,Major Dam,31767,23.44,27798,87.51
65a429ca-d31a-43d0-83ed-f695d2344269,26/06/2013,Jun-13,6,2013,STEENBRAS UPPER,Major Dam,31767,23.52,27995,88.13
0570c4fa-46b0-4ab6-84f7-0cb86e546bc6,27/06/2013,Jun-13,6,2013,STEENBRAS UPPER,Major Dam,31767,23.52,27995,88.13
02b88f13-62e3-4fbe-8efc-1526188f2d0a,28/06/2013,Jun-13,6,2013,STEENBRAS UPPER,Major Dam,31767,23.52,27995,88.13
4c2f0b01-69c5-4e24-8d8b-038146ea54b1,29/06/2013,Jun-13,6,2013,STEENBRAS UPPER,Major Dam,31767,23.39,27677,87.13
d41a1b6c-4f50-442e-95d7-f782ca7818cf,30/06/2013,Jun-13,6,2013,STEENBRAS UPPER,Major Dam,31767,23.43,27774,87.43
b6da50aa-f550-4564-9b67-2dcb93dffa49,01/07/2013,Jul-13,7,2013,STEENBRAS UPPER,Major Dam,31767,23.62,28242,88.9
aba74944-187e-4dde-96cd-5e5dbf759e25,02/07/2013,Jul-13,7,2013,STEENBRAS UPPER,Major Dam,31767,23.75,28566,89.92
214d1c31-0566-471a-bc02-d0aac0085311,03/07/2013,Jul-13,7,2013,STEENBRAS UPPER,Major Dam,31767,23.71,28466,89.61
02492541-1c4f-4de1-b82d-9ed1dc807911,04/07/2013,Jul-13,7,2013,STEENBRAS UPPER,Major Dam,31767,23.7,28442,89.53
7f3585a8-bc4b-4c22-9888-56d42123e7fa,05/07/2013,Jul-13,7,2013,STEENBRAS UPPER,Major Dam,31767,23.69,28417,89.45
156e5c89-9ba6-4ad8-b1ba-c59de848fe6f,06/07/2013,Jul-13,7,2013,STEENBRAS UPPER,Major Dam,31767,23.69,28417,89.45
41a36770-7d58-4a91-8958-2be25ed56490,07/07/2013,Jul-13,7,2013,STEENBRAS UPPER,Major Dam,31767,23.62,28242,88.9
1a63316f-e131-4907-813c-3415ec5953ba,08/07/2013,Jul-13,7,2013,STEENBRAS UPPER,Major Dam,31767,22.82,26298,82.78
11d483d3-f6c2-4190-966e-fc385f5ada6d,09/07/2013,Jul-13,7,2013,STEENBRAS UPPER,Major Dam,31767,22.83,26322,82.86
5ab6ef98-b8a8-431f-a46d-cc535088a0f5,10/07/2013,Jul-13,7,2013,STEENBRAS UPPER,Major Dam,31767,23.75,28566,89.92
4957d978-99eb-4752-87a1-b17dba42a8f7,11/07/2013,Jul-13,7,2013,STEENBRAS UPPER,Major Dam,31767,23.74,28541,89.84
7de5679a-e621-46e7-a4e7-ef04b39830a9,12/07/2013,Jul-13,7,2013,STEENBRAS UPPER,Major Dam,31767,23.62,28242,88.9
af04361c-7c60-429d-bcaf-afd8e8dd7d2d,13/07/2013,Jul-13,7,2013,STEENBRAS UPPER,Major Dam,31767,23.84,28791,90.63
b5da3e87-1f7f-48f1-8c20-53f66a159b41,14/07/2013,Jul-13,7,2013,STEENBRAS UPPER,Major Dam,31767,23.84,28791,90.63
738069fb-5d8c-48fc-8cfa-d535dc926cb9,15/07/2013,Jul-13,7,2013,STEENBRAS UPPER,Major Dam,31767,23.84,28791,90.63
8f6e9b2f-f19f-400f-9669-2615269a448f,16/07/2013,Jul-13,7,2013,STEENBRAS UPPER,Major Dam,31767,23.83,28766,90.55
55e08741-2ab1-41b5-99c5-398a4bf4986b,17/07/2013,Jul-13,7,2013,STEENBRAS UPPER,Major Dam,31767,23.78,28641,90.16
b0b55f16-f70d-4ed7-8b23-82b371c86cac,18/07/2013,Jul-13,7,2013,STEENBRAS UPPER,Major Dam,31767,23.77,28616,90.08
5fb88260-05ae-44e5-a17f-14576a2e2be6,19/07/2013,Jul-13,7,2013,STEENBRAS UPPER,Major Dam,31767,23.52,27995,88.13
2c544a41-94ce-4881-b0f8-e67cd05ee130,20/07/2013,Jul-13,7,2013,STEENBRAS UPPER,Major Dam,31767,23.84,28791,90.63
b9fee64c-8a62-4a5f-a162-6a8877f195e4,21/07/2013,Jul-13,7,2013,STEENBRAS UPPER,Major Dam,31767,23.84,28791,90.63
6ce59fd8-506b-4218-b2dd-66da96feaa67,22/07/2013,Jul-13,7,2013,STEENBRAS UPPER,Major Dam,31767,23.92,28991,91.26
40ef1a71-e724-46a3-b9b9-91de7fdc4d64,23/07/2013,Jul-13,7,2013,STEENBRAS UPPER,Major Dam,31767,23.93,29016,91.34
7db6fc48-bdde-49a9-b074-1bc1f830969b,24/07/2013,Jul-13,7,2013,STEENBRAS UPPER,Major Dam,31767,23.94,29041,91.42
aab314f7-fbc2-4f73-bf81-496d0a48dffc,25/07/2013,Jul-13,7,2013,STEENBRAS UPPER,Major Dam,31767,24.02,29242,92.05
7aa98187-878d-4efe-b10b-d646f4a88ca5,26/07/2013,Jul-13,7,2013,STEENBRAS UPPER,Major Dam,31767,24.03,29267,92.13
0192faec-64b6-4560-b1bc-44b56acb2fc4,27/07/2013,Jul-13,7,2013,STEENBRAS UPPER,Major Dam,31767,24.1,29445,92.69
473a78f6-5d0f-4de5-b419-eaab485cf514,28/07/2013,Jul-13,7,2013,STEENBRAS UPPER,Major Dam,31767,24.21,29723,93.57
96f854f4-b126-4092-85b5-d6bbc67a2512,29/07/2013,Jul-13,7,2013,STEENBRAS UPPER,Major Dam,31767,24.38,30156,94.93
a5bb3b97-f740-494c-b0a1-af7df4afa736,30/07/2013,Jul-13,7,2013,STEENBRAS UPPER,Major Dam,31767,24.39,30182,95.01
6fa1a678-1554-4fb7-978f-9b0621ed9987,31/07/2013,Jul-13,7,2013,STEENBRAS UPPER,Major Dam,31767,24.46,30361,95.57
3dc57482-7552-49e2-b94a-623afce85093,01/08/2013,Aug-13,8,2013,STEENBRAS UPPER,Major Dam,31767,24.57,30645,96.47
002d4e94-b8fb-49fd-9fd0-58d5cd02e2ef,02/08/2013,Aug-13,8,2013,STEENBRAS UPPER,Major Dam,31767,24.57,30645,96.47
bf09fc43-3062-45d9-987d-100de059cfb3,03/08/2013,Aug-13,8,2013,STEENBRAS UPPER,Major Dam,31767,24.57,30645,96.47
0466ad1c-68b9-4182-a2ee-0ee38008c17a,04/08/2013,Aug-13,8,2013,STEENBRAS UPPER,Major Dam,31767,24.6,30723,96.71
dab7c9c6-c9b3-468f-a4dc-d13ccf0ff2fd,05/08/2013,Aug-13,8,2013,STEENBRAS UPPER,Major Dam,31767,24.62,30774,96.87
d75725f7-f669-40dc-8b75-42b71d0dbbb1,06/08/2013,Aug-13,8,2013,STEENBRAS UPPER,Major Dam,31767,24.67,30904,97.28
9c93e8b7-709f-4f05-be45-65c9260d1580,07/08/2013,Aug-13,8,2013,STEENBRAS UPPER,Major Dam,31767,24.73,31060,97.77
c242ce1f-4275-48c4-ac6e-d6cb454c3a4c,08/08/2013,Aug-13,8,2013,STEENBRAS UPPER,Major Dam,31767,24.79,31216,98.27
d24bd7e8-5f71-4960-a97f-f06cd8b71f76,09/08/2013,Aug-13,8,2013,STEENBRAS UPPER,Major Dam,31767,24.79,31216,98.27
3c096b9b-6a1a-4cd4-b7c9-5ec61e650de2,10/08/2013,Aug-13,8,2013,STEENBRAS UPPER,Major Dam,31767,25.02,31821,100.17
df355915-88af-414f-a414-37f0a7465fad,11/08/2013,Aug-13,8,2013,STEENBRAS UPPER,Major Dam,31767,25.06,31929,100.51
0e57824d-b269-4720-a1d4-7397fa341751,12/08/2013,Aug-13,8,2013,STEENBRAS UPPER,Major Dam,31767,25.06,31929,100.51
e3bfe119-68a4-4e57-b089-1f747c985ea1,13/08/2013,Aug-13,8,2013,STEENBRAS UPPER,Major Dam,31767,25.13,32118,101.1
65c22325-285a-4576-ad3c-d5fc2a4ccba0,14/08/2013,Aug-13,8,2013,STEENBRAS UPPER,Major Dam,31767,25.27,32496,102.29
c7ade0f6-fad9-452c-b516-5f9f0063bca5,15/08/2013,Aug-13,8,2013,STEENBRAS UPPER,Major Dam,31767,25.28,32523,102.38
f02333c3-59cf-495b-973c-773911b6ef6e,16/08/2013,Aug-13,8,2013,STEENBRAS UPPER,Major Dam,31767,25.16,32199,101.36
c4dc552d-5195-4209-9da3-c290c977404d,17/08/2013,Aug-13,8,2013,STEENBRAS UPPER,Major Dam,31767,25.14,32145,101.19
60e6e875-ed00-4656-8d09-05651a5c6bad,18/08/2013,Aug-13,8,2013,STEENBRAS UPPER,Major Dam,31767,25.12,32091,101.02
32e115df-c371-4ebb-ab6c-67c695b246b7,19/08/2013,Aug-13,8,2013,STEENBRAS UPPER,Major Dam,31767,25.27,32496,102.29
09e4fd29-0a47-4b57-b720-4a8774bd72b1,20/08/2013,Aug-13,8,2013,STEENBRAS UPPER,Major Dam,31767,25.31,32604,102.63
b216db10-5ca8-4301-acf2-39ca531e2bfb,21/08/2013,Aug-13,8,2013,STEENBRAS UPPER,Major Dam,31767,25.26,32469,102.21
ae0f488c-0d50-4eda-8491-3533f49f39d4,22/08/2013,Aug-13,8,2013,STEENBRAS UPPER,Major Dam,31767,25.19,32280,101.61
6d526542-7d6e-4c4c-8e1b-47c85e6e641d,23/08/2013,Aug-13,8,2013,STEENBRAS UPPER,Major Dam,31767,25.14,32145,101.19
d4ca076c-8ad7-43e4-b0e2-d920281a7eee,24/08/2013,Aug-13,8,2013,STEENBRAS UPPER,Major Dam,31767,25.13,32118,101.1
b82276ab-f0a6-483b-8d5d-359059da55cd,25/08/2013,Aug-13,8,2013,STEENBRAS UPPER,Major Dam,31767,25.35,32712,102.97
f1bf5ec8-a856-4c5b-b6ac-390ac87487f1,26/08/2013,Aug-13,8,2013,STEENBRAS UPPER,Major Dam,31767,25.15,32172,101.27
3da0b5b1-109f-41d9-9ae2-141e9a683876,27/08/2013,Aug-13,8,2013,STEENBRAS UPPER,Major Dam,31767,25.08,31983,100.68
f75930b3-60df-439d-bbff-dda6241b677f,28/08/2013,Aug-13,8,2013,STEENBRAS UPPER,Major Dam,31767,25.03,31848,100.25
7fe50964-56da-4986-8646-ebd2377636c6,29/08/2013,Aug-13,8,2013,STEENBRAS UPPER,Major Dam,31767,25.14,32145,101.19
6289a6e8-e3f6-43ea-b39f-84c04af7cb81,30/08/2013,Aug-13,8,2013,STEENBRAS UPPER,Major Dam,31767,25.28,32523,102.38
7aeede81-e812-41ed-9c0c-e27f59bdde2c,31/08/2013,Aug-13,8,2013,STEENBRAS UPPER,Major Dam,31767,25.35,32712,102.97
f92342d6-14f7-452d-a6d7-2cb487806d30,01/09/2013,Sep-13,9,2013,STEENBRAS UPPER,Major Dam,31767,25.19,32280,101.61
ccc84305-78f5-4c67-ba4b-d54e60b6bfa7,02/09/2013,Sep-13,9,2013,STEENBRAS UPPER,Major Dam,31767,25.21,32334,101.78
f5e82805-7c7b-445a-99bc-3f54837a11a7,03/09/2013,Sep-13,9,2013,STEENBRAS UPPER,Major Dam,31767,25.25,32442,102.12
3dd4512d-ea2e-4f73-84d8-8ffe584b11e8,04/09/2013,Sep-13,9,2013,STEENBRAS UPPER,Major Dam,31767,25.17,32226,101.44
1fa59322-7486-4d20-864a-099135593021,05/09/2013,Sep-13,9,2013,STEENBRAS UPPER,Major Dam,31767,25.18,32253,101.53
6d1f9b11-9d71-4f19-ad6b-b3e7c1b3fb42,06/09/2013,Sep-13,9,2013,STEENBRAS UPPER,Major Dam,31767,25.17,32226,101.44
a9fb4c87-b70d-41da-9009-9e56246fae49,07/09/2013,Sep-13,9,2013,STEENBRAS UPPER,Major Dam,31767,25.17,32226,101.44
8a5a281f-40c7-4b7d-83d9-58c525bce7b4,08/09/2013,Sep-13,9,2013,STEENBRAS UPPER,Major Dam,31767,25.17,32226,101.44
50347fd2-cb3a-412e-afbf-05d13b5445f6,09/09/2013,Sep-13,9,2013,STEENBRAS UPPER,Major Dam,31767,25.09,32010,100.76
b00bc0a9-1ddc-45bc-b20e-400032e7611b,10/09/2013,Sep-13,9,2013,STEENBRAS UPPER,Major Dam,31767,25.03,31848,100.25
3d56193c-1015-429d-bbf8-d361c207d6a9,11/09/2013,Sep-13,9,2013,STEENBRAS UPPER,Major Dam,31767,25.03,31848,100.25
903c5c57-c217-4359-908c-45a91551534a,12/09/2013,Sep-13,9,2013,STEENBRAS UPPER,Major Dam,31767,24.87,31424,98.92
085822f7-bc69-4de1-9278-564da047b365,13/09/2013,Sep-13,9,2013,STEENBRAS UPPER,Major Dam,31767,24.99,31740,99.92
6dad1901-658b-4ca5-b235-d7db7603b82a,14/09/2013,Sep-13,9,2013,STEENBRAS UPPER,Major Dam,31767,24.95,31634,99.58
9a00812d-1d23-4653-b33c-0676de99a7b6,15/09/2013,Sep-13,9,2013,STEENBRAS UPPER,Major Dam,31767,24.95,31634,99.58
e525aaa0-0ebf-469e-9267-edd360da98b0,16/09/2013,Sep-13,9,2013,STEENBRAS UPPER,Major Dam,31767,25.06,31929,100.51
43bd8e32-8dd2-4882-8fc4-19c461a3d139,17/09/2013,Sep-13,9,2013,STEENBRAS UPPER,Major Dam,31767,25.11,32064,100.93
c5374886-71a8-4b7d-a87b-2e465b491589,18/09/2013,Sep-13,9,2013,STEENBRAS UPPER,Major Dam,31767,25.14,32145,101.19
bb21f6fa-ef22-4958-912d-b41abf936d5e,19/09/2013,Sep-13,9,2013,STEENBRAS UPPER,Major Dam,31767,25.08,31983,100.68
ab73bac3-464c-4b4f-a5b8-a3e376b957e0,20/09/2013,Sep-13,9,2013,STEENBRAS UPPER,Major Dam,31767,25.14,32145,101.19
2c13d91d-5443-4613-875f-25d91df5b783,21/09/2013,Sep-13,9,2013,STEENBRAS UPPER,Major Dam,31767,25.24,32415,102.04
6e35a7f3-23fc-4b26-91af-69adfb99901d,22/09/2013,Sep-13,9,2013,STEENBRAS UPPER,Major Dam,31767,25.43,32928,103.65
49eb4cba-5aed-47e4-8929-f3747793f215,23/09/2013,Sep-13,9,2013,STEENBRAS UPPER,Major Dam,31767,25.14,32145,101.19
3946511b-6760-4c9e-aa8f-4a2c2287b658,24/09/2013,Sep-13,9,2013,STEENBRAS UPPER,Major Dam,31767,25.07,31956,100.59
3daf8053-4acd-4a83-a739-05b68b760649,25/09/2013,Sep-13,9,2013,STEENBRAS UPPER,Major Dam,31767,25.08,31983,100.68
90cc961e-b9a5-44c1-a8a2-ce24ce11845e,26/09/2013,Sep-13,9,2013,STEENBRAS UPPER,Major Dam,31767,25.01,31794,100.08
5e0dfa75-5545-4393-a3c7-69f5dc21cb1b,27/09/2013,Sep-13,9,2013,STEENBRAS UPPER,Major Dam,31767,25.08,31983,100.68
f9520efe-a9e3-4291-9ad8-8465b93e4d83,28/09/2013,Sep-13,9,2013,STEENBRAS UPPER,Major Dam,31767,25.22,32361,101.87
7beb1668-aaba-452e-9367-8be5a0a6bd14,29/09/2013,Sep-13,9,2013,STEENBRAS UPPER,Major Dam,31767,25.22,32361,101.87
df5ba7da-1b99-490f-a23f-f4b1add380cb,30/09/2013,Sep-13,9,2013,STEENBRAS UPPER,Major Dam,31767,25.08,31983,100.68
43d2dbed-d6d4-4bfd-849c-56d327ab757a,01/10/2013,Oct-13,10,2013,STEENBRAS UPPER,Major Dam,31767,25.03,31848,100.25
02ecd65f-96e1-45d1-8230-db198ebfbbe3,02/10/2013,Oct-13,10,2013,STEENBRAS UPPER,Major Dam,31767,25.11,32064,100.93
e7345328-6f69-48f1-8a7b-29dcd1c0dd8c,03/10/2013,Oct-13,10,2013,STEENBRAS UPPER,Major Dam,31767,25.12,32091,101.02
2eedf908-3b3b-4f89-8fc4-0c98a7f524fa,04/10/2013,Oct-13,10,2013,STEENBRAS UPPER,Major Dam,31767,25,31767,100
f5ade540-7cc1-482e-812c-dc5d297030bc,05/10/2013,Oct-13,10,2013,STEENBRAS UPPER,Major Dam,31767,25.09,32010,100.76
b21fea9a-b4f0-4878-93b3-21338be091f1,06/10/2013,Oct-13,10,2013,STEENBRAS UPPER,Major Dam,31767,25.06,31929,100.51
b89d0563-929e-4b15-88d6-3ea28ad52f36,07/10/2013,Oct-13,10,2013,STEENBRAS UPPER,Major Dam,31767,25.05,31902,100.42
b3cfcdf8-41f9-45ff-bbd7-dc1273ad14c1,08/10/2013,Oct-13,10,2013,STEENBRAS UPPER,Major Dam,31767,25.06,31929,100.51
5d478b59-b57b-4f9d-9504-7372524ea9d8,09/10/2013,Oct-13,10,2013,STEENBRAS UPPER,Major Dam,31767,25.08,31983,100.68
42802c48-c1a2-41a9-b0ec-dbb3a54d5fe1,10/10/2013,Oct-13,10,2013,STEENBRAS UPPER,Major Dam,31767,25.09,32010,100.76
f27c70de-ead1-4991-8b47-b92f748aa335,11/10/2013,Oct-13,10,2013,STEENBRAS UPPER,Major Dam,31767,25.09,32010,100.76
6ea5c80b-e139-4b2c-b728-2695687b8a12,12/10/2013,Oct-13,10,2013,STEENBRAS UPPER,Major Dam,31767,25.09,32010,100.76
3ce25177-0388-45cb-9417-d2eccdf9d5cc,13/10/2013,Oct-13,10,2013,STEENBRAS UPPER,Major Dam,31767,25.02,31821,100.17
4c9f9d0d-0aaa-448b-9cbc-e485a39b7199,14/10/2013,Oct-13,10,2013,STEENBRAS UPPER,Major Dam,31767,25.03,31848,100.25
435b3c03-b65b-49eb-ba2a-b27d85238e7d,15/10/2013,Oct-13,10,2013,STEENBRAS UPPER,Major Dam,31767,25.09,32010,100.76
3c3f59a1-3145-42f1-a977-a83b91bd2fc8,16/10/2013,Oct-13,10,2013,STEENBRAS UPPER,Major Dam,31767,25.1,32037,100.85
17afff05-53f8-4d5d-ba7c-d3fe2ad2750f,17/10/2013,Oct-13,10,2013,STEENBRAS UPPER,Major Dam,31767,25.08,31983,100.68
6b59755e-c5b2-47ed-9b77-802270c2ee5d,18/10/2013,Oct-13,10,2013,STEENBRAS UPPER,Major Dam,31767,24.99,31740,99.92
5c9d0a6f-a21e-4978-9d72-65338ce55e5f,19/10/2013,Oct-13,10,2013,STEENBRAS UPPER,Major Dam,31767,25.06,31929,100.51
9c43c7ce-91f1-479c-a088-65c1e162306c,20/10/2013,Oct-13,10,2013,STEENBRAS UPPER,Major Dam,31767,25.05,31902,100.42
012e693f-b1d1-4531-88da-8a1ac921f2c4,21/10/2013,Oct-13,10,2013,STEENBRAS UPPER,Major Dam,31767,25.05,31902,100.42
e6c955b4-344a-4d01-8cc4-c2d71b1b7b8c,22/10/2013,Oct-13,10,2013,STEENBRAS UPPER,Major Dam,31767,25.14,32145,101.19
f6e4f9ea-c818-46d5-bebf-cfa0ee13deec,23/10/2013,Oct-13,10,2013,STEENBRAS UPPER,Major Dam,31767,25,31767,100
19b292b3-a5c1-4e4a-a255-7c00df964a6c,24/10/2013,Oct-13,10,2013,STEENBRAS UPPER,Major Dam,31767,24.94,31608,99.5
a598830c-d853-4238-8540-9da76c98896b,25/10/2013,Oct-13,10,2013,STEENBRAS UPPER,Major Dam,31767,24.94,31608,99.5
a2a8542d-1f6d-4c0a-976d-ae7ea26782de,26/10/2013,Oct-13,10,2013,STEENBRAS UPPER,Major Dam,31767,25.12,32091,101.02
55e3786a-972c-4925-a364-830757049172,27/10/2013,Oct-13,10,2013,STEENBRAS UPPER,Major Dam,31767,25.12,32091,101.02
6fffdbf4-b56d-41ad-94e3-9b94cd925146,28/10/2013,Oct-13,10,2013,STEENBRAS UPPER,Major Dam,31767,25.12,32091,101.02
567ab7f3-ea4e-4554-8319-66a75b792d70,29/10/2013,Oct-13,10,2013,STEENBRAS UPPER,Major Dam,31767,24.99,31740,99.92
5217e01c-f52e-457b-8edc-22a778a0ac9d,30/10/2013,Oct-13,10,2013,STEENBRAS UPPER,Major Dam,31767,25.05,31902,100.42
9ea42bb8-644c-410b-889a-0fc69d091947,31/10/2013,Oct-13,10,2013,STEENBRAS UPPER,Major Dam,31767,24.94,31608,99.5
caa49980-5b66-4cc1-942e-a06538138269,01/11/2013,Nov-13,11,2013,STEENBRAS UPPER,Major Dam,31767,25.09,32010,100.76
7f1c0a71-0d18-4455-a4c4-2875e8a3e146,02/11/2013,Nov-13,11,2013,STEENBRAS UPPER,Major Dam,31767,25.17,32226,101.44
163e06c8-eccd-4500-af13-3ee4aaf26dd6,03/11/2013,Nov-13,11,2013,STEENBRAS UPPER,Major Dam,31767,25.09,32010,100.76
2ac6fe96-c1a9-46a8-bde6-de040000d844,04/11/2013,Nov-13,11,2013,STEENBRAS UPPER,Major Dam,31767,25.08,31983,100.68
4ec63d15-4574-4795-b8e5-83ae7d6e36a3,05/11/2013,Nov-13,11,2013,STEENBRAS UPPER,Major Dam,31767,25.05,31902,100.42
ce3598d4-e1e0-4b87-a69f-b4ec66eb699d,06/11/2013,Nov-13,11,2013,STEENBRAS UPPER,Major Dam,31767,24.93,31582,99.42
70fadd8e-05f6-41b1-a6aa-c2a449273746,07/11/2013,Nov-13,11,2013,STEENBRAS UPPER,Major Dam,31767,24.88,31450,99
7b958fe1-91a9-4c8c-b205-575312384917,08/11/2013,Nov-13,11,2013,STEENBRAS UPPER,Major Dam,31767,24.81,31268,98.43
e514e207-e0d3-4ce7-b31d-4ec5b49687bc,09/11/2013,Nov-13,11,2013,STEENBRAS UPPER,Major Dam,31767,24.79,31216,98.27
3da73da7-6d98-4a10-a37d-de819af4f390,10/11/2013,Nov-13,11,2013,STEENBRAS UPPER,Major Dam,31767,24.79,31216,98.27
bf3000bd-d167-49ac-8fe4-dc5102ed5e47,11/11/2013,Nov-13,11,2013,STEENBRAS UPPER,Major Dam,31767,24.94,31608,99.5
3f8bb88c-82fc-4888-a88a-219cc6c674d1,12/11/2013,Nov-13,11,2013,STEENBRAS UPPER,Major Dam,31767,24.89,31477,99.09
f94be020-1ca9-48f2-ab4b-7d75d4b5be80,13/11/2013,Nov-13,11,2013,STEENBRAS UPPER,Major Dam,31767,24.75,31112,97.94
8994f531-447d-492b-a8cc-aae78cff2d74,14/11/2013,Nov-13,11,2013,STEENBRAS UPPER,Major Dam,31767,24.78,31190,98.18
ac34ec58-5d2a-4fd7-8773-5864bd685273,15/11/2013,Nov-13,11,2013,STEENBRAS UPPER,Major Dam,31767,24.75,31112,97.94
c701e97b-46e9-4fc6-9c0a-1e904968b2d8,16/11/2013,Nov-13,11,2013,STEENBRAS UPPER,Major Dam,31767,24.47,30387,95.66
e4e062d0-0a03-4b30-ade1-cdebe8d18980,17/11/2013,Nov-13,11,2013,STEENBRAS UPPER,Major Dam,31767,25.08,31983,100.68
b00c0dee-7d15-4ceb-afb8-0883cf498bbd,18/11/2013,Nov-13,11,2013,STEENBRAS UPPER,Major Dam,31767,25.22,32361,101.87
2e597718-7c5a-4158-bae9-60b232f6e3d7,19/11/2013,Nov-13,11,2013,STEENBRAS UPPER,Major Dam,31767,25.12,32091,101.02
0f930e56-e12c-4654-9727-9eb8d6130920,20/11/2013,Nov-13,11,2013,STEENBRAS UPPER,Major Dam,31767,24.91,31530,99.25
42a7e57c-6ce8-499b-a35b-13c635f233e4,21/11/2013,Nov-13,11,2013,STEENBRAS UPPER,Major Dam,31767,25,31767,100
aa0a3da3-c863-4b2d-a4fb-1fb4e4582cd5,22/11/2013,Nov-13,11,2013,STEENBRAS UPPER,Major Dam,31767,25.31,32604,102.63
f333720a-ecb7-4c08-99da-b62a309af713,23/11/2013,Nov-13,11,2013,STEENBRAS UPPER,Major Dam,31767,25.09,32010,100.76
17543f11-7481-4088-8d51-3ed20d3f32ed,24/11/2013,Nov-13,11,2013,STEENBRAS UPPER,Major Dam,31767,25.09,32010,100.76
ccd045fe-ff1a-4c3e-9720-34f137afb230,25/11/2013,Nov-13,11,2013,STEENBRAS UPPER,Major Dam,31767,25.08,31983,100.68
eddfadea-f4ec-4bcb-8956-759a9df89a2e,26/11/2013,Nov-13,11,2013,STEENBRAS UPPER,Major Dam,31767,25.11,32064,100.93
dc4f5e04-d2c1-4dce-a70e-e5d749d67b26,27/11/2013,Nov-13,11,2013,STEENBRAS UPPER,Major Dam,31767,25,31767,100
b8e89e97-b3f3-4edb-9ef8-d0190c596efe,28/11/2013,Nov-13,11,2013,STEENBRAS UPPER,Major Dam,31767,25.02,31821,100.17
fd1adcef-4264-456b-864e-f3cf8013b765,29/11/2013,Nov-13,11,2013,STEENBRAS UPPER,Major Dam,31767,24.94,31608,99.5
53f180af-bfd1-4580-911e-3bb7cc1e94b5,30/11/2013,Nov-13,11,2013,STEENBRAS UPPER,Major Dam,31767,25.14,32145,101.19
9e1d687b-f310-432a-a175-cab0870f62e7,01/12/2013,Dec-13,12,2013,STEENBRAS UPPER,Major Dam,31767,25.05,31902,100.42
5d8e1156-4aa1-45f3-9ea7-0d140a076e29,02/12/2013,Dec-13,12,2013,STEENBRAS UPPER,Major Dam,31767,25.05,31902,100.42
7ab2016f-31f1-4fb5-a0e4-50ba03e3a7b6,03/12/2013,Dec-13,12,2013,STEENBRAS UPPER,Major Dam,31767,24.91,31530,99.25
685b99d1-b317-416b-80b2-fe0e60608832,04/12/2013,Dec-13,12,2013,STEENBRAS UPPER,Major Dam,31767,24.74,31086,97.86
42633c09-31f5-4d87-b527-114cb7d51dce,05/12/2013,Dec-13,12,2013,STEENBRAS UPPER,Major Dam,31767,24.63,30800,96.96
4f164454-fead-41cd-939e-c04644280c60,06/12/2013,Dec-13,12,2013,STEENBRAS UPPER,Major Dam,31767,24.45,30335,95.49
e9484c17-5cc6-423f-bed9-4eac2aaa5fc4,07/12/2013,Dec-13,12,2013,STEENBRAS UPPER,Major Dam,31767,24.52,30515,96.06
94c00447-46dc-4602-95a4-a7ce7420ae94,08/12/2013,Dec-13,12,2013,STEENBRAS UPPER,Major Dam,31767,24.52,30515,96.06
2bcc62f6-c781-4361-a456-4fab9ba6b25b,09/12/2013,Dec-13,12,2013,STEENBRAS UPPER,Major Dam,31767,25.03,31848,100.25
567a9498-c17c-4406-8af7-430bac28148a,10/12/2013,Dec-13,12,2013,STEENBRAS UPPER,Major Dam,31767,24.78,31190,98.18
0e1b5185-b394-4822-a04d-282fae23ff55,11/12/2013,Dec-13,12,2013,STEENBRAS UPPER,Major Dam,31767,24.61,30748,96.79
74a7f869-ed2e-411e-b9ad-4fe26fb2934b,12/12/2013,Dec-13,12,2013,STEENBRAS UPPER,Major Dam,31767,24.5,30465,95.9
85ff3eb7-bd88-4be5-b673-214760f1d530,13/12/2013,Dec-13,12,2013,STEENBRAS UPPER,Major Dam,31767,24.39,30182,95.01
46303a0d-b48b-4747-a9ba-190d8c724552,14/12/2013,Dec-13,12,2013,STEENBRAS UPPER,Major Dam,31767,24.63,30800,96.96
73fe334e-f052-4778-88fa-c18790681d68,15/12/2013,Dec-13,12,2013,STEENBRAS UPPER,Major Dam,31767,25.02,31821,100.17
77e3ec9c-1b66-4d09-88c7-b4cccc9ce259,16/12/2013,Dec-13,12,2013,STEENBRAS UPPER,Major Dam,31767,25.02,31821,100.17
be2db10c-3adf-430e-894b-e2dc8bce7e74,17/12/2013,Dec-13,12,2013,STEENBRAS UPPER,Major Dam,31767,24.99,31740,99.92
59aeecd1-ab32-4cbf-827a-d6744d74a986,18/12/2013,Dec-13,12,2013,STEENBRAS UPPER,Major Dam,31767,24.71,31008,97.61
b9e7c3ae-754f-4ea4-85e5-453bbfd8878b,19/12/2013,Dec-13,12,2013,STEENBRAS UPPER,Major Dam,31767,24.99,31740,99.92
9b1335ca-a403-4567-a789-cd23038ccd96,20/12/2013,Dec-13,12,2013,STEENBRAS UPPER,Major Dam,31767,24.58,30671,96.55
4c3ca495-74ec-426b-9bfa-23afc7e84e13,21/12/2013,Dec-13,12,2013,STEENBRAS UPPER,Major Dam,31767,24.48,30413,95.74
59a91e19-973f-426b-93ed-32f1773945aa,22/12/2013,Dec-13,12,2013,STEENBRAS UPPER,Major Dam,31767,24.48,30413,95.74
a80e7b7b-ecb5-4f3c-bef3-a6859e62cc25,23/12/2013,Dec-13,12,2013,STEENBRAS UPPER,Major Dam,31767,24.48,30413,95.74
1709a3d6-52bf-4ada-bf2b-5d3f5bc14c1d,24/12/2013,Dec-13,12,2013,STEENBRAS UPPER,Major Dam,31767,24.48,30413,95.74
cbe957f7-3fe8-4244-b6ce-5c42fee4df85,25/12/2013,Dec-13,12,2013,STEENBRAS UPPER,Major Dam,31767,24.62,30774,96.87
813c4134-26e4-4294-a128-09a946877bb3,26/12/2013,Dec-13,12,2013,STEENBRAS UPPER,Major Dam,31767,24.65,30852,97.12
fd8b4ade-d1c1-412d-b650-95a3c581e0b1,27/12/2013,Dec-13,12,2013,STEENBRAS UPPER,Major Dam,31767,24.65,30852,97.12
715a0dc2-c9f6-4259-ad2b-771094bea776,28/12/2013,Dec-13,12,2013,STEENBRAS UPPER,Major Dam,31767,24.76,31138,98.02
911fa3f8-a662-43aa-b517-f0b25f5c2c24,29/12/2013,Dec-13,12,2013,STEENBRAS UPPER,Major Dam,31767,24.81,31268,98.43
fff3b7f4-54da-419b-8abf-3bc0bdfd87bf,30/12/2013,Dec-13,12,2013,STEENBRAS UPPER,Major Dam,31767,24.92,31556,99.34
40850cbe-901d-4252-9383-6086bb7e1dbd,31/12/2013,Dec-13,12,2013,STEENBRAS UPPER,Major Dam,31767,24.85,31372,98.76
4468a3be-4942-408e-99fc-fc8c97fba676,01/01/2014,Jan-14,1,2014,STEENBRAS UPPER,Major Dam,31767,24.85,31372,98.76
cb06042e-4c37-404a-b476-f5446be5a577,02/01/2014,Jan-14,1,2014,STEENBRAS UPPER,Major Dam,31767,24.85,31372,98.76
7bba8128-d979-4c5d-a95a-d8f73f8408db,03/01/2014,Jan-14,1,2014,STEENBRAS UPPER,Major Dam,31767,24.83,31320,98.59
fcc3487b-b435-4878-825c-52199c59105a,04/01/2014,Jan-14,1,2014,STEENBRAS UPPER,Major Dam,31767,24.64,30826,97.04
5e01c566-c096-409d-902e-fc05d0f54f4b,05/01/2014,Jan-14,1,2014,STEENBRAS UPPER,Major Dam,31767,24.64,30826,97.04
eee76200-7b8a-446e-8c00-79789f962f91,06/01/2014,Jan-14,1,2014,STEENBRAS UPPER,Major Dam,31767,24.53,30541,96.14
5feb6731-303c-4410-b052-a98a545b9edc,07/01/2014,Jan-14,1,2014,STEENBRAS UPPER,Major Dam,31767,24.6,30723,96.71
c65ef94e-fa44-4737-a692-b33b89db933a,08/01/2014,Jan-14,1,2014,STEENBRAS UPPER,Major Dam,31767,24.6,30723,96.71
64d86b7c-26ae-4ebb-b5e2-08c2d2775779,09/01/2014,Jan-14,1,2014,STEENBRAS UPPER,Major Dam,31767,24.87,31424,98.92
3d9ad4fc-9bb6-4c9f-9cf1-986c1780e8f5,10/01/2014,Jan-14,1,2014,STEENBRAS UPPER,Major Dam,31767,24.87,31424,98.92
79e1d16c-e34c-4d5d-ad11-f498b3e5ad68,11/01/2014,Jan-14,1,2014,STEENBRAS UPPER,Major Dam,31767,24.85,31372,98.76
fc4eef06-b40a-40d9-8d58-5e7743653fcb,12/01/2014,Jan-14,1,2014,STEENBRAS UPPER,Major Dam,31767,24.85,31372,98.76
c63ff143-6f2b-4654-bd09-915cd203b730,13/01/2014,Jan-14,1,2014,STEENBRAS UPPER,Major Dam,31767,25,31767,100
b42b7c29-31be-4430-96e8-2c74158ce912,14/01/2014,Jan-14,1,2014,STEENBRAS UPPER,Major Dam,31767,25.07,31956,100.59
c9611559-cec3-43a7-8475-0285e920458b,15/01/2014,Jan-14,1,2014,STEENBRAS UPPER,Major Dam,31767,25.04,31875,100.34
e7fb05d4-e0cb-4c48-8abc-bdb7991013d9,16/01/2014,Jan-14,1,2014,STEENBRAS UPPER,Major Dam,31767,24.94,31608,99.5
76181948-9b88-4777-8c60-2caef4747419,17/01/2014,Jan-14,1,2014,STEENBRAS UPPER,Major Dam,31767,25.09,32010,100.76
f6f3a817-720a-427c-8cb8-14a112fd5659,18/01/2014,Jan-14,1,2014,STEENBRAS UPPER,Major Dam,31767,24.91,31530,99.25
fb458744-1a6f-4c01-8405-4281e6a256ab,19/01/2014,Jan-14,1,2014,STEENBRAS UPPER,Major Dam,31767,24.9,31504,99.17
76efc849-a71a-49e9-99d2-9eb9e4c2906c,20/01/2014,Jan-14,1,2014,STEENBRAS UPPER,Major Dam,31767,25.07,31956,100.59
c3ed722c-770b-438c-aba0-202cc6f74111,21/01/2014,Jan-14,1,2014,STEENBRAS UPPER,Major Dam,31767,24.99,31740,99.92
ffd06935-4a08-45d9-a9ab-e4699ff048aa,22/01/2014,Jan-14,1,2014,STEENBRAS UPPER,Major Dam,31767,24.87,31424,98.92
29e3e949-7442-47e1-a4a6-edc423bcace3,23/01/2014,Jan-14,1,2014,STEENBRAS UPPER,Major Dam,31767,24.74,31086,97.86
295f5924-0936-4f76-ab71-e4c4cd59e947,24/01/2014,Jan-14,1,2014,STEENBRAS UPPER,Major Dam,31767,24.75,31112,97.94
438ab7aa-c25d-48cf-93a5-b0570124dd9a,25/01/2014,Jan-14,1,2014,STEENBRAS UPPER,Major Dam,31767,24.97,31686,99.75
3bfe92d7-eb15-4dc5-bb78-680a69d2f542,26/01/2014,Jan-14,1,2014,STEENBRAS UPPER,Major Dam,31767,24.97,31686,99.75
41d040ec-48c1-48c0-9355-e6b0aee089d7,27/01/2014,Jan-14,1,2014,STEENBRAS UPPER,Major Dam,31767,25,31767,100
c11df11a-1689-4796-ac95-c3d2e6d895e9,28/01/2014,Jan-14,1,2014,STEENBRAS UPPER,Major Dam,31767,24.97,31686,99.75
6fb898ef-a335-4d5c-a77d-dd97764b95b3,29/01/2014,Jan-14,1,2014,STEENBRAS UPPER,Major Dam,31767,24.99,31740,99.92
f62f2879-0689-4c15-bdb9-0e6f153ef958,30/01/2014,Jan-14,1,2014,STEENBRAS UPPER,Major Dam,31767,24.87,31424,98.92
bc1ce874-0990-427d-a94e-1210198c59ab,31/01/2014,Jan-14,1,2014,STEENBRAS UPPER,Major Dam,31767,24.86,31398,98.84
bf747b06-7a8e-42f8-8e4e-d018d2d807b0,01/02/2014,Feb-14,2,2014,STEENBRAS UPPER,Major Dam,31767,24.87,31424,98.92
77f54cb2-94cd-4279-8341-a0208c60f37a,02/02/2014,Feb-14,2,2014,STEENBRAS UPPER,Major Dam,31767,24.75,31112,97.94
6ee3a402-0cd7-43ee-b2aa-d3a610b56b9a,03/02/2014,Feb-14,2,2014,STEENBRAS UPPER,Major Dam,31767,24.99,31740,99.92
7db89cb0-78e2-4c6c-89a1-19158e3bc8c3,04/02/2014,Feb-14,2,2014,STEENBRAS UPPER,Major Dam,31767,24.93,31582,99.42
d52f54ec-0f2c-4fee-b93c-baab450d16e3,05/02/2014,Feb-14,2,2014,STEENBRAS UPPER,Major Dam,31767,24.95,31634,99.58
16929311-d05e-4b24-948e-12b1a609672a,06/02/2014,Feb-14,2,2014,STEENBRAS UPPER,Major Dam,31767,24.98,31713,99.83
571fd5b6-0ecb-4b28-96b8-e0e41515ed55,07/02/2014,Feb-14,2,2014,STEENBRAS UPPER,Major Dam,31767,24.79,31216,98.27
98fd4061-7da9-47c9-90ae-ae01709068b0,08/02/2014,Feb-14,2,2014,STEENBRAS UPPER,Major Dam,31767,24.55,30593,96.3
283d999c-2675-4dd8-a089-a16d2b0706a7,09/02/2014,Feb-14,2,2014,STEENBRAS UPPER,Major Dam,31767,24.55,30593,96.3
30592d1d-1cf1-44cb-8c8f-08e3f669f0fc,10/02/2014,Feb-14,2,2014,STEENBRAS UPPER,Major Dam,31767,24.86,31398,98.84
1cd85166-282c-4f5d-a29e-3f29ba1fbad1,11/02/2014,Feb-14,2,2014,STEENBRAS UPPER,Major Dam,31767,24.85,31372,98.76
deb94ccc-b02d-494f-8202-68ae82706602,12/02/2014,Feb-14,2,2014,STEENBRAS UPPER,Major Dam,31767,24.95,31634,99.58
4ce79fbb-eb25-4301-9b01-08764bca7f1f,13/02/2014,Feb-14,2,2014,STEENBRAS UPPER,Major Dam,31767,24.87,31424,98.92
dd3b1fc3-4456-404f-a165-1cee7aa75c2e,14/02/2014,Feb-14,2,2014,STEENBRAS UPPER,Major Dam,31767,24.88,31450,99
f0d853fb-98ef-46a3-bd57-280186446895,15/02/2014,Feb-14,2,2014,STEENBRAS UPPER,Major Dam,31767,24.65,30852,97.12
d080ec5a-3507-40d5-a6d3-2380ae14a850,16/02/2014,Feb-14,2,2014,STEENBRAS UPPER,Major Dam,31767,24.66,30878,97.2
de36bcea-e03f-4c7d-b443-705b779572a1,17/02/2014,Feb-14,2,2014,STEENBRAS UPPER,Major Dam,31767,24.86,31398,98.84
0c0d0eae-63fe-4d47-bb1d-554a19b453d7,18/02/2014,Feb-14,2,2014,STEENBRAS UPPER,Major Dam,31767,24.58,30671,96.55
2962c872-b40c-497f-94af-62d0c64e3a05,19/02/2014,Feb-14,2,2014,STEENBRAS UPPER,Major Dam,31767,24.55,30593,96.3
da5518e0-daab-4054-93a2-19be56c7a050,20/02/2014,Feb-14,2,2014,STEENBRAS UPPER,Major Dam,31767,24.63,30800,96.96
f07b99ac-9e3e-4b2d-96dd-a5691bc226f8,21/02/2014,Feb-14,2,2014,STEENBRAS UPPER,Major Dam,31767,24.7,30982,97.53
b3f7a2b4-4370-409d-9ff3-2a200e728a90,22/02/2014,Feb-14,2,2014,STEENBRAS UPPER,Major Dam,31767,24.7,30982,97.53
ebee4d85-581f-41ea-bce0-9046b070e215,23/02/2014,Feb-14,2,2014,STEENBRAS UPPER,Major Dam,31767,24.8,31242,98.35
6b8afe93-e2c8-4b14-a986-4688d129e0a2,24/02/2014,Feb-14,2,2014,STEENBRAS UPPER,Major Dam,31767,24.79,31216,98.27
961e513c-b7de-4f0d-b923-28ebd987495f,25/02/2014,Feb-14,2,2014,STEENBRAS UPPER,Major Dam,31767,24.73,31060,97.77
3869a104-9f15-4667-bc51-8ead60082abd,26/02/2014,Feb-14,2,2014,STEENBRAS UPPER,Major Dam,31767,24.81,31268,98.43
b5d64bd6-e956-4c31-af5b-e0f60e40c1de,27/02/2014,Feb-14,2,2014,STEENBRAS UPPER,Major Dam,31767,24.77,31164,98.1
ff009a72-1f89-4f3e-9378-e8fbdfe784cc,28/02/2014,Feb-14,2,2014,STEENBRAS UPPER,Major Dam,31767,24.65,30852,97.12
b211ec4c-a8ca-483b-a17d-daf71d98b6a0,01/03/2014,Mar-14,3,2014,STEENBRAS UPPER,Major Dam,31767,24.49,30439,95.82
e47d0d8a-148c-4385-b512-4e6aa13a00e7,02/03/2014,Mar-14,3,2014,STEENBRAS UPPER,Major Dam,31767,24.49,30439,95.82
29fcc273-b5f2-4524-b38f-e5ba00d9d4c6,03/03/2014,Mar-14,3,2014,STEENBRAS UPPER,Major Dam,31767,24.64,30826,97.04
cbe41df5-687d-480b-9551-065b2056aae9,04/03/2014,Mar-14,3,2014,STEENBRAS UPPER,Major Dam,31767,24.56,30619,96.39
81d99b04-cc91-430e-9782-63ff74b00901,05/03/2014,Mar-14,3,2014,STEENBRAS UPPER,Major Dam,31767,24.43,30283,95.33
6c713c08-a99d-44a9-aed3-4186460166ae,06/03/2014,Mar-14,3,2014,STEENBRAS UPPER,Major Dam,31767,24.46,30361,95.57
7d5f1347-e5c5-45d8-8cf9-6a4650314dc8,07/03/2014,Mar-14,3,2014,STEENBRAS UPPER,Major Dam,31767,24.48,30413,95.74
3929ced4-543c-4616-ac3d-be4c72a41c29,08/03/2014,Mar-14,3,2014,STEENBRAS UPPER,Major Dam,31767,24.32,30003,94.45
d40a3016-4e29-4147-875c-701b00e59430,09/03/2014,Mar-14,3,2014,STEENBRAS UPPER,Major Dam,31767,24.34,30053,94.6
3b19d94d-e020-4aec-99cd-43d2e0a82670,10/03/2014,Mar-14,3,2014,STEENBRAS UPPER,Major Dam,31767,24.43,30283,95.33
2b82391b-06a2-4261-8c14-f027d85d4406,11/03/2014,Mar-14,3,2014,STEENBRAS UPPER,Major Dam,31767,24.42,30258,95.25
13aa1912-e6de-4c37-ad9f-337abc8c4605,12/03/2014,Mar-14,3,2014,STEENBRAS UPPER,Major Dam,31767,24.38,30156,94.93
0c754434-6e2a-4b32-8562-e64bc77c59b1,13/03/2014,Mar-14,3,2014,STEENBRAS UPPER,Major Dam,31767,24.22,29748,93.64
ddbea15f-738b-496b-9a8a-18204f48a36b,14/03/2014,Mar-14,3,2014,STEENBRAS UPPER,Major Dam,31767,24.05,29317,92.29
e9e296b5-7f7c-4fe3-856d-5ce9625b821f,15/03/2014,Mar-14,3,2014,STEENBRAS UPPER,Major Dam,31767,24.06,29342,92.37
cf71e936-e0a8-40dc-8252-4893bf7c87ec,16/03/2014,Mar-14,3,2014,STEENBRAS UPPER,Major Dam,31767,24.14,29545,93.01
42706c4b-d706-499a-bbed-97b4afb4f9ff,17/03/2014,Mar-14,3,2014,STEENBRAS UPPER,Major Dam,31767,24.3,29953,94.29
6ec69aa2-d7ce-4f22-8c5e-3c861db28620,18/03/2014,Mar-14,3,2014,STEENBRAS UPPER,Major Dam,31767,23.98,29141,91.73
eaf3ce57-af38-40b4-ab23-1279dd71ebbb,19/03/2014,Mar-14,3,2014,STEENBRAS UPPER,Major Dam,31767,24.05,29317,92.29
71263eb2-f71a-4e3a-a3b6-8d73f630418f,20/03/2014,Mar-14,3,2014,STEENBRAS UPPER,Major Dam,31767,23.86,28841,90.79
4eec9427-cee2-4f47-a9a6-2c867288cd5c,21/03/2014,Mar-14,3,2014,STEENBRAS UPPER,Major Dam,31767,23.85,28816,90.71
926bc615-72c2-42e8-b373-b2294c6e5ddc,22/03/2014,Mar-14,3,2014,STEENBRAS UPPER,Major Dam,31767,23.85,28816,90.71
9e2e7ade-2610-4a0d-acd4-6afde3d7dde6,23/03/2014,Mar-14,3,2014,STEENBRAS UPPER,Major Dam,31767,23.91,28966,91.18
93ae123f-b9a0-4ef2-9072-31ec65d7c369,24/03/2014,Mar-14,3,2014,STEENBRAS UPPER,Major Dam,31767,23.8,28691,90.32
8c5a7117-fff5-4998-8c5d-8b7680e38161,25/03/2014,Mar-14,3,2014,STEENBRAS UPPER,Major Dam,31767,23.86,28841,90.79
fd3b5aed-aec4-4c4e-8762-95b694412316,26/03/2014,Mar-14,3,2014,STEENBRAS UPPER,Major Dam,31767,23.64,28292,89.06
0ad1c936-deb3-4962-9475-4013075a448d,27/03/2014,Mar-14,3,2014,STEENBRAS UPPER,Major Dam,31767,23.72,28491,89.69
5566959d-6e9b-430f-a797-c144dadb9d4e,28/03/2014,Mar-14,3,2014,STEENBRAS UPPER,Major Dam,31767,23.61,28218,88.83
ff633d68-d9e0-4359-829a-e2ba9addc172,29/03/2014,Mar-14,3,2014,STEENBRAS UPPER,Major Dam,31767,23.61,28218,88.83
5f2cb1d9-f558-4934-8efc-7be4219612e5,30/03/2014,Mar-14,3,2014,STEENBRAS UPPER,Major Dam,31767,23.61,28218,88.83
b945337b-3b9e-4e32-b19f-cae8f1113bae,31/03/2014,Mar-14,3,2014,STEENBRAS UPPER,Major Dam,31767,23.77,28616,90.08
198720f1-51d2-43e5-ab3e-c45252e1d7eb,01/04/2014,Apr-14,4,2014,STEENBRAS UPPER,Major Dam,31767,23.65,28317,89.14
9e9e35f3-42f4-47ac-bc3f-0244780c429d,02/04/2014,Apr-14,4,2014,STEENBRAS UPPER,Major Dam,31767,23.87,28866,90.87
9c534b68-0e92-42ec-ad6b-eaeb0b5b28b4,03/04/2014,Apr-14,4,2014,STEENBRAS UPPER,Major Dam,31767,23.65,28317,89.14
ff2f9ad7-535f-4661-baaa-de27063f8b3b,04/04/2014,Apr-14,4,2014,STEENBRAS UPPER,Major Dam,31767,23.54,28044,88.28
b628db5e-59fb-4471-ac41-a487bd842bcf,05/04/2014,Apr-14,4,2014,STEENBRAS UPPER,Major Dam,31767,23.54,28044,88.28
2ddf58f6-9bfc-4d6e-a39f-db268497952d,06/04/2014,Apr-14,4,2014,STEENBRAS UPPER,Major Dam,31767,23.45,27822,87.58
b2ae0f73-501d-4da2-bb3b-e3ea4f4ea7a7,07/04/2014,Apr-14,4,2014,STEENBRAS UPPER,Major Dam,31767,23.5,27947,87.97
c26d2000-f805-4023-909b-41a1dc2c8422,08/04/2014,Apr-14,4,2014,STEENBRAS UPPER,Major Dam,31767,23.53,28019,88.2
215f86e0-f3da-48cf-a717-70b0a498525a,09/04/2014,Apr-14,4,2014,STEENBRAS UPPER,Major Dam,31767,23.56,28094,88.44
83eb6079-5de7-44e1-af55-a165cba737e9,10/04/2014,Apr-14,4,2014,STEENBRAS UPPER,Major Dam,31767,23.38,27652,87.05
c75a099c-2691-48e8-b7de-d6285c00b465,11/04/2014,Apr-14,4,2014,STEENBRAS UPPER,Major Dam,31767,23.2,27214,85.67
5f5d0f36-21fc-4ab3-819f-ab4eb2c1b2f2,12/04/2014,Apr-14,4,2014,STEENBRAS UPPER,Major Dam,31767,23.13,27044,85.13
fd2b3bbb-c07d-4646-a691-4ba9d6caa450,13/04/2014,Apr-14,4,2014,STEENBRAS UPPER,Major Dam,31767,23.21,27238,85.74
1a782570-a5e7-4910-bcc9-55880aba29d9,14/04/2014,Apr-14,4,2014,STEENBRAS UPPER,Major Dam,31767,23.27,27382,86.2
9f7ce3ed-9539-44b4-8605-42e0a771b35c,15/04/2014,Apr-14,4,2014,STEENBRAS UPPER,Major Dam,31767,23.18,27164,85.51
a24215ce-8ad5-4b79-9392-b0d74abcc964,16/04/2014,Apr-14,4,2014,STEENBRAS UPPER,Major Dam,31767,23.02,26778,84.3
b0abc71a-826c-483e-bd93-938dc6410771,17/04/2014,Apr-14,4,2014,STEENBRAS UPPER,Major Dam,31767,22.9,26490,83.39
9ca7459c-102a-43ea-bdaf-e51a16de5c32,18/04/2014,Apr-14,4,2014,STEENBRAS UPPER,Major Dam,31767,22.81,26275,82.71
dabc838b-c4c0-423a-9f5f-876f246e7439,19/04/2014,Apr-14,4,2014,STEENBRAS UPPER,Major Dam,31767,22.81,26275,82.71
f3ade798-72b6-4e69-a43b-0a41a6016560,20/04/2014,Apr-14,4,2014,STEENBRAS UPPER,Major Dam,31767,22.7,26014,81.89
b9c3868d-cf81-4ede-a68d-d92d613c816b,21/04/2014,Apr-14,4,2014,STEENBRAS UPPER,Major Dam,31767,22.7,26014,81.89
986f7cfc-acf2-49ce-8a61-b2d47d3cad8a,22/04/2014,Apr-14,4,2014,STEENBRAS UPPER,Major Dam,31767,22.92,26538,83.54
a61b42ef-fa8d-49ee-8abe-c3b88aee7971,23/04/2014,Apr-14,4,2014,STEENBRAS UPPER,Major Dam,31767,22.95,26610,83.77
4499211b-890f-4db9-8db8-79d35b69d343,24/04/2014,Apr-14,4,2014,STEENBRAS UPPER,Major Dam,31767,22.93,26562,83.62
92435ec6-f3f2-4849-8c46-57d7533c8c97,25/04/2014,Apr-14,4,2014,STEENBRAS UPPER,Major Dam,31767,22.8,26252,82.64
6f7a161b-f619-4ab1-836c-48562ad6a983,26/04/2014,Apr-14,4,2014,STEENBRAS UPPER,Major Dam,31767,22.72,26060,82.03
aaeffdd7-39f0-4420-8824-3f3fad6f5728,27/04/2014,Apr-14,4,2014,STEENBRAS UPPER,Major Dam,31767,22.64,25870,81.44
ca818d14-81c4-44d0-952b-dd83466aa151,28/04/2014,Apr-14,4,2014,STEENBRAS UPPER,Major Dam,31767,22.63,25846,81.36
6fb4be6e-048c-4572-ac31-1915a5cb8734,29/04/2014,Apr-14,4,2014,STEENBRAS UPPER,Major Dam,31767,22.64,25870,81.44
ebbfab80-cf9b-4a8b-a899-23e69798fed9,30/04/2014,Apr-14,4,2014,STEENBRAS UPPER,Major Dam,31767,22.78,26204,82.49
0255f4a2-3378-4eac-aa76-d24b21186dec,01/05/2014,May-14,5,2014,STEENBRAS UPPER,Major Dam,31767,22.78,26204,82.49
cbb1cbd7-a518-4eff-9b66-b0d3b21ce92d,02/05/2014,May-14,5,2014,STEENBRAS UPPER,Major Dam,31767,22.47,25470,80.18
2f73db0d-17f5-493b-822b-378b2849a17c,03/05/2014,May-14,5,2014,STEENBRAS UPPER,Major Dam,31767,22.47,25470,80.18
f5545c58-96ac-4d26-a04d-6a1c0b842b45,04/05/2014,May-14,5,2014,STEENBRAS UPPER,Major Dam,31767,22.47,25470,80.18
25bafe1b-1d32-40da-ad2e-916a3b1478ea,05/05/2014,May-14,5,2014,STEENBRAS UPPER,Major Dam,31767,22.56,25681,80.84
99ef83a5-75d1-4e98-883e-8db8dd1d138b,06/05/2014,May-14,5,2014,STEENBRAS UPPER,Major Dam,31767,22.37,25235,79.44
48c4fa42-0ecb-41b3-9635-5732a082955b,07/05/2014,May-14,5,2014,STEENBRAS UPPER,Major Dam,31767,22.18,24795,78.05
8d6612b6-b725-402d-aa1a-8ee5cd6bb61d,08/05/2014,May-14,5,2014,STEENBRAS UPPER,Major Dam,31767,22.14,24703,77.76
0e8201a6-b911-4779-aab5-e80009f76141,09/05/2014,May-14,5,2014,STEENBRAS UPPER,Major Dam,31767,22.22,24888,78.35
2abf8d61-1cbe-40d8-8e24-efaa1c457c3d,10/05/2014,May-14,5,2014,STEENBRAS UPPER,Major Dam,31767,22.23,24911,78.42
e4893a96-20a8-4b28-93e5-43c28c35791a,11/05/2014,May-14,5,2014,STEENBRAS UPPER,Major Dam,31767,22.14,24703,77.76
195ce9ef-294d-4ffc-af31-f097a647eeb1,12/05/2014,May-14,5,2014,STEENBRAS UPPER,Major Dam,31767,22.26,24980,78.64
4a25e60e-013c-4063-bdd6-3c6c7d35d12c,13/05/2014,May-14,5,2014,STEENBRAS UPPER,Major Dam,31767,22.39,25283,79.59
a299ed62-8b42-45a8-92da-44e6bef7466e,14/05/2014,May-14,5,2014,STEENBRAS UPPER,Major Dam,31767,22.37,25235,79.44
7512cd04-2ed2-4739-8219-90194f414347,15/05/2014,May-14,5,2014,STEENBRAS UPPER,Major Dam,31767,22.32,25120,79.08
b450cdf9-ac21-424c-b39b-f2482c1e3d86,16/05/2014,May-14,5,2014,STEENBRAS UPPER,Major Dam,31767,22.34,25166,79.22
e0d35f56-a6b4-4055-b573-42a53e3b477f,17/05/2014,May-14,5,2014,STEENBRAS UPPER,Major Dam,31767,22.34,25166,79.22
063f8331-7721-4063-aff9-e29d0ab0a1c5,18/05/2014,May-14,5,2014,STEENBRAS UPPER,Major Dam,31767,22.05,24496,77.11
a372576a-6766-4aef-8a26-486a5cfe54d3,19/05/2014,May-14,5,2014,STEENBRAS UPPER,Major Dam,31767,22.15,24725,77.83
caf47923-40ab-4c75-9baf-78a3ef775b67,20/05/2014,May-14,5,2014,STEENBRAS UPPER,Major Dam,31767,22.14,24703,77.76
cf690734-d253-4f3d-9a6e-1e57b23feafd,21/05/2014,May-14,5,2014,STEENBRAS UPPER,Major Dam,31767,21.86,24060,75.74
12dc3d7c-c52e-4979-812a-5f624da80020,22/05/2014,May-14,5,2014,STEENBRAS UPPER,Major Dam,31767,21.99,24358,76.68
b9ccdd14-c87e-41dc-b5ac-856309ccea94,23/05/2014,May-14,5,2014,STEENBRAS UPPER,Major Dam,31767,21.99,24358,76.68
200983f5-7b1a-4814-8a55-fff4f1bdbdfb,24/05/2014,May-14,5,2014,STEENBRAS UPPER,Major Dam,31767,21.99,24358,76.68
f2fb480a-833a-4901-bb8c-561c395320bb,25/05/2014,May-14,5,2014,STEENBRAS UPPER,Major Dam,31767,21.64,23560,74.17
2cd43db1-32a9-4b50-9b22-28c5d6af94ea,26/05/2014,May-14,5,2014,STEENBRAS UPPER,Major Dam,31767,21.93,24220,76.24
04274076-b6f0-4672-b2be-7b40e9f28f6a,27/05/2014,May-14,5,2014,STEENBRAS UPPER,Major Dam,31767,21.69,23674,74.52
ed37aaab-ab1c-40c1-87e0-f3e8104f7191,28/05/2014,May-14,5,2014,STEENBRAS UPPER,Major Dam,31767,21.69,23674,74.52
ffb4a1f7-4653-401b-8716-fde2b836522d,29/05/2014,May-14,5,2014,STEENBRAS UPPER,Major Dam,31767,21.77,23855,75.09
a4a4a87c-9b80-457d-a41d-825249035912,30/05/2014,May-14,5,2014,STEENBRAS UPPER,Major Dam,31767,21.81,23946,75.38
fe741b0a-65ce-4098-b51c-467ad745738c,31/05/2014,May-14,5,2014,STEENBRAS UPPER,Major Dam,31767,21.69,23674,74.52
b98ba80e-e2de-45a5-b8dc-5f34fbeb2cc2,01/06/2014,Jun-14,6,2014,STEENBRAS UPPER,Major Dam,31767,21.69,23674,74.52
5f1c4a56-5b87-4a5b-b189-a173654a523f,02/06/2014,Jun-14,6,2014,STEENBRAS UPPER,Major Dam,31767,22.07,24542,77.26
db29023b-01c4-490b-a0b3-8ab5fc977108,03/06/2014,Jun-14,6,2014,STEENBRAS UPPER,Major Dam,31767,21.91,24174,76.1
1e7a2cf1-5ee6-4e78-8331-e15ad2a4a897,04/06/2014,Jun-14,6,2014,STEENBRAS UPPER,Major Dam,31767,21.62,23516,74.03
5b97f177-7132-41be-b08d-00c6b667049c,05/06/2014,Jun-14,6,2014,STEENBRAS UPPER,Major Dam,31767,21.71,23719,74.67
80187639-fc90-42bd-b2f8-edfc28cb6ab3,06/06/2014,Jun-14,6,2014,STEENBRAS UPPER,Major Dam,31767,21.91,24174,76.1
698de00e-74d4-4e9c-8b87-287d23108cc3,07/06/2014,Jun-14,6,2014,STEENBRAS UPPER,Major Dam,31767,22.06,24519,77.18
5d3a22f0-d329-42b8-8fb6-16da62591086,08/06/2014,Jun-14,6,2014,STEENBRAS UPPER,Major Dam,31767,22.43,25376,79.88
3d2bba7f-0f6d-47b0-a9ea-88dcf7bd48b6,09/06/2014,Jun-14,6,2014,STEENBRAS UPPER,Major Dam,31767,22.83,26322,82.86
b6923542-1585-48c8-a349-b95b48019109,10/06/2014,Jun-14,6,2014,STEENBRAS UPPER,Major Dam,31767,22.96,26634,83.84
30af46fc-1572-40f8-bc1b-f200fb10d8e1,11/06/2014,Jun-14,6,2014,STEENBRAS UPPER,Major Dam,31767,22.98,26682,83.99
27de3d4c-ddf8-460d-9bd3-709c1cfac800,12/06/2014,Jun-14,6,2014,STEENBRAS UPPER,Major Dam,31767,23.38,27652,87.05
4cd22485-034e-4818-9def-3433e65e7ba0,13/06/2014,Jun-14,6,2014,STEENBRAS UPPER,Major Dam,31767,23.72,28491,89.69
83dbbdea-a8ee-41d8-b1b0-87d3809652a1,14/06/2014,Jun-14,6,2014,STEENBRAS UPPER,Major Dam,31767,23.72,28491,89.69
7ad48a25-eb30-4cfc-9fa8-ed1f1ae19329,15/06/2014,Jun-14,6,2014,STEENBRAS UPPER,Major Dam,31767,24.42,30258,95.25
a3f39ff6-c2b0-441c-afa0-e55b5a89dccd,16/06/2014,Jun-14,6,2014,STEENBRAS UPPER,Major Dam,31767,24.63,30800,96.96
4ad11c1b-5f55-4b8a-a287-7aaaefd828dd,17/06/2014,Jun-14,6,2014,STEENBRAS UPPER,Major Dam,31767,24.98,31713,99.83
9302d271-c9b5-4cc3-8a1f-b2cf6fd2d0b2,18/06/2014,Jun-14,6,2014,STEENBRAS UPPER,Major Dam,31767,25.14,32145,101.19
b789b13a-aaa0-41fd-bc3c-b50c154ebfeb,19/06/2014,Jun-14,6,2014,STEENBRAS UPPER,Major Dam,31767,25.27,32496,102.29
9400910a-aa4e-44d5-81d0-a5d41bd05615,20/06/2014,Jun-14,6,2014,STEENBRAS UPPER,Major Dam,31767,25.32,32631,102.72
fc315eec-4909-4781-b666-7aa683927269,21/06/2014,Jun-14,6,2014,STEENBRAS UPPER,Major Dam,31767,25.17,32226,101.44
519dbbda-026b-481d-a34f-8167a1913fcd,22/06/2014,Jun-14,6,2014,STEENBRAS UPPER,Major Dam,31767,25.26,32469,102.21
6468fb5b-0425-406b-84fd-0b32c29de4ed,23/06/2014,Jun-14,6,2014,STEENBRAS UPPER,Major Dam,31767,25.15,32172,101.27
415e51f8-cea0-4c85-887b-8d419842a48c,24/06/2014,Jun-14,6,2014,STEENBRAS UPPER,Major Dam,31767,25.22,32361,101.87
ecd4f282-2ca2-4a60-8f6d-983d8e3709bc,25/06/2014,Jun-14,6,2014,STEENBRAS UPPER,Major Dam,31767,25.15,32172,101.27
1c9ffb73-d935-4bf0-87dc-cae47311423a,26/06/2014,Jun-14,6,2014,STEENBRAS UPPER,Major Dam,31767,25.13,32118,101.1
57773561-a1d4-443d-a960-2875c96b2344,27/06/2014,Jun-14,6,2014,STEENBRAS UPPER,Major Dam,31767,25.14,32145,101.19
2e26ccef-a573-4e96-9b5b-cd4df632cc2e,28/06/2014,Jun-14,6,2014,STEENBRAS UPPER,Major Dam,31767,25.22,32361,101.87
4b687a48-aced-4880-91df-d09713f432d7,29/06/2014,Jun-14,6,2014,STEENBRAS UPPER,Major Dam,31767,25.12,32091,101.02
a3057702-24b6-4aec-a581-282476142521,30/06/2014,Jun-14,6,2014,STEENBRAS UPPER,Major Dam,31767,25.08,31983,100.68
b6596afd-94fe-41ec-b37c-31a8be35c962,01/07/2014,Jul-14,7,2014,STEENBRAS UPPER,Major Dam,31767,24.99,31740,99.92
b0bdb413-0699-45ae-abfb-dfad832f39f9,02/07/2014,Jul-14,7,2014,STEENBRAS UPPER,Major Dam,31767,25.05,31902,100.42
d2e70c36-f1cd-4b90-86ff-30447a6a74f4,03/07/2014,Jul-14,7,2014,STEENBRAS UPPER,Major Dam,31767,24.86,31398,98.84
ce8f040c-a478-413c-bf39-814b821c14f7,04/07/2014,Jul-14,7,2014,STEENBRAS UPPER,Major Dam,31767,24.8,31242,98.35
8882ed01-3bba-48ed-b875-a736431638f1,05/07/2014,Jul-14,7,2014,STEENBRAS UPPER,Major Dam,31767,24.78,31190,98.18
98021f49-4ea4-4524-b6e8-16b7d6c0a09b,06/07/2014,Jul-14,7,2014,STEENBRAS UPPER,Major Dam,31767,24.81,31268,98.43
e1de5023-ec27-418e-8a9d-8e178bb98d0f,07/07/2014,Jul-14,7,2014,STEENBRAS UPPER,Major Dam,31767,25.17,32226,101.44
d354f35c-cfd7-4e36-a341-72632cedd448,08/07/2014,Jul-14,7,2014,STEENBRAS UPPER,Major Dam,31767,24.95,31634,99.58
f22af364-4d7f-4dda-882c-f35a62aed2df,09/07/2014,Jul-14,7,2014,STEENBRAS UPPER,Major Dam,31767,24.85,31372,98.76
088c80ed-e03d-4a75-aa93-6b3543439105,10/07/2014,Jul-14,7,2014,STEENBRAS UPPER,Major Dam,31767,25.02,31821,100.17
387e1a16-e968-4a6e-8bcf-a2e6926b1674,11/07/2014,Jul-14,7,2014,STEENBRAS UPPER,Major Dam,31767,24.82,31294,98.51
79a5e0f6-b4ed-4603-9487-00d62625802c,12/07/2014,Jul-14,7,2014,STEENBRAS UPPER,Major Dam,31767,24.82,31294,98.51
4bad4697-9612-4115-b3c8-d4baff098679,13/07/2014,Jul-14,7,2014,STEENBRAS UPPER,Major Dam,31767,24.94,31608,99.5
a4049fc7-9b23-4c5a-bd02-8a1e9d3f7df6,14/07/2014,Jul-14,7,2014,STEENBRAS UPPER,Major Dam,31767,24.99,31740,99.92
df376a23-d31b-4325-ba93-47fc27b37819,15/07/2014,Jul-14,7,2014,STEENBRAS UPPER,Major Dam,31767,24.91,31530,99.25
a6779d6f-d283-4697-9bec-d1fd7663efbc,16/07/2014,Jul-14,7,2014,STEENBRAS UPPER,Major Dam,31767,24.91,31530,99.25
b166dc17-061f-4cdf-a2a7-6a0cf3d914bf,17/07/2014,Jul-14,7,2014,STEENBRAS UPPER,Major Dam,31767,24.97,31686,99.75
dd2c77d2-c22f-4a4e-8a0d-83dd5ed2e9b6,18/07/2014,Jul-14,7,2014,STEENBRAS UPPER,Major Dam,31767,24.52,30515,96.06
1e6deda7-5024-4ec0-afc7-1b6482242540,19/07/2014,Jul-14,7,2014,STEENBRAS UPPER,Major Dam,31767,24.68,30930,97.37
f58178cf-76c7-4a1c-a705-4511b9c38800,20/07/2014,Jul-14,7,2014,STEENBRAS UPPER,Major Dam,31767,24.77,31164,98.1
0bcbeb08-fc5b-442f-9cbc-61364ce8822f,21/07/2014,Jul-14,7,2014,STEENBRAS UPPER,Major Dam,31767,25.08,31983,100.68
7e63cdeb-5cf7-4f57-98eb-87bdf3a73189,22/07/2014,Jul-14,7,2014,STEENBRAS UPPER,Major Dam,31767,25.11,32064,100.93
d1079b67-8e70-4176-b144-e5595c92b36f,23/07/2014,Jul-14,7,2014,STEENBRAS UPPER,Major Dam,31767,25.03,31848,100.25
61fceca4-4270-4aa0-888a-837d76aeb440,24/07/2014,Jul-14,7,2014,STEENBRAS UPPER,Major Dam,31767,25.03,31848,100.25
3883e8e7-bb39-47c3-8cd7-5fa40412af8f,25/07/2014,Jul-14,7,2014,STEENBRAS UPPER,Major Dam,31767,24.97,31686,99.75
ba4f9a24-d6a1-4487-8679-6ac30b66a662,26/07/2014,Jul-14,7,2014,STEENBRAS UPPER,Major Dam,31767,24.88,31450,99
1dc82e4c-7ab5-44fc-96d9-6ff2085900dd,27/07/2014,Jul-14,7,2014,STEENBRAS UPPER,Major Dam,31767,24.92,31556,99.34
58e85497-bf8a-4510-902a-79a6ef871387,28/07/2014,Jul-14,7,2014,STEENBRAS UPPER,Major Dam,31767,25.13,32118,101.1
9121f870-f617-4e20-a3bb-0c9010c6b8ac,29/07/2014,Jul-14,7,2014,STEENBRAS UPPER,Major Dam,31767,25.11,32064,100.93
22b433f3-77cc-42e7-98ae-bd1ba430eab5,30/07/2014,Jul-14,7,2014,STEENBRAS UPPER,Major Dam,31767,25.16,32199,101.36
a0a4123a-d3e0-4290-9ada-c0aa37c863ed,31/07/2014,Jul-14,7,2014,STEENBRAS UPPER,Major Dam,31767,25.14,32145,101.19
0d63530e-8507-42f6-b303-a68f64d547d6,01/08/2014,Aug-14,8,2014,STEENBRAS UPPER,Major Dam,31767,25.03,31848,100.25
e6b1a01b-8584-4569-923f-ca77b18dae6b,02/08/2014,Aug-14,8,2014,STEENBRAS UPPER,Major Dam,31767,24.87,31424,98.92
96525fe8-e636-4e44-a7a7-0d65fe6ef8af,03/08/2014,Aug-14,8,2014,STEENBRAS UPPER,Major Dam,31767,24.87,31424,98.92
5ca568e0-b2cf-4cf3-a993-8b731c1f25f9,04/08/2014,Aug-14,8,2014,STEENBRAS UPPER,Major Dam,31767,25.03,31848,100.25
e79e2b1a-3095-4d70-9fa8-e81937c495fc,05/08/2014,Aug-14,8,2014,STEENBRAS UPPER,Major Dam,31767,25.09,32010,100.76
c1c264e1-b58f-4cf2-8ac1-cf4c959d7dcd,06/08/2014,Aug-14,8,2014,STEENBRAS UPPER,Major Dam,31767,25.07,31956,100.59
56be2cdf-c78a-4a23-a95a-79636d2f1159,07/08/2014,Aug-14,8,2014,STEENBRAS UPPER,Major Dam,31767,25.05,31902,100.42
41d209ff-8b1d-4c16-8b42-92d1a7858408,08/08/2014,Aug-14,8,2014,STEENBRAS UPPER,Major Dam,31767,25.22,32361,101.87
92c4ba3f-c113-489f-b6b5-330459edc9f7,09/08/2014,Aug-14,8,2014,STEENBRAS UPPER,Major Dam,31767,25.22,32361,101.87
92aa2108-7470-4d57-bc64-853fb7ff2a6a,10/08/2014,Aug-14,8,2014,STEENBRAS UPPER,Major Dam,31767,25.11,32064,100.93
e0f09871-436a-419f-b579-93d497ec14ae,11/08/2014,Aug-14,8,2014,STEENBRAS UPPER,Major Dam,31767,25.17,32226,101.44
8437f147-a193-4612-8cba-abc22386e49d,12/08/2014,Aug-14,8,2014,STEENBRAS UPPER,Major Dam,31767,25.02,31821,100.17
08d59d9a-9a58-432b-b92a-3fccf9fb901b,13/08/2014,Aug-14,8,2014,STEENBRAS UPPER,Major Dam,31767,25.04,31875,100.34
712f5118-c8d3-432e-a376-ff002a5dc41b,14/08/2014,Aug-14,8,2014,STEENBRAS UPPER,Major Dam,31767,25.1,32037,100.85
a3085f17-7a5c-4846-93b7-9b5a9d710f06,15/08/2014,Aug-14,8,2014,STEENBRAS UPPER,Major Dam,31767,25.04,31875,100.34
01c636e1-15a8-4a7c-88d8-82b3a2624d34,16/08/2014,Aug-14,8,2014,STEENBRAS UPPER,Major Dam,31767,25,31767,100
9681afab-1334-4146-a44c-d257220193ec,17/08/2014,Aug-14,8,2014,STEENBRAS UPPER,Major Dam,31767,25.03,31848,100.25
77c1823d-6c87-4464-ac3b-9eb0a892b4f9,18/08/2014,Aug-14,8,2014,STEENBRAS UPPER,Major Dam,31767,25.18,32253,101.53
adc6042f-7d46-4d30-890f-d390751af3a3,19/08/2014,Aug-14,8,2014,STEENBRAS UPPER,Major Dam,31767,25.18,32253,101.53
ca7f2373-33bf-44ad-b243-db07d84a39b2,20/08/2014,Aug-14,8,2014,STEENBRAS UPPER,Major Dam,31767,25.07,31956,100.59
051179dc-36e8-4433-b5f1-30e722166404,21/08/2014,Aug-14,8,2014,STEENBRAS UPPER,Major Dam,31767,25.04,31875,100.34
63c0996d-3b18-4349-98b9-52c87500f6fd,22/08/2014,Aug-14,8,2014,STEENBRAS UPPER,Major Dam,31767,25.02,31821,100.17
12f03eb1-7c45-4441-9a4a-61f7955f1655,23/08/2014,Aug-14,8,2014,STEENBRAS UPPER,Major Dam,31767,25.04,31875,100.34
d19a9caa-7607-473e-8487-9b0c1f15a363,24/08/2014,Aug-14,8,2014,STEENBRAS UPPER,Major Dam,31767,25.04,31875,100.34
2eed29cb-fbec-4155-a5b9-bdc7f39a4fe8,25/08/2014,Aug-14,8,2014,STEENBRAS UPPER,Major Dam,31767,25.29,32550,102.46
5baa887c-9f91-468d-8129-961c4a0a683e,26/08/2014,Aug-14,8,2014,STEENBRAS UPPER,Major Dam,31767,25.17,32226,101.44
1bde02eb-5c90-4861-889d-e61bbca6093c,27/08/2014,Aug-14,8,2014,STEENBRAS UPPER,Major Dam,31767,25.21,32334,101.78
9620da0a-f9f7-46cd-a34a-2e72ac8c314c,28/08/2014,Aug-14,8,2014,STEENBRAS UPPER,Major Dam,31767,25.26,32469,102.21
8f08bc83-fbde-4156-8c2f-a26c4175a2f5,29/08/2014,Aug-14,8,2014,STEENBRAS UPPER,Major Dam,31767,25.15,32172,101.27
71a1f904-d3ad-4573-b313-96cf3182b5bb,30/08/2014,Aug-14,8,2014,STEENBRAS UPPER,Major Dam,31767,25.28,32523,102.38
3b1acf68-0603-4b28-aa0f-2f05356b7851,31/08/2014,Aug-14,8,2014,STEENBRAS UPPER,Major Dam,31767,25.16,32199,101.36
69690c54-8adf-48aa-a37e-8c068d82f879,01/09/2014,Sep-14,9,2014,STEENBRAS UPPER,Major Dam,31767,25.26,32469,102.21
5bc88104-bc82-4f48-bd37-160d303b278a,02/09/2014,Sep-14,9,2014,STEENBRAS UPPER,Major Dam,31767,25.18,32253,101.53
3de424cc-6c29-417d-86f9-9c5f438dadd2,03/09/2014,Sep-14,9,2014,STEENBRAS UPPER,Major Dam,31767,25.12,32091,101.02
ef8c4885-fea7-4e93-a7c2-fa6e53da7fcc,04/09/2014,Sep-14,9,2014,STEENBRAS UPPER,Major Dam,31767,25.2,32307,101.7
abb4e1c8-78fa-498c-af8b-44b08a805c14,05/09/2014,Sep-14,9,2014,STEENBRAS UPPER,Major Dam,31767,25.04,31875,100.34
b132c2d6-89a6-4133-b2a3-88ef5d3fd7cc,06/09/2014,Sep-14,9,2014,STEENBRAS UPPER,Major Dam,31767,25,31767,100
425a5aa1-df7b-4c9f-a51a-65d7b90338b3,07/09/2014,Sep-14,9,2014,STEENBRAS UPPER,Major Dam,31767,25.01,31794,100.08
e63588b0-dda9-4fd7-a0df-3ecc59d5ec2c,08/09/2014,Sep-14,9,2014,STEENBRAS UPPER,Major Dam,31767,25.2,32307,101.7
7cdc71b1-33d7-42dc-88d4-96d376f95999,09/09/2014,Sep-14,9,2014,STEENBRAS UPPER,Major Dam,31767,25.21,32334,101.78
1f1a8154-f415-4c30-8ef3-0927d92cfd09,10/09/2014,Sep-14,9,2014,STEENBRAS UPPER,Major Dam,31767,25.18,32253,101.53
14de290a-5cf4-4093-9b6f-3fc398d96125,11/09/2014,Sep-14,9,2014,STEENBRAS UPPER,Major Dam,31767,25.15,32172,101.27
ed6e7b86-f107-47a3-9a87-95cf1d1cc87b,12/09/2014,Sep-14,9,2014,STEENBRAS UPPER,Major Dam,31767,25.03,31848,100.25
0e95d68d-c823-437e-89c6-e54bdc4ab8f9,13/09/2014,Sep-14,9,2014,STEENBRAS UPPER,Major Dam,31767,25.03,31848,100.25
6bf19c29-6f29-49d6-95d1-d17e41dae9c4,14/09/2014,Sep-14,9,2014,STEENBRAS UPPER,Major Dam,31767,25.09,32010,100.76
3bc3f20c-8834-4b37-aa19-aa5fba8f07df,15/09/2014,Sep-14,9,2014,STEENBRAS UPPER,Major Dam,31767,25.22,32361,101.87
a90d2d6e-870a-4f9d-af66-e7c1ebb10c10,16/09/2014,Sep-14,9,2014,STEENBRAS UPPER,Major Dam,31767,25.09,32010,100.76
6f1715ae-2d28-4273-82d1-23292e555b18,17/09/2014,Sep-14,9,2014,STEENBRAS UPPER,Major Dam,31767,25.12,32091,101.02
3c05416c-30c5-495e-8cf8-2d293965d390,18/09/2014,Sep-14,9,2014,STEENBRAS UPPER,Major Dam,31767,25.12,32091,101.02
02b23dd2-0425-45b8-ba52-fc5c8ef11917,19/09/2014,Sep-14,9,2014,STEENBRAS UPPER,Major Dam,31767,25.2,32307,101.7
04592fc6-9afb-4f5f-9382-5f4c2417d706,20/09/2014,Sep-14,9,2014,STEENBRAS UPPER,Major Dam,31767,25.26,32469,102.21
cac8614d-c421-4f94-823b-fc327a038f90,21/09/2014,Sep-14,9,2014,STEENBRAS UPPER,Major Dam,31767,25.2,32307,101.7
b269fbc2-1d26-46d6-bc9f-0cfb5785ce3b,22/09/2014,Sep-14,9,2014,STEENBRAS UPPER,Major Dam,31767,25.2,32307,101.7
21478bf4-ab6a-4826-816e-74979e60ed29,23/09/2014,Sep-14,9,2014,STEENBRAS UPPER,Major Dam,31767,25.09,32010,100.76
434c0441-d304-4f15-ab06-9f02b163c1cd,24/09/2014,Sep-14,9,2014,STEENBRAS UPPER,Major Dam,31767,25.02,31821,100.17
5ba9bdf2-51cc-4b24-a6da-2aa21f4a43b0,25/09/2014,Sep-14,9,2014,STEENBRAS UPPER,Major Dam,31767,24.97,31686,99.75
c61aab8a-0382-4ebb-a25b-63b7f736d8a8,26/09/2014,Sep-14,9,2014,STEENBRAS UPPER,Major Dam,31767,25.15,32172,101.27
70c70552-37f3-446d-ad76-aeb38b62a110,27/09/2014,Sep-14,9,2014,STEENBRAS UPPER,Major Dam,31767,24.94,31608,99.5
1c54f2aa-c0de-437d-af71-05386d5ca825,28/09/2014,Sep-14,9,2014,STEENBRAS UPPER,Major Dam,31767,24.98,31713,99.83
0eb25fbe-88c3-4688-a1d5-db0c60cda2c2,29/09/2014,Sep-14,9,2014,STEENBRAS UPPER,Major Dam,31767,25.14,32145,101.19
3d6d57bf-e9ee-4b97-8e18-6e56beac93fc,30/09/2014,Sep-14,9,2014,STEENBRAS UPPER,Major Dam,31767,25.21,32334,101.78
3b9249fd-c38b-4e33-b37c-9af39bb171dc,01/10/2014,Oct-14,10,2014,STEENBRAS UPPER,Major Dam,31767,25.22,32361,101.87
399028c0-6baa-43ad-a500-ae54c0c8adc1,02/10/2014,Oct-14,10,2014,STEENBRAS UPPER,Major Dam,31767,25.15,32172,101.27
b4f300b6-5d27-4f17-ad49-67abc11bc088,03/10/2014,Oct-14,10,2014,STEENBRAS UPPER,Major Dam,31767,25.2,32307,101.7
cd0f43de-4a1f-433f-a6e8-93bbebcaa22a,04/10/2014,Oct-14,10,2014,STEENBRAS UPPER,Major Dam,31767,25.2,32307,101.7
db4c9554-c1a2-4a11-9c7e-2f0a9428765c,05/10/2014,Oct-14,10,2014,STEENBRAS UPPER,Major Dam,31767,25.19,32280,101.61
f1967bb3-fcbe-4b12-9f63-92c1be862f01,06/10/2014,Oct-14,10,2014,STEENBRAS UPPER,Major Dam,31767,25.15,32172,101.27
8f3159f2-064d-44f6-8276-84b7a552a062,07/10/2014,Oct-14,10,2014,STEENBRAS UPPER,Major Dam,31767,25.2,32307,101.7
e57d4e53-c087-49a5-a0e8-f65020bed812,08/10/2014,Oct-14,10,2014,STEENBRAS UPPER,Major Dam,31767,25.06,31929,100.51
92b388ad-a431-45d1-8342-d3347b8576f4,09/10/2014,Oct-14,10,2014,STEENBRAS UPPER,Major Dam,31767,25.21,32334,101.78
1917dadb-ea73-4107-bf3f-db9f800af9df,10/10/2014,Oct-14,10,2014,STEENBRAS UPPER,Major Dam,31767,25.17,32226,101.44
eb25b26f-b87e-4d5e-a2ac-4fa4221dd62a,11/10/2014,Oct-14,10,2014,STEENBRAS UPPER,Major Dam,31767,24.99,31740,99.92
5acf6ddb-bde6-40af-ad4d-59ccd4e1cf17,12/10/2014,Oct-14,10,2014,STEENBRAS UPPER,Major Dam,31767,24.99,31740,99.92
f74c1252-e6b1-42d2-b791-94f81e6e82ea,13/10/2014,Oct-14,10,2014,STEENBRAS UPPER,Major Dam,31767,25.17,32226,101.44
d9898852-b38d-4f51-9c3c-c230b0d15f66,14/10/2014,Oct-14,10,2014,STEENBRAS UPPER,Major Dam,31767,25.15,32172,101.27
03f21919-3dda-4ce5-a1bc-c8763ed29fcf,15/10/2014,Oct-14,10,2014,STEENBRAS UPPER,Major Dam,31767,25.14,32145,101.19
9665e952-67d5-4305-bdc9-3dcfe15fdbf4,16/10/2014,Oct-14,10,2014,STEENBRAS UPPER,Major Dam,31767,25.15,32172,101.27
6ea3d971-145d-4bd8-943a-3182e5f8ace6,17/10/2014,Oct-14,10,2014,STEENBRAS UPPER,Major Dam,31767,25.2,32307,101.7
4f58ebe5-9a27-4aea-bce6-5f54aa0d55a8,18/10/2014,Oct-14,10,2014,STEENBRAS UPPER,Major Dam,31767,25.31,32604,102.63
1f743157-578d-4fe1-8d33-7a13800dd680,19/10/2014,Oct-14,10,2014,STEENBRAS UPPER,Major Dam,31767,25.02,31821,100.17
3714a940-b720-4a12-8296-f3913b663ee5,20/10/2014,Oct-14,10,2014,STEENBRAS UPPER,Major Dam,31767,25.2,32307,101.7
2df67280-763c-45ea-8040-e13effbfd3bf,21/10/2014,Oct-14,10,2014,STEENBRAS UPPER,Major Dam,31767,25.07,31956,100.59
dd5636d2-9566-4ee5-a370-aa02f285f3a5,22/10/2014,Oct-14,10,2014,STEENBRAS UPPER,Major Dam,31767,25.1,32037,100.85
d82d81f8-8c54-42a2-ba80-135f1d1580cc,23/10/2014,Oct-14,10,2014,STEENBRAS UPPER,Major Dam,31767,25.14,32145,101.19
3b23e909-606e-4590-a316-02f83c3a87f3,24/10/2014,Oct-14,10,2014,STEENBRAS UPPER,Major Dam,31767,24.82,31294,98.51
332f22e6-f6e9-4303-b021-0ceb35a2c27a,25/10/2014,Oct-14,10,2014,STEENBRAS UPPER,Major Dam,31767,24.88,31450,99
56f6710c-2cbe-4f50-91c0-91e7f876a395,26/10/2014,Oct-14,10,2014,STEENBRAS UPPER,Major Dam,31767,25.06,31929,100.51
30594cab-6a11-487f-a98f-49edb70e20ec,27/10/2014,Oct-14,10,2014,STEENBRAS UPPER,Major Dam,31767,25.11,32064,100.93
82f6b777-cc8a-400b-bed1-45c1b07f9aab,28/10/2014,Oct-14,10,2014,STEENBRAS UPPER,Major Dam,31767,25.04,31875,100.34
cae8007b-d8b0-45c1-aab3-df7de51666f9,29/10/2014,Oct-14,10,2014,STEENBRAS UPPER,Major Dam,31767,25.03,31848,100.25
ac8a23ee-05e1-4aa8-9fac-eb39456aa363,30/10/2014,Oct-14,10,2014,STEENBRAS UPPER,Major Dam,31767,24.6,30723,96.71
4972998b-3123-43fc-aa33-98935143e260,31/10/2014,Oct-14,10,2014,STEENBRAS UPPER,Major Dam,31767,24.85,31372,98.76
a5280014-c487-4fe1-aa52-5f65debe5373,01/11/2014,Nov-14,11,2014,STEENBRAS UPPER,Major Dam,31767,24.99,31740,99.92
2d1ac609-74d1-4bf0-b644-d81f80b46019,02/11/2014,Nov-14,11,2014,STEENBRAS UPPER,Major Dam,31767,25.08,31983,100.68
532c744b-61f9-4a2d-acf4-42b8f3ffc71f,03/11/2014,Nov-14,11,2014,STEENBRAS UPPER,Major Dam,31767,25.07,31956,100.59
a9d8177b-9b2f-4283-87b4-774d8fed0400,04/11/2014,Nov-14,11,2014,STEENBRAS UPPER,Major Dam,31767,25.02,31821,100.17
178d79d6-cb2f-4bfa-b248-b6f67b97f903,05/11/2014,Nov-14,11,2014,STEENBRAS UPPER,Major Dam,31767,25.03,31848,100.25
5eb5410f-30a5-40b8-a16a-239e70c592a4,06/11/2014,Nov-14,11,2014,STEENBRAS UPPER,Major Dam,31767,24.86,31398,98.84
c09961b1-e1c1-494c-ab77-b9fb7c43b02b,07/11/2014,Nov-14,11,2014,STEENBRAS UPPER,Major Dam,31767,24.88,31450,99
3851a240-d91d-4055-b65b-69c2c22af5c0,08/11/2014,Nov-14,11,2014,STEENBRAS UPPER,Major Dam,31767,24.72,31034,97.69
d10224ed-b6db-4a7e-8b78-4ac2dadb4cec,09/11/2014,Nov-14,11,2014,STEENBRAS UPPER,Major Dam,31767,24.66,30878,97.2
2b9d8811-ab22-4035-9bee-dd6a45fe7f96,10/11/2014,Nov-14,11,2014,STEENBRAS UPPER,Major Dam,31767,24.68,30930,97.37
80511396-cc62-44a7-b138-78f886e9d7b3,11/11/2014,Nov-14,11,2014,STEENBRAS UPPER,Major Dam,31767,24.68,30930,97.37
0b9cec6c-acc7-48d4-9a51-b8f0da32ebd6,12/11/2014,Nov-14,11,2014,STEENBRAS UPPER,Major Dam,31767,24.68,30930,97.37
a3a677c7-5945-468b-a624-637fcd353e0f,13/11/2014,Nov-14,11,2014,STEENBRAS UPPER,Major Dam,31767,24.68,30930,97.37
d8f9625c-c880-4e08-90f3-253023eb51cb,14/11/2014,Nov-14,11,2014,STEENBRAS UPPER,Major Dam,31767,24.68,30930,97.37
fd5e5f56-440f-47a2-9ab5-a9df9545e9f8,15/11/2014,Nov-14,11,2014,STEENBRAS UPPER,Major Dam,31767,24.68,30930,97.37
fa90d922-2e7f-4691-8b7d-89a5194e8acf,16/11/2014,Nov-14,11,2014,STEENBRAS UPPER,Major Dam,31767,24.68,30930,97.37
ffe18632-9004-4eed-bda6-74f2d9b4ab1d,17/11/2014,Nov-14,11,2014,STEENBRAS UPPER,Major Dam,31767,24.68,30930,97.37
dfdc27f2-10f1-4d79-bb34-619dc6eb4998,18/11/2014,Nov-14,11,2014,STEENBRAS UPPER,Major Dam,31767,24.68,30930,97.37
f106b9bc-a7ba-45ac-8da7-8ce091300417,19/11/2014,Nov-14,11,2014,STEENBRAS UPPER,Major Dam,31767,24.68,30930,97.37
3afe2102-2378-4631-8a3c-56da0dd43041,20/11/2014,Nov-14,11,2014,STEENBRAS UPPER,Major Dam,31767,24.68,30930,97.37
ae66b5cc-4f09-4949-a029-ef970b54d38a,21/11/2014,Nov-14,11,2014,STEENBRAS UPPER,Major Dam,31767,24.72,31034,97.69
e613586f-29a2-47ab-b342-54b11d8de945,22/11/2014,Nov-14,11,2014,STEENBRAS UPPER,Major Dam,31767,25.14,32145,101.19
42d39cbe-6cbf-4043-b663-e6539532389b,23/11/2014,Nov-14,11,2014,STEENBRAS UPPER,Major Dam,31767,25.14,32145,101.19
2681b619-5294-4e23-8704-adcf432d3609,24/11/2014,Nov-14,11,2014,STEENBRAS UPPER,Major Dam,31767,25.11,32064,100.93
b2ac6fbd-cfdc-4c96-9951-f91069aa01e3,25/11/2014,Nov-14,11,2014,STEENBRAS UPPER,Major Dam,31767,25.08,31983,100.68
5deeff1e-14f6-498c-99b1-be8c9cb4d30e,26/11/2014,Nov-14,11,2014,STEENBRAS UPPER,Major Dam,31767,25.09,32010,100.76
e7011234-c7cc-4244-b661-e8965373e470,27/11/2014,Nov-14,11,2014,STEENBRAS UPPER,Major Dam,31767,25,31767,100
7f40c942-3107-4835-ae36-0d5d9bb08c9a,28/11/2014,Nov-14,11,2014,STEENBRAS UPPER,Major Dam,31767,25.11,32064,100.93
3454a4f0-1fb1-460e-a733-d684addcdec5,29/11/2014,Nov-14,11,2014,STEENBRAS UPPER,Major Dam,31767,25.08,31983,100.68
ecc90cc6-0c84-440c-a908-f412ff0fd229,30/11/2014,Nov-14,11,2014,STEENBRAS UPPER,Major Dam,31767,25.08,31983,100.68
544cc1db-5e29-4455-89f3-b46830e88493,01/12/2014,Dec-14,12,2014,STEENBRAS UPPER,Major Dam,31767,25.08,31983,100.68
11de80a3-27ae-4006-a339-409eaa6bda77,02/12/2014,Dec-14,12,2014,STEENBRAS UPPER,Major Dam,31767,25.1,32037,100.85
08de70ba-fa91-4cec-b712-c8eb8071ee04,03/12/2014,Dec-14,12,2014,STEENBRAS UPPER,Major Dam,31767,25.1,32037,100.85
dfc134e7-28af-4356-87ce-35e9f095bdba,04/12/2014,Dec-14,12,2014,STEENBRAS UPPER,Major Dam,31767,24.95,31634,99.58
011f0040-7b9d-4d6c-b0db-1b423bfddcab,05/12/2014,Dec-14,12,2014,STEENBRAS UPPER,Major Dam,31767,24.93,31582,99.42
40b0fd85-7203-4157-ab0f-034833962185,06/12/2014,Dec-14,12,2014,STEENBRAS UPPER,Major Dam,31767,24.99,31740,99.92
8f79f0b8-01e4-4500-a752-14463c466dc7,07/12/2014,Dec-14,12,2014,STEENBRAS UPPER,Major Dam,31767,24.99,31740,99.92
1c4ce6f6-dddd-4ad4-8c89-29dda373b201,08/12/2014,Dec-14,12,2014,STEENBRAS UPPER,Major Dam,31767,24.99,31740,99.92
105f5742-a670-4755-8c70-3cb186eaad76,09/12/2014,Dec-14,12,2014,STEENBRAS UPPER,Major Dam,31767,24.91,31530,99.25
c08c0c17-1efa-4a4a-8702-d16f4b51b0d1,10/12/2014,Dec-14,12,2014,STEENBRAS UPPER,Major Dam,31767,24.91,31530,99.25
9d142d46-72dd-415b-a58a-4f1c7abe8440,11/12/2014,Dec-14,12,2014,STEENBRAS UPPER,Major Dam,31767,24.99,31740,99.92
35132a88-7308-4c7f-8f97-74aaed1d29c9,12/12/2014,Dec-14,12,2014,STEENBRAS UPPER,Major Dam,31767,24.99,31740,99.92
c1aacc88-d6f4-4f79-82cb-d730a6b626ca,13/12/2014,Dec-14,12,2014,STEENBRAS UPPER,Major Dam,31767,24.91,31530,99.25
0571a3c6-e0da-473f-b19a-14a27cbda81b,14/12/2014,Dec-14,12,2014,STEENBRAS UPPER,Major Dam,31767,24.91,31530,99.25
f1b57d46-56e2-44ac-a8df-8d6cbd23843e,15/12/2014,Dec-14,12,2014,STEENBRAS UPPER,Major Dam,31767,24.99,31740,99.92
96d15886-3a79-4814-81f8-d529ea8d372b,16/12/2014,Dec-14,12,2014,STEENBRAS UPPER,Major Dam,31767,24.99,31740,99.92
c180746a-cc92-4b3a-9447-665cc8d59f22,17/12/2014,Dec-14,12,2014,STEENBRAS UPPER,Major Dam,31767,24.94,31608,99.5
1b932b41-da2b-4db0-ac0d-cd4b6f978924,18/12/2014,Dec-14,12,2014,STEENBRAS UPPER,Major Dam,31767,24.94,31608,99.5
66b5d7c0-8a38-4b53-8cf7-5dc7f5fae8e3,19/12/2014,Dec-14,12,2014,STEENBRAS UPPER,Major Dam,31767,24.84,31346,98.67
de27f442-fb17-4d46-980f-3f3b963ac0c3,20/12/2014,Dec-14,12,2014,STEENBRAS UPPER,Major Dam,31767,24.83,31320,98.59
7701c7c0-efb4-4143-8af4-d1c8d99302ce,21/12/2014,Dec-14,12,2014,STEENBRAS UPPER,Major Dam,31767,24.83,31320,98.59
89814778-d794-4ceb-bef4-4477f827bfd6,22/12/2014,Dec-14,12,2014,STEENBRAS UPPER,Major Dam,31767,24.84,31346,98.67
a78e3390-43b2-4be0-b3f1-d24d5aa8713c,23/12/2014,Dec-14,12,2014,STEENBRAS UPPER,Major Dam,31767,24.76,31138,98.02
9d5be9ac-31fa-4aea-bb37-b0f8622bfe01,24/12/2014,Dec-14,12,2014,STEENBRAS UPPER,Major Dam,31767,24.76,31138,98.02
ace39a1f-1a36-4f9c-b988-41044d4a2a5d,25/12/2014,Dec-14,12,2014,STEENBRAS UPPER,Major Dam,31767,24.76,31138,98.02
6651970d-32bb-4e64-af50-da4d06a662f1,26/12/2014,Dec-14,12,2014,STEENBRAS UPPER,Major Dam,31767,24.81,31268,98.43
4ebcc1bc-d09f-4b4d-80dc-53c10abf662c,27/12/2014,Dec-14,12,2014,STEENBRAS UPPER,Major Dam,31767,24.81,31268,98.43
ae40216d-0894-4e9d-8071-ef0516ba231f,28/12/2014,Dec-14,12,2014,STEENBRAS UPPER,Major Dam,31767,24.63,30800,96.96
10c396d4-bb07-4c8a-989e-08d88f9c6ddc,29/12/2014,Dec-14,12,2014,STEENBRAS UPPER,Major Dam,31767,24.95,31634,99.58
8db8470a-ece5-4225-b74c-8fe4848a5020,30/12/2014,Dec-14,12,2014,STEENBRAS UPPER,Major Dam,31767,24.94,31608,99.5
e3de7fb7-0de0-4f2b-b68e-7e9e1bc9c031,31/12/2014,Dec-14,12,2014,STEENBRAS UPPER,Major Dam,31767,24.92,31556,99.34
eb0b722f-2007-4c49-a5a6-3ef557ac2d71,01/01/2015,Jan-15,1,2015,STEENBRAS UPPER,Major Dam,31767,24.83,31320,98.59
cafda80d-803c-4369-a56d-ce53b888a585,02/01/2015,Jan-15,1,2015,STEENBRAS UPPER,Major Dam,31767,24.92,31556,99.34
442383b3-f4e8-40ea-a0a5-52b7518ecb01,03/01/2015,Jan-15,1,2015,STEENBRAS UPPER,Major Dam,31767,24.83,31320,98.59
d823ff2f-2a86-422d-a3a1-8bc14f33a881,04/01/2015,Jan-15,1,2015,STEENBRAS UPPER,Major Dam,31767,24.83,31320,98.59
35d3f6f6-de82-4393-833c-f4293dd75522,05/01/2015,Jan-15,1,2015,STEENBRAS UPPER,Major Dam,31767,24.84,31346,98.67
b5c4b78b-65b9-4830-b2b6-1280f862f947,06/01/2015,Jan-15,1,2015,STEENBRAS UPPER,Major Dam,31767,24.84,31346,98.67
09a28640-c554-4e16-a2fd-09dbba4c8f17,07/01/2015,Jan-15,1,2015,STEENBRAS UPPER,Major Dam,31767,24.76,31138,98.02
19f0272b-d2e4-412f-a123-40c46c160669,08/01/2015,Jan-15,1,2015,STEENBRAS UPPER,Major Dam,31767,24.76,31138,98.02
9b0aff0e-793f-4ff6-b023-60cddd735d47,09/01/2015,Jan-15,1,2015,STEENBRAS UPPER,Major Dam,31767,24.76,31138,98.02
98657f0b-11b6-4906-b6a2-44fd51be6bff,10/01/2015,Jan-15,1,2015,STEENBRAS UPPER,Major Dam,31767,24.76,31138,98.02
d52e10d5-c9dc-4e47-98d6-89aa30a060f3,11/01/2015,Jan-15,1,2015,STEENBRAS UPPER,Major Dam,31767,24.83,31320,98.59
de1ec574-7d91-4e68-84e2-ba5bd8683910,12/01/2015,Jan-15,1,2015,STEENBRAS UPPER,Major Dam,31767,24.83,31320,98.59
c2e37e09-c0d5-4716-9a69-3baa04b948fc,13/01/2015,Jan-15,1,2015,STEENBRAS UPPER,Major Dam,31767,24.76,31138,98.02
7d349dd4-fbb0-4ba3-a450-31d8c2a61b0f,14/01/2015,Jan-15,1,2015,STEENBRAS UPPER,Major Dam,31767,24.76,31138,98.02
db45decc-4fa3-4396-ba87-354bc9bc9b48,15/01/2015,Jan-15,1,2015,STEENBRAS UPPER,Major Dam,31767,24.76,31138,98.02
8aa429dd-8d6d-4e02-8695-f87d92ceeb78,16/01/2015,Jan-15,1,2015,STEENBRAS UPPER,Major Dam,31767,24.76,31138,98.02
6789b2ff-fb27-4f51-a178-4a9625905f15,17/01/2015,Jan-15,1,2015,STEENBRAS UPPER,Major Dam,31767,24.88,31450,99
fa3359d9-9218-4756-958e-b1d566c8748d,18/01/2015,Jan-15,1,2015,STEENBRAS UPPER,Major Dam,31767,24.88,31450,99
ca686185-3b50-4bf6-a9cf-5db3de3ad2d8,19/01/2015,Jan-15,1,2015,STEENBRAS UPPER,Major Dam,31767,24.88,31450,99
b6a7d04f-4261-4dbf-b75c-33699f5acef0,20/01/2015,Jan-15,1,2015,STEENBRAS UPPER,Major Dam,31767,24.71,31008,97.61
2acba371-f670-4931-9ccf-624fde39ada7,21/01/2015,Jan-15,1,2015,STEENBRAS UPPER,Major Dam,31767,24.78,31190,98.18
2563d83f-95a8-46da-b71d-af8ff7a07593,22/01/2015,Jan-15,1,2015,STEENBRAS UPPER,Major Dam,31767,24.71,31008,97.61
7b0d7134-9b2b-419a-a4f6-386f779b8a78,23/01/2015,Jan-15,1,2015,STEENBRAS UPPER,Major Dam,31767,24.68,30930,97.37
17146312-47d1-4d4e-90d7-8d2ad02d4f97,24/01/2015,Jan-15,1,2015,STEENBRAS UPPER,Major Dam,31767,24.48,30413,95.74
48040c5b-fa6f-4495-b780-96330c16df89,25/01/2015,Jan-15,1,2015,STEENBRAS UPPER,Major Dam,31767,24.59,30697,96.63
39d9a709-1e3f-4c7a-b32c-db86143dff25,26/01/2015,Jan-15,1,2015,STEENBRAS UPPER,Major Dam,31767,24.72,31034,97.69
68b05e86-e5e3-4b09-a6e3-2caf6ced7de7,27/01/2015,Jan-15,1,2015,STEENBRAS UPPER,Major Dam,31767,24.64,30826,97.04
0c276322-68c5-4eb4-b9ff-4988251baf0e,28/01/2015,Jan-15,1,2015,STEENBRAS UPPER,Major Dam,31767,24.72,31034,97.69
6bc0da0f-aad5-4bc6-8ed9-ddddf2b63d68,29/01/2015,Jan-15,1,2015,STEENBRAS UPPER,Major Dam,31767,24.63,30800,96.96
7f8d4d14-b941-40db-8ca4-6c7f8776bbf2,30/01/2015,Jan-15,1,2015,STEENBRAS UPPER,Major Dam,31767,24.46,30361,95.57
e98ee4d5-c96b-4e24-8a50-44328c77477e,31/01/2015,Jan-15,1,2015,STEENBRAS UPPER,Major Dam,31767,24.23,29773,93.72
bd991e34-f524-4a35-b94d-8295d5ca33d5,01/02/2015,Feb-15,2,2015,STEENBRAS UPPER,Major Dam,31767,24.17,29620,93.24
e203a7cf-6f24-4d31-8b6f-6813f7729a37,02/02/2015,Feb-15,2,2015,STEENBRAS UPPER,Major Dam,31767,24.24,29798,93.8
9e83f65b-19df-41b7-891d-803f33e9ab8a,03/02/2015,Feb-15,2,2015,STEENBRAS UPPER,Major Dam,31767,23.98,29141,91.73
8f877d11-8f52-4624-958d-45c010670c2e,04/02/2015,Feb-15,2,2015,STEENBRAS UPPER,Major Dam,31767,24.45,30335,95.49
b7b0c076-d1c6-478b-97d9-75de053a3784,05/02/2015,Feb-15,2,2015,STEENBRAS UPPER,Major Dam,31767,23.89,28916,91.03
76021ae1-8642-4d85-959e-92c7959c2edc,06/02/2015,Feb-15,2,2015,STEENBRAS UPPER,Major Dam,31767,23.63,28267,88.98
149cdc9e-65ee-47ce-b8f3-9366e53ccac5,07/02/2015,Feb-15,2,2015,STEENBRAS UPPER,Major Dam,31767,23.63,28267,88.98
5b976e20-4075-4d25-92f9-62e1eca28bdc,08/02/2015,Feb-15,2,2015,STEENBRAS UPPER,Major Dam,31767,23.62,28242,88.9
0178012b-c6b1-40f6-aba4-59bc086e54a0,09/02/2015,Feb-15,2,2015,STEENBRAS UPPER,Major Dam,31767,23.71,28466,89.61
fdd4ea94-86d9-4a10-a3a5-b160f5bc6473,10/02/2015,Feb-15,2,2015,STEENBRAS UPPER,Major Dam,31767,23.62,28242,88.9
d9d992f3-fac5-4fe6-8413-9737eea20800,11/02/2015,Feb-15,2,2015,STEENBRAS UPPER,Major Dam,31767,23.65,28317,89.14
d39e8f6b-ef78-4476-acf5-e4c0aaf0a1ac,12/02/2015,Feb-15,2,2015,STEENBRAS UPPER,Major Dam,31767,23.66,28342,89.22
24e38179-e1e2-4bdd-8a50-d7b9b6f64c4d,13/02/2015,Feb-15,2,2015,STEENBRAS UPPER,Major Dam,31767,23.55,28069,88.36
19d19aa5-a27a-439a-abb3-36d76c8efb34,14/02/2015,Feb-15,2,2015,STEENBRAS UPPER,Major Dam,31767,23.55,28069,88.36
ab05d288-b101-440c-bf84-e7dd0363d469,15/02/2015,Feb-15,2,2015,STEENBRAS UPPER,Major Dam,31767,23.55,28069,88.36
c34fafe8-9374-4769-aaa8-2d810dd17bbf,16/02/2015,Feb-15,2,2015,STEENBRAS UPPER,Major Dam,31767,23.69,28417,89.45
821818ad-29e0-4a73-8747-779859f846c8,17/02/2015,Feb-15,2,2015,STEENBRAS UPPER,Major Dam,31767,23.7,28442,89.53
a9539538-0be9-431c-a192-3ddbe3e63284,18/02/2015,Feb-15,2,2015,STEENBRAS UPPER,Major Dam,31767,23.62,28242,88.9
0f86f542-8861-4af6-a650-9a98c311f553,19/02/2015,Feb-15,2,2015,STEENBRAS UPPER,Major Dam,31767,23.7,28442,89.53
9cd094bd-79ed-4073-a895-7fb7ba0b8f70,20/02/2015,Feb-15,2,2015,STEENBRAS UPPER,Major Dam,31767,23.54,28044,88.28
64a14a3c-6dcf-4519-aeb0-64151369d8a5,21/02/2015,Feb-15,2,2015,STEENBRAS UPPER,Major Dam,31767,23.46,27847,87.66
59b82383-a986-4a32-891c-ea2b7d6916d1,22/02/2015,Feb-15,2,2015,STEENBRAS UPPER,Major Dam,31767,23.46,27847,87.66
3f713a36-afe8-4cbd-986b-a1c05f3fa703,23/02/2015,Feb-15,2,2015,STEENBRAS UPPER,Major Dam,31767,23.54,28044,88.28
3359225d-89ef-497c-9df1-8a999695b1d8,24/02/2015,Feb-15,2,2015,STEENBRAS UPPER,Major Dam,31767,23.55,28069,88.36
661f35be-a82b-4b62-9b38-75ab795fb474,25/02/2015,Feb-15,2,2015,STEENBRAS UPPER,Major Dam,31767,23.56,28094,88.44
6c40f73e-f5ce-4c00-bb2b-bf76830d0575,26/02/2015,Feb-15,2,2015,STEENBRAS UPPER,Major Dam,31767,23.46,27847,87.66
1bcbca89-36d2-4cab-8522-8e2cf67f6479,27/02/2015,Feb-15,2,2015,STEENBRAS UPPER,Major Dam,31767,23.46,27847,87.66
10dfbb9b-57e2-4802-8fda-21a555ae2cf3,28/02/2015,Feb-15,2,2015,STEENBRAS UPPER,Major Dam,31767,23.4,27702,87.2
3d7c602e-b91b-4113-9ad7-aa7c9d03464f,01/03/2015,Mar-15,3,2015,STEENBRAS UPPER,Major Dam,31767,23.3,27457,86.43
6764d37b-fe96-4011-a999-a4afe7413030,02/03/2015,Mar-15,3,2015,STEENBRAS UPPER,Major Dam,31767,23.3,27457,86.43
468efc01-10ff-47fe-a7b9-d6f97aac6ee8,03/03/2015,Mar-15,3,2015,STEENBRAS UPPER,Major Dam,31767,23.54,28044,88.28
73192455-c3f2-48ef-b4db-691de6d0167d,04/03/2015,Mar-15,3,2015,STEENBRAS UPPER,Major Dam,31767,23.54,28044,88.28
7b6ac24b-2c89-4903-ac2b-ad39babe8d87,05/03/2015,Mar-15,3,2015,STEENBRAS UPPER,Major Dam,31767,23.38,27652,87.05
27de0f46-9692-4b60-b634-33fe60c322fe,06/03/2015,Mar-15,3,2015,STEENBRAS UPPER,Major Dam,31767,23.32,27505,86.58
2543c5bd-f161-4ce2-aa06-3a2fca8a60bf,07/03/2015,Mar-15,3,2015,STEENBRAS UPPER,Major Dam,31767,23.44,27798,87.51
98ccc0b3-0508-4144-90b0-5d9de2a45986,08/03/2015,Mar-15,3,2015,STEENBRAS UPPER,Major Dam,31767,23.4,27702,87.2
d03bc923-d204-4cce-8872-d0344d25025a,09/03/2015,Mar-15,3,2015,STEENBRAS UPPER,Major Dam,31767,23.39,27677,87.13
a51af330-519d-4cae-b861-5ce4f28ad504,10/03/2015,Mar-15,3,2015,STEENBRAS UPPER,Major Dam,31767,23.4,27702,87.2
d9b78be7-6720-40c8-8fd7-9a382a1fdf5a,11/03/2015,Mar-15,3,2015,STEENBRAS UPPER,Major Dam,31767,23.22,27262,85.82
e0408c8c-fd92-4343-a609-962858851779,12/03/2015,Mar-15,3,2015,STEENBRAS UPPER,Major Dam,31767,23.18,27164,85.51
99eb0a30-4cf5-4346-8439-daa7f87def82,13/03/2015,Mar-15,3,2015,STEENBRAS UPPER,Major Dam,31767,22.96,26634,83.84
230431f0-85d0-4973-9702-426d5bf97a0f,14/03/2015,Mar-15,3,2015,STEENBRAS UPPER,Major Dam,31767,22.77,26180,82.41
361c1445-bb74-472b-8b18-7d6f405e25de,15/03/2015,Mar-15,3,2015,STEENBRAS UPPER,Major Dam,31767,22.68,25966,81.74
b8761125-49e9-4e6f-9512-6ba79524232b,16/03/2015,Mar-15,3,2015,STEENBRAS UPPER,Major Dam,31767,22.78,26204,82.49
612f8d01-e038-405b-9c7b-fd227abf9dcc,17/03/2015,Mar-15,3,2015,STEENBRAS UPPER,Major Dam,31767,22.61,25800,81.22
82bf98e8-a060-43e7-abdb-25d08317fa7a,18/03/2015,Mar-15,3,2015,STEENBRAS UPPER,Major Dam,31767,22.56,25681,80.84
18154ddd-68c4-4a69-83fa-589cd7944edc,19/03/2015,Mar-15,3,2015,STEENBRAS UPPER,Major Dam,31767,22.29,25050,78.86
9b7e60a5-7a75-4978-af71-228edde2414f,20/03/2015,Mar-15,3,2015,STEENBRAS UPPER,Major Dam,31767,22.3,25074,78.93
6ef476a3-ae85-4019-9724-972c24eabe2b,21/03/2015,Mar-15,3,2015,STEENBRAS UPPER,Major Dam,31767,22.05,24496,77.11
c1a6063a-55d8-408c-8616-852f760740d9,22/03/2015,Mar-15,3,2015,STEENBRAS UPPER,Major Dam,31767,22.05,24496,77.11
b96f1ed2-3eee-45f3-a5f7-6b975ec5f454,23/03/2015,Mar-15,3,2015,STEENBRAS UPPER,Major Dam,31767,21.84,24014,75.59
455e1d25-0daf-4dd8-8b6d-8ad9148d80e7,24/03/2015,Mar-15,3,2015,STEENBRAS UPPER,Major Dam,31767,21.79,23901,75.24
d68c4865-762f-4567-966a-e1d30e07bec5,25/03/2015,Mar-15,3,2015,STEENBRAS UPPER,Major Dam,31767,21.75,23809,74.95
7544fd85-7915-46df-b3e1-40e018485595,26/03/2015,Mar-15,3,2015,STEENBRAS UPPER,Major Dam,31767,21.6,23472,73.89
c01f43ee-2d3f-47c3-b6a4-b85ad7db409c,27/03/2015,Mar-15,3,2015,STEENBRAS UPPER,Major Dam,31767,21.38,22978,72.33
6197e20c-6d3c-49e3-a110-c45e51bfd75c,28/03/2015,Mar-15,3,2015,STEENBRAS UPPER,Major Dam,31767,21.15,22471,70.74
36b76518-f67d-492f-9917-74e202008360,29/03/2015,Mar-15,3,2015,STEENBRAS UPPER,Major Dam,31767,21.11,22383,70.46
03a09182-3430-4198-8728-8f546f3bae91,30/03/2015,Mar-15,3,2015,STEENBRAS UPPER,Major Dam,31767,21.14,22449,70.67
04547b66-c1c7-4bc4-9287-772658e8aba6,31/03/2015,Mar-15,3,2015,STEENBRAS UPPER,Major Dam,31767,20.95,22032,69.35
c0ee6bfe-510e-45ba-b2ce-c04a67a75bc4,01/04/2015,Apr-15,4,2015,STEENBRAS UPPER,Major Dam,31767,20.5,21065,66.31
520fd499-7cf0-43ba-86de-08331f4d28d3,02/04/2015,Apr-15,4,2015,STEENBRAS UPPER,Major Dam,31767,20.43,20916,65.84
4ea8f52c-4d61-4bd0-ae1c-a63dccdfc5d0,03/04/2015,Apr-15,4,2015,STEENBRAS UPPER,Major Dam,31767,20.26,20558,64.71
e8cf5b8e-1838-4c78-b90f-a1e2f3f555c3,04/04/2015,Apr-15,4,2015,STEENBRAS UPPER,Major Dam,31767,20.4,20853,65.64
ab31e6dd-3519-4d7a-8984-3cf379b98e8a,05/04/2015,Apr-15,4,2015,STEENBRAS UPPER,Major Dam,31767,20.38,20810,65.51
2b90bdf5-124e-469d-98d0-71cbc97b26cc,06/04/2015,Apr-15,4,2015,STEENBRAS UPPER,Major Dam,31767,20.21,20453,64.38
eb2b75b2-c1ac-4511-9a7f-b974a10ff1a1,07/04/2015,Apr-15,4,2015,STEENBRAS UPPER,Major Dam,31767,19.88,19781,62.27
2f47ffc4-a3a2-432b-a9e1-986c1fb10872,08/04/2015,Apr-15,4,2015,STEENBRAS UPPER,Major Dam,31767,20.16,20348,64.05
3a93ce5b-d6c5-4ed1-af9a-13bfd8c7aa09,09/04/2015,Apr-15,4,2015,STEENBRAS UPPER,Major Dam,31767,20.09,20202,63.59
2536f380-82cf-4731-9d2f-4e0acfd4e59b,10/04/2015,Apr-15,4,2015,STEENBRAS UPPER,Major Dam,31767,20.17,20369,64.12
d47cd8ec-ca27-4b34-9cf9-2b514cea9989,11/04/2015,Apr-15,4,2015,STEENBRAS UPPER,Major Dam,31767,20.19,20411,64.25
bd419fbf-2ccd-4146-800e-9baeeb089ff6,12/04/2015,Apr-15,4,2015,STEENBRAS UPPER,Major Dam,31767,20.09,20202,63.59
287ccbcb-6155-4a2d-b0a2-4cc77c9d5eef,13/04/2015,Apr-15,4,2015,STEENBRAS UPPER,Major Dam,31767,20.23,20495,64.52
8891a245-5668-436f-afea-0efc9edacfc3,14/04/2015,Apr-15,4,2015,STEENBRAS UPPER,Major Dam,31767,20.14,20306,63.92
a013c9cf-4b81-42ff-be0a-3dcaf644ab15,15/04/2015,Apr-15,4,2015,STEENBRAS UPPER,Major Dam,31767,19.97,19955,62.82
4c96c83d-f7fc-4897-a1a8-b61ff528fec5,16/04/2015,Apr-15,4,2015,STEENBRAS UPPER,Major Dam,31767,19.89,19801,62.33
bc763f8e-fa4e-492f-8144-32e361f612e6,17/04/2015,Apr-15,4,2015,STEENBRAS UPPER,Major Dam,31767,19.64,19320,60.82
14bb1545-100a-48a8-bd6c-23ed2ddca8a4,18/04/2015,Apr-15,4,2015,STEENBRAS UPPER,Major Dam,31767,19.72,19473,61.3
7c03b8fe-410c-4351-af93-a5a9da632cce,19/04/2015,Apr-15,4,2015,STEENBRAS UPPER,Major Dam,31767,19.53,19111,60.16
6ee1bec2-982f-462e-95b1-f72f5c99e289,20/04/2015,Apr-15,4,2015,STEENBRAS UPPER,Major Dam,31767,19.48,19016,59.86
1c6757a5-757d-4c17-9cdb-fcdabb8205c0,21/04/2015,Apr-15,4,2015,STEENBRAS UPPER,Major Dam,31767,19.21,18506,58.26
c369d73d-59d2-4dab-890a-654c69a6fa7f,22/04/2015,Apr-15,4,2015,STEENBRAS UPPER,Major Dam,31767,19.31,18693,58.84
7ae477c7-ae43-4618-9511-9ffb942b6b9c,23/04/2015,Apr-15,4,2015,STEENBRAS UPPER,Major Dam,31767,19.23,18542,58.37
664db704-f79c-4a4f-835e-6418e8f06988,24/04/2015,Apr-15,4,2015,STEENBRAS UPPER,Major Dam,31767,19.23,18542,58.37
e6d0848c-f539-43e7-a97b-575db952d245,25/04/2015,Apr-15,4,2015,STEENBRAS UPPER,Major Dam,31767,19.23,18542,58.37
d2284082-7e78-4a92-bcfb-dda0c2e129eb,26/04/2015,Apr-15,4,2015,STEENBRAS UPPER,Major Dam,31767,19.23,18542,58.37
17cc6b65-0b93-46db-b55a-6432c1e6cb20,27/04/2015,Apr-15,4,2015,STEENBRAS UPPER,Major Dam,31767,19.23,18542,58.37
ab48a447-2869-407d-8f02-c232cfd67f18,28/04/2015,Apr-15,4,2015,STEENBRAS UPPER,Major Dam,31767,19.31,18693,58.84
64ccaf3b-7af7-46d8-9175-1c4bf2e6d07e,29/04/2015,Apr-15,4,2015,STEENBRAS UPPER,Major Dam,31767,19.23,18542,58.37
235ba002-b7e8-4452-b5f8-71cad22977bb,30/04/2015,Apr-15,4,2015,STEENBRAS UPPER,Major Dam,31767,19.31,18693,58.84
337cdf54-3b48-4785-b2a4-469ac677804f,01/05/2015,May-15,5,2015,STEENBRAS UPPER,Major Dam,31767,19.15,18393,57.9
1b7736c7-2cc9-4279-b81b-8c5fab16dc3b,02/05/2015,May-15,5,2015,STEENBRAS UPPER,Major Dam,31767,19.34,18750,59.02
8234e4a2-9f9c-40e0-95dd-018da7e36b7c,03/05/2015,May-15,5,2015,STEENBRAS UPPER,Major Dam,31767,19.3,18675,58.79
68d8e3de-08f5-4beb-ba8d-cfaaadf156f1,04/05/2015,May-15,5,2015,STEENBRAS UPPER,Major Dam,31767,19.3,18675,58.79
21c0535b-ebd8-407e-befe-2b0f393785cf,05/05/2015,May-15,5,2015,STEENBRAS UPPER,Major Dam,31767,19.31,18693,58.84
f18fa04d-e5fe-435f-9df0-49f04d2fedaf,06/05/2015,May-15,5,2015,STEENBRAS UPPER,Major Dam,31767,19.29,18656,58.73
622a8500-4d03-4c18-ab2a-4b994a41d612,07/05/2015,May-15,5,2015,STEENBRAS UPPER,Major Dam,31767,19.34,18750,59.02
d7ca73d4-32ca-43ec-97a4-20de0e13eb49,08/05/2015,May-15,5,2015,STEENBRAS UPPER,Major Dam,31767,19.3,18675,58.79
84e14abd-6bf6-426b-985d-701b201f47ad,09/05/2015,May-15,5,2015,STEENBRAS UPPER,Major Dam,31767,19.22,18524,58.31
d6f68f44-2c29-4d4b-8450-57fd49f03dcd,10/05/2015,May-15,5,2015,STEENBRAS UPPER,Major Dam,31767,19.24,18561,58.43
4cfca0a6-731a-43f3-9f46-f1a52ad17f3c,11/05/2015,May-15,5,2015,STEENBRAS UPPER,Major Dam,31767,19.24,18561,58.43
0831c041-31f3-48d1-a98d-5d241c895094,12/05/2015,May-15,5,2015,STEENBRAS UPPER,Major Dam,31767,19.22,18524,58.31
abf4b3b1-6fcd-489a-b82f-98072d712db0,13/05/2015,May-15,5,2015,STEENBRAS UPPER,Major Dam,31767,19.22,18524,58.31
d35b0a28-ad3d-46c9-a24e-888c530e55d7,14/05/2015,May-15,5,2015,STEENBRAS UPPER,Major Dam,31767,19.3,18675,58.79
7944750e-0631-4705-971c-ffe3265fa102,15/05/2015,May-15,5,2015,STEENBRAS UPPER,Major Dam,31767,19.14,18374,57.84
f64d6cc9-c686-4cda-bdc1-b2081ae74510,16/05/2015,May-15,5,2015,STEENBRAS UPPER,Major Dam,31767,19.31,18693,58.84
c6d23415-72dc-40c1-8975-61b4d1bd1731,17/05/2015,May-15,5,2015,STEENBRAS UPPER,Major Dam,31767,19.24,18561,58.43
83bd8206-f07d-4e6c-a8bd-f9a91f90acdb,18/05/2015,May-15,5,2015,STEENBRAS UPPER,Major Dam,31767,19.31,18693,58.84
5f7492c1-9eb2-48bb-89e6-6e19328e4db7,19/05/2015,May-15,5,2015,STEENBRAS UPPER,Major Dam,31767,19.29,18656,58.73
4b069c01-9407-4091-8c6f-fe1031b5fe59,20/05/2015,May-15,5,2015,STEENBRAS UPPER,Major Dam,31767,19.24,18561,58.43
9a6510b6-9e27-4a08-92ed-7cc51aa5a426,21/05/2015,May-15,5,2015,STEENBRAS UPPER,Major Dam,31767,19.14,18374,57.84
6423cbf6-09bf-4fd5-aa8a-905e60866fa3,22/05/2015,May-15,5,2015,STEENBRAS UPPER,Major Dam,31767,19.22,18524,58.31
9f3a9141-fbb8-43dc-b232-7b51052d79c7,23/05/2015,May-15,5,2015,STEENBRAS UPPER,Major Dam,31767,18.99,18096,56.96
f962bfb4-6ac9-4f04-88fb-7cddab296dde,24/05/2015,May-15,5,2015,STEENBRAS UPPER,Major Dam,31767,18.99,18096,56.96
bbbd3d48-c146-4db8-96ae-e4b37ede1a28,25/05/2015,May-15,5,2015,STEENBRAS UPPER,Major Dam,31767,18.99,18096,56.96
7f15b1a2-bc63-4f00-a90a-60e925e6ee39,26/05/2015,May-15,5,2015,STEENBRAS UPPER,Major Dam,31767,18.68,17525,55.17
a1d0e8d7-316d-4f0f-9d87-8c922829d08b,27/05/2015,May-15,5,2015,STEENBRAS UPPER,Major Dam,31767,18.76,17671,55.63
31362e8c-c633-439e-820a-bc5cb68ea73b,28/05/2015,May-15,5,2015,STEENBRAS UPPER,Major Dam,31767,18.77,17689,55.68
99fe1ead-85fa-40e8-8b96-c673560a9ef5,29/05/2015,May-15,5,2015,STEENBRAS UPPER,Major Dam,31767,18.59,17361,54.65
1f142f42-bd48-4d7b-9e81-48a767bcb26c,30/05/2015,May-15,5,2015,STEENBRAS UPPER,Major Dam,31767,18.75,17653,55.57
48ac7dc2-14d3-4300-8a13-6941ec88718f,31/05/2015,May-15,5,2015,STEENBRAS UPPER,Major Dam,31767,18.75,17653,55.57
b0b24c3b-33f2-44d2-816c-c73dbf37147c,01/06/2015,Jun-15,6,2015,STEENBRAS UPPER,Major Dam,31767,18.75,17653,55.57
7d0264c5-37da-4036-a8ea-e82a3efded1f,02/06/2015,Jun-15,6,2015,STEENBRAS UPPER,Major Dam,31767,18.67,17506,55.11
fe8d3ff8-7aa9-4411-9d7a-bac3d6a07418,03/06/2015,Jun-15,6,2015,STEENBRAS UPPER,Major Dam,31767,18.51,17217,54.2
8548a0ed-f769-47a7-b5cb-ec2a600ace9f,04/06/2015,Jun-15,6,2015,STEENBRAS UPPER,Major Dam,31767,18.67,17506,55.11
441487d0-1d93-40d7-bd32-60704c68da5a,05/06/2015,Jun-15,6,2015,STEENBRAS UPPER,Major Dam,31767,18.83,17800,56.03
569c4ee0-97b6-4f27-af6d-4540d0ef153e,06/06/2015,Jun-15,6,2015,STEENBRAS UPPER,Major Dam,31767,18.43,17073,53.74
5e0bca47-3d93-4659-9c35-235d8a10af3a,07/06/2015,Jun-15,6,2015,STEENBRAS UPPER,Major Dam,31767,18.83,17800,56.03
b711f194-8f30-4925-815a-bdabafb75b41,08/06/2015,Jun-15,6,2015,STEENBRAS UPPER,Major Dam,31767,19.07,18244,57.43
d9b11099-3e0a-4e97-8557-2b86ad80dfd8,09/06/2015,Jun-15,6,2015,STEENBRAS UPPER,Major Dam,31767,18.83,17800,56.03
f289f294-cf87-4328-a29c-8ce18c84cf6e,10/06/2015,Jun-15,6,2015,STEENBRAS UPPER,Major Dam,31767,18.99,18096,56.96
1959b4a3-2913-409a-b615-3ceb497ea7b3,11/06/2015,Jun-15,6,2015,STEENBRAS UPPER,Major Dam,31767,18.99,18096,56.96
89ee0c81-da3d-48b4-8413-6fee65c8e6c5,12/06/2015,Jun-15,6,2015,STEENBRAS UPPER,Major Dam,31767,18.75,17653,55.57
08169e42-f640-49b5-95d0-aab970a65b3e,13/06/2015,Jun-15,6,2015,STEENBRAS UPPER,Major Dam,31767,18.91,17948,56.5
ada6b6a2-a774-434d-86db-ba4e0112a492,14/06/2015,Jun-15,6,2015,STEENBRAS UPPER,Major Dam,31767,18.95,18020,56.73
14c124f0-68a3-41d4-b6fb-501166edc08a,15/06/2015,Jun-15,6,2015,STEENBRAS UPPER,Major Dam,31767,19.07,18244,57.43
7da70bec-bc03-483e-825f-f3f68fabe605,16/06/2015,Jun-15,6,2015,STEENBRAS UPPER,Major Dam,31767,18.99,18096,56.96
1df4fabc-9050-4552-ac28-ca6baa6bddad,17/06/2015,Jun-15,6,2015,STEENBRAS UPPER,Major Dam,31767,18.99,18096,56.96
c03e117f-f4bc-4ac3-99b4-057c6bdcf518,18/06/2015,Jun-15,6,2015,STEENBRAS UPPER,Major Dam,31767,18.99,18096,56.96
d0a7ab37-4193-4921-9c94-80f232660110,19/06/2015,Jun-15,6,2015,STEENBRAS UPPER,Major Dam,31767,18.84,17818,56.09
102c84c7-88a9-42a7-b041-7f4086566095,20/06/2015,Jun-15,6,2015,STEENBRAS UPPER,Major Dam,31767,19.07,18244,57.43
c334f06f-bd2f-463c-b0f9-956f5d8e7a5c,21/06/2015,Jun-15,6,2015,STEENBRAS UPPER,Major Dam,31767,19.2,18488,58.2
d477efd2-db55-42a5-b915-11058d588c21,22/06/2015,Jun-15,6,2015,STEENBRAS UPPER,Major Dam,31767,19.2,18488,58.2
f05f1b3c-8f23-4165-912a-712a4e256355,23/06/2015,Jun-15,6,2015,STEENBRAS UPPER,Major Dam,31767,19.15,18393,57.9
d65d54dd-7446-4a39-b79c-585fef2cb607,24/06/2015,Jun-15,6,2015,STEENBRAS UPPER,Major Dam,31767,19.07,18244,57.43
9d28cd0e-58ef-4206-b61a-d245ad0cf7fe,25/06/2015,Jun-15,6,2015,STEENBRAS UPPER,Major Dam,31767,19.07,18244,57.43
a90f1455-e165-4b8f-bd24-5db054206bc5,26/06/2015,Jun-15,6,2015,STEENBRAS UPPER,Major Dam,31767,18,16307,51.33
eb845822-4a3d-4897-9d82-1d82c485d1b3,27/06/2015,Jun-15,6,2015,STEENBRAS UPPER,Major Dam,31767,19.23,18542,58.37
82f9ae18-7adb-4e47-bbdf-5da31a3f1774,28/06/2015,Jun-15,6,2015,STEENBRAS UPPER,Major Dam,31767,19.78,19588,61.66
136460ba-8bc1-41ec-93c3-30b65976ee8c,29/06/2015,Jun-15,6,2015,STEENBRAS UPPER,Major Dam,31767,19.95,19916,62.69
a53d6093-dc08-4977-8d97-a911b84eaf9c,30/06/2015,Jun-15,6,2015,STEENBRAS UPPER,Major Dam,31767,20.1,20223,63.66
f1189e6b-a7cf-4835-bff4-65d3e2ebc234,01/07/2015,Jul-15,7,2015,STEENBRAS UPPER,Major Dam,31767,20.26,20558,64.71
0f44dca2-1b6b-45e9-aa3e-ef458bf26ed4,02/07/2015,Jul-15,7,2015,STEENBRAS UPPER,Major Dam,31767,20.34,20726,65.24
c7cba536-b97a-4a0e-b290-ea20a46012c9,03/07/2015,Jul-15,7,2015,STEENBRAS UPPER,Major Dam,31767,20.5,21065,66.31
59c0352f-1429-48d1-ad64-0c1fe6e32924,04/07/2015,Jul-15,7,2015,STEENBRAS UPPER,Major Dam,31767,20.54,21147,66.57
e9f29560-9b5c-411f-8786-20a58157e6cb,05/07/2015,Jul-15,7,2015,STEENBRAS UPPER,Major Dam,31767,20.5,21065,66.31
a3a7e6be-c432-4180-a509-bf6552c5bee7,06/07/2015,Jul-15,7,2015,STEENBRAS UPPER,Major Dam,31767,20.58,21231,66.83
37de0eb4-8a05-4e6f-9a2c-f94df13f726a,07/07/2015,Jul-15,7,2015,STEENBRAS UPPER,Major Dam,31767,20.5,21065,66.31
ddf06501-10ad-4a10-b5b0-c460ef4c30dc,08/07/2015,Jul-15,7,2015,STEENBRAS UPPER,Major Dam,31767,20.58,21231,66.83
a3852597-07f2-4cda-b90d-0e59a11d4825,09/07/2015,Jul-15,7,2015,STEENBRAS UPPER,Major Dam,31767,20.42,20895,65.78
c3f54ce5-f1b7-419a-b9db-768ff43b0710,10/07/2015,Jul-15,7,2015,STEENBRAS UPPER,Major Dam,31767,20.49,21043,66.24
817ca1fb-a773-4726-98ba-c316ed514b7d,11/07/2015,Jul-15,7,2015,STEENBRAS UPPER,Major Dam,31767,20.5,21065,66.31
8e9e43c3-7477-45fa-841b-4301a885aab8,12/07/2015,Jul-15,7,2015,STEENBRAS UPPER,Major Dam,31767,20.5,21065,66.31
f4b159cb-48c3-43c4-80a9-f94923cd2293,13/07/2015,Jul-15,7,2015,STEENBRAS UPPER,Major Dam,31767,20.58,21231,66.83
a8819e1a-bd49-460b-ba2f-9da9bdd6b7fd,14/07/2015,Jul-15,7,2015,STEENBRAS UPPER,Major Dam,31767,20.58,21231,66.83
092100a4-440b-45a7-a3eb-40da333c03bb,15/07/2015,Jul-15,7,2015,STEENBRAS UPPER,Major Dam,31767,20.5,21065,66.31
4a2ea78b-885c-4dd3-ae9a-a33d5e87afa9,16/07/2015,Jul-15,7,2015,STEENBRAS UPPER,Major Dam,31767,20.5,21065,66.31
6b4b3a33-1065-4c36-bd82-afdbf3d60b61,17/07/2015,Jul-15,7,2015,STEENBRAS UPPER,Major Dam,31767,20.26,20558,64.71
0772b6c4-d5a6-43b9-a476-67eec9061f0a,18/07/2015,Jul-15,7,2015,STEENBRAS UPPER,Major Dam,31767,20.17,20369,64.12
3d544005-f86e-4d48-9293-d81ea372aa68,19/07/2015,Jul-15,7,2015,STEENBRAS UPPER,Major Dam,31767,20.81,21729,68.4
74b9a4cf-2ec7-4139-a025-825f8f360c14,20/07/2015,Jul-15,7,2015,STEENBRAS UPPER,Major Dam,31767,20.81,21729,68.4
243cafed-772d-447d-a632-6b5e4307b87e,21/07/2015,Jul-15,7,2015,STEENBRAS UPPER,Major Dam,31767,21.29,22779,71.71
44f3726e-2f99-4f0f-888f-2f6ed1e838e8,22/07/2015,Jul-15,7,2015,STEENBRAS UPPER,Major Dam,31767,21.49,23225,73.11
69d5e9b6-e6ec-48be-9fd6-397ed905c622,23/07/2015,Jul-15,7,2015,STEENBRAS UPPER,Major Dam,31767,21.67,23628,74.38
53d05202-8455-4e7e-906d-a1b4d0fdca37,24/07/2015,Jul-15,7,2015,STEENBRAS UPPER,Major Dam,31767,22.04,24473,77.04
5bcf3a19-83d0-4cc8-98ae-0a4059a51b6f,25/07/2015,Jul-15,7,2015,STEENBRAS UPPER,Major Dam,31767,22.31,25097,79
2765cfb8-5d4b-417e-9fef-d61eb084f510,26/07/2015,Jul-15,7,2015,STEENBRAS UPPER,Major Dam,31767,22.78,26204,82.49
aa2d688a-31e9-4557-83f1-a7e007a40b6d,27/07/2015,Jul-15,7,2015,STEENBRAS UPPER,Major Dam,31767,23.08,26922,84.75
f4d29281-7fef-41b2-b043-c995d7ea3948,28/07/2015,Jul-15,7,2015,STEENBRAS UPPER,Major Dam,31767,23.33,27529,86.66
38454ef7-e45e-4cd0-b694-ff49ec52f52f,29/07/2015,Jul-15,7,2015,STEENBRAS UPPER,Major Dam,31767,23.59,28169,88.67
0b33f17c-2866-4465-add6-6dbcf18bd700,30/07/2015,Jul-15,7,2015,STEENBRAS UPPER,Major Dam,31767,23.65,28317,89.14
b1f84d9a-9d52-411f-a069-028b12c44bc0,31/07/2015,Jul-15,7,2015,STEENBRAS UPPER,Major Dam,31767,24.18,29646,93.32
a05b0fce-39ab-4839-a0c5-a9a9283963bf,01/08/2015,Aug-15,8,2015,STEENBRAS UPPER,Major Dam,31767,24.59,30697,96.63
7f7fdb6e-d1c8-4e68-8ed6-19447c843b37,02/08/2015,Aug-15,8,2015,STEENBRAS UPPER,Major Dam,31767,24.59,30697,96.63
26b56468-fbe8-480c-8338-c0b80017bc54,03/08/2015,Aug-15,8,2015,STEENBRAS UPPER,Major Dam,31767,25.07,31956,100.59
01df9f0f-ff1c-43bf-906f-beae930cbe9b,04/08/2015,Aug-15,8,2015,STEENBRAS UPPER,Major Dam,31767,25.25,32442,102.12
dbb13d72-1754-4afb-b857-29cc999a017e,05/08/2015,Aug-15,8,2015,STEENBRAS UPPER,Major Dam,31767,25.27,32496,102.29
8ab7e39d-6f87-446e-a0bd-d1d7e808bb85,06/08/2015,Aug-15,8,2015,STEENBRAS UPPER,Major Dam,31767,25.3,32577,102.55
7added9e-0fc5-4a28-82df-a21e49782c7f,07/08/2015,Aug-15,8,2015,STEENBRAS UPPER,Major Dam,31767,25.33,32658,102.8
682dbbc3-a837-4fbd-8bb5-026034fb0bde,08/08/2015,Aug-15,8,2015,STEENBRAS UPPER,Major Dam,31767,25.26,32469,102.21
52d83bc3-54cf-40fc-8a51-8704facbd71e,09/08/2015,Aug-15,8,2015,STEENBRAS UPPER,Major Dam,31767,25.16,32199,101.36
ca3bacdc-4ee9-447a-91c6-87cef46ca254,10/08/2015,Aug-15,8,2015,STEENBRAS UPPER,Major Dam,31767,25.2,32307,101.7
6d3a5e77-bc52-4f71-8738-f2028cbf964c,11/08/2015,Aug-15,8,2015,STEENBRAS UPPER,Major Dam,31767,25.27,32496,102.29
f1898ad1-d2fe-4920-9ae5-c91d52fd85fc,12/08/2015,Aug-15,8,2015,STEENBRAS UPPER,Major Dam,31767,25.17,32226,101.44
4da3f762-94e4-4003-9468-265f83be271b,13/08/2015,Aug-15,8,2015,STEENBRAS UPPER,Major Dam,31767,25.15,32172,101.27
820fe3f2-42a9-40a1-b646-58e05fdedd63,14/08/2015,Aug-15,8,2015,STEENBRAS UPPER,Major Dam,31767,25.19,32280,101.61
5996b022-b6f6-49e7-ae10-189dfec5bcfc,15/08/2015,Aug-15,8,2015,STEENBRAS UPPER,Major Dam,31767,25.07,31956,100.59
6ced7fa8-f077-44ff-b522-8a4a2de7b29e,16/08/2015,Aug-15,8,2015,STEENBRAS UPPER,Major Dam,31767,25.08,31983,100.68
bcc4e63d-5d70-4428-9f45-fe675c9a1c79,17/08/2015,Aug-15,8,2015,STEENBRAS UPPER,Major Dam,31767,25.17,32226,101.44
df0388d5-745e-4888-90df-78971d88dfbd,18/08/2015,Aug-15,8,2015,STEENBRAS UPPER,Major Dam,31767,25.08,31983,100.68
fa361845-9e29-476b-bc1b-7689cced4b6f,19/08/2015,Aug-15,8,2015,STEENBRAS UPPER,Major Dam,31767,25.07,31956,100.59
6a30fedf-adca-49f7-a02f-25cceb115503,20/08/2015,Aug-15,8,2015,STEENBRAS UPPER,Major Dam,31767,25.02,31821,100.17
71db4a34-bfa5-4cb5-ac0b-959543877341,21/08/2015,Aug-15,8,2015,STEENBRAS UPPER,Major Dam,31767,24.95,31634,99.58
d38aacee-3d8d-4cc5-8b09-f4d4212ce1e4,22/08/2015,Aug-15,8,2015,STEENBRAS UPPER,Major Dam,31767,24.92,31556,99.34
e4cc35a8-b74c-40d3-85a9-c8ed1a468e49,23/08/2015,Aug-15,8,2015,STEENBRAS UPPER,Major Dam,31767,24.93,31582,99.42
08a8ff5d-ac7a-41f3-b489-4de3b94bbfdc,24/08/2015,Aug-15,8,2015,STEENBRAS UPPER,Major Dam,31767,24.94,31608,99.5
376c1f75-33f9-4dba-806b-69152455cbdb,25/08/2015,Aug-15,8,2015,STEENBRAS UPPER,Major Dam,31767,24.89,31477,99.09
c64ae956-1322-4b7c-9058-30dba42ad8b4,26/08/2015,Aug-15,8,2015,STEENBRAS UPPER,Major Dam,31767,24.82,31294,98.51
9fc5abdf-f0c7-49aa-9f45-af57562f71ea,27/08/2015,Aug-15,8,2015,STEENBRAS UPPER,Major Dam,31767,24.89,31477,99.09
03c66fbf-b7d8-4251-9d09-f3282005ebc5,28/08/2015,Aug-15,8,2015,STEENBRAS UPPER,Major Dam,31767,24.83,31320,98.59
dbc85c79-0ff0-452d-a8ba-618aaea3455d,29/08/2015,Aug-15,8,2015,STEENBRAS UPPER,Major Dam,31767,24.79,31216,98.27
b9be5148-31f1-4473-b821-1ae73162d89a,30/08/2015,Aug-15,8,2015,STEENBRAS UPPER,Major Dam,31767,24.8,31242,98.35
d5be2dc0-e482-48d5-9b80-4146bdb2b434,31/08/2015,Aug-15,8,2015,STEENBRAS UPPER,Major Dam,31767,24.84,31346,98.67
7557bb9d-d3da-42df-b969-817210cf300e,01/09/2015,Sep-15,9,2015,STEENBRAS UPPER,Major Dam,31767,24.82,31294,98.51
a5ad9aea-9833-4b4e-9420-d21b23cea41a,02/09/2015,Sep-15,9,2015,STEENBRAS UPPER,Major Dam,31767,24.69,30956,97.45
cabf1fa8-09b9-4218-b6c3-e1b9590bb210,03/09/2015,Sep-15,9,2015,STEENBRAS UPPER,Major Dam,31767,24.7,30982,97.53
6bb4c381-6410-457b-b2ad-11a2cb5b9098,04/09/2015,Sep-15,9,2015,STEENBRAS UPPER,Major Dam,31767,24.61,30748,96.79
ca28eff7-1d82-497b-9504-57e85c612c36,05/09/2015,Sep-15,9,2015,STEENBRAS UPPER,Major Dam,31767,24.59,30697,96.63
de793cfe-c661-4cbe-b4a7-41f490a42c84,06/09/2015,Sep-15,9,2015,STEENBRAS UPPER,Major Dam,31767,24.61,30748,96.79
459f6a2d-f845-49ae-80c5-f2936b21284c,07/09/2015,Sep-15,9,2015,STEENBRAS UPPER,Major Dam,31767,24.62,30774,96.87
cac0e458-0059-4fce-8f7f-ff22bc14cc4d,08/09/2015,Sep-15,9,2015,STEENBRAS UPPER,Major Dam,31767,24.67,30904,97.28
1ddf939c-8a5a-472f-bfc5-5042a68357f6,09/09/2015,Sep-15,9,2015,STEENBRAS UPPER,Major Dam,31767,24.53,30541,96.14
bd06ddb1-e7ab-41fe-b0d2-5d95a6ad2de9,10/09/2015,Sep-15,9,2015,STEENBRAS UPPER,Major Dam,31767,24.5,30465,95.9
813696ef-f929-46c4-977d-9653393b905d,11/09/2015,Sep-15,9,2015,STEENBRAS UPPER,Major Dam,31767,24.37,30130,94.85
1ce0464d-aba4-415f-8cc1-ecf348ed9d69,12/09/2015,Sep-15,9,2015,STEENBRAS UPPER,Major Dam,31767,24.29,29927,94.21
c6461c1c-28b3-463b-b456-7dac235a6881,13/09/2015,Sep-15,9,2015,STEENBRAS UPPER,Major Dam,31767,24.3,29953,94.29
214e6345-af2e-44b0-bc96-03b9ffd7b95a,14/09/2015,Sep-15,9,2015,STEENBRAS UPPER,Major Dam,31767,24.47,30387,95.66
27081ec2-d00b-4635-bf90-f3e0df34b18a,15/09/2015,Sep-15,9,2015,STEENBRAS UPPER,Major Dam,31767,24.53,30541,96.14
dbaf1e81-eba8-4369-8500-f3280e0bf879,16/09/2015,Sep-15,9,2015,STEENBRAS UPPER,Major Dam,31767,24.51,30490,95.98
887a4eae-0973-4a0c-9d0a-32a1b05344d2,17/09/2015,Sep-15,9,2015,STEENBRAS UPPER,Major Dam,31767,24.59,30697,96.63
50dd6448-7551-459d-8cbf-9fa5406336ec,18/09/2015,Sep-15,9,2015,STEENBRAS UPPER,Major Dam,31767,24.5,30465,95.9
f8a67d9f-a1a4-42c2-bac6-ae6786b1b6ba,19/09/2015,Sep-15,9,2015,STEENBRAS UPPER,Major Dam,31767,24.43,30283,95.33
d2be1369-16cd-44ae-8a83-c092961ddca6,20/09/2015,Sep-15,9,2015,STEENBRAS UPPER,Major Dam,31767,24.42,30258,95.25
9576969b-6cf0-4e20-9892-b3dcf70f743f,21/09/2015,Sep-15,9,2015,STEENBRAS UPPER,Major Dam,31767,24.43,30283,95.33
3ac17b02-4b62-4d05-ad35-27126db98138,22/09/2015,Sep-15,9,2015,STEENBRAS UPPER,Major Dam,31767,24.38,30156,94.93
ba3d1a4b-7ce3-41fb-b48e-537e3414bb21,23/09/2015,Sep-15,9,2015,STEENBRAS UPPER,Major Dam,31767,24.34,30053,94.6
ccac8d66-04f6-42cc-ba87-353285f4b102,24/09/2015,Sep-15,9,2015,STEENBRAS UPPER,Major Dam,31767,24.33,30028,94.53
21d3252b-fba3-4800-bb42-f9f4bc967107,25/09/2015,Sep-15,9,2015,STEENBRAS UPPER,Major Dam,31767,24.33,30028,94.53
00cda31a-b5cb-481d-9153-88b9a90e3986,26/09/2015,Sep-15,9,2015,STEENBRAS UPPER,Major Dam,31767,24.34,30053,94.6
7e063f92-d696-4cc5-8245-76cd805147c5,27/09/2015,Sep-15,9,2015,STEENBRAS UPPER,Major Dam,31767,24.36,30104,94.77
a7519cbf-ef74-451f-aace-355834f27962,28/09/2015,Sep-15,9,2015,STEENBRAS UPPER,Major Dam,31767,24.37,30130,94.85
b7fafc1f-c38d-446f-a341-349dd9a11c64,29/09/2015,Sep-15,9,2015,STEENBRAS UPPER,Major Dam,31767,24.31,29978,94.37
4e5cf0f0-60d1-4ecf-badb-e9529a8b4c52,30/09/2015,Sep-15,9,2015,STEENBRAS UPPER,Major Dam,31767,24.14,29545,93.01
64832339-12b2-42f4-8abd-3335459d3f50,01/10/2015,Oct-15,10,2015,STEENBRAS UPPER,Major Dam,31767,24.01,29217,91.97
c69aacb9-803c-4994-a83e-7bd9197f8d4b,02/10/2015,Oct-15,10,2015,STEENBRAS UPPER,Major Dam,31767,23.95,29066,91.5
9bd703d0-17ca-4a6b-9361-449ba0fd0a4e,03/10/2015,Oct-15,10,2015,STEENBRAS UPPER,Major Dam,31767,24.06,29342,92.37
89d65eac-afb4-4360-8c59-efe856e547d1,04/10/2015,Oct-15,10,2015,STEENBRAS UPPER,Major Dam,31767,24.07,29367,92.44
a4abfe0b-01e6-4b63-99e6-37d4eed3ff8f,05/10/2015,Oct-15,10,2015,STEENBRAS UPPER,Major Dam,31767,24.07,29367,92.44
ad5fbf70-287f-4217-9df0-fcf046120267,06/10/2015,Oct-15,10,2015,STEENBRAS UPPER,Major Dam,31767,24.05,29317,92.29
107711cf-de00-4e04-a952-cc66eba9ca03,07/10/2015,Oct-15,10,2015,STEENBRAS UPPER,Major Dam,31767,24,29192,91.89
8fa5afde-b0b1-45fc-a381-6ca5e339d7a2,08/10/2015,Oct-15,10,2015,STEENBRAS UPPER,Major Dam,31767,24.01,29217,91.97
6ffc4cb9-627d-4e63-b8ad-19ef2f2f679a,09/10/2015,Oct-15,10,2015,STEENBRAS UPPER,Major Dam,31767,23.98,29141,91.73
930dc10b-bf04-4c88-b938-116ee00c1cbb,10/10/2015,Oct-15,10,2015,STEENBRAS UPPER,Major Dam,31767,23.94,29041,91.42
2a2c1504-a79b-4213-9ed6-f2150f5efcf0,11/10/2015,Oct-15,10,2015,STEENBRAS UPPER,Major Dam,31767,23.95,29066,91.5
7b4fe13e-1bae-4efd-a7c4-ae74f3615469,12/10/2015,Oct-15,10,2015,STEENBRAS UPPER,Major Dam,31767,23.96,29091,91.58
be89843a-1347-43db-8998-2a82fa2a8587,13/10/2015,Oct-15,10,2015,STEENBRAS UPPER,Major Dam,31767,24.08,29393,92.53
21ddf59b-5132-44e4-b225-025887a1d193,14/10/2015,Oct-15,10,2015,STEENBRAS UPPER,Major Dam,31767,24.2,29698,93.49
0862d873-84af-4a4e-8a7f-b19002d77df3,15/10/2015,Oct-15,10,2015,STEENBRAS UPPER,Major Dam,31767,24.35,30078,94.68
44040a83-dc37-4279-b419-531e30799f12,16/10/2015,Oct-15,10,2015,STEENBRAS UPPER,Major Dam,31767,24.54,30567,96.22
49ae9e0c-4038-4a7f-b980-9ba24dd5f6e4,17/10/2015,Oct-15,10,2015,STEENBRAS UPPER,Major Dam,31767,24.74,31086,97.86
79457306-8672-44ae-bec3-a85c75b93fbe,18/10/2015,Oct-15,10,2015,STEENBRAS UPPER,Major Dam,31767,24.96,31660,99.66
797b37d7-f452-4263-9e83-9fcf9bac1a2a,19/10/2015,Oct-15,10,2015,STEENBRAS UPPER,Major Dam,31767,24.97,31686,99.75
936f356e-ba37-4cb4-a44e-059f1be43959,20/10/2015,Oct-15,10,2015,STEENBRAS UPPER,Major Dam,31767,24.96,31660,99.66
07c121b3-5292-4464-a1ec-6e77b5610a17,21/10/2015,Oct-15,10,2015,STEENBRAS UPPER,Major Dam,31767,24.92,31556,99.34
0778b075-9866-4343-b235-005516146ca5,22/10/2015,Oct-15,10,2015,STEENBRAS UPPER,Major Dam,31767,24.91,31530,99.25
aeee56cd-1987-459b-9da3-6a5b838d59ef,23/10/2015,Oct-15,10,2015,STEENBRAS UPPER,Major Dam,31767,24.86,31398,98.84
53622a37-4c22-4a0f-aa7f-2c50ae9b5536,24/10/2015,Oct-15,10,2015,STEENBRAS UPPER,Major Dam,31767,24.62,30774,96.87
f664c5ab-443f-4bb0-b3ba-e4eab9309bf6,25/10/2015,Oct-15,10,2015,STEENBRAS UPPER,Major Dam,31767,24.62,30774,96.87
d741a0f1-ddd7-404e-a079-4f2dbf1d6830,26/10/2015,Oct-15,10,2015,STEENBRAS UPPER,Major Dam,31767,24.62,30774,96.87
daf30869-ad27-44b8-a949-877b15144908,27/10/2015,Oct-15,10,2015,STEENBRAS UPPER,Major Dam,31767,24.53,30541,96.14
404d73f2-128e-42c1-a8a3-b9d6f1b49d00,28/10/2015,Oct-15,10,2015,STEENBRAS UPPER,Major Dam,31767,24.46,30361,95.57
33b700cf-c8bf-4c4e-8592-ea2b5868450a,29/10/2015,Oct-15,10,2015,STEENBRAS UPPER,Major Dam,31767,24.26,29849,93.96
1b38cfe1-be17-4ff8-8a9a-9719a8109753,30/10/2015,Oct-15,10,2015,STEENBRAS UPPER,Major Dam,31767,24.15,29570,93.08
47c24c33-4fe9-4492-8f06-7a06f3ccfc7a,31/10/2015,Oct-15,10,2015,STEENBRAS UPPER,Major Dam,31767,24.08,29393,92.53
7e698893-8e01-4943-b21e-9abeff86b328,01/11/2015,Nov-15,11,2015,STEENBRAS UPPER,Major Dam,31767,24.09,29419,92.61
0057d805-fd38-4c76-bbb2-139254dc901b,02/11/2015,Nov-15,11,2015,STEENBRAS UPPER,Major Dam,31767,23.97,29116,91.65
b76b0c9b-b623-428a-ad4f-273f73d16114,03/11/2015,Nov-15,11,2015,STEENBRAS UPPER,Major Dam,31767,23.87,28866,90.87
b21a97eb-9508-4541-a526-0d6bf11fce85,04/11/2015,Nov-15,11,2015,STEENBRAS UPPER,Major Dam,31767,23.64,28292,89.06
f4145ca7-56cf-4ca7-aac8-0dee66a19f80,05/11/2015,Nov-15,11,2015,STEENBRAS UPPER,Major Dam,31767,23.54,28044,88.28
4b0dd835-a5f7-4eb2-954b-961652e13bad,06/11/2015,Nov-15,11,2015,STEENBRAS UPPER,Major Dam,31767,23.51,27971,88.05
f00a4440-dc96-47f6-a249-7af44661dbd6,07/11/2015,Nov-15,11,2015,STEENBRAS UPPER,Major Dam,31767,23.42,27750,87.35
3f175f15-4c15-442f-8f4a-efea7af4f43e,08/11/2015,Nov-15,11,2015,STEENBRAS UPPER,Major Dam,31767,23.42,27750,87.35
a3059f83-e43c-435e-8535-22ada8c2ac13,09/11/2015,Nov-15,11,2015,STEENBRAS UPPER,Major Dam,31767,23.42,27750,87.35
ae948fc4-548f-4895-905a-446ed229dad0,10/11/2015,Nov-15,11,2015,STEENBRAS UPPER,Major Dam,31767,23.35,27577,86.81
91f794ad-efc6-48fb-bc70-01703f755d29,11/11/2015,Nov-15,11,2015,STEENBRAS UPPER,Major Dam,31767,23.25,27334,86.05
71a3db27-4f6c-49f5-ad8c-8837ed47c35f,12/11/2015,Nov-15,11,2015,STEENBRAS UPPER,Major Dam,31767,23.19,27189,85.59
37f9e3ee-e073-426e-8124-46e8caa3bd16,13/11/2015,Nov-15,11,2015,STEENBRAS UPPER,Major Dam,31767,23.1,26972,84.91
708b26f2-3cc0-400c-a254-6fe33f74d8c5,14/11/2015,Nov-15,11,2015,STEENBRAS UPPER,Major Dam,31767,23.02,26778,84.3
fe28cd2e-060c-4735-968a-a6fd0550fa71,15/11/2015,Nov-15,11,2015,STEENBRAS UPPER,Major Dam,31767,23.02,26778,84.3
c2e13342-6af4-4185-a3cc-4956c406f8d2,16/11/2015,Nov-15,11,2015,STEENBRAS UPPER,Major Dam,31767,23.19,27189,85.59
93c72403-2f98-4d5f-b4fa-ec5fc5b001a7,17/11/2015,Nov-15,11,2015,STEENBRAS UPPER,Major Dam,31767,23.16,27116,85.36
61d46728-2221-42f1-97f2-18e624cba04d,18/11/2015,Nov-15,11,2015,STEENBRAS UPPER,Major Dam,31767,23.23,27286,85.89
f07ecafe-9449-4c0a-ad0d-0d16ca4cfd81,19/11/2015,Nov-15,11,2015,STEENBRAS UPPER,Major Dam,31767,23.2,27214,85.67
34836278-aa5c-4e5d-a494-1f85f79a19f1,20/11/2015,Nov-15,11,2015,STEENBRAS UPPER,Major Dam,31767,23.13,27044,85.13
116b49a7-305a-4d92-b1ce-f07288fad3f7,21/11/2015,Nov-15,11,2015,STEENBRAS UPPER,Major Dam,31767,23.09,26947,84.83
f1a9cc5d-f896-4211-81ee-4ba239f4db5b,22/11/2015,Nov-15,11,2015,STEENBRAS UPPER,Major Dam,31767,23.1,26972,84.91
92c5c9b6-276f-48c8-8420-650474b22b39,23/11/2015,Nov-15,11,2015,STEENBRAS UPPER,Major Dam,31767,23.11,26996,84.98
24f5720b-503f-428b-8109-15f639b96ec4,24/11/2015,Nov-15,11,2015,STEENBRAS UPPER,Major Dam,31767,23.04,26826,84.45
8725e278-a569-4592-b217-40cb5427eb74,25/11/2015,Nov-15,11,2015,STEENBRAS UPPER,Major Dam,31767,22.81,26275,82.71
ebba1a19-bf28-444e-8e7d-6789a657811e,26/11/2015,Nov-15,11,2015,STEENBRAS UPPER,Major Dam,31767,22.83,26322,82.86
b397c127-7ba7-40fd-a4a5-bca456826600,27/11/2015,Nov-15,11,2015,STEENBRAS UPPER,Major Dam,31767,22.75,26132,82.26
6a4ad6dd-525f-44cc-8396-fce1f950850e,28/11/2015,Nov-15,11,2015,STEENBRAS UPPER,Major Dam,31767,22.66,25918,81.59
e0c0d309-b42a-4a13-97c6-7635c3a46ba2,29/11/2015,Nov-15,11,2015,STEENBRAS UPPER,Major Dam,31767,22.66,25918,81.59
14f108bf-a101-442d-a285-1892030d7bbb,30/11/2015,Nov-15,11,2015,STEENBRAS UPPER,Major Dam,31767,22.65,25894,81.51
24dce275-126d-4089-bc97-bcb81835cc56,01/12/2015,Dec-15,12,2015,STEENBRAS UPPER,Major Dam,31767,22.75,26132,82.26
35a20928-536a-4a0a-b49e-51a6e8cc17e8,02/12/2015,Dec-15,12,2015,STEENBRAS UPPER,Major Dam,31767,22.74,26108,82.19
94b50b52-254d-46d1-a756-0c61ef280dfe,03/12/2015,Dec-15,12,2015,STEENBRAS UPPER,Major Dam,31767,22.62,25823,81.29
c805ef75-212b-434a-8f33-ef68509b5adf,04/12/2015,Dec-15,12,2015,STEENBRAS UPPER,Major Dam,31767,22.54,25634,80.69
2f919787-af34-48f1-8701-906f5c8f20f5,05/12/2015,Dec-15,12,2015,STEENBRAS UPPER,Major Dam,31767,22.21,24865,78.27
bce726d2-ad92-4cfc-9feb-2065f69f8ede,06/12/2015,Dec-15,12,2015,STEENBRAS UPPER,Major Dam,31767,22.55,25657,80.77
cd5110fb-b2de-40b4-a015-51722e7906f0,07/12/2015,Dec-15,12,2015,STEENBRAS UPPER,Major Dam,31767,22.55,25657,80.77
8039d78e-c6d6-499a-b3fc-bb2e13de60da,08/12/2015,Dec-15,12,2015,STEENBRAS UPPER,Major Dam,31767,22.39,25283,79.59
73476c45-c520-48f8-9f8b-f9c082cb49a1,09/12/2015,Dec-15,12,2015,STEENBRAS UPPER,Major Dam,31767,22.22,24888,78.35
2594b899-8544-4637-a60e-ce5c095aebea,10/12/2015,Dec-15,12,2015,STEENBRAS UPPER,Major Dam,31767,22.22,24888,78.35
8dbfaf99-1f74-49e4-a9ed-faf9913c97b6,11/12/2015,Dec-15,12,2015,STEENBRAS UPPER,Major Dam,31767,22.2,24842,78.2
db70f062-4e7a-4a82-9104-a974040bbc13,12/12/2015,Dec-15,12,2015,STEENBRAS UPPER,Major Dam,31767,22.13,24680,77.69
66f9a3da-b31c-4017-999e-49dc6792695a,13/12/2015,Dec-15,12,2015,STEENBRAS UPPER,Major Dam,31767,22.13,24680,77.69
26e17121-b310-4e2c-982d-2c34dffb5d4f,14/12/2015,Dec-15,12,2015,STEENBRAS UPPER,Major Dam,31767,22.31,25097,79
e97399e9-43c2-4af9-8502-95a738b23ebe,15/12/2015,Dec-15,12,2015,STEENBRAS UPPER,Major Dam,31767,22.12,24657,77.62
f823cd92-b7a0-493a-9c77-5fa258922dba,16/12/2015,Dec-15,12,2015,STEENBRAS UPPER,Major Dam,31767,21.99,24358,76.68
0bc3330b-1c90-4698-a572-4e35c2a3c1cd,17/12/2015,Dec-15,12,2015,STEENBRAS UPPER,Major Dam,31767,21.99,24358,76.68
e2178e0a-cfdd-4126-a3b4-e08547cedca4,18/12/2015,Dec-15,12,2015,STEENBRAS UPPER,Major Dam,31767,22.67,25942,81.66
2e170dcc-e106-4c25-8ebe-efd788dd9365,19/12/2015,Dec-15,12,2015,STEENBRAS UPPER,Major Dam,31767,22.15,24725,77.83
5944b091-a9d6-4c7d-bd2d-7d7b98e38a7f,20/12/2015,Dec-15,12,2015,STEENBRAS UPPER,Major Dam,31767,22.14,24703,77.76
649ae140-5ebe-46d3-81b0-c6286d3449a3,21/12/2015,Dec-15,12,2015,STEENBRAS UPPER,Major Dam,31767,22.13,24680,77.69
d265960e-5ecb-4c32-844d-23a839e54331,22/12/2015,Dec-15,12,2015,STEENBRAS UPPER,Major Dam,31767,22.14,24703,77.76
b4d60b73-b33b-41ef-8d70-f9a8997d25aa,23/12/2015,Dec-15,12,2015,STEENBRAS UPPER,Major Dam,31767,22.13,24680,77.69
39c53582-1ff3-451f-ae92-331304c796fa,24/12/2015,Dec-15,12,2015,STEENBRAS UPPER,Major Dam,31767,22.13,24680,77.69
d57ee87b-f87e-40a2-9ee7-e58c4abb3fb5,25/12/2015,Dec-15,12,2015,STEENBRAS UPPER,Major Dam,31767,22.13,24680,77.69
013930e0-5886-4c8f-87f0-055a29e46cbd,26/12/2015,Dec-15,12,2015,STEENBRAS UPPER,Major Dam,31767,22.12,24657,77.62
2c3cf40b-63c2-4d46-84db-eb47ab579a01,27/12/2015,Dec-15,12,2015,STEENBRAS UPPER,Major Dam,31767,22.12,24657,77.62
42e81b30-68ba-441e-abb4-ced4222eea03,28/12/2015,Dec-15,12,2015,STEENBRAS UPPER,Major Dam,31767,22.11,24634,77.55
76d296c5-3c34-4a1a-a1fe-bf789d68e719,29/12/2015,Dec-15,12,2015,STEENBRAS UPPER,Major Dam,31767,22.11,24634,77.55
8e8c17c9-cfe5-4944-b270-83269858d89b,30/12/2015,Dec-15,12,2015,STEENBRAS UPPER,Major Dam,31767,22.1,24611,77.47
1054db88-53f8-444e-bf26-35a664202948,31/12/2015,Dec-15,12,2015,STEENBRAS UPPER,Major Dam,31767,22.1,24611,77.47
7fddc7af-20d3-440d-815e-0629bb3cf28b,01/01/2016,Jan-16,1,2016,STEENBRAS UPPER,Major Dam,31767,22.09,24588,77.4
d40cd47c-b2b7-4c58-af6f-27558799ab38,02/01/2016,Jan-16,1,2016,STEENBRAS UPPER,Major Dam,31767,22.09,24588,77.4
ea0e5958-a455-4c9c-84c9-cddbe245fbdb,03/01/2016,Jan-16,1,2016,STEENBRAS UPPER,Major Dam,31767,22.08,24565,77.33
430a072d-e4e6-4792-91f9-f8f39d7c1218,04/01/2016,Jan-16,1,2016,STEENBRAS UPPER,Major Dam,31767,22.07,24542,77.26
d06248a9-6ad9-4a4d-b2ce-44b0f4114a6d,05/01/2016,Jan-16,1,2016,STEENBRAS UPPER,Major Dam,31767,22.07,24542,77.26
8654e7ee-ae34-4ed4-83b6-76fe300e2517,06/01/2016,Jan-16,1,2016,STEENBRAS UPPER,Major Dam,31767,22.06,24519,77.18
38931388-c81a-45d5-bf18-2af584b630ec,07/01/2016,Jan-16,1,2016,STEENBRAS UPPER,Major Dam,31767,22.06,24519,77.18
083eff49-e579-4618-ad3a-92684ed49fca,08/01/2016,Jan-16,1,2016,STEENBRAS UPPER,Major Dam,31767,22.05,24496,77.11
373e42a9-67c0-4fc6-bca8-0541d3000e85,09/01/2016,Jan-16,1,2016,STEENBRAS UPPER,Major Dam,31767,22.03,24450,76.97
af294d2a-4d6d-4264-8bac-2214ff87b827,10/01/2016,Jan-16,1,2016,STEENBRAS UPPER,Major Dam,31767,22.02,24427,76.89
fdff341b-6f12-4353-9b51-34b22db05445,11/01/2016,Jan-16,1,2016,STEENBRAS UPPER,Major Dam,31767,22.02,24427,76.89
0d6cee80-eb19-4b83-9f8b-c8c0aa0b0897,12/01/2016,Jan-16,1,2016,STEENBRAS UPPER,Major Dam,31767,22.22,24888,78.35
dd0fa2be-def6-451f-b1e9-c143b55ecd00,13/01/2016,Jan-16,1,2016,STEENBRAS UPPER,Major Dam,31767,22.1,24611,77.47
a67b2f5e-59b3-4aac-ba72-6e88715e89b6,14/01/2016,Jan-16,1,2016,STEENBRAS UPPER,Major Dam,31767,22.24,24934,78.49
683d6d3b-9510-4110-9a17-564519e1d86f,15/01/2016,Jan-16,1,2016,STEENBRAS UPPER,Major Dam,31767,22.19,24818,78.13
cd0d8bba-90d6-4bdf-8c7b-699f45952a28,16/01/2016,Jan-16,1,2016,STEENBRAS UPPER,Major Dam,31767,22.04,24473,77.04
55956c4a-6aea-49a9-bd0b-56565b05abb6,17/01/2016,Jan-16,1,2016,STEENBRAS UPPER,Major Dam,31767,22.03,24450,76.97
03993b7d-023c-4c3e-bfc3-a36984cbedd2,18/01/2016,Jan-16,1,2016,STEENBRAS UPPER,Major Dam,31767,22.17,24772,77.98
96e8a3e8-526c-4662-9a37-7eb3439665c1,19/01/2016,Jan-16,1,2016,STEENBRAS UPPER,Major Dam,31767,22.14,24703,77.76
b5b5725b-1c93-40d0-bbc6-4a8b36f816d0,20/01/2016,Jan-16,1,2016,STEENBRAS UPPER,Major Dam,31767,22.05,24496,77.11
f60294df-454e-4fc2-b7ee-30bb755885f2,21/01/2016,Jan-16,1,2016,STEENBRAS UPPER,Major Dam,31767,21.92,24197,76.17
42b5be7f-ec01-4474-b7ab-50fbc9eddd1f,22/01/2016,Jan-16,1,2016,STEENBRAS UPPER,Major Dam,31767,21.91,24174,76.1
abbda31c-5126-425e-9d19-98b9c66ed5f2,23/01/2016,Jan-16,1,2016,STEENBRAS UPPER,Major Dam,31767,21.9,24152,76.03
f2d85ea3-8755-423e-be54-af7bb3b58984,24/01/2016,Jan-16,1,2016,STEENBRAS UPPER,Major Dam,31767,21.89,24129,75.96
dc6a3d84-5caf-4742-86f8-33c95505a1b1,25/01/2016,Jan-16,1,2016,STEENBRAS UPPER,Major Dam,31767,22.09,24588,77.4
8363ca68-2124-4c8b-bd22-ed7523226225,26/01/2016,Jan-16,1,2016,STEENBRAS UPPER,Major Dam,31767,22.09,24588,77.4
ba0af32a-bd4a-4007-a230-f55708fd7552,27/01/2016,Jan-16,1,2016,STEENBRAS UPPER,Major Dam,31767,22.08,24565,77.33
d677dcc3-7192-4489-a8e0-ebcd20c65f76,28/01/2016,Jan-16,1,2016,STEENBRAS UPPER,Major Dam,31767,22.08,24565,77.33
3603aaa0-8bce-4676-98c7-8c298dece3c0,29/01/2016,Jan-16,1,2016,STEENBRAS UPPER,Major Dam,31767,22.02,24427,76.89
4cecd359-97ba-4d6b-a6f7-75403d076be5,30/01/2016,Jan-16,1,2016,STEENBRAS UPPER,Major Dam,31767,21.95,24266,76.39
0d86e833-3a59-4d4f-ba14-9370c24ebc84,31/01/2016,Jan-16,1,2016,STEENBRAS UPPER,Major Dam,31767,21.95,24266,76.39
f528c9d4-1cd4-496d-a5d7-002eb5137076,01/02/2016,Feb-16,2,2016,STEENBRAS UPPER,Major Dam,31767,21.91,24174,76.1
7d4da63b-6721-437c-915f-d1095d4d650e,02/02/2016,Feb-16,2,2016,STEENBRAS UPPER,Major Dam,31767,22.07,24542,77.26
a301fefe-6a1f-4eed-80ce-076e2a7d683c,03/02/2016,Feb-16,2,2016,STEENBRAS UPPER,Major Dam,31767,22.06,24519,77.18
a0305d99-2ee2-4b47-87fc-e978eca0a60e,04/02/2016,Feb-16,2,2016,STEENBRAS UPPER,Major Dam,31767,22,24381,76.75
63db9b47-cf08-40fa-8c4c-2048c684f8b2,05/02/2016,Feb-16,2,2016,STEENBRAS UPPER,Major Dam,31767,21.84,24014,75.59
5cbffa1c-1ae3-4dd7-a0a7-25fac6363186,06/02/2016,Feb-16,2,2016,STEENBRAS UPPER,Major Dam,31767,21.88,24106,75.88
5dba7323-33f0-42a9-9dbc-b8772b76b9d6,07/02/2016,Feb-16,2,2016,STEENBRAS UPPER,Major Dam,31767,21.88,24106,75.88
37e1c577-48c0-4635-8ad2-d0bc5d22bd0c,08/02/2016,Feb-16,2,2016,STEENBRAS UPPER,Major Dam,31767,22.07,24542,77.26
369c1dd5-9df2-435a-b8d2-12c89ae20d87,09/02/2016,Feb-16,2,2016,STEENBRAS UPPER,Major Dam,31767,22.08,24565,77.33
80a072ea-316f-4d38-bd61-2d95b751ea5c,10/02/2016,Feb-16,2,2016,STEENBRAS UPPER,Major Dam,31767,22,24381,76.75
f63864e3-f9a6-4892-8bc3-3c658e871322,11/02/2016,Feb-16,2,2016,STEENBRAS UPPER,Major Dam,31767,21.98,24335,76.6
12f001d0-f191-4054-bca6-72630f5be4d5,12/02/2016,Feb-16,2,2016,STEENBRAS UPPER,Major Dam,31767,21.82,23968,75.45
180caa53-4f95-4c3f-8bbb-c84e81adb848,13/02/2016,Feb-16,2,2016,STEENBRAS UPPER,Major Dam,31767,21.7,23697,74.6
1886c5ea-ea6b-40d5-9001-f609501da3f0,14/02/2016,Feb-16,2,2016,STEENBRAS UPPER,Major Dam,31767,21.69,23674,74.52
f6e1ef99-0d2a-4f9f-8943-54c20b74aef0,15/02/2016,Feb-16,2,2016,STEENBRAS UPPER,Major Dam,31767,21.9,24152,76.03
ffdfd42e-1ddb-47e1-8b79-fa60c297f12e,16/02/2016,Feb-16,2,2016,STEENBRAS UPPER,Major Dam,31767,21.82,23968,75.45
3cc7ba6d-e320-489d-9d14-d097f09b14b2,17/02/2016,Feb-16,2,2016,STEENBRAS UPPER,Major Dam,31767,21.7,23697,74.6
85ff2dc2-ac1d-45c5-b094-b5191aa94d74,18/02/2016,Feb-16,2,2016,STEENBRAS UPPER,Major Dam,31767,21.6,23472,73.89
ba793478-b935-4071-a373-2848f4f7db7f,19/02/2016,Feb-16,2,2016,STEENBRAS UPPER,Major Dam,31767,21.52,23292,73.32
ba156396-b73f-48c6-87ce-0cbde7b2a3f2,20/02/2016,Feb-16,2,2016,STEENBRAS UPPER,Major Dam,31767,21.34,22890,72.06
9a4ab4cc-9a86-4d8b-beaf-1bcfc58d07bf,21/02/2016,Feb-16,2,2016,STEENBRAS UPPER,Major Dam,31767,21.22,22625,71.22
15bb6e16-223c-4e35-9799-7840bae97c44,22/02/2016,Feb-16,2,2016,STEENBRAS UPPER,Major Dam,31767,21.1,22361,70.39
42440bfb-b0c1-4ef0-bc45-8ade50ed4be9,23/02/2016,Feb-16,2,2016,STEENBRAS UPPER,Major Dam,31767,20.98,22098,69.56
a6fec03d-dff8-4ec5-84f8-472854ef11d1,24/02/2016,Feb-16,2,2016,STEENBRAS UPPER,Major Dam,31767,20.85,21815,68.67
e9d9cb40-f395-410e-b5e8-a614dab24fd0,25/02/2016,Feb-16,2,2016,STEENBRAS UPPER,Major Dam,31767,20.73,21556,67.86
33801e4d-071d-4ca2-9c15-32c427134301,26/02/2016,Feb-16,2,2016,STEENBRAS UPPER,Major Dam,31767,20.61,21295,67.03
6f3f7cfb-bc09-49e7-a77f-be875f246f05,27/02/2016,Feb-16,2,2016,STEENBRAS UPPER,Major Dam,31767,20.48,21021,66.17
aa3543af-d5bf-41b8-85c6-33e8c1612484,28/02/2016,Feb-16,2,2016,STEENBRAS UPPER,Major Dam,31767,20.35,20747,65.31
bc71966f-e4f6-486a-aea0-47c7614564f6,29/02/2016,Feb-16,2,2016,STEENBRAS UPPER,Major Dam,31767,20.22,20474,64.45
af99effc-ea4b-4fa4-862c-8b0ac87d409e,01/03/2016,Mar-16,3,2016,STEENBRAS UPPER,Major Dam,31767,20.1,20223,63.66
eef9e48f-8ee3-480a-872f-05a134c30f8f,02/03/2016,Mar-16,3,2016,STEENBRAS UPPER,Major Dam,31767,19.97,19955,62.82
817c2e5c-9ec9-44c2-ad30-29c61f071779,03/03/2016,Mar-16,3,2016,STEENBRAS UPPER,Major Dam,31767,19.66,19358,60.94
1cacd0ac-f648-47f3-9ea2-45b3eb3d03e3,04/03/2016,Mar-16,3,2016,STEENBRAS UPPER,Major Dam,31767,19.76,19549,61.54
7956090e-aae1-4af3-b77f-7d0e12415607,05/03/2016,Mar-16,3,2016,STEENBRAS UPPER,Major Dam,31767,19.37,18807,59.2
8f847720-8371-4d04-a91d-df0498cee22e,06/03/2016,Mar-16,3,2016,STEENBRAS UPPER,Major Dam,31767,19.24,18561,58.43
335213df-e0ea-431a-be34-3253adca9ddc,07/03/2016,Mar-16,3,2016,STEENBRAS UPPER,Major Dam,31767,19.52,19092,60.1
362f9cae-5197-4d86-8d27-880cd1eba4ce,08/03/2016,Mar-16,3,2016,STEENBRAS UPPER,Major Dam,31767,19.48,19016,59.86
f5d1b6c3-09d5-45d8-ae1f-280a0604beee,09/03/2016,Mar-16,3,2016,STEENBRAS UPPER,Major Dam,31767,19.45,18959,59.68
49e0ca21-a1ef-42eb-a679-7b243e2360e7,10/03/2016,Mar-16,3,2016,STEENBRAS UPPER,Major Dam,31767,19.43,18921,59.56
31899e68-0073-4ba9-8f20-d45031ba60b0,11/03/2016,Mar-16,3,2016,STEENBRAS UPPER,Major Dam,31767,19.42,18902,59.5
57942cac-2e8a-4d07-a806-f7226a807bbb,12/03/2016,Mar-16,3,2016,STEENBRAS UPPER,Major Dam,31767,19.32,18712,58.9
e6a2615c-01e5-47fd-8455-6010751d52a5,13/03/2016,Mar-16,3,2016,STEENBRAS UPPER,Major Dam,31767,19.32,18712,58.9
5f3aae80-d6e0-42fd-85e8-2a6e7ad6a64a,14/03/2016,Mar-16,3,2016,STEENBRAS UPPER,Major Dam,31767,19.31,18693,58.84
3f317484-7f34-4ef1-9565-2e364412e14f,15/03/2016,Mar-16,3,2016,STEENBRAS UPPER,Major Dam,31767,19.29,18656,58.73
9fb5f20b-4e99-441a-9958-3b3577a6bb3a,16/03/2016,Mar-16,3,2016,STEENBRAS UPPER,Major Dam,31767,19.26,18599,58.55
9ea3f23f-60bc-4a48-a2ed-9620463cea99,17/03/2016,Mar-16,3,2016,STEENBRAS UPPER,Major Dam,31767,19.38,18826,59.26
917bab09-f0e3-4242-8c2f-a4285320eb29,18/03/2016,Mar-16,3,2016,STEENBRAS UPPER,Major Dam,31767,19.23,18542,58.37
1b420c74-0d5b-424d-afc9-c47bc0e3b618,19/03/2016,Mar-16,3,2016,STEENBRAS UPPER,Major Dam,31767,19.25,18580,58.49
01981513-60d7-40b4-9e4d-918a9666383e,20/03/2016,Mar-16,3,2016,STEENBRAS UPPER,Major Dam,31767,19.25,18580,58.49
ab8f1200-a8af-4d81-b6a8-25f8c3886ecb,21/03/2016,Mar-16,3,2016,STEENBRAS UPPER,Major Dam,31767,19.25,18580,58.49
3d2155bd-0b46-40d2-9d34-27cea04ca392,22/03/2016,Mar-16,3,2016,STEENBRAS UPPER,Major Dam,31767,19.24,18561,58.43
13d479f1-e5c2-4a51-bf34-5f1a1cbf6d38,23/03/2016,Mar-16,3,2016,STEENBRAS UPPER,Major Dam,31767,19.24,18561,58.43
bba85ff0-6c64-43c6-8dea-d5fc1cb7be9a,24/03/2016,Mar-16,3,2016,STEENBRAS UPPER,Major Dam,31767,19.24,18561,58.43
4db246bc-154d-4f16-9338-5328c9f628e7,25/03/2016,Mar-16,3,2016,STEENBRAS UPPER,Major Dam,31767,19.23,18542,58.37
c8638b55-8886-455a-a3a3-6d4669d1278e,26/03/2016,Mar-16,3,2016,STEENBRAS UPPER,Major Dam,31767,19.23,18542,58.37
b9d1e207-5b0e-478a-9c15-a410d4c6a191,27/03/2016,Mar-16,3,2016,STEENBRAS UPPER,Major Dam,31767,19.27,18618,58.61
95afaa11-2e23-4e26-b86e-b5d59b2f9a92,28/03/2016,Mar-16,3,2016,STEENBRAS UPPER,Major Dam,31767,19.27,18618,58.61
0614e24f-18ed-486f-8091-c5d6a75fcc7f,29/03/2016,Mar-16,3,2016,STEENBRAS UPPER,Major Dam,31767,19.27,18618,58.61
77543cf9-738b-4b64-9985-3698d69e4789,30/03/2016,Mar-16,3,2016,STEENBRAS UPPER,Major Dam,31767,19.43,18921,59.56
67253e63-03ed-4ed4-b4a8-dd03359f94d4,31/03/2016,Mar-16,3,2016,STEENBRAS UPPER,Major Dam,31767,19.34,18750,59.02
f51c617c-9bcc-4d7c-be38-2716b8fd8eb6,01/04/2016,Apr-16,4,2016,STEENBRAS UPPER,Major Dam,31767,19.33,18731,58.96
39944191-ae99-4f37-ab8e-8b439a7d6744,02/04/2016,Apr-16,4,2016,STEENBRAS UPPER,Major Dam,31767,19.33,18731,58.96
c7b597f0-cd5a-454b-b70e-8c162ba9bdee,03/04/2016,Apr-16,4,2016,STEENBRAS UPPER,Major Dam,31767,19.33,18731,58.96
c60dba0b-45f8-4c09-99c0-4ed5649749db,04/04/2016,Apr-16,4,2016,STEENBRAS UPPER,Major Dam,31767,19.33,18731,58.96
6927f690-a388-49fd-afc9-1ab596af661e,05/04/2016,Apr-16,4,2016,STEENBRAS UPPER,Major Dam,31767,19.49,19035,59.92
d773c914-2a25-4243-9b68-0db3de9d602f,06/04/2016,Apr-16,4,2016,STEENBRAS UPPER,Major Dam,31767,19.43,18921,59.56
ec043668-3b6a-43e9-94ab-d75b715af480,07/04/2016,Apr-16,4,2016,STEENBRAS UPPER,Major Dam,31767,19.37,18807,59.2
68f54c97-ab3b-43da-af22-bccba857db09,08/04/2016,Apr-16,4,2016,STEENBRAS UPPER,Major Dam,31767,19.31,18693,58.84
9391a374-3c50-47f8-b96e-1859c6250273,09/04/2016,Apr-16,4,2016,STEENBRAS UPPER,Major Dam,31767,19.32,18712,58.9
92c84a0f-e09b-4490-89cb-f2e996158660,10/04/2016,Apr-16,4,2016,STEENBRAS UPPER,Major Dam,31767,19.32,18712,58.9
d2733d63-9c29-4adf-b283-4d62526d9fe9,11/04/2016,Apr-16,4,2016,STEENBRAS UPPER,Major Dam,31767,19.31,18693,58.84
b842d8c6-f5a2-4b15-9708-eae35b002ce3,12/04/2016,Apr-16,4,2016,STEENBRAS UPPER,Major Dam,31767,19.47,18997,59.8
87ff4b9f-1482-4bf3-a8c7-5e7c4af5b49b,13/04/2016,Apr-16,4,2016,STEENBRAS UPPER,Major Dam,31767,19.39,18845,59.32
5606dadf-58fe-4be7-8950-21a7025fd27f,14/04/2016,Apr-16,4,2016,STEENBRAS UPPER,Major Dam,31767,19.31,18693,58.84
df4507d6-c40d-4f37-aee4-3c44e9c33c96,15/04/2016,Apr-16,4,2016,STEENBRAS UPPER,Major Dam,31767,19.23,18542,58.37
b610e0dc-a02b-44e6-9856-67db7ec0e9be,16/04/2016,Apr-16,4,2016,STEENBRAS UPPER,Major Dam,31767,19.23,18542,58.37
f8281e48-6c63-470b-af14-2d9b55818ee3,17/04/2016,Apr-16,4,2016,STEENBRAS UPPER,Major Dam,31767,19.23,18542,58.37
4adb962c-bac2-4df0-b455-676b78803932,18/04/2016,Apr-16,4,2016,STEENBRAS UPPER,Major Dam,31767,19.44,18940,59.62
f118224b-952f-46ec-bada-e03a9aa42136,19/04/2016,Apr-16,4,2016,STEENBRAS UPPER,Major Dam,31767,19.44,18940,59.62
29d27ecf-95a6-4c53-ab9f-e0ac519b0121,20/04/2016,Apr-16,4,2016,STEENBRAS UPPER,Major Dam,31767,19.15,18393,57.9
ce7a85da-5278-43a5-bc96-9f4f0b5e4feb,21/04/2016,Apr-16,4,2016,STEENBRAS UPPER,Major Dam,31767,19.18,18450,58.08
e9d629b5-2e3f-463f-a20b-7339988fc04d,22/04/2016,Apr-16,4,2016,STEENBRAS UPPER,Major Dam,31767,19.07,18244,57.43
b8fe3f20-d88b-4c10-9747-796a05fe1da7,23/04/2016,Apr-16,4,2016,STEENBRAS UPPER,Major Dam,31767,18.83,17800,56.03
970cee25-6950-4dbc-a82b-94e71a5ac10a,24/04/2016,Apr-16,4,2016,STEENBRAS UPPER,Major Dam,31767,18.71,17581,55.34
a8370934-2044-4bda-9b21-aa92589563ac,25/04/2016,Apr-16,4,2016,STEENBRAS UPPER,Major Dam,31767,18.6,17380,54.71
452166a9-ed7e-415c-a164-f660245d0081,26/04/2016,Apr-16,4,2016,STEENBRAS UPPER,Major Dam,31767,18.74,17635,55.51
4d65c94d-8996-4132-aa5b-b5c9cd923d4f,27/04/2016,Apr-16,4,2016,STEENBRAS UPPER,Major Dam,31767,18.71,17581,55.34
b7a15ee4-1b9e-455d-b96c-add660bdcc3f,28/04/2016,Apr-16,4,2016,STEENBRAS UPPER,Major Dam,31767,18.72,17599,55.4
8e9986e4-ae76-4bef-a287-cc3346c65a4d,29/04/2016,Apr-16,4,2016,STEENBRAS UPPER,Major Dam,31767,18.64,17452,54.94
8b604ac9-b7f5-4549-8f28-278d970680f2,30/04/2016,Apr-16,4,2016,STEENBRAS UPPER,Major Dam,31767,18.61,17398,54.77
73ca8e98-88b6-4c7c-9673-3a56a97140c6,01/05/2016,May-16,5,2016,STEENBRAS UPPER,Major Dam,31767,18.61,17398,54.77
d033749b-738b-4112-a56b-0ba7d0f7a92b,02/05/2016,May-16,5,2016,STEENBRAS UPPER,Major Dam,31767,18.64,17452,54.94
dc213b24-57aa-4b1f-a0c8-e5a33f5d47a2,03/05/2016,May-16,5,2016,STEENBRAS UPPER,Major Dam,31767,18.9,17930,56.44
8edeb154-5603-4401-8b56-34a04203486c,04/05/2016,May-16,5,2016,STEENBRAS UPPER,Major Dam,31767,18.82,17782,55.98
5464ff07-9807-4754-859f-17102db221d4,05/05/2016,May-16,5,2016,STEENBRAS UPPER,Major Dam,31767,18.76,17671,55.63
7583a0bc-ecbc-471b-b963-07a504c524a4,06/05/2016,May-16,5,2016,STEENBRAS UPPER,Major Dam,31767,18.7,17563,55.29
646f3678-62a1-4d7f-8812-ff3498e349d4,07/05/2016,May-16,5,2016,STEENBRAS UPPER,Major Dam,31767,18.71,17581,55.34
2cc84eb4-ad9a-4d25-bff7-9159b56f09f7,08/05/2016,May-16,5,2016,STEENBRAS UPPER,Major Dam,31767,18.7,17563,55.29
e92585b2-c00d-4cf8-a702-47457a8ed99d,09/05/2016,May-16,5,2016,STEENBRAS UPPER,Major Dam,31767,18.93,17984,56.61
60a4fb56-4254-4761-af1c-751d1e8786ea,10/05/2016,May-16,5,2016,STEENBRAS UPPER,Major Dam,31767,18.84,17818,56.09
3c5dd66f-50c7-4848-b49f-d57a7680584f,11/05/2016,May-16,5,2016,STEENBRAS UPPER,Major Dam,31767,18.96,18039,56.79
3d180ed1-8e1b-4084-8fcd-77ba93eae4e2,12/05/2016,May-16,5,2016,STEENBRAS UPPER,Major Dam,31767,18.85,17836,56.15
b0d0df2e-8009-4cf3-8973-8811304d547e,13/05/2016,May-16,5,2016,STEENBRAS UPPER,Major Dam,31767,18.97,18058,56.85
8ae44824-5ae5-490c-8215-e403f6ebefd9,14/05/2016,May-16,5,2016,STEENBRAS UPPER,Major Dam,31767,18.97,18058,56.85
9e1ee053-de79-4f98-a953-68341af6d76c,15/05/2016,May-16,5,2016,STEENBRAS UPPER,Major Dam,31767,18.98,18077,56.9
1412ff10-ba02-4a88-8138-03b1f21caa57,16/05/2016,May-16,5,2016,STEENBRAS UPPER,Major Dam,31767,18.98,18077,56.9
76956ec6-c388-47d0-9139-a856bbf7e9a8,17/05/2016,May-16,5,2016,STEENBRAS UPPER,Major Dam,31767,18.84,17818,56.09
fba73381-1276-4300-9892-5ea78050e1be,18/05/2016,May-16,5,2016,STEENBRAS UPPER,Major Dam,31767,18.93,17984,56.61
a37770db-4494-487c-8fef-f816496a4790,19/05/2016,May-16,5,2016,STEENBRAS UPPER,Major Dam,31767,18.95,18020,56.73
e51b7cde-fbb1-4b45-b516-f224b5963f2c,20/05/2016,May-16,5,2016,STEENBRAS UPPER,Major Dam,31767,18.77,17689,55.68
b7b1d0dd-22d9-40ed-8084-368d64d965ef,21/05/2016,May-16,5,2016,STEENBRAS UPPER,Major Dam,31767,18.78,17708,55.74
4b81c843-e133-4fac-93a9-4be1e50a4a3c,22/05/2016,May-16,5,2016,STEENBRAS UPPER,Major Dam,31767,18.78,17708,55.74
ee217c2b-173c-4aa4-98da-293932e3047e,23/05/2016,May-16,5,2016,STEENBRAS UPPER,Major Dam,31767,19.01,18133,57.08
d7446dff-1f34-47d9-a801-ae9706d12e54,24/05/2016,May-16,5,2016,STEENBRAS UPPER,Major Dam,31767,19,18115,57.02
ff89375a-7a62-4c4a-a372-4b32611f1ef1,25/05/2016,May-16,5,2016,STEENBRAS UPPER,Major Dam,31767,18.85,17836,56.15
2c8cf736-7688-4c01-a3bb-4f7cfab7aff6,26/05/2016,May-16,5,2016,STEENBRAS UPPER,Major Dam,31767,18.72,17599,55.4
d231cecc-d0fb-4bab-ab1b-e0d598a65fa7,27/05/2016,May-16,5,2016,STEENBRAS UPPER,Major Dam,31767,19.08,18263,57.49
4ea89c99-f7fa-4a39-ae3a-4fb3931acdea,28/05/2016,May-16,5,2016,STEENBRAS UPPER,Major Dam,31767,19.01,18133,57.08
e2edf2c9-9552-4f9b-b7fe-157d0e7eebf9,29/05/2016,May-16,5,2016,STEENBRAS UPPER,Major Dam,31767,19.02,18151,57.14
280e81f0-4aea-4176-a0d5-fe4f13443f75,30/05/2016,May-16,5,2016,STEENBRAS UPPER,Major Dam,31767,19.02,18151,57.14
632b05f3-0355-4d55-81ff-eac2e2f3dcf5,31/05/2016,May-16,5,2016,STEENBRAS UPPER,Major Dam,31767,19.1,18301,57.61
b0949517-738a-40ee-bbdd-2f9fbf006652,01/06/2016,Jun-16,6,2016,STEENBRAS UPPER,Major Dam,31767,18.94,18002,56.67
e94c37f0-6e4a-4ebe-80c7-54016611719d,02/06/2016,Jun-16,6,2016,STEENBRAS UPPER,Major Dam,31767,18.66,17488,55.05
e3576964-9fd1-48ad-8843-74b47e5d5204,03/06/2016,Jun-16,6,2016,STEENBRAS UPPER,Major Dam,31767,19.04,18187,57.25
41d665f6-c0d8-4c8e-917a-b325b7ff5e20,04/06/2016,Jun-16,6,2016,STEENBRAS UPPER,Major Dam,31767,18.95,18020,56.73
dc2add4c-503d-4ac6-b5c0-5e5376e1a0e5,05/06/2016,Jun-16,6,2016,STEENBRAS UPPER,Major Dam,31767,18.95,18020,56.73
20c8361d-3cfb-4c00-91cb-b780ce08c19c,06/06/2016,Jun-16,6,2016,STEENBRAS UPPER,Major Dam,31767,18.05,16393,51.6
82d9b04b-412b-44eb-813d-e738a0d89114,07/06/2016,Jun-16,6,2016,STEENBRAS UPPER,Major Dam,31767,19.02,18151,57.14
f760ac16-f44d-4314-b3ef-62164f632a7a,08/06/2016,Jun-16,6,2016,STEENBRAS UPPER,Major Dam,31767,18.97,18058,56.85
2fc02490-9271-4fb9-ba62-a0ab18c9c400,09/06/2016,Jun-16,6,2016,STEENBRAS UPPER,Major Dam,31767,18.98,18077,56.9
e70f9bbf-f78f-4cd2-983e-2aaa8c9370dd,10/06/2016,Jun-16,6,2016,STEENBRAS UPPER,Major Dam,31767,18.95,18020,56.73
a14cf52b-1f98-4862-aefd-de3b4e0c7965,11/06/2016,Jun-16,6,2016,STEENBRAS UPPER,Major Dam,31767,19.03,18169,57.19
d3c42aea-b2e7-4901-9ad7-ca6a5f3d79fc,12/06/2016,Jun-16,6,2016,STEENBRAS UPPER,Major Dam,31767,19.05,18206,57.31
7fb05904-a536-46c7-bc4f-bd2e03d8285d,13/06/2016,Jun-16,6,2016,STEENBRAS UPPER,Major Dam,31767,19.27,18618,58.61
581ac8fe-b3b6-468b-a7bb-fc3010a7a215,14/06/2016,Jun-16,6,2016,STEENBRAS UPPER,Major Dam,31767,19.15,18393,57.9
ea473f51-dcc1-40d2-8849-25a402dad185,15/06/2016,Jun-16,6,2016,STEENBRAS UPPER,Major Dam,31767,18.98,18077,56.9
78f2b689-8304-4cd4-b64b-6d912693e2f5,16/06/2016,Jun-16,6,2016,STEENBRAS UPPER,Major Dam,31767,19.49,19035,59.92
cd2192a3-8e7f-41b6-9d0f-57e2f1a31eb8,17/06/2016,Jun-16,6,2016,STEENBRAS UPPER,Major Dam,31767,19.5,19054,59.98
b8212dd5-9e7a-4d93-b137-2cafb5206878,18/06/2016,Jun-16,6,2016,STEENBRAS UPPER,Major Dam,31767,19.5,19054,59.98
7ec50316-7a60-4c14-bb47-5488babf6472,19/06/2016,Jun-16,6,2016,STEENBRAS UPPER,Major Dam,31767,19.64,19320,60.82
a4cd9ce7-8617-4509-affa-ae7065602485,20/06/2016,Jun-16,6,2016,STEENBRAS UPPER,Major Dam,31767,19.74,19511,61.42
ef8738d5-d60d-470e-bdca-a156b06ee61c,21/06/2016,Jun-16,6,2016,STEENBRAS UPPER,Major Dam,31767,19.51,19073,60.04
c3c2695a-d502-442a-9352-72ce9a61261d,22/06/2016,Jun-16,6,2016,STEENBRAS UPPER,Major Dam,31767,19.81,19647,61.85
51b39564-de52-4eda-a732-77000aa39bdf,23/06/2016,Jun-16,6,2016,STEENBRAS UPPER,Major Dam,31767,20.2,20432,64.32
33e56089-23e0-4718-861c-0705b56085ac,24/06/2016,Jun-16,6,2016,STEENBRAS UPPER,Major Dam,31767,20.34,20726,65.24
9dc9c4c5-211a-4d94-9930-897802f6507b,25/06/2016,Jun-16,6,2016,STEENBRAS UPPER,Major Dam,31767,20.43,20916,65.84
ac9fafee-27af-4bab-ae48-0c97a9d2c0d8,26/06/2016,Jun-16,6,2016,STEENBRAS UPPER,Major Dam,31767,20.62,21317,67.1
f157918e-0e13-4547-b0d0-68f5ef64ee5a,27/06/2016,Jun-16,6,2016,STEENBRAS UPPER,Major Dam,31767,21.03,22207,69.91
cc593114-010b-4849-9ba9-353827b758c9,28/06/2016,Jun-16,6,2016,STEENBRAS UPPER,Major Dam,31767,21.09,22339,70.32
39bb5503-f0d0-4e7b-a09c-71cc28fe692c,29/06/2016,Jun-16,6,2016,STEENBRAS UPPER,Major Dam,31767,21.52,23292,73.32
774b6a5a-88f3-40d8-a020-ad3e6c2f2b7c,30/06/2016,Jun-16,6,2016,STEENBRAS UPPER,Major Dam,31767,21.72,23741,74.73
4b57064e-90d1-4316-bda3-862d53f8e35d,01/07/2016,Jul-16,7,2016,STEENBRAS UPPER,Major Dam,31767,21.98,24335,76.6
d6290114-0573-4dbd-83ad-e5aee939d31d,02/07/2016,Jul-16,7,2016,STEENBRAS UPPER,Major Dam,31767,22.08,24565,77.33
99807a37-3b48-4582-b3d7-8f5a80c1da5c,03/07/2016,Jul-16,7,2016,STEENBRAS UPPER,Major Dam,31767,22.33,25143,79.15
f239cab2-4b53-4cae-ba77-cb129cc53db0,04/07/2016,Jul-16,7,2016,STEENBRAS UPPER,Major Dam,31767,22.72,26060,82.03
6478a20b-5412-4499-99ae-36e54e90e2d4,05/07/2016,Jul-16,7,2016,STEENBRAS UPPER,Major Dam,31767,22.76,26156,82.34
e4c84d65-5587-4c04-b848-69896156fe94,06/07/2016,Jul-16,7,2016,STEENBRAS UPPER,Major Dam,31767,22.61,25800,81.22
3f234eb8-b2ca-48cc-a8e5-3e5b14773967,07/07/2016,Jul-16,7,2016,STEENBRAS UPPER,Major Dam,31767,22.78,26204,82.49
a7445550-4c21-4dee-a4a2-d5d293adb75b,08/07/2016,Jul-16,7,2016,STEENBRAS UPPER,Major Dam,31767,22.73,26084,82.11
f306ac43-b568-447d-ba6a-fcd68391cc78,09/07/2016,Jul-16,7,2016,STEENBRAS UPPER,Major Dam,31767,22.72,26060,82.03
c143936a-ad05-4fcc-87c0-4f8249331da8,10/07/2016,Jul-16,7,2016,STEENBRAS UPPER,Major Dam,31767,22.75,26132,82.26
c5f2b85d-5442-4bcb-9632-874f082048d9,11/07/2016,Jul-16,7,2016,STEENBRAS UPPER,Major Dam,31767,22.77,26180,82.41
05ef88fe-83a6-49df-a827-0c749317f58f,12/07/2016,Jul-16,7,2016,STEENBRAS UPPER,Major Dam,31767,22.72,26060,82.03
f973722d-1ea2-46d6-b331-331470498af0,13/07/2016,Jul-16,7,2016,STEENBRAS UPPER,Major Dam,31767,22.64,25870,81.44
7929c1b2-9b58-47ff-a9d5-f99dc8b032da,14/07/2016,Jul-16,7,2016,STEENBRAS UPPER,Major Dam,31767,22.77,26180,82.41
387bc962-33a0-49d6-8c43-04dc4c92c01c,15/07/2016,Jul-16,7,2016,STEENBRAS UPPER,Major Dam,31767,22.63,25846,81.36
c4e28798-4312-4035-a7d7-b397df14923b,16/07/2016,Jul-16,7,2016,STEENBRAS UPPER,Major Dam,31767,22.5,25542,80.4
d0578152-5519-485d-8e46-e2719a9e511b,17/07/2016,Jul-16,7,2016,STEENBRAS UPPER,Major Dam,31767,22.52,25588,80.55
3d56bcd3-8986-470d-8bd0-5eaf371484c8,18/07/2016,Jul-16,7,2016,STEENBRAS UPPER,Major Dam,31767,22.92,26538,83.54
94e4e037-03ba-4270-8ab2-e75259d3d9c3,19/07/2016,Jul-16,7,2016,STEENBRAS UPPER,Major Dam,31767,22.98,26682,83.99
b2616ae6-9005-4b73-9e9b-c21dea002184,20/07/2016,Jul-16,7,2016,STEENBRAS UPPER,Major Dam,31767,22.94,26586,83.69
e2f23694-a4ff-49d7-a0ab-3245ed9a4038,21/07/2016,Jul-16,7,2016,STEENBRAS UPPER,Major Dam,31767,23.02,26778,84.3
c7bbe47f-0b6c-4672-b0dc-756e22ec81db,22/07/2016,Jul-16,7,2016,STEENBRAS UPPER,Major Dam,31767,23.05,26850,84.52
d416559c-e3b4-4887-aaa8-2dcedeff3e8c,23/07/2016,Jul-16,7,2016,STEENBRAS UPPER,Major Dam,31767,23.29,27432,86.35
d247228c-cdc2-4cb5-b5fb-dd7bf7605efc,24/07/2016,Jul-16,7,2016,STEENBRAS UPPER,Major Dam,31767,23.35,27577,86.81
da248a68-bae8-4ff8-ad02-3cb946a51370,25/07/2016,Jul-16,7,2016,STEENBRAS UPPER,Major Dam,31767,23.36,27602,86.89
2e872006-d6f9-4bf8-86f7-f4dc78193506,26/07/2016,Jul-16,7,2016,STEENBRAS UPPER,Major Dam,31767,23.42,27750,87.35
3f2f7efe-476a-4da9-807f-0c2fda8e0850,27/07/2016,Jul-16,7,2016,STEENBRAS UPPER,Major Dam,31767,23.61,28218,88.83
985abd4b-68f2-43a2-a91e-176f4a98ad14,28/07/2016,Jul-16,7,2016,STEENBRAS UPPER,Major Dam,31767,24.04,29292,92.21
8dc6acbf-eef8-4101-94f7-4dce3f709344,29/07/2016,Jul-16,7,2016,STEENBRAS UPPER,Major Dam,31767,24.35,30078,94.68
9cf3e715-807b-42e9-ad77-77b9ae44133a,30/07/2016,Jul-16,7,2016,STEENBRAS UPPER,Major Dam,31767,24.54,30567,96.22
7a9c0899-3212-49bf-8a8b-be92a7ae24c3,31/07/2016,Jul-16,7,2016,STEENBRAS UPPER,Major Dam,31767,24.85,31372,98.76
45a4e37f-5328-4181-8424-67a7841cc896,01/08/2016,Aug-16,8,2016,STEENBRAS UPPER,Major Dam,31767,25.2,32307,101.7
77865048-fb4f-4f11-a3ca-a72e77214830,02/08/2016,Aug-16,8,2016,STEENBRAS UPPER,Major Dam,31767,25.18,32253,101.53
7ebb69ea-7e52-4dce-bde0-5ea0e2a91d2d,03/08/2016,Aug-16,8,2016,STEENBRAS UPPER,Major Dam,31767,25.21,32334,101.78
a1918baa-a242-4160-969b-c007f30b3b8d,04/08/2016,Aug-16,8,2016,STEENBRAS UPPER,Major Dam,31767,25.21,32334,101.78
8b9c9258-daa4-4691-9a2c-884ffedb1052,05/08/2016,Aug-16,8,2016,STEENBRAS UPPER,Major Dam,31767,25.04,31875,100.34
ea63fd65-b659-41f4-b536-b698db5fd142,06/08/2016,Aug-16,8,2016,STEENBRAS UPPER,Major Dam,31767,25.04,31875,100.34
84c6e2b2-ed9d-4d78-95b5-4847f2c43047,07/08/2016,Aug-16,8,2016,STEENBRAS UPPER,Major Dam,31767,25.07,31956,100.59
5362dbc6-b348-45dd-959a-a7de62278dc6,08/08/2016,Aug-16,8,2016,STEENBRAS UPPER,Major Dam,31767,25.08,31983,100.68
2565e35f-8769-4f86-b4e9-abcbe302fa0e,09/08/2016,Aug-16,8,2016,STEENBRAS UPPER,Major Dam,31767,25.04,31875,100.34
19483ea6-6e42-40e4-92ac-ed9937b7f3df,10/08/2016,Aug-16,8,2016,STEENBRAS UPPER,Major Dam,31767,25.06,31929,100.51
745d1ddf-43f3-4ed7-91ff-8c1bb3ee91ed,11/08/2016,Aug-16,8,2016,STEENBRAS UPPER,Major Dam,31767,25.09,32010,100.76
4fcd3328-f5fe-4d01-8e0e-70073dfb32f7,12/08/2016,Aug-16,8,2016,STEENBRAS UPPER,Major Dam,31767,24.95,31634,99.58
8411dbaf-aa1f-4ab3-ae16-e558d0761ef6,13/08/2016,Aug-16,8,2016,STEENBRAS UPPER,Major Dam,31767,24.87,31424,98.92
5e28d96b-31b7-4625-ba3e-5d02b58003bd,14/08/2016,Aug-16,8,2016,STEENBRAS UPPER,Major Dam,31767,24.92,31556,99.34
1f3f755a-ea4e-474e-b50d-5bebd99ebc49,15/08/2016,Aug-16,8,2016,STEENBRAS UPPER,Major Dam,31767,24.95,31634,99.58
f04731c6-92e9-4e53-b2e3-60cfca63a81d,16/08/2016,Aug-16,8,2016,STEENBRAS UPPER,Major Dam,31767,25.02,31821,100.17
f683f241-8c22-4651-abeb-13053fe9b1d0,17/08/2016,Aug-16,8,2016,STEENBRAS UPPER,Major Dam,31767,24.94,31608,99.5
fa79b366-6d63-4fc8-8a2e-23a714be532d,18/08/2016,Aug-16,8,2016,STEENBRAS UPPER,Major Dam,31767,24.87,31424,98.92
836d3a82-25f3-4074-8d17-19d95408cc97,19/08/2016,Aug-16,8,2016,STEENBRAS UPPER,Major Dam,31767,24.8,31242,98.35
0ef09342-acc2-4a12-8f0a-21a4d4006ace,20/08/2016,Aug-16,8,2016,STEENBRAS UPPER,Major Dam,31767,24.9,31504,99.17
58b995fd-5be6-4a9c-8415-9dc6b30429e3,21/08/2016,Aug-16,8,2016,STEENBRAS UPPER,Major Dam,31767,24.8,31242,98.35
04d022d3-10b5-46fa-b566-6c5f49453e9e,22/08/2016,Aug-16,8,2016,STEENBRAS UPPER,Major Dam,31767,24.91,31530,99.25
db2f8362-c3d0-45a7-a863-d9a38cf561eb,23/08/2016,Aug-16,8,2016,STEENBRAS UPPER,Major Dam,31767,24.91,31530,99.25
35f1c0be-d28e-4232-bbd3-c421a3998240,24/08/2016,Aug-16,8,2016,STEENBRAS UPPER,Major Dam,31767,25.02,31821,100.17
bbc6bcef-cbc2-46e8-a01e-f92cd672df53,25/08/2016,Aug-16,8,2016,STEENBRAS UPPER,Major Dam,31767,25.09,32010,100.76
ed0d16d4-eb34-491d-b792-bc30678ecf09,26/08/2016,Aug-16,8,2016,STEENBRAS UPPER,Major Dam,31767,25.11,32064,100.93
e8b2fdc3-a7a9-4848-826f-4ef726ffc4b3,27/08/2016,Aug-16,8,2016,STEENBRAS UPPER,Major Dam,31767,25.16,32199,101.36
32d3fb7d-6edb-451f-a532-84df4383d9b8,28/08/2016,Aug-16,8,2016,STEENBRAS UPPER,Major Dam,31767,25.17,32226,101.44
643ca18d-ded8-4d0e-9e53-d823950658a2,29/08/2016,Aug-16,8,2016,STEENBRAS UPPER,Major Dam,31767,25.17,32226,101.44
c482fb5d-23bb-4677-8cf3-bd5da5df050d,30/08/2016,Aug-16,8,2016,STEENBRAS UPPER,Major Dam,31767,25.15,32172,101.27
39ee7cc9-614a-45a1-a35b-1ffb232c8444,31/08/2016,Aug-16,8,2016,STEENBRAS UPPER,Major Dam,31767,25.14,32145,101.19
939624a3-694a-4227-a8e2-da44d9c3313d,01/09/2016,Sep-16,9,2016,STEENBRAS UPPER,Major Dam,31767,25.14,32145,101.19
ce72a38e-112a-4f18-8e64-7107b59af84b,02/09/2016,Sep-16,9,2016,STEENBRAS UPPER,Major Dam,31767,24.9,31504,99.17
70965ec3-f2e2-402a-973f-9165c3a3c5a1,03/09/2016,Sep-16,9,2016,STEENBRAS UPPER,Major Dam,31767,24.98,31713,99.83
9c131299-ac40-49f0-8f8d-5652034276c4,04/09/2016,Sep-16,9,2016,STEENBRAS UPPER,Major Dam,31767,24.98,31713,99.83
383e45a0-8819-4883-a7b2-4f3cc0d6b08f,05/09/2016,Sep-16,9,2016,STEENBRAS UPPER,Major Dam,31767,24.99,31740,99.92
e2090042-3869-44be-8b4b-b93bfe500b22,06/09/2016,Sep-16,9,2016,STEENBRAS UPPER,Major Dam,31767,25,31767,100
bee85cd9-edd2-4632-a153-4908c5f3b83a,07/09/2016,Sep-16,9,2016,STEENBRAS UPPER,Major Dam,31767,24.96,31660,99.66
6f37b95d-7875-47b3-8563-b79e78e321d7,08/09/2016,Sep-16,9,2016,STEENBRAS UPPER,Major Dam,31767,24.77,31164,98.1
3826c485-c1c6-4663-bd5b-1bb5dd2cca5c,09/09/2016,Sep-16,9,2016,STEENBRAS UPPER,Major Dam,31767,24.69,30956,97.45
6c9329e2-86f8-4d24-80aa-99e227667128,10/09/2016,Sep-16,9,2016,STEENBRAS UPPER,Major Dam,31767,24.67,30904,97.28
37c1de36-5aea-43df-baea-cc0d02fbc4f7,11/09/2016,Sep-16,9,2016,STEENBRAS UPPER,Major Dam,31767,24.68,30930,97.37
b2535d8b-fa25-4586-a3cf-176d0a42f24a,12/09/2016,Sep-16,9,2016,STEENBRAS UPPER,Major Dam,31767,24.68,30930,97.37
adf21935-9f50-4cd2-8f3e-c1f4614989e1,13/09/2016,Sep-16,9,2016,STEENBRAS UPPER,Major Dam,31767,24.69,30956,97.45
59e13a80-59b0-4ab7-8b19-1d77cb340539,14/09/2016,Sep-16,9,2016,STEENBRAS UPPER,Major Dam,31767,24.79,31216,98.27
2f96994d-969a-4b89-9b1e-238ecb76738a,15/09/2016,Sep-16,9,2016,STEENBRAS UPPER,Major Dam,31767,24.74,31086,97.86
a5d358c1-918b-42b4-9312-fb40a6b4ec47,16/09/2016,Sep-16,9,2016,STEENBRAS UPPER,Major Dam,31767,24.66,30878,97.2
6ef368bd-5063-48da-a3de-7770e6d0f5e2,17/09/2016,Sep-16,9,2016,STEENBRAS UPPER,Major Dam,31767,24.44,30309,95.41
ccc01009-7969-48b4-960e-c5696163f904,18/09/2016,Sep-16,9,2016,STEENBRAS UPPER,Major Dam,31767,24.46,30361,95.57
185e5fdb-b6ed-451d-923b-ed2b02070a45,19/09/2016,Sep-16,9,2016,STEENBRAS UPPER,Major Dam,31767,24.64,30826,97.04
6324914a-4d32-4ffe-91af-339e8f9aae12,20/09/2016,Sep-16,9,2016,STEENBRAS UPPER,Major Dam,31767,24.76,31138,98.02
577b9c5e-cab2-48c0-80e8-9ebc09a1f93e,21/09/2016,Sep-16,9,2016,STEENBRAS UPPER,Major Dam,31767,24.68,30930,97.37
a29f9dfe-e142-4a08-8c06-fdde25e3bb11,22/09/2016,Sep-16,9,2016,STEENBRAS UPPER,Major Dam,31767,24.63,30800,96.96
04751cec-c4cc-446a-b5a2-2334b25f17ee,23/09/2016,Sep-16,9,2016,STEENBRAS UPPER,Major Dam,31767,24.55,30593,96.3
353b45ce-b992-46dd-817e-d19bc2198019,24/09/2016,Sep-16,9,2016,STEENBRAS UPPER,Major Dam,31767,24.52,30515,96.06
0c189ea2-d7b0-464f-b70e-240bb7724410,25/09/2016,Sep-16,9,2016,STEENBRAS UPPER,Major Dam,31767,24.53,30541,96.14
4751bc87-5890-4232-8214-4c5688df1a54,26/09/2016,Sep-16,9,2016,STEENBRAS UPPER,Major Dam,31767,24.54,30567,96.22
ca92a3bf-afe2-481e-b6dc-16635609c442,27/09/2016,Sep-16,9,2016,STEENBRAS UPPER,Major Dam,31767,24.58,30671,96.55
adfb098d-6708-4bc8-aed7-7a3d51475a11,28/09/2016,Sep-16,9,2016,STEENBRAS UPPER,Major Dam,31767,24.52,30515,96.06
f683482a-b764-455a-b9c6-5548121d1ca7,29/09/2016,Sep-16,9,2016,STEENBRAS UPPER,Major Dam,31767,24.43,30283,95.33
13b61c19-4e3e-4088-97cd-5300b58c113a,30/09/2016,Sep-16,9,2016,STEENBRAS UPPER,Major Dam,31767,24.37,30130,94.85
a343743f-bd02-4e21-a4d7-e30d9b851805,01/10/2016,Oct-16,10,2016,STEENBRAS UPPER,Major Dam,31767,24.38,30156,94.93
1fda014d-be38-4b57-a639-b26a3442f92e,02/10/2016,Oct-16,10,2016,STEENBRAS UPPER,Major Dam,31767,24.4,30208,95.09
290d120c-3437-4e8a-9ab9-511e43cb4c89,03/10/2016,Oct-16,10,2016,STEENBRAS UPPER,Major Dam,31767,24.39,30182,95.01
28e58624-7917-431c-b68e-a0e484e798ee,04/10/2016,Oct-16,10,2016,STEENBRAS UPPER,Major Dam,31767,24.37,30130,94.85
ee336f00-8231-4b6a-9060-3acbee4ef132,05/10/2016,Oct-16,10,2016,STEENBRAS UPPER,Major Dam,31767,24.26,29849,93.96
47af9088-b2ac-4f07-b5b8-a9685a7f24ea,06/10/2016,Oct-16,10,2016,STEENBRAS UPPER,Major Dam,31767,24.24,29798,93.8
dd237296-a926-4ca7-9403-0a7cfec03db2,07/10/2016,Oct-16,10,2016,STEENBRAS UPPER,Major Dam,31767,24.19,29672,93.41
b59482aa-9b66-4393-8cdb-91ac402d39fe,08/10/2016,Oct-16,10,2016,STEENBRAS UPPER,Major Dam,31767,24.09,29419,92.61
efeb3a29-9663-4943-98d0-4c958df7d111,09/10/2016,Oct-16,10,2016,STEENBRAS UPPER,Major Dam,31767,24.1,29445,92.69
248f1349-35b0-49c5-aa0d-743d46e2a5c0,10/10/2016,Oct-16,10,2016,STEENBRAS UPPER,Major Dam,31767,24.11,29470,92.77
ca9ca598-06a0-4690-a31f-d7b616d4a2cd,11/10/2016,Oct-16,10,2016,STEENBRAS UPPER,Major Dam,31767,24.16,29595,93.16
b1d0be9e-4f98-4859-93f4-bdfc8abdf2dd,12/10/2016,Oct-16,10,2016,STEENBRAS UPPER,Major Dam,31767,24.11,29470,92.77
8640956b-88f8-4aac-b5db-3b7e7d509754,13/10/2016,Oct-16,10,2016,STEENBRAS UPPER,Major Dam,31767,24.13,29520,92.93
d721ea94-71cf-42c5-bfb9-427ce77bcc3a,14/10/2016,Oct-16,10,2016,STEENBRAS UPPER,Major Dam,31767,24.01,29217,91.97
dbc5f73c-975d-46f6-83bf-35785f0319bc,15/10/2016,Oct-16,10,2016,STEENBRAS UPPER,Major Dam,31767,24.01,29217,91.97
cebe68d0-5944-4430-94ee-c80da3bf714d,16/10/2016,Oct-16,10,2016,STEENBRAS UPPER,Major Dam,31767,24.01,29217,91.97
d5448a2b-5fc8-482c-b98b-6e7759983857,17/10/2016,Oct-16,10,2016,STEENBRAS UPPER,Major Dam,31767,24.02,29242,92.05
f62fdabe-77cb-40f8-93ce-856c8656c33e,18/10/2016,Oct-16,10,2016,STEENBRAS UPPER,Major Dam,31767,23.96,29091,91.58
c50d2caf-2427-4b68-88f2-8421dc68286c,19/10/2016,Oct-16,10,2016,STEENBRAS UPPER,Major Dam,31767,23.83,28766,90.55
5e8ee495-29ad-4580-8a7c-a69b47fb2e1f,20/10/2016,Oct-16,10,2016,STEENBRAS UPPER,Major Dam,31767,23.78,28641,90.16
95081fad-af8d-4339-ba9b-cb2b1ffa99b8,21/10/2016,Oct-16,10,2016,STEENBRAS UPPER,Major Dam,31767,23.75,28566,89.92
a6a7c564-5720-49f1-a2d2-c88f08cb4a2b,22/10/2016,Oct-16,10,2016,STEENBRAS UPPER,Major Dam,31767,23.75,28566,89.92
c1eff46f-39ff-4ed1-ad5d-42cc68e2e0b7,23/10/2016,Oct-16,10,2016,STEENBRAS UPPER,Major Dam,31767,23.76,28591,90
54da82b3-39b0-4116-b6d0-2b134c6492c9,24/10/2016,Oct-16,10,2016,STEENBRAS UPPER,Major Dam,31767,23.76,28591,90
aebc60a3-4856-4da5-b0c1-3db797a32482,25/10/2016,Oct-16,10,2016,STEENBRAS UPPER,Major Dam,31767,23.73,28516,89.77
d5974c0f-b259-40dd-b6ec-91e7b764808e,26/10/2016,Oct-16,10,2016,STEENBRAS UPPER,Major Dam,31767,23.69,28417,89.45
fe63d4c2-07b1-402d-acdf-4b1887ebe3e7,27/10/2016,Oct-16,10,2016,STEENBRAS UPPER,Major Dam,31767,23.67,28367,89.3
73ae8ab8-35e5-45bc-93ba-e80eb063eef2,28/10/2016,Oct-16,10,2016,STEENBRAS UPPER,Major Dam,31767,23.64,28292,89.06
77b4b828-7457-4ad0-8c96-1f92c00e3416,29/10/2016,Oct-16,10,2016,STEENBRAS UPPER,Major Dam,31767,23.64,28292,89.06
b786a893-7bdb-43db-b91c-c8ecb27a110a,30/10/2016,Oct-16,10,2016,STEENBRAS UPPER,Major Dam,31767,23.63,28267,88.98
5e1a9bce-1483-493b-b781-ce2f482c3d96,31/10/2016,Oct-16,10,2016,STEENBRAS UPPER,Major Dam,31767,23.63,28267,88.98
6c4facb1-664d-466f-9955-816848cf01c8,01/11/2016,Nov-16,11,2016,STEENBRAS UPPER,Major Dam,31767,23.62,28242,88.9
ae6c77fd-21fc-4e1e-a18c-c06b586cbc75,02/11/2016,Nov-16,11,2016,STEENBRAS UPPER,Major Dam,31767,23.56,28094,88.44
8975abe5-c1ad-4bf3-93cb-182dc887566e,03/11/2016,Nov-16,11,2016,STEENBRAS UPPER,Major Dam,31767,23.53,28019,88.2
0359a52e-5b2f-47ae-91f9-1c600fac8c81,04/11/2016,Nov-16,11,2016,STEENBRAS UPPER,Major Dam,31767,23.47,27872,87.74
907c42c2-1097-4abf-bbdd-0c2a287db592,05/11/2016,Nov-16,11,2016,STEENBRAS UPPER,Major Dam,31767,23.47,27872,87.74
1ebb4a36-c60e-4655-819f-553cfb62ad84,06/11/2016,Nov-16,11,2016,STEENBRAS UPPER,Major Dam,31767,23.47,27872,87.74
fe6e7471-8285-49c9-981c-29c0cc23ad3f,07/11/2016,Nov-16,11,2016,STEENBRAS UPPER,Major Dam,31767,23.47,27872,87.74
ba9e604f-93e8-4799-9515-3de977fd41e1,08/11/2016,Nov-16,11,2016,STEENBRAS UPPER,Major Dam,31767,23.43,27774,87.43
32a0e779-2554-4d19-b717-abe334b58604,09/11/2016,Nov-16,11,2016,STEENBRAS UPPER,Major Dam,31767,23.33,27529,86.66
147b0a2f-830b-4ef8-9d5c-ace3c83f121d,10/11/2016,Nov-16,11,2016,STEENBRAS UPPER,Major Dam,31767,23.3,27457,86.43
f8a6b9cd-76db-4e72-a42f-dfded22e9840,11/11/2016,Nov-16,11,2016,STEENBRAS UPPER,Major Dam,31767,23.15,27092,85.28
8320accc-9a54-4f0b-b73e-5896617feb0e,12/11/2016,Nov-16,11,2016,STEENBRAS UPPER,Major Dam,31767,23.14,27068,85.21
b34cb21b-0d97-4568-ba09-a5f92214ed6e,13/11/2016,Nov-16,11,2016,STEENBRAS UPPER,Major Dam,31767,23.14,27068,85.21
f3d742a7-2f53-4d9e-9479-a274a7f27002,14/11/2016,Nov-16,11,2016,STEENBRAS UPPER,Major Dam,31767,23.14,27068,85.21
2438d4d3-2d2e-41a1-a2a0-90c0d2037817,15/11/2016,Nov-16,11,2016,STEENBRAS UPPER,Major Dam,31767,23.1,26972,84.91
f3b0d906-8dbb-4927-98a2-d265b17bf311,16/11/2016,Nov-16,11,2016,STEENBRAS UPPER,Major Dam,31767,23.08,26922,84.75
d0d03d6c-1363-4a06-b81e-448a4ebef3c9,17/11/2016,Nov-16,11,2016,STEENBRAS UPPER,Major Dam,31767,23.05,26850,84.52
92148e81-47de-4887-9fc2-b8f880070292,18/11/2016,Nov-16,11,2016,STEENBRAS UPPER,Major Dam,31767,23.03,26802,84.37
80a4682e-924c-4bcd-a7ca-7ea29a504bda,19/11/2016,Nov-16,11,2016,STEENBRAS UPPER,Major Dam,31767,23.03,26802,84.37
354b32da-0e2f-4ec4-9095-77c4cba60fb7,20/11/2016,Nov-16,11,2016,STEENBRAS UPPER,Major Dam,31767,23.03,26802,84.37
8d7c14dd-e7aa-4f40-adc8-dd8e7feada11,21/11/2016,Nov-16,11,2016,STEENBRAS UPPER,Major Dam,31767,23.02,26778,84.3
79398f8c-6e6f-4f5d-9c51-2bc2210f9435,22/11/2016,Nov-16,11,2016,STEENBRAS UPPER,Major Dam,31767,22.92,26538,83.54
5f857fb0-4d5b-490a-8a2d-4e8e40357a72,23/11/2016,Nov-16,11,2016,STEENBRAS UPPER,Major Dam,31767,22.69,25990,81.81
6d5cd8b6-e7ef-42c6-8c8f-b46bc8eab829,24/11/2016,Nov-16,11,2016,STEENBRAS UPPER,Major Dam,31767,22.64,25870,81.44
0ab782a2-7400-4c6d-b302-5e7243f92da8,25/11/2016,Nov-16,11,2016,STEENBRAS UPPER,Major Dam,31767,22.64,25870,81.44
182cfa3a-6e23-49b1-83c0-3caafecd1615,26/11/2016,Nov-16,11,2016,STEENBRAS UPPER,Major Dam,31767,22.64,25870,81.44
5eea169f-b48c-42a4-a1c2-bebb9579fc49,27/11/2016,Nov-16,11,2016,STEENBRAS UPPER,Major Dam,31767,22.63,25846,81.36
49c11143-1289-46b2-b0b5-382c813e649e,28/11/2016,Nov-16,11,2016,STEENBRAS UPPER,Major Dam,31767,22.63,25846,81.36
a9645f1b-f4e3-41fe-a4ff-28a3c26b21d7,29/11/2016,Nov-16,11,2016,STEENBRAS UPPER,Major Dam,31767,22.62,25823,81.29
117bb3ee-f11e-4b5f-b148-6f7df33c4817,30/11/2016,Nov-16,11,2016,STEENBRAS UPPER,Major Dam,31767,22.48,25494,80.25
e72f4192-3939-44a0-a515-919883a38f32,01/12/2016,Dec-16,12,2016,STEENBRAS UPPER,Major Dam,31767,22.32,25120,79.08
e2e1217c-c4b1-4a60-ae62-b20e8174532f,02/12/2016,Dec-16,12,2016,STEENBRAS UPPER,Major Dam,31767,22.18,24795,78.05
f7e2cace-8a46-4dd5-99da-8588d6a3c03e,03/12/2016,Dec-16,12,2016,STEENBRAS UPPER,Major Dam,31767,22.17,24772,77.98
5b574f24-4035-404b-947a-e2d1b1a71f70,04/12/2016,Dec-16,12,2016,STEENBRAS UPPER,Major Dam,31767,22.16,24749,77.91
57b7d538-426a-47dc-ab4e-c040a7d9b27a,05/12/2016,Dec-16,12,2016,STEENBRAS UPPER,Major Dam,31767,22.17,24772,77.98
fe409b69-f756-43ed-9d0d-5fadee0f1ae0,06/12/2016,Dec-16,12,2016,STEENBRAS UPPER,Major Dam,31767,22.13,24680,77.69
0c1a436f-d494-441d-a305-ce3002216d7b,07/12/2016,Dec-16,12,2016,STEENBRAS UPPER,Major Dam,31767,22.13,24680,77.69
daccdf15-af5a-4732-9601-192faefa17f0,08/12/2016,Dec-16,12,2016,STEENBRAS UPPER,Major Dam,31767,22.12,24657,77.62
5c71c639-f2ff-4904-a014-2fd4a3ef659b,09/12/2016,Dec-16,12,2016,STEENBRAS UPPER,Major Dam,31767,22.13,24680,77.69
e425f46e-6abc-43e9-988b-90107e4b6830,10/12/2016,Dec-16,12,2016,STEENBRAS UPPER,Major Dam,31767,21.87,24083,75.81
e186afb6-3be3-4d1b-9aea-8fdc822f8cb2,11/12/2016,Dec-16,12,2016,STEENBRAS UPPER,Major Dam,31767,21.86,24060,75.74
6229273f-979b-4232-92a8-d97bce52d8be,12/12/2016,Dec-16,12,2016,STEENBRAS UPPER,Major Dam,31767,21.86,24060,75.74
15a3e2cd-ebbb-43d9-a49c-da7b5fae460e,13/12/2016,Dec-16,12,2016,STEENBRAS UPPER,Major Dam,31767,21.77,23855,75.09
32eef8aa-9736-4e65-8322-ecd50374b1e5,14/12/2016,Dec-16,12,2016,STEENBRAS UPPER,Major Dam,31767,21.74,23786,74.88
be5d250f-8b67-42ff-b3f1-eed89d07884b,15/12/2016,Dec-16,12,2016,STEENBRAS UPPER,Major Dam,31767,21.72,23741,74.73
e5fe0c07-aa47-4c37-902b-8dae10ed9806,16/12/2016,Dec-16,12,2016,STEENBRAS UPPER,Major Dam,31767,21.72,23741,74.73
ad347feb-b463-4d26-ac69-b28273392316,17/12/2016,Dec-16,12,2016,STEENBRAS UPPER,Major Dam,31767,21.71,23719,74.67
74f3ce8b-fd67-4639-bf1b-0cd6dd89a2a2,18/12/2016,Dec-16,12,2016,STEENBRAS UPPER,Major Dam,31767,21.71,23719,74.67
e98fd674-56cb-4912-8785-f0c75a9543e1,19/12/2016,Dec-16,12,2016,STEENBRAS UPPER,Major Dam,31767,21.7,23697,74.6
37b83cb4-cce5-48d7-9b0e-0de1a1afef57,20/12/2016,Dec-16,12,2016,STEENBRAS UPPER,Major Dam,31767,21.7,23697,74.6
3e1690bc-bb27-4792-b308-c17959b881a5,21/12/2016,Dec-16,12,2016,STEENBRAS UPPER,Major Dam,31767,21.69,23674,74.52
d0a31ce6-1354-4eb9-91bb-a888fff61adb,22/12/2016,Dec-16,12,2016,STEENBRAS UPPER,Major Dam,31767,21.68,23651,74.45
043b4620-1cd0-4bfa-9d01-2835757bcb69,23/12/2016,Dec-16,12,2016,STEENBRAS UPPER,Major Dam,31767,21.68,23651,74.45
f8bbdff7-b87f-490f-a642-c1c5bb10daeb,24/12/2016,Dec-16,12,2016,STEENBRAS UPPER,Major Dam,31767,21.68,23651,74.45
c7081921-b900-4803-b717-3fa6a54099ee,25/12/2016,Dec-16,12,2016,STEENBRAS UPPER,Major Dam,31767,22.04,24473,77.04
fa257531-eb35-493c-a0c4-9e85cfae5506,26/12/2016,Dec-16,12,2016,STEENBRAS UPPER,Major Dam,31767,22.04,24473,77.04
440ad5ec-3a55-4d56-81fa-09f2b17f4c87,27/12/2016,Dec-16,12,2016,STEENBRAS UPPER,Major Dam,31767,22.03,24450,76.97
b373b74c-8810-4fcc-bf48-80f839ba7a40,28/12/2016,Dec-16,12,2016,STEENBRAS UPPER,Major Dam,31767,22.03,24450,76.97
8a91159f-cdbe-447d-ab94-4002a4a54007,29/12/2016,Dec-16,12,2016,STEENBRAS UPPER,Major Dam,31767,22.02,24427,76.89
f0aacf17-5b37-4609-b6c9-1aea280be422,30/12/2016,Dec-16,12,2016,STEENBRAS UPPER,Major Dam,31767,22.02,24427,76.89
8d3bdcf0-b7a7-4b35-8cda-95543bd2b2cd,31/12/2016,Dec-16,12,2016,STEENBRAS UPPER,Major Dam,31767,22.02,24427,76.89
3cf7dc54-889f-4ccf-881b-03d378dfe4ea,01/01/2017,Jan-17,1,2017,STEENBRAS UPPER,Major Dam,31767,22.01,24404,76.82
e8d109aa-984b-459d-93bf-c9e8a9dc63e7,02/01/2017,Jan-17,1,2017,STEENBRAS UPPER,Major Dam,31767,22,24381,76.75
f21886da-d9e2-41c0-8493-0440b780453c,03/01/2017,Jan-17,1,2017,STEENBRAS UPPER,Major Dam,31767,22,24381,76.75
6d37b93e-ed19-493a-a60f-5f375eb82c9f,04/01/2017,Jan-17,1,2017,STEENBRAS UPPER,Major Dam,31767,21.99,24358,76.68
83ab881a-3f52-4918-84a3-deb53e7ac413,05/01/2017,Jan-17,1,2017,STEENBRAS UPPER,Major Dam,31767,21.98,24335,76.6
8a71e0fc-cdfc-414e-b19b-536cc6c7e3e4,06/01/2017,Jan-17,1,2017,STEENBRAS UPPER,Major Dam,31767,21.97,24312,76.53
a5ea85f5-cbb7-41f2-816d-748ed187b8ac,07/01/2017,Jan-17,1,2017,STEENBRAS UPPER,Major Dam,31767,21.97,24312,76.53
e6087849-8342-46e8-9a3e-194b6203ff80,08/01/2017,Jan-17,1,2017,STEENBRAS UPPER,Major Dam,31767,21.96,24289,76.46
f573955d-9cf3-4bcc-bdf9-c461b5cc5938,09/01/2017,Jan-17,1,2017,STEENBRAS UPPER,Major Dam,31767,21.95,24266,76.39
30d450f2-1803-44d2-899e-8a3f0002a505,10/01/2017,Jan-17,1,2017,STEENBRAS UPPER,Major Dam,31767,21.95,24266,76.39
264cf9d5-f7af-48a4-9737-c3868f47c3a3,11/01/2017,Jan-17,1,2017,STEENBRAS UPPER,Major Dam,31767,21.81,23946,75.38
7148f9f5-41f5-49e4-b27d-1cd4eb4ab6f6,12/01/2017,Jan-17,1,2017,STEENBRAS UPPER,Major Dam,31767,21.69,23674,74.52
43f6a00b-336e-4012-9242-fa6788f0ea3e,13/01/2017,Jan-17,1,2017,STEENBRAS UPPER,Major Dam,31767,21.57,23403,73.67
377ba2af-1a38-44a2-89cd-fc2b0d30a0c5,14/01/2017,Jan-17,1,2017,STEENBRAS UPPER,Major Dam,31767,21.45,23134,72.82
2d77e25c-f469-4abc-8423-8ef0713bfb71,15/01/2017,Jan-17,1,2017,STEENBRAS UPPER,Major Dam,31767,21.32,22846,71.92
35cf28cd-2a9b-4f95-9dc6-ae648cfae971,16/01/2017,Jan-17,1,2017,STEENBRAS UPPER,Major Dam,31767,21.2,22581,71.08
88436a1a-f772-48c2-aa85-f8b2b3f37907,17/01/2017,Jan-17,1,2017,STEENBRAS UPPER,Major Dam,31767,21.06,22273,70.11
7d844215-8f82-4b68-9c4d-7617a2c8298f,18/01/2017,Jan-17,1,2017,STEENBRAS UPPER,Major Dam,31767,21.06,22273,70.11
004caa4d-1eab-483a-bc2f-f8ff065ff4cd,19/01/2017,Jan-17,1,2017,STEENBRAS UPPER,Major Dam,31767,20.73,21556,67.86
d5e6abd7-48e4-4477-aa20-b180fbf9e127,20/01/2017,Jan-17,1,2017,STEENBRAS UPPER,Major Dam,31767,20.6,21273,66.97
7695e4f8-50d4-4346-a0a4-9f2d7d1c65dc,21/01/2017,Jan-17,1,2017,STEENBRAS UPPER,Major Dam,31767,20.48,21021,66.17
5d9d26c9-350c-4bd3-bc09-f8619c3cdab9,22/01/2017,Jan-17,1,2017,STEENBRAS UPPER,Major Dam,31767,20.35,20747,65.31
7017438f-0727-4059-8669-87e3337ffaaf,23/01/2017,Jan-17,1,2017,STEENBRAS UPPER,Major Dam,31767,20.22,20474,64.45
a7b5d47a-44ac-4296-b7c1-443d42bce8d9,24/01/2017,Jan-17,1,2017,STEENBRAS UPPER,Major Dam,31767,20.05,20118,63.33
184f243b-70e5-4027-81cd-b7f2e669af3e,25/01/2017,Jan-17,1,2017,STEENBRAS UPPER,Major Dam,31767,19.9,19821,62.39
d9d85f1f-9c36-4637-bb33-bd6d5df96783,26/01/2017,Jan-17,1,2017,STEENBRAS UPPER,Major Dam,31767,19.77,19568,61.6
5f7ff7cc-af18-4d18-b881-c792952152fb,27/01/2017,Jan-17,1,2017,STEENBRAS UPPER,Major Dam,31767,19.65,19339,60.88
f579d525-a82b-4900-90f1-95d6d5b05e9d,28/01/2017,Jan-17,1,2017,STEENBRAS UPPER,Major Dam,31767,19.54,19130,60.22
c502f58b-c4d9-40cf-a31f-6692d8dcede5,29/01/2017,Jan-17,1,2017,STEENBRAS UPPER,Major Dam,31767,19.41,18883,59.44
b2bf3e28-7759-495e-8ed7-078476e29f3a,30/01/2017,Jan-17,1,2017,STEENBRAS UPPER,Major Dam,31767,19.28,18637,58.67
f6d61c4d-0449-4509-9bc2-26fee9eec37d,31/01/2017,Jan-17,1,2017,STEENBRAS UPPER,Major Dam,31767,19.16,18412,57.96
56d04e55-464a-4072-9346-e4427661cc2a,01/02/2017,Feb-17,2,2017,STEENBRAS UPPER,Major Dam,31767,19.15,18393,57.9
08dd81d0-d5dc-481c-a5ae-ed0ac142f13e,02/02/2017,Feb-17,2,2017,STEENBRAS UPPER,Major Dam,31767,19.01,18133,57.08
a390518d-b945-4d75-b129-e87c0522f315,03/02/2017,Feb-17,2,2017,STEENBRAS UPPER,Major Dam,31767,19.01,18133,57.08
c50b2add-a9c6-4552-b6ff-961838d92b2c,04/02/2017,Feb-17,2,2017,STEENBRAS UPPER,Major Dam,31767,19,18115,57.02
9ed164a4-2755-4173-b2f9-3f5aec9ae43b,05/02/2017,Feb-17,2,2017,STEENBRAS UPPER,Major Dam,31767,18.99,18096,56.96
bd03749d-1451-49f8-abbb-28277a7b0a00,06/02/2017,Feb-17,2,2017,STEENBRAS UPPER,Major Dam,31767,19.22,18524,58.31
91a34f96-3d3f-44b6-9924-73af8b9bab9f,07/02/2017,Feb-17,2,2017,STEENBRAS UPPER,Major Dam,31767,19.21,18506,58.26
3e5b7168-84e8-4746-bc10-f8bd170934d7,08/02/2017,Feb-17,2,2017,STEENBRAS UPPER,Major Dam,31767,19.21,18506,58.26
6c17ebdf-1cf1-4559-8de5-ebfc57742c74,09/02/2017,Feb-17,2,2017,STEENBRAS UPPER,Major Dam,31767,19.2,18488,58.2
25de31ce-2451-4212-9f3d-9e79a60ef140,10/02/2017,Feb-17,2,2017,STEENBRAS UPPER,Major Dam,31767,19.2,18488,58.2
6be4187e-6a74-4461-a3ba-6bddfcc47893,11/02/2017,Feb-17,2,2017,STEENBRAS UPPER,Major Dam,31767,19.19,18469,58.14
3dd0db3c-ac10-4bff-97b1-0ee1dad3eefa,12/02/2017,Feb-17,2,2017,STEENBRAS UPPER,Major Dam,31767,19.19,18469,58.14
531bfeae-2971-46bd-ae4b-474c5cfbaa8a,13/02/2017,Feb-17,2,2017,STEENBRAS UPPER,Major Dam,31767,19.18,18450,58.08
afa8e194-8d91-48f5-9c67-1e8081061a35,14/02/2017,Feb-17,2,2017,STEENBRAS UPPER,Major Dam,31767,19.11,18319,57.67
a49fbc21-2821-4652-bcec-2861a830677a,15/02/2017,Feb-17,2,2017,STEENBRAS UPPER,Major Dam,31767,19.1,18301,57.61
34e46373-e307-4fb5-ab70-6cd9ea44cfeb,16/02/2017,Feb-17,2,2017,STEENBRAS UPPER,Major Dam,31767,19.09,18282,57.55
84c33ffd-fa57-4f33-848c-bd684ea07fb6,17/02/2017,Feb-17,2,2017,STEENBRAS UPPER,Major Dam,31767,19.09,18282,57.55
654b9643-fba0-4b8e-b7d1-f561fe94a20f,18/02/2017,Feb-17,2,2017,STEENBRAS UPPER,Major Dam,31767,19.08,18263,57.49
bc2c39a0-4d8f-431c-b1d8-7ab31343931d,19/02/2017,Feb-17,2,2017,STEENBRAS UPPER,Major Dam,31767,19.08,18263,57.49
1b51595f-1485-4e13-84a2-15eeca5d9a01,20/02/2017,Feb-17,2,2017,STEENBRAS UPPER,Major Dam,31767,19.07,18244,57.43
8c7a601c-f68a-4b7a-a5ed-795eb535e9a9,21/02/2017,Feb-17,2,2017,STEENBRAS UPPER,Major Dam,31767,19.06,18225,57.37
467e5da7-5c43-4b44-8c60-1291966a214c,22/02/2017,Feb-17,2,2017,STEENBRAS UPPER,Major Dam,31767,19.04,18187,57.25
e4833caa-f208-4b52-a9be-f62d849296c8,23/02/2017,Feb-17,2,2017,STEENBRAS UPPER,Major Dam,31767,19.03,18169,57.19
37d894f1-2666-40cc-9a04-2c213f429cda,24/02/2017,Feb-17,2,2017,STEENBRAS UPPER,Major Dam,31767,19.01,18133,57.08
39073190-d52f-4d51-b506-72acbc813fe3,25/02/2017,Feb-17,2,2017,STEENBRAS UPPER,Major Dam,31767,19,18115,57.02
96e3a027-7a79-4042-a433-d5437bb24df8,26/02/2017,Feb-17,2,2017,STEENBRAS UPPER,Major Dam,31767,19,18115,57.02
9efd2a52-3c12-4117-a792-30f293b5298e,27/02/2017,Feb-17,2,2017,STEENBRAS UPPER,Major Dam,31767,18.99,18096,56.96
ac00cdb8-40af-45e8-89b0-d99e953f4ea2,28/02/2017,Feb-17,2,2017,STEENBRAS UPPER,Major Dam,31767,18.99,18096,56.96
37778905-8ddf-4819-9540-4baf7aa50511,01/03/2017,Mar-17,3,2017,STEENBRAS UPPER,Major Dam,31767,18.92,17966,56.56
1726a0e9-cfb7-476a-9985-0b9c7836f618,02/03/2017,Mar-17,3,2017,STEENBRAS UPPER,Major Dam,31767,18.91,17948,56.5
ab27d163-4fa5-4990-a1ba-038ae830c8fe,03/03/2017,Mar-17,3,2017,STEENBRAS UPPER,Major Dam,31767,18.91,17948,56.5
2c0987f5-875a-41df-9c53-692bbb04d2b7,04/03/2017,Mar-17,3,2017,STEENBRAS UPPER,Major Dam,31767,18.91,17948,56.5
efabfa2b-65c6-4760-8ce8-e42307281a9c,05/03/2017,Mar-17,3,2017,STEENBRAS UPPER,Major Dam,31767,18.9,17930,56.44
06421969-ff4e-46ca-9306-add8651ca84a,06/03/2017,Mar-17,3,2017,STEENBRAS UPPER,Major Dam,31767,18.9,17930,56.44
7aa8bba4-4e57-414f-a146-cd5b774c7c49,07/03/2017,Mar-17,3,2017,STEENBRAS UPPER,Major Dam,31767,18.9,17930,56.44
9b0804ad-1193-4cde-8353-51d7acb22665,08/03/2017,Mar-17,3,2017,STEENBRAS UPPER,Major Dam,31767,18.89,17911,56.38
0d7c23de-70e0-4368-b98b-76a0d3ddfec4,09/03/2017,Mar-17,3,2017,STEENBRAS UPPER,Major Dam,31767,18.89,17911,56.38
94529cb9-fecf-43a1-9ab9-1b32fa241395,10/03/2017,Mar-17,3,2017,STEENBRAS UPPER,Major Dam,31767,18.87,17873,56.26
08af89b3-e5b0-4598-9eb4-f538cc9acfa5,11/03/2017,Mar-17,3,2017,STEENBRAS UPPER,Major Dam,31767,18.87,17873,56.26
b1d6ec20-014f-4c97-96b5-823d8c593266,12/03/2017,Mar-17,3,2017,STEENBRAS UPPER,Major Dam,31767,18.87,17873,56.26
234e96e7-0652-418e-8a4a-8b6340beeb5b,13/03/2017,Mar-17,3,2017,STEENBRAS UPPER,Major Dam,31767,18.86,17854,56.2
58a36d63-4b50-436d-85bc-cd0111b2d0aa,14/03/2017,Mar-17,3,2017,STEENBRAS UPPER,Major Dam,31767,18.84,17818,56.09
4c86c8ff-3d3b-48b1-b77c-53d92e6ec79b,15/03/2017,Mar-17,3,2017,STEENBRAS UPPER,Major Dam,31767,18.85,17836,56.15
08e7106a-3f52-49d7-8041-56633d4aa894,16/03/2017,Mar-17,3,2017,STEENBRAS UPPER,Major Dam,31767,18.84,17818,56.09
47c5b63f-bb6d-4e63-9427-edc605b32702,17/03/2017,Mar-17,3,2017,STEENBRAS UPPER,Major Dam,31767,18.84,17818,56.09
3b782bfb-c244-42fb-9a4e-d9d321c6d5d4,18/03/2017,Mar-17,3,2017,STEENBRAS UPPER,Major Dam,31767,18.84,17818,56.09
1cb6baa6-a662-4002-989a-6c201791707b,19/03/2017,Mar-17,3,2017,STEENBRAS UPPER,Major Dam,31767,18.84,17818,56.09
c7960636-41e0-4e95-913c-ca627b021707,20/03/2017,Mar-17,3,2017,STEENBRAS UPPER,Major Dam,31767,18.84,17818,56.09
b24883e6-1ab5-45e7-9c06-7fe7aad8167e,21/03/2017,Mar-17,3,2017,STEENBRAS UPPER,Major Dam,31767,18.82,17782,55.98
03a8f6c9-b58c-4b7c-8c84-5bc999801e5b,22/03/2017,Mar-17,3,2017,STEENBRAS UPPER,Major Dam,31767,18.82,17782,55.98
2462a466-a7e7-4f08-a2ca-95023197108a,23/03/2017,Mar-17,3,2017,STEENBRAS UPPER,Major Dam,31767,18.77,17689,55.68
9eabdd8e-588f-40ec-a820-1cbdab1b141c,24/03/2017,Mar-17,3,2017,STEENBRAS UPPER,Major Dam,31767,18.71,17581,55.34
df23c402-3e5c-41f1-a867-6f8ba18b225a,25/03/2017,Mar-17,3,2017,STEENBRAS UPPER,Major Dam,31767,18.71,17581,55.34
8bec429a-488a-4d56-a901-29f23fd3cdff,26/03/2017,Mar-17,3,2017,STEENBRAS UPPER,Major Dam,31767,18.7,17563,55.29
afa6012e-6735-4e79-a361-1380de2c1cdc,27/03/2017,Mar-17,3,2017,STEENBRAS UPPER,Major Dam,31767,18.69,17544,55.23
6f1aaa9c-a9ec-4c98-915e-6377498041fa,28/03/2017,Mar-17,3,2017,STEENBRAS UPPER,Major Dam,31767,17.69,15764,49.62
4464ea15-136f-4181-b6fd-f500f203ff00,29/03/2017,Mar-17,3,2017,STEENBRAS UPPER,Major Dam,31767,18.65,17470,54.99
ede8499c-6d4d-41a5-bc68-537b59920574,30/03/2017,Mar-17,3,2017,STEENBRAS UPPER,Major Dam,31767,18.55,17289,54.42
e8edfa5b-cadc-4205-bf46-9c51ebfae4a7,31/03/2017,Mar-17,3,2017,STEENBRAS UPPER,Major Dam,31767,18.34,16911,53.23
c1fedbdd-2c62-4b2c-9d61-7bae4d3e0dfd,01/04/2017,Apr-17,4,2017,STEENBRAS UPPER,Major Dam,31767,18.63,17434,54.88
1b3a0f36-073e-4748-b5c4-e2b89beb5309,02/04/2017,Apr-17,4,2017,STEENBRAS UPPER,Major Dam,31767,18.53,17253,54.31
6baa9711-f1c8-4d8f-9d3a-c4e840732f19,03/04/2017,Apr-17,4,2017,STEENBRAS UPPER,Major Dam,31767,18.66,17488,55.05
e2d54f14-b0fb-4d47-a918-cf7c2b65835e,04/04/2017,Apr-17,4,2017,STEENBRAS UPPER,Major Dam,31767,18.39,17001,53.52
d94cfb02-24e0-4c75-bc11-872cf6dc99d3,05/04/2017,Apr-17,4,2017,STEENBRAS UPPER,Major Dam,31767,18.47,17145,53.97
ffbf717b-918b-40e7-8f28-f593c9b54f5b,06/04/2017,Apr-17,4,2017,STEENBRAS UPPER,Major Dam,31767,18.38,16983,53.46
67468d37-c011-4c45-a92f-0e023cf5ef85,07/04/2017,Apr-17,4,2017,STEENBRAS UPPER,Major Dam,31767,18.27,16785,52.84
41eb7b57-3142-4c12-8446-65e6be10f26a,08/04/2017,Apr-17,4,2017,STEENBRAS UPPER,Major Dam,31767,18.16,16589,52.22
d55e6037-7ed8-4d16-9c87-6949a9aac18b,09/04/2017,Apr-17,4,2017,STEENBRAS UPPER,Major Dam,31767,18.06,16411,51.66
fa285b7f-c573-4230-aa79-c790f37de1e7,10/04/2017,Apr-17,4,2017,STEENBRAS UPPER,Major Dam,31767,17.96,16235,51.11
5e536a4e-5f1e-4731-b8dc-b560ecc482fc,11/04/2017,Apr-17,4,2017,STEENBRAS UPPER,Major Dam,31767,17.8,15956,50.23
82b776c9-f927-484e-a784-c49ce907bbcb,12/04/2017,Apr-17,4,2017,STEENBRAS UPPER,Major Dam,31767,17.75,15867,49.95
012ef406-c729-4658-bf9c-5e49baa3891d,13/04/2017,Apr-17,4,2017,STEENBRAS UPPER,Major Dam,31767,17.7,15782,49.68
576391cc-e097-4c19-b86d-6bca2252c3de,14/04/2017,Apr-17,4,2017,STEENBRAS UPPER,Major Dam,31767,17.7,15782,49.68
2a4df6e1-46f3-4d66-91e4-8d720059e339,15/04/2017,Apr-17,4,2017,STEENBRAS UPPER,Major Dam,31767,17.7,15782,49.68
aaf67cd4-aada-4e2c-8881-7cc138a808bf,16/04/2017,Apr-17,4,2017,STEENBRAS UPPER,Major Dam,31767,17.68,15746,49.57
76731812-c4ee-44e9-ba9a-bcfb9d3c5f2b,17/04/2017,Apr-17,4,2017,STEENBRAS UPPER,Major Dam,31767,17.68,15746,49.57
4d893218-f60e-4bae-91fd-7ab619a8bb2d,18/04/2017,Apr-17,4,2017,STEENBRAS UPPER,Major Dam,31767,17.67,15728,49.51
f82e5d3d-181d-439b-9124-01702b129e47,19/04/2017,Apr-17,4,2017,STEENBRAS UPPER,Major Dam,31767,17.67,15728,49.51
6266d525-c74a-4e9b-830c-f93bef7877c6,20/04/2017,Apr-17,4,2017,STEENBRAS UPPER,Major Dam,31767,17.77,15902,50.06
b3555ade-2b8b-4b02-866b-6221347c1f4f,21/04/2017,Apr-17,4,2017,STEENBRAS UPPER,Major Dam,31767,17.66,15711,49.46
b21ae12c-2878-4280-b49f-be6c5511c58a,22/04/2017,Apr-17,4,2017,STEENBRAS UPPER,Major Dam,31767,17.9,16131,50.78
d30feadc-cd7b-4d40-a353-e0c1143d9d06,23/04/2017,Apr-17,4,2017,STEENBRAS UPPER,Major Dam,31767,18.23,16713,52.61
4126357a-edb1-4eaf-b3a1-cbc712fec3bf,24/04/2017,Apr-17,4,2017,STEENBRAS UPPER,Major Dam,31767,18.55,17289,54.42
17b71c0b-701c-4dcd-9781-a4004806c028,25/04/2017,Apr-17,4,2017,STEENBRAS UPPER,Major Dam,31767,18.67,17506,55.11
606ca281-e82e-4286-958b-66647a639a0a,26/04/2017,Apr-17,4,2017,STEENBRAS UPPER,Major Dam,31767,18.89,17911,56.38
5b13e190-f876-4a1b-805d-f70d72b32a08,27/04/2017,Apr-17,4,2017,STEENBRAS UPPER,Major Dam,31767,18.64,17452,54.94
1aebb213-2369-4a2c-a6d9-36bba7bb6c2a,28/04/2017,Apr-17,4,2017,STEENBRAS UPPER,Major Dam,31767,18.64,17452,54.94
672b5ecf-7ac3-4157-980b-4f00e87fcec6,29/04/2017,Apr-17,4,2017,STEENBRAS UPPER,Major Dam,31767,18.64,17452,54.94
f9941a97-def5-4b40-a052-0bfe6cd54c3c,30/04/2017,Apr-17,4,2017,STEENBRAS UPPER,Major Dam,31767,18.64,17452,54.94
f420f876-509d-4574-b054-3f4084a9fa6e,01/05/2017,May-17,5,2017,STEENBRAS UPPER,Major Dam,31767,18.63,17434,54.88
b8b4b60b-b404-4b61-8db6-1ef88807bf85,02/05/2017,May-17,5,2017,STEENBRAS UPPER,Major Dam,31767,19.08,18263,57.49
55e0d040-94f9-4169-a834-b22ef1917d17,03/05/2017,May-17,5,2017,STEENBRAS UPPER,Major Dam,31767,19.07,18244,57.43
e56713d8-be89-4271-87fe-4e82b10a3cc2,04/05/2017,May-17,5,2017,STEENBRAS UPPER,Major Dam,31767,19.02,18151,57.14
b84c2b7c-e7ce-4beb-94c9-1584a3006706,05/05/2017,May-17,5,2017,STEENBRAS UPPER,Major Dam,31767,18.97,18058,56.85
9ce99efc-6bf7-4294-b8ef-438a6296899e,06/05/2017,May-17,5,2017,STEENBRAS UPPER,Major Dam,31767,18.97,18058,56.85
029ffaa5-8cad-435b-8b3b-289afeda883e,07/05/2017,May-17,5,2017,STEENBRAS UPPER,Major Dam,31767,18.97,18058,56.85
685540c9-2da5-462e-941f-c803cf2ff8e9,08/08/2017,Aug-17,8,2017,STEENBRAS UPPER,Major Dam,31767,18.97,18058,56.85
b3cd298e-80d3-43a3-b071-0df15ff5fa9d,09/05/2017,May-17,5,2017,STEENBRAS UPPER,Major Dam,31767,18.87,17873,56.26
8a13b6a8-182d-4b65-a8db-0419535d2a0f,10/05/2017,May-17,5,2017,STEENBRAS UPPER,Major Dam,31767,18.82,17782,55.98
f6681b21-ba34-4d32-9bde-d08cb0a34889,11/05/2017,May-17,5,2017,STEENBRAS UPPER,Major Dam,31767,18.92,17966,56.56
d611fb26-b64c-4236-96d8-d863f2ac80d5,12/05/2017,May-17,5,2017,STEENBRAS UPPER,Major Dam,31767,18.98,18077,56.9
0334df09-d240-4b80-8856-8e183123617e,13/05/2017,May-17,5,2017,STEENBRAS UPPER,Major Dam,31767,18.94,18002,56.67
898547bd-acc3-4ee2-8248-7519e2d956a4,14/05/2017,May-17,5,2017,STEENBRAS UPPER,Major Dam,31767,18.94,18002,56.67
28de56a6-ee55-4513-93e4-8342358f1f62,15/05/2017,May-17,5,2017,STEENBRAS UPPER,Major Dam,31767,18.94,18002,56.67
d7cb254e-5608-4d0a-ae8a-125d9ae78a71,16/05/2017,May-17,5,2017,STEENBRAS UPPER,Major Dam,31767,18.85,17836,56.15
a463ad17-de3a-432c-b53b-e265e385f139,17/05/2017,May-17,5,2017,STEENBRAS UPPER,Major Dam,31767,18.76,17671,55.63
d2324e83-726f-4847-a2ec-316efe3cff4d,18/05/2017,May-17,5,2017,STEENBRAS UPPER,Major Dam,31767,18.66,17488,55.05
942a1999-282c-443c-8429-44aa684e638d,19/05/2017,May-17,5,2017,STEENBRAS UPPER,Major Dam,31767,18.78,17708,55.74
99bb8c13-1dc9-45f1-b5f6-f7dfbadb71e7,20/05/2017,May-17,5,2017,STEENBRAS UPPER,Major Dam,31767,18.78,17708,55.74
f277b0b0-cb8a-4051-b809-54c3c0f4d52d,21/05/2017,May-17,5,2017,STEENBRAS UPPER,Major Dam,31767,18.78,17708,55.74
dbd2d3ad-6efb-40cb-8ae6-4aa9175a14a3,22/05/2017,May-17,5,2017,STEENBRAS UPPER,Major Dam,31767,19.03,18169,57.19
dbbfe7e7-af7b-4e60-ad4f-c22a8e9ab948,23/05/2017,May-17,5,2017,STEENBRAS UPPER,Major Dam,31767,18.95,18020,56.73
71bee32c-ca18-4f1d-bb0d-703de8def62c,24/05/2017,May-17,5,2017,STEENBRAS UPPER,Major Dam,31767,18.86,17854,56.2
8ebc5ef6-0ab7-4c84-8f49-b162f52ef904,25/05/2017,May-17,5,2017,STEENBRAS UPPER,Major Dam,31767,18.77,17689,55.68
19db3df8-bf3a-4ea9-9728-b51f8c9e7758,26/05/2017,May-17,5,2017,STEENBRAS UPPER,Major Dam,31767,18.71,17581,55.34
e482246a-f436-465c-8f5b-bf95f085e807,27/05/2017,May-17,5,2017,STEENBRAS UPPER,Major Dam,31767,18.95,18020,56.73
5635bc11-c829-4abf-becd-4a54cba61298,28/05/2017,May-17,5,2017,STEENBRAS UPPER,Major Dam,31767,18.95,18020,56.73
d3c75b38-aa88-473f-955e-00bf90be3300,29/05/2017,May-17,5,2017,STEENBRAS UPPER,Major Dam,31767,18.95,18020,56.73
8bc52b69-d1a6-40ef-b827-158694bede69,30/05/2017,May-17,5,2017,STEENBRAS UPPER,Major Dam,31767,18.93,17984,56.61
a74fcd05-4a61-4b5d-a303-d7b95d4dc0a4,31/05/2017,May-17,5,2017,STEENBRAS UPPER,Major Dam,31767,18.8,17746,55.86
d6abd3da-51da-48c7-b840-9e3eedbd9d81,01/06/2017,Jun-17,6,2017,STEENBRAS UPPER,Major Dam,31767,18.59,17361,54.65
e29f3379-66f5-4138-a78a-f487dcd799b4,02/06/2017,Jun-17,6,2017,STEENBRAS UPPER,Major Dam,31767,18.45,17109,53.86
7a8f4913-5a2e-4d76-b0a4-ffb3f7445457,03/06/2017,Jun-17,6,2017,STEENBRAS UPPER,Major Dam,31767,18.31,16857,53.06
9b79b6fe-a5a1-419e-a788-84e2fb8975bd,04/06/2017,Jun-17,6,2017,STEENBRAS UPPER,Major Dam,31767,18.18,16625,52.33
08d6a23c-7752-46b7-819c-fdc42f5ce68f,05/06/2017,Jun-17,6,2017,STEENBRAS UPPER,Major Dam,31767,18.06,16411,51.66
fe1a613a-7d10-40b3-8f8b-f14780ad1b53,06/06/2017,Jun-17,6,2017,STEENBRAS UPPER,Major Dam,31767,17.88,16095,50.67
caf2091c-010e-4897-b553-d33ba54e9b7c,07/06/2017,Jun-17,6,2017,STEENBRAS UPPER,Major Dam,31767,17.96,16235,51.11
26fa34e5-511d-4eba-a1b5-1b3c0ca79e95,08/06/2017,Jun-17,6,2017,STEENBRAS UPPER,Major Dam,31767,17.89,16113,50.72
9a68fae3-6531-4daf-815d-a579e4d1935b,09/06/2017,Jun-17,6,2017,STEENBRAS UPPER,Major Dam,31767,17.74,15850,49.89
0d07fded-83de-46c7-8992-4e98eb4291e4,10/06/2017,Jun-17,6,2017,STEENBRAS UPPER,Major Dam,31767,17.77,15902,50.06
0c90fc2b-04a5-49ff-a691-564a80691e66,11/06/2017,Jun-17,6,2017,STEENBRAS UPPER,Major Dam,31767,17.97,16253,51.16
9ab29c4e-276d-4168-8fd6-bb7b0ca423c3,12/06/2017,Jun-17,6,2017,STEENBRAS UPPER,Major Dam,31767,18.44,17091,53.8
1b6c73c9-4644-419a-a0f9-930a867eb2a7,13/06/2017,Jun-17,6,2017,STEENBRAS UPPER,Major Dam,31767,18.89,17911,56.38
a64e596a-3456-4cff-b14d-1c6930f7e634,14/06/2017,Jun-17,6,2017,STEENBRAS UPPER,Major Dam,31767,18.83,17800,56.03
563944e3-d6fd-4f3d-9342-522e1618fbb6,15/06/2017,Jun-17,6,2017,STEENBRAS UPPER,Major Dam,31767,18.93,17984,56.61
e6cc8fbf-18f0-40e2-ac92-acbd443d19eb,16/06/2017,Jun-17,6,2017,STEENBRAS UPPER,Major Dam,31767,19.07,18244,57.43
70de62d2-2cad-4fc8-88ca-3424603f7466,17/06/2017,Jun-17,6,2017,STEENBRAS UPPER,Major Dam,31767,19.27,18618,58.61
584d0551-d7b3-4b00-b5ef-b31e17d6cf49,18/06/2017,Jun-17,6,2017,STEENBRAS UPPER,Major Dam,31767,19.31,18693,58.84
ad3e0821-f7df-493d-97de-022e0ab907cf,19/06/2017,Jun-17,6,2017,STEENBRAS UPPER,Major Dam,31767,19.31,18693,58.84
87f8bb38-1d73-4977-86e5-654090425617,20/06/2017,Jun-17,6,2017,STEENBRAS UPPER,Major Dam,31767,19.46,18978,59.74
351af4cb-c843-4f52-bf4e-0e0cf21c8559,21/06/2017,Jun-17,6,2017,STEENBRAS UPPER,Major Dam,31767,19.47,18997,59.8
4d8b0be5-d8d1-4d93-bccf-e42c25669fa2,22/06/2017,Jun-17,6,2017,STEENBRAS UPPER,Major Dam,31767,19.42,18902,59.5
e79f6d5d-341f-4f56-83dc-dd873bbc2c9b,23/06/2017,Jun-17,6,2017,STEENBRAS UPPER,Major Dam,31767,19.49,19035,59.92
24807b1e-3321-4dca-a67f-7dc5fbbbeade,24/06/2017,Jun-17,6,2017,STEENBRAS UPPER,Major Dam,31767,19.6,19244,60.58
4f0abb49-2f50-47b0-9201-aebd6c9e8a56,25/06/2017,Jun-17,6,2017,STEENBRAS UPPER,Major Dam,31767,19.61,19263,60.64
02433d50-cc91-4e96-a36c-697f863e09a1,26/06/2017,Jun-17,6,2017,STEENBRAS UPPER,Major Dam,31767,19.59,19225,60.52
30366274-e185-4cfb-8561-0b3c6ee75c92,27/06/2017,Jun-17,6,2017,STEENBRAS UPPER,Major Dam,31767,19.63,19301,60.76
e57d160f-e11b-48d9-9383-1bcf76ba9649,28/06/2017,Jun-17,6,2017,STEENBRAS UPPER,Major Dam,31767,19.52,19092,60.1
f501d037-3878-43de-8ac3-9a4ca26145fd,29/06/2017,Jun-17,6,2017,STEENBRAS UPPER,Major Dam,31767,19.65,19339,60.88
38715f73-f274-44dc-a2a2-aacd88e5f0a0,30/06/2017,Jun-17,6,2017,STEENBRAS UPPER,Major Dam,31767,19.71,19454,61.24
598dc7fa-999a-43bd-acff-6fce1ca83db0,01/07/2017,Jul-17,7,2017,STEENBRAS UPPER,Major Dam,31767,19.83,19685,61.97
07a590ea-a0c5-43ff-824e-e96593f60c75,02/07/2017,Jul-17,7,2017,STEENBRAS UPPER,Major Dam,31767,20.02,20055,63.13
74a5ef8c-5922-4d8c-bb43-e6b11502025c,03/07/2017,Jul-17,7,2017,STEENBRAS UPPER,Major Dam,31767,20.43,20916,65.84
b1117cb8-8325-4c06-8f65-c7a4e790f138,04/07/2017,Jul-17,7,2017,STEENBRAS UPPER,Major Dam,31767,20.38,20810,65.51
d35e3906-46a0-4d9d-bf95-b036bfe7b770,05/07/2017,Jul-17,7,2017,STEENBRAS UPPER,Major Dam,31767,20.49,21043,66.24
885f150b-34e2-40ac-a478-68582cf63211,06/07/2017,Jul-17,7,2017,STEENBRAS UPPER,Major Dam,31767,20.4,20853,65.64
78a98d56-15a8-465b-9956-86fe36f89113,07/07/2017,Jul-17,7,2017,STEENBRAS UPPER,Major Dam,31767,20.32,20684,65.11
beccb37b-19de-4ee9-b951-e47857563e12,08/07/2017,Jul-17,7,2017,STEENBRAS UPPER,Major Dam,31767,20.33,20705,65.18
a1a66818-57cf-498b-bdea-d8801c3b7717,09/07/2017,Jul-17,7,2017,STEENBRAS UPPER,Major Dam,31767,20.37,20789,65.44
a3f34187-3004-4101-825b-1d223aadf961,10/07/2017,Jul-17,7,2017,STEENBRAS UPPER,Major Dam,31767,20.41,20874,65.71
776ab629-9741-4124-9b6e-d70b6932598c,11/07/2017,Jul-17,7,2017,STEENBRAS UPPER,Major Dam,31767,20.48,21021,66.17
50d820ba-6a7d-4815-87c7-e166a4ebbc3a,12/07/2017,Jul-17,7,2017,STEENBRAS UPPER,Major Dam,31767,20.57,21210,66.77
aa45f153-08b0-4004-bbbf-07fd8b1c355e,13/07/2017,Jul-17,7,2017,STEENBRAS UPPER,Major Dam,31767,20.62,21317,67.1
b393ca8c-707d-4507-a92c-ed53b01665b6,14/07/2017,Jul-17,7,2017,STEENBRAS UPPER,Major Dam,31767,20.67,21427,67.45
55b917a5-65ae-4bd5-a7de-6c2300a241f5,15/07/2017,Jul-17,7,2017,STEENBRAS UPPER,Major Dam,31767,20.83,21771,68.53
d02b82fa-b2af-4837-b418-8d05d2a89cb4,16/07/2017,Jul-17,7,2017,STEENBRAS UPPER,Major Dam,31767,21.03,22207,69.91
6a40daa3-5d50-4a2c-9433-4b26a15c2212,17/07/2017,Jul-17,7,2017,STEENBRAS UPPER,Major Dam,31767,21.21,22603,71.15
80abfe5c-db91-449a-ab67-5d087bad36c3,18/07/2017,Jul-17,7,2017,STEENBRAS UPPER,Major Dam,31767,21.4,23024,72.48
8df90c7f-dbb5-4ed4-922c-b2ee5ff6ed1f,19/07/2017,Jul-17,7,2017,STEENBRAS UPPER,Major Dam,31767,21.63,23538,74.1
9db1ced7-948b-45ef-9e9f-010a2a01b8cd,20/07/2017,Jul-17,7,2017,STEENBRAS UPPER,Major Dam,31767,21.86,24060,75.74
072061db-8980-44af-9875-7a1e9d953be9,21/07/2017,Jul-17,7,2017,STEENBRAS UPPER,Major Dam,31767,21.95,24266,76.39
4ede0123-f479-4055-b1be-ae48d2b56506,22/07/2017,Jul-17,7,2017,STEENBRAS UPPER,Major Dam,31767,22.19,24818,78.13
d331b650-a440-48ad-b859-5d2138fd710b,23/07/2017,Jul-17,7,2017,STEENBRAS UPPER,Major Dam,31767,22.46,25446,80.1
33c19fde-787f-49ff-9fbb-c659435815ea,24/07/2017,Jul-17,7,2017,STEENBRAS UPPER,Major Dam,31767,22.73,26084,82.11
f5201ad2-02df-4008-aa1c-9d442a2aeef6,25/07/2017,Jul-17,7,2017,STEENBRAS UPPER,Major Dam,31767,22.79,26228,82.56
a49b15c7-c006-40aa-a8cd-c912697d5d07,26/07/2017,Jul-17,7,2017,STEENBRAS UPPER,Major Dam,31767,22.76,26156,82.34
730aeae3-d42c-42b6-8c8e-316682b824e6,27/07/2017,Jul-17,7,2017,STEENBRAS UPPER,Major Dam,31767,22.83,26322,82.86
b7ddfc7f-45f4-4305-a630-fbe85a918fa8,28/07/2017,Jul-17,7,2017,STEENBRAS UPPER,Major Dam,31767,22.75,26132,82.26
ac6ce0e7-a333-4bd2-9cac-abf2c788e2a3,29/07/2017,Jul-17,7,2017,STEENBRAS UPPER,Major Dam,31767,22.75,26132,82.26
d41a8af6-f9fb-4080-b00e-35021fb7533f,30/07/2017,Jul-17,7,2017,STEENBRAS UPPER,Major Dam,31767,22.76,26156,82.34
63106ef3-ced8-4abf-ba65-e7a960163193,31/07/2017,Jul-17,7,2017,STEENBRAS UPPER,Major Dam,31767,22.77,26180,82.41
f87679bc-1aa2-4a11-82d8-a8b30b1e3bce,01/08/2017,Aug-17,8,2017,STEENBRAS UPPER,Major Dam,31767,22.76,26156,82.34
efccffb4-aaf2-4ea0-8396-9f3a49e06e0f,02/08/2017,Aug-17,8,2017,STEENBRAS UPPER,Major Dam,31767,22.78,26204,82.49
c5795d1e-ce5b-4224-9c0e-3137c0532b8d,03/08/2017,Aug-17,8,2017,STEENBRAS UPPER,Major Dam,31767,22.81,26275,82.71
11bdbeba-9db4-40b0-ab24-1348731a96f3,04/08/2017,Aug-17,8,2017,STEENBRAS UPPER,Major Dam,31767,23,26730,84.14
525a517a-58a9-4ce0-ae73-1979af2b9b97,05/08/2017,Aug-17,8,2017,STEENBRAS UPPER,Major Dam,31767,23.19,27189,85.59
1d950add-4f93-441f-93e2-298507127a6f,06/08/2017,Aug-17,8,2017,STEENBRAS UPPER,Major Dam,31767,23.42,27750,87.35
5003c5bd-267f-4417-8714-bd2c5ded9ca4,07/08/2017,Aug-17,8,2017,STEENBRAS UPPER,Major Dam,31767,23.42,27750,87.35
a2a82da4-8e98-4f5c-8bdf-3efb2f7a68e5,08/08/2017,Aug-17,8,2017,STEENBRAS UPPER,Major Dam,31767,23.38,27652,87.05
a32c690c-29a4-4a99-bf29-3222d2fd5c5a,09/08/2017,Aug-17,8,2017,STEENBRAS UPPER,Major Dam,31767,23.37,27627,86.97
81c96b1b-c72e-4c8f-8812-ab2490a88fd3,10/08/2017,Aug-17,8,2017,STEENBRAS UPPER,Major Dam,31767,23.37,27627,86.97
a7aa6305-30b3-41d5-a671-b6b3cbfe4463,11/08/2017,Aug-17,8,2017,STEENBRAS UPPER,Major Dam,31767,23.45,27822,87.58
03a8aab8-8616-459f-bfcc-f2e13933e1be,12/08/2017,Aug-17,8,2017,STEENBRAS UPPER,Major Dam,31767,23.67,28367,89.3
b4a0fbeb-286a-4054-accb-9127807ba6c2,13/08/2017,Aug-17,8,2017,STEENBRAS UPPER,Major Dam,31767,23.91,28966,91.18
9db775a8-0d64-4620-9460-ccc17aad0c3f,14/08/2017,Aug-17,8,2017,STEENBRAS UPPER,Major Dam,31767,23.96,29091,91.58
205fe7b8-0a13-4d36-ba63-6384afc11da7,15/08/2017,Aug-17,8,2017,STEENBRAS UPPER,Major Dam,31767,24.08,29393,92.53
5217a11a-6a8c-46b0-b151-8e620656745c,16/08/2017,Aug-17,8,2017,STEENBRAS UPPER,Major Dam,31767,24.12,29495,92.85
6cb31238-6c44-4b7d-8b76-c9f2c350d2ac,17/08/2017,Aug-17,8,2017,STEENBRAS UPPER,Major Dam,31767,24.36,30104,94.77
cef8cfff-0dcb-4f98-8452-e0571512af25,18/08/2017,Aug-17,8,2017,STEENBRAS UPPER,Major Dam,31767,24.54,30567,96.22
adef4714-5dd8-414c-9ab2-eee633678271,19/08/2017,Aug-17,8,2017,STEENBRAS UPPER,Major Dam,31767,24.59,30697,96.63
6c3d8ce8-8266-44c4-8d3d-1fc45ef3bd99,20/08/2017,Aug-17,8,2017,STEENBRAS UPPER,Major Dam,31767,24.6,30723,96.71
1125bf36-84e4-4a94-9ca7-3b24e57c9ee2,21/08/2017,Aug-17,8,2017,STEENBRAS UPPER,Major Dam,31767,24.61,30748,96.79
795e68ec-d0a2-4dd0-9eec-3ad3f0538595,22/08/2017,Aug-17,8,2017,STEENBRAS UPPER,Major Dam,31767,24.81,31268,98.43
975c6580-69e4-47e2-8327-8292ce0c2db7,23/08/2017,Aug-17,8,2017,STEENBRAS UPPER,Major Dam,31767,25.14,32145,101.19
07f59ebb-53d0-4e64-ac9a-8e74572edd3c,24/08/2017,Aug-17,8,2017,STEENBRAS UPPER,Major Dam,31767,25.26,32469,102.21
5c33bd55-2d48-45c2-a3a7-9168bcc65de9,25/08/2017,Aug-17,8,2017,STEENBRAS UPPER,Major Dam,31767,25.13,32118,101.1
5a19d009-a757-4f72-8dc7-877d36db30c6,26/08/2017,Aug-17,8,2017,STEENBRAS UPPER,Major Dam,31767,25.07,31956,100.59
9ad0a26f-d6cf-4c46-b94e-52bee8e28fc6,27/08/2017,Aug-17,8,2017,STEENBRAS UPPER,Major Dam,31767,25.08,31983,100.68
e9e0ea24-a3fc-42dc-9e66-fc22dc089a97,28/08/2017,Aug-17,8,2017,STEENBRAS UPPER,Major Dam,31767,25.18,32253,101.53
f3328c27-5900-4aab-8027-a6f55a504eab,29/08/2017,Aug-17,8,2017,STEENBRAS UPPER,Major Dam,31767,25.07,31956,100.59
88e6829e-551c-43a6-a9e4-08b1652d95de,30/08/2017,Aug-17,8,2017,STEENBRAS UPPER,Major Dam,31767,25.18,32253,101.53
f8c9dbcf-5d51-4613-b944-028004cac701,31/08/2017,Aug-17,8,2017,STEENBRAS UPPER,Major Dam,31767,25.05,31902,100.42
a3a1636f-1e0e-41c1-b380-7ea06ad08edb,01/09/2017,Sep-17,9,2017,STEENBRAS UPPER,Major Dam,31767,25.22,32361,101.87
be0dc225-3a03-468e-a822-b0bbc30f4f62,02/09/2017,Sep-17,9,2017,STEENBRAS UPPER,Major Dam,31767,25.18,32253,101.53
d9f3248d-70e4-4aae-bcc5-0c6f1972fbe0,03/09/2017,Sep-17,9,2017,STEENBRAS UPPER,Major Dam,31767,25.19,32280,101.61
8fe6b713-2303-410f-ba3b-658fe70bc1d8,04/09/2017,Sep-17,9,2017,STEENBRAS UPPER,Major Dam,31767,25.11,32064,100.93
09a36d7a-0b76-47b4-ab99-c58304897f88,05/09/2017,Sep-17,9,2017,STEENBRAS UPPER,Major Dam,31767,25.03,31848,100.25
e09da256-abea-4b3d-a5b3-7082ac14b3fb,06/09/2017,Sep-17,9,2017,STEENBRAS UPPER,Major Dam,31767,25.13,32118,101.1
80dbb001-621f-4c95-b638-160ec086e3ef,07/09/2017,Sep-17,9,2017,STEENBRAS UPPER,Major Dam,31767,25.11,32064,100.93
38591b1e-3a6a-4257-bbcc-e703237283b9,08/09/2017,Sep-17,9,2017,STEENBRAS UPPER,Major Dam,31767,24.99,31740,99.92
62f38f8f-958a-465c-9048-dee8f93f593a,09/09/2017,Sep-17,9,2017,STEENBRAS UPPER,Major Dam,31767,25.15,32172,101.27
e7753b30-5732-48b0-8936-52a7befcaeb0,10/09/2017,Sep-17,9,2017,STEENBRAS UPPER,Major Dam,31767,25.2,32307,101.7
b9b02ab2-92c2-43e9-895a-74c941c30a54,11/09/2017,Sep-17,9,2017,STEENBRAS UPPER,Major Dam,31767,25.27,32496,102.29
0785a916-fb87-44c0-b782-1947a213e348,12/09/2017,Sep-17,9,2017,STEENBRAS UPPER,Major Dam,31767,25.12,32091,101.02
1c104b68-a778-440d-b086-86dc8da467ab,13/09/2017,Sep-17,9,2017,STEENBRAS UPPER,Major Dam,31767,25.08,31983,100.68
53cc0821-0c0a-4763-9860-b3e613f0d63c,14/09/2017,Sep-17,9,2017,STEENBRAS UPPER,Major Dam,31767,25.08,31983,100.68
f56ff6f8-749d-41fa-b3b2-9ea1b5dc9a4e,15/09/2017,Sep-17,9,2017,STEENBRAS UPPER,Major Dam,31767,24.8,31242,98.35
2975706a-118a-4209-9133-94fdc0e00aa1,16/09/2017,Sep-17,9,2017,STEENBRAS UPPER,Major Dam,31767,24.99,31740,99.92
a905d2b8-3cd2-4b32-a7d9-0e1f2f6b8edd,17/09/2017,Sep-17,9,2017,STEENBRAS UPPER,Major Dam,31767,24.99,31740,99.92
6e0c1569-c8ad-499d-9021-a7c7e756b429,18/09/2017,Sep-17,9,2017,STEENBRAS UPPER,Major Dam,31767,24.99,31740,99.92
bec29486-3878-4e19-8da5-97f4827460fa,19/09/2017,Sep-17,9,2017,STEENBRAS UPPER,Major Dam,31767,24.98,31713,99.83
24bc9193-56fd-4338-bb92-b345fc6f652e,20/09/2017,Sep-17,9,2017,STEENBRAS UPPER,Major Dam,31767,24.97,31686,99.75
44b9aaf3-8ad5-4e3c-afe5-7d8bdf13e58b,21/09/2017,Sep-17,9,2017,STEENBRAS UPPER,Major Dam,31767,24.97,31686,99.75
0370b770-d97f-4d2f-bfa7-46fba47f391b,22/09/2017,Sep-17,9,2017,STEENBRAS UPPER,Major Dam,31767,24.97,31686,99.75
a0a9ddf9-dfbc-4759-ab57-cca8ab110986,23/09/2017,Sep-17,9,2017,STEENBRAS UPPER,Major Dam,31767,24.98,31713,99.83
00cda953-ce1c-4246-976e-9d4ec5acdd34,24/09/2017,Sep-17,9,2017,STEENBRAS UPPER,Major Dam,31767,24.98,31713,99.83
9e6b919b-40ca-41ac-b829-0fab8fe81a88,25/09/2017,Sep-17,9,2017,STEENBRAS UPPER,Major Dam,31767,24.99,31740,99.92
a30b9d38-77a7-46e2-8a7c-0021ff21d055,26/09/2017,Sep-17,9,2017,STEENBRAS UPPER,Major Dam,31767,25,31767,100
35fad7f5-47ea-428c-97e1-974922795088,27/09/2017,Sep-17,9,2017,STEENBRAS UPPER,Major Dam,31767,25.1,32037,100.85
9e555a66-40d5-4e47-a374-0f7a9a4e7558,28/09/2017,Sep-17,9,2017,STEENBRAS UPPER,Major Dam,31767,25.04,31875,100.34
3269601d-4e32-4dfc-8d5b-ed8a7de666d0,29/09/2017,Sep-17,9,2017,STEENBRAS UPPER,Major Dam,31767,25.01,31794,100.08
6acd13da-76f6-491c-8252-3d3429cf221a,30/09/2017,Sep-17,9,2017,STEENBRAS UPPER,Major Dam,31767,25.02,31821,100.17
2f172942-0b8a-4761-9254-bfc3084df14e,01/10/2017,Oct-17,10,2017,STEENBRAS UPPER,Major Dam,31767,25.02,31821,100.17
58b2d71e-cbeb-484b-9bda-cf301b76a553,02/10/2017,Oct-17,10,2017,STEENBRAS UPPER,Major Dam,31767,25.02,31821,100.17
6e215e40-6e0b-4551-b89a-8162b4fe238e,03/10/2017,Oct-17,10,2017,STEENBRAS UPPER,Major Dam,31767,24.98,31713,99.83
6e2e35c5-951c-4a71-9f7b-970d3b1d890f,04/10/2017,Oct-17,10,2017,STEENBRAS UPPER,Major Dam,31767,25.1,32037,100.85
16ffdff7-b49f-492e-8a24-beb8968369a8,05/10/2017,Oct-17,10,2017,STEENBRAS UPPER,Major Dam,31767,25.04,31875,100.34
d8e33647-d19c-4928-8d25-cb75a53d1c2b,06/10/2017,Oct-17,10,2017,STEENBRAS UPPER,Major Dam,31767,25.99,31740,99.92
a80b4580-e967-464c-a10b-32f46299216c,07/10/2017,Oct-17,10,2017,STEENBRAS UPPER,Major Dam,31767,24.99,31740,99.92
5d4d8880-d3f1-4779-bcf3-de1069b92551,08/10/2017,Oct-17,10,2017,STEENBRAS UPPER,Major Dam,31767,24.99,31740,99.92
445367b5-7468-4558-b406-dd3e3ba6d8fd,09/10/2017,Oct-17,10,2017,STEENBRAS UPPER,Major Dam,31767,25,31767,100
e9faae3b-0bd2-4105-82ae-5817521b0495,10/10/2017,Oct-17,10,2017,STEENBRAS UPPER,Major Dam,31767,25.07,31956,100.59
a39a0658-a899-4a28-96c2-ebc8aa283b2a,11/10/2017,Oct-17,10,2017,STEENBRAS UPPER,Major Dam,31767,25.01,31794,100.08
5927bb4b-3c97-455f-a910-4cf4012ac5c0,12/10/2017,Oct-17,10,2017,STEENBRAS UPPER,Major Dam,31767,25.02,31821,100.17
493429bb-718a-412d-8aaa-66a4baa18306,13/10/2017,Oct-17,10,2017,STEENBRAS UPPER,Major Dam,31767,25.02,31821,100.17
20a0107a-9898-4882-a010-8f0e606ef9b1,14/10/2017,Oct-17,10,2017,STEENBRAS UPPER,Major Dam,31767,25,31767,100
7b4bafc8-c14a-44fa-9e83-ff8ac929c6a7,15/10/2017,Oct-17,10,2017,STEENBRAS UPPER,Major Dam,31767,25,31767,100
59dcf3af-74e4-4e72-892e-70edbf1ff1ab,16/10/2017,Oct-17,10,2017,STEENBRAS UPPER,Major Dam,31767,25.01,31794,100.08
eb1444d2-98a7-42d1-a644-7063c3ed3c21,17/10/2017,Oct-17,10,2017,STEENBRAS UPPER,Major Dam,31767,25.08,31983,100.68
3a7c7c94-b907-45bb-8d37-58d1febcfd12,18/10/2017,Oct-17,10,2017,STEENBRAS UPPER,Major Dam,31767,24.97,31686,99.75
ec719c8c-f5dc-4677-be74-ab5026bd5453,19/10/2017,Oct-17,10,2017,STEENBRAS UPPER,Major Dam,31767,25.12,32091,101.02
2ec23ec4-f145-4e8e-820d-b5f5d13d0345,20/10/2017,Oct-17,10,2017,STEENBRAS UPPER,Major Dam,31767,25.27,32496,102.29
113ae798-6eb1-467f-8338-bef4aefd20e5,21/10/2017,Oct-17,10,2017,STEENBRAS UPPER,Major Dam,31767,25.2,32307,101.7
aee0cef2-9a69-4f96-b734-0abde137a692,22/10/2017,Oct-17,10,2017,STEENBRAS UPPER,Major Dam,31767,25.18,32253,101.53
5a15fbd4-b231-441e-8ceb-c5c7ea0ee326,23/10/2017,Oct-17,10,2017,STEENBRAS UPPER,Major Dam,31767,25.17,32226,101.44
b835a56e-7eff-460e-b52e-99fbd2634ce9,24/10/2017,Oct-17,10,2017,STEENBRAS UPPER,Major Dam,31767,25.08,31983,100.68
8d7349ec-5c43-46aa-86f6-a43c7e79c675,25/10/2017,Oct-17,10,2017,STEENBRAS UPPER,Major Dam,31767,25.05,31902,100.42
03daaef9-60a5-4cd4-890f-853e1136b205,26/10/2017,Oct-17,10,2017,STEENBRAS UPPER,Major Dam,31767,25.15,32172,101.27
d1fbed27-8ab3-4302-a43d-85c75652769e,27/10/2017,Oct-17,10,2017,STEENBRAS UPPER,Major Dam,31767,25.1,32037,100.85
d3f9e80d-3745-4124-a49a-97b21c4ab150,28/10/2017,Oct-17,10,2017,STEENBRAS UPPER,Major Dam,31767,25.07,31956,100.59
983eb4bc-f89b-4e41-a0e5-87003aebd7d6,29/10/2017,Oct-17,10,2017,STEENBRAS UPPER,Major Dam,31767,25.05,31902,100.42
58a46249-7b61-44fd-8e16-f51b3304d225,30/10/2017,Oct-17,10,2017,STEENBRAS UPPER,Major Dam,31767,25.05,31902,100.42
a4fe274e-c801-448f-b5b6-48699d88e5b0,31/10/2017,Oct-17,10,2017,STEENBRAS UPPER,Major Dam,31767,25.02,31821,100.17
d035cd48-fe01-4b40-8348-55402a565cf5,01/11/2017,Nov-17,11,2017,STEENBRAS UPPER,Major Dam,31767,25,31767,100
d7e5af68-e652-4315-aef7-2847945b2152,02/11/2017,Nov-17,11,2017,STEENBRAS UPPER,Major Dam,31767,24.99,31740,99.92
f543c7db-cbe9-4e4d-b9ff-5aba2b7b089f,03/11/2017,Nov-17,11,2017,STEENBRAS UPPER,Major Dam,31767,24.95,31634,99.58
8777eda4-1cff-43b0-a4ad-01a6b489ab06,04/11/2017,Nov-17,11,2017,STEENBRAS UPPER,Major Dam,31767,24.96,31660,99.66
d875e3fa-b1ae-4503-ada5-475be2e40191,05/11/2017,Nov-17,11,2017,STEENBRAS UPPER,Major Dam,31767,24.97,31686,99.75
1f496b17-c69a-4ed4-a00c-7c67ebe2c0f0,06/11/2017,Nov-17,11,2017,STEENBRAS UPPER,Major Dam,31767,24.97,31686,99.75
cab4bbed-134b-4fd9-9eab-8dca30e02aa2,07/11/2017,Nov-17,11,2017,STEENBRAS UPPER,Major Dam,31767,25.09,32010,100.76
eb0009eb-a3f3-4799-b2f7-d91f82d5a67a,08/11/2017,Nov-17,11,2017,STEENBRAS UPPER,Major Dam,31767,25.09,32010,100.76
e43df580-de0f-4968-8de5-fbf1cd73b891,09/11/2017,Nov-17,11,2017,STEENBRAS UPPER,Major Dam,31767,24.97,31686,99.75
8d504243-5bc4-4765-9958-ff8d6494019f,10/11/2017,Nov-17,11,2017,STEENBRAS UPPER,Major Dam,31767,24.91,31530,99.25
2adcb372-c016-44cd-a349-5f09e0f58f62,11/11/2017,Nov-17,11,2017,STEENBRAS UPPER,Major Dam,31767,24.91,31530,99.25
1df00096-45a0-434c-a25f-9619d29126f8,12/11/2017,Nov-17,11,2017,STEENBRAS UPPER,Major Dam,31767,24.91,31530,99.25
d5587f83-75e9-460f-8857-d2ceec3f320c,13/11/2017,Nov-17,11,2017,STEENBRAS UPPER,Major Dam,31767,24.91,31530,99.25
31f5bef5-5be3-4cb6-ab1d-b49962a91b48,14/11/2017,Nov-17,11,2017,STEENBRAS UPPER,Major Dam,31767,25.04,31875,100.34
68add60e-b2c3-462d-bddc-b062fcf169cb,15/11/2017,Nov-17,11,2017,STEENBRAS UPPER,Major Dam,31767,25.15,32172,101.27
cc3092c7-cd4d-4718-b2ac-94cf9223281e,16/11/2017,Nov-17,11,2017,STEENBRAS UPPER,Major Dam,31767,25.2,32307,101.7
41118102-4db8-48a3-bcbf-aa35863a677b,17/11/2017,Nov-17,11,2017,STEENBRAS UPPER,Major Dam,31767,25.09,32010,100.76
83becde4-891f-484a-8aa9-ad0e4abe39b5,18/11/2017,Nov-17,11,2017,STEENBRAS UPPER,Major Dam,31767,25.07,31956,100.59
3756893c-60c3-4f7c-a115-75b628afacdf,19/11/2017,Nov-17,11,2017,STEENBRAS UPPER,Major Dam,31767,25.06,31929,100.51
edcf8ed8-6c73-4d67-842a-b557c6486cbe,20/11/2017,Nov-17,11,2017,STEENBRAS UPPER,Major Dam,31767,25.05,31902,100.42
cfe1150c-44c3-4a0d-ae7d-1cf909f8cc25,21/11/2017,Nov-17,11,2017,STEENBRAS UPPER,Major Dam,31767,25.05,31902,100.42
7bce735d-19ca-44eb-8a20-78e1a5f37d6a,22/11/2017,Nov-17,11,2017,STEENBRAS UPPER,Major Dam,31767,25.09,32010,100.76
9f040bc3-ee6f-43ef-b809-37bd811e8c9d,23/11/2017,Nov-17,11,2017,STEENBRAS UPPER,Major Dam,31767,25.07,31956,100.59
9e62f24d-1b53-42b8-8f8c-768bfd41bfa9,24/11/2017,Nov-17,11,2017,STEENBRAS UPPER,Major Dam,31767,25.05,31902,100.42
bc06b36e-746b-4eff-8ca4-435472b8e67d,25/11/2017,Nov-17,11,2017,STEENBRAS UPPER,Major Dam,31767,25.05,31902,100.42
d2ac469a-f83d-4b80-803c-0bc42429686a,26/11/2017,Nov-17,11,2017,STEENBRAS UPPER,Major Dam,31767,25.04,31875,100.34
21c83df4-5113-439d-8577-242a9f026444,27/11/2017,Nov-17,11,2017,STEENBRAS UPPER,Major Dam,31767,25.04,31875,100.34
c808461a-0681-4716-b0c3-99d50aba24c6,28/11/2017,Nov-17,11,2017,STEENBRAS UPPER,Major Dam,31767,25.04,31875,100.34
1f9a7c2c-6fe4-4dde-86e4-212a8196b326,29/11/2017,Nov-17,11,2017,STEENBRAS UPPER,Major Dam,31767,25.04,31875,100.34
9a2f725e-a19a-4616-87c6-9d046be0726e,30/11/2017,Nov-17,11,2017,STEENBRAS UPPER,Major Dam,31767,25.03,31848,100.25
bb9a5b16-c68b-4a1a-bff4-5c05fd85f621,01/12/2017,Dec-17,12,2017,STEENBRAS UPPER,Major Dam,31767,25.01,31794,100.08
b0fb0885-4599-4195-b820-285797a75a55,02/12/2017,Dec-17,12,2017,STEENBRAS UPPER,Major Dam,31767,25.01,31794,100.08
c368e698-146e-487f-97da-17f4e56b0f2e,03/12/2017,Dec-17,12,2017,STEENBRAS UPPER,Major Dam,31767,25.01,31794,100.08
8831de4e-6bd8-4d05-9f04-685d4e9e2bc4,04/12/2017,Dec-17,12,2017,STEENBRAS UPPER,Major Dam,31767,25.02,31821,100.17
e856e932-8f6d-45bf-9e49-fd7686934a00,05/12/2017,Dec-17,12,2017,STEENBRAS UPPER,Major Dam,31767,25.03,31848,100.25
51ace63f-7d52-4440-a57d-7dd80450d05b,06/12/2017,Dec-17,12,2017,STEENBRAS UPPER,Major Dam,31767,24.94,31608,99.5
2b0eef5b-5b96-4105-9810-00c448fa93b4,07/12/2017,Dec-17,12,2017,STEENBRAS UPPER,Major Dam,31767,24.94,31608,99.5
bb6b6c1b-2a9c-4ba6-99fa-2b991caaec58,08/12/2017,Dec-17,12,2017,STEENBRAS UPPER,Major Dam,31767,25.15,32172,101.27
e1d3c3d0-19d4-44c9-b8a7-96aba2a88858,09/12/2017,Dec-17,12,2017,STEENBRAS UPPER,Major Dam,31767,25.14,32145,101.19
b2b1840d-e5d5-4e01-8cc7-f2ed376f30f8,10/12/2017,Dec-17,12,2017,STEENBRAS UPPER,Major Dam,31767,25.08,31983,100.68
cdd1cf11-a18f-477a-8820-c82c3a3caec6,11/12/2017,Dec-17,12,2017,STEENBRAS UPPER,Major Dam,31767,25.05,31902,100.42
78982feb-096c-4541-983f-7f58e8eabcdb,12/12/2017,Dec-17,12,2017,STEENBRAS UPPER,Major Dam,31767,25.03,31848,100.25
2533965a-d3f4-4fa8-94c3-034ef223f3c3,13/12/2017,Dec-17,12,2017,STEENBRAS UPPER,Major Dam,31767,24.99,31740,99.92
166e7f50-4ef3-4056-90a3-bef4df5ad92f,14/12/2017,Dec-17,12,2017,STEENBRAS UPPER,Major Dam,31767,24.98,31713,99.83
fdc7f9ed-c55c-4299-b3b8-368d93a4154b,15/12/2017,Dec-17,12,2017,STEENBRAS UPPER,Major Dam,31767,24.97,31686,99.75
90fbfb93-fc0a-4174-b258-daac16c734ab,16/12/2017,Dec-17,12,2017,STEENBRAS UPPER,Major Dam,31767,24.9,31504,99.17
f11474ff-5f2a-4c81-bf15-576db7f1f07e,17/12/2017,Dec-17,12,2017,STEENBRAS UPPER,Major Dam,31767,24.9,31504,99.17
bb4ece0f-6ed4-4b21-bf79-027b5bc4d4ae,18/12/2017,Dec-17,12,2017,STEENBRAS UPPER,Major Dam,31767,24.9,31504,99.17
5664e9e8-8573-4c9b-bfa6-c7728943d9a3,19/12/2017,Dec-17,12,2017,STEENBRAS UPPER,Major Dam,31767,24.89,31477,99.09
3d859dcf-e579-4d34-80e2-e7d227ecf48c,20/12/2017,Dec-17,12,2017,STEENBRAS UPPER,Major Dam,31767,24.88,31450,99
a2d355b4-3c0a-4c6e-ba0b-5d40fb69baa2,21/12/2017,Dec-17,12,2017,STEENBRAS UPPER,Major Dam,31767,24.87,31424,98.92
5b413bf0-af62-4ef1-8edc-9ca8c3f98902,22/12/2017,Dec-17,12,2017,STEENBRAS UPPER,Major Dam,31767,24.84,31346,98.67
2a739fc1-6748-45d3-a791-05e840a151b4,23/12/2017,Dec-17,12,2017,STEENBRAS UPPER,Major Dam,31767,24.83,31320,98.59
c707be66-adac-4173-b392-64d5101c7409,24/12/2017,Dec-17,12,2017,STEENBRAS UPPER,Major Dam,31767,24.83,31320,98.59
428b9e18-5476-44b9-9312-eb3517a920d2,25/12/2017,Dec-17,12,2017,STEENBRAS UPPER,Major Dam,31767,24.83,31320,98.59
3d9d855c-9e9f-4f39-9020-e351395d1d17,26/12/2017,Dec-17,12,2017,STEENBRAS UPPER,Major Dam,31767,24.78,31190,98.18
c2064b12-2e90-43c1-b9c7-9fc659bfb942,27/12/2017,Dec-17,12,2017,STEENBRAS UPPER,Major Dam,31767,24.76,31138,98.02
663fc166-a884-4f31-bc8d-b969306468d2,28/12/2017,Dec-17,12,2017,STEENBRAS UPPER,Major Dam,31767,24.6,30723,96.71
6154dd02-186d-4747-9fde-d54f9efcb4e9,29/12/2017,Dec-17,12,2017,STEENBRAS UPPER,Major Dam,31767,24.4,30208,95.09
109ddc2f-d385-47bf-86c4-20f17359642b,30/12/2017,Dec-17,12,2017,STEENBRAS UPPER,Major Dam,31767,24.4,30208,95.09
ec0aec63-0b7d-4c86-8c0f-88da7ad9e901,31/12/2017,Dec-17,12,2017,STEENBRAS UPPER,Major Dam,31767,24.39,30182,95.01
722ef8ca-f01b-40ab-9afd-ba731e52047c,01/01/2012,Jan-12,1,2012,THEEWATERSKLOOF,Major Dam,480188,24.83,357963,74.55
ba14f24a-7b14-4d75-bef6-093d62b490af,02/01/2012,Jan-12,1,2012,THEEWATERSKLOOF,Major Dam,480188,24.8,356677,74.28
87816b77-b4eb-478d-8a23-5524446f2f78,03/01/2012,Jan-12,1,2012,THEEWATERSKLOOF,Major Dam,480188,24.77,355394,74.01
52275b78-bc1d-4f41-ab46-8bc8b406476c,04/01/2012,Jan-12,1,2012,THEEWATERSKLOOF,Major Dam,480188,24.73,353687,73.66
58431ae0-0fbb-4abf-8aca-ede425b7d63e,05/01/2012,Jan-12,1,2012,THEEWATERSKLOOF,Major Dam,480188,24.67,351135,73.12
3a5d7a41-e687-4449-bdbc-31cc73317ba0,06/01/2012,Jan-12,1,2012,THEEWATERSKLOOF,Major Dam,480188,24.64,349863,72.86
c26f2968-7e1e-4351-98dd-af0bce03fdbb,07/01/2012,Jan-12,1,2012,THEEWATERSKLOOF,Major Dam,480188,24.61,348594,72.6
13933b41-b7dd-4072-beb0-7e51f168ca6d,08/01/2012,Jan-12,1,2012,THEEWATERSKLOOF,Major Dam,480188,24.58,347327,72.33
402ba093-ec3c-4cf2-9898-12700fba857b,09/01/2012,Jan-12,1,2012,THEEWATERSKLOOF,Major Dam,480188,24.54,345643,71.98
13cc6bb3-4094-4f54-b8c6-5c2b671d3d23,10/01/2012,Jan-12,1,2012,THEEWATERSKLOOF,Major Dam,480188,24.5,343963,71.63
a2fb3d03-82c9-4938-bac7-1722da151002,11/01/2012,Jan-12,1,2012,THEEWATERSKLOOF,Major Dam,480188,24.47,342706,71.37
16659c0c-dfd9-4d2c-9ec2-f699827dde80,12/01/2012,Jan-12,1,2012,THEEWATERSKLOOF,Major Dam,480188,24.44,341452,71.11
c11a7d51-ae09-4659-88bd-285b6e13befb,13/01/2012,Jan-12,1,2012,THEEWATERSKLOOF,Major Dam,480188,24.42,340617,70.93
58d561b1-d076-427e-932b-57204add340d,14/01/2012,Jan-12,1,2012,THEEWATERSKLOOF,Major Dam,480188,24.38,338951,70.59
c4170e9e-08db-43bf-a8e6-d58380d3b569,15/01/2012,Jan-12,1,2012,THEEWATERSKLOOF,Major Dam,480188,24.35,337705,70.33
79ba0c93-4bd2-4294-857f-661c771b12a3,16/01/2012,Jan-12,1,2012,THEEWATERSKLOOF,Major Dam,480188,24.32,336461,70.07
7efdccaa-cb1a-436c-a4a2-e3ed5c1ff0ce,17/01/2012,Jan-12,1,2012,THEEWATERSKLOOF,Major Dam,480188,24.26,333981,69.55
d461fc7a-34c5-477a-9d96-a8d9270ab4fe,18/01/2012,Jan-12,1,2012,THEEWATERSKLOOF,Major Dam,480188,24.24,333157,69.38
fcfa4230-4d19-47ae-b5d0-79e326e68c25,19/01/2012,Jan-12,1,2012,THEEWATERSKLOOF,Major Dam,480188,24.22,332334,69.21
128059cb-c6bc-48d0-8861-992ce7646eaf,20/01/2012,Jan-12,1,2012,THEEWATERSKLOOF,Major Dam,480188,24.17,330282,68.78
8e06f9ac-1c02-4e53-b908-26cf6d9bf777,21/01/2012,Jan-12,1,2012,THEEWATERSKLOOF,Major Dam,480188,24.14,329054,68.53
c9123a1e-7a0f-4d97-b61c-af807935ff35,22/01/2012,Jan-12,1,2012,THEEWATERSKLOOF,Major Dam,480188,24.11,327829,68.27
500d200b-fba6-475b-a860-df68f2b6ea45,23/01/2012,Jan-12,1,2012,THEEWATERSKLOOF,Major Dam,480188,24.08,326606,68.02
405505ba-d2db-4ab7-9a39-2a4224edfc0d,24/01/2012,Jan-12,1,2012,THEEWATERSKLOOF,Major Dam,480188,24.05,325386,67.76
f7a7bcfa-9fd2-42d9-9a99-0e804922621f,25/01/2012,Jan-12,1,2012,THEEWATERSKLOOF,Major Dam,480188,24.01,323764,67.42
70850697-52fd-4a72-860a-b2de299e678d,26/01/2012,Jan-12,1,2012,THEEWATERSKLOOF,Major Dam,480188,23.97,322146,67.09
bac3aee8-1e7f-4526-8c07-18fbc9364708,27/01/2012,Jan-12,1,2012,THEEWATERSKLOOF,Major Dam,480188,23.93,320532,66.75
dd505c4f-ae15-44dc-bba8-0a6ae41a8921,28/01/2012,Jan-12,1,2012,THEEWATERSKLOOF,Major Dam,480188,23.9,319323,66.5
3714e007-e33d-447f-b484-5863aa595271,29/01/2012,Jan-12,1,2012,THEEWATERSKLOOF,Major Dam,480188,23.87,318116,66.25
25afd06f-1f31-47c7-896f-f152e8beb3b0,30/01/2012,Jan-12,1,2012,THEEWATERSKLOOF,Major Dam,480188,23.84,316913,66
add4e077-6be3-4abd-9857-86aeff676a68,31/01/2012,Jan-12,1,2012,THEEWATERSKLOOF,Major Dam,480188,23.78,314514,65.5
bea47cd1-7f54-49f6-bd48-4342bcad2ab9,01/02/2012,Feb-12,2,2012,THEEWATERSKLOOF,Major Dam,480188,23.75,313318,65.25
cd931e9d-39a3-4147-bd2c-8064d5cb821b,02/02/2012,Feb-12,2,2012,THEEWATERSKLOOF,Major Dam,480188,23.73,312522,65.08
e8450057-280e-4df5-88a4-011910828077,03/02/2012,Feb-12,2,2012,THEEWATERSKLOOF,Major Dam,480188,23.69,310935,64.75
2ab35920-3264-44a1-87b8-85570415283c,04/02/2012,Feb-12,2,2012,THEEWATERSKLOOF,Major Dam,480188,23.66,309747,64.51
e9636efb-e5b3-4bb1-b4ec-b8ad68e51fed,05/02/2012,Feb-12,2,2012,THEEWATERSKLOOF,Major Dam,480188,23.64,308957,64.34
a172721f-8e6e-4547-8011-4bde25954a9a,06/02/2012,Feb-12,2,2012,THEEWATERSKLOOF,Major Dam,480188,23.6,307380,64.01
1c927481-c133-4790-b25e-3bfacc150905,07/02/2012,Feb-12,2,2012,THEEWATERSKLOOF,Major Dam,480188,23.58,306594,63.85
dcbe8279-a6b1-47d4-8ff4-0a503d823807,08/02/2012,Feb-12,2,2012,THEEWATERSKLOOF,Major Dam,480188,23.5,303460,63.2
3205925e-d58e-44ec-9233-e25d941befe8,09/02/2012,Feb-12,2,2012,THEEWATERSKLOOF,Major Dam,480188,23.45,301511,62.79
f7374d93-c3c0-47ae-9dbd-bc2e5712d004,10/02/2012,Feb-12,2,2012,THEEWATERSKLOOF,Major Dam,480188,23.42,300345,62.55
59afd631-5317-47c9-b2d2-79b74a8da961,11/02/2012,Feb-12,2,2012,THEEWATERSKLOOF,Major Dam,480188,23.38,298796,62.22
e18a3dae-1926-42fa-8d88-ba3dd97407e7,12/02/2012,Feb-12,2,2012,THEEWATERSKLOOF,Major Dam,480188,23.35,297637,61.98
2e8805e7-643b-49fe-9170-b4c71b116d8a,13/02/2012,Feb-12,2,2012,THEEWATERSKLOOF,Major Dam,480188,23.34,297251,61.9
2a6c431c-88da-448b-80ee-6b702c5c6f51,14/02/2012,Feb-12,2,2012,THEEWATERSKLOOF,Major Dam,480188,23.31,296096,61.66
d87f883d-fbf6-4fad-8355-374813620fe5,15/02/2012,Feb-12,2,2012,THEEWATERSKLOOF,Major Dam,480188,23.28,294943,61.42
df3d163a-ddbe-4d45-a947-47fbad4f879e,16/02/2012,Feb-12,2,2012,THEEWATERSKLOOF,Major Dam,480188,23.25,293794,61.18
b5d2dac0-2ab3-4ee3-a73c-046e7bf41c8a,17/02/2012,Feb-12,2,2012,THEEWATERSKLOOF,Major Dam,480188,23.21,292265,60.86
e8c9d900-f65d-4d23-8d1a-6101e21e89c3,18/02/2012,Feb-12,2,2012,THEEWATERSKLOOF,Major Dam,480188,23.18,291122,60.63
65f0d2b5-65df-4989-af5c-d24fbea7500f,19/02/2012,Feb-12,2,2012,THEEWATERSKLOOF,Major Dam,480188,23.15,289982,60.39
535f8fdb-ca23-43f8-b423-b9beb8ef7596,20/02/2012,Feb-12,2,2012,THEEWATERSKLOOF,Major Dam,480188,23.12,288845,60.15
48041587-306d-41f5-86b4-b4da731a0be2,21/02/2012,Feb-12,2,2012,THEEWATERSKLOOF,Major Dam,480188,23.08,287333,59.84
63e0d5e0-2b65-4863-996a-9fbd8cc7286a,22/02/2012,Feb-12,2,2012,THEEWATERSKLOOF,Major Dam,480188,23.05,286203,59.6
4ab05a99-2d45-449c-90ca-4f18384a72ef,23/02/2012,Feb-12,2,2012,THEEWATERSKLOOF,Major Dam,480188,23,284325,59.21
cd0c979e-1b32-4391-bab2-b7c9945afd14,24/02/2012,Feb-12,2,2012,THEEWATERSKLOOF,Major Dam,480188,22.98,283577,59.06
64bac286-a701-4ec2-ad1f-1f6052eee032,25/02/2012,Feb-12,2,2012,THEEWATERSKLOOF,Major Dam,480188,22.96,282829,58.9
11d1a862-2fe4-4e3e-98eb-00089d677567,26/02/2012,Feb-12,2,2012,THEEWATERSKLOOF,Major Dam,480188,22.94,282083,58.74
19fc4883-2753-4327-8d2d-2026c4f34ff9,27/02/2012,Feb-12,2,2012,THEEWATERSKLOOF,Major Dam,480188,22.92,281338,58.59
a27e8776-64bb-49b9-9b77-27c21c2af9a6,28/02/2012,Feb-12,2,2012,THEEWATERSKLOOF,Major Dam,480188,22.9,280595,58.43
dc40b522-2b6f-4e7b-ad72-68592a9f992f,29/02/2012,Feb-12,2,2012,THEEWATERSKLOOF,Major Dam,480188,22.86,279111,58.13
29e979d0-3d0c-46a8-8a92-878f673fdb2d,01/03/2012,Mar-12,3,2012,THEEWATERSKLOOF,Major Dam,480188,22.86,279111,58.13
2429a9dc-dd1e-4d66-b411-38b321369474,02/03/2012,Mar-12,3,2012,THEEWATERSKLOOF,Major Dam,480188,22.8,276896,57.66
afaa9630-a3a2-4dec-8844-4118b52328b1,03/03/2012,Mar-12,3,2012,THEEWATERSKLOOF,Major Dam,480188,22.77,275793,57.43
ec9e9ea4-4599-4b26-8d37-1c5678d5d52c,04/03/2012,Mar-12,3,2012,THEEWATERSKLOOF,Major Dam,480188,22.74,274693,57.21
92cb8acc-9f0d-409e-af00-ffdd823dc39a,05/03/2012,Mar-12,3,2012,THEEWATERSKLOOF,Major Dam,480188,22.71,273596,56.98
b7af61e5-bff8-41f6-b11d-19c33e50afd4,06/03/2012,Mar-12,3,2012,THEEWATERSKLOOF,Major Dam,480188,22.68,272502,56.75
814ffdde-f2bc-43d5-b7db-074c0465283e,07/03/2012,Mar-12,3,2012,THEEWATERSKLOOF,Major Dam,480188,22.65,271411,56.52
a65e5c34-317b-4639-bcd3-7c93cf834e52,08/03/2012,Mar-12,3,2012,THEEWATERSKLOOF,Major Dam,480188,22.61,269962,56.22
6b096417-54c2-4c5a-b66a-f73d43cad933,09/03/2012,Mar-12,3,2012,THEEWATERSKLOOF,Major Dam,480188,22.58,268878,55.99
85c11ff5-0e20-4785-b20d-528f97016f87,10/03/2012,Mar-12,3,2012,THEEWATERSKLOOF,Major Dam,480188,22.55,267797,55.77
3349ea84-ef7f-4aa3-bf26-ad75bad1dc56,11/03/2012,Mar-12,3,2012,THEEWATERSKLOOF,Major Dam,480188,22.52,266720,55.54
4a13dbf1-a7b5-4bb6-af32-c912023d4ad4,12/03/2012,Mar-12,3,2012,THEEWATERSKLOOF,Major Dam,480188,22.5,266003,55.4
b9957f5f-8134-478d-9b67-f27831c16ee4,13/03/2012,Mar-12,3,2012,THEEWATERSKLOOF,Major Dam,480188,22.48,265288,55.25
3dc63960-26f1-463f-ace7-f3a36dad06c5,14/03/2012,Mar-12,3,2012,THEEWATERSKLOOF,Major Dam,480188,22.43,263506,54.88
77d82749-f4db-4873-a6e9-52d31ac3d106,15/03/2012,Mar-12,3,2012,THEEWATERSKLOOF,Major Dam,480188,22.41,262795,54.73
cbd76116-bf2f-4399-ad1a-be84ce334623,16/03/2012,Mar-12,3,2012,THEEWATERSKLOOF,Major Dam,480188,22.4,262440,54.65
2b76df44-c37f-4a24-a1fc-29a5a07ec1b8,17/03/2012,Mar-12,3,2012,THEEWATERSKLOOF,Major Dam,480188,22.37,261378,54.43
47a2845f-7cf5-4850-aa0a-21464660edd5,18/03/2012,Mar-12,3,2012,THEEWATERSKLOOF,Major Dam,480188,22.34,260320,54.21
b6b91580-673e-4750-81fd-765b53c6a102,19/03/2012,Mar-12,3,2012,THEEWATERSKLOOF,Major Dam,480188,22.31,259264,53.99
f2f3d88d-68b7-46f2-9fce-56c751518698,20/03/2012,Mar-12,3,2012,THEEWATERSKLOOF,Major Dam,480188,22.29,258562,53.85
cb21d6b6-3d23-49f8-a51d-7e11217d14a0,21/03/2012,Mar-12,3,2012,THEEWATERSKLOOF,Major Dam,480188,22.26,257512,53.63
40c583f2-3d61-4ab6-939c-9836bcf19e56,22/03/2012,Mar-12,3,2012,THEEWATERSKLOOF,Major Dam,480188,22.23,256465,53.41
5f4f3b71-5fa4-4b85-b590-5f31d49b89df,23/03/2012,Mar-12,3,2012,THEEWATERSKLOOF,Major Dam,480188,22.2,255421,53.19
0c531934-3135-4161-8697-b88aa3f3bd98,24/03/2012,Mar-12,3,2012,THEEWATERSKLOOF,Major Dam,480188,22.17,254380,52.98
448ff641-51a4-402a-b1fb-44382223220b,25/03/2012,Mar-12,3,2012,THEEWATERSKLOOF,Major Dam,480188,22.14,253343,52.76
3077df22-c8a0-4e08-932e-aa807dffe0f5,26/03/2012,Mar-12,3,2012,THEEWATERSKLOOF,Major Dam,480188,22.11,252309,52.54
cc9bfb64-db19-4d93-85a7-f3fd26e4b489,27/03/2012,Mar-12,3,2012,THEEWATERSKLOOF,Major Dam,480188,22.08,251278,52.33
02d7d1df-a8bd-49c9-a712-5da22de45535,28/03/2012,Mar-12,3,2012,THEEWATERSKLOOF,Major Dam,480188,22.05,250250,52.12
5a4d9723-cd2f-4765-828f-ce70876c79bc,29/03/2012,Mar-12,3,2012,THEEWATERSKLOOF,Major Dam,480188,22.02,249226,51.9
4790fa9b-3148-4a3b-8337-bc293b9d103b,30/03/2012,Mar-12,3,2012,THEEWATERSKLOOF,Major Dam,480188,22,248545,51.76
c3236736-9e7e-4228-a9f4-fcd11e0cd870,31/03/2012,Mar-12,3,2012,THEEWATERSKLOOF,Major Dam,480188,22,248545,51.76
febc1cbb-d6c3-4d4c-81b2-3d22e3a57cad,01/04/2012,Apr-12,4,2012,THEEWATERSKLOOF,Major Dam,480188,22,248545,51.76
e1f7bcb3-5765-4082-a250-f005f1ec1833,02/04/2012,Apr-12,4,2012,THEEWATERSKLOOF,Major Dam,480188,22,248545,51.76
e5d9a8ca-beda-4ee3-87ae-c3c450fbbbfe,03/04/2012,Apr-12,4,2012,THEEWATERSKLOOF,Major Dam,480188,21.99,248205,51.69
73f4ee9a-4c5c-44a9-ba03-a1a4bfac33ab,04/04/2012,Apr-12,4,2012,THEEWATERSKLOOF,Major Dam,480188,21.99,248205,51.69
4d345b80-3f8d-41c3-93db-e8dfc8b7e8a3,05/04/2012,Apr-12,4,2012,THEEWATERSKLOOF,Major Dam,480188,21.98,247865,51.62
93c46634-daa1-4cdd-b986-7e932640ffa7,06/04/2012,Apr-12,4,2012,THEEWATERSKLOOF,Major Dam,480188,21.97,247526,51.55
2d06fd34-31fc-4be1-b0ab-95a0fe00090b,07/04/2012,Apr-12,4,2012,THEEWATERSKLOOF,Major Dam,480188,21.97,247526,51.55
574b6a78-7411-4cf8-a523-4b1050da1b71,08/04/2012,Apr-12,4,2012,THEEWATERSKLOOF,Major Dam,480188,21.97,247526,51.55
5c730c96-1150-4fd3-a1a9-a552f4f1cdd6,09/04/2012,Apr-12,4,2012,THEEWATERSKLOOF,Major Dam,480188,22,248545,51.76
4aab39fe-8cae-4e90-a086-93e5e6e8a1e1,10/04/2012,Apr-12,4,2012,THEEWATERSKLOOF,Major Dam,480188,22,248545,51.76
3e18641b-4625-4ec4-95d1-18ceeb2e493c,11/04/2012,Apr-12,4,2012,THEEWATERSKLOOF,Major Dam,480188,22.04,249908,52.04
c736a0a0-43db-47a7-9479-4258d7938143,12/04/2012,Apr-12,4,2012,THEEWATERSKLOOF,Major Dam,480188,22.37,261378,54.43
42d8037a-edc0-4851-81de-7384ee68833e,13/04/2012,Apr-12,4,2012,THEEWATERSKLOOF,Major Dam,480188,22.36,261025,54.36
b6acb2d0-b57b-46b1-9e05-96fae5566832,14/04/2012,Apr-12,4,2012,THEEWATERSKLOOF,Major Dam,480188,22.36,261025,54.36
c69c8c45-905f-4a0d-86ce-1c836ae7d8d8,15/04/2012,Apr-12,4,2012,THEEWATERSKLOOF,Major Dam,480188,22.36,261025,54.36
1b0f5332-dae5-4a66-8e04-b9c03d8825f9,16/04/2012,Apr-12,4,2012,THEEWATERSKLOOF,Major Dam,480188,22.33,259968,54.14
547688bd-f18f-427c-9a17-b8e16d210448,17/04/2012,Apr-12,4,2012,THEEWATERSKLOOF,Major Dam,480188,22.3,258913,53.92
0accd251-f269-4d33-be78-a9c1286cafc1,18/04/2012,Apr-12,4,2012,THEEWATERSKLOOF,Major Dam,480188,21.95,246848,51.41
0b69ac16-f915-46f2-abe9-086fc750c203,19/04/2012,Apr-12,4,2012,THEEWATERSKLOOF,Major Dam,480188,21.95,246848,51.41
57d2ee8c-08f8-46f8-9906-493cc2bc3a50,20/04/2012,Apr-12,4,2012,THEEWATERSKLOOF,Major Dam,480188,21.94,246510,51.34
1cf1df73-5440-41e1-92d8-1ba3d0fe4e1a,21/04/2012,Apr-12,4,2012,THEEWATERSKLOOF,Major Dam,480188,21.91,245502,51.13
2f1da1a5-9356-44f7-9a8b-1b40f83a9ba0,22/04/2012,Apr-12,4,2012,THEEWATERSKLOOF,Major Dam,480188,21.89,244832,50.99
b6641448-610d-4a49-83fa-937d70ff1ab8,23/04/2012,Apr-12,4,2012,THEEWATERSKLOOF,Major Dam,480188,21.87,244164,50.85
6ef14bef-bc45-4d5c-8a27-55feb6cd350d,24/04/2012,Apr-12,4,2012,THEEWATERSKLOOF,Major Dam,480188,21.85,243497,50.71
b8638dd9-280c-4e5b-8403-f2a3c8660e2b,25/04/2012,Apr-12,4,2012,THEEWATERSKLOOF,Major Dam,480188,21.83,242831,50.57
0af0bc4a-2858-4627-8e81-21e58a47b476,26/04/2012,Apr-12,4,2012,THEEWATERSKLOOF,Major Dam,480188,21.83,242831,50.57
7e7a1fa6-a22a-44c0-a5de-c237181a9143,27/04/2012,Apr-12,4,2012,THEEWATERSKLOOF,Major Dam,480188,21.81,242167,50.43
ccb8317e-765e-4dfe-bba1-0f672683380d,28/04/2012,Apr-12,4,2012,THEEWATERSKLOOF,Major Dam,480188,21.81,242167,50.43
0ee232d6-4656-4bb5-bb81-7d718c99bdfb,29/04/2012,Apr-12,4,2012,THEEWATERSKLOOF,Major Dam,480188,21.79,241504,50.29
f5e954b8-febe-459d-9913-9d76e9c8b749,30/04/2012,Apr-12,4,2012,THEEWATERSKLOOF,Major Dam,480188,21.79,241504,50.29
cddd823b-ba44-45bc-b431-0b22a4628b2d,01/05/2012,May-12,5,2012,THEEWATERSKLOOF,Major Dam,480188,21.76,240513,50.09
4a8962fa-f4a3-4291-8b9f-778a8e0ebddb,02/05/2012,May-12,5,2012,THEEWATERSKLOOF,Major Dam,480188,21.76,240513,50.09
e61f8b0d-abad-46a1-8b19-47f0dfbe0bc6,03/05/2012,May-12,5,2012,THEEWATERSKLOOF,Major Dam,480188,21.8,241836,50.36
8619f881-7e5d-4863-a4e4-553d9097152c,04/05/2012,May-12,5,2012,THEEWATERSKLOOF,Major Dam,480188,21.85,243497,50.71
80d9385f-cb49-4d80-b613-75915236bfd4,05/05/2012,May-12,5,2012,THEEWATERSKLOOF,Major Dam,480188,22.03,249567,51.97
8242e5cc-7caa-470e-b509-5221ae3c93f2,06/05/2012,May-12,5,2012,THEEWATERSKLOOF,Major Dam,480188,22.05,250250,52.12
48f024cd-abc0-4f6f-9954-9c24d6166429,07/05/2012,May-12,5,2012,THEEWATERSKLOOF,Major Dam,480188,22.05,250250,52.12
199f3dcf-c890-4649-b758-ad2e8153cace,08/05/2012,May-12,5,2012,THEEWATERSKLOOF,Major Dam,480188,22.05,250250,52.12
ff9a2ba1-403e-42a5-8d5c-a54089bb46ca,09/05/2012,May-12,5,2012,THEEWATERSKLOOF,Major Dam,480188,22.05,250250,52.12
ee077fb1-c7df-4789-9582-56c72c1166de,10/05/2012,May-12,5,2012,THEEWATERSKLOOF,Major Dam,480188,22.04,249908,52.04
5f42971d-4a4d-4545-b5b4-a2e13ae310cc,11/05/2012,May-12,5,2012,THEEWATERSKLOOF,Major Dam,480188,22.04,249908,52.04
9a606ef0-6c85-40b0-9660-3dd78b655805,12/05/2012,May-12,5,2012,THEEWATERSKLOOF,Major Dam,480188,22.04,249908,52.04
58442458-7054-4972-8b86-58f022ffd1a6,13/05/2012,May-12,5,2012,THEEWATERSKLOOF,Major Dam,480188,22.03,249567,51.97
1650bb3f-875c-4e1c-843e-7e54519ff8fb,14/05/2012,May-12,5,2012,THEEWATERSKLOOF,Major Dam,480188,22.03,249567,51.97
606f8d7b-6f72-41d8-9536-937d2f89cf6d,15/05/2012,May-12,5,2012,THEEWATERSKLOOF,Major Dam,480188,22.03,249567,51.97
a7b3aced-6a5b-4c76-bbf9-27a9f251f673,16/05/2012,May-12,5,2012,THEEWATERSKLOOF,Major Dam,480188,22.02,249226,51.9
7bfcff7e-e473-47cd-aebb-1f48c407f673,17/05/2012,May-12,5,2012,THEEWATERSKLOOF,Major Dam,480188,22.02,249226,51.9
676f7723-5f29-4a91-a783-ae0af3f26b34,18/05/2012,May-12,5,2012,THEEWATERSKLOOF,Major Dam,480188,22.03,249567,51.97
3eeedb3c-a9f3-453f-bf00-8c6e78a14546,19/05/2012,May-12,5,2012,THEEWATERSKLOOF,Major Dam,480188,22.02,249226,51.9
446ae9e2-5169-4d8d-bbae-91ce828ef490,20/05/2012,May-12,5,2012,THEEWATERSKLOOF,Major Dam,480188,22.02,249226,51.9
bcfe8288-1463-4173-aaa7-1be0a6f91db9,21/05/2012,May-12,5,2012,THEEWATERSKLOOF,Major Dam,480188,22.04,249908,52.04
011165a3-3de2-4447-bfbf-2ec8049ea983,22/05/2012,May-12,5,2012,THEEWATERSKLOOF,Major Dam,480188,22.04,249908,52.04
9720ba19-45aa-4cf6-b174-e3877a69e178,23/05/2012,May-12,5,2012,THEEWATERSKLOOF,Major Dam,480188,22.04,249908,52.04
d712afa2-7445-452f-b169-78641a0f7191,24/05/2012,May-12,5,2012,THEEWATERSKLOOF,Major Dam,480188,22.02,249226,51.9
105420ff-f32a-49cf-a610-d27ef9bcbe81,25/05/2012,May-12,5,2012,THEEWATERSKLOOF,Major Dam,480188,22.02,249226,51.9
9bdfad02-1a74-4c70-8e54-6e42b0d89638,26/05/2012,May-12,5,2012,THEEWATERSKLOOF,Major Dam,480188,22.02,249226,51.9
0ddbefd8-9e33-4a39-8477-5bd864aa40c2,27/05/2012,May-12,5,2012,THEEWATERSKLOOF,Major Dam,480188,22.05,250250,52.12
04c07ca8-f97c-4830-9097-6604db65ed79,28/05/2012,May-12,5,2012,THEEWATERSKLOOF,Major Dam,480188,22.05,250250,52.12
ccbe1bc5-8b68-438f-88cf-278cf193bbf0,29/05/2012,May-12,5,2012,THEEWATERSKLOOF,Major Dam,480188,22.05,250250,52.12
20b6a502-9450-4a70-acc0-94f9ea59dfdf,30/05/2012,May-12,5,2012,THEEWATERSKLOOF,Major Dam,480188,22.05,250250,52.12
f2616917-1f54-4924-885e-b0eebd515a73,31/05/2012,May-12,5,2012,THEEWATERSKLOOF,Major Dam,480188,22.07,250935,52.26
17860089-3885-4135-807b-1dab36bef22e,01/06/2012,Jun-12,6,2012,THEEWATERSKLOOF,Major Dam,480188,22.07,250935,52.26
6fc40f19-83d2-4983-b62f-e5032a3cf3e5,02/06/2012,Jun-12,6,2012,THEEWATERSKLOOF,Major Dam,480188,22.07,250935,52.26
0736c2fc-dcad-4e49-b8d7-0a3fccf1a6ba,03/06/2012,Jun-12,6,2012,THEEWATERSKLOOF,Major Dam,480188,22.07,250935,52.26
3cd28212-dc7e-4615-b27c-8a86cc89612b,04/06/2012,Jun-12,6,2012,THEEWATERSKLOOF,Major Dam,480188,22.05,250250,52.12
ca301662-8c39-42e2-8e85-a0a7992a6e36,05/06/2012,Jun-12,6,2012,THEEWATERSKLOOF,Major Dam,480188,22.05,250250,52.12
14b922b3-66a8-4886-ad4b-96390c2fefa5,06/06/2012,Jun-12,6,2012,THEEWATERSKLOOF,Major Dam,480188,22.05,250250,52.12
c05a8211-296b-4b55-a69e-1104479b856b,07/06/2012,Jun-12,6,2012,THEEWATERSKLOOF,Major Dam,480188,22.05,250250,52.12
f344e90d-e593-4788-8f11-6520459c9c75,08/06/2012,Jun-12,6,2012,THEEWATERSKLOOF,Major Dam,480188,22.25,257162,53.55
53492664-9468-41cd-b3dd-d82e24cc7da1,09/06/2012,Jun-12,6,2012,THEEWATERSKLOOF,Major Dam,480188,22.54,267438,55.69
979e7797-38eb-4fb9-9f74-3663c12812d7,10/06/2012,Jun-12,6,2012,THEEWATERSKLOOF,Major Dam,480188,22.64,271048,56.45
b5c843af-15a6-431f-8553-88c9ece591fc,11/06/2012,Jun-12,6,2012,THEEWATERSKLOOF,Major Dam,480188,22.65,271411,56.52
a0b3cc53-7f2a-4d3e-86a4-a804db41c2fd,12/06/2012,Jun-12,6,2012,THEEWATERSKLOOF,Major Dam,480188,22.68,272502,56.75
bb5facdd-1b3c-4ca4-a1ce-9c4bab89f87d,13/06/2012,Jun-12,6,2012,THEEWATERSKLOOF,Major Dam,480188,22.68,272502,56.75
249f6e39-3766-48b2-b772-474e70437e7d,14/06/2012,Jun-12,6,2012,THEEWATERSKLOOF,Major Dam,480188,22.7,273231,56.9
037072a4-7b35-40d3-8fe4-8ab17837e41c,15/06/2012,Jun-12,6,2012,THEEWATERSKLOOF,Major Dam,480188,22.71,273596,56.98
0232036b-dfbf-4ec1-987f-df45af515854,16/06/2012,Jun-12,6,2012,THEEWATERSKLOOF,Major Dam,480188,22.71,273596,56.98
ff797fe7-464b-459c-8ec0-4491a11ff785,17/06/2012,Jun-12,6,2012,THEEWATERSKLOOF,Major Dam,480188,22.71,273596,56.98
223b41fe-1f85-43f0-b139-f187a3b75269,18/06/2012,Jun-12,6,2012,THEEWATERSKLOOF,Major Dam,480188,22.71,273596,56.98
b8c22626-fbce-4a2f-85c0-8ec0bd70ab88,19/06/2012,Jun-12,6,2012,THEEWATERSKLOOF,Major Dam,480188,22.71,273596,56.98
f6036e67-174f-429b-a734-b58bcbac2e2b,20/06/2012,Jun-12,6,2012,THEEWATERSKLOOF,Major Dam,480188,22.71,273596,56.98
79eb68ec-0cd0-4951-8bb6-403977ac20b2,21/06/2012,Jun-12,6,2012,THEEWATERSKLOOF,Major Dam,480188,22.71,273596,56.98
ee0ae0fe-468a-4b0b-a490-f85191063c00,22/06/2012,Jun-12,6,2012,THEEWATERSKLOOF,Major Dam,480188,22.7,273231,56.9
0489df2b-070e-49ab-a095-140456327d93,23/06/2012,Jun-12,6,2012,THEEWATERSKLOOF,Major Dam,480188,22.7,273231,56.9
66c5963d-071f-4f59-8f92-76e3c2d78fdc,24/06/2012,Jun-12,6,2012,THEEWATERSKLOOF,Major Dam,480188,22.7,273231,56.9
9e6bcd77-f98d-41de-a00a-564a42f89ad8,25/06/2012,Jun-12,6,2012,THEEWATERSKLOOF,Major Dam,480188,22.71,273596,56.98
0883b965-3992-466b-bea9-dc24e741c795,26/06/2012,Jun-12,6,2012,THEEWATERSKLOOF,Major Dam,480188,22.71,273596,56.98
796a5792-4c27-4955-a278-c8196b929981,27/06/2012,Jun-12,6,2012,THEEWATERSKLOOF,Major Dam,480188,23.07,286956,59.76
592099c7-f354-4b92-94f7-441af788c0b7,28/06/2012,Jun-12,6,2012,THEEWATERSKLOOF,Major Dam,480188,23.23,293029,61.02
f50a586c-5f37-40d4-b0e7-9f4be8b14fa3,29/06/2012,Jun-12,6,2012,THEEWATERSKLOOF,Major Dam,480188,23.23,293029,61.02
9fa7f030-d22f-421c-8a82-3f3f5fcff3b6,30/06/2012,Jun-12,6,2012,THEEWATERSKLOOF,Major Dam,480188,23.23,293029,61.02
5edf7ae7-6cc9-4749-9bf9-69a960eead98,01/07/2012,Jul-12,7,2012,THEEWATERSKLOOF,Major Dam,480188,23.35,297637,61.98
02de7601-e77b-488f-aa67-d8edcfda1158,02/07/2012,Jul-12,7,2012,THEEWATERSKLOOF,Major Dam,480188,23.35,297637,61.98
5d77ff99-4f4d-4395-ba97-f26dcf89930f,03/07/2012,Jul-12,7,2012,THEEWATERSKLOOF,Major Dam,480188,23.4,299570,62.39
83dc1db5-76e7-4787-a7d3-d4de97cfbd77,04/07/2012,Jul-12,7,2012,THEEWATERSKLOOF,Major Dam,480188,23.4,299570,62.39
8d317721-f943-4758-bd20-34bde866dec3,05/07/2012,Jul-12,7,2012,THEEWATERSKLOOF,Major Dam,480188,23.4,299570,62.39
007af1cc-3cd7-46b3-9c7e-079d2c8926a5,06/07/2012,Jul-12,7,2012,THEEWATERSKLOOF,Major Dam,480188,23.45,301511,62.79
db3da7e1-c024-4c3a-8f8f-4b23d98cc38e,07/07/2012,Jul-12,7,2012,THEEWATERSKLOOF,Major Dam,480188,23.58,306594,63.85
c6cf19e8-c366-4de4-b547-987d2394455a,08/07/2012,Jul-12,7,2012,THEEWATERSKLOOF,Major Dam,480188,23.58,306594,63.85
3d68081f-f9b7-41e1-815b-0105bb3b7b7f,09/07/2012,Jul-12,7,2012,THEEWATERSKLOOF,Major Dam,480188,23.58,306594,63.85
8d5cad5b-906f-402d-becf-0f2708840338,10/07/2012,Jul-12,7,2012,THEEWATERSKLOOF,Major Dam,480188,23.65,309352,64.42
0667d152-2b43-4ce7-97e0-2f06c284555f,11/07/2012,Jul-12,7,2012,THEEWATERSKLOOF,Major Dam,480188,23.83,316512,65.91
0f3b9565-9c6f-4bdc-8e7e-8068882f53fc,12/07/2012,Jul-12,7,2012,THEEWATERSKLOOF,Major Dam,480188,23.88,318518,66.33
14c0786b-1df7-41cb-afd5-5aa0379a806b,13/07/2012,Jul-12,7,2012,THEEWATERSKLOOF,Major Dam,480188,23.91,319725,66.58
3560556d-89d8-4184-b7dd-6dc7e2daf577,14/07/2012,Jul-12,7,2012,THEEWATERSKLOOF,Major Dam,480188,23.91,319725,66.58
6665398f-3234-43bc-9e39-65068bb7c547,15/07/2012,Jul-12,7,2012,THEEWATERSKLOOF,Major Dam,480188,23.91,319725,66.58
ecaa16b1-a3df-41c3-8b50-cd5582f68bf0,16/07/2012,Jul-12,7,2012,THEEWATERSKLOOF,Major Dam,480188,23.98,322550,67.17
9d674cb6-e3fa-493a-8c4e-a2919426ebc5,17/07/2012,Jul-12,7,2012,THEEWATERSKLOOF,Major Dam,480188,24,323359,67.34
a60e4625-928c-4c1f-a22e-e4e75ee87c51,18/07/2012,Jul-12,7,2012,THEEWATERSKLOOF,Major Dam,480188,24,323359,67.34
f85191f8-af3f-4aaa-8a3e-95860d5922fc,19/07/2012,Jul-12,7,2012,THEEWATERSKLOOF,Major Dam,480188,24,323359,67.34
86e3046b-0cb9-44d6-8965-4e886984d6c4,20/07/2012,Jul-12,7,2012,THEEWATERSKLOOF,Major Dam,480188,24,323359,67.34
14ddbbff-d636-4d85-93da-d1192eda45c4,21/07/2012,Jul-12,7,2012,THEEWATERSKLOOF,Major Dam,480188,24.01,323764,67.42
93543179-0c15-4480-9f42-29f60fed27e0,22/07/2012,Jul-12,7,2012,THEEWATERSKLOOF,Major Dam,480188,24.05,325386,67.76
587516e9-024d-4245-83ed-38d85c88899f,23/07/2012,Jul-12,7,2012,THEEWATERSKLOOF,Major Dam,480188,24.38,338951,70.59
f8a0d67c-7974-44f6-8c2c-8a900b275320,24/07/2012,Jul-12,7,2012,THEEWATERSKLOOF,Major Dam,480188,24.38,338951,70.59
f2b4d38f-a6d0-4cac-8798-7a54110e223d,25/07/2012,Jul-12,7,2012,THEEWATERSKLOOF,Major Dam,480188,24.43,341034,71.02
6491fc3f-7f35-4819-81f3-6c10050609fd,26/07/2012,Jul-12,7,2012,THEEWATERSKLOOF,Major Dam,480188,24.45,341869,71.19
8ef421eb-a1f2-4d77-993c-eaf27d71b9e2,27/07/2012,Jul-12,7,2012,THEEWATERSKLOOF,Major Dam,480188,24.45,341869,71.19
4916b75c-2956-4100-8519-5cd437d7c3f9,28/07/2012,Jul-12,7,2012,THEEWATERSKLOOF,Major Dam,480188,24.47,342706,71.37
64c26aae-9091-42b2-b255-19db7f1d3c21,29/07/2012,Jul-12,7,2012,THEEWATERSKLOOF,Major Dam,480188,24.47,342706,71.37
10d1e46d-3608-4711-be27-07b91db8e256,30/07/2012,Jul-12,7,2012,THEEWATERSKLOOF,Major Dam,480188,24.5,343963,71.63
1e315f84-3fea-4707-a38d-fa40e92063d2,31/07/2012,Jul-12,7,2012,THEEWATERSKLOOF,Major Dam,480188,24.5,343963,71.63
b977a40d-4fde-446c-86eb-126ad140ad5a,01/08/2012,Aug-12,8,2012,THEEWATERSKLOOF,Major Dam,480188,24.52,344802,71.81
d74190c4-42aa-4a77-870e-56cd81fd7126,02/08/2012,Aug-12,8,2012,THEEWATERSKLOOF,Major Dam,480188,24.52,344802,71.81
5ae4b7ff-9526-4605-90f5-f2f3ebb537e7,03/08/2012,Aug-12,8,2012,THEEWATERSKLOOF,Major Dam,480188,24.55,346063,72.07
fd8386e1-d184-4c52-895e-856e6b3b661c,04/08/2012,Aug-12,8,2012,THEEWATERSKLOOF,Major Dam,480188,24.55,346063,72.07
6e91f01b-9948-411d-91c5-a3a444d78f8b,05/08/2012,Aug-12,8,2012,THEEWATERSKLOOF,Major Dam,480188,24.55,346063,72.07
a4af635e-f4c6-40b6-8b1e-b8c3b08c3e1d,06/08/2012,Aug-12,8,2012,THEEWATERSKLOOF,Major Dam,480188,24.62,349017,72.68
eea65643-19bb-4f7d-8178-1d7bad4b3207,07/08/2012,Aug-12,8,2012,THEEWATERSKLOOF,Major Dam,480188,24.7,352410,73.39
8fc5aace-d6c2-4d3b-ad23-e7dc44438d99,08/08/2012,Aug-12,8,2012,THEEWATERSKLOOF,Major Dam,480188,24.84,358392,74.64
efa0d8ff-ea48-4f1b-ad0e-cdcee098700f,09/08/2012,Aug-12,8,2012,THEEWATERSKLOOF,Major Dam,480188,24.93,362269,75.44
9cde9c0f-b58f-4dec-88b4-c86ba4b75827,10/08/2012,Aug-12,8,2012,THEEWATERSKLOOF,Major Dam,480188,24.93,362269,75.44
a5c35eba-15e7-41bb-8010-4866e790aa33,11/08/2012,Aug-12,8,2012,THEEWATERSKLOOF,Major Dam,480188,25,365300,76.07
c8fd076b-75f5-4e0a-a905-78e874da89d7,12/08/2012,Aug-12,8,2012,THEEWATERSKLOOF,Major Dam,480188,25.05,367474,76.53
2a09942b-ed40-4072-afe8-796c5f633844,13/08/2012,Aug-12,8,2012,THEEWATERSKLOOF,Major Dam,480188,25.5,387375,80.67
e9aef3f4-1f71-4494-98ae-a289e2e98aa8,14/08/2012,Aug-12,8,2012,THEEWATERSKLOOF,Major Dam,480188,25.5,387375,80.67
11a8c636-914e-4500-9104-174171eee9bf,15/08/2012,Aug-12,8,2012,THEEWATERSKLOOF,Major Dam,480188,25.85,403272,83.98
71875ef7-a888-44bf-a32a-e6f0b17485d0,16/08/2012,Aug-12,8,2012,THEEWATERSKLOOF,Major Dam,480188,26.12,415788,86.59
fa5b6aa1-e386-44c7-888a-636df1ee46c0,17/08/2012,Aug-12,8,2012,THEEWATERSKLOOF,Major Dam,480188,26.31,424728,88.45
7c7b4f20-ff77-4df2-9c2d-2ee8bd62cbb9,18/08/2012,Aug-12,8,2012,THEEWATERSKLOOF,Major Dam,480188,26.31,424728,88.45
f733d087-63d3-4f39-a992-8c5c0d92c390,19/08/2012,Aug-12,8,2012,THEEWATERSKLOOF,Major Dam,480188,26.31,424728,88.45
cf7c1c18-84db-42d2-8968-d577d9635b1e,20/08/2012,Aug-12,8,2012,THEEWATERSKLOOF,Major Dam,480188,26.45,431386,89.84
a6462548-f937-4db1-82b2-6e20b79c90ac,21/08/2012,Aug-12,8,2012,THEEWATERSKLOOF,Major Dam,480188,26.49,433299,90.24
b9e910d1-61c4-4c02-9bdc-c028c35b94c5,22/08/2012,Aug-12,8,2012,THEEWATERSKLOOF,Major Dam,480188,26.53,435218,90.63
21818282-f946-4473-9443-4c0a9b22ecac,23/08/2012,Aug-12,8,2012,THEEWATERSKLOOF,Major Dam,480188,26.55,436178,90.83
7a14a505-bf3b-45e0-87ce-224635d12fac,24/08/2012,Aug-12,8,2012,THEEWATERSKLOOF,Major Dam,480188,26.58,437622,91.14
55214955-772c-431e-8502-19f9293515b1,25/08/2012,Aug-12,8,2012,THEEWATERSKLOOF,Major Dam,480188,26.58,437622,91.14
3e779ad6-e4c9-470c-ad80-f9c509924293,26/08/2012,Aug-12,8,2012,THEEWATERSKLOOF,Major Dam,480188,26.58,437622,91.14
2b705c82-e48f-4183-a26b-bbd654a049f5,27/08/2012,Aug-12,8,2012,THEEWATERSKLOOF,Major Dam,480188,26.8,448294,93.36
9037b7aa-2ae3-44e6-9891-05825e0e0bf5,28/08/2012,Aug-12,8,2012,THEEWATERSKLOOF,Major Dam,480188,26.85,450740,93.87
43c24490-320e-4026-92b7-bd290c5ecf8d,29/08/2012,Aug-12,8,2012,THEEWATERSKLOOF,Major Dam,480188,26.85,450740,93.87
be0d9f65-e0cd-4581-9293-48fab12880fd,30/08/2012,Aug-12,8,2012,THEEWATERSKLOOF,Major Dam,480188,26.9,453194,94.38
a99fef3f-c622-444c-8395-3b472e517b08,31/08/2012,Aug-12,8,2012,THEEWATERSKLOOF,Major Dam,480188,26.9,453194,94.38
4f65901a-759c-4ba3-8251-3f2b4fa94dbf,01/09/2012,Sep-12,9,2012,THEEWATERSKLOOF,Major Dam,480188,27.05,460602,95.92
75415373-ce76-4cae-889c-9f40a1edd320,02/09/2012,Sep-12,9,2012,THEEWATERSKLOOF,Major Dam,480188,27.13,464582,96.75
6225bdeb-67d7-4bb3-9fba-dc570b5f418e,03/09/2012,Sep-12,9,2012,THEEWATERSKLOOF,Major Dam,480188,27.15,465580,96.96
8f5ed89c-afde-432b-80ab-8e396017fa4f,04/09/2012,Sep-12,9,2012,THEEWATERSKLOOF,Major Dam,480188,27.17,466579,97.17
b5afc1fa-8440-4a07-8f9e-eb9c851e3268,05/09/2012,Sep-12,9,2012,THEEWATERSKLOOF,Major Dam,480188,27.2,468080,97.48
a9ac9b31-ed2e-4456-8f50-c640f2f00ff8,06/09/2012,Sep-12,9,2012,THEEWATERSKLOOF,Major Dam,480188,27.24,470086,97.9
b39129e0-70ee-4b79-b249-3713b77aa5a4,07/09/2012,Sep-12,9,2012,THEEWATERSKLOOF,Major Dam,480188,27.25,470588,98
e0172510-84f3-418f-b253-80964d77f910,08/09/2012,Sep-12,9,2012,THEEWATERSKLOOF,Major Dam,480188,27.25,470588,98
779dcfaa-f7aa-4c7e-90c3-91d2fd3ba14f,09/09/2012,Sep-12,9,2012,THEEWATERSKLOOF,Major Dam,480188,27.25,470588,98
73b79b30-00ee-43bb-bdf7-ef58df554a72,10/09/2012,Sep-12,9,2012,THEEWATERSKLOOF,Major Dam,480188,27.28,472096,98.31
70ee469c-61b5-4d44-a1b6-e164adf0d649,11/09/2012,Sep-12,9,2012,THEEWATERSKLOOF,Major Dam,480188,27.35,475627,99.05
5e61fffe-4ab7-4b93-abf0-77debc283fc0,12/09/2012,Sep-12,9,2012,THEEWATERSKLOOF,Major Dam,480188,27.38,477145,99.37
4ebe66a4-81de-4e3b-b6d8-fc1bea439837,13/09/2012,Sep-12,9,2012,THEEWATERSKLOOF,Major Dam,480188,27.38,477145,99.37
50325905-bb15-424f-8867-d2e7c9d649b6,14/09/2012,Sep-12,9,2012,THEEWATERSKLOOF,Major Dam,480188,27.4,478158,99.58
9c2b4a15-d854-4405-82fe-90d8b9ea1e85,15/09/2012,Sep-12,9,2012,THEEWATERSKLOOF,Major Dam,480188,27.4,478158,99.58
0dafa882-ccc5-47dc-a4ea-9363d32e715a,16/09/2012,Sep-12,9,2012,THEEWATERSKLOOF,Major Dam,480188,27.41,478665,99.68
9ddd17ac-822e-4e7a-b9f7-7546bd56df17,17/09/2012,Sep-12,9,2012,THEEWATERSKLOOF,Major Dam,480188,27.41,478665,99.68
8bd6a77e-9f5d-4b80-b1b1-6b329e43a997,18/09/2012,Sep-12,9,2012,THEEWATERSKLOOF,Major Dam,480188,27.41,478665,99.68
04a899d2-177c-4435-b1af-27ad5a45b242,19/09/2012,Sep-12,9,2012,THEEWATERSKLOOF,Major Dam,480188,27.41,478665,99.68
3490dad5-f170-45c9-b52f-16cc6f283be5,20/09/2012,Sep-12,9,2012,THEEWATERSKLOOF,Major Dam,480188,27.42,479172,99.79
2e09af41-0352-4ccd-8791-78c48dac5de1,21/09/2012,Sep-12,9,2012,THEEWATERSKLOOF,Major Dam,480188,27.42,479172,99.79
9d1c65e9-ab16-4b34-b962-91840f9fab32,22/09/2012,Sep-12,9,2012,THEEWATERSKLOOF,Major Dam,480188,27.42,479172,99.79
fe32580c-d924-4a8b-94b4-b0ab3b6d6f10,23/09/2012,Sep-12,9,2012,THEEWATERSKLOOF,Major Dam,480188,27.45,480697,100.11
c81d8965-5f2f-4da6-afd6-137080b4ff2d,24/09/2012,Sep-12,9,2012,THEEWATERSKLOOF,Major Dam,480188,27.54,485285,101.06
6fd6167f-b881-486b-af4a-6840ceff340a,25/09/2012,Sep-12,9,2012,THEEWATERSKLOOF,Major Dam,480188,27.54,485285,101.06
9f50eed4-26c2-452c-8f2d-60f87517b253,26/09/2012,Sep-12,9,2012,THEEWATERSKLOOF,Major Dam,480188,27.54,485285,101.06
1c3bcaad-a9a0-455d-8b72-0ec57ebacdd3,27/09/2012,Sep-12,9,2012,THEEWATERSKLOOF,Major Dam,480188,27.54,485285,101.06
0b2a7e20-bc4e-4504-aab6-121d784d7c20,28/09/2012,Sep-12,9,2012,THEEWATERSKLOOF,Major Dam,480188,27.65,490928,102.24
20814bc0-9b57-4aa7-8174-42f4b750f50d,29/09/2012,Sep-12,9,2012,THEEWATERSKLOOF,Major Dam,480188,27.65,490928,102.24
a732591d-ced4-4121-856c-c7527da6074c,30/09/2012,Sep-12,9,2012,THEEWATERSKLOOF,Major Dam,480188,27.65,490928,102.24
26a2a686-4ab7-4420-b48d-6c12a1e02ab7,01/10/2012,Oct-12,10,2012,THEEWATERSKLOOF,Major Dam,480188,27.7,493505,102.77
ed6a6887-7c4f-42fd-b8a3-ce154fe0dae3,02/10/2012,Oct-12,10,2012,THEEWATERSKLOOF,Major Dam,480188,27.7,493505,102.77
f112ee43-7487-4683-ac8d-eda57a280927,03/10/2012,Oct-12,10,2012,THEEWATERSKLOOF,Major Dam,480188,27.7,493505,102.77
db75394f-e02d-4791-92dc-640f2c0d2b6f,04/10/2012,Oct-12,10,2012,THEEWATERSKLOOF,Major Dam,480188,27.73,495055,103.1
e8e78244-5e64-4368-9f4d-5dbef859cf2f,05/10/2012,Oct-12,10,2012,THEEWATERSKLOOF,Major Dam,480188,27.68,492473,102.56
b08686b8-c127-4efd-8b63-d98e575d47ce,06/10/2012,Oct-12,10,2012,THEEWATERSKLOOF,Major Dam,480188,27.68,492473,102.56
b20b10b8-d45f-435b-9803-e1666c504b99,07/10/2012,Oct-12,10,2012,THEEWATERSKLOOF,Major Dam,480188,27.68,492473,102.56
5fbbd3c4-a7a7-43f3-b1da-108b839179da,08/10/2012,Oct-12,10,2012,THEEWATERSKLOOF,Major Dam,480188,27.65,490928,102.24
61f08f42-4b7c-436c-99cc-a385344e1e24,09/10/2012,Oct-12,10,2012,THEEWATERSKLOOF,Major Dam,480188,27.65,490928,102.24
cb44edd1-a4fd-41e0-af8d-29e3d942076d,10/10/2012,Oct-12,10,2012,THEEWATERSKLOOF,Major Dam,480188,27.64,490413,102.13
0e874f26-ad4e-4115-91cc-358414c116a0,11/10/2012,Oct-12,10,2012,THEEWATERSKLOOF,Major Dam,480188,27.63,489899,102.02
fd74868f-c032-44f5-bbbd-5be903b4f645,12/10/2012,Oct-12,10,2012,THEEWATERSKLOOF,Major Dam,480188,27.63,489899,102.02
fcdc822b-01db-44ac-a6a3-26d804939f63,13/10/2012,Oct-12,10,2012,THEEWATERSKLOOF,Major Dam,480188,27.63,489899,102.02
5039bc71-ca8c-45da-93d4-d07c776df88c,14/10/2012,Oct-12,10,2012,THEEWATERSKLOOF,Major Dam,480188,27.62,489385,101.92
ecf98524-20a2-4d5f-b5d5-d2cb23a7c191,15/10/2012,Oct-12,10,2012,THEEWATERSKLOOF,Major Dam,480188,27.6,488358,101.7
bb4aeab5-0256-4226-bac8-61ecc532c44f,16/10/2012,Oct-12,10,2012,THEEWATERSKLOOF,Major Dam,480188,27.58,487333,101.49
73bed270-2edd-4234-82da-1bf189671c83,17/10/2012,Oct-12,10,2012,THEEWATERSKLOOF,Major Dam,480188,27.58,487333,101.49
da27668d-42ef-44fb-8a42-57528e4ae345,18/10/2012,Oct-12,10,2012,THEEWATERSKLOOF,Major Dam,480188,27.58,487333,101.49
4934db74-fa01-4902-be57-939560930919,19/10/2012,Oct-12,10,2012,THEEWATERSKLOOF,Major Dam,480188,27.6,488358,101.7
c7830961-d31e-4deb-bc81-b473620ef7be,20/10/2012,Oct-12,10,2012,THEEWATERSKLOOF,Major Dam,480188,27.67,491958,102.45
e65ddaff-ac62-4821-b7c8-c93c4a914738,21/10/2012,Oct-12,10,2012,THEEWATERSKLOOF,Major Dam,480188,27.67,491958,102.45
d345aec2-1a54-41f9-9122-bf952f1d9768,22/10/2012,Oct-12,10,2012,THEEWATERSKLOOF,Major Dam,480188,27.75,496089,103.31
da3ad568-5ba8-430b-93c6-4ff131737089,23/10/2012,Oct-12,10,2012,THEEWATERSKLOOF,Major Dam,480188,27.75,496089,103.31
1fd5691b-4623-4ba8-9539-1e487225a383,24/10/2012,Oct-12,10,2012,THEEWATERSKLOOF,Major Dam,480188,27.74,495572,103.2
58e2a6ad-633e-4b89-88c7-bf7159098c04,25/10/2012,Oct-12,10,2012,THEEWATERSKLOOF,Major Dam,480188,27.74,495572,103.2
d98542cb-6b92-4b5a-ae48-7facbc97df63,26/10/2012,Oct-12,10,2012,THEEWATERSKLOOF,Major Dam,480188,27.73,495055,103.1
5b2bc0e1-3f51-4044-b3ad-d711e6af6b1d,27/10/2012,Oct-12,10,2012,THEEWATERSKLOOF,Major Dam,480188,27.73,495055,103.1
15361e7b-3569-4850-9f83-0b24e8f3a938,28/10/2012,Oct-12,10,2012,THEEWATERSKLOOF,Major Dam,480188,27.72,494538,102.99
63d91196-d671-4c96-8b49-b18bd801967e,29/10/2012,Oct-12,10,2012,THEEWATERSKLOOF,Major Dam,480188,27.65,490928,102.24
2b8fb470-fa99-4488-9482-ea5d3760c0e9,30/10/2012,Oct-12,10,2012,THEEWATERSKLOOF,Major Dam,480188,27.65,490928,102.24
5e56195f-3631-44cd-91df-dbb90f97eeef,31/10/2012,Oct-12,10,2012,THEEWATERSKLOOF,Major Dam,480188,27.61,488872,101.81
6b142535-6787-4a93-b63f-5417ceb7f48e,01/11/2012,Nov-12,11,2012,THEEWATERSKLOOF,Major Dam,480188,27.58,487333,101.49
baceafce-7ea3-450b-8a0d-a138471237b6,02/11/2012,Nov-12,11,2012,THEEWATERSKLOOF,Major Dam,480188,27.56,486309,101.27
41160298-1638-4ab1-9030-bb118cc3a80e,03/11/2012,Nov-12,11,2012,THEEWATERSKLOOF,Major Dam,480188,27.55,485797,101.17
452df314-c007-494f-bbcc-14cacb078686,04/11/2012,Nov-12,11,2012,THEEWATERSKLOOF,Major Dam,480188,27.55,485797,101.17
fd724e3c-4206-40fd-b863-9559a51b25ea,05/11/2012,Nov-12,11,2012,THEEWATERSKLOOF,Major Dam,480188,27.53,484774,100.96
edfbdb18-77ea-4466-800a-5465cb3fd423,06/11/2012,Nov-12,11,2012,THEEWATERSKLOOF,Major Dam,480188,27.53,484774,100.96
54912e17-ce6c-4779-9204-9ac07e4aaee6,07/11/2012,Nov-12,11,2012,THEEWATERSKLOOF,Major Dam,480188,27.51,483753,100.74
f0a9e364-5208-48cd-a520-09bd29936fc8,08/11/2012,Nov-12,11,2012,THEEWATERSKLOOF,Major Dam,480188,27.47,481714,100.32
4c4e4aea-a4b1-4f58-823d-f42f81a5b0c0,09/11/2012,Nov-12,11,2012,THEEWATERSKLOOF,Major Dam,480188,27.46,481205,100.21
5344e690-962a-4610-aac0-7870e839c65d,10/11/2012,Nov-12,11,2012,THEEWATERSKLOOF,Major Dam,480188,27.45,480697,100.11
e18e1ab8-3900-4720-937c-8b7b387cf6ca,11/11/2012,Nov-12,11,2012,THEEWATERSKLOOF,Major Dam,480188,27.44,480188,100
287acf34-1f2b-4b6f-9ccd-bfd5c90f9a22,12/11/2012,Nov-12,11,2012,THEEWATERSKLOOF,Major Dam,480188,27.44,480188,100
d62275ed-d484-4380-a58a-c61bdb466dbb,13/11/2012,Nov-12,11,2012,THEEWATERSKLOOF,Major Dam,480188,27.44,480188,100
6c776c70-4736-4780-834d-3637cc544186,14/11/2012,Nov-12,11,2012,THEEWATERSKLOOF,Major Dam,480188,27.44,480188,100
ddd82f5c-0503-4a64-8972-a7b46e737cc7,15/11/2012,Nov-12,11,2012,THEEWATERSKLOOF,Major Dam,480188,27.44,480188,100
ed047377-385f-4455-9a5a-3bd33774a820,16/11/2012,Nov-12,11,2012,THEEWATERSKLOOF,Major Dam,480188,27.44,480188,100
068ea12e-6fae-4a71-a83f-6239767d56fa,17/11/2012,Nov-12,11,2012,THEEWATERSKLOOF,Major Dam,480188,27.38,477145,99.37
6a8763f1-a743-4bf6-a3e6-a66e2cb246e8,18/11/2012,Nov-12,11,2012,THEEWATERSKLOOF,Major Dam,480188,27.36,476132,99.16
7519ddbd-d43a-4961-9225-99e5f09544a8,19/11/2012,Nov-12,11,2012,THEEWATERSKLOOF,Major Dam,480188,27.35,475627,99.05
7da5ca6b-11dd-4039-919e-31b80cfe2440,20/11/2012,Nov-12,11,2012,THEEWATERSKLOOF,Major Dam,480188,27.35,475627,99.05
da5e257a-1c55-4b27-bd9a-37a4a083815b,21/11/2012,Nov-12,11,2012,THEEWATERSKLOOF,Major Dam,480188,27.32,474112,98.73
5cfcced5-6a60-4181-a057-c7e22af4c541,22/11/2012,Nov-12,11,2012,THEEWATERSKLOOF,Major Dam,480188,27.3,473103,98.52
75d34dec-dd10-4af8-9672-e2fbd0322f7a,23/11/2012,Nov-12,11,2012,THEEWATERSKLOOF,Major Dam,480188,27.28,472096,98.31
70509e4d-7b68-4f1f-a6e5-46aa50edc848,24/11/2012,Nov-12,11,2012,THEEWATERSKLOOF,Major Dam,480188,27.28,472096,98.31
595b656e-7d2b-438f-90f3-9af69f421e1d,25/11/2012,Nov-12,11,2012,THEEWATERSKLOOF,Major Dam,480188,27.25,470588,98
77124bda-1a21-4237-93a5-c527dc4dbd69,26/11/2012,Nov-12,11,2012,THEEWATERSKLOOF,Major Dam,480188,27.23,469584,97.79
9c788844-e667-475b-8d46-2330c06d2e3c,27/11/2012,Nov-12,11,2012,THEEWATERSKLOOF,Major Dam,480188,27.23,469584,97.79
7e14c12b-7a0a-493c-b6db-980d3697c720,28/11/2012,Nov-12,11,2012,THEEWATERSKLOOF,Major Dam,480188,27.21,468581,97.58
2f1177fe-74c9-4115-a564-6510aeddc2b4,29/11/2012,Nov-12,11,2012,THEEWATERSKLOOF,Major Dam,480188,27.17,466579,97.17
4b63ea5f-af35-4c23-92dd-3955ec7573f5,30/11/2012,Nov-12,11,2012,THEEWATERSKLOOF,Major Dam,480188,27.15,465580,96.96
2f1c1962-7ff7-4193-bd42-f8a8791711c6,01/12/2012,Dec-12,12,2012,THEEWATERSKLOOF,Major Dam,480188,27.13,464582,96.75
0945c2c0-d917-40ea-b72c-0ac6c2ef891b,02/12/2012,Dec-12,12,2012,THEEWATERSKLOOF,Major Dam,480188,27.13,464582,96.75
c6905df6-8b2a-4d12-9fd0-e05991a0650c,03/12/2012,Dec-12,12,2012,THEEWATERSKLOOF,Major Dam,480188,27.1,463087,96.44
997d377d-4cf4-4d27-8a91-254b7b973471,04/12/2012,Dec-12,12,2012,THEEWATERSKLOOF,Major Dam,480188,27.08,462092,96.23
7abec9d1-dcf4-4326-b9d4-51df71a649a6,05/12/2012,Dec-12,12,2012,THEEWATERSKLOOF,Major Dam,480188,27.05,460602,95.92
b01776e2-b302-4f26-8888-65af835c2d6a,06/12/2012,Dec-12,12,2012,THEEWATERSKLOOF,Major Dam,480188,27.03,459610,95.71
c4ef5db1-7171-4488-96ba-34c7beeffa2f,07/12/2012,Dec-12,12,2012,THEEWATERSKLOOF,Major Dam,480188,27,458125,95.41
d6585acd-da41-4dd1-83d7-1de85d5bf202,08/12/2012,Dec-12,12,2012,THEEWATERSKLOOF,Major Dam,480188,26.98,457136,95.2
80262c3c-992c-4a41-ba84-627952559e99,09/12/2012,Dec-12,12,2012,THEEWATERSKLOOF,Major Dam,480188,26.96,456148,94.99
e1573f2c-c480-48ca-a33f-03f6394c7727,10/12/2012,Dec-12,12,2012,THEEWATERSKLOOF,Major Dam,480188,26.93,454670,94.69
897e3311-faea-490c-ab11-a1ba0625863a,11/12/2012,Dec-12,12,2012,THEEWATERSKLOOF,Major Dam,480188,26.9,453194,94.38
ecd88511-2c40-44eb-96d7-b44b16e2e1aa,12/12/2012,Dec-12,12,2012,THEEWATERSKLOOF,Major Dam,480188,26.87,451720,94.07
3d5be32b-b6af-4dd3-ba6f-1436982de7e5,13/12/2012,Dec-12,12,2012,THEEWATERSKLOOF,Major Dam,480188,26.85,450740,93.87
998b8c74-d34a-41de-b2e2-4c0e03b4f5ec,14/12/2012,Dec-12,12,2012,THEEWATERSKLOOF,Major Dam,480188,26.83,449760,93.66
19a6fcba-b79d-4bbf-b407-30e4e7ae4431,15/12/2012,Dec-12,12,2012,THEEWATERSKLOOF,Major Dam,480188,26.8,448294,93.36
ffb0df26-83d0-4888-b2bf-e17483ff1f02,16/12/2012,Dec-12,12,2012,THEEWATERSKLOOF,Major Dam,480188,26.76,446342,92.95
919fdbf5-2dd0-4008-8a8d-905a7f594413,17/12/2012,Dec-12,12,2012,THEEWATERSKLOOF,Major Dam,480188,26.73,444882,92.65
6540b600-67a9-4639-bfe9-587d84633e3c,18/12/2012,Dec-12,12,2012,THEEWATERSKLOOF,Major Dam,480188,26.7,443425,92.34
74922821-74cf-4475-a381-94b2c9a668aa,19/12/2012,Dec-12,12,2012,THEEWATERSKLOOF,Major Dam,480188,26.68,442454,92.14
022c75f5-863a-4617-82cb-838ca2282977,20/12/2012,Dec-12,12,2012,THEEWATERSKLOOF,Major Dam,480188,26.66,441485,91.94
a2878b03-089e-4a71-98e3-5b3b66106406,21/12/2012,Dec-12,12,2012,THEEWATERSKLOOF,Major Dam,480188,26.64,440518,91.74
a0320088-a83c-463f-9117-48ef1743c53b,22/12/2012,Dec-12,12,2012,THEEWATERSKLOOF,Major Dam,480188,26.62,439551,91.54
4d5c38cd-5da9-428c-b895-fb89139fcd0d,23/12/2012,Dec-12,12,2012,THEEWATERSKLOOF,Major Dam,480188,26.62,439551,91.54
b684c7a2-6291-445a-b9a8-cb1614c33e41,24/12/2012,Dec-12,12,2012,THEEWATERSKLOOF,Major Dam,480188,26.6,438586,91.34
d7e2fa37-5610-4d59-a480-e035917eca65,25/12/2012,Dec-12,12,2012,THEEWATERSKLOOF,Major Dam,480188,26.54,435698,90.73
32d653e7-c1ed-43dc-abab-84b28f46bb6f,26/12/2012,Dec-12,12,2012,THEEWATERSKLOOF,Major Dam,480188,26.52,434738,90.53
057f5526-ac7f-403b-807a-c2b4eb90c11c,27/12/2012,Dec-12,12,2012,THEEWATERSKLOOF,Major Dam,480188,26.5,433778,90.34
c0431111-ed91-4d7d-93da-afc7aad7221f,28/12/2012,Dec-12,12,2012,THEEWATERSKLOOF,Major Dam,480188,26.5,433778,90.34
493207c5-0832-49d6-9869-1961387a7b75,29/12/2012,Dec-12,12,2012,THEEWATERSKLOOF,Major Dam,480188,26.45,431386,89.84
a599a1a0-40da-464c-beaf-0908d5040d5a,30/12/2012,Dec-12,12,2012,THEEWATERSKLOOF,Major Dam,480188,26.4,429001,89.34
c829fbe5-b40a-4eaa-b7c4-e7885b1ea427,31/12/2012,Dec-12,12,2012,THEEWATERSKLOOF,Major Dam,480188,26.36,427099,88.94
121852bb-12f6-4fac-b99c-38ebbf1fc155,01/01/2013,Jan-13,1,2013,THEEWATERSKLOOF,Major Dam,480188,26.34,426150,88.75
34e9a649-cad1-4750-aca5-8f4949f59851,02/01/2013,Jan-13,1,2013,THEEWATERSKLOOF,Major Dam,480188,26.32,425202,88.55
b2404feb-1690-4725-beed-e97b7c22789d,03/01/2013,Jan-13,1,2013,THEEWATERSKLOOF,Major Dam,480188,26.32,425202,88.55
6b8bc64a-164e-4b37-8680-4ef7ad52054b,04/01/2013,Jan-13,1,2013,THEEWATERSKLOOF,Major Dam,480188,26.25,421893,87.86
315644eb-02ff-41ee-9e6f-d25dc376ae03,05/01/2013,Jan-13,1,2013,THEEWATERSKLOOF,Major Dam,480188,26.23,420950,87.66
1a62fa66-d2a2-435e-a8c1-4ae263e656b4,06/01/2013,Jan-13,1,2013,THEEWATERSKLOOF,Major Dam,480188,26.2,419539,87.37
8dc262c0-523e-4394-b83a-32d422b376cc,07/01/2013,Jan-13,1,2013,THEEWATERSKLOOF,Major Dam,480188,26.17,418130,87.08
d1a64420-82b8-4a44-961a-eeb54a51d742,08/01/2013,Jan-13,1,2013,THEEWATERSKLOOF,Major Dam,480188,26.14,416724,86.78
15f65926-ff8d-432e-a756-47fa2389a992,09/01/2013,Jan-13,1,2013,THEEWATERSKLOOF,Major Dam,480188,26.14,416724,86.78
7cf624af-5043-405a-9849-a10be07f17b0,10/01/2013,Jan-13,1,2013,THEEWATERSKLOOF,Major Dam,480188,26.09,414386,86.3
4c09fbb0-6525-4bad-b3e4-2226708f40ce,11/01/2013,Jan-13,1,2013,THEEWATERSKLOOF,Major Dam,480188,26.06,412987,86.01
f72bf2e3-e28e-482e-986b-82db6c0bbf54,12/01/2013,Jan-13,1,2013,THEEWATERSKLOOF,Major Dam,480188,26.03,411591,85.71
8a53a45c-fe36-4ccb-9b76-e45094c95e69,13/01/2013,Jan-13,1,2013,THEEWATERSKLOOF,Major Dam,480188,26,410198,85.42
34ecbc0b-6a0f-4d31-a41e-69e9989bb992,14/01/2013,Jan-13,1,2013,THEEWATERSKLOOF,Major Dam,480188,26,410198,85.42
5031c94c-1318-4188-a03f-dbfbf470e0dc,15/01/2013,Jan-13,1,2013,THEEWATERSKLOOF,Major Dam,480188,25.93,406957,84.75
f4c34a50-2b37-4675-b59d-811ab2d43862,16/01/2013,Jan-13,1,2013,THEEWATERSKLOOF,Major Dam,480188,25.91,406034,84.56
e2a87bb7-7f34-4915-905b-9a01190381b6,17/01/2013,Jan-13,1,2013,THEEWATERSKLOOF,Major Dam,480188,25.89,405112,84.37
f91e1dd8-7de4-4222-87d7-0f156c0c7e9c,18/01/2013,Jan-13,1,2013,THEEWATERSKLOOF,Major Dam,480188,25.89,405112,84.37
c86ee090-9f5f-4093-80af-9da84fee9d77,19/01/2013,Jan-13,1,2013,THEEWATERSKLOOF,Major Dam,480188,25.85,403272,83.98
e56377f1-9fb6-4e56-987e-11b95b98d514,20/01/2013,Jan-13,1,2013,THEEWATERSKLOOF,Major Dam,480188,25.82,401895,83.7
7f27fe9e-08cc-43d8-938d-907a267c81db,21/01/2013,Jan-13,1,2013,THEEWATERSKLOOF,Major Dam,480188,25.77,399606,83.22
c29772dd-43f5-462b-b15f-f40f60a97a0a,22/01/2013,Jan-13,1,2013,THEEWATERSKLOOF,Major Dam,480188,25.75,398692,83.03
02c0398f-6a23-418d-88ae-8f5a3e05dfdf,23/01/2013,Jan-13,1,2013,THEEWATERSKLOOF,Major Dam,480188,25.72,397324,82.74
8d01dc17-152b-42f3-a51f-b0be1d25c874,24/01/2013,Jan-13,1,2013,THEEWATERSKLOOF,Major Dam,480188,25.69,395959,82.46
543d2306-62ae-4ae2-90db-3ef9c012227c,25/01/2013,Jan-13,1,2013,THEEWATERSKLOOF,Major Dam,480188,25.66,394596,82.18
9949ba91-d305-4f21-98a4-dc28247f0a73,26/01/2013,Jan-13,1,2013,THEEWATERSKLOOF,Major Dam,480188,25.55,389623,81.14
9cfa5741-b7de-4992-8fa3-978ad7de97c4,27/01/2013,Jan-13,1,2013,THEEWATERSKLOOF,Major Dam,480188,25.53,388723,80.95
dfdd983d-d96b-4ee0-835c-77c3b0b77cbb,28/01/2013,Jan-13,1,2013,THEEWATERSKLOOF,Major Dam,480188,25.51,387824,80.77
b7cbe660-194f-438e-bcd1-26df39f2257c,29/01/2013,Jan-13,1,2013,THEEWATERSKLOOF,Major Dam,480188,25.49,386926,80.58
8f25eff3-d161-47bd-ab6b-cc2847f6622a,30/01/2013,Jan-13,1,2013,THEEWATERSKLOOF,Major Dam,480188,25.48,386478,80.48
a5ca8f9a-b998-452b-9674-e71e7c5d3620,31/01/2013,Jan-13,1,2013,THEEWATERSKLOOF,Major Dam,480188,25.45,385134,80.2
771699f7-21b9-4c68-8212-b132dda318d1,01/02/2013,Feb-13,2,2013,THEEWATERSKLOOF,Major Dam,480188,25.43,384240,80.02
1780b0ca-ea3a-489a-b941-191b2cb20b9f,02/02/2013,Feb-13,2,2013,THEEWATERSKLOOF,Major Dam,480188,25.4,382900,79.74
a7499acc-31fe-4d24-9e65-12ced34fb4d5,03/02/2013,Feb-13,2,2013,THEEWATERSKLOOF,Major Dam,480188,25.35,380674,79.28
77bafb96-8f37-4919-8c0e-9a54e5d51186,04/02/2013,Feb-13,2,2013,THEEWATERSKLOOF,Major Dam,480188,25.35,380674,79.28
37faf4a3-32d6-4e92-a597-0a93efdde1e2,05/02/2013,Feb-13,2,2013,THEEWATERSKLOOF,Major Dam,480188,25.29,378013,78.72
d5923c44-bc0b-48c6-9165-b500a1246729,06/02/2013,Feb-13,2,2013,THEEWATERSKLOOF,Major Dam,480188,25.23,375362,78.17
1be46c51-d9d4-4051-a12c-366cdf4f476c,07/02/2013,Feb-13,2,2013,THEEWATERSKLOOF,Major Dam,480188,25.2,374041,77.89
b7108034-b876-4cfb-bb6b-903a19926d4c,08/02/2013,Feb-13,2,2013,THEEWATERSKLOOF,Major Dam,480188,25.2,374041,77.89
e6fb5bb8-13c3-40c3-b522-3aede4a947a5,09/02/2013,Feb-13,2,2013,THEEWATERSKLOOF,Major Dam,480188,25.2,374041,77.89
86a36f4d-770a-4afd-9255-116fd1fe60d5,10/02/2013,Feb-13,2,2013,THEEWATERSKLOOF,Major Dam,480188,25.2,374041,77.89
09f26bc3-0892-4116-b55f-b0e0172ce85d,11/02/2013,Feb-13,2,2013,THEEWATERSKLOOF,Major Dam,480188,25.17,372722,77.62
7edb4fd9-257f-41da-b12f-d8d107493421,12/02/2013,Feb-13,2,2013,THEEWATERSKLOOF,Major Dam,480188,25.15,371845,77.44
29e41afd-2bcb-49d4-9405-332d620a1ade,13/02/2013,Feb-13,2,2013,THEEWATERSKLOOF,Major Dam,480188,25.14,371406,77.35
20562dcd-66ee-40d9-9e81-fc70ace3b8e4,14/02/2013,Feb-13,2,2013,THEEWATERSKLOOF,Major Dam,480188,25.14,371406,77.35
f1350a86-4fe9-4fae-8a51-d848a69b4bc9,15/02/2013,Feb-13,2,2013,THEEWATERSKLOOF,Major Dam,480188,25.07,368346,76.71
ab1a74d5-a062-4f6b-a420-b98194615be5,16/02/2013,Feb-13,2,2013,THEEWATERSKLOOF,Major Dam,480188,25.07,368346,76.71
1f474c0c-7c5d-4718-9e7f-1309152275ae,17/02/2013,Feb-13,2,2013,THEEWATERSKLOOF,Major Dam,480188,25.07,368346,76.71
76df8b71-73db-445d-aaf1-64894c177262,18/02/2013,Feb-13,2,2013,THEEWATERSKLOOF,Major Dam,480188,24.99,364866,75.98
07df4cd6-2750-4bb8-beb5-2dc7cb5118a2,19/02/2013,Feb-13,2,2013,THEEWATERSKLOOF,Major Dam,480188,24.98,364433,75.89
d5d184a1-81cf-4923-a49f-0fcd2fbaa9f2,20/02/2013,Feb-13,2,2013,THEEWATERSKLOOF,Major Dam,480188,24.97,363999,75.8
1be55251-dfa7-4183-87c1-d325922c2e87,21/02/2013,Feb-13,2,2013,THEEWATERSKLOOF,Major Dam,480188,24.94,362701,75.53
e0d4544c-486b-4317-9bb2-14f27a892959,22/02/2013,Feb-13,2,2013,THEEWATERSKLOOF,Major Dam,480188,24.87,359682,74.9
5cedcaeb-8f95-411b-bab2-5d5bc69ea1fa,23/02/2013,Feb-13,2,2013,THEEWATERSKLOOF,Major Dam,480188,24.85,358822,74.73
6d2299bf-b566-4f6d-a1a5-ab7907ac3bae,24/02/2013,Feb-13,2,2013,THEEWATERSKLOOF,Major Dam,480188,24.8,356677,74.28
610bc988-4433-4fd1-ad68-a1c20f42f42d,25/02/2013,Feb-13,2,2013,THEEWATERSKLOOF,Major Dam,480188,24.91,361405,75.26
a8d89e6f-43dc-4208-b549-9dd59dd4d8d2,26/02/2013,Feb-13,2,2013,THEEWATERSKLOOF,Major Dam,480188,24.78,355821,74.1
a679d20f-0431-4226-b459-3c5292c53398,27/02/2013,Feb-13,2,2013,THEEWATERSKLOOF,Major Dam,480188,24.76,354967,73.92
145e510b-cd1c-4e7b-9e14-79c52d556244,28/02/2013,Feb-13,2,2013,THEEWATERSKLOOF,Major Dam,480188,24.74,354113,73.74
b5f3a677-fb54-45bc-a352-2e30842e9cac,01/03/2013,Mar-13,3,2013,THEEWATERSKLOOF,Major Dam,480188,24.72,353261,73.57
7838e2da-265b-49c7-98be-57b2b77a56c6,02/03/2013,Mar-13,3,2013,THEEWATERSKLOOF,Major Dam,480188,24.7,352410,73.39
9b2b6b58-7a82-466e-8ae2-6ebd81c5ad69,03/03/2013,Mar-13,3,2013,THEEWATERSKLOOF,Major Dam,480188,24.68,351560,73.21
988f0352-6977-4f5c-b826-4706649ef1b4,04/03/2013,Mar-13,3,2013,THEEWATERSKLOOF,Major Dam,480188,24.66,350711,73.04
37d2e82d-17c9-4dbf-9c8a-ae9950a1330d,05/03/2013,Mar-13,3,2013,THEEWATERSKLOOF,Major Dam,480188,24.64,349863,72.86
6084d462-c051-4cb3-8b49-6b6299e86a45,06/03/2013,Mar-13,3,2013,THEEWATERSKLOOF,Major Dam,480188,24.62,349017,72.68
ddd6d974-c0c0-4c83-907e-1ed960245d97,07/03/2013,Mar-13,3,2013,THEEWATERSKLOOF,Major Dam,480188,24.6,348171,72.51
a695afd6-015e-4e8e-a438-0dfb9c3e926a,08/03/2013,Mar-13,3,2013,THEEWATERSKLOOF,Major Dam,480188,24.58,347327,72.33
6c5fda48-b296-469e-b7da-b5d4c2803ead,09/03/2013,Mar-13,3,2013,THEEWATERSKLOOF,Major Dam,480188,24.56,346484,72.16
25211554-3e92-4fb6-898e-9e2ad5ed1bd4,10/03/2013,Mar-13,3,2013,THEEWATERSKLOOF,Major Dam,480188,24.54,345643,71.98
36243d9f-ba70-4c57-90e1-f7a9cde35edb,11/03/2013,Mar-13,3,2013,THEEWATERSKLOOF,Major Dam,480188,24.52,344802,71.81
b51baddb-99e3-4700-a7d5-5f51425697b2,12/03/2013,Mar-13,3,2013,THEEWATERSKLOOF,Major Dam,480188,24.5,343963,71.63
7f4779bf-1c7e-4a4f-b7cd-07689b63d992,13/03/2013,Mar-13,3,2013,THEEWATERSKLOOF,Major Dam,480188,24.48,343124,71.46
a7f308b5-d45c-4a1c-90d8-f98d5a130389,14/03/2013,Mar-13,3,2013,THEEWATERSKLOOF,Major Dam,480188,24.46,342287,71.28
5901832c-a624-4f65-9829-d5769430f27c,15/03/2013,Mar-13,3,2013,THEEWATERSKLOOF,Major Dam,480188,24.44,341452,71.11
f1952800-43a4-4b6b-8d31-6c07519363e2,16/03/2013,Mar-13,3,2013,THEEWATERSKLOOF,Major Dam,480188,24.42,340617,70.93
f0116393-5f09-4197-9d9e-4e7e7caa2072,17/03/2013,Mar-13,3,2013,THEEWATERSKLOOF,Major Dam,480188,24.4,339783,70.76
4eb7975c-0e0e-4750-b001-e31750eac100,18/03/2013,Mar-13,3,2013,THEEWATERSKLOOF,Major Dam,480188,24.38,338951,70.59
1ba6c8a8-f0a3-4edd-b4ee-e5bc63856bc0,19/03/2013,Mar-13,3,2013,THEEWATERSKLOOF,Major Dam,480188,24.36,338120,70.41
36d965ef-0cd6-427b-b8dc-dfadd96a6ed6,20/03/2013,Mar-13,3,2013,THEEWATERSKLOOF,Major Dam,480188,24.34,337290,70.24
8523464e-342c-4259-a184-ced666587a63,21/03/2013,Mar-13,3,2013,THEEWATERSKLOOF,Major Dam,480188,24.32,336461,70.07
5e106cd3-7045-49d6-b40c-7a14df7bd185,22/03/2013,Mar-13,3,2013,THEEWATERSKLOOF,Major Dam,480188,24.3,335633,69.9
85bd5cc1-14f4-4943-92b8-76531de03f3c,23/03/2013,Mar-13,3,2013,THEEWATERSKLOOF,Major Dam,480188,24.28,334807,69.72
a1ecdd6e-2206-4732-8109-3aac561b7ef9,24/03/2013,Mar-13,3,2013,THEEWATERSKLOOF,Major Dam,480188,24.26,333981,69.55
41bc8d9d-8cc8-47f6-9727-41c9a3a2445f,25/03/2013,Mar-13,3,2013,THEEWATERSKLOOF,Major Dam,480188,24.24,333157,69.38
09013e5f-49ab-4ca6-b6ee-31d1ac0cb527,26/03/2013,Mar-13,3,2013,THEEWATERSKLOOF,Major Dam,480188,24.22,332334,69.21
86180862-55bf-4a53-8360-37e1dbe2fa30,27/03/2013,Mar-13,3,2013,THEEWATERSKLOOF,Major Dam,480188,24.2,331512,69.04
979ef179-4586-411a-b254-254aa00f9ef5,28/03/2013,Mar-13,3,2013,THEEWATERSKLOOF,Major Dam,480188,24.16,329872,68.7
57366989-cd22-410d-9b9a-d776ca5b25c6,29/03/2013,Mar-13,3,2013,THEEWATERSKLOOF,Major Dam,480188,23.97,322146,67.09
93d94e9e-f24c-4c56-a42d-96527dc83cc4,30/03/2013,Mar-13,3,2013,THEEWATERSKLOOF,Major Dam,480188,23.95,321338,66.92
6a8ecbf8-6e76-4065-8d92-52db9aa3cc49,31/03/2013,Mar-13,3,2013,THEEWATERSKLOOF,Major Dam,480188,23.93,320532,66.75
368746c9-0540-4333-8b1a-47b0485a6d21,01/04/2013,Apr-13,4,2013,THEEWATERSKLOOF,Major Dam,480188,23.93,320532,66.75
51746da8-915f-471b-89e1-5050d57e0d59,02/04/2013,Apr-13,4,2013,THEEWATERSKLOOF,Major Dam,480188,23.97,322146,67.09
5dcec0ac-70c6-4b0b-816e-c5de9c41c9f8,03/04/2013,Apr-13,4,2013,THEEWATERSKLOOF,Major Dam,480188,23.99,322954,67.26
1810a024-43f0-4f8b-9baf-7b1cfc49a769,04/04/2013,Apr-13,4,2013,THEEWATERSKLOOF,Major Dam,480188,23.99,322954,67.26
f27f7190-2ab5-411f-8bda-9f7131d0a016,05/04/2013,Apr-13,4,2013,THEEWATERSKLOOF,Major Dam,480188,23.97,322146,67.09
db9447c3-a40f-452a-9914-ec3f0580b42a,06/04/2013,Apr-13,4,2013,THEEWATERSKLOOF,Major Dam,480188,23.95,321338,66.92
9b16b43d-2e4e-4581-912b-d261f1ab5cf3,07/04/2013,Apr-13,4,2013,THEEWATERSKLOOF,Major Dam,480188,23.93,320532,66.75
c87a1bad-c528-45a1-8c0d-d1ec63fdb63f,08/04/2013,Apr-13,4,2013,THEEWATERSKLOOF,Major Dam,480188,23.91,319725,66.58
0e226b27-43dd-47c6-ada4-79bd42474f6d,09/04/2013,Apr-13,4,2013,THEEWATERSKLOOF,Major Dam,480188,23.9,319323,66.5
4eac962b-ca8d-4677-8434-73f277421ce3,10/04/2013,Apr-13,4,2013,THEEWATERSKLOOF,Major Dam,480188,23.88,318518,66.33
9d65be9c-f9ae-456f-935e-33f04a06ace3,11/04/2013,Apr-13,4,2013,THEEWATERSKLOOF,Major Dam,480188,23.86,317715,66.16
16ef583b-f982-4464-9be0-4c18fca1c864,12/04/2013,Apr-13,4,2013,THEEWATERSKLOOF,Major Dam,480188,23.85,317314,66.08
be64c987-0a98-4977-b28c-27b5a573651d,13/04/2013,Apr-13,4,2013,THEEWATERSKLOOF,Major Dam,480188,23.84,316913,66
c67f107d-0a04-4f53-a1cb-81a56eaa16d8,14/04/2013,Apr-13,4,2013,THEEWATERSKLOOF,Major Dam,480188,23.82,316112,65.83
0af08467-0b3f-4a48-94d5-e1cc3d2b5aa9,15/04/2013,Apr-13,4,2013,THEEWATERSKLOOF,Major Dam,480188,23.8,315312,65.66
56aaffed-924e-42fd-80ca-d13c449deb80,16/04/2013,Apr-13,4,2013,THEEWATERSKLOOF,Major Dam,480188,23.78,314514,65.5
cc1e370a-b209-4f93-b9b1-b0b736ce3a93,17/04/2013,Apr-13,4,2013,THEEWATERSKLOOF,Major Dam,480188,23.78,314514,65.5
80704fce-199a-47fe-8bab-89c5173f317d,18/04/2013,Apr-13,4,2013,THEEWATERSKLOOF,Major Dam,480188,24.06,325792,67.85
bcf27431-e8ea-410f-88aa-2b4085774f7f,19/04/2013,Apr-13,4,2013,THEEWATERSKLOOF,Major Dam,480188,24.1,327421,68.19
86a698af-5cd4-45de-be88-136ba0a08cb8,20/04/2013,Apr-13,4,2013,THEEWATERSKLOOF,Major Dam,480188,24.1,327421,68.19
bb6630ee-ff71-41c9-a33e-99ef0afc0517,21/04/2013,Apr-13,4,2013,THEEWATERSKLOOF,Major Dam,480188,24.1,327421,68.19
e0f46c3b-730a-429a-af85-bae189555c70,22/04/2013,Apr-13,4,2013,THEEWATERSKLOOF,Major Dam,480188,24.09,327013,68.1
5619a278-71ec-4358-87d1-542dc5e2c187,23/04/2013,Apr-13,4,2013,THEEWATERSKLOOF,Major Dam,480188,24.08,326606,68.02
87913c73-e784-4a2e-833a-5f56e2bbb659,24/04/2013,Apr-13,4,2013,THEEWATERSKLOOF,Major Dam,480188,24.06,325792,67.85
d5285783-efcb-4f42-a3b2-662852e43379,25/04/2013,Apr-13,4,2013,THEEWATERSKLOOF,Major Dam,480188,24.05,325386,67.76
ec6f6c57-c1ef-4bd9-9e72-96428624c88e,26/04/2013,Apr-13,4,2013,THEEWATERSKLOOF,Major Dam,480188,24.04,324980,67.68
414e1945-f513-47b8-be0a-8630cd5b00f3,27/04/2013,Apr-13,4,2013,THEEWATERSKLOOF,Major Dam,480188,24.03,324574,67.59
9713a34c-503f-4d7e-b6c4-920572d7e322,28/04/2013,Apr-13,4,2013,THEEWATERSKLOOF,Major Dam,480188,24.02,324169,67.51
c9ad04b3-84e7-4363-ac47-17330ad095f2,29/04/2013,Apr-13,4,2013,THEEWATERSKLOOF,Major Dam,480188,23.99,322954,67.26
b9710a18-636b-4fe0-b46f-fd59d2cf2328,30/04/2013,Apr-13,4,2013,THEEWATERSKLOOF,Major Dam,480188,23.97,322146,67.09
3b0cbf70-3c4d-4dc9-9daa-72c960745b7d,01/05/2013,May-13,5,2013,THEEWATERSKLOOF,Major Dam,480188,23.95,321338,66.92
5fb5e793-b07f-4137-ac81-35353c486afa,02/05/2013,May-13,5,2013,THEEWATERSKLOOF,Major Dam,480188,23.94,320935,66.84
fde9f76e-0b8c-4cca-b28f-a45f033abae2,03/05/2013,May-13,5,2013,THEEWATERSKLOOF,Major Dam,480188,23.93,320532,66.75
7dcaf6a2-7b7f-4b37-8e9f-b95aa31fea3b,04/05/2013,May-13,5,2013,THEEWATERSKLOOF,Major Dam,480188,23.92,320128,66.67
8aec14e9-aade-4560-a79e-22dc9c1d45c7,05/05/2013,May-13,5,2013,THEEWATERSKLOOF,Major Dam,480188,23.91,319725,66.58
1b598f60-38c3-403e-860c-2a473526ebcb,06/05/2013,May-13,5,2013,THEEWATERSKLOOF,Major Dam,480188,23.9,319323,66.5
f911a791-a334-4725-9f15-000da45338f6,07/05/2013,May-13,5,2013,THEEWATERSKLOOF,Major Dam,480188,23.88,318518,66.33
f600359a-0c5b-4bd3-a2f9-645eaeec50b2,08/05/2013,May-13,5,2013,THEEWATERSKLOOF,Major Dam,480188,23.88,318518,66.33
2919547c-2cc2-4c49-813a-adfa81c4fb58,09/05/2013,May-13,5,2013,THEEWATERSKLOOF,Major Dam,480188,23.86,317715,66.16
0441c287-81e2-42e6-8457-361a9c7bc4be,10/05/2013,May-13,5,2013,THEEWATERSKLOOF,Major Dam,480188,23.85,317314,66.08
eca076af-fddf-4dcf-915c-86bf877a1fb1,11/05/2013,May-13,5,2013,THEEWATERSKLOOF,Major Dam,480188,23.84,316913,66
5dc80855-8c00-4930-aec4-d3aecdbd7bcf,12/05/2013,May-13,5,2013,THEEWATERSKLOOF,Major Dam,480188,23.83,316512,65.91
8b8b01e9-f8b7-44a6-8242-a633c0cab02d,13/05/2013,May-13,5,2013,THEEWATERSKLOOF,Major Dam,480188,23.82,316112,65.83
85ddaeef-a0ad-41a4-8265-82d0b0ef7362,14/05/2013,May-13,5,2013,THEEWATERSKLOOF,Major Dam,480188,23.81,315712,65.75
9cc74963-4fb1-480b-8711-d2ebefd3f581,15/05/2013,May-13,5,2013,THEEWATERSKLOOF,Major Dam,480188,23.8,315312,65.66
87d628ac-8cdd-48c0-8320-27b3acf5fb99,16/05/2013,May-13,5,2013,THEEWATERSKLOOF,Major Dam,480188,23.79,314912,65.58
714aa924-2802-4696-b539-b43b9bdaa70c,17/05/2013,May-13,5,2013,THEEWATERSKLOOF,Major Dam,480188,23.78,314514,65.5
ba665b01-4a52-4e00-b863-a78bbc39cee2,18/05/2013,May-13,5,2013,THEEWATERSKLOOF,Major Dam,480188,23.77,314115,65.42
96f40cc9-b5bf-4d72-8cbd-3ed1672b1983,19/05/2013,May-13,5,2013,THEEWATERSKLOOF,Major Dam,480188,23.76,313716,65.33
57995a9c-1125-4129-9fad-8abf242b11c1,20/05/2013,May-13,5,2013,THEEWATERSKLOOF,Major Dam,480188,23.75,313318,65.25
a9c0b697-3367-4301-995f-eb9be403be31,21/05/2013,May-13,5,2013,THEEWATERSKLOOF,Major Dam,480188,23.74,312920,65.17
c9033b84-8de5-45ff-9749-5c5ebbf15c18,22/05/2013,May-13,5,2013,THEEWATERSKLOOF,Major Dam,480188,23.73,312522,65.08
641213a3-05e9-4fb5-9577-ab5f48f4d8dd,23/05/2013,May-13,5,2013,THEEWATERSKLOOF,Major Dam,480188,23.72,312125,65
d8d16bd7-adaa-4e46-ae59-364d0139e97a,24/05/2013,May-13,5,2013,THEEWATERSKLOOF,Major Dam,480188,23.74,312920,65.17
dc99ba35-6c9b-44f6-b311-6702204bf283,25/05/2013,May-13,5,2013,THEEWATERSKLOOF,Major Dam,480188,23.73,312522,65.08
23ee400e-dced-41fe-a1da-72e5a0e2da9a,26/05/2013,May-13,5,2013,THEEWATERSKLOOF,Major Dam,480188,23.73,312522,65.08
4f2304d2-1ad6-4bd7-b3db-1464a2d5a9dc,27/05/2013,May-13,5,2013,THEEWATERSKLOOF,Major Dam,480188,23.73,312522,65.08
b3cc2979-53cc-485d-a7bb-f3f9340da5d6,28/05/2013,May-13,5,2013,THEEWATERSKLOOF,Major Dam,480188,23.73,312522,65.08
a095d155-285d-41f8-85b7-8c7cc3a29ca9,29/05/2013,May-13,5,2013,THEEWATERSKLOOF,Major Dam,480188,23.77,314115,65.42
b33b429b-a566-4bf9-a6ff-422cfc22c2e9,30/05/2013,May-13,5,2013,THEEWATERSKLOOF,Major Dam,480188,23.77,314115,65.42
acd068de-b470-433a-ad6a-72a65fe20f50,31/05/2013,May-13,5,2013,THEEWATERSKLOOF,Major Dam,480188,24.01,323764,67.42
7cf87c3e-8171-4576-ae62-0a5c007ab7f8,01/06/2013,Jun-13,6,2013,THEEWATERSKLOOF,Major Dam,480188,24.03,324574,67.59
f4a2726f-f8f3-49dc-b2c3-ce5a6c3fb771,02/06/2013,Jun-13,6,2013,THEEWATERSKLOOF,Major Dam,480188,24.03,324574,67.59
2a0d3db5-ca80-42a7-9f0c-d92fea6a8dac,03/06/2013,Jun-13,6,2013,THEEWATERSKLOOF,Major Dam,480188,24.55,346063,72.07
36bcec2b-c8eb-47e2-b4a5-90bfa856cdc6,04/06/2013,Jun-13,6,2013,THEEWATERSKLOOF,Major Dam,480188,24.56,346484,72.16
3cfd522d-f238-4094-8615-5f97b884c797,05/06/2013,Jun-13,6,2013,THEEWATERSKLOOF,Major Dam,480188,24.78,355821,74.1
6127183c-c0bc-46f8-8b6b-a39a7dd8598e,06/06/2013,Jun-13,6,2013,THEEWATERSKLOOF,Major Dam,480188,24.84,358392,74.64
a354cac2-017c-4406-8174-2e134ffaf857,07/06/2013,Jun-13,6,2013,THEEWATERSKLOOF,Major Dam,480188,24.85,358822,74.73
da18f2ce-e7d1-4bbd-8c57-db771c8c3d41,08/06/2013,Jun-13,6,2013,THEEWATERSKLOOF,Major Dam,480188,24.87,359682,74.9
b51a1a2b-69c2-4b74-ae0f-b9ddcd8384bd,09/06/2013,Jun-13,6,2013,THEEWATERSKLOOF,Major Dam,480188,25.08,368782,76.8
ed46e832-8212-49dc-95b1-d32ab97346a9,10/06/2013,Jun-13,6,2013,THEEWATERSKLOOF,Major Dam,480188,25.1,369656,76.98
31fddb89-eb92-443e-b75f-66671d42b982,11/06/2013,Jun-13,6,2013,THEEWATERSKLOOF,Major Dam,480188,25.12,370530,77.16
cb64c38f-78cb-4b73-9088-ddb7520f7b3e,12/06/2013,Jun-13,6,2013,THEEWATERSKLOOF,Major Dam,480188,25.12,370530,77.16
f43edde6-1019-4477-b6cf-707d8753ac4f,13/06/2013,Jun-13,6,2013,THEEWATERSKLOOF,Major Dam,480188,25.12,370530,77.16
6c52ccb9-b807-4d3e-8a13-d457bbc2e8e0,14/06/2013,Jun-13,6,2013,THEEWATERSKLOOF,Major Dam,480188,25.12,370530,77.16
d3e5641e-6dfd-4cc2-b0be-a86cf0b6a835,15/06/2013,Jun-13,6,2013,THEEWATERSKLOOF,Major Dam,480188,25.3,378456,78.81
75e30cc9-29c8-405f-8e88-7dec847c1985,16/06/2013,Jun-13,6,2013,THEEWATERSKLOOF,Major Dam,480188,25.3,378456,78.81
f5f5471b-e252-471e-8ec3-bb41b0f0f8f4,17/06/2013,Jun-13,6,2013,THEEWATERSKLOOF,Major Dam,480188,25.33,379786,79.09
a2a80222-6a8c-4096-924a-59bc4a2163f0,18/06/2013,Jun-13,6,2013,THEEWATERSKLOOF,Major Dam,480188,25.33,379786,79.09
9bf8fe63-2f82-4401-a5d3-bd96462a94d4,19/06/2013,Jun-13,6,2013,THEEWATERSKLOOF,Major Dam,480188,25.35,380674,79.28
2d1a969f-41ae-426b-8a88-6b0953c8f1d7,20/06/2013,Jun-13,6,2013,THEEWATERSKLOOF,Major Dam,480188,25.37,381564,79.46
9a3411bf-fa19-420d-923b-b744e3f2fe67,21/06/2013,Jun-13,6,2013,THEEWATERSKLOOF,Major Dam,480188,25.37,381564,79.46
3e1a907b-5c86-4c07-8521-41ce9ce38840,22/06/2013,Jun-13,6,2013,THEEWATERSKLOOF,Major Dam,480188,25.37,381564,79.46
e5086270-d01d-4318-b175-49bb254c82b7,23/06/2013,Jun-13,6,2013,THEEWATERSKLOOF,Major Dam,480188,25.37,381564,79.46
f4c6d8f2-ab40-4562-af52-12ae7069a1ae,24/06/2013,Jun-13,6,2013,THEEWATERSKLOOF,Major Dam,480188,25.4,382900,79.74
60b1a1bd-7ccb-4290-9f66-4cf886164e93,25/06/2013,Jun-13,6,2013,THEEWATERSKLOOF,Major Dam,480188,25.4,382900,79.74
b5d0cfae-319a-4ee9-b303-322da5208d22,26/06/2013,Jun-13,6,2013,THEEWATERSKLOOF,Major Dam,480188,25.75,398692,83.03
5227533d-f5e5-4d50-8fb0-a591b07e2dfb,27/06/2013,Jun-13,6,2013,THEEWATERSKLOOF,Major Dam,480188,25.86,403731,84.08
b511575c-4e33-4223-9eee-eec96eb50ea3,28/06/2013,Jun-13,6,2013,THEEWATERSKLOOF,Major Dam,480188,25.9,405573,84.46
e935b69a-de76-4fef-ae0d-587c3a2ce738,29/06/2013,Jun-13,6,2013,THEEWATERSKLOOF,Major Dam,480188,25.94,407419,84.85
770e2774-e734-4872-b85f-6e12b83c7ab4,30/06/2013,Jun-13,6,2013,THEEWATERSKLOOF,Major Dam,480188,25.95,407882,84.94
e419cae6-207e-4d9e-9ddf-43585a05bd8b,01/07/2013,Jul-13,7,2013,THEEWATERSKLOOF,Major Dam,480188,25.95,407882,84.94
26c5d051-f0e7-4b44-911d-040073fccea6,02/07/2013,Jul-13,7,2013,THEEWATERSKLOOF,Major Dam,480188,25.95,407882,84.94
3b8aff1f-daa5-4f93-922d-094027183a80,03/07/2013,Jul-13,7,2013,THEEWATERSKLOOF,Major Dam,480188,25.95,407882,84.94
afbd250a-896d-4b89-944d-6987246e564d,04/07/2013,Jul-13,7,2013,THEEWATERSKLOOF,Major Dam,480188,25.95,407882,84.94
212890ef-859d-4019-8749-2d27bc524e3c,05/07/2013,Jul-13,7,2013,THEEWATERSKLOOF,Major Dam,480188,25.96,408344,85.04
32e98ad5-d628-4f09-89e2-dd88a5157946,06/07/2013,Jul-13,7,2013,THEEWATERSKLOOF,Major Dam,480188,25.96,408344,85.04
35ef452d-2487-499c-873c-3767a2d3aa6e,07/07/2013,Jul-13,7,2013,THEEWATERSKLOOF,Major Dam,480188,25.96,408344,85.04
9b53e999-8dae-4eef-94f3-efc6c6fee876,08/07/2013,Jul-13,7,2013,THEEWATERSKLOOF,Major Dam,480188,25.95,407882,84.94
b37318b7-b5e6-40f2-b998-0fe96af8ce5c,09/07/2013,Jul-13,7,2013,THEEWATERSKLOOF,Major Dam,480188,25.95,407882,84.94
4fbbb3ad-e211-4140-925b-76b20fc39dc7,10/07/2013,Jul-13,7,2013,THEEWATERSKLOOF,Major Dam,480188,25.95,407882,84.94
03250f59-2a49-4d29-a03b-20c4a51f946f,11/07/2013,Jul-13,7,2013,THEEWATERSKLOOF,Major Dam,480188,25.95,407882,84.94
7fc0bc00-01e0-4178-a329-4a8dc372a1c3,12/07/2013,Jul-13,7,2013,THEEWATERSKLOOF,Major Dam,480188,25.94,407419,84.85
3721cec6-622f-4943-9486-57773d9944ad,13/07/2013,Jul-13,7,2013,THEEWATERSKLOOF,Major Dam,480188,25.94,407419,84.85
df9513aa-f326-425a-9cba-8388944525be,14/07/2013,Jul-13,7,2013,THEEWATERSKLOOF,Major Dam,480188,25.94,407419,84.85
4cd992d1-18c6-4378-bde8-a66060071d2c,15/07/2013,Jul-13,7,2013,THEEWATERSKLOOF,Major Dam,480188,25.94,407419,84.85
15fc2c73-867a-4754-afa8-b7c345f2e563,16/07/2013,Jul-13,7,2013,THEEWATERSKLOOF,Major Dam,480188,25.94,407419,84.85
449e6d0c-71e1-4425-bf47-b573f3ff348e,17/07/2013,Jul-13,7,2013,THEEWATERSKLOOF,Major Dam,480188,25.94,407419,84.85
bc893e70-724b-4ef3-b8cf-f8870711dc24,18/07/2013,Jul-13,7,2013,THEEWATERSKLOOF,Major Dam,480188,25.94,407419,84.85
05f7b143-073d-4f4e-bf63-e53ce737b806,19/07/2013,Jul-13,7,2013,THEEWATERSKLOOF,Major Dam,480188,26.02,411126,85.62
fcc109ce-4eb1-4494-a832-11a97ee5449a,20/07/2013,Jul-13,7,2013,THEEWATERSKLOOF,Major Dam,480188,26.02,411126,85.62
f920eb82-f6dc-479e-ae8f-a1c555565f07,21/07/2013,Jul-13,7,2013,THEEWATERSKLOOF,Major Dam,480188,26.24,421422,87.76
9d30530a-0d75-44a3-a10b-03c1f7aaaa75,22/07/2013,Jul-13,7,2013,THEEWATERSKLOOF,Major Dam,480188,26.32,425202,88.55
2f361b01-dfe3-4e76-9a23-d52da16551f0,23/07/2013,Jul-13,7,2013,THEEWATERSKLOOF,Major Dam,480188,26.32,425202,88.55
7d5dc926-aaf2-40a8-8c72-e0ad7105f5ab,24/07/2013,Jul-13,7,2013,THEEWATERSKLOOF,Major Dam,480188,26.4,429001,89.34
cdf958fe-c51c-48fc-84e1-f57db6ea01f4,25/07/2013,Jul-13,7,2013,THEEWATERSKLOOF,Major Dam,480188,26.4,429001,89.34
f56f2bea-3bb6-47ad-a37d-efc8e84437a3,26/07/2013,Jul-13,7,2013,THEEWATERSKLOOF,Major Dam,480188,26.43,430431,89.64
33ecff65-efe0-499b-b4e4-291cbe091379,27/07/2013,Jul-13,7,2013,THEEWATERSKLOOF,Major Dam,480188,26.48,432821,90.14
b8d12110-2259-47af-a38f-08d07847e7dc,28/07/2013,Jul-13,7,2013,THEEWATERSKLOOF,Major Dam,480188,26.55,436178,90.83
87c5a125-cea4-4d63-a892-826acbba4e5e,29/07/2013,Jul-13,7,2013,THEEWATERSKLOOF,Major Dam,480188,26.65,441002,91.84
8134a303-713b-442e-b4cd-7ff810b9980f,30/07/2013,Jul-13,7,2013,THEEWATERSKLOOF,Major Dam,480188,26.7,443425,92.34
436e6946-8074-424d-be53-aa83d1513c85,31/07/2013,Jul-13,7,2013,THEEWATERSKLOOF,Major Dam,480188,26.72,444396,92.55
7277a74e-6434-4829-a628-cf204b327ef3,01/08/2013,Aug-13,8,2013,THEEWATERSKLOOF,Major Dam,480188,26.72,444396,92.55
f230b68e-91a2-4d96-becb-324fdaf063c1,02/08/2013,Aug-13,8,2013,THEEWATERSKLOOF,Major Dam,480188,26.74,445368,92.75
0da0994f-674c-4688-a0bb-07ef5dae1500,03/08/2013,Aug-13,8,2013,THEEWATERSKLOOF,Major Dam,480188,26.75,445855,92.85
9f301c5b-6168-4773-b47e-c97d8ef61acf,04/08/2013,Aug-13,8,2013,THEEWATERSKLOOF,Major Dam,480188,26.75,445855,92.85
d320d622-b6b8-487a-aa61-38633d1eb0a7,05/08/2013,Aug-13,8,2013,THEEWATERSKLOOF,Major Dam,480188,26.75,445855,92.85
8c326ca4-b173-4763-af01-690e528e4ddb,06/08/2013,Aug-13,8,2013,THEEWATERSKLOOF,Major Dam,480188,26.75,445855,92.85
cc6fd44e-9ebb-4668-a62c-c79ba7b32f63,07/08/2013,Aug-13,8,2013,THEEWATERSKLOOF,Major Dam,480188,26.77,446830,93.05
2e5e421f-9929-43c8-9f8b-ac90030f813a,08/08/2013,Aug-13,8,2013,THEEWATERSKLOOF,Major Dam,480188,26.98,457136,95.2
cb9b3f73-ba8d-4e54-af5e-378a81a07b7d,09/08/2013,Aug-13,8,2013,THEEWATERSKLOOF,Major Dam,480188,27.1,463087,96.44
6dc29060-0869-4598-93a6-e5b3d735cd67,10/08/2013,Aug-13,8,2013,THEEWATERSKLOOF,Major Dam,480188,27.13,464582,96.75
9caa3516-bf38-4a18-839b-022e1d163ce5,11/08/2013,Aug-13,8,2013,THEEWATERSKLOOF,Major Dam,480188,27.16,466079,97.06
81b58f8f-6932-4c9f-9c61-00a3612c409b,12/08/2013,Aug-13,8,2013,THEEWATERSKLOOF,Major Dam,480188,27.16,466079,97.06
94812488-e0f3-4d1f-9332-6dcc6869328d,13/08/2013,Aug-13,8,2013,THEEWATERSKLOOF,Major Dam,480188,27.43,479680,99.89
a1e0e560-951c-4642-92e7-11030b20969b,14/08/2013,Aug-13,8,2013,THEEWATERSKLOOF,Major Dam,480188,27.64,490413,102.13
26177bdc-888b-4804-93e7-913a4cb68828,15/08/2013,Aug-13,8,2013,THEEWATERSKLOOF,Major Dam,480188,27.75,496089,103.31
6f93b44e-226f-4262-b530-c256363bd5a8,16/08/2013,Aug-13,8,2013,THEEWATERSKLOOF,Major Dam,480188,27.97,507553,105.7
d8f2ffe9-46f7-4553-9cf7-2e24be7691a5,17/08/2013,Aug-13,8,2013,THEEWATERSKLOOF,Major Dam,480188,28.12,515453,107.34
dea14613-8f51-4878-971b-f016a1817cb0,18/08/2013,Aug-13,8,2013,THEEWATERSKLOOF,Major Dam,480188,28.12,515453,107.34
3a634785-2c65-4845-84f2-cd41f59d964b,19/08/2013,Aug-13,8,2013,THEEWATERSKLOOF,Major Dam,480188,28.05,511758,106.57
c985f7a7-1589-4681-b66a-dcd29d908fd2,20/08/2013,Aug-13,8,2013,THEEWATERSKLOOF,Major Dam,480188,27.97,507553,105.7
a8721feb-8ca2-41b0-bfbd-a158bcac323f,21/08/2013,Aug-13,8,2013,THEEWATERSKLOOF,Major Dam,480188,27.97,507553,105.7
d98636b5-b0d3-435e-923e-f22e0a73aa6c,22/08/2013,Aug-13,8,2013,THEEWATERSKLOOF,Major Dam,480188,27.99,508602,105.92
5fac0ad2-07b0-42f9-a45c-9b08fbb3ba5e,23/08/2013,Aug-13,8,2013,THEEWATERSKLOOF,Major Dam,480188,27.94,505981,105.37
b063ad26-db85-4f9c-b62f-3c453b593ee1,24/08/2013,Aug-13,8,2013,THEEWATERSKLOOF,Major Dam,480188,27.92,504935,105.15
5e212c75-cd15-4d6c-88f6-8911c7a65f46,25/08/2013,Aug-13,8,2013,THEEWATERSKLOOF,Major Dam,480188,27.9,503889,104.94
4b1f2ae4-a71f-4963-a234-8b95e6716119,26/08/2013,Aug-13,8,2013,THEEWATERSKLOOF,Major Dam,480188,27.84,500761,104.28
aadf049f-68de-4542-a906-464d7c6f8f94,27/08/2013,Aug-13,8,2013,THEEWATERSKLOOF,Major Dam,480188,27.92,504935,105.15
aacdab2a-d3e3-4a37-91c3-fe78de2fe1d9,28/08/2013,Aug-13,8,2013,THEEWATERSKLOOF,Major Dam,480188,27.92,504935,105.15
3c08b2b1-c49a-4e14-8b86-70008f4188f0,29/08/2013,Aug-13,8,2013,THEEWATERSKLOOF,Major Dam,480188,28.33,526630,109.67
d0999522-3ba5-42cc-8e40-fdc695bdf63c,30/08/2013,Aug-13,8,2013,THEEWATERSKLOOF,Major Dam,480188,28.31,525559,109.45
4ff28641-2d7b-4925-8ed7-b723a2831901,31/08/2013,Aug-13,8,2013,THEEWATERSKLOOF,Major Dam,480188,28.29,524490,109.23
299ef8d9-4e5d-400f-95ba-ac5dab10e66a,01/09/2013,Sep-13,9,2013,THEEWATERSKLOOF,Major Dam,480188,28.23,521291,108.56
52806294-894d-4aa6-969a-fef82818ce8b,02/09/2013,Sep-13,9,2013,THEEWATERSKLOOF,Major Dam,480188,28.13,515982,107.45
9d79c9bf-84f1-4394-a42b-3eaf0899190d,03/09/2013,Sep-13,9,2013,THEEWATERSKLOOF,Major Dam,480188,28.08,513340,106.9
b53a6549-4a53-426f-8f78-fed863f19379,04/09/2013,Sep-13,9,2013,THEEWATERSKLOOF,Major Dam,480188,28.02,510179,106.25
0d097279-762d-40e9-8b84-3628fa276c83,05/09/2013,Sep-13,9,2013,THEEWATERSKLOOF,Major Dam,480188,27.95,506505,105.48
51943b20-8d14-443c-a43f-6eaa91e629c3,06/09/2013,Sep-13,9,2013,THEEWATERSKLOOF,Major Dam,480188,27.9,503889,104.94
497a0c5e-2930-4a25-aa2d-c79700bca696,07/09/2013,Sep-13,9,2013,THEEWATERSKLOOF,Major Dam,480188,27.85,501282,104.39
ac6fa176-1e3a-471b-8314-f5a54337aeac,08/09/2013,Sep-13,9,2013,THEEWATERSKLOOF,Major Dam,480188,27.8,498682,103.85
335d8ba1-4a8a-4861-9fed-455832b697ed,09/09/2013,Sep-13,9,2013,THEEWATERSKLOOF,Major Dam,480188,27.78,497644,103.64
22057ca0-72a9-4290-a1ac-2c60e44466de,10/09/2013,Sep-13,9,2013,THEEWATERSKLOOF,Major Dam,480188,27.75,496089,103.31
79474065-6b95-459a-8d39-874a2b49a53d,11/09/2013,Sep-13,9,2013,THEEWATERSKLOOF,Major Dam,480188,27.73,495055,103.1
ff9f04ed-4c1f-4ea1-a0bb-0afeb999e96b,12/09/2013,Sep-13,9,2013,THEEWATERSKLOOF,Major Dam,480188,27.7,493505,102.77
3d103990-2bb6-4254-8a39-f06c864f9db3,13/09/2013,Sep-13,9,2013,THEEWATERSKLOOF,Major Dam,480188,27.7,493505,102.77
04739958-f33b-444c-9a35-e8479cf4f632,14/09/2013,Sep-13,9,2013,THEEWATERSKLOOF,Major Dam,480188,27.7,493505,102.77
a032694e-bf20-47d8-9c1f-ce5e6021b562,15/09/2013,Sep-13,9,2013,THEEWATERSKLOOF,Major Dam,480188,27.7,493505,102.77
235f61bb-b6be-4797-9609-134db1308a90,16/09/2013,Sep-13,9,2013,THEEWATERSKLOOF,Major Dam,480188,27.9,503889,104.94
69baab6c-e5f0-4ade-a222-f5dd31e77cf6,17/09/2013,Sep-13,9,2013,THEEWATERSKLOOF,Major Dam,480188,27.9,503889,104.94
8a61f96f-27e7-4362-b634-4139ebcdc26d,18/09/2013,Sep-13,9,2013,THEEWATERSKLOOF,Major Dam,480188,27.9,503889,104.94
b0913b6f-1298-4e97-8406-f8ece1a18716,19/09/2013,Sep-13,9,2013,THEEWATERSKLOOF,Major Dam,480188,27.89,503367,104.83
fff9362c-6696-47ce-956e-b8d50648a155,20/09/2013,Sep-13,9,2013,THEEWATERSKLOOF,Major Dam,480188,27.92,504935,105.15
e6a35229-0c78-4b8a-b7c9-cb2536255a2a,21/09/2013,Sep-13,9,2013,THEEWATERSKLOOF,Major Dam,480188,27.95,506505,105.48
a20af5b4-91ee-44b2-8ff4-d0db58a4e533,22/09/2013,Sep-13,9,2013,THEEWATERSKLOOF,Major Dam,480188,27.95,506505,105.48
d1c58330-5612-4921-8cd6-6452e3b7ea71,23/09/2013,Sep-13,9,2013,THEEWATERSKLOOF,Major Dam,480188,27.92,504935,105.15
93882013-fd76-4b08-8188-6827091595b0,24/09/2013,Sep-13,9,2013,THEEWATERSKLOOF,Major Dam,480188,27.92,504935,105.15
f3dd689e-4fff-4ef9-8d48-daa9bcdd4512,25/09/2013,Sep-13,9,2013,THEEWATERSKLOOF,Major Dam,480188,27.86,501803,104.5
38a411db-51ba-4ce4-8483-499ea1331232,26/09/2013,Sep-13,9,2013,THEEWATERSKLOOF,Major Dam,480188,27.8,498682,103.85
7ceb6732-d2f9-408a-96e6-8a77c98c3100,27/09/2013,Sep-13,9,2013,THEEWATERSKLOOF,Major Dam,480188,27.8,498682,103.85
7b47ca60-9ce1-40cf-b340-a54409b74a3c,28/09/2013,Sep-13,9,2013,THEEWATERSKLOOF,Major Dam,480188,27.79,498163,103.74
461d16de-3dd2-4fed-a274-32a83b73a5ec,29/09/2013,Sep-13,9,2013,THEEWATERSKLOOF,Major Dam,480188,27.77,497125,103.53
a85dd2c4-3956-4aa7-a3c1-f8a55d5975ce,30/09/2013,Sep-13,9,2013,THEEWATERSKLOOF,Major Dam,480188,27.75,496089,103.31
bd77616f-626b-45c2-9006-63f92816a92b,01/10/2013,Oct-13,10,2013,THEEWATERSKLOOF,Major Dam,480188,27.75,496089,103.31
880b87d6-2474-4b55-b730-59ad99f1f8cd,02/10/2013,Oct-13,10,2013,THEEWATERSKLOOF,Major Dam,480188,27.73,495055,103.1
56b6d3c6-86bf-412c-88e8-fffaa7ba0f9d,03/10/2013,Oct-13,10,2013,THEEWATERSKLOOF,Major Dam,480188,27.71,494021,102.88
0e89e3ac-42cc-49cf-83ec-b7510c3d988d,04/10/2013,Oct-13,10,2013,THEEWATERSKLOOF,Major Dam,480188,27.68,492473,102.56
7561fd5c-bb45-4693-b585-5f982739730b,05/10/2013,Oct-13,10,2013,THEEWATERSKLOOF,Major Dam,480188,27.68,492473,102.56
d545fd12-629a-4e57-a9ff-15989b9a42db,06/10/2013,Oct-13,10,2013,THEEWATERSKLOOF,Major Dam,480188,27.65,490928,102.24
b954c6a0-b17f-4c08-bd32-ec12f1263a48,07/10/2013,Oct-13,10,2013,THEEWATERSKLOOF,Major Dam,480188,27.63,489899,102.02
2f1fe810-b28b-4267-9c92-9d47c9f95262,08/10/2013,Oct-13,10,2013,THEEWATERSKLOOF,Major Dam,480188,27.61,488872,101.81
17a00280-775c-4133-b657-8bedeea6c9b9,09/10/2013,Oct-13,10,2013,THEEWATERSKLOOF,Major Dam,480188,27.6,488358,101.7
ada7e6f1-e77d-4f4a-b985-99e133327316,10/10/2013,Oct-13,10,2013,THEEWATERSKLOOF,Major Dam,480188,27.6,488358,101.7
c91ce82d-8e99-4228-930d-54dfed4ef13d,11/10/2013,Oct-13,10,2013,THEEWATERSKLOOF,Major Dam,480188,27.59,487845,101.59
7d056816-92c6-4f90-9b1f-8a56f120e743,12/10/2013,Oct-13,10,2013,THEEWATERSKLOOF,Major Dam,480188,27.59,487845,101.59
5cf1c457-f227-41ce-af35-5b2341812bb6,13/10/2013,Oct-13,10,2013,THEEWATERSKLOOF,Major Dam,480188,27.57,486821,101.38
9cfe131f-cb2e-487c-a91d-b76ce81882d6,14/10/2013,Oct-13,10,2013,THEEWATERSKLOOF,Major Dam,480188,27.55,485797,101.17
b0011ac5-9e6c-4bbf-abb9-6c1cf0315fd8,15/10/2013,Oct-13,10,2013,THEEWATERSKLOOF,Major Dam,480188,27.54,485285,101.06
f2f751c0-997e-42e2-ad4f-e4b10b034536,16/10/2013,Oct-13,10,2013,THEEWATERSKLOOF,Major Dam,480188,27.54,485285,101.06
d78e4743-8f87-4cf2-b41b-6d6748563855,17/10/2013,Oct-13,10,2013,THEEWATERSKLOOF,Major Dam,480188,27.54,485285,101.06
a9231cbc-7d95-4af1-b321-3afbdd6c6323,18/10/2013,Oct-13,10,2013,THEEWATERSKLOOF,Major Dam,480188,27.53,484774,100.96
e4545cf3-1123-4393-a93c-02655fb228f9,19/10/2013,Oct-13,10,2013,THEEWATERSKLOOF,Major Dam,480188,27.53,484774,100.96
9b00eeda-5416-4d45-ad0a-55bf943c8c99,20/10/2013,Oct-13,10,2013,THEEWATERSKLOOF,Major Dam,480188,27.53,484774,100.96
91f0dd6f-abb7-4b38-94e7-abab9e31c6db,21/10/2013,Oct-13,10,2013,THEEWATERSKLOOF,Major Dam,480188,27.52,484263,100.85
0ae717ed-9860-4a16-8c63-3ea9e06e387d,22/10/2013,Oct-13,10,2013,THEEWATERSKLOOF,Major Dam,480188,27.52,484263,100.85
098c5d59-fb35-4097-ad3c-2208c1f8bcf4,23/10/2013,Oct-13,10,2013,THEEWATERSKLOOF,Major Dam,480188,27.52,484263,100.85
f262e23e-1ad8-4355-ac39-c5f8e0ca56eb,24/10/2013,Oct-13,10,2013,THEEWATERSKLOOF,Major Dam,480188,27.51,483753,100.74
56569d8e-d3a2-4818-80c1-01c164822a64,25/10/2013,Oct-13,10,2013,THEEWATERSKLOOF,Major Dam,480188,27.51,483753,100.74
fd7cadb3-f87c-44da-8887-f37d7fc58875,26/10/2013,Oct-13,10,2013,THEEWATERSKLOOF,Major Dam,480188,27.53,484774,100.96
79304fe7-ac31-476b-9aa7-2a0e006ee53d,27/10/2013,Oct-13,10,2013,THEEWATERSKLOOF,Major Dam,480188,27.53,484774,100.96
d1b63f4e-152f-4851-92d7-a9738b5f6069,28/10/2013,Oct-13,10,2013,THEEWATERSKLOOF,Major Dam,480188,27.53,484774,100.96
6732197e-242a-48d1-b814-77c1bb50fab8,29/10/2013,Oct-13,10,2013,THEEWATERSKLOOF,Major Dam,480188,27.53,484774,100.96
dc611fa9-81ff-41e2-a1dd-d9223edf12bc,30/10/2013,Oct-13,10,2013,THEEWATERSKLOOF,Major Dam,480188,27.52,484263,100.85
190bcfc0-2f71-47b1-9d2c-54fb9183e9ae,31/10/2013,Oct-13,10,2013,THEEWATERSKLOOF,Major Dam,480188,27.52,484263,100.85
add90069-de6d-4f25-ac03-ef220c721758,01/11/2013,Nov-13,11,2013,THEEWATERSKLOOF,Major Dam,480188,27.54,485285,101.06
c24017b8-2885-4853-9527-ff8c56dfeba6,02/11/2013,Nov-13,11,2013,THEEWATERSKLOOF,Major Dam,480188,27.67,491958,102.45
3015a4a2-53e7-457e-a150-7aff861d9cb2,03/11/2013,Nov-13,11,2013,THEEWATERSKLOOF,Major Dam,480188,27.64,490413,102.13
c74fce93-9975-4631-93b4-cc1f4020c8b6,04/11/2013,Nov-13,11,2013,THEEWATERSKLOOF,Major Dam,480188,27.6,488358,101.7
8fae8677-2def-4e7f-97e0-36bddd88936d,05/11/2013,Nov-13,11,2013,THEEWATERSKLOOF,Major Dam,480188,27.59,487845,101.59
e85f7ee0-eaff-4ff5-9efb-616bf800a8bd,06/11/2013,Nov-13,11,2013,THEEWATERSKLOOF,Major Dam,480188,27.59,487845,101.59
e2aa7a0c-b5c5-4707-a2ef-2a2c9ddeecde,07/11/2013,Nov-13,11,2013,THEEWATERSKLOOF,Major Dam,480188,27.59,487845,101.59
a5804aa1-bfc3-431c-8253-9b25a939444e,08/11/2013,Nov-13,11,2013,THEEWATERSKLOOF,Major Dam,480188,27.55,485797,101.17
01221819-035c-4885-861a-717106792088,09/11/2013,Nov-13,11,2013,THEEWATERSKLOOF,Major Dam,480188,27.54,485285,101.06
975a7d89-af27-4104-8d81-9f5f22901832,10/11/2013,Nov-13,11,2013,THEEWATERSKLOOF,Major Dam,480188,27.54,485285,101.06
dbf72637-9556-4af6-b015-d9a46e4a4228,11/11/2013,Nov-13,11,2013,THEEWATERSKLOOF,Major Dam,480188,27.52,484263,100.85
d393b984-90eb-4a87-a810-92e6b76301a1,12/11/2013,Nov-13,11,2013,THEEWATERSKLOOF,Major Dam,480188,27.5,483243,100.64
aedb5a96-7584-455c-b0be-f1a78da780da,13/11/2013,Nov-13,11,2013,THEEWATERSKLOOF,Major Dam,480188,27.49,482733,100.53
cf6055f9-686b-4050-b07f-4988ccc099dc,14/11/2013,Nov-13,11,2013,THEEWATERSKLOOF,Major Dam,480188,27.49,482733,100.53
35a5046f-0527-4827-8000-bb44de42b787,15/11/2013,Nov-13,11,2013,THEEWATERSKLOOF,Major Dam,480188,27.46,481205,100.21
ecfed029-6c8f-4499-abb7-6ad72334a184,16/11/2013,Nov-13,11,2013,THEEWATERSKLOOF,Major Dam,480188,27.83,500241,104.18
235690e0-7e72-491a-a6f8-8af4d8ba928a,17/11/2013,Nov-13,11,2013,THEEWATERSKLOOF,Major Dam,480188,28.05,511758,106.57
f2f444cb-36fe-4119-b8ca-b9ba32e77cb9,18/11/2013,Nov-13,11,2013,THEEWATERSKLOOF,Major Dam,480188,28.05,511758,106.57
509cb0cb-3f33-4fa1-843a-c4fe70f99a5e,19/11/2013,Nov-13,11,2013,THEEWATERSKLOOF,Major Dam,480188,28.03,510705,106.36
0a59f892-020a-4d6e-b005-00192222eeda,20/11/2013,Nov-13,11,2013,THEEWATERSKLOOF,Major Dam,480188,27.95,506505,105.48
6810a0fc-f4e5-4fd3-ad7d-32a15ee0a1d2,21/11/2013,Nov-13,11,2013,THEEWATERSKLOOF,Major Dam,480188,27.93,505458,105.26
f5a3b1e2-b0bf-482c-b0fe-0b8ba6aaca0d,22/11/2013,Nov-13,11,2013,THEEWATERSKLOOF,Major Dam,480188,27.84,500761,104.28
7420a331-90b1-4f2a-893e-c382c77ec922,23/11/2013,Nov-13,11,2013,THEEWATERSKLOOF,Major Dam,480188,27.82,499721,104.07
c52a7f4d-5081-4103-89fb-76cbe7adfd77,24/11/2013,Nov-13,11,2013,THEEWATERSKLOOF,Major Dam,480188,27.75,496089,103.31
aa1960d5-a05a-4406-b04c-50af80a975ce,25/11/2013,Nov-13,11,2013,THEEWATERSKLOOF,Major Dam,480188,27.73,495055,103.1
b55b0850-0858-44b3-8275-78a82f4a6886,26/11/2013,Nov-13,11,2013,THEEWATERSKLOOF,Major Dam,480188,27.71,494021,102.88
60160e4b-4ef8-4df5-8ae3-e6831f8addcb,27/11/2013,Nov-13,11,2013,THEEWATERSKLOOF,Major Dam,480188,27.66,491443,102.34
e366dded-e8e5-4b57-9f96-4f35ed52c2ac,28/11/2013,Nov-13,11,2013,THEEWATERSKLOOF,Major Dam,480188,27.64,490413,102.13
b3a21e35-06b7-4027-8023-ca19e5612ea4,29/11/2013,Nov-13,11,2013,THEEWATERSKLOOF,Major Dam,480188,27.62,489385,101.92
2c08651d-2978-4444-82c1-d46fcf25ea61,30/11/2013,Nov-13,11,2013,THEEWATERSKLOOF,Major Dam,480188,27.6,488358,101.7
929f8787-d100-4b51-8af1-6325bc9f466c,01/12/2013,Dec-13,12,2013,THEEWATERSKLOOF,Major Dam,480188,27.58,487333,101.49
098532ed-a138-410f-a3e2-8b7ecd8bb817,02/12/2013,Dec-13,12,2013,THEEWATERSKLOOF,Major Dam,480188,27.56,486309,101.27
4d08cd84-3bcb-41fe-b29a-abe5a7c9baa9,03/12/2013,Dec-13,12,2013,THEEWATERSKLOOF,Major Dam,480188,27.54,485285,101.06
0322897e-cb0b-4b1b-84d9-86f7b8784268,04/12/2013,Dec-13,12,2013,THEEWATERSKLOOF,Major Dam,480188,27.53,484774,100.96
171c71f1-21ad-4619-adf4-1e1ef7f03e69,05/12/2013,Dec-13,12,2013,THEEWATERSKLOOF,Major Dam,480188,27.51,483753,100.74
ff32b334-a1ba-4448-9cb2-77d1b5a2ed46,06/12/2013,Dec-13,12,2013,THEEWATERSKLOOF,Major Dam,480188,27.5,483243,100.64
28583cd9-0e27-4b11-aaf5-d4bef1924452,07/12/2013,Dec-13,12,2013,THEEWATERSKLOOF,Major Dam,480188,27.47,481714,100.32
3b877be3-9011-4142-a784-ef41b5ed4768,08/12/2013,Dec-13,12,2013,THEEWATERSKLOOF,Major Dam,480188,27.45,480697,100.11
d0be03d3-529a-4781-9968-6e4f62d7ba51,09/12/2013,Dec-13,12,2013,THEEWATERSKLOOF,Major Dam,480188,27.45,480697,100.11
cbb37630-163d-440f-9d74-696ff934d433,10/12/2013,Dec-13,12,2013,THEEWATERSKLOOF,Major Dam,480188,27.43,479680,99.89
498fadfd-bbac-4e96-93f7-02f584fc5c24,11/12/2013,Dec-13,12,2013,THEEWATERSKLOOF,Major Dam,480188,27.42,479172,99.79
fb02b829-5cdb-4ae0-b855-067b24b50651,12/12/2013,Dec-13,12,2013,THEEWATERSKLOOF,Major Dam,480188,27.4,478158,99.58
6f6cef51-7fb8-4149-9e4d-5fa01d9bc4b4,13/12/2013,Dec-13,12,2013,THEEWATERSKLOOF,Major Dam,480188,27.39,477651,99.47
f4761947-09a9-404b-922b-85e674171568,14/12/2013,Dec-13,12,2013,THEEWATERSKLOOF,Major Dam,480188,27.33,474617,98.84
c97c1dfe-1ebc-418f-83b3-ae08efbddd62,15/12/2013,Dec-13,12,2013,THEEWATERSKLOOF,Major Dam,480188,27.36,476132,99.16
d4750a92-dd17-4d84-9bab-6bb9437ce964,16/12/2013,Dec-13,12,2013,THEEWATERSKLOOF,Major Dam,480188,27.33,474617,98.84
e8542e3c-7491-4b0e-b678-5d0e50cab397,17/12/2013,Dec-13,12,2013,THEEWATERSKLOOF,Major Dam,480188,27.3,473103,98.52
0e2ef079-b9a7-4673-92dd-0ff03a160ec7,18/12/2013,Dec-13,12,2013,THEEWATERSKLOOF,Major Dam,480188,27.27,471593,98.21
233cc0e8-6417-4d22-b11c-94cb2845e197,19/12/2013,Dec-13,12,2013,THEEWATERSKLOOF,Major Dam,480188,27.24,470086,97.9
0c7d90ac-aa30-4396-9d6a-59bcb479270a,20/12/2013,Dec-13,12,2013,THEEWATERSKLOOF,Major Dam,480188,27.21,468581,97.58
0a1b82a2-0c7e-44d9-85b3-5d70c0cc248a,21/12/2013,Dec-13,12,2013,THEEWATERSKLOOF,Major Dam,480188,27.16,466079,97.06
1096283a-492e-422c-92e3-c0ace6671629,22/12/2013,Dec-13,12,2013,THEEWATERSKLOOF,Major Dam,480188,27.14,465080,96.85
c939516d-9689-4f14-8b9c-7c76fa264de8,23/12/2013,Dec-13,12,2013,THEEWATERSKLOOF,Major Dam,480188,27.11,463585,96.54
3119a365-fea8-4974-9a98-aa21e05e0afe,24/12/2013,Dec-13,12,2013,THEEWATERSKLOOF,Major Dam,480188,27.07,461595,96.13
fbcb6231-1255-43eb-9ea0-9079071db1ca,25/12/2013,Dec-13,12,2013,THEEWATERSKLOOF,Major Dam,480188,27.05,460602,95.92
25aec9ac-6104-4d35-94f4-af9e10467ab8,26/12/2013,Dec-13,12,2013,THEEWATERSKLOOF,Major Dam,480188,27.03,459610,95.71
3790fa4c-6d72-4c73-955e-1183499e1d71,27/12/2013,Dec-13,12,2013,THEEWATERSKLOOF,Major Dam,480188,26.99,457630,95.3
45259d22-2332-4865-a5a3-3afca8810ea2,28/12/2013,Dec-13,12,2013,THEEWATERSKLOOF,Major Dam,480188,26.97,456642,95.1
a8a6110b-afd8-4558-8533-de15db95eb85,29/12/2013,Dec-13,12,2013,THEEWATERSKLOOF,Major Dam,480188,26.93,454670,94.69
efec2cb3-ffe8-463f-80c1-8b6d310e5c18,30/12/2013,Dec-13,12,2013,THEEWATERSKLOOF,Major Dam,480188,26.9,453194,94.38
f39bb2b8-1429-4cd3-a1bc-8c4002f1ca23,31/12/2013,Dec-13,12,2013,THEEWATERSKLOOF,Major Dam,480188,26.86,451230,93.97
6b3ed640-bb91-4189-a031-19b27993a83b,01/01/2014,Jan-14,1,2014,THEEWATERSKLOOF,Major Dam,480188,26.83,449760,93.66
c9d0ca5b-7f2a-469a-b85c-a33ee8d8504b,02/01/2014,Jan-14,1,2014,THEEWATERSKLOOF,Major Dam,480188,26.8,448294,93.36
27604955-7dee-48dc-81bc-e32e1eb66a01,03/01/2014,Jan-14,1,2014,THEEWATERSKLOOF,Major Dam,480188,26.77,446830,93.05
abfc8031-d332-4a19-bdc1-e3b3ce51a0c3,04/01/2014,Jan-14,1,2014,THEEWATERSKLOOF,Major Dam,480188,26.75,445855,92.85
3b1ef26c-0584-4ed6-bc18-19ebd21599c0,05/01/2014,Jan-14,1,2014,THEEWATERSKLOOF,Major Dam,480188,26.73,444882,92.65
49cc78e7-2ce2-4982-9329-33f88ba416b8,06/01/2014,Jan-14,1,2014,THEEWATERSKLOOF,Major Dam,480188,26.7,443425,92.34
81b5095f-7a43-4a6c-9b92-c3426d29f3fa,07/01/2014,Jan-14,1,2014,THEEWATERSKLOOF,Major Dam,480188,26.76,446342,92.95
0960a530-9bb3-4743-bbb2-393b98b8350c,08/01/2014,Jan-14,1,2014,THEEWATERSKLOOF,Major Dam,480188,26.87,451720,94.07
82a7a0e8-88a2-4a49-9edc-7cf76427b807,09/01/2014,Jan-14,1,2014,THEEWATERSKLOOF,Major Dam,480188,26.87,451720,94.07
92c9cbd5-acad-4dec-b978-3bb42e5f3a03,10/01/2014,Jan-14,1,2014,THEEWATERSKLOOF,Major Dam,480188,26.9,453194,94.38
c9092263-0fa2-4af9-b3f4-264d9dde8506,11/01/2014,Jan-14,1,2014,THEEWATERSKLOOF,Major Dam,480188,26.93,454670,94.69
1bec6da2-3935-461c-aa8d-44e2c75cd1cc,12/01/2014,Jan-14,1,2014,THEEWATERSKLOOF,Major Dam,480188,26.89,452702,94.28
1c26a953-5638-4873-8cfe-0b120c38ad15,13/01/2014,Jan-14,1,2014,THEEWATERSKLOOF,Major Dam,480188,26.85,450740,93.87
8a5ce193-7850-4e7a-afda-4d19d1e08296,14/01/2014,Jan-14,1,2014,THEEWATERSKLOOF,Major Dam,480188,26.85,450740,93.87
6b783164-4ab9-40be-a3f7-679a15f02196,15/01/2014,Jan-14,1,2014,THEEWATERSKLOOF,Major Dam,480188,26.83,449760,93.66
e452926e-faea-4b0b-90ed-4f42e77ce222,16/01/2014,Jan-14,1,2014,THEEWATERSKLOOF,Major Dam,480188,26.8,448294,93.36
023e71a6-a79b-4974-86c0-52dac294df3b,17/01/2014,Jan-14,1,2014,THEEWATERSKLOOF,Major Dam,480188,26.8,448294,93.36
348ce34a-9e2c-43d8-8716-25f3f313f33f,18/01/2014,Jan-14,1,2014,THEEWATERSKLOOF,Major Dam,480188,26.74,445368,92.75
ee37f397-af35-411e-93dd-9a930bb4762f,19/01/2014,Jan-14,1,2014,THEEWATERSKLOOF,Major Dam,480188,26.7,443425,92.34
6c95bb58-84da-4dcb-8dc7-64d2aea9fb2f,20/01/2014,Jan-14,1,2014,THEEWATERSKLOOF,Major Dam,480188,26.66,441485,91.94
15669d39-71ea-44dd-919a-c1e0588f9596,21/01/2014,Jan-14,1,2014,THEEWATERSKLOOF,Major Dam,480188,26.63,440034,91.64
4044191f-b117-4431-bbe4-f162d9a97d61,22/01/2014,Jan-14,1,2014,THEEWATERSKLOOF,Major Dam,480188,26.6,438586,91.34
0ca9a21f-1c07-4acc-abae-9235b6878ecd,23/01/2014,Jan-14,1,2014,THEEWATERSKLOOF,Major Dam,480188,26.57,437141,91.04
be7049ca-f332-4794-9e2a-b0daaa68c119,24/01/2014,Jan-14,1,2014,THEEWATERSKLOOF,Major Dam,480188,26.54,435698,90.73
abd64590-3634-4fbe-86d5-f6acb2a9f865,25/01/2014,Jan-14,1,2014,THEEWATERSKLOOF,Major Dam,480188,26.53,435218,90.63
54726c5d-948e-469a-b7e0-02a1395b6b88,26/01/2014,Jan-14,1,2014,THEEWATERSKLOOF,Major Dam,480188,26.5,433778,90.34
25de552a-a872-4f67-bae6-06dd8bbccc79,27/01/2014,Jan-14,1,2014,THEEWATERSKLOOF,Major Dam,480188,26.46,431864,89.94
d1f1212c-7f90-4faa-be8d-0636c119830f,28/01/2014,Jan-14,1,2014,THEEWATERSKLOOF,Major Dam,480188,26.44,430909,89.74
5ad8bafc-64ae-4399-b283-b5ef11a4faf9,29/01/2014,Jan-14,1,2014,THEEWATERSKLOOF,Major Dam,480188,26.42,429954,89.54
51d66820-dbf9-4e20-b283-f2dd21762dea,30/01/2014,Jan-14,1,2014,THEEWATERSKLOOF,Major Dam,480188,26.37,427574,89.04
4b15d3fa-0492-49ae-9409-bad2ff172dc8,31/01/2014,Jan-14,1,2014,THEEWATERSKLOOF,Major Dam,480188,26.34,426150,88.75
cb4d0c84-115b-46c0-8bb9-41eb39febf17,01/02/2014,Feb-14,2,2014,THEEWATERSKLOOF,Major Dam,480188,26.31,424728,88.45
c261c620-ba64-4872-90d5-432d78751793,02/02/2014,Feb-14,2,2014,THEEWATERSKLOOF,Major Dam,480188,26.29,423782,88.25
489d2fc2-547f-4e0e-a11d-7467c21ff09a,03/02/2014,Feb-14,2,2014,THEEWATERSKLOOF,Major Dam,480188,26.26,422365,87.96
bd8a5a87-76ae-4072-a783-dba308482826,04/02/2014,Feb-14,2,2014,THEEWATERSKLOOF,Major Dam,480188,26.24,421422,87.76
bb44f3e3-6db0-4d3e-9091-ea6d84a78ec1,05/02/2014,Feb-14,2,2014,THEEWATERSKLOOF,Major Dam,480188,26.23,420950,87.66
78bb662f-431c-4e16-bc04-6f55cf999b90,06/02/2014,Feb-14,2,2014,THEEWATERSKLOOF,Major Dam,480188,26.21,420009,87.47
d5297b3f-b2e3-4d95-b1ea-a9f9a1159377,07/02/2014,Feb-14,2,2014,THEEWATERSKLOOF,Major Dam,480188,26.19,419069,87.27
f38693b7-292a-486a-a9c2-fb69bcc09bc8,08/02/2014,Feb-14,2,2014,THEEWATERSKLOOF,Major Dam,480188,26.16,417661,86.98
85d8a222-74db-4f76-9407-1012c7ee4d97,09/02/2014,Feb-14,2,2014,THEEWATERSKLOOF,Major Dam,480188,26.13,416256,86.69
c13e97bd-b1ff-4903-9ba7-6a10800b2c45,10/02/2014,Feb-14,2,2014,THEEWATERSKLOOF,Major Dam,480188,26.1,414853,86.39
0a0ae3aa-7e73-47ce-be30-c12c6683324e,11/02/2014,Feb-14,2,2014,THEEWATERSKLOOF,Major Dam,480188,26.07,413453,86.1
0d977f74-1947-437f-a91c-3a08ee3a5b47,12/02/2014,Feb-14,2,2014,THEEWATERSKLOOF,Major Dam,480188,26.05,412522,85.91
701b7ad9-c673-4c21-836d-8f178de3d0a8,13/02/2014,Feb-14,2,2014,THEEWATERSKLOOF,Major Dam,480188,26.03,411591,85.71
1d1cc532-0bfa-4f49-b0e8-033d16986d86,14/02/2014,Feb-14,2,2014,THEEWATERSKLOOF,Major Dam,480188,25.98,409270,85.23
5e170748-c187-497a-93e2-5d68d382a78d,15/02/2014,Feb-14,2,2014,THEEWATERSKLOOF,Major Dam,480188,25.96,408344,85.04
9c2a1099-a8f1-485d-90d5-1ccf0f87786f,16/02/2014,Feb-14,2,2014,THEEWATERSKLOOF,Major Dam,480188,25.94,407419,84.85
68e35860-d8ff-446a-9503-72737426e549,17/02/2014,Feb-14,2,2014,THEEWATERSKLOOF,Major Dam,480188,25.92,406495,84.65
716ad919-a6e8-491c-8c1e-eb6f0f5d53ae,18/02/2014,Feb-14,2,2014,THEEWATERSKLOOF,Major Dam,480188,25.9,405573,84.46
fa41b287-a5eb-4d99-a367-6bfc7cc8bc11,19/02/2014,Feb-14,2,2014,THEEWATERSKLOOF,Major Dam,480188,25.87,404191,84.17
9706434a-1d14-4abf-8d03-e61ffe0aaddd,20/02/2014,Feb-14,2,2014,THEEWATERSKLOOF,Major Dam,480188,25.85,403272,83.98
adf1937e-6e0a-4712-82d6-7b0c702c1a77,21/02/2014,Feb-14,2,2014,THEEWATERSKLOOF,Major Dam,480188,25.83,402353,83.79
78fa7299-c997-4282-b1aa-5893270467b7,22/02/2014,Feb-14,2,2014,THEEWATERSKLOOF,Major Dam,480188,25.81,401436,83.6
da041ada-7fc5-4a94-8c57-f45364ac6e49,23/02/2014,Feb-14,2,2014,THEEWATERSKLOOF,Major Dam,480188,25.79,400520,83.41
4c551bda-966e-4efc-9bdb-5e1f2a02a2bd,24/02/2014,Feb-14,2,2014,THEEWATERSKLOOF,Major Dam,480188,25.77,399606,83.22
f9bcf6ba-4526-4c8b-ac02-b86223c93314,25/02/2014,Feb-14,2,2014,THEEWATERSKLOOF,Major Dam,480188,25.75,398692,83.03
c359eabb-b0d1-42d2-96ed-2ea343730342,26/02/2014,Feb-14,2,2014,THEEWATERSKLOOF,Major Dam,480188,25.73,397780,82.84
db099900-19ac-4903-b992-4c03a35cd4a9,27/02/2014,Feb-14,2,2014,THEEWATERSKLOOF,Major Dam,480188,25.71,396869,82.65
1247d378-2736-434e-b576-ea7440427dff,28/02/2014,Feb-14,2,2014,THEEWATERSKLOOF,Major Dam,480188,25.68,395504,82.36
40a3b0a1-f1ff-425c-86a2-5cb6fc323e5f,01/03/2014,Mar-14,3,2014,THEEWATERSKLOOF,Major Dam,480188,25.66,394596,82.18
760275d7-7710-455a-a419-e2986de4a3d5,02/03/2014,Mar-14,3,2014,THEEWATERSKLOOF,Major Dam,480188,25.6,391879,81.61
dc021e66-962f-4cfd-bb98-ae9cf60c070c,03/03/2014,Mar-14,3,2014,THEEWATERSKLOOF,Major Dam,480188,25.55,389623,81.14
2547baf0-09c9-4fb8-af9a-fed89a5be3f0,04/03/2014,Mar-14,3,2014,THEEWATERSKLOOF,Major Dam,480188,25.53,388723,80.95
009fc571-d460-4e31-8929-79a185e2764b,05/03/2014,Mar-14,3,2014,THEEWATERSKLOOF,Major Dam,480188,25.5,387375,80.67
437ca59b-abe9-40f8-9aef-e792b54e98ea,06/03/2014,Mar-14,3,2014,THEEWATERSKLOOF,Major Dam,480188,25.47,386029,80.39
da1150b4-55cd-422d-8fbd-083c478dcd3b,07/03/2014,Mar-14,3,2014,THEEWATERSKLOOF,Major Dam,480188,26.47,432342,90.04
4a2710e7-6658-4fc8-a2ea-a3444ad4d2c4,08/03/2014,Mar-14,3,2014,THEEWATERSKLOOF,Major Dam,480188,25.41,383347,79.83
43d5d14a-d260-4f87-b36b-da557d489633,09/03/2014,Mar-14,3,2014,THEEWATERSKLOOF,Major Dam,480188,25.38,382009,79.55
ad78dd8e-100b-4dac-8faf-ce8faf2b481e,10/03/2014,Mar-14,3,2014,THEEWATERSKLOOF,Major Dam,480188,25.35,380674,79.28
c6d88ede-ead9-4b78-8bba-203c1baa02d6,11/03/2014,Mar-14,3,2014,THEEWATERSKLOOF,Major Dam,480188,25.34,380230,79.18
34e5a342-b0f4-4e85-84ab-c2ce3c9ae0f4,12/03/2014,Mar-14,3,2014,THEEWATERSKLOOF,Major Dam,480188,25.33,379786,79.09
9a3714f4-ba11-44ee-a36c-ff9729e53f91,13/03/2014,Mar-14,3,2014,THEEWATERSKLOOF,Major Dam,480188,25.3,378456,78.81
ec608ba0-2ac1-408a-a394-dc43fedfda2e,14/03/2014,Mar-14,3,2014,THEEWATERSKLOOF,Major Dam,480188,25.27,377128,78.54
ea79824b-2650-4cb6-a825-ce87c730a10f,15/03/2014,Mar-14,3,2014,THEEWATERSKLOOF,Major Dam,480188,25.25,376245,78.35
42131adc-d94a-4e49-bde4-c1f0daffefb4,16/03/2014,Mar-14,3,2014,THEEWATERSKLOOF,Major Dam,480188,25.23,375362,78.17
381bf4c1-fc59-4106-ab4d-60d73bacc211,17/03/2014,Mar-14,3,2014,THEEWATERSKLOOF,Major Dam,480188,25.21,374481,77.99
03a6fe82-1879-48f6-bac4-a03e0d5c9781,18/03/2014,Mar-14,3,2014,THEEWATERSKLOOF,Major Dam,480188,25.19,373601,77.8
c034cf8c-0b84-418d-a3ec-a812d57a8158,19/03/2014,Mar-14,3,2014,THEEWATERSKLOOF,Major Dam,480188,25.19,373601,77.8
38681884-f7e4-4b18-adec-e80c44711c02,20/03/2014,Mar-14,3,2014,THEEWATERSKLOOF,Major Dam,480188,25.15,371845,77.44
916479af-a1b9-4cd5-a375-f4f5fcab07a2,21/03/2014,Mar-14,3,2014,THEEWATERSKLOOF,Major Dam,480188,25.13,370968,77.25
337d9e44-4979-4478-8aa4-fe61f3bffae5,22/03/2014,Mar-14,3,2014,THEEWATERSKLOOF,Major Dam,480188,25.11,370093,77.07
6ecabfbb-5cf6-4dbb-8547-846c8eb54fec,23/03/2014,Mar-14,3,2014,THEEWATERSKLOOF,Major Dam,480188,25.09,369219,76.89
08a63e97-cb43-4a61-b92c-7de62fddf49d,24/03/2014,Mar-14,3,2014,THEEWATERSKLOOF,Major Dam,480188,25.05,367474,76.53
daf7fac3-d800-43a4-885c-bfac704c7788,25/03/2014,Mar-14,3,2014,THEEWATERSKLOOF,Major Dam,480188,25.02,366169,76.26
d66e3b24-4874-4383-ae8b-1e5526afd245,26/03/2014,Mar-14,3,2014,THEEWATERSKLOOF,Major Dam,480188,25.02,366169,76.26
05b8ed5b-d1ca-44d7-836a-2399a87c9372,27/03/2014,Mar-14,3,2014,THEEWATERSKLOOF,Major Dam,480188,25.1,369656,76.98
5b19446c-effb-45e6-904d-7b356d5a598d,28/03/2014,Mar-14,3,2014,THEEWATERSKLOOF,Major Dam,480188,25.07,368346,76.71
c9d08337-22d3-4aab-b5b4-1a0c2f85374a,29/03/2014,Mar-14,3,2014,THEEWATERSKLOOF,Major Dam,480188,25.07,368346,76.71
2852e434-8e5f-4f0e-aaec-3b3a5cf93bc9,30/03/2014,Mar-14,3,2014,THEEWATERSKLOOF,Major Dam,480188,25.05,367474,76.53
988d8a23-0007-4193-a0ed-f600a248f041,31/03/2014,Mar-14,3,2014,THEEWATERSKLOOF,Major Dam,480188,25.03,366604,76.35
c38e6c28-6fa0-4a63-b5f8-c31e312ea8e0,01/04/2014,Apr-14,4,2014,THEEWATERSKLOOF,Major Dam,480188,25.03,366604,76.35
b76caf7c-b065-41ca-b57c-1c329198a072,02/04/2014,Apr-14,4,2014,THEEWATERSKLOOF,Major Dam,480188,25.04,367039,76.44
bd01b86e-392d-483f-9373-7ae58ab64076,03/04/2014,Apr-14,4,2014,THEEWATERSKLOOF,Major Dam,480188,25.1,369656,76.98
21740b9c-dc52-4716-a3f5-b00a9c42d527,04/04/2014,Apr-14,4,2014,THEEWATERSKLOOF,Major Dam,480188,25.1,369656,76.98
10e3a9cd-3830-4ef7-afc8-e9558968b543,05/04/2014,Apr-14,4,2014,THEEWATERSKLOOF,Major Dam,480188,25.08,368782,76.8
4f7c8033-8baa-43cb-bedb-a9ab791b0721,06/04/2014,Apr-14,4,2014,THEEWATERSKLOOF,Major Dam,480188,25.06,367910,76.62
174f5d75-aa29-4d4d-b700-13e2115cd9df,07/04/2014,Apr-14,4,2014,THEEWATERSKLOOF,Major Dam,480188,25.04,367039,76.44
649355c5-31a4-44ff-b3a7-e473581cfdbf,08/04/2014,Apr-14,4,2014,THEEWATERSKLOOF,Major Dam,480188,25.02,366169,76.26
f193a688-3af2-450c-a5f1-0750036e7b3d,09/04/2014,Apr-14,4,2014,THEEWATERSKLOOF,Major Dam,480188,25.02,366169,76.26
a5d10142-0531-45d4-a2b5-e8cb4d608790,10/04/2014,Apr-14,4,2014,THEEWATERSKLOOF,Major Dam,480188,25.01,365735,76.16
96f719ba-2bbf-42f1-aff7-f538d1663816,11/04/2014,Apr-14,4,2014,THEEWATERSKLOOF,Major Dam,480188,25,365300,76.07
2b80d520-b4e9-4412-9a4f-af235a14e5fd,12/04/2014,Apr-14,4,2014,THEEWATERSKLOOF,Major Dam,480188,25,365300,76.07
ce8bc795-cc37-445f-91b0-9f4674798ca3,13/04/2014,Apr-14,4,2014,THEEWATERSKLOOF,Major Dam,480188,24.99,364866,75.98
36820f74-2623-4bee-a5c5-e6e2a829b822,14/04/2014,Apr-14,4,2014,THEEWATERSKLOOF,Major Dam,480188,24.98,364433,75.89
dbccf7bd-d667-4a93-8ef0-ddaeac1174cd,15/04/2014,Apr-14,4,2014,THEEWATERSKLOOF,Major Dam,480188,24.96,363566,75.71
276319a3-46cd-46cb-b488-22b4db6cc2b5,16/04/2014,Apr-14,4,2014,THEEWATERSKLOOF,Major Dam,480188,24.93,362269,75.44
1de0b8cc-d8cf-4c06-b354-3964d95c1c97,17/04/2014,Apr-14,4,2014,THEEWATERSKLOOF,Major Dam,480188,24.91,361405,75.26
a80b841c-767c-4030-a42b-eece26475d97,18/04/2014,Apr-14,4,2014,THEEWATERSKLOOF,Major Dam,480188,24.9,360974,75.17
d49a784b-e9a0-40a1-98d1-8693a4bfcae8,19/04/2014,Apr-14,4,2014,THEEWATERSKLOOF,Major Dam,480188,24.89,360543,75.08
d3a07b47-8dbc-4573-9e00-d90e8bf0a7cd,20/04/2014,Apr-14,4,2014,THEEWATERSKLOOF,Major Dam,480188,24.87,359682,74.9
721bb9a5-f323-498c-8e6f-0416d9b6b085,21/04/2014,Apr-14,4,2014,THEEWATERSKLOOF,Major Dam,480188,24.86,359252,74.81
5e840529-b6fa-450c-bbc2-36d789af4527,22/04/2014,Apr-14,4,2014,THEEWATERSKLOOF,Major Dam,480188,24.85,358822,74.73
eb45ead3-bc48-4c1c-88b4-ce2269f5898d,23/04/2014,Apr-14,4,2014,THEEWATERSKLOOF,Major Dam,480188,24.85,358822,74.73
d3c8f4fa-1799-4ede-81c3-de167477d537,24/04/2014,Apr-14,4,2014,THEEWATERSKLOOF,Major Dam,480188,24.83,357963,74.55
6aa3018f-97a1-4067-a89c-cc07edcf67d1,25/04/2014,Apr-14,4,2014,THEEWATERSKLOOF,Major Dam,480188,24.82,357534,74.46
e1668590-c807-4dec-bb0c-d7ae672fa0d8,26/04/2014,Apr-14,4,2014,THEEWATERSKLOOF,Major Dam,480188,24.8,356677,74.28
9d991353-18ba-4f18-8f94-a9881c5f3f2b,27/04/2014,Apr-14,4,2014,THEEWATERSKLOOF,Major Dam,480188,24.78,355821,74.1
77dc97ac-2d0f-4442-9f21-449f0d1c98f4,28/04/2014,Apr-14,4,2014,THEEWATERSKLOOF,Major Dam,480188,24.76,354967,73.92
759ee635-f1e9-4ff6-b29b-4a723b4657e4,29/04/2014,Apr-14,4,2014,THEEWATERSKLOOF,Major Dam,480188,24.75,354540,73.83
b9102740-a2b2-402f-a343-b533c81c02ee,30/04/2014,Apr-14,4,2014,THEEWATERSKLOOF,Major Dam,480188,24.75,354540,73.83
0c87e868-84aa-4cce-9ea8-e79cd54c001c,01/05/2014,May-14,5,2014,THEEWATERSKLOOF,Major Dam,480188,24.73,353687,73.66
c90a4b51-c8cf-4c17-ada7-7cb7be36d379,02/05/2014,May-14,5,2014,THEEWATERSKLOOF,Major Dam,480188,24.73,353687,73.66
c254367b-d8ec-4eab-a5cd-2284c0d442dd,03/05/2014,May-14,5,2014,THEEWATERSKLOOF,Major Dam,480188,24.71,352835,73.48
c26d4b7e-251c-42e5-99d7-2ea7279544ee,04/05/2014,May-14,5,2014,THEEWATERSKLOOF,Major Dam,480188,24.71,352835,73.48
c913dfb5-a902-48e3-baad-3e769e7a0832,05/05/2014,May-14,5,2014,THEEWATERSKLOOF,Major Dam,480188,24.7,352410,73.39
80346167-9c39-4971-a401-6891916c2eb3,06/05/2014,May-14,5,2014,THEEWATERSKLOOF,Major Dam,480188,24.7,352410,73.39
2e1f27e9-473d-48e6-8c2e-a09c5da5398c,07/05/2014,May-14,5,2014,THEEWATERSKLOOF,Major Dam,480188,24.69,351984,73.3
2bd4f838-899d-4508-8c5b-7e13785aad76,08/05/2014,May-14,5,2014,THEEWATERSKLOOF,Major Dam,480188,24.69,351984,73.3
7cd39a19-b535-4787-a9f5-faff602aaeb0,09/05/2014,May-14,5,2014,THEEWATERSKLOOF,Major Dam,480188,24.69,351984,73.3
7bbb5d11-f7bb-4040-9391-4ec218784b45,10/05/2014,May-14,5,2014,THEEWATERSKLOOF,Major Dam,480188,24.75,354540,73.83
fcc3c773-dd58-45db-89fa-5dd6e4d1dc58,11/05/2014,May-14,5,2014,THEEWATERSKLOOF,Major Dam,480188,24.8,356677,74.28
0d5cfaf3-dbdf-483c-9d36-1a4527fe40e6,12/05/2014,May-14,5,2014,THEEWATERSKLOOF,Major Dam,480188,24.8,356677,74.28
f1fb08f2-a13a-492e-a7cf-79902ec6234a,13/05/2014,May-14,5,2014,THEEWATERSKLOOF,Major Dam,480188,24.84,358392,74.64
ef00d790-8f80-483a-9c8d-04f2dc345d69,14/05/2014,May-14,5,2014,THEEWATERSKLOOF,Major Dam,480188,24.83,357963,74.55
6dd7b975-f040-4dc1-8c2e-8f19ebb3d402,15/05/2014,May-14,5,2014,THEEWATERSKLOOF,Major Dam,480188,24.83,357963,74.55
4ccc1019-5499-40bd-b3b9-9aee158c6872,16/05/2014,May-14,5,2014,THEEWATERSKLOOF,Major Dam,480188,24.85,358822,74.73
fdd82db9-d9d5-417c-835e-ca3fa7e5de8d,17/05/2014,May-14,5,2014,THEEWATERSKLOOF,Major Dam,480188,24.85,358822,74.73
1a88318a-cd5f-4e43-ba43-e3fe7c6d3428,18/05/2014,May-14,5,2014,THEEWATERSKLOOF,Major Dam,480188,24.85,358822,74.73
cef9c7e3-55a1-4be1-b381-8f3c019c5f8e,19/05/2014,May-14,5,2014,THEEWATERSKLOOF,Major Dam,480188,24.84,358392,74.64
2f63e6f0-a912-43f7-8052-0d83926baac2,20/05/2014,May-14,5,2014,THEEWATERSKLOOF,Major Dam,480188,24.84,358392,74.64
1a8c23f5-5989-4c83-9e83-404261701067,21/05/2014,May-14,5,2014,THEEWATERSKLOOF,Major Dam,480188,24.84,358392,74.64
7b7ca56b-9bfc-4bb1-b928-a0c6bf4d5c35,22/05/2014,May-14,5,2014,THEEWATERSKLOOF,Major Dam,480188,24.84,358392,74.64
e5cb7138-2a7c-4747-ad21-2e9ded3b6049,23/05/2014,May-14,5,2014,THEEWATERSKLOOF,Major Dam,480188,24.85,358822,74.73
e20218ee-95d2-445a-8522-c4ac9457f39f,24/05/2014,May-14,5,2014,THEEWATERSKLOOF,Major Dam,480188,24.85,358822,74.73
4ef51e56-c9b3-4f60-8515-dbf00f246a37,25/05/2014,May-14,5,2014,THEEWATERSKLOOF,Major Dam,480188,24.85,358822,74.73
891e312a-444f-41e0-8099-712fb1c7a141,26/05/2014,May-14,5,2014,THEEWATERSKLOOF,Major Dam,480188,24.92,361837,75.35
305cb13c-b81a-410c-bf97-725c54b78c44,27/05/2014,May-14,5,2014,THEEWATERSKLOOF,Major Dam,480188,24.92,361837,75.35
2a74a461-2f37-4ac2-a988-05d6342408f9,28/05/2014,May-14,5,2014,THEEWATERSKLOOF,Major Dam,480188,24.92,361837,75.35
ef1a9e0c-e6f1-4bb7-b7fa-4adee0ca7b43,29/05/2014,May-14,5,2014,THEEWATERSKLOOF,Major Dam,480188,25,365300,76.07
626fce0b-d22c-4098-8e14-4c49d7492aee,30/05/2014,May-14,5,2014,THEEWATERSKLOOF,Major Dam,480188,25.05,367474,76.53
5c6bd486-cc19-4f36-8649-ffff2a875987,31/05/2014,May-14,5,2014,THEEWATERSKLOOF,Major Dam,480188,25.15,371845,77.44
6d4f346e-df8f-410a-83fe-c98cc34dd19b,01/06/2014,Jun-14,6,2014,THEEWATERSKLOOF,Major Dam,480188,25.15,371845,77.44
6410ef0a-3ae9-4319-93e9-81e6ca89639e,02/06/2014,Jun-14,6,2014,THEEWATERSKLOOF,Major Dam,480188,25.15,371845,77.44
8fe73a87-14be-46d3-b5b1-119fb5c35da8,03/06/2014,Jun-14,6,2014,THEEWATERSKLOOF,Major Dam,480188,25.35,380674,79.28
f0bda05f-518f-4f93-a7f1-d5fbd084e13f,04/06/2014,Jun-14,6,2014,THEEWATERSKLOOF,Major Dam,480188,25.65,394143,82.08
062021a5-4927-427c-b242-77bca2f26771,05/06/2014,Jun-14,6,2014,THEEWATERSKLOOF,Major Dam,480188,26,410198,85.42
21a5ef0d-2cc3-4b9e-8eb2-239d8fe41f1c,06/06/2014,Jun-14,6,2014,THEEWATERSKLOOF,Major Dam,480188,26.1,414853,86.39
5dc86958-1695-4f72-a30f-057b4d5db4ac,07/06/2014,Jun-14,6,2014,THEEWATERSKLOOF,Major Dam,480188,26.14,416724,86.78
070800b7-6d88-4e4c-962b-15dedcbe1b6d,08/06/2014,Jun-14,6,2014,THEEWATERSKLOOF,Major Dam,480188,26.14,416724,86.78
3ace5127-6b4c-4f37-96d7-543d0e39f53b,09/06/2014,Jun-14,6,2014,THEEWATERSKLOOF,Major Dam,480188,26.25,421893,87.86
631116ad-8e64-464a-b850-7bf76012a070,10/06/2014,Jun-14,6,2014,THEEWATERSKLOOF,Major Dam,480188,26.44,430909,89.74
731ea05a-41f1-4baa-9b8c-e957f63a3a19,11/06/2014,Jun-14,6,2014,THEEWATERSKLOOF,Major Dam,480188,26.49,433299,90.24
c80600d4-c38e-48c2-baeb-76ee2938ac62,12/06/2014,Jun-14,6,2014,THEEWATERSKLOOF,Major Dam,480188,26.53,435218,90.63
2e867381-26c0-418a-922e-1203a87be0d5,13/06/2014,Jun-14,6,2014,THEEWATERSKLOOF,Major Dam,480188,26.55,436178,90.83
62024ea0-6c35-4b9f-a9b0-d75ce42bed21,14/06/2014,Jun-14,6,2014,THEEWATERSKLOOF,Major Dam,480188,26.55,436178,90.83
81be9b96-2fd8-4aff-b69b-36d39c81c718,15/06/2014,Jun-14,6,2014,THEEWATERSKLOOF,Major Dam,480188,26.65,441002,91.84
676d94f3-fa1e-4190-83f7-813477677376,16/06/2014,Jun-14,6,2014,THEEWATERSKLOOF,Major Dam,480188,27.05,460602,95.92
d8a0830e-c29f-4a64-a7d6-c98924b8ae49,17/06/2014,Jun-14,6,2014,THEEWATERSKLOOF,Major Dam,480188,27.07,461595,96.13
3361071c-51a5-4b5f-8a97-27817def7184,18/06/2014,Jun-14,6,2014,THEEWATERSKLOOF,Major Dam,480188,27.11,463585,96.54
7b74211f-a19f-4dd2-82c2-db747ca79f73,19/06/2014,Jun-14,6,2014,THEEWATERSKLOOF,Major Dam,480188,27.11,463585,96.54
374add15-7cbc-4f13-824d-f1d8dc16497a,20/06/2014,Jun-14,6,2014,THEEWATERSKLOOF,Major Dam,480188,27.11,463585,96.54
e8f6e6d8-29cd-42ae-be92-1e4c63638631,21/06/2014,Jun-14,6,2014,THEEWATERSKLOOF,Major Dam,480188,27.27,471593,98.21
7c3cc3ab-dc86-459d-a156-901856580c06,22/06/2014,Jun-14,6,2014,THEEWATERSKLOOF,Major Dam,480188,27.3,473103,98.52
e3365363-5b09-45c5-b421-493874de5050,23/06/2014,Jun-14,6,2014,THEEWATERSKLOOF,Major Dam,480188,27.3,473103,98.52
97ea30e4-3675-4351-89a6-f1bb7e2ae78a,24/06/2014,Jun-14,6,2014,THEEWATERSKLOOF,Major Dam,480188,27.3,473103,98.52
981be850-4ab6-4433-8251-1ba2f861287c,25/06/2014,Jun-14,6,2014,THEEWATERSKLOOF,Major Dam,480188,27.3,473103,98.52
3b1c6851-d3a6-432d-8a33-bc4ef0f542ba,26/06/2014,Jun-14,6,2014,THEEWATERSKLOOF,Major Dam,480188,27.35,475627,99.05
af691a70-3824-4676-8ee0-a56123c166ca,27/06/2014,Jun-14,6,2014,THEEWATERSKLOOF,Major Dam,480188,27.44,480188,100
d4878ef0-fd8f-4dcb-983f-520118a32ffb,28/06/2014,Jun-14,6,2014,THEEWATERSKLOOF,Major Dam,480188,27.47,481714,100.32
265779e9-7207-4c59-b8d0-72dd1b715904,29/06/2014,Jun-14,6,2014,THEEWATERSKLOOF,Major Dam,480188,27.5,483243,100.64
a3ff8bb3-1434-4597-ad09-9e2b25f792c8,30/06/2014,Jun-14,6,2014,THEEWATERSKLOOF,Major Dam,480188,27.5,483243,100.64
fc6d0181-e197-4b29-bbbd-67945b30674a,01/07/2014,Jul-14,7,2014,THEEWATERSKLOOF,Major Dam,480188,27.5,483243,100.64
d28c5a89-f226-4f85-b836-e236b9057c55,02/07/2014,Jul-14,7,2014,THEEWATERSKLOOF,Major Dam,480188,27.5,483243,100.64
00526ce9-91d0-415b-8f38-a8b2f7ad2cbc,03/07/2014,Jul-14,7,2014,THEEWATERSKLOOF,Major Dam,480188,27.5,483243,100.64
aed66020-82f0-44a6-8616-3991900ef1d2,04/07/2014,Jul-14,7,2014,THEEWATERSKLOOF,Major Dam,480188,27.5,483243,100.64
ead19f48-600e-4960-ade6-efe54a1d1fc4,05/07/2014,Jul-14,7,2014,THEEWATERSKLOOF,Major Dam,480188,27.54,485285,101.06
0221655f-f1bc-441d-bf94-4ceb07b22b18,06/07/2014,Jul-14,7,2014,THEEWATERSKLOOF,Major Dam,480188,27.65,490928,102.24
8a12d595-308f-4605-b13e-9a421bf1becb,07/07/2014,Jul-14,7,2014,THEEWATERSKLOOF,Major Dam,480188,27.65,490928,102.24
bbe9d893-69ff-4ac1-9f52-9fd42a28364a,08/07/2014,Jul-14,7,2014,THEEWATERSKLOOF,Major Dam,480188,27.65,490928,102.24
4916ae74-e563-4b7f-b77f-48294b741e9c,09/07/2014,Jul-14,7,2014,THEEWATERSKLOOF,Major Dam,480188,27.64,490413,102.13
19a5bc83-7db0-40f9-b0c2-9e7740218ba8,10/07/2014,Jul-14,7,2014,THEEWATERSKLOOF,Major Dam,480188,27.64,490413,102.13
0c2a6b80-d666-44d0-8cc4-224d2465b146,11/07/2014,Jul-14,7,2014,THEEWATERSKLOOF,Major Dam,480188,27.62,489385,101.92
44c031de-7b43-40e7-8543-32531a56ecd9,12/07/2014,Jul-14,7,2014,THEEWATERSKLOOF,Major Dam,480188,27.62,489385,101.92
403704d9-0516-4250-aba8-eb01975da460,13/07/2014,Jul-14,7,2014,THEEWATERSKLOOF,Major Dam,480188,27.6,488358,101.7
a8b00045-d065-44d3-992d-27af4524c0a6,14/07/2014,Jul-14,7,2014,THEEWATERSKLOOF,Major Dam,480188,27.59,487845,101.59
c4abfc7a-7cb8-41e5-9919-f73c2533e27a,15/07/2014,Jul-14,7,2014,THEEWATERSKLOOF,Major Dam,480188,27.59,487845,101.59
69e7ba47-a846-4a62-95b7-a750023225a6,16/07/2014,Jul-14,7,2014,THEEWATERSKLOOF,Major Dam,480188,27.58,487333,101.49
c8bdfdb4-9a30-4718-9b04-200714ed6d0f,17/07/2014,Jul-14,7,2014,THEEWATERSKLOOF,Major Dam,480188,27.58,487333,101.49
55decd29-1a44-40e2-819a-8083264a186b,18/07/2014,Jul-14,7,2014,THEEWATERSKLOOF,Major Dam,480188,27.75,496089,103.31
b8d764ab-7a4d-48d2-a007-7d34f793be00,19/07/2014,Jul-14,7,2014,THEEWATERSKLOOF,Major Dam,480188,27.83,500241,104.18
c2ce9327-b69f-48ed-9ecf-c5f9724ddfde,20/07/2014,Jul-14,7,2014,THEEWATERSKLOOF,Major Dam,480188,27.83,500241,104.18
a95f5228-0efb-479f-9203-d1955cdec5fb,21/07/2014,Jul-14,7,2014,THEEWATERSKLOOF,Major Dam,480188,27.8,498682,103.85
fd7b8a33-8ec9-462a-817a-a91d7f61ecdc,22/07/2014,Jul-14,7,2014,THEEWATERSKLOOF,Major Dam,480188,27.79,498163,103.74
537b7e26-b2d4-4b67-9eed-9411d9b81c56,23/07/2014,Jul-14,7,2014,THEEWATERSKLOOF,Major Dam,480188,27.75,496089,103.31
92670eb3-88b5-4012-9d05-ff97f05b8d0b,24/07/2014,Jul-14,7,2014,THEEWATERSKLOOF,Major Dam,480188,27.73,495055,103.1
6b820515-58ce-47be-b420-b86dc234f3cb,25/07/2014,Jul-14,7,2014,THEEWATERSKLOOF,Major Dam,480188,27.77,497125,103.53
daa8704e-3735-48c9-919b-a243ea5c309e,26/07/2014,Jul-14,7,2014,THEEWATERSKLOOF,Major Dam,480188,27.93,505458,105.26
f3cdc47d-b5f1-4e65-acc0-9d749beca816,27/07/2014,Jul-14,7,2014,THEEWATERSKLOOF,Major Dam,480188,27.95,506505,105.48
c433a9be-ad8a-4e43-969c-d04c959be3cf,28/07/2014,Jul-14,7,2014,THEEWATERSKLOOF,Major Dam,480188,27.94,505981,105.37
be758dfe-8a43-4d94-9d71-c0456ee978a8,29/07/2014,Jul-14,7,2014,THEEWATERSKLOOF,Major Dam,480188,27.94,505981,105.37
419543af-a10d-41f8-8126-a4b1dc06c9f6,30/07/2014,Jul-14,7,2014,THEEWATERSKLOOF,Major Dam,480188,27.94,505981,105.37
5629b08f-0ed1-47c9-9f32-d1f5f419b3b0,31/07/2014,Jul-14,7,2014,THEEWATERSKLOOF,Major Dam,480188,27.92,504935,105.15
c5f9a28b-22ab-4312-b849-59dc3e67e3ab,01/08/2014,Aug-14,8,2014,THEEWATERSKLOOF,Major Dam,480188,27.74,495572,103.2
97acfa21-e3f8-4f18-9fc1-0e943de1e70e,02/08/2014,Aug-14,8,2014,THEEWATERSKLOOF,Major Dam,480188,27.74,495572,103.2
ad69a58a-adc3-4683-b6fa-1573a332f2fb,03/08/2014,Aug-14,8,2014,THEEWATERSKLOOF,Major Dam,480188,27.72,494538,102.99
cc73d8a7-8015-4e62-afab-4795eff3693f,04/08/2014,Aug-14,8,2014,THEEWATERSKLOOF,Major Dam,480188,27.7,493505,102.77
5966d92e-84a5-43e4-84fa-4a9f66ab202e,05/08/2014,Aug-14,8,2014,THEEWATERSKLOOF,Major Dam,480188,27.73,495055,103.1
a85cbd58-2148-47d5-98e7-9c7ce4c4f523,06/08/2014,Aug-14,8,2014,THEEWATERSKLOOF,Major Dam,480188,27.73,495055,103.1
11783c19-1c01-43d0-ad93-b7053952c8e9,07/08/2014,Aug-14,8,2014,THEEWATERSKLOOF,Major Dam,480188,27.75,496089,103.31
3b821c7d-77ab-4e88-bcc1-65212756ad12,08/08/2014,Aug-14,8,2014,THEEWATERSKLOOF,Major Dam,480188,27.75,496089,103.31
20bd3e9b-c682-4e28-97f3-22d606224a58,09/08/2014,Aug-14,8,2014,THEEWATERSKLOOF,Major Dam,480188,27.73,495055,103.1
5ae49be8-9f6c-4c1f-8728-6097378332ca,10/08/2014,Aug-14,8,2014,THEEWATERSKLOOF,Major Dam,480188,27.71,494021,102.88
a4518a3a-d774-4f66-961c-61359dc11ff6,11/08/2014,Aug-14,8,2014,THEEWATERSKLOOF,Major Dam,480188,27.71,494021,102.88
73b6d188-9f7d-4d22-b640-365cd95e5b0c,12/08/2014,Aug-14,8,2014,THEEWATERSKLOOF,Major Dam,480188,27.68,492473,102.56
a3e449ee-8502-46b2-acbe-d4a626063d32,13/08/2014,Aug-14,8,2014,THEEWATERSKLOOF,Major Dam,480188,27.68,492473,102.56
a9694838-2399-49f7-a73b-d93c6b40b335,14/08/2014,Aug-14,8,2014,THEEWATERSKLOOF,Major Dam,480188,27.7,493505,102.77
52e9c077-2737-482f-86cd-243c8ecc2c1c,15/08/2014,Aug-14,8,2014,THEEWATERSKLOOF,Major Dam,480188,27.71,494021,102.88
94f74608-e263-4e94-bac2-aea226d2383f,16/08/2014,Aug-14,8,2014,THEEWATERSKLOOF,Major Dam,480188,27.65,490928,102.24
4e24feb9-5d1d-4119-a7a8-3240eb607625,17/08/2014,Aug-14,8,2014,THEEWATERSKLOOF,Major Dam,480188,27.65,490928,102.24
dc2fd528-7065-4b93-935d-b3a983964cea,18/08/2014,Aug-14,8,2014,THEEWATERSKLOOF,Major Dam,480188,27.65,490928,102.24
5e05038b-288f-4107-853e-03b2b28a41a1,19/08/2014,Aug-14,8,2014,THEEWATERSKLOOF,Major Dam,480188,27.65,490928,102.24
b419847a-bbb5-4cd1-a361-883c2599943a,20/08/2014,Aug-14,8,2014,THEEWATERSKLOOF,Major Dam,480188,27.65,490928,102.24
f86c15e9-ddf8-4068-87b9-49f0d7dfb641,21/08/2014,Aug-14,8,2014,THEEWATERSKLOOF,Major Dam,480188,27.63,489899,102.02
bd04f48f-2641-4fe9-a751-1cbadb025636,22/08/2014,Aug-14,8,2014,THEEWATERSKLOOF,Major Dam,480188,27.75,496089,103.31
6f00442a-f823-4c54-97cc-60e010131eff,23/08/2014,Aug-14,8,2014,THEEWATERSKLOOF,Major Dam,480188,27.75,496089,103.31
b69a11ad-7071-4b5d-82ac-a95ec8ce55ef,24/08/2014,Aug-14,8,2014,THEEWATERSKLOOF,Major Dam,480188,27.75,496089,103.31
43befc24-3485-4e1b-940e-148873048c25,25/08/2014,Aug-14,8,2014,THEEWATERSKLOOF,Major Dam,480188,27.7,493505,102.77
ed8131bd-c9c1-4e5f-836a-249103082ea4,26/08/2014,Aug-14,8,2014,THEEWATERSKLOOF,Major Dam,480188,27.7,493505,102.77
fead82cb-b25e-4c1a-b54f-c741e1a693f9,27/08/2014,Aug-14,8,2014,THEEWATERSKLOOF,Major Dam,480188,27.75,496089,103.31
fefb6c01-2e96-491f-aae8-9e821e3da235,28/08/2014,Aug-14,8,2014,THEEWATERSKLOOF,Major Dam,480188,27.96,507029,105.59
16dcf5db-71b9-4b36-b7e1-f281db0cf193,29/08/2014,Aug-14,8,2014,THEEWATERSKLOOF,Major Dam,480188,28.02,510179,106.25
4e228727-fd96-4894-820a-38b27334088c,30/08/2014,Aug-14,8,2014,THEEWATERSKLOOF,Major Dam,480188,28.02,510179,106.25
4fe01470-3192-4cda-9eac-d99b174d324b,31/08/2014,Aug-14,8,2014,THEEWATERSKLOOF,Major Dam,480188,28.02,510179,106.25
e266cf61-7316-4e57-95c4-dd643d51212c,01/09/2014,Sep-14,9,2014,THEEWATERSKLOOF,Major Dam,480188,27.97,507553,105.7
381cfe66-341f-47e1-9523-d00cb61b10fa,02/09/2014,Sep-14,9,2014,THEEWATERSKLOOF,Major Dam,480188,27.96,507029,105.59
58585d7f-7dd5-4ca4-8115-e6e29a7d026a,03/09/2014,Sep-14,9,2014,THEEWATERSKLOOF,Major Dam,480188,27.87,502324,104.61
69a889a2-03e6-46a1-a69d-0125b406040b,04/09/2014,Sep-14,9,2014,THEEWATERSKLOOF,Major Dam,480188,27.84,500761,104.28
3dc91753-58e5-4ce0-a599-c94002453ed1,05/09/2014,Sep-14,9,2014,THEEWATERSKLOOF,Major Dam,480188,27.74,495572,103.2
e608d710-6dbe-44f7-be0c-fded44fa5473,06/09/2014,Sep-14,9,2014,THEEWATERSKLOOF,Major Dam,480188,27.72,494538,102.99
a351b19f-167b-4611-b708-cc8d87056e55,07/09/2014,Sep-14,9,2014,THEEWATERSKLOOF,Major Dam,480188,27.7,493505,102.77
0a850760-0df6-438c-87ad-759ba1d119b0,08/09/2014,Sep-14,9,2014,THEEWATERSKLOOF,Major Dam,480188,27.69,492989,102.67
aa3d44e3-b431-4dab-b724-5c38868637b8,09/09/2014,Sep-14,9,2014,THEEWATERSKLOOF,Major Dam,480188,27.67,491958,102.45
251d18af-ed2c-450e-bd78-aa92a252154a,10/09/2014,Sep-14,9,2014,THEEWATERSKLOOF,Major Dam,480188,27.64,490413,102.13
29747c88-5536-4ffa-bace-fd3552ee0b85,11/09/2014,Sep-14,9,2014,THEEWATERSKLOOF,Major Dam,480188,27.63,489899,102.02
27f51c6d-0e8f-41b8-a63a-aa76fdd94936,12/09/2014,Sep-14,9,2014,THEEWATERSKLOOF,Major Dam,480188,27.62,489385,101.92
1f729de4-b61e-426e-a8ec-96a0f4894535,13/09/2014,Sep-14,9,2014,THEEWATERSKLOOF,Major Dam,480188,27.58,487333,101.49
bcb8d39a-64d1-4c91-97d1-5cc1d8e76d1b,14/09/2014,Sep-14,9,2014,THEEWATERSKLOOF,Major Dam,480188,27.56,486309,101.27
cd649299-04df-4337-860c-a4b51802be4b,15/09/2014,Sep-14,9,2014,THEEWATERSKLOOF,Major Dam,480188,27.56,486309,101.27
acf69c1a-98f9-494d-b581-6311d76249ac,16/09/2014,Sep-14,9,2014,THEEWATERSKLOOF,Major Dam,480188,27.48,482223,100.42
b43eeaa3-673c-4300-914f-e1fb46f4c249,17/09/2014,Sep-14,9,2014,THEEWATERSKLOOF,Major Dam,480188,27.48,482223,100.42
1dfcaa61-f3cc-4a32-932d-a14c0b360f9c,18/09/2014,Sep-14,9,2014,THEEWATERSKLOOF,Major Dam,480188,27.48,482223,100.42
6dcd21b6-c683-4290-8840-9265bda0ef63,19/09/2014,Sep-14,9,2014,THEEWATERSKLOOF,Major Dam,480188,27.61,488872,101.81
f9a0b949-0855-47e9-b62f-b520cf95ad8a,20/09/2014,Sep-14,9,2014,THEEWATERSKLOOF,Major Dam,480188,27.86,501803,104.5
31efc9ea-01a2-46c0-bee8-97661d2a59f6,21/09/2014,Sep-14,9,2014,THEEWATERSKLOOF,Major Dam,480188,27.63,489899,102.02
8e2cba8f-e007-451c-9b97-0a6f086b9af6,22/09/2014,Sep-14,9,2014,THEEWATERSKLOOF,Major Dam,480188,27.64,490413,102.13
412b2e7e-0082-4a43-a102-15acd0711fdd,23/09/2014,Sep-14,9,2014,THEEWATERSKLOOF,Major Dam,480188,27.62,489385,101.92
61cbc082-5a51-4f2d-9238-7d17245250c8,24/09/2014,Sep-14,9,2014,THEEWATERSKLOOF,Major Dam,480188,27.58,487333,101.49
71b79e36-f4e7-48af-99bf-1484ee45815f,25/09/2014,Sep-14,9,2014,THEEWATERSKLOOF,Major Dam,480188,27.58,487333,101.49
ac67176f-2d6c-4573-97d1-ed008c184b0b,26/09/2014,Sep-14,9,2014,THEEWATERSKLOOF,Major Dam,480188,27.55,485797,101.17
d9918741-7e25-4b9f-9716-797308fd01da,27/09/2014,Sep-14,9,2014,THEEWATERSKLOOF,Major Dam,480188,27.6,488358,101.7
22a64653-ae64-409c-a428-4a3167b8356b,28/09/2014,Sep-14,9,2014,THEEWATERSKLOOF,Major Dam,480188,27.6,488358,101.7
ec68a747-4db2-46b7-a880-6983d9a89217,29/09/2014,Sep-14,9,2014,THEEWATERSKLOOF,Major Dam,480188,27.6,488358,101.7
7308f54e-94b0-4198-9291-e10b1b08c241,30/09/2014,Sep-14,9,2014,THEEWATERSKLOOF,Major Dam,480188,27.55,485797,101.17
e425867c-2d91-44b5-b190-c3a778d3a6fc,01/10/2014,Oct-14,10,2014,THEEWATERSKLOOF,Major Dam,480188,27.56,486309,101.27
08319e50-2928-4611-8b77-fdbb7a6b2efa,02/10/2014,Oct-14,10,2014,THEEWATERSKLOOF,Major Dam,480188,27.55,485797,101.17
7a8a4414-4ad8-468d-9a1f-e853f32fc89e,03/10/2014,Oct-14,10,2014,THEEWATERSKLOOF,Major Dam,480188,27.54,485285,101.06
b3048e83-5efb-4b8b-9d36-102570bbc30d,04/10/2014,Oct-14,10,2014,THEEWATERSKLOOF,Major Dam,480188,27.54,485285,101.06
4904f794-fbbd-40c9-8ca1-19d561410e0b,05/10/2014,Oct-14,10,2014,THEEWATERSKLOOF,Major Dam,480188,27.53,484774,100.96
78e411e3-7e75-4295-a404-eadcf33e9050,06/10/2014,Oct-14,10,2014,THEEWATERSKLOOF,Major Dam,480188,27.53,484774,100.96
869d1b4d-4fb8-4089-9ed5-a363e72d97d2,07/10/2014,Oct-14,10,2014,THEEWATERSKLOOF,Major Dam,480188,27.53,484774,100.96
330bbf0d-516d-4273-8ea9-936911f26acb,08/10/2014,Oct-14,10,2014,THEEWATERSKLOOF,Major Dam,480188,27.52,484263,100.85
b65338c4-6655-4529-8de2-e6cca37c5262,09/10/2014,Oct-14,10,2014,THEEWATERSKLOOF,Major Dam,480188,27.52,484263,100.85
e5e6a5cb-b4aa-4940-bf74-c9b424785d43,10/10/2014,Oct-14,10,2014,THEEWATERSKLOOF,Major Dam,480188,27.5,483243,100.64
1c291f6e-4460-4136-8777-29f835b80702,11/10/2014,Oct-14,10,2014,THEEWATERSKLOOF,Major Dam,480188,27.48,482223,100.42
b6f10b30-5bd7-4d90-8aa5-e90a734b0fec,12/10/2014,Oct-14,10,2014,THEEWATERSKLOOF,Major Dam,480188,27.48,482223,100.42
6946440e-5fd0-49ac-916d-f7d8ede51c85,13/10/2014,Oct-14,10,2014,THEEWATERSKLOOF,Major Dam,480188,27.45,480697,100.11
976a4072-98ee-41fb-b57d-3914dbf0a17e,14/10/2014,Oct-14,10,2014,THEEWATERSKLOOF,Major Dam,480188,27.45,480697,100.11
4a217f72-57f7-4bdf-9d57-0ba247c1abd5,15/10/2014,Oct-14,10,2014,THEEWATERSKLOOF,Major Dam,480188,27.45,480697,100.11
32218c80-2550-4cfd-b5d3-02a762b7fa2b,16/10/2014,Oct-14,10,2014,THEEWATERSKLOOF,Major Dam,480188,27.44,480188,100
f4ac29f6-91f2-47db-be05-3577a3f6ce82,17/10/2014,Oct-14,10,2014,THEEWATERSKLOOF,Major Dam,480188,27.44,480188,100
32abc212-b56c-48b7-ab1a-9a1363914c64,18/10/2014,Oct-14,10,2014,THEEWATERSKLOOF,Major Dam,480188,27.43,479680,99.89
e4ddcd42-e833-4b26-8f6a-1a8e1afe039e,19/10/2014,Oct-14,10,2014,THEEWATERSKLOOF,Major Dam,480188,27.42,479172,99.79
3f69a0bd-cef3-4343-8d08-627f92c940e3,20/10/2014,Oct-14,10,2014,THEEWATERSKLOOF,Major Dam,480188,27.41,478665,99.68
1b367bdb-ec9b-4cd1-b528-853aaf6e6c9a,21/10/2014,Oct-14,10,2014,THEEWATERSKLOOF,Major Dam,480188,27.41,478665,99.68
eb9bc6e6-f6f7-4dd3-8cfe-1c39bda63fec,22/10/2014,Oct-14,10,2014,THEEWATERSKLOOF,Major Dam,480188,27.4,478158,99.58
6e1862f2-7183-4ae2-bfc1-67f8475dcc0c,23/10/2014,Oct-14,10,2014,THEEWATERSKLOOF,Major Dam,480188,27.4,478158,99.58
95e8c596-8682-49bc-ba1d-320705682f62,24/10/2014,Oct-14,10,2014,THEEWATERSKLOOF,Major Dam,480188,27.38,477145,99.37
4b687009-3c92-4f1e-ac00-04be64896206,25/10/2014,Oct-14,10,2014,THEEWATERSKLOOF,Major Dam,480188,27.36,476132,99.16
06d22bff-22c1-465f-bd7f-f0d5cbcd1d2a,26/10/2014,Oct-14,10,2014,THEEWATERSKLOOF,Major Dam,480188,27.34,475122,98.94
f6be9567-d05e-44c1-ac14-fd6db56c800e,27/10/2014,Oct-14,10,2014,THEEWATERSKLOOF,Major Dam,480188,27.3,473103,98.52
e89f6659-bdc8-4c97-b277-e21d668a6585,28/10/2014,Oct-14,10,2014,THEEWATERSKLOOF,Major Dam,480188,27.3,473103,98.52
8bfecf0f-8f1a-4b06-94f3-f70279ecfa30,29/10/2014,Oct-14,10,2014,THEEWATERSKLOOF,Major Dam,480188,27.29,472600,98.42
fc9f271b-6e8b-4628-8449-ab4cd7881eb8,30/10/2014,Oct-14,10,2014,THEEWATERSKLOOF,Major Dam,480188,27.29,472600,98.42
bacc8fda-ae76-4653-b7e3-53145c18c738,31/10/2014,Oct-14,10,2014,THEEWATERSKLOOF,Major Dam,480188,27.25,470588,98
416b6c13-1333-457c-a651-f46c9db4971b,01/11/2014,Nov-14,11,2014,THEEWATERSKLOOF,Major Dam,480188,27.23,469584,97.79
c685eb86-b0d8-42f4-944e-f1a4a650810b,02/11/2014,Nov-14,11,2014,THEEWATERSKLOOF,Major Dam,480188,27.2,468080,97.48
da6f93dd-bd1e-40e6-80f5-ab0a8c8aab83,03/11/2014,Nov-14,11,2014,THEEWATERSKLOOF,Major Dam,480188,27.2,468080,97.48
044b4c49-5c84-41cd-964b-e32200de78f2,04/11/2014,Nov-14,11,2014,THEEWATERSKLOOF,Major Dam,480188,27.2,468080,97.48
60d4646a-019e-4b48-bd81-eb26c659d909,05/11/2014,Nov-14,11,2014,THEEWATERSKLOOF,Major Dam,480188,27.12,464083,96.65
1d92bd10-2c07-4b67-8609-cc46c6d63e91,06/11/2014,Nov-14,11,2014,THEEWATERSKLOOF,Major Dam,480188,27.13,464582,96.75
29e97afc-8683-4aa4-ac5d-a4a66d93f92f,07/11/2014,Nov-14,11,2014,THEEWATERSKLOOF,Major Dam,480188,27.12,464083,96.65
d97c52ee-41dd-45c6-91bc-ba4461540b42,08/11/2014,Nov-14,11,2014,THEEWATERSKLOOF,Major Dam,480188,27.1,463087,96.44
c5d95620-60d7-4522-95c9-9dd1ecaf578a,09/11/2014,Nov-14,11,2014,THEEWATERSKLOOF,Major Dam,480188,27.08,462092,96.23
aadfe760-c3d5-468f-b1f9-5b17190ad105,10/11/2014,Nov-14,11,2014,THEEWATERSKLOOF,Major Dam,480188,27.05,460602,95.92
dd4cae84-c10d-45ad-a0b1-c1ca7dd3cf97,11/11/2014,Nov-14,11,2014,THEEWATERSKLOOF,Major Dam,480188,27.04,460106,95.82
6e8912b0-955b-4ac9-88c7-19b8e27aea32,12/11/2014,Nov-14,11,2014,THEEWATERSKLOOF,Major Dam,480188,27.04,460106,95.82
7ca9a3f5-b623-4687-834e-cbc021abb62c,13/11/2014,Nov-14,11,2014,THEEWATERSKLOOF,Major Dam,480188,27.04,460106,95.82
609356d9-2b43-488c-ac2d-5367e24d6911,14/11/2014,Nov-14,11,2014,THEEWATERSKLOOF,Major Dam,480188,27.02,459115,95.61
fbf69c22-21ec-4eed-8694-4b330e7f692a,15/11/2014,Nov-14,11,2014,THEEWATERSKLOOF,Major Dam,480188,27.05,460602,95.92
07a32f42-837c-4aa7-b988-34d7adeda8b2,16/11/2014,Nov-14,11,2014,THEEWATERSKLOOF,Major Dam,480188,27.06,461098,96.02
8d5b1ced-0ebe-4b9b-a20d-0fa5e090419f,17/11/2014,Nov-14,11,2014,THEEWATERSKLOOF,Major Dam,480188,27.05,460602,95.92
0068407c-db92-4c93-bfac-317d64b00891,18/11/2014,Nov-14,11,2014,THEEWATERSKLOOF,Major Dam,480188,27.05,460602,95.92
4fe54d79-6d52-405b-94f0-c0baa58b7e0f,19/11/2014,Nov-14,11,2014,THEEWATERSKLOOF,Major Dam,480188,27.04,460106,95.82
6f6f0634-4606-40e6-ba24-f2030599f93a,20/11/2014,Nov-14,11,2014,THEEWATERSKLOOF,Major Dam,480188,27.04,460106,95.82
c01bdf24-5c11-4bf9-9a65-c8dac3c9498d,21/11/2014,Nov-14,11,2014,THEEWATERSKLOOF,Major Dam,480188,27.03,459610,95.71
ac241d7c-afff-42ad-a359-b35470f99583,22/11/2014,Nov-14,11,2014,THEEWATERSKLOOF,Major Dam,480188,27.02,459115,95.61
90ca5b79-58e3-4bb5-89c7-2c6f1c9cfc1b,23/11/2014,Nov-14,11,2014,THEEWATERSKLOOF,Major Dam,480188,26.96,456148,94.99
495a8cba-2bd2-4018-8038-65262f791253,24/11/2014,Nov-14,11,2014,THEEWATERSKLOOF,Major Dam,480188,26.94,455162,94.79
857da2f4-0b8a-48cd-a485-428b31073298,25/11/2014,Nov-14,11,2014,THEEWATERSKLOOF,Major Dam,480188,26.92,454177,94.58
d55646c2-c876-4bec-946d-3740dad7e459,26/11/2014,Nov-14,11,2014,THEEWATERSKLOOF,Major Dam,480188,26.92,454177,94.58
31cd38bf-fe7a-4132-ab1b-d1e4c591847c,27/11/2014,Nov-14,11,2014,THEEWATERSKLOOF,Major Dam,480188,26.92,454177,94.58
234c40e0-1075-4c62-a6d3-88ad3bc202fc,28/11/2014,Nov-14,11,2014,THEEWATERSKLOOF,Major Dam,480188,26.92,454177,94.58
e78a5a4c-de5a-46db-9b57-135560f4a293,29/11/2014,Nov-14,11,2014,THEEWATERSKLOOF,Major Dam,480188,26.84,450250,93.77
36ff4bdb-b852-4ca7-b053-70e25b215d65,30/11/2014,Nov-14,11,2014,THEEWATERSKLOOF,Major Dam,480188,26.82,449271,93.56
f2870e27-4180-4c71-98ff-b124ffffd7c4,01/12/2014,Dec-14,12,2014,THEEWATERSKLOOF,Major Dam,480188,26.8,448294,93.36
04d27a7e-4029-4491-b4c6-aa40b6a86289,02/12/2014,Dec-14,12,2014,THEEWATERSKLOOF,Major Dam,480188,26.77,446830,93.05
0d891dad-a6c1-45c6-8e28-e924d6b0e425,03/12/2014,Dec-14,12,2014,THEEWATERSKLOOF,Major Dam,480188,26.75,445855,92.85
230d91b8-88d8-4a01-9844-970d0bd2ba8f,04/12/2014,Dec-14,12,2014,THEEWATERSKLOOF,Major Dam,480188,26.72,444396,92.55
bd9a4bf4-573d-429e-94e2-2853dec7cbc6,05/12/2014,Dec-14,12,2014,THEEWATERSKLOOF,Major Dam,480188,26.7,443425,92.34
7afe50e8-5a60-432b-b271-bcb1e8f30585,06/12/2014,Dec-14,12,2014,THEEWATERSKLOOF,Major Dam,480188,26.68,442454,92.14
83816415-1b31-459d-b60e-a8c1cc20a8f0,07/12/2014,Dec-14,12,2014,THEEWATERSKLOOF,Major Dam,480188,26.66,441485,91.94
a1e981a3-f55f-483b-8d60-a1e1a0184aa9,08/12/2014,Dec-14,12,2014,THEEWATERSKLOOF,Major Dam,480188,26.64,440518,91.74
40efb509-920b-4c9f-bd7e-82ec9b689abb,09/12/2014,Dec-14,12,2014,THEEWATERSKLOOF,Major Dam,480188,26.62,439551,91.54
47f2f054-d601-4bc7-8ead-2968fe6f4ed0,10/12/2014,Dec-14,12,2014,THEEWATERSKLOOF,Major Dam,480188,26.58,437622,91.14
2dbce21a-ec7e-4fd8-88c6-f786f37e5131,11/12/2014,Dec-14,12,2014,THEEWATERSKLOOF,Major Dam,480188,26.58,437622,91.14
f8ab5708-abb3-48fc-a575-c4fe5d95fd73,12/12/2014,Dec-14,12,2014,THEEWATERSKLOOF,Major Dam,480188,26.58,437622,91.14
e032c6e8-abc6-4ba7-af73-4e1bca0b2024,13/12/2014,Dec-14,12,2014,THEEWATERSKLOOF,Major Dam,480188,26.52,434738,90.53
ea91bbaa-92a7-415e-9a86-e75ca6bcd296,14/12/2014,Dec-14,12,2014,THEEWATERSKLOOF,Major Dam,480188,26.47,432342,90.04
908e47a2-db62-47f8-ac88-040d96d20847,15/12/2014,Dec-14,12,2014,THEEWATERSKLOOF,Major Dam,480188,26.45,431386,89.84
bfa551e6-4f14-4149-9125-03fbdf74fe61,16/12/2014,Dec-14,12,2014,THEEWATERSKLOOF,Major Dam,480188,26.43,430431,89.64
cf3bb636-3924-413c-82cc-3e83cb9df90d,17/12/2014,Dec-14,12,2014,THEEWATERSKLOOF,Major Dam,480188,26.4,429001,89.34
84989d08-49c1-4722-91bd-aad39dbf5401,18/12/2014,Dec-14,12,2014,THEEWATERSKLOOF,Major Dam,480188,26.35,426624,88.85
e2076f7f-4b01-4662-8093-9c21dbeac751,19/12/2014,Dec-14,12,2014,THEEWATERSKLOOF,Major Dam,480188,26.34,426150,88.75
853f65eb-a690-426a-9242-b5d6a8ccc38e,20/12/2014,Dec-14,12,2014,THEEWATERSKLOOF,Major Dam,480188,26.34,426150,88.75
eacd3b04-3f4a-4c76-996e-fa1acb36b584,21/12/2014,Dec-14,12,2014,THEEWATERSKLOOF,Major Dam,480188,26.3,424255,88.35
ad7382b0-86f6-4455-83d0-01c8ccb8291d,22/12/2014,Dec-14,12,2014,THEEWATERSKLOOF,Major Dam,480188,26.25,421893,87.86
8bdd6859-d5f6-41fc-ab52-ad334ca4fa8a,23/12/2014,Dec-14,12,2014,THEEWATERSKLOOF,Major Dam,480188,26.23,420950,87.66
f0bf1153-5a9e-4e8b-8839-b9487c4028e9,24/12/2014,Dec-14,12,2014,THEEWATERSKLOOF,Major Dam,480188,26.2,419539,87.37
049957e1-0bd0-4c12-9f69-8ded65b08468,25/12/2014,Dec-14,12,2014,THEEWATERSKLOOF,Major Dam,480188,26.16,417661,86.98
3b83b088-cfa6-4b4d-a294-062d26cb43fc,26/12/2014,Dec-14,12,2014,THEEWATERSKLOOF,Major Dam,480188,26.13,416256,86.69
b10f6a94-79e3-4783-afb2-072359e5e922,27/12/2014,Dec-14,12,2014,THEEWATERSKLOOF,Major Dam,480188,26.1,414853,86.39
b7cbc958-af8e-4a7d-8d94-dccff0536306,28/12/2014,Dec-14,12,2014,THEEWATERSKLOOF,Major Dam,480188,26.07,413453,86.1
635fef7c-5cb3-48f7-be0d-7463079ecb5a,29/12/2014,Dec-14,12,2014,THEEWATERSKLOOF,Major Dam,480188,26.05,412522,85.91
7880bd73-b580-4fb9-ab41-1bbfe8b910d6,30/12/2014,Dec-14,12,2014,THEEWATERSKLOOF,Major Dam,480188,26.03,411591,85.71
95b27ee6-a63f-4eaa-bc4d-b11409781ea3,31/12/2014,Dec-14,12,2014,THEEWATERSKLOOF,Major Dam,480188,26,410198,85.42
47f180ab-72c4-40eb-ab90-16f62a872c80,01/01/2015,Jan-15,1,2015,THEEWATERSKLOOF,Major Dam,480188,25.97,408807,85.13
a67814ab-1a96-4099-8a0e-b71324af2f2d,02/01/2015,Jan-15,1,2015,THEEWATERSKLOOF,Major Dam,480188,25.94,407419,84.85
e6074240-70da-43ac-b5d3-4f103bc41fd6,03/01/2015,Jan-15,1,2015,THEEWATERSKLOOF,Major Dam,480188,25.92,406495,84.65
f547a3ca-4ae8-4189-803f-67c55468a248,04/01/2015,Jan-15,1,2015,THEEWATERSKLOOF,Major Dam,480188,25.89,405112,84.37
f03b7986-8bb2-4afd-b59b-1b46b3920aeb,05/01/2015,Jan-15,1,2015,THEEWATERSKLOOF,Major Dam,480188,25.89,405112,84.37
25c4e036-8658-4d26-add4-e4d1f5c7ba99,06/01/2015,Jan-15,1,2015,THEEWATERSKLOOF,Major Dam,480188,25.84,402812,83.89
5c312c7f-0516-4df4-9798-61e9bf4cbe7e,07/01/2015,Jan-15,1,2015,THEEWATERSKLOOF,Major Dam,480188,25.81,401436,83.6
4a6d7549-a4b1-4f94-a48f-7fb93e586fc7,08/01/2015,Jan-15,1,2015,THEEWATERSKLOOF,Major Dam,480188,25.78,400063,83.31
62cd8665-e915-4040-b6b5-ca8c9ac08a32,09/01/2015,Jan-15,1,2015,THEEWATERSKLOOF,Major Dam,480188,25.74,398236,82.93
c00ab718-c419-405b-be21-3ca5d6bb062c,10/01/2015,Jan-15,1,2015,THEEWATERSKLOOF,Major Dam,480188,25.7,396414,82.55
891d49a5-0925-4ff8-adc1-915a365d1fb7,11/01/2015,Jan-15,1,2015,THEEWATERSKLOOF,Major Dam,480188,25.66,394596,82.18
fbf185be-bf3c-4f99-9789-2a6ff5af8082,12/01/2015,Jan-15,1,2015,THEEWATERSKLOOF,Major Dam,480188,25.65,394143,82.08
bd3a1b34-4704-4862-bbb4-c836a83a99e9,13/01/2015,Jan-15,1,2015,THEEWATERSKLOOF,Major Dam,480188,25.63,393236,81.89
e6e93805-9a23-415e-9ca4-cfd14f92cb0e,14/01/2015,Jan-15,1,2015,THEEWATERSKLOOF,Major Dam,480188,25.58,390976,81.42
f8a99bb3-7005-4222-8300-8709991ae16b,15/01/2015,Jan-15,1,2015,THEEWATERSKLOOF,Major Dam,480188,25.54,389173,81.05
c9744b2a-1891-4a59-a924-784b480a0284,16/01/2015,Jan-15,1,2015,THEEWATERSKLOOF,Major Dam,480188,25.52,388273,80.86
e5561c20-b2c7-4cbd-a2ef-a2fe850e9195,17/01/2015,Jan-15,1,2015,THEEWATERSKLOOF,Major Dam,480188,25.49,386926,80.58
8efaf392-3faa-48a2-b2c0-b84e181c3541,18/01/2015,Jan-15,1,2015,THEEWATERSKLOOF,Major Dam,480188,25.46,385582,80.3
d5350e58-8696-49ca-b3c2-e0b12d90f02b,19/01/2015,Jan-15,1,2015,THEEWATERSKLOOF,Major Dam,480188,25.43,384240,80.02
6dfe7c41-d7be-4d0d-bd91-2af3218ce0c7,20/01/2015,Jan-15,1,2015,THEEWATERSKLOOF,Major Dam,480188,25.4,382900,79.74
bad2af1f-6201-421f-bc82-78bd426eb528,21/01/2015,Jan-15,1,2015,THEEWATERSKLOOF,Major Dam,480188,25.38,382009,79.55
4026e299-0146-4aee-949a-c3d68804783b,22/01/2015,Jan-15,1,2015,THEEWATERSKLOOF,Major Dam,480188,25.35,380674,79.28
ecb77571-3763-454d-bbd4-7ee7218d3001,23/01/2015,Jan-15,1,2015,THEEWATERSKLOOF,Major Dam,480188,25.31,378899,78.91
ca093f93-1ef5-4e2c-bd50-bb6e3e47ca15,24/01/2015,Jan-15,1,2015,THEEWATERSKLOOF,Major Dam,480188,25.29,378013,78.72
2a7de773-2155-430f-b09d-9dc8dafa645d,25/01/2015,Jan-15,1,2015,THEEWATERSKLOOF,Major Dam,480188,25.27,377128,78.54
c7118b7e-de03-4f6e-8058-5aaa391744f6,26/01/2015,Jan-15,1,2015,THEEWATERSKLOOF,Major Dam,480188,25.25,376245,78.35
d59597cf-07e0-431b-9272-f5d71f27e73f,27/01/2015,Jan-15,1,2015,THEEWATERSKLOOF,Major Dam,480188,25.2,374041,77.89
5179dcca-6d46-4838-bbcc-4e21bc871522,28/01/2015,Jan-15,1,2015,THEEWATERSKLOOF,Major Dam,480188,25.15,371845,77.44
48caf72f-649d-4646-b354-0455ccda0037,29/01/2015,Jan-15,1,2015,THEEWATERSKLOOF,Major Dam,480188,25.12,370530,77.16
f1f0d2d9-edb0-4dd7-9e9b-667171bbc963,30/01/2015,Jan-15,1,2015,THEEWATERSKLOOF,Major Dam,480188,25.09,369219,76.89
0f0443e7-61fe-492e-a9fc-6c70f7674674,31/01/2015,Jan-15,1,2015,THEEWATERSKLOOF,Major Dam,480188,25.05,367474,76.53
ce18f188-ef08-4aa1-8479-755632d37654,01/02/2015,Feb-15,2,2015,THEEWATERSKLOOF,Major Dam,480188,25.02,366169,76.26
372ccbcc-d86b-471e-8810-5da537750d50,02/02/2015,Feb-15,2,2015,THEEWATERSKLOOF,Major Dam,480188,24.96,363566,75.71
9fe9d974-9d70-4e2d-9795-90ea27b8378f,03/02/2015,Feb-15,2,2015,THEEWATERSKLOOF,Major Dam,480188,24.94,362701,75.53
32d80382-a6e5-419b-8e90-c4f2ec817d4a,04/02/2015,Feb-15,2,2015,THEEWATERSKLOOF,Major Dam,480188,24.92,361837,75.35
4157d64b-a191-4ef3-8997-085b96f32591,05/02/2015,Feb-15,2,2015,THEEWATERSKLOOF,Major Dam,480188,24.9,360974,75.17
2fd26dcc-72ed-4525-8436-a141057381d9,06/02/2015,Feb-15,2,2015,THEEWATERSKLOOF,Major Dam,480188,24.87,359682,74.9
d1a39bea-a0f7-40a9-9361-8615b5295269,07/02/2015,Feb-15,2,2015,THEEWATERSKLOOF,Major Dam,480188,24.85,358822,74.73
4e5960dc-81a1-457e-96c1-9956d4cfcf0e,08/02/2015,Feb-15,2,2015,THEEWATERSKLOOF,Major Dam,480188,24.83,357963,74.55
f8d5db92-2ebe-4fcb-a516-74febac6ce07,09/02/2015,Feb-15,2,2015,THEEWATERSKLOOF,Major Dam,480188,24.81,357105,74.37
85682360-07bf-4244-bb38-3849177a22b4,10/02/2015,Feb-15,2,2015,THEEWATERSKLOOF,Major Dam,480188,24.8,356677,74.28
33384501-4c59-41dc-8228-98bbba698702,11/02/2015,Feb-15,2,2015,THEEWATERSKLOOF,Major Dam,480188,24.79,356249,74.19
4be4cc04-e1ef-468c-8e49-6836b668eb8d,12/02/2015,Feb-15,2,2015,THEEWATERSKLOOF,Major Dam,480188,24.75,354540,73.83
4ca421cf-6187-442f-b2c5-14918cec938b,13/02/2015,Feb-15,2,2015,THEEWATERSKLOOF,Major Dam,480188,24.73,353687,73.66
352d37ba-8b96-4d53-bde5-caff7f47c73a,14/02/2015,Feb-15,2,2015,THEEWATERSKLOOF,Major Dam,480188,24.71,352835,73.48
3f801246-5c09-42ad-b7c3-711f421071c5,15/02/2015,Feb-15,2,2015,THEEWATERSKLOOF,Major Dam,480188,24.7,352410,73.39
e039793d-f4c6-43e1-a310-03634fecea48,16/02/2015,Feb-15,2,2015,THEEWATERSKLOOF,Major Dam,480188,24.68,351560,73.21
3c177fbe-6348-4512-8578-2738a9a0c93e,17/02/2015,Feb-15,2,2015,THEEWATERSKLOOF,Major Dam,480188,24.66,350711,73.04
f774e2d7-f1d1-4161-8895-f1c302f438f1,18/02/2015,Feb-15,2,2015,THEEWATERSKLOOF,Major Dam,480188,24.64,349863,72.86
53aa9827-fa21-4c2f-95e3-ce1675cb0db8,19/02/2015,Feb-15,2,2015,THEEWATERSKLOOF,Major Dam,480188,24.6,348171,72.51
44402df5-f32d-4c55-b8dc-666e9f5faa4f,20/02/2015,Feb-15,2,2015,THEEWATERSKLOOF,Major Dam,480188,24.42,340617,70.93
a57ac5a7-fb61-404d-a2f8-2541bbac246c,21/02/2015,Feb-15,2,2015,THEEWATERSKLOOF,Major Dam,480188,24.3,335633,69.9
ff335923-f62c-4540-b065-f4cb8476122b,22/02/2015,Feb-15,2,2015,THEEWATERSKLOOF,Major Dam,480188,24.29,335220,69.81
a0959457-1d06-4edd-856c-47c84838b0b2,23/02/2015,Feb-15,2,2015,THEEWATERSKLOOF,Major Dam,480188,24.32,336461,70.07
03ecfacb-adf4-43fd-a3ac-e092cdd87684,24/02/2015,Feb-15,2,2015,THEEWATERSKLOOF,Major Dam,480188,24.26,333981,69.55
9e81e128-2dce-4160-b12e-1ffc593a9b60,25/02/2015,Feb-15,2,2015,THEEWATERSKLOOF,Major Dam,480188,24.27,334394,69.64
a1943ad6-6ee8-4894-855f-6f2a19e3ff45,26/02/2015,Feb-15,2,2015,THEEWATERSKLOOF,Major Dam,480188,24.21,331923,69.12
cc39730c-a896-47ab-85de-4bc17c4e4d2c,27/02/2015,Feb-15,2,2015,THEEWATERSKLOOF,Major Dam,480188,24.17,330282,68.78
db27aff5-c3cb-47d7-80ab-b3b8244f8006,28/02/2015,Feb-15,2,2015,THEEWATERSKLOOF,Major Dam,480188,24.14,329054,68.53
c3123a11-2f14-49c9-bff8-212c3f93b443,01/03/2015,Mar-15,3,2015,THEEWATERSKLOOF,Major Dam,480188,24.1,327421,68.19
c71e2599-2584-4707-95e7-7c47eb851fab,02/03/2015,Mar-15,3,2015,THEEWATERSKLOOF,Major Dam,480188,24.05,325386,67.76
a0f034a0-f6aa-4cba-94cb-d6b5218e44a9,03/03/2015,Mar-15,3,2015,THEEWATERSKLOOF,Major Dam,480188,24.02,324169,67.51
b51f574f-26f6-47fb-99cd-a5ac5946f41e,04/03/2015,Mar-15,3,2015,THEEWATERSKLOOF,Major Dam,480188,24,323359,67.34
eefd4bfb-3784-4562-ac7c-9d1318784987,05/03/2015,Mar-15,3,2015,THEEWATERSKLOOF,Major Dam,480188,23.95,321338,66.92
eb1aa83f-55a5-4219-b558-2232e30b58d4,06/03/2015,Mar-15,3,2015,THEEWATERSKLOOF,Major Dam,480188,23.93,320532,66.75
247239bb-1faa-4151-87c5-540ba6f23740,07/03/2015,Mar-15,3,2015,THEEWATERSKLOOF,Major Dam,480188,23.9,319323,66.5
5dede2db-2c60-4926-95a9-ccd78232452c,08/03/2015,Mar-15,3,2015,THEEWATERSKLOOF,Major Dam,480188,23.86,317715,66.16
30e097b0-e6fb-4192-8d1e-7f92c2ab6561,09/03/2015,Mar-15,3,2015,THEEWATERSKLOOF,Major Dam,480188,23.84,316913,66
bdda5f4c-7c28-48df-943f-bac8c6d1629b,10/03/2015,Mar-15,3,2015,THEEWATERSKLOOF,Major Dam,480188,23.84,316913,66
5a148a96-680f-456a-95a9-8d38cb19a988,11/03/2015,Mar-15,3,2015,THEEWATERSKLOOF,Major Dam,480188,23.78,314514,65.5
b6fec037-1828-421e-b766-8161d8f56653,12/03/2015,Mar-15,3,2015,THEEWATERSKLOOF,Major Dam,480188,23.74,312920,65.17
aa15c920-b58b-44af-96f2-44b9cd6b094c,13/03/2015,Mar-15,3,2015,THEEWATERSKLOOF,Major Dam,480188,23.69,310935,64.75
2c0db386-9d7d-4627-a2a7-fcaae4034326,14/03/2015,Mar-15,3,2015,THEEWATERSKLOOF,Major Dam,480188,23.65,309352,64.42
eb403c0f-d653-406b-bf1b-6f0d6e8a897a,15/03/2015,Mar-15,3,2015,THEEWATERSKLOOF,Major Dam,480188,23.63,308562,64.26
67872f45-651c-4523-87ac-914b991f2360,16/03/2015,Mar-15,3,2015,THEEWATERSKLOOF,Major Dam,480188,23.6,307380,64.01
475b1ee2-1143-4e62-875d-2820bae3ac5a,17/03/2015,Mar-15,3,2015,THEEWATERSKLOOF,Major Dam,480188,23.56,305808,63.69
f6427ec1-2a82-420d-aaa0-b579eb4303f3,18/03/2015,Mar-15,3,2015,THEEWATERSKLOOF,Major Dam,480188,23.54,305024,63.52
b706ed8f-2ab8-4fcd-b8fc-274ba9c2dc25,19/03/2015,Mar-15,3,2015,THEEWATERSKLOOF,Major Dam,480188,23.5,303460,63.2
a49157b5-463b-44c6-b1b6-38e6b6e2ceb8,20/03/2015,Mar-15,3,2015,THEEWATERSKLOOF,Major Dam,480188,23.45,301511,62.79
fb834397-1a93-4b5f-84ef-3848566b62f3,21/03/2015,Mar-15,3,2015,THEEWATERSKLOOF,Major Dam,480188,23.41,299957,62.47
3845f393-7c43-4877-b9c9-4c0c81885c09,22/03/2015,Mar-15,3,2015,THEEWATERSKLOOF,Major Dam,480188,23.4,299570,62.39
ef623dd6-b863-4a61-8692-6748a3b247b3,23/03/2015,Mar-15,3,2015,THEEWATERSKLOOF,Major Dam,480188,23.39,299183,62.31
d528726a-fe79-4c1c-b3b0-78c532a03097,24/03/2015,Mar-15,3,2015,THEEWATERSKLOOF,Major Dam,480188,23.35,297637,61.98
86494b0a-4592-4eed-aa90-8ba950835558,25/03/2015,Mar-15,3,2015,THEEWATERSKLOOF,Major Dam,480188,23.33,296866,61.82
50854355-8fbb-4b8d-abdb-63ded46b20a3,26/03/2015,Mar-15,3,2015,THEEWATERSKLOOF,Major Dam,480188,23.3,295711,61.58
fce520b1-3562-483d-b8da-1cb46fab9ae2,27/03/2015,Mar-15,3,2015,THEEWATERSKLOOF,Major Dam,480188,23.27,294560,61.34
a4747e6c-1cfb-40fa-9a43-0bd7680c9f55,28/03/2015,Mar-15,3,2015,THEEWATERSKLOOF,Major Dam,480188,23.24,293411,61.1
08561f86-3734-4862-96f0-70ed155d5deb,29/03/2015,Mar-15,3,2015,THEEWATERSKLOOF,Major Dam,480188,23.2,291884,60.79
e6a41191-de0f-4fa5-8c98-ec5e0a57bc34,30/03/2015,Mar-15,3,2015,THEEWATERSKLOOF,Major Dam,480188,23.17,290742,60.55
4acb6076-3012-45ef-9ab6-863c7a747583,31/03/2015,Mar-15,3,2015,THEEWATERSKLOOF,Major Dam,480188,23.14,289603,60.31
cd1e8914-f920-47dd-94af-da87b9469d9e,01/04/2015,Apr-15,4,2015,THEEWATERSKLOOF,Major Dam,480188,23.11,288467,60.07
0f3416cb-b376-4089-8733-eb6d7334b0f9,02/04/2015,Apr-15,4,2015,THEEWATERSKLOOF,Major Dam,480188,23.08,287333,59.84
4f864f70-fd1e-4dd5-8d37-22615023204d,03/04/2015,Apr-15,4,2015,THEEWATERSKLOOF,Major Dam,480188,23.04,285827,59.52
2588c149-acbc-4b99-a9b1-c72648cba961,04/04/2015,Apr-15,4,2015,THEEWATERSKLOOF,Major Dam,480188,23.01,284700,59.29
b48a927b-4ec1-4b17-8b48-1116ba6f9d8f,05/04/2015,Apr-15,4,2015,THEEWATERSKLOOF,Major Dam,480188,22.97,283203,58.98
4e2ab544-5660-455d-82ec-f69960c58ea6,06/04/2015,Apr-15,4,2015,THEEWATERSKLOOF,Major Dam,480188,22.94,282083,58.74
9b98c3ff-4c42-42d2-9f25-b891fbd67663,07/04/2015,Apr-15,4,2015,THEEWATERSKLOOF,Major Dam,480188,22.91,280966,58.51
13b8f179-3098-4c8f-90e8-8569aa6075fd,08/04/2015,Apr-15,4,2015,THEEWATERSKLOOF,Major Dam,480188,22.89,280223,58.36
e9ae39d3-b847-4c0f-a515-537fa6d6823d,09/04/2015,Apr-15,4,2015,THEEWATERSKLOOF,Major Dam,480188,22.86,279111,58.13
c324c6c2-57d9-4003-bb02-37d2ba3c1fee,10/04/2015,Apr-15,4,2015,THEEWATERSKLOOF,Major Dam,480188,22.82,277633,57.82
dbeb00f1-a44e-42f1-b97e-e4afdfaf7dd1,11/04/2015,Apr-15,4,2015,THEEWATERSKLOOF,Major Dam,480188,22.8,276896,57.66
057c5318-3bea-4855-bad8-080974c1c1d0,12/04/2015,Apr-15,4,2015,THEEWATERSKLOOF,Major Dam,480188,22.78,276161,57.51
f72c9b98-e82e-4c5e-8bb9-2c1914615f39,13/04/2015,Apr-15,4,2015,THEEWATERSKLOOF,Major Dam,480188,22.76,275426,57.36
dd26df77-3351-4e4e-8dcd-a6acc6ded513,14/04/2015,Apr-15,4,2015,THEEWATERSKLOOF,Major Dam,480188,22.74,274693,57.21
d204e819-7c6f-4211-9c84-c5b87682dcf0,15/04/2015,Apr-15,4,2015,THEEWATERSKLOOF,Major Dam,480188,22.72,273962,57.05
ab8f28e2-f7f3-49e4-a770-4b0de28ddd13,16/04/2015,Apr-15,4,2015,THEEWATERSKLOOF,Major Dam,480188,22.72,273962,57.05
cf8dfdb7-6155-4593-a062-1b625c483b7e,17/04/2015,Apr-15,4,2015,THEEWATERSKLOOF,Major Dam,480188,22.63,270686,56.37
ebaf2e58-9221-4073-a146-47b36de895df,18/04/2015,Apr-15,4,2015,THEEWATERSKLOOF,Major Dam,480188,22.63,270686,56.37
c19cf7c7-52f6-4df3-a9bd-e036153877ee,19/04/2015,Apr-15,4,2015,THEEWATERSKLOOF,Major Dam,480188,22.63,270686,56.37
1822f82e-a5ed-499f-92df-b909a43726c0,20/04/2015,Apr-15,4,2015,THEEWATERSKLOOF,Major Dam,480188,22.56,268157,55.84
10bd1b14-89c6-42fb-9185-49bbb8223fc7,21/04/2015,Apr-15,4,2015,THEEWATERSKLOOF,Major Dam,480188,22.54,267438,55.69
fdd919c3-2281-46a6-849e-55615c0492ca,22/04/2015,Apr-15,4,2015,THEEWATERSKLOOF,Major Dam,480188,22.52,266720,55.54
0cc1818a-2947-4b4b-918f-f0b5dd8214e3,23/04/2015,Apr-15,4,2015,THEEWATERSKLOOF,Major Dam,480188,22.49,265645,55.32
4081c728-1f68-4c16-ae8c-afdd007037f1,24/04/2015,Apr-15,4,2015,THEEWATERSKLOOF,Major Dam,480188,22.46,264574,55.1
f482f366-1c6e-46c6-b822-f3a84a081804,25/04/2015,Apr-15,4,2015,THEEWATERSKLOOF,Major Dam,480188,22.42,263150,54.8
4fa9abab-20db-476c-94cf-81af610f64ba,26/04/2015,Apr-15,4,2015,THEEWATERSKLOOF,Major Dam,480188,22.39,262086,54.58
20b7f128-7e01-4a12-93d5-c0d9077c2060,27/04/2015,Apr-15,4,2015,THEEWATERSKLOOF,Major Dam,480188,22.37,261378,54.43
67d1cc37-1409-4e1c-bce9-03b25e884cb4,28/04/2015,Apr-15,4,2015,THEEWATERSKLOOF,Major Dam,480188,22.35,260672,54.29
7be1b863-7139-4a5c-a3ff-06f190081329,29/04/2015,Apr-15,4,2015,THEEWATERSKLOOF,Major Dam,480188,22.32,259616,54.07
12116b77-061c-4b09-b0f8-2de6682dbc37,30/04/2015,Apr-15,4,2015,THEEWATERSKLOOF,Major Dam,480188,22.29,258562,53.85
627a0cda-c035-45a1-b33e-5727c8bdd7d4,01/05/2015,May-15,5,2015,THEEWATERSKLOOF,Major Dam,480188,22.25,257162,53.55
bc3bc78a-c8f5-43fd-8474-cac25f59cb91,02/05/2015,May-15,5,2015,THEEWATERSKLOOF,Major Dam,480188,22.23,256465,53.41
270feb4f-492b-4c7a-9587-fe78cc528b42,03/05/2015,May-15,5,2015,THEEWATERSKLOOF,Major Dam,480188,22.22,256116,53.34
b8b0ff7d-44f6-410f-9922-f41725e2b4a3,04/05/2015,May-15,5,2015,THEEWATERSKLOOF,Major Dam,480188,22.2,255421,53.19
36707661-1c5a-4db1-9884-f7d3456aa2ad,05/05/2015,May-15,5,2015,THEEWATERSKLOOF,Major Dam,480188,22.17,254380,52.98
31efc069-512b-4071-9e9e-df6ca841360a,06/05/2015,May-15,5,2015,THEEWATERSKLOOF,Major Dam,480188,22.15,253688,52.83
cbf72a44-6f34-4543-8060-211b9ffeb569,07/05/2015,May-15,5,2015,THEEWATERSKLOOF,Major Dam,480188,22.13,252998,52.69
1a950493-cf72-44cc-b35e-0941e35d34ec,08/05/2015,May-15,5,2015,THEEWATERSKLOOF,Major Dam,480188,22.11,252309,52.54
27fe617b-900d-4cf6-9350-b2fff156e23d,09/05/2015,May-15,5,2015,THEEWATERSKLOOF,Major Dam,480188,22.09,251621,52.4
4bafadc3-9e6e-4f12-acea-bd233f4c6188,10/05/2015,May-15,5,2015,THEEWATERSKLOOF,Major Dam,480188,22.07,250935,52.26
db56f1d4-600f-4afc-98b1-a46747bd565d,11/05/2015,May-15,5,2015,THEEWATERSKLOOF,Major Dam,480188,22.03,249567,51.97
5d0e1bce-12a6-4e8b-8651-a1eb6fd9ee24,12/05/2015,May-15,5,2015,THEEWATERSKLOOF,Major Dam,480188,22.01,248885,51.83
bdd0f352-fa7c-4426-9883-1c1c15655b72,13/05/2015,May-15,5,2015,THEEWATERSKLOOF,Major Dam,480188,21.98,247865,51.62
11ab9a52-d857-4052-b942-27c8b65a2999,14/05/2015,May-15,5,2015,THEEWATERSKLOOF,Major Dam,480188,21.95,246848,51.41
55555d1c-6f0a-43a2-93fa-f888aaf1ec04,15/05/2015,May-15,5,2015,THEEWATERSKLOOF,Major Dam,480188,21.94,246510,51.34
499f2c28-1ae7-4862-94a4-6a6dee635080,16/05/2015,May-15,5,2015,THEEWATERSKLOOF,Major Dam,480188,21.93,246174,51.27
af464bcb-1fc3-417b-a20e-22d64b65a656,17/05/2015,May-15,5,2015,THEEWATERSKLOOF,Major Dam,480188,21.91,245502,51.13
37f9a63a-54b3-42df-82bc-d2e118c8d6c2,18/05/2015,May-15,5,2015,THEEWATERSKLOOF,Major Dam,480188,21.89,244832,50.99
a11e4bb6-091d-4c62-9d5a-777c1bb41eda,19/05/2015,May-15,5,2015,THEEWATERSKLOOF,Major Dam,480188,21.87,244164,50.85
edcb0e8c-17c3-4947-b051-1153700d6855,20/05/2015,May-15,5,2015,THEEWATERSKLOOF,Major Dam,480188,21.85,243497,50.71
ec5e4186-ef39-43de-96f1-7875d0d94cb9,21/05/2015,May-15,5,2015,THEEWATERSKLOOF,Major Dam,480188,21.83,242831,50.57
dcf48224-5689-4608-b343-7d8fba84d5b3,22/05/2015,May-15,5,2015,THEEWATERSKLOOF,Major Dam,480188,21.8,241836,50.36
996744be-9339-4eb9-b7ab-7812b95ec47e,23/05/2015,May-15,5,2015,THEEWATERSKLOOF,Major Dam,480188,21.78,241174,50.22
c3385220-d61d-46fc-93d6-3e3fb22d8e0b,24/05/2015,May-15,5,2015,THEEWATERSKLOOF,Major Dam,480188,21.76,240513,50.09
0c4ed97b-bd5f-4685-8867-6f7ea850cb37,25/05/2015,May-15,5,2015,THEEWATERSKLOOF,Major Dam,480188,21.74,239854,49.95
e82a7fe6-f0aa-49b0-860e-f8d15be0dd38,26/05/2015,May-15,5,2015,THEEWATERSKLOOF,Major Dam,480188,21.72,239196,49.81
04082715-80b0-4cd9-b6ce-42f8ebcdd8c8,27/05/2015,May-15,5,2015,THEEWATERSKLOOF,Major Dam,480188,21.69,238213,49.61
d4288e2f-acf3-4635-b53d-65921c825a57,28/05/2015,May-15,5,2015,THEEWATERSKLOOF,Major Dam,480188,21.67,237558,49.47
35ea2014-988c-496d-8696-076799e42a99,29/05/2015,May-15,5,2015,THEEWATERSKLOOF,Major Dam,480188,21.65,236906,49.34
3f3a180f-41d1-427c-89cf-0a39b90ee6bb,30/05/2015,May-15,5,2015,THEEWATERSKLOOF,Major Dam,480188,21.63,236255,49.2
ac81cea0-7e39-4143-8542-da3cc2b18848,31/05/2015,May-15,5,2015,THEEWATERSKLOOF,Major Dam,480188,21.62,235929,49.13
3a7de954-ffdd-4e37-831d-b8f847faafa2,01/06/2015,Jun-15,6,2015,THEEWATERSKLOOF,Major Dam,480188,21.61,235605,49.07
7f1620a7-5749-47f0-a20a-847b77f52f65,02/06/2015,Jun-15,6,2015,THEEWATERSKLOOF,Major Dam,480188,21.64,236580,49.27
2a4b29dd-d11d-4b3f-bd92-0889b967cdab,03/06/2015,Jun-15,6,2015,THEEWATERSKLOOF,Major Dam,480188,21.83,242831,50.57
d28b6b4e-923d-4cbf-9a5a-4c2e824436e3,04/06/2015,Jun-15,6,2015,THEEWATERSKLOOF,Major Dam,480188,21.98,247865,51.62
85ba5d8f-91f8-4147-8152-f7cf3953c986,05/06/2015,Jun-15,6,2015,THEEWATERSKLOOF,Major Dam,480188,22.05,250250,52.12
a25e650e-04e4-4ffc-b014-622fc2421cb2,06/06/2015,Jun-15,6,2015,THEEWATERSKLOOF,Major Dam,480188,22.1,251965,52.47
a0ff1807-690b-4ddb-861d-e79b324e8993,07/06/2015,Jun-15,6,2015,THEEWATERSKLOOF,Major Dam,480188,22.1,251965,52.47
f1556db3-cfe8-4b7b-bfd6-3fe1ac83c8d4,08/06/2015,Jun-15,6,2015,THEEWATERSKLOOF,Major Dam,480188,22.09,251621,52.4
b9cec801-18b3-4720-9cc3-8528f514ec92,09/06/2015,Jun-15,6,2015,THEEWATERSKLOOF,Major Dam,480188,22.09,251621,52.4
d093c6cf-896f-4430-a61b-3157941383bb,10/06/2015,Jun-15,6,2015,THEEWATERSKLOOF,Major Dam,480188,22.08,251278,52.33
9cb41631-8af4-4723-8faa-c338c483a1b2,11/06/2015,Jun-15,6,2015,THEEWATERSKLOOF,Major Dam,480188,22.08,251278,52.33
c8bbc305-fd00-46ea-81de-db34275bda2e,12/06/2015,Jun-15,6,2015,THEEWATERSKLOOF,Major Dam,480188,22.07,250935,52.26
995af34b-d496-4fe2-a72e-24ad3d1fe588,13/06/2015,Jun-15,6,2015,THEEWATERSKLOOF,Major Dam,480188,22.07,250935,52.26
265a11cb-cc9c-4f72-8475-fac4d62e98fb,14/06/2015,Jun-15,6,2015,THEEWATERSKLOOF,Major Dam,480188,22.06,250592,52.19
442f893d-0a1c-4971-afe5-b5dd78827491,15/06/2015,Jun-15,6,2015,THEEWATERSKLOOF,Major Dam,480188,22.06,250592,52.19
96ab8d71-0091-4e75-a067-42a528e01c80,16/06/2015,Jun-15,6,2015,THEEWATERSKLOOF,Major Dam,480188,22.11,252309,52.54
bcec176e-9bf1-48d3-8684-edf2c577a6f0,17/06/2015,Jun-15,6,2015,THEEWATERSKLOOF,Major Dam,480188,22.14,253343,52.76
1812782d-6024-43e9-96fa-465cab758f9d,18/06/2015,Jun-15,6,2015,THEEWATERSKLOOF,Major Dam,480188,22.19,255074,53.12
3553a1d3-9b71-47b2-83ac-3caa538a07a6,19/06/2015,Jun-15,6,2015,THEEWATERSKLOOF,Major Dam,480188,22.2,255421,53.19
844fb7a1-1349-43c4-94cc-147041d8725c,20/06/2015,Jun-15,6,2015,THEEWATERSKLOOF,Major Dam,480188,22.2,255421,53.19
0bb72b37-3648-429b-8699-c5f93ea72aca,21/06/2015,Jun-15,6,2015,THEEWATERSKLOOF,Major Dam,480188,22.19,255074,53.12
99d47497-cd1a-4e87-99ca-c1ee5c563200,22/06/2015,Jun-15,6,2015,THEEWATERSKLOOF,Major Dam,480188,22.19,255074,53.12
9d742f4f-8e2d-443a-b3bd-5e03579d94e0,23/06/2015,Jun-15,6,2015,THEEWATERSKLOOF,Major Dam,480188,22.18,254727,53.05
3c0c62cd-1d68-4465-a81e-ea546f0917e1,24/06/2015,Jun-15,6,2015,THEEWATERSKLOOF,Major Dam,480188,22.18,254727,53.05
259b8534-f75b-48c4-8faa-12c25b011f4a,25/06/2015,Jun-15,6,2015,THEEWATERSKLOOF,Major Dam,480188,22.44,263861,54.95
344bb616-9eb9-4a4a-81ce-878935488942,26/06/2015,Jun-15,6,2015,THEEWATERSKLOOF,Major Dam,480188,22.5,266003,55.4
263d0faf-59fe-4ffd-8ff8-20100f261a17,27/06/2015,Jun-15,6,2015,THEEWATERSKLOOF,Major Dam,480188,22.5,266003,55.4
b2c7dc87-993b-43f8-9f07-09fb5bcfc136,28/06/2015,Jun-15,6,2015,THEEWATERSKLOOF,Major Dam,480188,22.52,266720,55.54
83d78172-8b0a-4d30-849f-fffe1b69086a,29/06/2015,Jun-15,6,2015,THEEWATERSKLOOF,Major Dam,480188,22.54,267438,55.69
e7d39744-e393-46bf-8f34-fad9aea2474e,30/06/2015,Jun-15,6,2015,THEEWATERSKLOOF,Major Dam,480188,22.54,267438,55.69
89cbb96f-b50a-4ec0-9f1e-d27ae24588fd,01/07/2015,Jul-15,7,2015,THEEWATERSKLOOF,Major Dam,480188,22.54,267438,55.69
773ae83a-bd6a-4557-b7a9-8938f9c31a50,02/07/2015,Jul-15,7,2015,THEEWATERSKLOOF,Major Dam,480188,22.53,267078,55.62
98e3f075-21c1-4111-8717-cf73c8183c64,03/07/2015,Jul-15,7,2015,THEEWATERSKLOOF,Major Dam,480188,22.53,267078,55.62
9530ae20-4746-43db-9d54-999a65d3855a,04/07/2015,Jul-15,7,2015,THEEWATERSKLOOF,Major Dam,480188,22.53,267078,55.62
4e9349ab-348b-4a40-bb25-bf50d383c6b9,05/07/2015,Jul-15,7,2015,THEEWATERSKLOOF,Major Dam,480188,22.52,266720,55.54
f7d6b6ac-bc77-42c9-89ca-15d6169cdabf,06/07/2015,Jul-15,7,2015,THEEWATERSKLOOF,Major Dam,480188,22.5,266003,55.4
be99d175-5863-41ed-8f0d-4e4907a17188,07/07/2015,Jul-15,7,2015,THEEWATERSKLOOF,Major Dam,480188,22.5,266003,55.4
034e44cd-714e-49f9-8f74-299abc8b7f78,08/07/2015,Jul-15,7,2015,THEEWATERSKLOOF,Major Dam,480188,22.5,266003,55.4
ed631075-f03b-4284-8e90-e761a61ddffb,09/07/2015,Jul-15,7,2015,THEEWATERSKLOOF,Major Dam,480188,22.49,265645,55.32
bca9e6ed-01a7-4f0c-9a33-e8454bd5b8e1,10/07/2015,Jul-15,7,2015,THEEWATERSKLOOF,Major Dam,480188,22.48,265288,55.25
8cc9fdc3-21fe-42fb-8712-e1125d2b48cb,11/07/2015,Jul-15,7,2015,THEEWATERSKLOOF,Major Dam,480188,22.48,265288,55.25
2a2fd724-26c7-4cf5-8ecc-eb4c49d60a3f,12/07/2015,Jul-15,7,2015,THEEWATERSKLOOF,Major Dam,480188,22.48,265288,55.25
9c562da2-c011-49e0-8ddc-7749e4f42d80,13/07/2015,Jul-15,7,2015,THEEWATERSKLOOF,Major Dam,480188,22.5,266003,55.4
710bf21f-907c-4034-baaf-d43a775fbc4a,14/07/2015,Jul-15,7,2015,THEEWATERSKLOOF,Major Dam,480188,22.5,266003,55.4
b74e09a4-561c-474a-8646-d50fb1df3f58,15/07/2015,Jul-15,7,2015,THEEWATERSKLOOF,Major Dam,480188,22.5,266003,55.4
ed345bf3-6e88-4eb2-b00d-3f00405d0bd5,16/07/2015,Jul-15,7,2015,THEEWATERSKLOOF,Major Dam,480188,22.49,265645,55.32
495532f3-e62d-4bd8-8865-393135b4714d,17/07/2015,Jul-15,7,2015,THEEWATERSKLOOF,Major Dam,480188,22.49,265645,55.32
5d180b4a-45df-4ebc-bc11-c15b5345fbfa,18/07/2015,Jul-15,7,2015,THEEWATERSKLOOF,Major Dam,480188,22.87,279482,58.2
0a3d4d9d-16e3-40f0-9935-5327d02d82cb,19/07/2015,Jul-15,7,2015,THEEWATERSKLOOF,Major Dam,480188,22.87,279482,58.2
18cdd5cb-9aa7-47a9-a6aa-aebb740ce015,20/07/2015,Jul-15,7,2015,THEEWATERSKLOOF,Major Dam,480188,23.05,286203,59.6
fc1f7d9f-9217-454f-9bb8-0b1071ca439e,21/07/2015,Jul-15,7,2015,THEEWATERSKLOOF,Major Dam,480188,23.09,287711,59.92
46c46b8b-e750-4fbd-9e05-fea897bc5635,22/07/2015,Jul-15,7,2015,THEEWATERSKLOOF,Major Dam,480188,23.12,288845,60.15
13862eb4-c081-4583-a347-7c87c2dc2354,23/07/2015,Jul-15,7,2015,THEEWATERSKLOOF,Major Dam,480188,23.24,293411,61.1
3cf383ba-33f8-4e6f-bb8e-930a34450ed7,24/07/2015,Jul-15,7,2015,THEEWATERSKLOOF,Major Dam,480188,23.4,299570,62.39
23e15247-c8dc-4d91-8762-062cd87aab29,25/07/2015,Jul-15,7,2015,THEEWATERSKLOOF,Major Dam,480188,23.54,305024,63.52
fc346a0c-77ae-43cd-8bac-26190851f518,26/07/2015,Jul-15,7,2015,THEEWATERSKLOOF,Major Dam,480188,23.65,309352,64.42
cfde3326-4014-4d11-a555-1e5a635c0c5a,27/07/2015,Jul-15,7,2015,THEEWATERSKLOOF,Major Dam,480188,23.65,309352,64.42
299d1c22-b1ff-480a-8061-d0bc30acf88c,28/07/2015,Jul-15,7,2015,THEEWATERSKLOOF,Major Dam,480188,23.7,311331,64.84
3f839dcb-197b-4e0b-a6d2-d590a22d6638,29/07/2015,Jul-15,7,2015,THEEWATERSKLOOF,Major Dam,480188,23.7,311331,64.84
786cd0e6-bf3e-4b55-967a-7860729ee05b,30/07/2015,Jul-15,7,2015,THEEWATERSKLOOF,Major Dam,480188,23.7,311331,64.84
9c731aba-4006-46b0-a054-92cb04afe116,31/07/2015,Jul-15,7,2015,THEEWATERSKLOOF,Major Dam,480188,24.03,324574,67.59
ceae7aee-8560-4d6e-bb1c-67af4f3ece3a,01/08/2015,Aug-15,8,2015,THEEWATERSKLOOF,Major Dam,480188,24.09,327013,68.1
9b13076b-1ad3-4ebc-a749-a99d7e3b3b9b,02/08/2015,Aug-15,8,2015,THEEWATERSKLOOF,Major Dam,480188,24.11,327829,68.27
99cb80fa-7151-415f-9b8d-79f86e0438ff,03/08/2015,Aug-15,8,2015,THEEWATERSKLOOF,Major Dam,480188,24.14,329054,68.53
d8313f8b-73cb-4cf8-a63a-ef3eb0da01da,04/08/2015,Aug-15,8,2015,THEEWATERSKLOOF,Major Dam,480188,24.14,329054,68.53
e6634884-7556-4edc-901e-be2d3d4c1711,05/08/2015,Aug-15,8,2015,THEEWATERSKLOOF,Major Dam,480188,24.4,339783,70.76
9b75db13-6998-4308-aa8d-6b597697e1f9,06/08/2015,Aug-15,8,2015,THEEWATERSKLOOF,Major Dam,480188,24.4,339783,70.76
3db41d65-1e41-48e5-b181-680a46cbd32c,07/08/2015,Aug-15,8,2015,THEEWATERSKLOOF,Major Dam,480188,24.43,341034,71.02
cd0db5a4-79ad-47a5-b4f5-860e0debe865,08/08/2015,Aug-15,8,2015,THEEWATERSKLOOF,Major Dam,480188,24.45,341869,71.19
ea7b1edd-c9ed-44ad-8eb0-0a54dc38b64a,09/08/2015,Aug-15,8,2015,THEEWATERSKLOOF,Major Dam,480188,24.47,342706,71.37
3cc8b316-32cf-48cc-86b6-a586965dcc24,10/08/2015,Aug-15,8,2015,THEEWATERSKLOOF,Major Dam,480188,24.47,342706,71.37
b7e7471a-4a32-4752-91d5-c49ed60a2598,11/08/2015,Aug-15,8,2015,THEEWATERSKLOOF,Major Dam,480188,24.47,342706,71.37
a2469488-bc0d-498e-b896-5f15878187c0,12/08/2015,Aug-15,8,2015,THEEWATERSKLOOF,Major Dam,480188,24.47,342706,71.37
b2fca74a-3029-4e0d-9cf1-22627fd8919d,13/08/2015,Aug-15,8,2015,THEEWATERSKLOOF,Major Dam,480188,24.47,342706,71.37
524c40a7-f4a4-445b-9592-d9f78caece86,14/08/2015,Aug-15,8,2015,THEEWATERSKLOOF,Major Dam,480188,24.53,345222,71.89
581ac8f6-7c1d-43cb-823a-3f63da65a9cb,15/08/2015,Aug-15,8,2015,THEEWATERSKLOOF,Major Dam,480188,24.53,345222,71.89
70ab52c5-7eda-4d7d-a2fc-130ac2f169f9,16/08/2015,Aug-15,8,2015,THEEWATERSKLOOF,Major Dam,480188,24.57,346906,72.24
d16c0508-8e08-42dc-bc21-64e2aa0af445,17/08/2015,Aug-15,8,2015,THEEWATERSKLOOF,Major Dam,480188,24.59,347749,72.42
c72a466f-a423-4d69-b4e6-f32385ddbe5d,18/08/2015,Aug-15,8,2015,THEEWATERSKLOOF,Major Dam,480188,24.6,348171,72.51
aa8195c1-c50b-496e-9bba-2d994164a7da,19/08/2015,Aug-15,8,2015,THEEWATERSKLOOF,Major Dam,480188,24.62,349017,72.68
9fa9b3d8-2381-4a7b-8ebb-e756faca02a1,20/08/2015,Aug-15,8,2015,THEEWATERSKLOOF,Major Dam,480188,24.64,349863,72.86
bc6e3200-601a-489d-9d33-c376f7ea62f0,21/08/2015,Aug-15,8,2015,THEEWATERSKLOOF,Major Dam,480188,24.65,350287,72.95
7cf8b832-6936-45ab-ac9c-30b93091c41f,22/08/2015,Aug-15,8,2015,THEEWATERSKLOOF,Major Dam,480188,24.65,350287,72.95
1f7d1e10-347c-4ab2-a11d-298c98707e4a,23/08/2015,Aug-15,8,2015,THEEWATERSKLOOF,Major Dam,480188,24.65,350287,72.95
976220c2-d95d-45c7-91ef-96b6ab28d373,24/08/2015,Aug-15,8,2015,THEEWATERSKLOOF,Major Dam,480188,24.64,349863,72.86
055aae5a-acce-4bcf-b241-1dd5461b56e8,25/08/2015,Aug-15,8,2015,THEEWATERSKLOOF,Major Dam,480188,24.64,349863,72.86
544844a1-0f82-440b-a66a-9c1ca4f90a4f,26/08/2015,Aug-15,8,2015,THEEWATERSKLOOF,Major Dam,480188,24.67,351135,73.12
cf22c3f3-d354-4e48-b2de-b9e377ae67b4,27/08/2015,Aug-15,8,2015,THEEWATERSKLOOF,Major Dam,480188,24.67,351135,73.12
9b2e5cc0-2ce8-4e12-8136-630dd3930d79,28/08/2015,Aug-15,8,2015,THEEWATERSKLOOF,Major Dam,480188,24.67,351135,73.12
963ff10f-9aab-43b0-8248-61b7f966bb24,29/08/2015,Aug-15,8,2015,THEEWATERSKLOOF,Major Dam,480188,24.68,351560,73.21
43258c51-68f7-4945-9ac3-f3172c7a474c,30/08/2015,Aug-15,8,2015,THEEWATERSKLOOF,Major Dam,480188,24.68,351560,73.21
cb4fe0e6-13e0-4cca-9ec6-b5bb5c52b2a7,31/08/2015,Aug-15,8,2015,THEEWATERSKLOOF,Major Dam,480188,24.72,353261,73.57
5ccac108-71f6-47d9-a281-97b816bcb9e6,01/09/2015,Sep-15,9,2015,THEEWATERSKLOOF,Major Dam,480188,24.84,358392,74.64
a8954de7-568d-4d2c-9ccf-57e1dbc2dab4,02/09/2015,Sep-15,9,2015,THEEWATERSKLOOF,Major Dam,480188,24.9,360974,75.17
a80d4a13-edad-4622-8214-ed115d1d7ad6,03/09/2015,Sep-15,9,2015,THEEWATERSKLOOF,Major Dam,480188,24.93,362269,75.44
cc644039-e3ae-42cc-99fe-65043359308f,04/09/2015,Sep-15,9,2015,THEEWATERSKLOOF,Major Dam,480188,24.93,362269,75.44
49644de9-1c49-4656-8fc8-fc5c24e6b8d0,05/09/2015,Sep-15,9,2015,THEEWATERSKLOOF,Major Dam,480188,24.93,362269,75.44
7f388607-e6ca-4804-a3a9-3d065d90e25d,06/09/2015,Sep-15,9,2015,THEEWATERSKLOOF,Major Dam,480188,24.93,362269,75.44
a91a52ae-8503-4c5b-89c0-c8633e9cba64,07/09/2015,Sep-15,9,2015,THEEWATERSKLOOF,Major Dam,480188,24.9,360974,75.17
ef0fa489-122a-4b99-8bff-addd2c689a5b,08/09/2015,Sep-15,9,2015,THEEWATERSKLOOF,Major Dam,480188,24.95,363134,75.62
c9725679-4976-4909-9b09-6aa5771fdf0c,09/09/2015,Sep-15,9,2015,THEEWATERSKLOOF,Major Dam,480188,24.96,363566,75.71
ce74397a-36d8-46de-95a2-6d658ac79794,10/09/2015,Sep-15,9,2015,THEEWATERSKLOOF,Major Dam,480188,24.96,363566,75.71
10dd102f-8a3a-41ef-ac5f-ee2923d82c4f,11/09/2015,Sep-15,9,2015,THEEWATERSKLOOF,Major Dam,480188,24.97,363999,75.8
fbacab71-049a-42f9-b95f-ffc7779f0ad4,12/09/2015,Sep-15,9,2015,THEEWATERSKLOOF,Major Dam,480188,25,365300,76.07
91d6362c-62d6-4241-862a-edb172bd4daa,13/09/2015,Sep-15,9,2015,THEEWATERSKLOOF,Major Dam,480188,25,365300,76.07
159fd350-b5d5-4515-9193-ed95a35e406c,14/09/2015,Sep-15,9,2015,THEEWATERSKLOOF,Major Dam,480188,24.98,364433,75.89
709a9f16-9676-4e04-a52e-9ea4be55e4ea,15/09/2015,Sep-15,9,2015,THEEWATERSKLOOF,Major Dam,480188,25,365300,76.07
33c6e8f7-dfe2-4773-96f9-fd39e3c7d14a,16/09/2015,Sep-15,9,2015,THEEWATERSKLOOF,Major Dam,480188,25,365300,76.07
45c87929-c548-40ce-9db9-5ef2bb865056,17/09/2015,Sep-15,9,2015,THEEWATERSKLOOF,Major Dam,480188,25,365300,76.07
325d8674-dbf4-43d5-af3e-326c5df514f0,18/09/2015,Sep-15,9,2015,THEEWATERSKLOOF,Major Dam,480188,25.01,365735,76.16
76c4817b-d1a9-4b80-b675-364bc0116888,19/09/2015,Sep-15,9,2015,THEEWATERSKLOOF,Major Dam,480188,25,365300,76.07
eb40eaf5-652c-4f6b-a950-16490867ca6e,20/09/2015,Sep-15,9,2015,THEEWATERSKLOOF,Major Dam,480188,25,365300,76.07
d4dc2f67-9af8-44c0-961f-9cef20fcee52,21/09/2015,Sep-15,9,2015,THEEWATERSKLOOF,Major Dam,480188,25,365300,76.07
1e193da8-3a5b-40d2-ab0b-a2c63809751c,22/09/2015,Sep-15,9,2015,THEEWATERSKLOOF,Major Dam,480188,25,365300,76.07
05f39575-820b-4555-9af6-bfe6461754ab,23/09/2015,Sep-15,9,2015,THEEWATERSKLOOF,Major Dam,480188,25,365300,76.07
55bb33fd-fcfc-4cc0-aab9-2358f3e7ff18,24/09/2015,Sep-15,9,2015,THEEWATERSKLOOF,Major Dam,480188,25,365300,76.07
b7374a4f-d6a2-4d61-8b43-32d7c8d2e6b4,25/09/2015,Sep-15,9,2015,THEEWATERSKLOOF,Major Dam,480188,24.99,364866,75.98
0db8daf9-f1a0-4cf0-9dcf-523335754e7c,26/09/2015,Sep-15,9,2015,THEEWATERSKLOOF,Major Dam,480188,24.99,364866,75.98
523885a0-15a4-41e8-b03b-570ca3d0c67c,27/09/2015,Sep-15,9,2015,THEEWATERSKLOOF,Major Dam,480188,24.99,364866,75.98
d637d3f4-201d-4417-a46a-857dd5b4e65a,28/09/2015,Sep-15,9,2015,THEEWATERSKLOOF,Major Dam,480188,25,365300,76.07
1ac4c7c5-23e6-4bec-a599-907d1f633580,29/09/2015,Sep-15,9,2015,THEEWATERSKLOOF,Major Dam,480188,25,365300,76.07
a338f9f0-bd44-4837-b5d2-54c082bc5896,30/09/2015,Sep-15,9,2015,THEEWATERSKLOOF,Major Dam,480188,25.05,367474,76.53
636aad41-89fe-4237-8721-1867430f44a3,01/10/2015,Oct-15,10,2015,THEEWATERSKLOOF,Major Dam,480188,25.08,368782,76.8
1233be28-4468-4e54-a201-ef33da8f3f15,02/10/2015,Oct-15,10,2015,THEEWATERSKLOOF,Major Dam,480188,25.08,368782,76.8
c3f57c39-91bb-4ff1-a31f-b8c01eba6be8,03/10/2015,Oct-15,10,2015,THEEWATERSKLOOF,Major Dam,480188,25.08,368782,76.8
00aa41a9-3cbf-4a58-9f4f-6909dbfbda2e,04/10/2015,Oct-15,10,2015,THEEWATERSKLOOF,Major Dam,480188,25.05,367474,76.53
91efa060-c6b2-482e-9b9b-1ca0cce7ce9d,05/10/2015,Oct-15,10,2015,THEEWATERSKLOOF,Major Dam,480188,25.05,367474,76.53
f6a25ea7-c065-4659-8ad6-704428cbc3aa,06/10/2015,Oct-15,10,2015,THEEWATERSKLOOF,Major Dam,480188,25.1,369656,76.98
c1ab179a-1664-4ea9-955a-151e5c5b4023,07/10/2015,Oct-15,10,2015,THEEWATERSKLOOF,Major Dam,480188,25.1,369656,76.98
b36203e4-7edc-4f23-8eb6-f7fd90829098,08/10/2015,Oct-15,10,2015,THEEWATERSKLOOF,Major Dam,480188,25.09,369219,76.89
b4b7b1f0-f65c-40f6-9675-ed75abaec7a9,09/10/2015,Oct-15,10,2015,THEEWATERSKLOOF,Major Dam,480188,25.08,368782,76.8
65791441-5047-4f43-a8ee-018fb3796e2c,10/10/2015,Oct-15,10,2015,THEEWATERSKLOOF,Major Dam,480188,25.08,368782,76.8
f18fbd82-65ff-4680-b7b3-d22415c03a76,11/10/2015,Oct-15,10,2015,THEEWATERSKLOOF,Major Dam,480188,25.06,367910,76.62
f0bdbe6f-84e6-446f-8704-9d6063a9b688,12/10/2015,Oct-15,10,2015,THEEWATERSKLOOF,Major Dam,480188,25.05,367474,76.53
ff68632c-00a8-455c-8b0d-88b5dd381fdb,13/10/2015,Oct-15,10,2015,THEEWATERSKLOOF,Major Dam,480188,25.05,367474,76.53
85ffdf71-aa98-4753-bfdc-f6ebc5eb1306,14/10/2015,Oct-15,10,2015,THEEWATERSKLOOF,Major Dam,480188,25.05,367474,76.53
472433dd-aca7-4f81-b0f7-48603ecfb9a4,15/10/2015,Oct-15,10,2015,THEEWATERSKLOOF,Major Dam,480188,25.08,368782,76.8
94b440ad-9b07-454a-bd24-67e09bda140d,16/10/2015,Oct-15,10,2015,THEEWATERSKLOOF,Major Dam,480188,25.04,367039,76.44
884e22d6-a430-4479-a7d0-db1c483f35e7,17/10/2015,Oct-15,10,2015,THEEWATERSKLOOF,Major Dam,480188,25.03,366604,76.35
c5349e98-66e8-4f11-b880-9278c9464055,18/10/2015,Oct-15,10,2015,THEEWATERSKLOOF,Major Dam,480188,25.02,366169,76.26
aa83c74b-f91e-4da2-b97e-eba2c89e2290,19/10/2015,Oct-15,10,2015,THEEWATERSKLOOF,Major Dam,480188,25,365300,76.07
194b9620-e24a-479d-9e8f-7b7bede1cdb0,20/10/2015,Oct-15,10,2015,THEEWATERSKLOOF,Major Dam,480188,24.98,364433,75.89
88fa962e-df6b-483e-813a-ed814bbdaf0e,21/10/2015,Oct-15,10,2015,THEEWATERSKLOOF,Major Dam,480188,24.96,363566,75.71
a89fb43d-e081-4f1f-8c6d-c4c524aac5bb,22/10/2015,Oct-15,10,2015,THEEWATERSKLOOF,Major Dam,480188,24.94,362701,75.53
a332620c-83e9-4985-b509-08909fd81712,23/10/2015,Oct-15,10,2015,THEEWATERSKLOOF,Major Dam,480188,24.94,362701,75.53
e87937ae-63f0-48ef-922c-985091d3ab33,24/10/2015,Oct-15,10,2015,THEEWATERSKLOOF,Major Dam,480188,24.93,362269,75.44
a8dc5130-88d0-4c9b-8509-9ae41ca23e28,25/10/2015,Oct-15,10,2015,THEEWATERSKLOOF,Major Dam,480188,24.93,362269,75.44
af448458-3844-4fbb-b32a-d37bd9591f37,26/10/2015,Oct-15,10,2015,THEEWATERSKLOOF,Major Dam,480188,24.9,360974,75.17
d715817f-12ae-4a7c-8735-d34fc9fd877b,27/10/2015,Oct-15,10,2015,THEEWATERSKLOOF,Major Dam,480188,24.87,359682,74.9
ceb1c3d4-405f-4c66-8d72-93e72405eee5,28/10/2015,Oct-15,10,2015,THEEWATERSKLOOF,Major Dam,480188,24.85,358822,74.73
858ae794-f7be-4e99-bab5-2523a72efc1c,29/10/2015,Oct-15,10,2015,THEEWATERSKLOOF,Major Dam,480188,24.85,358822,74.73
9f0fbf61-3e27-4c09-a296-52733fb0c1e9,30/10/2015,Oct-15,10,2015,THEEWATERSKLOOF,Major Dam,480188,24.83,357963,74.55
66660c44-b17f-40ce-bd8c-6b258568fbe9,31/10/2015,Oct-15,10,2015,THEEWATERSKLOOF,Major Dam,480188,24.81,357105,74.37
6ae43471-a930-49c4-9241-bb4c60359176,01/11/2015,Nov-15,11,2015,THEEWATERSKLOOF,Major Dam,480188,24.81,357105,74.37
8cbb49a3-06f0-4c0e-b513-9266b3ccf1fc,02/11/2015,Nov-15,11,2015,THEEWATERSKLOOF,Major Dam,480188,24.8,356677,74.28
49026c22-8e2f-40af-81c3-30fd56b1898d,03/11/2015,Nov-15,11,2015,THEEWATERSKLOOF,Major Dam,480188,24.78,355821,74.1
f49c657b-7090-4dd0-8093-7cf3320a2056,04/11/2015,Nov-15,11,2015,THEEWATERSKLOOF,Major Dam,480188,24.74,354113,73.74
c45a2e61-1ddd-42fe-954f-c4087b4bd3c8,05/11/2015,Nov-15,11,2015,THEEWATERSKLOOF,Major Dam,480188,24.72,353261,73.57
038031d3-7f2b-4d88-abbb-4ba66266d637,06/11/2015,Nov-15,11,2015,THEEWATERSKLOOF,Major Dam,480188,24.71,352835,73.48
19bd96e6-325a-4f69-bc36-293e67643e08,07/11/2015,Nov-15,11,2015,THEEWATERSKLOOF,Major Dam,480188,24.66,350711,73.04
e3bb0d38-72b7-407f-8452-16747c0551e9,08/11/2015,Nov-15,11,2015,THEEWATERSKLOOF,Major Dam,480188,24.65,350287,72.95
5d62d530-32b6-44d3-934d-f79f7ade26f4,09/11/2015,Nov-15,11,2015,THEEWATERSKLOOF,Major Dam,480188,24.64,349863,72.86
dcdd9bf5-cc2d-4111-be12-9fd6b2759a51,10/11/2015,Nov-15,11,2015,THEEWATERSKLOOF,Major Dam,480188,24.62,349017,72.68
f589e904-a9de-4e02-a514-cc4dd3316292,11/11/2015,Nov-15,11,2015,THEEWATERSKLOOF,Major Dam,480188,24.59,347749,72.42
1a155225-f053-43a4-9bce-40442145badc,12/11/2015,Nov-15,11,2015,THEEWATERSKLOOF,Major Dam,480188,24.54,345643,71.98
1ed8f959-e14d-4394-93ea-f91d66bfdc51,13/11/2015,Nov-15,11,2015,THEEWATERSKLOOF,Major Dam,480188,24.5,343963,71.63
bd7e7f20-726e-4e37-87c8-109ca18436e7,14/11/2015,Nov-15,11,2015,THEEWATERSKLOOF,Major Dam,480188,24.49,343543,71.54
b8a31280-492a-4ca9-bc92-83a7639ee933,15/11/2015,Nov-15,11,2015,THEEWATERSKLOOF,Major Dam,480188,24.46,342287,71.28
789a1618-b367-4a51-8bc6-563f76fb6202,16/11/2015,Nov-15,11,2015,THEEWATERSKLOOF,Major Dam,480188,24.45,341869,71.19
d433a8fd-8208-4d15-b46a-d4ad45424951,17/11/2015,Nov-15,11,2015,THEEWATERSKLOOF,Major Dam,480188,24.43,341034,71.02
3f92bce0-5512-40ba-9c0c-2fdc7cd01686,18/11/2015,Nov-15,11,2015,THEEWATERSKLOOF,Major Dam,480188,24.39,339367,70.67
648a1e1a-a9f8-4d65-83a9-2a5ce3591726,19/11/2015,Nov-15,11,2015,THEEWATERSKLOOF,Major Dam,480188,24.35,337705,70.33
af900db3-558f-43c2-8477-6633c2722ed8,20/11/2015,Nov-15,11,2015,THEEWATERSKLOOF,Major Dam,480188,24.23,332746,69.29
034eaedb-5837-4ef3-b6c6-5d711b3cafa7,21/11/2015,Nov-15,11,2015,THEEWATERSKLOOF,Major Dam,480188,24.29,335220,69.81
c1e101e9-1fb2-46ef-9078-732f86c0596c,22/11/2015,Nov-15,11,2015,THEEWATERSKLOOF,Major Dam,480188,24.27,334394,69.64
60fcc8d2-a097-4d3e-9b95-04a1916ee7a0,23/11/2015,Nov-15,11,2015,THEEWATERSKLOOF,Major Dam,480188,24.26,333981,69.55
ed64b735-7f4e-4e63-b945-d9caf979eaa2,24/11/2015,Nov-15,11,2015,THEEWATERSKLOOF,Major Dam,480188,24.24,333157,69.38
f411617c-95c9-4773-816b-8b3c508233d8,25/11/2015,Nov-15,11,2015,THEEWATERSKLOOF,Major Dam,480188,24.22,332334,69.21
75d096e5-b083-4690-81a7-a71c3dd9801a,26/11/2015,Nov-15,11,2015,THEEWATERSKLOOF,Major Dam,480188,24.2,331512,69.04
2ff320c3-2e16-4738-aad1-545a19700309,27/11/2015,Nov-15,11,2015,THEEWATERSKLOOF,Major Dam,480188,24.18,330692,68.87
6eb0e731-15e9-43c2-9abc-bb5918507d52,28/11/2015,Nov-15,11,2015,THEEWATERSKLOOF,Major Dam,480188,24.14,329054,68.53
06438e8f-18a6-41fc-87e8-9de987cc5582,29/11/2015,Nov-15,11,2015,THEEWATERSKLOOF,Major Dam,480188,24.12,328237,68.36
ecaf7a6f-ca2e-4e42-9b81-d3c3c4dcda85,30/11/2015,Nov-15,11,2015,THEEWATERSKLOOF,Major Dam,480188,24.1,327421,68.19
0edac259-f3c3-47de-9c18-7a5c452dbecf,01/12/2015,Dec-15,12,2015,THEEWATERSKLOOF,Major Dam,480188,24.06,325792,67.85
d9d55728-1fda-4cca-be8c-a5a46baa1e12,02/12/2015,Dec-15,12,2015,THEEWATERSKLOOF,Major Dam,480188,24.04,324980,67.68
75bc8676-e0b2-462a-9c89-41dc415121a0,03/12/2015,Dec-15,12,2015,THEEWATERSKLOOF,Major Dam,480188,24.02,324169,67.51
c4caf615-6503-4307-9b2c-68f52ccd55ab,04/12/2015,Dec-15,12,2015,THEEWATERSKLOOF,Major Dam,480188,23.97,322146,67.09
11ee29b1-05f2-4720-b914-d54776878a88,05/12/2015,Dec-15,12,2015,THEEWATERSKLOOF,Major Dam,480188,23.94,320935,66.84
e49dfa9f-a4d6-4155-a35b-b1916cb83d68,06/12/2015,Dec-15,12,2015,THEEWATERSKLOOF,Major Dam,480188,23.92,320128,66.67
f8d869e5-cae5-4fef-825a-51fd13c3d168,07/12/2015,Dec-15,12,2015,THEEWATERSKLOOF,Major Dam,480188,23.9,319323,66.5
4c0bc820-b335-449b-8406-8827dfaa1829,08/12/2015,Dec-15,12,2015,THEEWATERSKLOOF,Major Dam,480188,23.87,318116,66.25
939b81eb-f8e0-47f9-82f4-690e066eac0c,09/12/2015,Dec-15,12,2015,THEEWATERSKLOOF,Major Dam,480188,23.84,316913,66
2226b85f-1ab4-4d16-98b0-c28bc75ae26d,10/12/2015,Dec-15,12,2015,THEEWATERSKLOOF,Major Dam,480188,23.82,316112,65.83
bbed4319-f51f-46be-a42c-24d0b35d9a81,11/12/2015,Dec-15,12,2015,THEEWATERSKLOOF,Major Dam,480188,23.8,315312,65.66
aacf0fea-68f5-498d-895f-6e96b06977f9,12/12/2015,Dec-15,12,2015,THEEWATERSKLOOF,Major Dam,480188,23.76,313716,65.33
2bf77665-2391-442b-b8f8-34f595d178a2,13/12/2015,Dec-15,12,2015,THEEWATERSKLOOF,Major Dam,480188,23.72,312125,65
1467dd24-e5b1-40f1-9eda-1112364a72c6,14/12/2015,Dec-15,12,2015,THEEWATERSKLOOF,Major Dam,480188,23.67,310143,64.59
3eca6384-8725-4a6d-be4e-e5517aa8d0e6,15/12/2015,Dec-15,12,2015,THEEWATERSKLOOF,Major Dam,480188,23.64,308957,64.34
28bd5638-cf5f-4431-ad84-37f5604918f1,16/12/2015,Dec-15,12,2015,THEEWATERSKLOOF,Major Dam,480188,23.6,307380,64.01
4fd479b5-1d34-416b-9d76-55f811135523,17/12/2015,Dec-15,12,2015,THEEWATERSKLOOF,Major Dam,480188,23.56,305808,63.69
cbec5f38-cfc1-4a8e-84cb-6fee5c853735,18/12/2015,Dec-15,12,2015,THEEWATERSKLOOF,Major Dam,480188,23.54,305024,63.52
ff929809-4675-44e0-a06f-61e6674bba65,19/12/2015,Dec-15,12,2015,THEEWATERSKLOOF,Major Dam,480188,23.5,303460,63.2
e9b8224e-8547-4550-a626-b71b71c89e07,20/12/2015,Dec-15,12,2015,THEEWATERSKLOOF,Major Dam,480188,23.47,302290,62.95
57709c28-b2a8-4bc2-aae2-af4c72ccb681,21/12/2015,Dec-15,12,2015,THEEWATERSKLOOF,Major Dam,480188,23.44,301122,62.71
912a1b72-7dc9-40ef-9b98-1f0ae9f6ad0a,22/12/2015,Dec-15,12,2015,THEEWATERSKLOOF,Major Dam,480188,23.4,299570,62.39
1cf0bf79-7a0c-4703-99e1-7414fffdafd2,23/12/2015,Dec-15,12,2015,THEEWATERSKLOOF,Major Dam,480188,23.36,298023,62.06
60e78323-3ff1-4cb1-9057-939e16a3c6b5,24/12/2015,Dec-15,12,2015,THEEWATERSKLOOF,Major Dam,480188,23.33,296866,61.82
e2dd7221-295e-456d-b846-147dce799d6b,25/12/2015,Dec-15,12,2015,THEEWATERSKLOOF,Major Dam,480188,23.3,295711,61.58
a05d2a8a-1cf1-430f-bd6b-b8724ad80c79,26/12/2015,Dec-15,12,2015,THEEWATERSKLOOF,Major Dam,480188,23.26,294177,61.26
146a44cf-8fcb-4acf-9a24-fb67e19356eb,27/12/2015,Dec-15,12,2015,THEEWATERSKLOOF,Major Dam,480188,23.22,292647,60.94
21af55ab-2e55-4f74-9cc2-f12808c064b3,28/12/2015,Dec-15,12,2015,THEEWATERSKLOOF,Major Dam,480188,23.19,291503,60.71
4ff5fa02-464f-47c4-aafa-47062bc69e77,29/12/2015,Dec-15,12,2015,THEEWATERSKLOOF,Major Dam,480188,23.15,289982,60.39
034c94a4-dbf9-4766-aaf9-51ade4ca516d,30/12/2015,Dec-15,12,2015,THEEWATERSKLOOF,Major Dam,480188,23.11,288467,60.07
5f8b78db-6f93-47ba-9399-90e34f28a1d1,31/12/2015,Dec-15,12,2015,THEEWATERSKLOOF,Major Dam,480188,23.07,286956,59.76
c0636f08-16c5-485e-acb5-45de1eef4545,01/01/2016,Jan-16,1,2016,THEEWATERSKLOOF,Major Dam,480188,23.03,285453,59.45
196a009a-fafb-4834-9878-5c3f6344c60d,02/01/2016,Jan-16,1,2016,THEEWATERSKLOOF,Major Dam,480188,22.99,283951,59.13
6fd9bbcc-23f5-4057-b11b-81cfa194bcaa,03/01/2016,Jan-16,1,2016,THEEWATERSKLOOF,Major Dam,480188,22.95,282456,58.82
5eb1dacd-2d13-4a4c-b21c-16ea7cb0a594,04/01/2016,Jan-16,1,2016,THEEWATERSKLOOF,Major Dam,480188,22.92,281338,58.59
77bbef45-9fbf-44c2-a7d2-b9f614e5b2d9,05/01/2016,Jan-16,1,2016,THEEWATERSKLOOF,Major Dam,480188,22.89,280223,58.36
7c6a9491-77d2-414f-aaee-fab3a9b672af,06/01/2016,Jan-16,1,2016,THEEWATERSKLOOF,Major Dam,480188,22.85,278741,58.05
d85fbfc7-84e9-40d5-83e3-ef3ef5d11ea2,07/01/2016,Jan-16,1,2016,THEEWATERSKLOOF,Major Dam,480188,22.81,277265,57.74
852556a2-2ae3-482e-8f17-142f2309535b,08/01/2016,Jan-16,1,2016,THEEWATERSKLOOF,Major Dam,480188,22.77,275793,57.43
33573b54-8ab3-43cc-b909-674b81ca4978,09/01/2016,Jan-16,1,2016,THEEWATERSKLOOF,Major Dam,480188,22.74,274693,57.21
2282d4e3-6d17-441f-a66c-cf8f64d9fbb7,10/01/2016,Jan-16,1,2016,THEEWATERSKLOOF,Major Dam,480188,22.7,273231,56.9
e6c81cd4-f3cb-4a79-9159-758455436a07,11/01/2016,Jan-16,1,2016,THEEWATERSKLOOF,Major Dam,480188,22.64,271048,56.45
b54b7828-732f-4048-b358-3e5fb05be502,12/01/2016,Jan-16,1,2016,THEEWATERSKLOOF,Major Dam,480188,22.59,269239,56.07
b4cc3ae1-77c1-45c6-97e0-b51931f08612,13/01/2016,Jan-16,1,2016,THEEWATERSKLOOF,Major Dam,480188,22.55,267797,55.77
88254b94-469b-45f0-a80f-751563deae65,14/01/2016,Jan-16,1,2016,THEEWATERSKLOOF,Major Dam,480188,22.5,266003,55.4
9947d9b8-8268-47ab-9668-5c10cfce659d,15/01/2016,Jan-16,1,2016,THEEWATERSKLOOF,Major Dam,480188,22.46,264574,55.1
33dffff9-c2d1-4fb9-a2d3-4671856e4056,16/01/2016,Jan-16,1,2016,THEEWATERSKLOOF,Major Dam,480188,22.42,263150,54.8
038ecb16-74b7-4c3e-ab94-0a18cd665b06,17/01/2016,Jan-16,1,2016,THEEWATERSKLOOF,Major Dam,480188,22.38,261732,54.51
1782581c-ed53-47dc-83fd-f09414a67bcf,18/01/2016,Jan-16,1,2016,THEEWATERSKLOOF,Major Dam,480188,22.34,260320,54.21
c19fedaf-7405-4366-8953-6cf74a80e662,19/01/2016,Jan-16,1,2016,THEEWATERSKLOOF,Major Dam,480188,22.3,258913,53.92
32c12d7f-3a85-453f-a662-256ec5f16203,20/01/2016,Jan-16,1,2016,THEEWATERSKLOOF,Major Dam,480188,22.26,257512,53.63
2344ab85-31cd-4b60-bb3a-7afcbafd5ae1,21/01/2016,Jan-16,1,2016,THEEWATERSKLOOF,Major Dam,480188,22.22,256116,53.34
32aa0045-3230-4ae7-b037-e1caf07f3854,22/01/2016,Jan-16,1,2016,THEEWATERSKLOOF,Major Dam,480188,22.18,254727,53.05
50454e9d-4d6c-49e5-b6e5-fdf76469c8bf,23/01/2016,Jan-16,1,2016,THEEWATERSKLOOF,Major Dam,480188,22.12,252653,52.62
e4a5ab54-773d-45cb-bf3b-66800203a9c8,24/01/2016,Jan-16,1,2016,THEEWATERSKLOOF,Major Dam,480188,22.08,251278,52.33
d95b2c0d-dff2-41f7-9c6a-a9058cd2ad74,25/01/2016,Jan-16,1,2016,THEEWATERSKLOOF,Major Dam,480188,22.04,249908,52.04
61f613de-cfdc-4f4e-931e-8e53cc456e18,26/01/2016,Jan-16,1,2016,THEEWATERSKLOOF,Major Dam,480188,22,248545,51.76
2cef0ddc-e72f-4c19-801f-c8ee5ea145f1,27/01/2016,Jan-16,1,2016,THEEWATERSKLOOF,Major Dam,480188,21.96,247187,51.48
f6fdb877-c0cf-45ed-b9e4-6de9c848e457,28/01/2016,Jan-16,1,2016,THEEWATERSKLOOF,Major Dam,480188,21.92,245838,51.2
90de4fbc-c62a-4500-a14f-a3a367535ace,29/01/2016,Jan-16,1,2016,THEEWATERSKLOOF,Major Dam,480188,21.88,244498,50.92
b31ef22c-9c4a-4e0f-b14e-40fc1e8ed8ae,30/01/2016,Jan-16,1,2016,THEEWATERSKLOOF,Major Dam,480188,21.84,243364,50.68
508bf94e-e5ff-4258-accd-d9e71ff37692,31/01/2016,Jan-16,1,2016,THEEWATERSKLOOF,Major Dam,480188,21.79,241504,50.29
7e95f490-8244-4bcf-941b-d2e3cceb9696,01/02/2016,Feb-16,2,2016,THEEWATERSKLOOF,Major Dam,480188,21.75,240383,50.06
cdbcf9ec-42a9-4cd3-b8ee-656ff6d850fd,02/02/2016,Feb-16,2,2016,THEEWATERSKLOOF,Major Dam,480188,21.7,238540,49.68
f3fd683f-d983-4599-a55f-0edd2ce4bff5,03/02/2016,Feb-16,2,2016,THEEWATERSKLOOF,Major Dam,480188,21.66,237232,49.4
7be36b11-8a9c-4a9b-89c3-2fb492c200d6,04/02/2016,Feb-16,2,2016,THEEWATERSKLOOF,Major Dam,480188,21.62,235929,49.13
e29ff5a2-8403-4b0d-a2bb-92579848ce85,05/02/2016,Feb-16,2,2016,THEEWATERSKLOOF,Major Dam,480188,21.57,234309,48.8
ab2a4251-f385-4b07-ab4b-c6e3d88ee8ce,06/02/2016,Feb-16,2,2016,THEEWATERSKLOOF,Major Dam,480188,21.55,233664,48.66
ec6e979e-7b74-4e33-aca7-24ca1566c43d,07/02/2016,Feb-16,2,2016,THEEWATERSKLOOF,Major Dam,480188,21.47,231095,48.13
fd61e9bd-086b-4cb8-b4c4-c4fc4e9ba891,08/02/2016,Feb-16,2,2016,THEEWATERSKLOOF,Major Dam,480188,21.41,229183,47.73
3cfd9506-e1e1-4277-9e57-0366ebd0b57d,09/02/2016,Feb-16,2,2016,THEEWATERSKLOOF,Major Dam,480188,21.35,227284,47.33
8a9a155c-bca8-4d33-a3ed-075e29ade959,10/02/2016,Feb-16,2,2016,THEEWATERSKLOOF,Major Dam,480188,21.3,225710,47
3215219e-22ee-412d-b39c-6dabbfc601df,11/02/2016,Feb-16,2,2016,THEEWATERSKLOOF,Major Dam,480188,21.25,224145,46.68
34ca1ea1-b967-4208-ad7a-0fc857f587ff,12/02/2016,Feb-16,2,2016,THEEWATERSKLOOF,Major Dam,480188,21.19,222278,46.29
5a938395-8da6-428a-ae66-dfd5cd80a891,13/02/2016,Feb-16,2,2016,THEEWATERSKLOOF,Major Dam,480188,21.14,220731,45.97
4e69ab15-3ff1-40d5-8231-31e3c4067652,14/02/2016,Feb-16,2,2016,THEEWATERSKLOOF,Major Dam,480188,21.14,220731,45.97
286b479d-662f-4d89-bffa-5d0e0a51f9eb,15/02/2016,Feb-16,2,2016,THEEWATERSKLOOF,Major Dam,480188,21.05,217967,45.39
83c82678-a740-4d2a-847d-5280313d6772,16/02/2016,Feb-16,2,2016,THEEWATERSKLOOF,Major Dam,480188,21.03,217357,45.26
896e3d60-a22d-4183-9e91-20663c9dd2d9,17/02/2016,Feb-16,2,2016,THEEWATERSKLOOF,Major Dam,480188,20.96,215230,44.82
9cab727b-2f3f-47ad-85e4-afbc364bd397,18/02/2016,Feb-16,2,2016,THEEWATERSKLOOF,Major Dam,480188,20.93,214323,44.63
ff45b1d4-0527-4b51-a223-9315374a68a9,19/02/2016,Feb-16,2,2016,THEEWATERSKLOOF,Major Dam,480188,20.9,213419,44.44
f1db4d09-2283-4352-bb8b-07a0e7634299,20/02/2016,Feb-16,2,2016,THEEWATERSKLOOF,Major Dam,480188,20.85,211917,44.13
476614fb-9f76-4db9-a89a-175e87982042,21/02/2016,Feb-16,2,2016,THEEWATERSKLOOF,Major Dam,480188,20.79,210126,43.76
ab5f1bf5-b307-4805-b3d0-a57ac6b9685f,22/02/2016,Feb-16,2,2016,THEEWATERSKLOOF,Major Dam,480188,20.75,208939,43.51
f5920f1b-9aaa-49ab-b83a-f4762f7e5f53,23/02/2016,Feb-16,2,2016,THEEWATERSKLOOF,Major Dam,480188,20.63,205406,42.78
578f0780-009d-464d-b163-b4f5f22b1d1c,24/02/2016,Feb-16,2,2016,THEEWATERSKLOOF,Major Dam,480188,20.6,204529,42.59
7f4ef985-0d9b-4038-bc82-b05787f8a074,25/02/2016,Feb-16,2,2016,THEEWATERSKLOOF,Major Dam,480188,20.6,204529,42.59
5a84a653-2742-450a-9fac-8c552321eaf3,26/02/2016,Feb-16,2,2016,THEEWATERSKLOOF,Major Dam,480188,20.58,203947,42.47
be24e4d3-9481-412d-9d44-61eb430e8c5f,27/02/2016,Feb-16,2,2016,THEEWATERSKLOOF,Major Dam,480188,20.53,202495,42.17
91559f5e-7714-489c-b5b6-b1f7cd2ac731,28/02/2016,Feb-16,2,2016,THEEWATERSKLOOF,Major Dam,480188,20.48,201052,41.87
48c7aa22-d089-4b78-b0bb-c60c13e91576,29/02/2016,Feb-16,2,2016,THEEWATERSKLOOF,Major Dam,480188,20.4,198757,41.39
10ed2f82-68e6-4b8e-8094-bf1c06784a14,01/03/2016,Mar-16,3,2016,THEEWATERSKLOOF,Major Dam,480188,20.36,197618,41.15
6ad63187-91f5-49ed-b8df-33656a938bee,02/03/2016,Mar-16,3,2016,THEEWATERSKLOOF,Major Dam,480188,20.32,196482,40.92
c6e747ef-274b-4a90-8cd5-1cc42746fb20,03/03/2016,Mar-16,3,2016,THEEWATERSKLOOF,Major Dam,480188,20.28,195352,40.68
1ca2d2e8-d0bc-43c9-817d-c297340c2c66,04/03/2016,Mar-16,3,2016,THEEWATERSKLOOF,Major Dam,480188,20.25,194507,40.51
fcb26262-0919-4f86-80ff-7cf8e49ea611,05/03/2016,Mar-16,3,2016,THEEWATERSKLOOF,Major Dam,480188,20.21,193385,40.27
e0bd6fe3-9810-4c89-9015-a2fbd8d1ead2,06/03/2016,Mar-16,3,2016,THEEWATERSKLOOF,Major Dam,480188,20.17,192268,40.04
4a7a53b5-25cf-47d3-84ee-b492fea94c58,07/03/2016,Mar-16,3,2016,THEEWATERSKLOOF,Major Dam,480188,20.13,191155,39.81
4f45bb7e-6ae4-4978-b083-001a3fdcf97d,08/03/2016,Mar-16,3,2016,THEEWATERSKLOOF,Major Dam,480188,20.09,190047,39.58
b413f606-3848-4176-af62-981ec51ed0cd,09/03/2016,Mar-16,3,2016,THEEWATERSKLOOF,Major Dam,480188,20.05,188944,39.35
6f37642d-9a69-4788-8ea7-cb66cbbe2543,10/03/2016,Mar-16,3,2016,THEEWATERSKLOOF,Major Dam,480188,19.97,186751,38.89
a46d9513-daa6-4813-9291-ae94c45d5b35,11/03/2016,Mar-16,3,2016,THEEWATERSKLOOF,Major Dam,480188,19.92,185389,38.61
5b18cb1a-ba36-4d87-ae17-75e80d028c4a,12/03/2016,Mar-16,3,2016,THEEWATERSKLOOF,Major Dam,480188,19.88,184303,38.38
d874af28-9ed7-498b-9213-8615a2a22b82,13/03/2016,Mar-16,3,2016,THEEWATERSKLOOF,Major Dam,480188,19.84,183222,38.16
5a644f72-80ba-45f6-b469-54e2868f9849,14/03/2016,Mar-16,3,2016,THEEWATERSKLOOF,Major Dam,480188,19.77,181341,37.76
a9ce4295-1faa-4b1a-a783-b7edd3e446cd,15/03/2016,Mar-16,3,2016,THEEWATERSKLOOF,Major Dam,480188,19.74,180539,37.6
b410b0c6-26f5-476d-9966-7de6b6d23a48,16/03/2016,Mar-16,3,2016,THEEWATERSKLOOF,Major Dam,480188,19.7,179474,37.38
9609f559-d475-4838-8964-b8ade6c07933,17/03/2016,Mar-16,3,2016,THEEWATERSKLOOF,Major Dam,480188,19.66,178413,37.15
5fff96d9-2c9b-43d8-a950-6c7cafb5e492,18/03/2016,Mar-16,3,2016,THEEWATERSKLOOF,Major Dam,480188,19.62,177357,36.93
ddf23773-2475-4c78-8a64-640b275ae734,19/03/2016,Mar-16,3,2016,THEEWATERSKLOOF,Major Dam,480188,19.58,176305,36.72
ff4c98db-7ca4-430d-8619-c0d56de3ca04,20/03/2016,Mar-16,3,2016,THEEWATERSKLOOF,Major Dam,480188,19.54,175258,36.5
aceb4a61-2e99-4594-808a-b04d0e6df433,21/03/2016,Mar-16,3,2016,THEEWATERSKLOOF,Major Dam,480188,19.5,174215,36.28
905d3c2c-2b0c-4651-9303-4ecd77648ad1,22/03/2016,Mar-16,3,2016,THEEWATERSKLOOF,Major Dam,480188,19.44,172659,35.96
e542c9f0-2178-49d7-b448-960298ea5c80,23/03/2016,Mar-16,3,2016,THEEWATERSKLOOF,Major Dam,480188,19.4,171627,35.74
2f013d16-4872-4b78-85c4-b50d6dc1ed1c,24/03/2016,Mar-16,3,2016,THEEWATERSKLOOF,Major Dam,480188,19.36,170600,35.53
6cf920f0-dc5b-4650-8e91-a8c6dfe98606,25/03/2016,Mar-16,3,2016,THEEWATERSKLOOF,Major Dam,480188,19.32,169577,35.31
9e1f1c31-07ab-483e-9922-e74bb4cd362a,26/03/2016,Mar-16,3,2016,THEEWATERSKLOOF,Major Dam,480188,19.28,168559,35.1
238e62f2-ca9e-4499-9acf-845d08913164,27/03/2016,Mar-16,3,2016,THEEWATERSKLOOF,Major Dam,480188,19.24,167545,34.89
ed497b6c-5c40-4286-bcf1-75d72f15fdd2,28/03/2016,Mar-16,3,2016,THEEWATERSKLOOF,Major Dam,480188,19.2,166536,34.68
fb7cb0c5-4f01-43ce-9988-e8cd61ad2181,29/03/2016,Mar-16,3,2016,THEEWATERSKLOOF,Major Dam,480188,19.2,166536,34.68
84e057e3-b3eb-415d-943f-4318e163652b,30/03/2016,Mar-16,3,2016,THEEWATERSKLOOF,Major Dam,480188,19.17,165781,34.52
14f2c564-4685-4c62-b7b5-722c5d3c1eb3,31/03/2016,Mar-16,3,2016,THEEWATERSKLOOF,Major Dam,480188,19.1,164031,34.16
018462a1-7863-40ef-bb57-73db611582d5,01/04/2016,Apr-16,4,2016,THEEWATERSKLOOF,Major Dam,480188,19.05,162789,33.9
18283ecc-9e89-443d-b522-840f12fe4a38,02/04/2016,Apr-16,4,2016,THEEWATERSKLOOF,Major Dam,480188,19.05,162789,33.9
b86b82e2-eef7-4482-af0f-202a49675cd1,03/04/2016,Apr-16,4,2016,THEEWATERSKLOOF,Major Dam,480188,19.05,162789,33.9
fb78b0e8-87e4-4546-ad10-df8fd545ddd1,04/04/2016,Apr-16,4,2016,THEEWATERSKLOOF,Major Dam,480188,19,161554,33.64
453c823d-991e-4b7a-8139-24ff3cae1a88,05/04/2016,Apr-16,4,2016,THEEWATERSKLOOF,Major Dam,480188,18.97,160816,33.49
1f4db02c-59ce-4f02-b460-f63c7b3d7496,06/04/2016,Apr-16,4,2016,THEEWATERSKLOOF,Major Dam,480188,18.93,159837,33.29
e555a6e7-7c38-4a1c-8517-b34085d4bc80,07/04/2016,Apr-16,4,2016,THEEWATERSKLOOF,Major Dam,480188,18.89,158861,33.08
8fe3d5ab-21b8-48a9-bc70-e0503205b67d,08/04/2016,Apr-16,4,2016,THEEWATERSKLOOF,Major Dam,480188,18.86,158133,32.93
b9e798f5-c28f-4e45-a4f7-4a6cd458652f,09/04/2016,Apr-16,4,2016,THEEWATERSKLOOF,Major Dam,480188,18.83,157406,32.78
0ad316fd-127a-4cff-b3e4-c299d6f42a2a,10/04/2016,Apr-16,4,2016,THEEWATERSKLOOF,Major Dam,480188,18.78,156201,32.53
aa0daf02-f3a0-47ea-9f5f-c9d9233ca53b,11/04/2016,Apr-16,4,2016,THEEWATERSKLOOF,Major Dam,480188,18.74,155242,32.33
198e1c6f-9d32-4b78-8a4e-b8d5fd217985,12/04/2016,Apr-16,4,2016,THEEWATERSKLOOF,Major Dam,480188,18.7,154287,32.13
3c34c909-2ebf-4955-8afe-a09717f42da6,13/04/2016,Apr-16,4,2016,THEEWATERSKLOOF,Major Dam,480188,18.65,153100,31.88
61aa5af4-a9e6-48f2-8270-34bf2c142c0a,14/04/2016,Apr-16,4,2016,THEEWATERSKLOOF,Major Dam,480188,18.6,151919,31.64
b023d6f0-b1dd-4ddf-8f3c-7420c560a5fd,15/04/2016,Apr-16,4,2016,THEEWATERSKLOOF,Major Dam,480188,18.56,150980,31.44
d4db1c5e-c3db-497e-af73-3cbe6b514f9d,16/04/2016,Apr-16,4,2016,THEEWATERSKLOOF,Major Dam,480188,18.52,150044,31.25
cc64bd2c-1cbc-4131-907f-44780dfa3945,17/04/2016,Apr-16,4,2016,THEEWATERSKLOOF,Major Dam,480188,18.47,148881,31
3c7dbdb9-4880-4e20-8ee0-46aee0540f6c,18/04/2016,Apr-16,4,2016,THEEWATERSKLOOF,Major Dam,480188,18.44,148186,30.86
e5d95498-e274-4a2d-abf0-aded9445d52f,19/04/2016,Apr-16,4,2016,THEEWATERSKLOOF,Major Dam,480188,18.4,147264,30.67
fa7faee2-6ff4-4638-8192-79aa404aed56,20/04/2016,Apr-16,4,2016,THEEWATERSKLOOF,Major Dam,480188,18.35,146116,30.43
24a3c097-9801-4ac3-af89-b5a02b369dc1,21/04/2016,Apr-16,4,2016,THEEWATERSKLOOF,Major Dam,480188,18.31,145203,30.24
86c5194a-df85-41cb-bfbd-4ed4975fc64f,22/04/2016,Apr-16,4,2016,THEEWATERSKLOOF,Major Dam,480188,18.26,144068,30
cab0f8f5-7c37-4e34-8950-6e3fdb9bee0e,23/04/2016,Apr-16,4,2016,THEEWATERSKLOOF,Major Dam,480188,18.6,151919,31.64
bb71d352-d6a6-4120-a0e7-6175f29b09cd,24/04/2016,Apr-16,4,2016,THEEWATERSKLOOF,Major Dam,480188,18.65,153100,31.88
d5feaeae-4303-4f8a-8134-99595c40d4ee,25/04/2016,Apr-16,4,2016,THEEWATERSKLOOF,Major Dam,480188,18.65,153100,31.88
4d3c536f-339f-4aa0-b3bc-7943a85350e1,26/04/2016,Apr-16,4,2016,THEEWATERSKLOOF,Major Dam,480188,18.64,152863,31.83
60b39ec9-40a5-4206-909f-35b1bc86504d,27/04/2016,Apr-16,4,2016,THEEWATERSKLOOF,Major Dam,480188,18.63,152627,31.78
d8dcbc76-3fd1-4a1c-89ba-7abcedb5f08f,28/04/2016,Apr-16,4,2016,THEEWATERSKLOOF,Major Dam,480188,18.62,152391,31.74
5e42ba17-6723-4c3c-89eb-8c11c8251f81,29/04/2016,Apr-16,4,2016,THEEWATERSKLOOF,Major Dam,480188,18.62,152391,31.74
53b9bda2-e79f-4edb-85f7-f75f348b8744,30/04/2016,Apr-16,4,2016,THEEWATERSKLOOF,Major Dam,480188,18.78,156201,32.53
57a69790-a519-4dbb-a99c-3ba2e4d4111f,01/05/2016,May-16,5,2016,THEEWATERSKLOOF,Major Dam,480188,18.83,157406,32.78
60d18da8-75ad-4929-ae00-e693836864c1,02/05/2016,May-16,5,2016,THEEWATERSKLOOF,Major Dam,480188,18.83,157406,32.78
0dd8c206-8a33-41e5-bc96-e2ad686d635f,03/05/2016,May-16,5,2016,THEEWATERSKLOOF,Major Dam,480188,18.82,157165,32.73
6ad502e7-0e37-4d70-bd21-013e512cf02b,04/05/2016,May-16,5,2016,THEEWATERSKLOOF,Major Dam,480188,18.78,156201,32.53
5e96ca01-8c01-43b8-bcb2-a1d04acc2512,05/05/2016,May-16,5,2016,THEEWATERSKLOOF,Major Dam,480188,18.78,156201,32.53
1e0a6111-c54a-4e9a-b60f-b5aa4d5b0ed2,06/05/2016,May-16,5,2016,THEEWATERSKLOOF,Major Dam,480188,18.76,155721,32.43
72131369-cb45-474d-b756-8130e8874c22,07/05/2016,May-16,5,2016,THEEWATERSKLOOF,Major Dam,480188,18.72,154764,32.23
276b3473-6c68-4599-af16-563f8f04afe6,08/05/2016,May-16,5,2016,THEEWATERSKLOOF,Major Dam,480188,18.7,154287,32.13
5837784f-8ced-4cad-a30c-e736959d131f,09/05/2016,May-16,5,2016,THEEWATERSKLOOF,Major Dam,480188,18.68,153812,32.03
8bfaebf8-0a87-4fd4-b419-d3748a7263c6,10/05/2016,May-16,5,2016,THEEWATERSKLOOF,Major Dam,480188,18.65,153100,31.88
0df21450-3331-4bff-a54f-d10c49079e35,11/05/2016,May-16,5,2016,THEEWATERSKLOOF,Major Dam,480188,18.63,152627,31.78
f8c26d6e-b886-484b-8cbc-24472b72dd11,12/05/2016,May-16,5,2016,THEEWATERSKLOOF,Major Dam,480188,18.61,152155,31.69
d174df4b-5ff4-4708-883c-9e3f4a89dbac,13/05/2016,May-16,5,2016,THEEWATERSKLOOF,Major Dam,480188,18.58,151449,31.54
2f05cb3c-7e4f-4de3-9375-16761f74ff3e,14/05/2016,May-16,5,2016,THEEWATERSKLOOF,Major Dam,480188,18.55,150745,31.39
daed8644-95bc-4023-91a6-0181caf0ed99,15/05/2016,May-16,5,2016,THEEWATERSKLOOF,Major Dam,480188,18.54,150511,31.34
40229075-1636-455e-acc6-9a7b8a2b8726,16/05/2016,May-16,5,2016,THEEWATERSKLOOF,Major Dam,480188,18.5,149578,31.15
6ef0da56-dd8e-4219-8343-b52e30be69b7,17/05/2016,May-16,5,2016,THEEWATERSKLOOF,Major Dam,480188,18.48,149113,31.05
9a14b644-7d90-4909-b979-9e9bf5e6b076,18/05/2016,May-16,5,2016,THEEWATERSKLOOF,Major Dam,480188,18.46,148649,30.96
6a5836dc-4990-4b66-b970-ece52f3b8a63,19/05/2016,May-16,5,2016,THEEWATERSKLOOF,Major Dam,480188,18.44,148186,30.86
58ccc360-390e-47e2-aceb-2960d469aec9,20/05/2016,May-16,5,2016,THEEWATERSKLOOF,Major Dam,480188,18.42,147724,30.76
a82fc011-34fc-417e-aaab-51647c5b76b4,21/05/2016,May-16,5,2016,THEEWATERSKLOOF,Major Dam,480188,18.4,147264,30.67
284ba368-1cd0-48d6-932c-57ba6de12842,22/05/2016,May-16,5,2016,THEEWATERSKLOOF,Major Dam,480188,18.38,146804,30.57
f44209d7-421a-4dab-901e-8dd9b5dc1bab,23/05/2016,May-16,5,2016,THEEWATERSKLOOF,Major Dam,480188,18.36,146345,30.48
16f8043d-f4e5-4fe3-b030-3774eb14e650,24/05/2016,May-16,5,2016,THEEWATERSKLOOF,Major Dam,480188,18.34,145888,30.38
4e6c8b40-c501-447b-8a69-a818b4ba3b8f,25/05/2016,May-16,5,2016,THEEWATERSKLOOF,Major Dam,480188,18.35,146116,30.43
e7d9988f-1d5f-4012-b5af-7c2c00af1dc2,26/05/2016,May-16,5,2016,THEEWATERSKLOOF,Major Dam,480188,18.34,145888,30.38
059c649e-6ac0-42c5-87c7-eb380a972ae8,27/05/2016,May-16,5,2016,THEEWATERSKLOOF,Major Dam,480188,18.32,145431,30.29
f77f21f6-05df-4a8f-8a7c-2d0dad8adaa5,28/05/2016,May-16,5,2016,THEEWATERSKLOOF,Major Dam,480188,18.31,145203,30.24
610aad4c-f9a7-4a28-ae3e-1237a5766d85,29/05/2016,May-16,5,2016,THEEWATERSKLOOF,Major Dam,480188,18.3,144976,30.19
98f812b6-e432-44bc-a698-c8dc9a879ce6,30/05/2016,May-16,5,2016,THEEWATERSKLOOF,Major Dam,480188,18.26,144068,30
bacf3cf9-9bb8-43ed-ada8-6ce49b6dbfdd,31/05/2016,May-16,5,2016,THEEWATERSKLOOF,Major Dam,480188,18.25,143842,29.96
8e24d60b-2767-4576-a194-7ee51672ffdd,01/06/2016,Jun-16,6,2016,THEEWATERSKLOOF,Major Dam,480188,18.24,143616,29.91
64bdef65-f318-41de-8d9f-ec5fd23414d7,02/06/2016,Jun-16,6,2016,THEEWATERSKLOOF,Major Dam,480188,18.23,143390,29.86
fb14a03f-2ebd-453c-a5fe-231837839c25,03/06/2016,Jun-16,6,2016,THEEWATERSKLOOF,Major Dam,480188,18.24,143616,29.91
2a60fa89-79a1-4ecd-9984-b5d5e06806ff,04/06/2016,Jun-16,6,2016,THEEWATERSKLOOF,Major Dam,480188,18.22,143165,29.81
b11814ee-ff7b-45f3-b1b2-c01fb9d88917,05/06/2016,Jun-16,6,2016,THEEWATERSKLOOF,Major Dam,480188,18.17,142041,29.58
0cd5d182-8b6b-4abf-84c7-dc922e2007be,06/06/2016,Jun-16,6,2016,THEEWATERSKLOOF,Major Dam,480188,18.14,141370,29.44
49ce1b5b-0c28-4cd9-92f1-fe9a1a6a0726,07/06/2016,Jun-16,6,2016,THEEWATERSKLOOF,Major Dam,480188,18.1,140480,29.26
c9b58ce1-98a8-4e25-8f25-d7b7dd3a6e96,08/06/2016,Jun-16,6,2016,THEEWATERSKLOOF,Major Dam,480188,18.08,140036,29.16
ce44cbb1-a358-4327-890a-92b619c89792,09/06/2016,Jun-16,6,2016,THEEWATERSKLOOF,Major Dam,480188,18.06,139593,29.07
12ccce6e-09bc-44c3-a0a7-f4e46acd062a,10/06/2016,Jun-16,6,2016,THEEWATERSKLOOF,Major Dam,480188,18.04,139151,28.98
8a94078e-3e69-42a5-bd9c-c42d0abf681d,11/06/2016,Jun-16,6,2016,THEEWATERSKLOOF,Major Dam,480188,18.15,141594,29.49
bfa83570-b8af-4d52-ba77-5a4d89032ee9,12/06/2016,Jun-16,6,2016,THEEWATERSKLOOF,Major Dam,480188,18.2,142714,29.72
604caf70-fb67-41c5-b78a-d1e58a12b990,13/06/2016,Jun-16,6,2016,THEEWATERSKLOOF,Major Dam,480188,18.2,142714,29.72
2bb54270-be36-4419-9a0f-99057bcfd6c9,14/06/2016,Jun-16,6,2016,THEEWATERSKLOOF,Major Dam,480188,18.19,142490,29.67
1d8bda7e-0af8-4e26-bb2d-6a376172e1e7,15/06/2016,Jun-16,6,2016,THEEWATERSKLOOF,Major Dam,480188,18.19,142490,29.67
19a135d4-b365-42a6-894d-8ad183fe6623,16/06/2016,Jun-16,6,2016,THEEWATERSKLOOF,Major Dam,480188,18.57,151314,31.51
3488a1f3-46da-4198-a168-0cfe71cc5a14,17/06/2016,Jun-16,6,2016,THEEWATERSKLOOF,Major Dam,480188,18.65,153100,31.88
8d806e2d-d8cb-465a-bdc2-9e76177b4342,18/06/2016,Jun-16,6,2016,THEEWATERSKLOOF,Major Dam,480188,18.65,153100,31.88
1434c853-4857-4407-96f3-555524a3059c,19/06/2016,Jun-16,6,2016,THEEWATERSKLOOF,Major Dam,480188,18.7,154287,32.13
31706da0-256c-4673-a1f7-8b191a30e4dd,20/06/2016,Jun-16,6,2016,THEEWATERSKLOOF,Major Dam,480188,18.8,156682,32.63
11c05fc7-e50c-4286-ad49-eb1b8930ac2f,21/06/2016,Jun-16,6,2016,THEEWATERSKLOOF,Major Dam,480188,19.01,161801,33.7
d5dc1a74-40cf-49c8-8d1a-d449a9f4c954,22/06/2016,Jun-16,6,2016,THEEWATERSKLOOF,Major Dam,480188,19.04,162542,33.85
00f3ae87-ceb9-459b-bba3-64549194bf4f,23/06/2016,Jun-16,6,2016,THEEWATERSKLOOF,Major Dam,480188,19.05,162789,33.9
b0c0c875-75ff-449f-bfcd-e56cce20c615,24/06/2016,Jun-16,6,2016,THEEWATERSKLOOF,Major Dam,480188,19.05,162789,33.9
00058306-914d-4863-b3e0-d8a122642334,25/06/2016,Jun-16,6,2016,THEEWATERSKLOOF,Major Dam,480188,19.05,162789,33.9
d542eb5f-37bd-4fe4-b070-b1848cfdc206,26/06/2016,Jun-16,6,2016,THEEWATERSKLOOF,Major Dam,480188,19.04,162542,33.85
aa0f3dd7-3306-46e8-9c82-a730c06e573b,27/06/2016,Jun-16,6,2016,THEEWATERSKLOOF,Major Dam,480188,19.1,164031,34.16
89837c81-2112-45b3-976a-5b9d90891434,28/06/2016,Jun-16,6,2016,THEEWATERSKLOOF,Major Dam,480188,19.25,167798,34.94
007eb95a-4593-4648-9ad2-d8e3045187a0,29/06/2016,Jun-16,6,2016,THEEWATERSKLOOF,Major Dam,480188,19.27,168305,35.05
ce633cde-9b1a-4aec-95b7-44129760675a,30/06/2016,Jun-16,6,2016,THEEWATERSKLOOF,Major Dam,480188,19.32,169577,35.31
da63de21-242e-40f7-a3be-b6a94d9a1100,01/07/2016,Jul-16,7,2016,THEEWATERSKLOOF,Major Dam,480188,19.32,169577,35.31
a9197e72-486e-4007-9a79-334ec5cade05,02/07/2016,Jul-16,7,2016,THEEWATERSKLOOF,Major Dam,480188,19.6,176830,36.83
b27c58e0-532d-42e5-ae7a-d758ad4e7b68,03/07/2016,Jul-16,7,2016,THEEWATERSKLOOF,Major Dam,480188,19.67,178678,37.21
6975e763-b0fb-45f8-8864-31f36b694e0f,04/07/2016,Jul-16,7,2016,THEEWATERSKLOOF,Major Dam,480188,19.7,179474,37.38
ee27d31a-5851-4374-84b7-df4285ecddf2,05/07/2016,Jul-16,7,2016,THEEWATERSKLOOF,Major Dam,480188,19.7,179474,37.38
524122d0-8138-4ca9-aa4a-c32cc6d91b8e,06/07/2016,Jul-16,7,2016,THEEWATERSKLOOF,Major Dam,480188,19.85,183492,38.21
4bfa7745-f5aa-4753-8b36-d7c750d7ccc8,07/07/2016,Jul-16,7,2016,THEEWATERSKLOOF,Major Dam,480188,19.98,187024,38.95
7d168aef-0695-43e3-af99-6e305d970b2b,08/07/2016,Jul-16,7,2016,THEEWATERSKLOOF,Major Dam,480188,20.01,187845,39.12
923ee975-83b6-458a-bc91-a3030be3eb67,09/07/2016,Jul-16,7,2016,THEEWATERSKLOOF,Major Dam,480188,20.02,188119,39.18
a2da2915-b86c-449a-8ef7-884b3deefad0,10/07/2016,Jul-16,7,2016,THEEWATERSKLOOF,Major Dam,480188,20.08,189771,39.52
aa3f2d9a-86c7-426e-abe5-31a3351be4ad,11/07/2016,Jul-16,7,2016,THEEWATERSKLOOF,Major Dam,480188,20.08,189771,39.52
ec03f29a-8ada-4ef8-ba4d-f765f2a15a95,12/07/2016,Jul-16,7,2016,THEEWATERSKLOOF,Major Dam,480188,20.09,190047,39.58
2412686b-2458-4eb2-a7ff-bbe07ca7670d,13/07/2016,Jul-16,7,2016,THEEWATERSKLOOF,Major Dam,480188,20.1,190324,39.64
d8adbb0d-d3e0-4b34-a3d5-ca72005735b9,14/07/2016,Jul-16,7,2016,THEEWATERSKLOOF,Major Dam,480188,20.1,190324,39.64
8de824c0-a0b8-4af8-a9e9-d554f7a9d031,15/07/2016,Jul-16,7,2016,THEEWATERSKLOOF,Major Dam,480188,20.1,190324,39.64
961623e0-294c-455d-ab75-3c48b81bfdec,16/07/2016,Jul-16,7,2016,THEEWATERSKLOOF,Major Dam,480188,20.1,190324,39.64
63c1579c-c0ba-4417-b486-c335de165d7f,17/07/2016,Jul-16,7,2016,THEEWATERSKLOOF,Major Dam,480188,20.11,190601,39.69
bbd0d4fc-879b-4905-86b1-b1e51088da9c,18/07/2016,Jul-16,7,2016,THEEWATERSKLOOF,Major Dam,480188,20.12,190878,39.75
f2a9f060-01c0-4f8d-9384-4130b8020d0e,19/07/2016,Jul-16,7,2016,THEEWATERSKLOOF,Major Dam,480188,20.12,190878,39.75
3f0d6b3d-2eb3-485c-8394-1d29350bfb47,20/07/2016,Jul-16,7,2016,THEEWATERSKLOOF,Major Dam,480188,20.12,190878,39.75
57131392-19c7-4f63-8acb-bf94303600cc,21/07/2016,Jul-16,7,2016,THEEWATERSKLOOF,Major Dam,480188,20.44,199902,41.63
fcf6a8b4-5810-47c8-93f7-c54863e755d9,22/07/2016,Jul-16,7,2016,THEEWATERSKLOOF,Major Dam,480188,20.6,204529,42.59
a12c85ae-9481-4b49-9e63-7db91538c650,23/07/2016,Jul-16,7,2016,THEEWATERSKLOOF,Major Dam,480188,20.67,206578,43.02
da11a7ab-3cb8-42e1-aa9e-2ca350c66dc5,24/07/2016,Jul-16,7,2016,THEEWATERSKLOOF,Major Dam,480188,20.74,208643,43.45
3f7e05f5-2145-4891-8549-d39cfb275611,25/07/2016,Jul-16,7,2016,THEEWATERSKLOOF,Major Dam,480188,20.75,208939,43.51
cd176d70-e896-429b-97f4-95a30cbd6e72,26/07/2016,Jul-16,7,2016,THEEWATERSKLOOF,Major Dam,480188,20.84,211618,44.07
53feb98b-f0c3-4f93-aefa-12a2a9bf7c5d,27/07/2016,Jul-16,7,2016,THEEWATERSKLOOF,Major Dam,480188,21.05,217967,45.39
15d68356-5c10-4b41-8be2-eb3ccae933bd,28/07/2016,Jul-16,7,2016,THEEWATERSKLOOF,Major Dam,480188,21.07,218579,45.52
15d8f212-49f3-4620-ab99-1b8321d188d5,29/07/2016,Jul-16,7,2016,THEEWATERSKLOOF,Major Dam,480188,21.27,224770,46.81
9cfa0d4e-c590-47f6-b892-c9e93dab2e47,30/07/2016,Jul-16,7,2016,THEEWATERSKLOOF,Major Dam,480188,21.35,227284,47.33
851ecb7a-fbba-46a1-b5d7-99c128ea6cf1,31/07/2016,Jul-16,7,2016,THEEWATERSKLOOF,Major Dam,480188,21.42,229501,47.79
3f059c9c-d472-46b8-9d99-29cdfb62127a,01/08/2016,Aug-16,8,2016,THEEWATERSKLOOF,Major Dam,480188,21.45,230456,47.99
fb2c699d-e2e7-4a62-98e3-61e0bf22fff1,02/08/2016,Aug-16,8,2016,THEEWATERSKLOOF,Major Dam,480188,21.46,230776,48.06
2be35d95-3bbd-4592-a993-4bedc4731787,03/08/2016,Aug-16,8,2016,THEEWATERSKLOOF,Major Dam,480188,21.5,232056,48.33
3ef3923f-51aa-47e3-8e6c-734db865495f,04/08/2016,Aug-16,8,2016,THEEWATERSKLOOF,Major Dam,480188,21.54,233341,48.59
73311e8b-3fa6-49d0-a1d0-d6e445f66fd9,05/08/2016,Aug-16,8,2016,THEEWATERSKLOOF,Major Dam,480188,21.56,233986,48.73
304e3c27-51cb-4a48-a970-c0550ce0d25e,06/08/2016,Aug-16,8,2016,THEEWATERSKLOOF,Major Dam,480188,21.58,234633,48.86
934555b6-65a8-494c-998a-abd7f7fee227,07/08/2016,Aug-16,8,2016,THEEWATERSKLOOF,Major Dam,480188,21.58,234633,48.86
b1c7957c-94c2-44d7-b566-8feb8a782a62,08/08/2016,Aug-16,8,2016,THEEWATERSKLOOF,Major Dam,480188,21.63,236255,49.2
1747b420-b18c-448f-ad04-9424682bbdd1,09/08/2016,Aug-16,8,2016,THEEWATERSKLOOF,Major Dam,480188,21.63,236255,49.2
bdeea31f-829a-423e-9600-4acbd2852af9,10/08/2016,Aug-16,8,2016,THEEWATERSKLOOF,Major Dam,480188,21.63,236255,49.2
cd1787f6-5dd4-48dc-889d-ce80c38512aa,11/08/2016,Aug-16,8,2016,THEEWATERSKLOOF,Major Dam,480188,21.64,236580,49.27
d30994e0-ea84-4866-9c7a-19e8821a3d85,12/08/2016,Aug-16,8,2016,THEEWATERSKLOOF,Major Dam,480188,21.64,236580,49.27
3de18fea-1eb3-4eaf-87a1-08711a7e2322,13/08/2016,Aug-16,8,2016,THEEWATERSKLOOF,Major Dam,480188,21.56,233986,48.73
fa051d7f-3050-48ad-895b-1ce102fd2b3e,14/08/2016,Aug-16,8,2016,THEEWATERSKLOOF,Major Dam,480188,21.56,233986,48.73
a566f8f2-f81c-43c3-8c76-0afe250b2d9c,15/08/2016,Aug-16,8,2016,THEEWATERSKLOOF,Major Dam,480188,21.77,240843,50.16
c4ec4224-d923-4a3b-a93d-9f1d57d0e9e0,16/08/2016,Aug-16,8,2016,THEEWATERSKLOOF,Major Dam,480188,21.8,241836,50.36
f11a0007-e44a-4746-8cbf-a10169716747,17/08/2016,Aug-16,8,2016,THEEWATERSKLOOF,Major Dam,480188,21.81,242167,50.43
58a41113-07ba-4ca7-98b7-24415336f2ed,18/08/2016,Aug-16,8,2016,THEEWATERSKLOOF,Major Dam,480188,21.83,242831,50.57
e5895c50-d09b-4b20-ba0f-08f1181d2b80,19/08/2016,Aug-16,8,2016,THEEWATERSKLOOF,Major Dam,480188,21.84,243364,50.68
ce416d37-5411-45f9-914c-cc6c53d394bd,20/08/2016,Aug-16,8,2016,THEEWATERSKLOOF,Major Dam,480188,21.84,243364,50.68
f45be624-ffa9-43b4-874a-b471e476982f,21/08/2016,Aug-16,8,2016,THEEWATERSKLOOF,Major Dam,480188,21.84,243364,50.68
ebc6822a-6bcc-47b3-90bf-b81dbdf16e50,22/08/2016,Aug-16,8,2016,THEEWATERSKLOOF,Major Dam,480188,21.9,245167,51.06
955f50cb-0067-469e-b319-b6538254b8a6,23/08/2016,Aug-16,8,2016,THEEWATERSKLOOF,Major Dam,480188,21.96,247187,51.48
ec5fe38c-bbed-4cf2-b39d-917356e3d373,24/08/2016,Aug-16,8,2016,THEEWATERSKLOOF,Major Dam,480188,22.02,249226,51.9
231a8a87-55cc-49c5-9f51-cbeb0e519d1f,25/08/2016,Aug-16,8,2016,THEEWATERSKLOOF,Major Dam,480188,22.04,249908,52.04
eeb91752-0ed9-4f96-bb82-627464fec80a,26/08/2016,Aug-16,8,2016,THEEWATERSKLOOF,Major Dam,480188,22.05,250250,52.12
a64a8d9c-aaf3-4fd8-a0d3-63caa015bfd0,27/08/2016,Aug-16,8,2016,THEEWATERSKLOOF,Major Dam,480188,22.05,250250,52.12
41762e40-d762-4c8c-8ee1-8f5cd533a287,28/08/2016,Aug-16,8,2016,THEEWATERSKLOOF,Major Dam,480188,22.05,250250,52.12
b49adacf-9267-4f9f-bb6f-91653cf694dd,29/08/2016,Aug-16,8,2016,THEEWATERSKLOOF,Major Dam,480188,22.05,250250,52.12
a07eb6f3-cabc-492c-a667-8a1e193569c5,30/08/2016,Aug-16,8,2016,THEEWATERSKLOOF,Major Dam,480188,22.05,250250,52.12
6cffc212-558c-49c5-81df-8b8b0a3f13e8,31/08/2016,Aug-16,8,2016,THEEWATERSKLOOF,Major Dam,480188,22.05,250250,52.12
b5d3c829-5d5d-481f-ab5d-d5e47c8a8377,01/09/2016,Sep-16,9,2016,THEEWATERSKLOOF,Major Dam,480188,22.04,249908,52.04
2c9672a1-3c4e-427a-8caf-c7a9692fe49d,02/09/2016,Sep-16,9,2016,THEEWATERSKLOOF,Major Dam,480188,22.04,249908,52.04
22b62e0b-c6d0-4c63-b7d4-3c9c8fc74baf,03/09/2016,Sep-16,9,2016,THEEWATERSKLOOF,Major Dam,480188,22.05,250250,52.12
68546bec-934a-4a1b-8f8c-db5c7a8dae33,04/09/2016,Sep-16,9,2016,THEEWATERSKLOOF,Major Dam,480188,22.06,250592,52.19
b3680326-94c7-43fd-8100-0aacc4ce44df,05/09/2016,Sep-16,9,2016,THEEWATERSKLOOF,Major Dam,480188,22.05,250250,52.12
9a901536-b9ac-45f5-bca6-7cadc7539fb8,06/09/2016,Sep-16,9,2016,THEEWATERSKLOOF,Major Dam,480188,22.12,252653,52.62
cf29cb9d-3f02-420a-b999-0a99f37aefa4,07/09/2016,Sep-16,9,2016,THEEWATERSKLOOF,Major Dam,480188,22.15,253688,52.83
d238ee14-fb7d-4546-82bb-44baae5414f9,08/09/2016,Sep-16,9,2016,THEEWATERSKLOOF,Major Dam,480188,22.15,253688,52.83
128873ea-85aa-40e5-b8f2-3a4ff9ad5e27,09/09/2016,Sep-16,9,2016,THEEWATERSKLOOF,Major Dam,480188,22.16,254034,52.9
c2f9cd7b-2f2f-4566-aea8-587b5791ffd2,10/09/2016,Sep-16,9,2016,THEEWATERSKLOOF,Major Dam,480188,22.16,254034,52.9
750fe1f1-72d9-4dca-af2e-fce9c3e37ea1,11/09/2016,Sep-16,9,2016,THEEWATERSKLOOF,Major Dam,480188,22.16,254034,52.9
52cb968e-7f60-4172-9c5d-12a5b4d18607,12/09/2016,Sep-16,9,2016,THEEWATERSKLOOF,Major Dam,480188,22.17,254380,52.98
cd9ed3b9-ea25-4a94-8d9c-005fd0589662,13/09/2016,Sep-16,9,2016,THEEWATERSKLOOF,Major Dam,480188,22.17,254380,52.98
6ae48275-3bcd-459b-a4f3-4818b161e955,14/09/2016,Sep-16,9,2016,THEEWATERSKLOOF,Major Dam,480188,22.16,254034,52.9
741c17d9-b53d-450a-a2bd-b6f7478f7123,15/09/2016,Sep-16,9,2016,THEEWATERSKLOOF,Major Dam,480188,22.15,253688,52.83
87cb2ed3-5cf4-4994-ba44-761e18485d43,16/09/2016,Sep-16,9,2016,THEEWATERSKLOOF,Major Dam,480188,22.15,253688,52.83
a04eff1d-cc55-40ab-97ab-942c70120fcf,17/09/2016,Sep-16,9,2016,THEEWATERSKLOOF,Major Dam,480188,22.2,255421,53.19
81f5d6f5-a909-4a23-9da5-564b4a230639,18/09/2016,Sep-16,9,2016,THEEWATERSKLOOF,Major Dam,480188,22.2,255421,53.19
000e9002-a058-420a-b51d-246498e93b66,19/09/2016,Sep-16,9,2016,THEEWATERSKLOOF,Major Dam,480188,22.22,256116,53.34
78765e51-bb8d-4040-af30-6df641169f22,20/09/2016,Sep-16,9,2016,THEEWATERSKLOOF,Major Dam,480188,22.22,256116,53.34
e03583c7-9647-4b89-9acb-53d02cc3a5ae,21/09/2016,Sep-16,9,2016,THEEWATERSKLOOF,Major Dam,480188,22.21,255768,53.26
dd4ff990-3817-4cf5-ae2e-5bd180e57b4a,22/09/2016,Sep-16,9,2016,THEEWATERSKLOOF,Major Dam,480188,22.21,255768,53.26
50d39b2a-95d4-4abd-a863-ee5b134f60ef,23/09/2016,Sep-16,9,2016,THEEWATERSKLOOF,Major Dam,480188,22.21,255768,53.26
0e287b53-9ee5-4a8a-beed-64b35a4219d6,24/09/2016,Sep-16,9,2016,THEEWATERSKLOOF,Major Dam,480188,22.2,255421,53.19
80f8b719-3aa3-4e68-8bd8-0fe0e5b80182,25/09/2016,Sep-16,9,2016,THEEWATERSKLOOF,Major Dam,480188,22.2,255421,53.19
d4c51959-bc70-4308-9d15-92c946003e60,26/09/2016,Sep-16,9,2016,THEEWATERSKLOOF,Major Dam,480188,22.21,255768,53.26
cb76b6a8-9177-4230-b06e-b45abe6f93cb,27/09/2016,Sep-16,9,2016,THEEWATERSKLOOF,Major Dam,480188,22.21,255768,53.26
ba9c4c7b-14d2-4ca8-8d07-249ff8cad585,28/09/2016,Sep-16,9,2016,THEEWATERSKLOOF,Major Dam,480188,22.21,255768,53.26
68ebdb1f-3505-46a6-b002-8c87e8c7d32c,29/09/2016,Sep-16,9,2016,THEEWATERSKLOOF,Major Dam,480188,22.21,255768,53.26
4b8695b0-9137-4a15-b29f-74b3c35d4839,30/09/2016,Sep-16,9,2016,THEEWATERSKLOOF,Major Dam,480188,22.21,255768,53.26
df28a6d0-1e6a-457c-bc0d-6f85f7f74cd5,01/10/2016,Oct-16,10,2016,THEEWATERSKLOOF,Major Dam,480188,22.22,256116,53.34
ad71f159-994b-431a-a436-d8a80c1fffd0,02/10/2016,Oct-16,10,2016,THEEWATERSKLOOF,Major Dam,480188,22.22,256116,53.34
b7d13fba-7177-42f3-b003-ed9645bc8f2d,03/10/2016,Oct-16,10,2016,THEEWATERSKLOOF,Major Dam,480188,22.2,255421,53.19
cd5cf82b-3b7a-4b55-8297-94e6c36b45b3,04/10/2016,Oct-16,10,2016,THEEWATERSKLOOF,Major Dam,480188,22.18,254727,53.05
0f055459-2b16-429c-9166-76e4a00b0ee3,05/10/2016,Oct-16,10,2016,THEEWATERSKLOOF,Major Dam,480188,22.17,254380,52.98
4db46c95-f01f-428c-b817-e9f171582934,06/10/2016,Oct-16,10,2016,THEEWATERSKLOOF,Major Dam,480188,22.18,254727,53.05
cea3b923-e1aa-4111-9967-d7da202fa0af,07/10/2016,Oct-16,10,2016,THEEWATERSKLOOF,Major Dam,480188,22.15,253688,52.83
ad5404ed-3318-486d-a2d8-3ca5e1c5dc25,08/10/2016,Oct-16,10,2016,THEEWATERSKLOOF,Major Dam,480188,22.15,253688,52.83
4ed15da1-6f09-4950-a352-59cd38460310,09/10/2016,Oct-16,10,2016,THEEWATERSKLOOF,Major Dam,480188,22.15,253688,52.83
d98240e2-fbb4-4050-a518-47812055f352,10/10/2016,Oct-16,10,2016,THEEWATERSKLOOF,Major Dam,480188,22.15,253688,52.83
51a124d2-86dd-4637-9bfe-c9762f8b3f24,11/10/2016,Oct-16,10,2016,THEEWATERSKLOOF,Major Dam,480188,22.1,251965,52.47
b8953325-ba41-4000-8d2e-523c0f11f1be,12/10/2016,Oct-16,10,2016,THEEWATERSKLOOF,Major Dam,480188,22.14,253343,52.76
443fe693-722a-4ad6-b8e7-cdf43c6b202a,13/10/2016,Oct-16,10,2016,THEEWATERSKLOOF,Major Dam,480188,22.14,253343,52.76
7a076338-0d52-4bda-a802-48b536668bef,14/10/2016,Oct-16,10,2016,THEEWATERSKLOOF,Major Dam,480188,22.13,252998,52.69
4491d916-b47c-4550-827a-8b82f73daa2b,15/10/2016,Oct-16,10,2016,THEEWATERSKLOOF,Major Dam,480188,22.11,252309,52.54
75f1d91e-0ac1-4873-a9bb-54005e85ecbb,16/10/2016,Oct-16,10,2016,THEEWATERSKLOOF,Major Dam,480188,22.1,251965,52.47
136e068d-6dcd-46da-9c3f-d10c3d7f5fea,17/10/2016,Oct-16,10,2016,THEEWATERSKLOOF,Major Dam,480188,22.09,251621,52.4
118585b9-316d-49ba-83a8-893e9a2bc313,18/10/2016,Oct-16,10,2016,THEEWATERSKLOOF,Major Dam,480188,22.08,251278,52.33
66e4a338-aa94-4b10-8012-53f8cf60b2ed,19/10/2016,Oct-16,10,2016,THEEWATERSKLOOF,Major Dam,480188,22.06,250592,52.19
81db7044-d1d4-4126-b846-d79c32a492cc,20/10/2016,Oct-16,10,2016,THEEWATERSKLOOF,Major Dam,480188,22.05,250250,52.12
53009fe2-a44e-4ece-b893-2b2eb356cbe7,21/10/2016,Oct-16,10,2016,THEEWATERSKLOOF,Major Dam,480188,22.04,249908,52.04
6bf776da-8643-447c-b9f8-fa18fe4c48bc,22/10/2016,Oct-16,10,2016,THEEWATERSKLOOF,Major Dam,480188,22.04,249908,52.04
7c3c635e-9c9f-4f28-ade1-7152c949fcde,23/10/2016,Oct-16,10,2016,THEEWATERSKLOOF,Major Dam,480188,22.02,249226,51.9
be6e238b-2cc1-4fbb-bebb-667d20950d87,24/10/2016,Oct-16,10,2016,THEEWATERSKLOOF,Major Dam,480188,22.02,249226,51.9
b9d397f8-4b4e-4de9-be06-c5812f74c778,25/10/2016,Oct-16,10,2016,THEEWATERSKLOOF,Major Dam,480188,22.01,248885,51.83
78c02659-310d-4c12-b216-455f267d9923,26/10/2016,Oct-16,10,2016,THEEWATERSKLOOF,Major Dam,480188,21.99,248205,51.69
b53589bc-fc65-483e-ac55-27f7d59938f9,27/10/2016,Oct-16,10,2016,THEEWATERSKLOOF,Major Dam,480188,21.99,248205,51.69
19499dd6-0446-43d3-b4e2-d5bac509f72f,28/10/2016,Oct-16,10,2016,THEEWATERSKLOOF,Major Dam,480188,21.95,246848,51.41
8845a8f1-f031-42a4-ac5c-88999d8bd07a,29/10/2016,Oct-16,10,2016,THEEWATERSKLOOF,Major Dam,480188,21.94,246510,51.34
6f581898-103a-437b-b66d-9f7ed0a5deb2,30/10/2016,Oct-16,10,2016,THEEWATERSKLOOF,Major Dam,480188,21.94,246510,51.34
40896b94-e977-46be-bd07-29859803fec2,31/10/2016,Oct-16,10,2016,THEEWATERSKLOOF,Major Dam,480188,21.93,246174,51.27
010c6cd8-46e2-47df-8a0f-9ba89c9fa5d4,01/11/2016,Nov-16,11,2016,THEEWATERSKLOOF,Major Dam,480188,21.93,246174,51.27
ffeb9248-7437-4b68-8c1d-864f5c8ddfef,02/11/2016,Nov-16,11,2016,THEEWATERSKLOOF,Major Dam,480188,21.91,245502,51.13
ad8cf7dd-992c-4971-80af-3e9e2d958505,03/11/2016,Nov-16,11,2016,THEEWATERSKLOOF,Major Dam,480188,21.91,245502,51.13
071bac6c-494d-46f8-882c-2499f587c5c9,04/11/2016,Nov-16,11,2016,THEEWATERSKLOOF,Major Dam,480188,21.9,245167,51.06
1143bc4b-419a-4fe1-9de8-3778d6442351,05/11/2016,Nov-16,11,2016,THEEWATERSKLOOF,Major Dam,480188,21.86,243830,50.78
9eed2308-0379-492a-a837-a7a677cb2cb3,06/11/2016,Nov-16,11,2016,THEEWATERSKLOOF,Major Dam,480188,21.82,242499,50.5
697b5160-62ee-45e2-addf-dd0d2bd7361f,07/11/2016,Nov-16,11,2016,THEEWATERSKLOOF,Major Dam,480188,21.79,241504,50.29
793c4c1c-ff1d-4309-a703-83ece9ec2a1e,08/11/2016,Nov-16,11,2016,THEEWATERSKLOOF,Major Dam,480188,21.77,240843,50.16
81a2a86e-c00d-4a11-9a20-8b5a512f7f7d,09/11/2016,Nov-16,11,2016,THEEWATERSKLOOF,Major Dam,480188,21.75,240383,50.06
884a6f8f-b8f7-4fa2-be9e-44dac1ee1668,10/11/2016,Nov-16,11,2016,THEEWATERSKLOOF,Major Dam,480188,21.73,239525,49.88
faa70c96-9c52-4cf9-ba0b-4dcd12aae9de,11/11/2016,Nov-16,11,2016,THEEWATERSKLOOF,Major Dam,480188,21.64,236580,49.27
b0933927-670d-4f71-b04e-be9a667ea03b,12/11/2016,Nov-16,11,2016,THEEWATERSKLOOF,Major Dam,480188,21.62,235929,49.13
abda6977-17e9-4223-b7fd-837d2efee961,13/11/2016,Nov-16,11,2016,THEEWATERSKLOOF,Major Dam,480188,21.6,235280,49
e94e479a-b739-4f75-b4a6-b1877884ecba,14/11/2016,Nov-16,11,2016,THEEWATERSKLOOF,Major Dam,480188,21.58,234633,48.86
0c9e0f64-a3cb-4811-934b-1fdc1cc1cf5a,15/11/2016,Nov-16,11,2016,THEEWATERSKLOOF,Major Dam,480188,21.56,233986,48.73
0e70ba92-7ead-4d70-8e92-6a8ff7ae3337,16/11/2016,Nov-16,11,2016,THEEWATERSKLOOF,Major Dam,480188,21.5,232056,48.33
f57ef983-ca53-4d4f-b350-58e95bd19650,17/11/2016,Nov-16,11,2016,THEEWATERSKLOOF,Major Dam,480188,21.46,230776,48.06
69c8fa74-3efe-40c6-8ffa-c914fed561e9,18/11/2016,Nov-16,11,2016,THEEWATERSKLOOF,Major Dam,480188,21.44,230138,47.93
19fe355f-bb44-4c74-bfea-54d61ee25d4e,19/11/2016,Nov-16,11,2016,THEEWATERSKLOOF,Major Dam,480188,21.44,230138,47.93
b86c3d1f-9beb-4327-84fe-a7c6170f5d16,20/11/2016,Nov-16,11,2016,THEEWATERSKLOOF,Major Dam,480188,21.44,230138,47.93
9631e35f-46ca-4785-92cc-bb7a98054787,21/11/2016,Nov-16,11,2016,THEEWATERSKLOOF,Major Dam,480188,21.37,227916,47.46
6bf175f9-71a9-4189-b1b6-62e767104a8e,22/11/2016,Nov-16,11,2016,THEEWATERSKLOOF,Major Dam,480188,21.41,229183,47.73
b4e9704f-3431-4d6c-aee3-01dbfd74a4e7,23/11/2016,Nov-16,11,2016,THEEWATERSKLOOF,Major Dam,480188,21.38,228232,47.53
29eed6dc-c08e-4491-b91f-ca4412bd3c8b,24/11/2016,Nov-16,11,2016,THEEWATERSKLOOF,Major Dam,480188,21.36,227599,47.4
9ef2e1cf-1b4c-4f1c-bd3f-046cf4edcfc6,25/11/2016,Nov-16,11,2016,THEEWATERSKLOOF,Major Dam,480188,21.34,226968,47.27
6a8e2ac5-30dc-4a88-b29e-bca418c2466a,26/11/2016,Nov-16,11,2016,THEEWATERSKLOOF,Major Dam,480188,21.34,226968,47.27
be9500af-828c-496f-9ab0-22446b8245a2,27/11/2016,Nov-16,11,2016,THEEWATERSKLOOF,Major Dam,480188,21.34,226968,47.27
f0bead97-9b23-4f7b-b567-f3be918c9602,28/11/2016,Nov-16,11,2016,THEEWATERSKLOOF,Major Dam,480188,21.26,224457,46.74
b1042084-7603-4578-9965-d724d8eb56f1,29/11/2016,Nov-16,11,2016,THEEWATERSKLOOF,Major Dam,480188,21.24,223833,46.61
40176465-d508-4b99-b18b-40c60ee7aa03,30/11/2016,Nov-16,11,2016,THEEWATERSKLOOF,Major Dam,480188,21.21,222899,46.42
b96b8931-13b3-46af-bd69-4e01df49d52c,01/12/2016,Dec-16,12,2016,THEEWATERSKLOOF,Major Dam,480188,21.19,222278,46.29
11bfa1c5-2f38-471b-9ca8-39d828785b21,02/12/2016,Dec-16,12,2016,THEEWATERSKLOOF,Major Dam,480188,21.15,221040,46.03
608e9654-8fd9-4656-b718-595d585ccaf9,03/12/2016,Dec-16,12,2016,THEEWATERSKLOOF,Major Dam,480188,21.15,221040,46.03
2521943b-4022-4c5a-874c-f5ddb4d372c0,04/12/2016,Dec-16,12,2016,THEEWATERSKLOOF,Major Dam,480188,21.15,221040,46.03
5526cae9-f50b-44d1-89e3-0822b27e947b,05/12/2016,Dec-16,12,2016,THEEWATERSKLOOF,Major Dam,480188,21.05,217967,45.39
79a354d1-6cc3-4aba-8612-3e050ad8688d,06/12/2016,Dec-16,12,2016,THEEWATERSKLOOF,Major Dam,480188,21.03,217357,45.26
6407c74b-a7fe-4b79-bcde-714635d899a3,07/12/2016,Dec-16,12,2016,THEEWATERSKLOOF,Major Dam,480188,21,216443,45.07
1fdf973d-cde2-4339-a64b-2fb925d15c85,08/12/2016,Dec-16,12,2016,THEEWATERSKLOOF,Major Dam,480188,20.97,215533,44.89
154b1259-b555-4b4d-9a7f-27489f7066d8,09/12/2016,Dec-16,12,2016,THEEWATERSKLOOF,Major Dam,480188,20.89,213118,44.38
30f4e0cf-596d-412b-a22d-9ecc3443d14c,10/12/2016,Dec-16,12,2016,THEEWATERSKLOOF,Major Dam,480188,20.89,213118,44.38
c4b89a05-3be9-4290-9429-442e2d541712,11/12/2016,Dec-16,12,2016,THEEWATERSKLOOF,Major Dam,480188,20.89,213118,44.38
1834eedf-98d7-4165-94d9-583da16f387d,12/12/2016,Dec-16,12,2016,THEEWATERSKLOOF,Major Dam,480188,20.86,212217,44.19
5a6ebd9a-75f0-46a8-b2bc-057bfb89bc62,13/12/2016,Dec-16,12,2016,THEEWATERSKLOOF,Major Dam,480188,20.83,211319,44.01
4ee0312d-260e-4ff2-b035-c1bcbb5516af,14/12/2016,Dec-16,12,2016,THEEWATERSKLOOF,Major Dam,480188,20.8,210424,43.82
258c9f05-09ab-47ea-84dc-faae07d618ab,15/12/2016,Dec-16,12,2016,THEEWATERSKLOOF,Major Dam,480188,20.77,209532,43.64
8487108c-6717-4ec8-8e79-7b1c241fd376,16/12/2016,Dec-16,12,2016,THEEWATERSKLOOF,Major Dam,480188,20.77,209532,43.64
43b3a620-04c5-4b07-9ee1-1718038ab935,17/12/2016,Dec-16,12,2016,THEEWATERSKLOOF,Major Dam,480188,20.77,209532,43.64
f95c2491-e800-400c-896e-68461f75639a,18/12/2016,Dec-16,12,2016,THEEWATERSKLOOF,Major Dam,480188,20.77,209532,43.64
8b5f0e87-204f-4f15-a033-7627675ce892,19/12/2016,Dec-16,12,2016,THEEWATERSKLOOF,Major Dam,480188,20.65,205991,42.9
940a23c0-0bb6-466b-94c6-5936b1457dd5,20/12/2016,Dec-16,12,2016,THEEWATERSKLOOF,Major Dam,480188,20.62,205113,42.72
721cb9e9-dc6b-47ab-8fb5-1ab906bb729b,21/12/2016,Dec-16,12,2016,THEEWATERSKLOOF,Major Dam,480188,20.53,202495,42.17
81578257-de13-4940-9ed5-635f06b7ea6b,22/12/2016,Dec-16,12,2016,THEEWATERSKLOOF,Major Dam,480188,20.5,201628,41.99
fa94351e-1664-4a91-ba8e-21eef3e86c76,23/12/2016,Dec-16,12,2016,THEEWATERSKLOOF,Major Dam,480188,20.47,200764,41.81
642ad691-e229-474b-a22f-8119cefcd5c8,24/12/2016,Dec-16,12,2016,THEEWATERSKLOOF,Major Dam,480188,20.47,200764,41.81
a02dfda4-6807-4fae-bc34-f57b3c8b3350,25/12/2016,Dec-16,12,2016,THEEWATERSKLOOF,Major Dam,480188,20.47,200764,41.81
39f414a8-6911-42f7-bf80-8d00aff160f6,26/12/2016,Dec-16,12,2016,THEEWATERSKLOOF,Major Dam,480188,20.47,200764,41.81
132bfd02-b19a-4673-bf5e-496ba64d95e5,27/12/2016,Dec-16,12,2016,THEEWATERSKLOOF,Major Dam,480188,20.47,200764,41.81
c3f82267-1b38-47c8-b889-14c99082a48d,28/12/2016,Dec-16,12,2016,THEEWATERSKLOOF,Major Dam,480188,20.32,196482,40.92
677f0a79-6b7c-4668-8f98-a44852ded166,29/12/2016,Dec-16,12,2016,THEEWATERSKLOOF,Major Dam,480188,20.28,195352,40.68
f2b6bb05-a367-4426-8b49-394b368ecea7,30/12/2016,Dec-16,12,2016,THEEWATERSKLOOF,Major Dam,480188,20.25,194507,40.51
9a47a2f2-05eb-4127-acbf-df2ef4d10d3d,31/12/2016,Dec-16,12,2016,THEEWATERSKLOOF,Major Dam,480188,20.25,194507,40.51
dd041e26-f486-4a9f-97d6-630adf748821,01/01/2017,Jan-17,1,2017,THEEWATERSKLOOF,Major Dam,480188,20.25,194507,40.51
21e9197b-fa96-4c61-816d-07af9535c5e1,02/01/2017,Jan-17,1,2017,THEEWATERSKLOOF,Major Dam,480188,20.12,190878,39.75
281a07db-c76b-4d6b-9bbb-973daf5e0163,03/01/2017,Jan-17,1,2017,THEEWATERSKLOOF,Major Dam,480188,20.12,190878,39.75
377acab8-4dfd-444b-9bed-43deccd78409,04/01/2017,Jan-17,1,2017,THEEWATERSKLOOF,Major Dam,480188,20.09,190047,39.58
4a6e400c-b660-4e6b-bd3c-295fa9ffab62,05/01/2017,Jan-17,1,2017,THEEWATERSKLOOF,Major Dam,480188,20.06,189219,39.41
e885be40-ec8b-4822-85af-27cd6db097dc,06/01/2017,Jan-17,1,2017,THEEWATERSKLOOF,Major Dam,480188,20.03,188394,39.23
f9df8f40-08c9-4dca-8a30-b6338956be11,07/01/2017,Jan-17,1,2017,THEEWATERSKLOOF,Major Dam,480188,20.03,188394,39.23
8046182a-8ee4-46b3-ba42-04aa507a675f,08/01/2017,Jan-17,1,2017,THEEWATERSKLOOF,Major Dam,480188,20.03,188394,39.23
aa29b191-7c42-40ad-a2ce-f7cf5d283a0f,09/01/2017,Jan-17,1,2017,THEEWATERSKLOOF,Major Dam,480188,19.91,185117,38.55
ee65a73e-f6a6-47e1-ba15-7464258393f6,10/01/2017,Jan-17,1,2017,THEEWATERSKLOOF,Major Dam,480188,19.86,183762,38.27
904d8bb9-c6c4-4c02-ad4c-468ff983533b,11/01/2017,Jan-17,1,2017,THEEWATERSKLOOF,Major Dam,480188,19.83,182952,38.1
49479f23-409b-43b6-ada5-cb56ee62c0fb,12/01/2017,Jan-17,1,2017,THEEWATERSKLOOF,Major Dam,480188,19.8,182145,37.93
b3d43341-ccb0-4d22-8ea2-2d90322bd0d0,13/01/2017,Jan-17,1,2017,THEEWATERSKLOOF,Major Dam,480188,19.74,180539,37.6
bd5a31b7-cd01-4517-8580-7f0633ea337b,14/01/2017,Jan-17,1,2017,THEEWATERSKLOOF,Major Dam,480188,19.74,180539,37.6
a74a3e12-18c0-4a2c-b257-677c8f1fa786,15/01/2017,Jan-17,1,2017,THEEWATERSKLOOF,Major Dam,480188,19.74,180539,37.6
63b825df-e695-4e8e-9cd4-dd5273d506bd,16/01/2017,Jan-17,1,2017,THEEWATERSKLOOF,Major Dam,480188,19.6,176830,36.83
d4185ad1-fdd1-4e54-b85f-4b9b420ae0fe,17/01/2017,Jan-17,1,2017,THEEWATERSKLOOF,Major Dam,480188,19.57,176043,36.66
797e6a99-9d29-4047-a4be-66977056be1e,18/01/2017,Jan-17,1,2017,THEEWATERSKLOOF,Major Dam,480188,19.54,175258,36.5
49593a6d-94fc-4859-afc7-eb882821b2c2,19/01/2017,Jan-17,1,2017,THEEWATERSKLOOF,Major Dam,480188,19.48,173695,36.17
de0e25d6-ee5d-4783-b91e-7804c7c6679a,20/01/2017,Jan-17,1,2017,THEEWATERSKLOOF,Major Dam,480188,19.44,172659,35.96
62712884-3576-4713-be30-20901119b56c,21/01/2017,Jan-17,1,2017,THEEWATERSKLOOF,Major Dam,480188,19.44,172659,35.96
52eb66a8-6231-4bdc-bb47-84180dbc8436,22/01/2017,Jan-17,1,2017,THEEWATERSKLOOF,Major Dam,480188,19.44,172659,35.96
99500c63-4073-4449-97db-27b8795b8202,23/01/2017,Jan-17,1,2017,THEEWATERSKLOOF,Major Dam,480188,19.3,169068,35.21
5487ba6e-4817-4ecd-8dc4-fe735923b148,24/01/2017,Jan-17,1,2017,THEEWATERSKLOOF,Major Dam,480188,19.27,168305,35.05
5d630e3e-6ce2-4c81-9100-ca3da269183c,25/01/2017,Jan-17,1,2017,THEEWATERSKLOOF,Major Dam,480188,19.23,167292,34.84
dcdd14d3-426c-4f74-8c4b-5dbebab03287,26/01/2017,Jan-17,1,2017,THEEWATERSKLOOF,Major Dam,480188,19.17,165781,34.52
afa232c8-addf-4e1e-8f0d-045e29d79084,27/01/2017,Jan-17,1,2017,THEEWATERSKLOOF,Major Dam,480188,19.17,165781,34.52
646256a6-07af-4d83-8b1c-3dd571ff6382,28/01/2017,Jan-17,1,2017,THEEWATERSKLOOF,Major Dam,480188,19.17,165781,34.52
92d38ae9-89ea-48c6-bcc7-8ae014935244,29/01/2017,Jan-17,1,2017,THEEWATERSKLOOF,Major Dam,480188,19.17,165781,34.52
931414cb-a9ea-424b-9e3e-c7c09c5f2fb6,30/01/2017,Jan-17,1,2017,THEEWATERSKLOOF,Major Dam,480188,19.1,164031,34.16
a66511b4-3ca2-4da0-9727-63b140f48a51,31/01/2017,Jan-17,1,2017,THEEWATERSKLOOF,Major Dam,480188,19.06,163037,33.95
ae9503ed-9390-4668-9b68-bb36c55b2ad2,01/02/2017,Feb-17,2,2017,THEEWATERSKLOOF,Major Dam,480188,19.01,161801,33.7
f9a30583-5ef0-4b57-88a7-d40af80f7031,02/02/2017,Feb-17,2,2017,THEEWATERSKLOOF,Major Dam,480188,18.96,160571,33.44
61dac8df-6a3c-4287-a6b5-f9807761ba4c,03/02/2017,Feb-17,2,2017,THEEWATERSKLOOF,Major Dam,480188,18.92,159592,33.24
99fc118c-e700-46ee-a304-b89c14fdbc35,04/02/2017,Feb-17,2,2017,THEEWATERSKLOOF,Major Dam,480188,18.92,159592,33.24
5f03a85b-7ef3-4b6f-a18a-bc90e90b40dc,05/02/2017,Feb-17,2,2017,THEEWATERSKLOOF,Major Dam,480188,18.92,159592,33.24
16509d94-6e37-466c-8b47-47c82568ac3e,06/02/2017,Feb-17,2,2017,THEEWATERSKLOOF,Major Dam,480188,18.75,155482,32.38
f39bc459-c4e9-4636-a75c-d35a1c0f2e86,07/02/2017,Feb-17,2,2017,THEEWATERSKLOOF,Major Dam,480188,18.68,153812,32.03
d59eee22-d904-4b05-af43-d9d760a50fba,08/02/2017,Feb-17,2,2017,THEEWATERSKLOOF,Major Dam,480188,18.68,153812,32.03
0a0d81ef-cdac-411d-985b-88aae7c708f9,09/02/2017,Feb-17,2,2017,THEEWATERSKLOOF,Major Dam,480188,18.65,153100,31.88
20b30dd6-8902-4149-9148-7d17b92b0a0d,10/02/2017,Feb-17,2,2017,THEEWATERSKLOOF,Major Dam,480188,18.48,149113,31.05
465c4605-0d37-4cc3-8c64-d7d1150907bb,11/02/2017,Feb-17,2,2017,THEEWATERSKLOOF,Major Dam,480188,18.48,149113,31.05
695d8f0e-04bf-471a-a1e5-fd3bb4dce31b,12/02/2017,Feb-17,2,2017,THEEWATERSKLOOF,Major Dam,480188,18.48,149113,31.05
225ef934-e1f3-46a3-91a5-1cdfc5fc83f4,13/02/2017,Feb-17,2,2017,THEEWATERSKLOOF,Major Dam,480188,18.55,150745,31.39
b434da13-42fd-4470-9f7c-0cca8e10c863,14/02/2017,Feb-17,2,2017,THEEWATERSKLOOF,Major Dam,480188,18.52,150044,31.25
b67e496d-338a-44d6-860f-0f6807f0951a,15/02/2017,Feb-17,2,2017,THEEWATERSKLOOF,Major Dam,480188,18.35,146116,30.43
da6110f4-3c2f-4a6d-bd4e-2b95aabbb2aa,16/02/2017,Feb-17,2,2017,THEEWATERSKLOOF,Major Dam,480188,18.32,145431,30.29
7f2b683d-9632-4515-9f30-b6ccfd702dc7,17/02/2017,Feb-17,2,2017,THEEWATERSKLOOF,Major Dam,480188,18.29,144748,30.14
12b820ec-6c66-4d69-a6e6-6553a2b2ad6d,18/02/2017,Feb-17,2,2017,THEEWATERSKLOOF,Major Dam,480188,18.29,144748,30.14
cebd84fc-9352-432d-affe-ac0ce1617676,19/02/2017,Feb-17,2,2017,THEEWATERSKLOOF,Major Dam,480188,18.29,144748,30.14
a1250181-5ae1-4f3d-b24a-9a9b8bde2d85,20/02/2017,Feb-17,2,2017,THEEWATERSKLOOF,Major Dam,480188,18.15,141594,29.49
0f2a5e2d-b964-4039-bbd5-50ebd6c6c103,21/02/2017,Feb-17,2,2017,THEEWATERSKLOOF,Major Dam,480188,18.09,140257,29.21
66d9a767-5101-4a80-b9fe-df09725f056f,22/02/2017,Feb-17,2,2017,THEEWATERSKLOOF,Major Dam,480188,18.03,138931,28.93
f9ed3cdd-dd8f-4599-a9a6-9811653a881d,23/02/2017,Feb-17,2,2017,THEEWATERSKLOOF,Major Dam,480188,17.99,138051,28.75
1a1b7f4f-4253-44e2-b95d-7a0330a50b18,24/02/2017,Feb-17,2,2017,THEEWATERSKLOOF,Major Dam,480188,17.95,137176,28.57
d05ab02d-243a-4038-9b48-ab9c3bb16e16,25/02/2017,Feb-17,2,2017,THEEWATERSKLOOF,Major Dam,480188,17.95,137176,28.57
bb9d98dd-3a4f-480d-87df-e61c47126bdf,26/02/2017,Feb-17,2,2017,THEEWATERSKLOOF,Major Dam,480188,17.95,137176,28.57
2083079e-994e-4419-a837-81d6c1d923c5,27/02/2017,Feb-17,2,2017,THEEWATERSKLOOF,Major Dam,480188,17.86,135221,28.16
61c3b0e7-f9b7-46f9-931d-e16741cc1f1c,28/02/2017,Feb-17,2,2017,THEEWATERSKLOOF,Major Dam,480188,17.82,134359,27.98
c199cc09-02df-4df5-9078-aca3b8339fe5,01/03/2017,Mar-17,3,2017,THEEWATERSKLOOF,Major Dam,480188,17.73,132434,27.58
564cfd7b-0186-4289-91c9-ea2d15af5d46,02/03/2017,Mar-17,3,2017,THEEWATERSKLOOF,Major Dam,480188,17.68,131374,27.36
3eb35ba1-1845-4733-9cfe-e6f441a8fa5f,03/03/2017,Mar-17,3,2017,THEEWATERSKLOOF,Major Dam,480188,17.64,130530,27.18
07815dcf-c1a2-4b54-b0db-4ca8235e6ad2,04/03/2017,Mar-17,3,2017,THEEWATERSKLOOF,Major Dam,480188,17.64,130530,27.18
3b2e1017-cc1d-49e3-8f01-d17afafd96ea,05/03/2017,Mar-17,3,2017,THEEWATERSKLOOF,Major Dam,480188,17.64,130530,27.18
8f2993ca-c1b1-4ba3-b6bf-f65d0e32797e,06/03/2017,Mar-17,3,2017,THEEWATERSKLOOF,Major Dam,480188,17.5,127611,26.58
0df679b4-cafb-478d-9074-47a536d8f50f,07/03/2017,Mar-17,3,2017,THEEWATERSKLOOF,Major Dam,480188,17.45,126580,26.36
fe56d7a8-ac5c-48e1-9bf4-d253ac4b1a44,08/03/2017,Mar-17,3,2017,THEEWATERSKLOOF,Major Dam,480188,17.39,125353,26.1
13069f0b-1fed-4176-8b6b-633bf590eb66,09/03/2017,Mar-17,3,2017,THEEWATERSKLOOF,Major Dam,480188,17.32,123932,25.81
ed2607de-e0f7-47f1-8b9f-0f95797e69ec,10/03/2017,Mar-17,3,2017,THEEWATERSKLOOF,Major Dam,480188,17.28,123126,25.64
1c22a781-8fa8-4ceb-977c-142427570a30,11/03/2017,Mar-17,3,2017,THEEWATERSKLOOF,Major Dam,480188,17.28,123126,25.64
6c72d1b4-4513-4d4e-97fb-5e196e0b8bdd,12/03/2017,Mar-17,3,2017,THEEWATERSKLOOF,Major Dam,480188,17.28,123126,25.64
a2237f9b-cba2-4fbe-9d98-31ccc80f64f8,13/03/2017,Mar-17,3,2017,THEEWATERSKLOOF,Major Dam,480188,17.14,120337,25.06
6041f802-677b-4743-af85-9beba700031c,14/03/2017,Mar-17,3,2017,THEEWATERSKLOOF,Major Dam,480188,17.1,119550,24.9
e0e50e76-c0a2-4ae7-9b08-616ebd8bca81,15/03/2017,Mar-17,3,2017,THEEWATERSKLOOF,Major Dam,480188,17.06,118766,24.73
36b77411-97a3-4011-a2fc-d348d01302a7,16/03/2017,Mar-17,3,2017,THEEWATERSKLOOF,Major Dam,480188,17.02,117987,24.57
7e40cbd2-03eb-4101-809b-e90dede6214a,17/03/2017,Mar-17,3,2017,THEEWATERSKLOOF,Major Dam,480188,16.96,116826,24.33
0b649108-9e14-4bdc-9d93-c57d6edecee0,18/03/2017,Mar-17,3,2017,THEEWATERSKLOOF,Major Dam,480188,16.96,116826,24.33
72fb7f17-f1a5-4f9c-be6e-0dd3418f06f4,19/03/2017,Mar-17,3,2017,THEEWATERSKLOOF,Major Dam,480188,16.96,116826,24.33
30180328-9e76-465e-8806-9a9307f72dc8,20/03/2017,Mar-17,3,2017,THEEWATERSKLOOF,Major Dam,480188,16.81,113964,23.73
9cc88d33-323c-4c6d-b344-649ec4a60ca7,21/03/2017,Mar-17,3,2017,THEEWATERSKLOOF,Major Dam,480188,16.81,113964,23.73
f1069f05-767e-4634-b86f-32c0dc9abfa9,22/03/2017,Mar-17,3,2017,THEEWATERSKLOOF,Major Dam,480188,16.73,112461,23.42
d4c0d8e2-b8bd-4801-9910-a35e32a67e0d,23/03/2017,Mar-17,3,2017,THEEWATERSKLOOF,Major Dam,480188,16.68,111530,23.23
19917e5b-44cf-40bc-ac91-b808654760b7,24/03/2017,Mar-17,3,2017,THEEWATERSKLOOF,Major Dam,480188,16.63,110606,23.03
4f69bb38-6d6f-40e2-8d3c-3c864301e822,25/03/2017,Mar-17,3,2017,THEEWATERSKLOOF,Major Dam,480188,16.63,110606,23.03
a0ff414c-669b-4e0b-ac20-63b50e293eb7,26/03/2017,Mar-17,3,2017,THEEWATERSKLOOF,Major Dam,480188,16.63,110606,23.03
e4aecb64-59bf-478e-83af-8cf56ae8bb09,27/03/2017,Mar-17,3,2017,THEEWATERSKLOOF,Major Dam,480188,16.45,107332,22.35
32daf7a1-e60c-452b-bf7a-5dbd9a48866a,28/03/2017,Mar-17,3,2017,THEEWATERSKLOOF,Major Dam,480188,16.41,106616,22.2
30b62e10-9e03-4968-a5d0-dc35c1da7841,29/03/2017,Mar-17,3,2017,THEEWATERSKLOOF,Major Dam,480188,16.36,105726,22.02
8027c827-e6f4-4eed-b8de-955f8d8f5d78,30/03/2017,Mar-17,3,2017,THEEWATERSKLOOF,Major Dam,480188,16.33,105196,21.91
c622bb4a-f5a8-4421-af5d-57b5eaf4e9fc,31/03/2017,Mar-17,3,2017,THEEWATERSKLOOF,Major Dam,480188,16.3,104667,21.8
b269691d-17b9-41fe-a15b-32e56c419b16,01/04/2017,Apr-17,4,2017,THEEWATERSKLOOF,Major Dam,480188,16.3,104667,21.8
02d3f3e0-43c7-4f6a-b9ea-c7bac60b58f6,02/04/2017,Apr-17,4,2017,THEEWATERSKLOOF,Major Dam,480188,16.3,104667,21.8
c8b60f50-9aa3-4bc9-b3c3-8824e7697975,03/04/2017,Apr-17,4,2017,THEEWATERSKLOOF,Major Dam,480188,16.12,101547,21.15
6289be74-2a9b-459e-be44-be6cb14e9da1,04/04/2017,Apr-17,4,2017,THEEWATERSKLOOF,Major Dam,480188,16.09,101035,21.04
ab219980-d0f3-43cc-a865-e2987213cf59,05/04/2017,Apr-17,4,2017,THEEWATERSKLOOF,Major Dam,480188,16.05,100356,20.9
33f59080-093b-4e84-bedf-ff3259f8de17,06/04/2017,Apr-17,4,2017,THEEWATERSKLOOF,Major Dam,480188,15.96,98843,20.58
eb61976c-01ac-4f40-9551-6ab52facba15,07/04/2017,Apr-17,4,2017,THEEWATERSKLOOF,Major Dam,480188,15.93,98345,20.48
b87f87b9-9e4d-4bce-ae4e-78a541b35c3c,08/04/2017,Apr-17,4,2017,THEEWATERSKLOOF,Major Dam,480188,15.93,98345,20.48
8f812f6e-8fce-49da-a8af-21f60bbfe96e,09/04/2017,Apr-17,4,2017,THEEWATERSKLOOF,Major Dam,480188,15.93,98345,20.48
87399f34-949e-48ea-ab12-cd5dce723c5c,10/04/2017,Apr-17,4,2017,THEEWATERSKLOOF,Major Dam,480188,15.8,96215,20.04
24ea4320-fe25-436c-b5d3-dff08bfd3b54,11/04/2017,Apr-17,4,2017,THEEWATERSKLOOF,Major Dam,480188,15.71,94766,19.74
04fac898-d686-499a-9123-37b23be341da,12/04/2017,Apr-17,4,2017,THEEWATERSKLOOF,Major Dam,480188,15.66,93970,19.57
00254a51-0331-471a-87b0-1f0b54e5dbb7,13/04/2017,Apr-17,4,2017,THEEWATERSKLOOF,Major Dam,480188,15.61,93180,19.4
9606834d-a44c-45e7-b309-6317be9693ff,14/04/2017,Apr-17,4,2017,THEEWATERSKLOOF,Major Dam,480188,15.61,93180,19.4
fdd95fb9-b443-410c-aadc-dda6709fbf25,15/04/2017,Apr-17,4,2017,THEEWATERSKLOOF,Major Dam,480188,15.61,93180,19.4
d1ab453a-40b5-4596-9ace-ae654dbfcd54,16/04/2017,Apr-17,4,2017,THEEWATERSKLOOF,Major Dam,480188,15.61,93180,19.4
68c3a327-5b7f-49ad-9b24-045b1a4afb4f,17/04/2017,Apr-17,4,2017,THEEWATERSKLOOF,Major Dam,480188,15.4,89928,18.73
01986a6c-ecae-450a-bda9-6fdf9f4d1d68,18/04/2017,Apr-17,4,2017,THEEWATERSKLOOF,Major Dam,480188,15.35,89169,18.57
1646eb3e-dc61-45cf-9b99-4065b0ae48fe,19/04/2017,Apr-17,4,2017,THEEWATERSKLOOF,Major Dam,480188,15.31,88566,18.44
b6ce5d9e-b48c-4a43-ac50-6b4d95aed39a,20/04/2017,Apr-17,4,2017,THEEWATERSKLOOF,Major Dam,480188,15.26,87818,18.29
f774a7e0-fb94-400a-b661-dd82b6506d34,21/04/2017,Apr-17,4,2017,THEEWATERSKLOOF,Major Dam,480188,15.22,87224,18.16
e7396cf8-dd24-4e30-bb28-981be26e19a3,22/04/2017,Apr-17,4,2017,THEEWATERSKLOOF,Major Dam,480188,15.22,87224,18.16
d049994a-8afe-4c94-a9ff-02b46037bb31,23/04/2017,Apr-17,4,2017,THEEWATERSKLOOF,Major Dam,480188,15.22,87224,18.16
659c8458-748b-4ef7-ae3e-9e5a570b5099,24/04/2017,Apr-17,4,2017,THEEWATERSKLOOF,Major Dam,480188,15.01,84163,17.53
9053ba6e-412f-42c6-9cd9-8949c022613e,25/04/2017,Apr-17,4,2017,THEEWATERSKLOOF,Major Dam,480188,15.01,84163,17.53
2b42b1b7-e371-4282-bcb8-673027296aaa,26/04/2017,Apr-17,4,2017,THEEWATERSKLOOF,Major Dam,480188,14.97,83592,17.41
ae6b2383-73e2-4c05-9a4e-6331cec18f93,27/04/2017,Apr-17,4,2017,THEEWATERSKLOOF,Major Dam,480188,14.97,83592,17.41
e5cf809e-9d14-4875-98f8-ba17a7645a6a,28/04/2017,Apr-17,4,2017,THEEWATERSKLOOF,Major Dam,480188,14.86,82040,17.08
7e4bfcb0-8216-4d83-a71a-5ce97807e713,29/04/2017,Apr-17,4,2017,THEEWATERSKLOOF,Major Dam,480188,14.86,82040,17.08
faa4ac2c-b834-49b3-a928-e1eeeafc9f56,30/04/2017,Apr-17,4,2017,THEEWATERSKLOOF,Major Dam,480188,14.86,82040,17.08
1bb9a280-4fa6-4af2-bfbd-d7a3c66f88ae,01/05/2017,May-17,5,2017,THEEWATERSKLOOF,Major Dam,480188,14.86,82040,17.08
8414e8d2-632d-466f-b6a9-0d6000dcec82,02/05/2017,May-17,5,2017,THEEWATERSKLOOF,Major Dam,480188,14.07,71618,14.91
13c7523b-1657-42be-a3fd-be5b87335a2a,03/05/2017,May-17,5,2017,THEEWATERSKLOOF,Major Dam,480188,14.66,79286,16.51
62c5e934-c15a-4787-908e-58c025a2c25d,04/05/2017,May-17,5,2017,THEEWATERSKLOOF,Major Dam,480188,14.62,78745,16.4
85e0a92d-3e0e-4f4d-b34a-bcc4a4667dd5,05/05/2017,May-17,5,2017,THEEWATERSKLOOF,Major Dam,480188,14.58,78208,16.29
aca7a01e-0eef-4f32-9994-bed37633672e,06/05/2017,May-17,5,2017,THEEWATERSKLOOF,Major Dam,480188,14.58,78208,16.29
d2d97014-77b9-4da9-8c4f-a59403d6aaa7,07/05/2017,May-17,5,2017,THEEWATERSKLOOF,Major Dam,480188,14.58,78208,16.29
6a9ac023-3555-4d6b-88b7-294fc44a9d80,08/08/2017,Aug-17,8,2017,THEEWATERSKLOOF,Major Dam,480188,14.38,75566,15.74
ca4826a7-2c09-4a69-be36-0dbefcd4348a,09/05/2017,May-17,5,2017,THEEWATERSKLOOF,Major Dam,480188,14.34,75047,15.63
ed21fb67-47de-47a6-8ba2-75b05946c0f6,10/05/2017,May-17,5,2017,THEEWATERSKLOOF,Major Dam,480188,14.3,74531,15.52
6cb03424-8da0-4d98-a3fc-cb2591ccccaf,11/05/2017,May-17,5,2017,THEEWATERSKLOOF,Major Dam,480188,14.26,74018,15.41
0813f90a-9925-4ef1-993d-b36a2269e38d,12/05/2017,May-17,5,2017,THEEWATERSKLOOF,Major Dam,480188,14.22,73507,15.31
7ac2f0f1-89a2-4237-adce-0f63427e559f,13/05/2017,May-17,5,2017,THEEWATERSKLOOF,Major Dam,480188,14.22,73507,15.31
7db10123-7791-4636-8682-87e0619578a6,14/05/2017,May-17,5,2017,THEEWATERSKLOOF,Major Dam,480188,14.22,73507,15.31
91d9cc2b-094b-4862-ab57-05a4b93e44fb,15/05/2017,May-17,5,2017,THEEWATERSKLOOF,Major Dam,480188,14.1,71993,14.99
13d901ff-e795-4137-8796-58d5607bdbe0,16/05/2017,May-17,5,2017,THEEWATERSKLOOF,Major Dam,480188,14.06,71494,14.89
f5af6f5d-e849-4912-9e30-4c43ea67df76,17/05/2017,May-17,5,2017,THEEWATERSKLOOF,Major Dam,480188,14.02,70997,14.79
456a9e3b-4429-4595-92e1-dfa272200a25,18/05/2017,May-17,5,2017,THEEWATERSKLOOF,Major Dam,480188,13.98,70503,14.68
80d43e02-2369-41fb-b972-34f752df8149,19/05/2017,May-17,5,2017,THEEWATERSKLOOF,Major Dam,480188,13.95,70135,14.61
703fdeaa-4e21-4944-adda-911d3757123c,20/05/2017,May-17,5,2017,THEEWATERSKLOOF,Major Dam,480188,13.95,70135,14.61
98005c23-1eae-435a-95f1-da9c51ad497e,21/05/2017,May-17,5,2017,THEEWATERSKLOOF,Major Dam,480188,13.95,70135,14.61
f7d4b552-563b-4296-9c78-04a1f31428b0,22/05/2017,May-17,5,2017,THEEWATERSKLOOF,Major Dam,480188,13.83,68675,14.3
fcb4a9b3-9606-4fd3-b080-050bcc1d6cf7,23/05/2017,May-17,5,2017,THEEWATERSKLOOF,Major Dam,480188,13.8,68313,14.23
a0e1d2fd-0416-477b-b3db-7c11603a6012,24/05/2017,May-17,5,2017,THEEWATERSKLOOF,Major Dam,480188,13.77,67953,14.15
dc9a965c-220f-44e1-89bb-192e3131d9ad,25/05/2017,May-17,5,2017,THEEWATERSKLOOF,Major Dam,480188,13.73,67475,14.05
e8776126-2e66-4488-9967-98ef813e169c,26/05/2017,May-17,5,2017,THEEWATERSKLOOF,Major Dam,480188,13.7,67118,13.98
764b6d2c-8d7a-4535-9d3c-d33555b5bc10,27/05/2017,May-17,5,2017,THEEWATERSKLOOF,Major Dam,480188,13.67,66763,13.9
effc2105-af5a-42cc-ae25-f0da2226f4e9,28/05/2017,May-17,5,2017,THEEWATERSKLOOF,Major Dam,480188,13.64,66408,13.83
1e23a656-89c7-4293-bbe8-ec05632f3aec,29/05/2017,May-17,5,2017,THEEWATERSKLOOF,Major Dam,480188,13.57,65587,13.66
5b40610a-c063-4167-bb87-cb0eff8185eb,30/05/2017,May-17,5,2017,THEEWATERSKLOOF,Major Dam,480188,13.55,65353,13.61
01668020-7174-4a88-b4f7-93b839ec3d92,31/05/2017,May-17,5,2017,THEEWATERSKLOOF,Major Dam,480188,13.53,65120,13.56
c05815d8-82f3-427e-aa74-8de8836aa010,01/06/2017,Jun-17,6,2017,THEEWATERSKLOOF,Major Dam,480188,13.51,64888,13.51
cbc96268-646d-4a05-9ed2-1e4389a1ffe0,02/06/2017,Jun-17,6,2017,THEEWATERSKLOOF,Major Dam,480188,13.5,64772,13.49
71311b7a-a110-4d4c-8276-6a433dc89277,03/06/2017,Jun-17,6,2017,THEEWATERSKLOOF,Major Dam,480188,13.48,64540,13.44
f1f02724-9579-48e9-b648-4667accd05d2,04/06/2017,Jun-17,6,2017,THEEWATERSKLOOF,Major Dam,480188,13.46,64309,13.39
87e6cd84-a789-40eb-9d60-08c69e30ba66,05/06/2017,Jun-17,6,2017,THEEWATERSKLOOF,Major Dam,480188,13.49,64656,13.46
eddb8bb5-2635-435e-a84b-a5801c9a3a92,06/06/2017,Jun-17,6,2017,THEEWATERSKLOOF,Major Dam,480188,13.47,64425,13.42
910a7ea0-57f5-45ec-9b9a-91dd48b56603,07/06/2017,Jun-17,6,2017,THEEWATERSKLOOF,Major Dam,480188,13.47,64425,13.42
36cf5d36-1424-4e04-98c3-b828683b9a88,08/06/2017,Jun-17,6,2017,THEEWATERSKLOOF,Major Dam,480188,13.75,67714,14.1
37d0805b-561e-4eae-a261-28ad61ff9772,09/06/2017,Jun-17,6,2017,THEEWATERSKLOOF,Major Dam,480188,13.96,70257,14.63
762709bc-409b-4cdb-8982-2b56fab77d66,10/06/2017,Jun-17,6,2017,THEEWATERSKLOOF,Major Dam,480188,13.99,70627,14.71
5b3c38c2-e050-4d4a-8cf1-36e06c73dd66,11/06/2017,Jun-17,6,2017,THEEWATERSKLOOF,Major Dam,480188,14.06,71494,14.89
7f872a6d-39b0-4d5f-9367-b2c893747160,12/06/2017,Jun-17,6,2017,THEEWATERSKLOOF,Major Dam,480188,14.23,73635,15.33
84b985c5-e611-43fb-9a75-53687a5b2b70,13/06/2017,Jun-17,6,2017,THEEWATERSKLOOF,Major Dam,480188,14.26,74018,15.41
f1c300af-d078-4094-82c0-7075d3550077,14/06/2017,Jun-17,6,2017,THEEWATERSKLOOF,Major Dam,480188,14.28,74274,15.47
eb7a539d-f4f9-48a9-8f11-4b2e76652720,15/06/2017,Jun-17,6,2017,THEEWATERSKLOOF,Major Dam,480188,14.7,79830,16.62
8ea28bdc-2d96-4d6c-b50f-da23cef7b56a,16/06/2017,Jun-17,6,2017,THEEWATERSKLOOF,Major Dam,480188,14.8,81205,16.91
5d2da185-82b6-4b6f-b355-de783e90d982,17/06/2017,Jun-17,6,2017,THEEWATERSKLOOF,Major Dam,480188,14.9,82601,17.2
02508311-9868-490c-bc12-4da74bf4e565,18/06/2017,Jun-17,6,2017,THEEWATERSKLOOF,Major Dam,480188,14.95,83307,17.35
f1677092-cc6f-4bdb-995e-8bf7bffd87bf,19/06/2017,Jun-17,6,2017,THEEWATERSKLOOF,Major Dam,480188,14.95,83307,17.35
cf3d3ebe-2868-47d6-abd5-45cafae07f67,20/06/2017,Jun-17,6,2017,THEEWATERSKLOOF,Major Dam,480188,14.97,83592,17.41
6f95eb17-cfbe-4952-b787-db04f6ebea4a,21/06/2017,Jun-17,6,2017,THEEWATERSKLOOF,Major Dam,480188,15.02,84307,17.56
c35bd95b-b7f9-4204-bbf7-77b9e2eb291e,22/06/2017,Jun-17,6,2017,THEEWATERSKLOOF,Major Dam,480188,15.02,84307,17.56
0b869aa6-f4c4-43ee-9d92-55af5881fe8f,23/06/2017,Jun-17,6,2017,THEEWATERSKLOOF,Major Dam,480188,15.2,86928,18.1
ebc6dcf9-cdd3-4537-88f6-5dade479e8dd,24/06/2017,Jun-17,6,2017,THEEWATERSKLOOF,Major Dam,480188,15.28,88117,18.35
7a99197d-da26-49fb-bf67-5ffcba59acb5,25/06/2017,Jun-17,6,2017,THEEWATERSKLOOF,Major Dam,480188,15.37,89472,18.63
944a0cfb-fe77-4d3b-949d-db2a56f5a3a2,26/06/2017,Jun-17,6,2017,THEEWATERSKLOOF,Major Dam,480188,15.45,90692,18.89
aee96731-424c-4fc7-8c97-ce786b49b8a1,27/06/2017,Jun-17,6,2017,THEEWATERSKLOOF,Major Dam,480188,15.47,91000,18.95
afbea335-c1cc-4d31-8d3f-720c0f2f34ff,28/06/2017,Jun-17,6,2017,THEEWATERSKLOOF,Major Dam,480188,15.5,91463,19.05
f774e08d-0feb-4740-b193-f4cdc8289727,29/06/2017,Jun-17,6,2017,THEEWATERSKLOOF,Major Dam,480188,15.53,91928,19.14
cb87258f-883c-46b0-b403-45e4eabea690,30/06/2017,Jun-17,6,2017,THEEWATERSKLOOF,Major Dam,480188,15.53,91928,19.14
12c2311b-f84b-47b8-8389-466348096f5c,01/07/2017,Jul-17,7,2017,THEEWATERSKLOOF,Major Dam,480188,15.6,93022,19.37
4c48755b-fddc-4bc3-828c-23b1a9f0fe98,02/07/2017,Jul-17,7,2017,THEEWATERSKLOOF,Major Dam,480188,15.62,93337,19.44
a17cad13-7e43-4186-a286-55dfdd90fa97,03/07/2017,Jul-17,7,2017,THEEWATERSKLOOF,Major Dam,480188,15.64,93653,19.5
e6cb78b0-adf5-4b67-bb5b-625629ba5c64,04/07/2017,Jul-17,7,2017,THEEWATERSKLOOF,Major Dam,480188,15.64,93653,19.5
e61acb7e-0153-4407-8018-ce8846b29772,05/07/2017,Jul-17,7,2017,THEEWATERSKLOOF,Major Dam,480188,15.66,93970,19.57
b2cdf556-15ea-46c1-a766-797ea521cafc,06/07/2017,Jul-17,7,2017,THEEWATERSKLOOF,Major Dam,480188,15.66,93970,19.57
5988ed83-3241-4895-a19c-a30f0acd530b,07/07/2017,Jul-17,7,2017,THEEWATERSKLOOF,Major Dam,480188,15.66,93970,19.57
62ee2b33-8c66-40d3-b8a9-fe47b361227c,08/07/2017,Jul-17,7,2017,THEEWATERSKLOOF,Major Dam,480188,15.65,93811,19.54
51a7feb3-6404-4b90-af62-a4254bf2eb18,09/07/2017,Jul-17,7,2017,THEEWATERSKLOOF,Major Dam,480188,15.65,93811,19.54
d551b5ad-d039-468f-8130-08e1ceaf227a,10/07/2017,Jul-17,7,2017,THEEWATERSKLOOF,Major Dam,480188,15.76,95569,19.9
6b84aa59-8d6a-4211-9c49-3ceea73d2f48,11/07/2017,Jul-17,7,2017,THEEWATERSKLOOF,Major Dam,480188,15.8,96215,20.04
b19d1cb0-d85f-4e25-b310-c0eeca5d7a08,12/07/2017,Jul-17,7,2017,THEEWATERSKLOOF,Major Dam,480188,15.8,96215,20.04
4325ba0e-123f-482e-857c-fb0cc81e3797,13/07/2017,Jul-17,7,2017,THEEWATERSKLOOF,Major Dam,480188,15.81,96377,20.07
590b842e-8752-4da2-8cf6-c6b8a94c9e34,14/07/2017,Jul-17,7,2017,THEEWATERSKLOOF,Major Dam,480188,15.81,96377,20.07
798aa6e2-7f79-4202-b533-57df2fa15371,15/07/2017,Jul-17,7,2017,THEEWATERSKLOOF,Major Dam,480188,15.82,96540,20.1
dbb73513-f539-4657-83ab-7f945473ce07,16/07/2017,Jul-17,7,2017,THEEWATERSKLOOF,Major Dam,480188,15.84,96866,20.17
995ac26a-6fe3-4cc1-bcaa-dd61ce09bedb,17/07/2017,Jul-17,7,2017,THEEWATERSKLOOF,Major Dam,480188,15.98,99178,20.65
fa9a3735-632a-4b84-810f-13881be96fa4,18/07/2017,Jul-17,7,2017,THEEWATERSKLOOF,Major Dam,480188,16.01,99681,20.76
3fdc2a05-e493-4792-9920-6a2c86f8d06f,19/07/2017,Jul-17,7,2017,THEEWATERSKLOOF,Major Dam,480188,16.08,100865,21.01
132dca0e-da17-4b78-930b-08a0f70cef36,20/07/2017,Jul-17,7,2017,THEEWATERSKLOOF,Major Dam,480188,16.1,101205,21.08
287208b0-fc8c-4cc0-a4c7-75f9faf81d50,21/07/2017,Jul-17,7,2017,THEEWATERSKLOOF,Major Dam,480188,16.12,101547,21.15
4e93ab40-2f19-4651-9bcc-0b69a5ac3f7a,22/07/2017,Jul-17,7,2017,THEEWATERSKLOOF,Major Dam,480188,16.14,101889,21.22
d0cda1bd-3fbf-4541-9426-c1f8431ba10a,23/07/2017,Jul-17,7,2017,THEEWATERSKLOOF,Major Dam,480188,16.14,101889,21.22
5252baff-dba3-4c5e-8a54-4ac273b1360b,24/07/2017,Jul-17,7,2017,THEEWATERSKLOOF,Major Dam,480188,16.16,102233,21.29
2d2cbf49-3763-4e7e-8fc4-a6cc8a8f828d,25/07/2017,Jul-17,7,2017,THEEWATERSKLOOF,Major Dam,480188,16.16,102233,21.29
c3e8f6a8-30f5-4c02-b8d5-e2224b1292d0,26/07/2017,Jul-17,7,2017,THEEWATERSKLOOF,Major Dam,480188,16.2,102923,21.43
fe36961a-3769-48f1-a3c6-a78c532c9583,27/07/2017,Jul-17,7,2017,THEEWATERSKLOOF,Major Dam,480188,16.24,103618,21.58
5a5e0d16-6adb-4b37-acf8-fdbb0cddd8c5,28/07/2017,Jul-17,7,2017,THEEWATERSKLOOF,Major Dam,480188,16.27,104142,21.69
524c407d-e1be-4252-9401-1e3e2d5f7336,29/07/2017,Jul-17,7,2017,THEEWATERSKLOOF,Major Dam,480188,16.27,104142,21.69
ccbd357f-eb36-4599-b67d-86ef656156d4,30/07/2017,Jul-17,7,2017,THEEWATERSKLOOF,Major Dam,480188,16.26,103967,21.65
b7bec9b1-67d3-4132-b825-570b3abc9811,31/07/2017,Jul-17,7,2017,THEEWATERSKLOOF,Major Dam,480188,16.26,103967,21.65
73af4095-a040-4dbb-9a92-daf85ef03def,01/08/2017,Aug-17,8,2017,THEEWATERSKLOOF,Major Dam,480188,16.25,103792,21.61
12a7007b-472b-4cd4-b429-129bc150568b,02/08/2017,Aug-17,8,2017,THEEWATERSKLOOF,Major Dam,480188,16.25,103792,21.61
72d52212-de87-4e81-b67a-a6f9310906e9,03/08/2017,Aug-17,8,2017,THEEWATERSKLOOF,Major Dam,480188,16.3,104667,21.8
e82480b0-86da-49ad-8666-84cdd9f89292,04/08/2017,Aug-17,8,2017,THEEWATERSKLOOF,Major Dam,480188,16.3,104667,21.8
ec6c235a-8780-48d7-822e-8af58a415c4f,05/08/2017,Aug-17,8,2017,THEEWATERSKLOOF,Major Dam,480188,16.55,109140,22.73
ddf89e9a-ba36-4068-a274-f89e350f18aa,06/08/2017,Aug-17,8,2017,THEEWATERSKLOOF,Major Dam,480188,16.56,109323,22.77
8b7a1f3d-d81a-4234-8154-244453158681,07/08/2017,Aug-17,8,2017,THEEWATERSKLOOF,Major Dam,480188,16.58,109688,22.84
a2b0435e-8c17-437c-89c5-dedc227ef02f,08/08/2017,Aug-17,8,2017,THEEWATERSKLOOF,Major Dam,480188,16.58,109688,22.84
d1202015-2433-4e76-9252-5283fac2302a,09/08/2017,Aug-17,8,2017,THEEWATERSKLOOF,Major Dam,480188,16.58,109688,22.84
1cd5d00c-8865-4210-bbbc-c3e951572552,10/08/2017,Aug-17,8,2017,THEEWATERSKLOOF,Major Dam,480188,16.57,109505,22.8
8e01bb5c-d6a0-4667-a19a-5f090219a017,11/08/2017,Aug-17,8,2017,THEEWATERSKLOOF,Major Dam,480188,16.6,110054,22.92
9079523f-0678-4107-984c-fe0aecafc738,12/08/2017,Aug-17,8,2017,THEEWATERSKLOOF,Major Dam,480188,16.84,114532,23.85
d380a263-3f04-411e-a3c1-6d3346ab3a0e,13/08/2017,Aug-17,8,2017,THEEWATERSKLOOF,Major Dam,480188,16.94,116441,24.25
1b433c63-559c-477a-b4d2-b8257d27c3c0,14/08/2017,Aug-17,8,2017,THEEWATERSKLOOF,Major Dam,480188,16.97,117019,24.37
61c9db5e-f5ae-4d5b-91e2-0584d5065f59,15/08/2017,Aug-17,8,2017,THEEWATERSKLOOF,Major Dam,480188,16.99,117405,24.45
107935e5-7f15-4bf9-81e8-3af9bdb7631e,16/08/2017,Aug-17,8,2017,THEEWATERSKLOOF,Major Dam,480188,17.04,118376,24.65
827a3d4c-c5d0-44b5-b68b-d4a961328554,17/08/2017,Aug-17,8,2017,THEEWATERSKLOOF,Major Dam,480188,17.1,119550,24.9
94c736c4-af14-430b-9c6c-f3c3328bbc90,18/08/2017,Aug-17,8,2017,THEEWATERSKLOOF,Major Dam,480188,17.14,120337,25.06
803e7036-15c9-4dca-b5b0-bc1f0a4077e1,19/08/2017,Aug-17,8,2017,THEEWATERSKLOOF,Major Dam,480188,17.16,120732,25.14
31a17036-292d-4396-86fb-0222957a9bbb,20/08/2017,Aug-17,8,2017,THEEWATERSKLOOF,Major Dam,480188,17.18,121129,25.23
650529a4-4238-4b18-8748-5b04fe7ea608,21/08/2017,Aug-17,8,2017,THEEWATERSKLOOF,Major Dam,480188,17.2,121526,25.31
1a16301e-00bb-438a-bad0-b3ec5c5cf504,22/08/2017,Aug-17,8,2017,THEEWATERSKLOOF,Major Dam,480188,17.22,121924,25.39
71d934f2-4743-4f63-87fc-21b15e1fd623,23/08/2017,Aug-17,8,2017,THEEWATERSKLOOF,Major Dam,480188,17.26,122724,25.56
1416dccf-1486-4f5b-b619-38bc6cc9ecb6,24/08/2017,Aug-17,8,2017,THEEWATERSKLOOF,Major Dam,480188,17.34,124337,25.89
8f568046-a731-4ffb-8fe2-07692d5f28f5,25/08/2017,Aug-17,8,2017,THEEWATERSKLOOF,Major Dam,480188,17.44,126375,26.32
0b87016e-614e-4a64-9a70-cac23ab7f9df,26/08/2017,Aug-17,8,2017,THEEWATERSKLOOF,Major Dam,480188,17.45,126580,26.36
430da6ac-75da-4809-862a-b0e38dbd33e6,27/08/2017,Aug-17,8,2017,THEEWATERSKLOOF,Major Dam,480188,17.45,126580,26.36
f0d384b7-8a59-4a02-b34e-38ee26da5c0a,28/08/2017,Aug-17,8,2017,THEEWATERSKLOOF,Major Dam,480188,17.46,126786,26.4
cdbf8138-71a8-432c-bd61-31622993f903,29/08/2017,Aug-17,8,2017,THEEWATERSKLOOF,Major Dam,480188,17.46,126786,26.4
42e5130c-96eb-46f8-9e82-7566b8ab655e,30/08/2017,Aug-17,8,2017,THEEWATERSKLOOF,Major Dam,480188,17.56,128856,26.83
300e64a5-413e-4c9d-a340-390bd63872ff,31/08/2017,Aug-17,8,2017,THEEWATERSKLOOF,Major Dam,480188,17.53,128323,26.72
bd932fd5-8f11-40f7-be8e-81e4eea662be,01/09/2017,Sep-17,9,2017,THEEWATERSKLOOF,Major Dam,480188,17.54,128440,26.75
1b6467b8-570b-48c3-9c0d-901dab75158b,02/09/2017,Sep-17,9,2017,THEEWATERSKLOOF,Major Dam,480188,17.55,128648,26.79
feb4fcdf-b796-4cde-8f10-cf0ea321eefa,03/09/2017,Sep-17,9,2017,THEEWATERSKLOOF,Major Dam,480188,17.55,128648,26.79
008f172b-735a-4e45-9cf3-6d8e772435df,04/09/2017,Sep-17,9,2017,THEEWATERSKLOOF,Major Dam,480188,17.55,128648,26.79
344e3b56-7e00-4f1d-9374-6e0d8aa01349,05/09/2017,Sep-17,9,2017,THEEWATERSKLOOF,Major Dam,480188,17.54,128440,26.75
8a0e3d56-e7e7-40d8-909e-786c1b1d272b,06/09/2017,Sep-17,9,2017,THEEWATERSKLOOF,Major Dam,480188,17.55,128648,26.79
64e78f02-5b5d-453d-a2e9-aa518deb3c9f,07/09/2017,Sep-17,9,2017,THEEWATERSKLOOF,Major Dam,480188,17.56,128856,26.83
1742b186-0e6f-4c60-a551-36d62d91fb19,08/09/2017,Sep-17,9,2017,THEEWATERSKLOOF,Major Dam,480188,17.6,129691,27.01
ba1154ea-2dab-41d9-8a7c-ce10aa5d2551,09/09/2017,Sep-17,9,2017,THEEWATERSKLOOF,Major Dam,480188,17.95,137176,28.57
3b581a3f-938e-4f35-b860-481f82fa4e6f,10/09/2017,Sep-17,9,2017,THEEWATERSKLOOF,Major Dam,480188,17.97,137613,28.66
07264599-3acf-4d0c-99b3-200a5f409632,11/09/2017,Sep-17,9,2017,THEEWATERSKLOOF,Major Dam,480188,17.97,137613,28.66
bd5167ed-7e12-45c7-91a5-f68950ceff9f,12/09/2017,Sep-17,9,2017,THEEWATERSKLOOF,Major Dam,480188,18.02,138710,28.89
dffbbe87-c7f8-4680-9b7f-3a197a7682ba,13/09/2017,Sep-17,9,2017,THEEWATERSKLOOF,Major Dam,480188,18.02,138710,28.89
d7948405-c229-42f8-89f9-2b57dada049d,14/09/2017,Sep-17,9,2017,THEEWATERSKLOOF,Major Dam,480188,18.01,138491,28.84
1589ccaa-df61-4ed3-a592-576be039b668,15/09/2017,Sep-17,9,2017,THEEWATERSKLOOF,Major Dam,480188,18.01,138491,28.84
adcbef8d-a328-427d-bbf4-cf83a989428c,16/09/2017,Sep-17,9,2017,THEEWATERSKLOOF,Major Dam,480188,17.99,138051,28.75
73ba2d49-52ed-4783-a954-39b2febc3959,17/09/2017,Sep-17,9,2017,THEEWATERSKLOOF,Major Dam,480188,17.99,138051,28.75
772f1b03-766c-43b4-ae2a-44677434495a,18/09/2017,Sep-17,9,2017,THEEWATERSKLOOF,Major Dam,480188,18,138271,28.8
20d0582b-ccf5-41a4-b125-0a60c8252084,19/09/2017,Sep-17,9,2017,THEEWATERSKLOOF,Major Dam,480188,18,138271,28.8
cae06645-d4d4-4c11-adef-2801a153728b,20/09/2017,Sep-17,9,2017,THEEWATERSKLOOF,Major Dam,480188,17.97,137613,28.66
313c9e94-e606-4ead-9525-129f918c1733,21/09/2017,Sep-17,9,2017,THEEWATERSKLOOF,Major Dam,480188,17.95,137176,28.57
1a0ef6cf-e779-4b72-8975-4131b9fbcb18,22/09/2017,Sep-17,9,2017,THEEWATERSKLOOF,Major Dam,480188,17.95,137176,28.57
6f651973-d7a7-4a00-a884-4e2c2693a198,23/09/2017,Sep-17,9,2017,THEEWATERSKLOOF,Major Dam,480188,17.93,136740,28.48
3cd4d097-a30e-462a-8151-6eb513e50898,24/09/2017,Sep-17,9,2017,THEEWATERSKLOOF,Major Dam,480188,17.93,136740,28.48
a9d820fc-78ae-4093-9de6-5d6b0462784e,25/09/2017,Sep-17,9,2017,THEEWATERSKLOOF,Major Dam,480188,17.91,136305,28.39
c28e024c-836b-4041-99d0-96be6212a1a7,26/09/2017,Sep-17,9,2017,THEEWATERSKLOOF,Major Dam,480188,17.93,136740,28.48
e631d5d8-842f-4185-b4b6-21f6d7959d96,27/09/2017,Sep-17,9,2017,THEEWATERSKLOOF,Major Dam,480188,17.93,136740,28.48
bec265e8-b95b-48de-a74d-1fd5d1dfcd85,28/09/2017,Sep-17,9,2017,THEEWATERSKLOOF,Major Dam,480188,17.92,136522,28.43
11e25050-3e1a-46e4-bffc-26e2ac3e2142,29/09/2017,Sep-17,9,2017,THEEWATERSKLOOF,Major Dam,480188,17.91,136305,28.39
e7f2f73c-39e2-406c-846d-7b0e2e4158d8,30/09/2017,Sep-17,9,2017,THEEWATERSKLOOF,Major Dam,480188,17.9,136088,28.34
c93a0387-0f69-4298-9a73-a628680dd9e4,01/10/2017,Oct-17,10,2017,THEEWATERSKLOOF,Major Dam,480188,17.89,135871,28.3
36820e00-98ca-41e1-b9ad-cc36200850d0,02/10/2017,Oct-17,10,2017,THEEWATERSKLOOF,Major Dam,480188,17.88,135654,28.25
ce5d74d4-d7bb-4ec6-b096-f362f84ef2a9,03/10/2017,Oct-17,10,2017,THEEWATERSKLOOF,Major Dam,480188,17.87,135437,28.2
00c90476-85b6-4000-a23d-f774ba174e69,04/10/2017,Oct-17,10,2017,THEEWATERSKLOOF,Major Dam,480188,17.86,135221,28.16
fbdd52a8-26b9-4fef-a21a-b540ba69d0f8,05/10/2017,Oct-17,10,2017,THEEWATERSKLOOF,Major Dam,480188,17.89,135871,28.3
0b73e2bf-1a92-421f-b319-18dd864c906e,06/10/2017,Oct-17,10,2017,THEEWATERSKLOOF,Major Dam,480188,17.9,136088,28.34
8e5dcded-c776-4459-b7c5-fd184a37d9f8,07/10/2017,Oct-17,10,2017,THEEWATERSKLOOF,Major Dam,480188,17.89,135871,28.3
5592ce1d-ec79-443d-b276-713c44ebe341,08/10/2017,Oct-17,10,2017,THEEWATERSKLOOF,Major Dam,480188,17.88,135654,28.25
d95a6db3-3841-473c-8478-a719fba98e7f,09/10/2017,Oct-17,10,2017,THEEWATERSKLOOF,Major Dam,480188,17.88,135654,28.25
001f4881-3016-4817-b238-2160b937ef91,10/10/2017,Oct-17,10,2017,THEEWATERSKLOOF,Major Dam,480188,17.86,135221,28.16
d4408f23-240c-4fa1-80e8-4d44323f96bf,11/10/2017,Oct-17,10,2017,THEEWATERSKLOOF,Major Dam,480188,17.84,134790,28.07
84bc39de-df32-4784-a96d-960488277c98,12/10/2017,Oct-17,10,2017,THEEWATERSKLOOF,Major Dam,480188,17.82,134359,27.98
057873ba-0d9b-4d25-89a6-f7ca5acc1d31,13/10/2017,Oct-17,10,2017,THEEWATERSKLOOF,Major Dam,480188,17.78,133501,27.8
7ad50835-5fd5-4f07-ad3a-b8bca5d2883c,14/10/2017,Oct-17,10,2017,THEEWATERSKLOOF,Major Dam,480188,17.76,133073,27.71
11738411-f04e-486c-bfed-021bcc4fb590,15/10/2017,Oct-17,10,2017,THEEWATERSKLOOF,Major Dam,480188,17.74,132647,27.62
2a91a15b-b685-4d9b-a792-7f90a0377a2e,16/10/2017,Oct-17,10,2017,THEEWATERSKLOOF,Major Dam,480188,17.72,132222,27.54
d81cab89-97eb-481e-9213-344f479e9677,17/10/2017,Oct-17,10,2017,THEEWATERSKLOOF,Major Dam,480188,17.72,132222,27.54
aa36bdce-9390-4049-a90e-9d176423c4dd,18/10/2017,Oct-17,10,2017,THEEWATERSKLOOF,Major Dam,480188,17.75,132860,27.67
a9ed3ec4-3197-4269-b4c1-c393bb93aee8,19/10/2017,Oct-17,10,2017,THEEWATERSKLOOF,Major Dam,480188,17.77,133287,27.76
bc69f2a9-badb-411b-8a45-5b8366d31248,20/10/2017,Oct-17,10,2017,THEEWATERSKLOOF,Major Dam,480188,17.79,133715,27.85
5b66aea1-2a4b-4c0a-b2a8-1f2cb6e843a7,21/10/2017,Oct-17,10,2017,THEEWATERSKLOOF,Major Dam,480188,17.8,133929,27.89
7ee224fc-b5dd-4ef6-94ee-08d9c5df6dbc,22/10/2017,Oct-17,10,2017,THEEWATERSKLOOF,Major Dam,480188,17.8,133929,27.89
c8fade4c-9cc5-42d0-82de-21d914adc404,23/10/2017,Oct-17,10,2017,THEEWATERSKLOOF,Major Dam,480188,17.79,133715,27.85
c3e66547-deda-45c5-872a-335876f7b668,24/10/2017,Oct-17,10,2017,THEEWATERSKLOOF,Major Dam,480188,17.78,133501,27.8
fe3891f8-cf95-4074-85b9-0129888f2d14,25/10/2017,Oct-17,10,2017,THEEWATERSKLOOF,Major Dam,480188,17.78,133501,27.8
4d63d606-f8f8-4292-9e14-426918a0c63f,26/10/2017,Oct-17,10,2017,THEEWATERSKLOOF,Major Dam,480188,17.74,132647,27.62
b53ceaff-3284-4d42-9d1c-e023399f0715,27/10/2017,Oct-17,10,2017,THEEWATERSKLOOF,Major Dam,480188,17.72,132222,27.54
ff3d4cca-d819-46f5-8029-777b8a42cb10,28/10/2017,Oct-17,10,2017,THEEWATERSKLOOF,Major Dam,480188,17.7,131797,27.45
7d63610c-d6f2-44bd-86c1-26d8ec657dfa,29/10/2017,Oct-17,10,2017,THEEWATERSKLOOF,Major Dam,480188,17.69,131585,27.4
82cee905-5623-4936-9cc9-e292a3e7dcbb,30/10/2017,Oct-17,10,2017,THEEWATERSKLOOF,Major Dam,480188,17.67,131163,27.31
e9b6a13d-821f-4f61-863f-24598e17c59c,31/10/2017,Oct-17,10,2017,THEEWATERSKLOOF,Major Dam,480188,17.65,130741,27.23
e8922534-86ce-4f5b-91fc-88205349c92d,01/11/2017,Nov-17,11,2017,THEEWATERSKLOOF,Major Dam,480188,17.64,130530,27.18
39f3d42a-96aa-4876-98e1-dca608f82eb5,02/11/2017,Nov-17,11,2017,THEEWATERSKLOOF,Major Dam,480188,17.6,129691,27.01
d7ab7eb4-f070-485b-ac89-96d3cec82a8f,03/11/2017,Nov-17,11,2017,THEEWATERSKLOOF,Major Dam,480188,17.59,129482,26.96
89cd2119-f528-48cb-b328-97e12ea19ab9,04/11/2017,Nov-17,11,2017,THEEWATERSKLOOF,Major Dam,480188,17.55,128648,26.79
f8b530a6-9353-4b87-930c-fca251a0dfea,05/11/2017,Nov-17,11,2017,THEEWATERSKLOOF,Major Dam,480188,17.51,127818,26.62
95b4b207-3935-4b88-a639-3710aa875982,06/11/2017,Nov-17,11,2017,THEEWATERSKLOOF,Major Dam,480188,17.45,126580,26.36
569604fe-0be2-43cb-a4dc-66f095c2867d,07/11/2017,Nov-17,11,2017,THEEWATERSKLOOF,Major Dam,480188,17.43,126170,26.28
25a823a9-39c1-4332-a8c2-bcd250b39cd3,08/11/2017,Nov-17,11,2017,THEEWATERSKLOOF,Major Dam,480188,17.39,125353,26.1
6f4d07cb-9db9-4a9a-a1fa-c1798aaf020f,09/11/2017,Nov-17,11,2017,THEEWATERSKLOOF,Major Dam,480188,17.35,124539,25.94
7e31b96c-03d4-4146-9543-b7056a4561d1,10/11/2017,Nov-17,11,2017,THEEWATERSKLOOF,Major Dam,480188,17.31,123730,25.77
2e34131e-537f-4af9-bef5-0f64beaef7d3,11/11/2017,Nov-17,11,2017,THEEWATERSKLOOF,Major Dam,480188,17.27,122925,25.6
95f96b38-feec-4c93-985d-cf3acd3dd224,12/11/2017,Nov-17,11,2017,THEEWATERSKLOOF,Major Dam,480188,17.23,122124,25.43
6bb81c56-3a75-44ab-841e-996e49762f5d,13/11/2017,Nov-17,11,2017,THEEWATERSKLOOF,Major Dam,480188,17.17,120930,25.18
32b0a0b0-6146-4cf1-b5d1-f3fd5238afa1,14/11/2017,Nov-17,11,2017,THEEWATERSKLOOF,Major Dam,480188,17.14,120337,25.06
dcc6c831-9a51-46ad-8e80-f4d94bc281fe,15/11/2017,Nov-17,11,2017,THEEWATERSKLOOF,Major Dam,480188,17.12,119943,24.98
dfb69cdb-bbd7-4513-9828-b86cbdb55c27,16/11/2017,Nov-17,11,2017,THEEWATERSKLOOF,Major Dam,480188,17.08,119157,24.81
c90330c6-08f6-484b-9d6b-8643745fc562,17/11/2017,Nov-17,11,2017,THEEWATERSKLOOF,Major Dam,480188,17.05,118571,24.69
a8e15803-20c5-4283-ab8a-9d0583f4e504,18/11/2017,Nov-17,11,2017,THEEWATERSKLOOF,Major Dam,480188,17,117599,24.49
e058ec8d-8439-45c0-9d86-f1af9db8ea46,19/11/2017,Nov-17,11,2017,THEEWATERSKLOOF,Major Dam,480188,16.97,117019,24.37
052ff929-7eb9-4220-a012-15708827748a,20/11/2017,Nov-17,11,2017,THEEWATERSKLOOF,Major Dam,480188,16.95,116634,24.29
905c0280-1e83-4896-85c7-622355bb5297,21/11/2017,Nov-17,11,2017,THEEWATERSKLOOF,Major Dam,480188,16.94,116441,24.25
82a221a0-f9d3-45ea-89b9-270180ab7e78,22/11/2017,Nov-17,11,2017,THEEWATERSKLOOF,Major Dam,480188,16.94,116441,24.25
9ea3789e-e754-46e4-ae48-2e4c8be338ec,23/11/2017,Nov-17,11,2017,THEEWATERSKLOOF,Major Dam,480188,16.95,116634,24.29
66644041-8779-4b35-9efe-fc175a520676,24/11/2017,Nov-17,11,2017,THEEWATERSKLOOF,Major Dam,480188,16.93,116249,24.21
5ac69c8a-ec53-498c-b8ae-f0cdc6cabee3,25/11/2017,Nov-17,11,2017,THEEWATERSKLOOF,Major Dam,480188,16.91,115866,24.13
a800997a-a484-45ae-9af9-e4dd11e1cd6c,26/11/2017,Nov-17,11,2017,THEEWATERSKLOOF,Major Dam,480188,16.86,114912,23.93
cd2c9b50-61b0-42ed-882b-a374ba5660b4,27/11/2017,Nov-17,11,2017,THEEWATERSKLOOF,Major Dam,480188,16.82,114153,23.77
f3068988-9768-4a66-9a35-0c256b024ef9,28/11/2017,Nov-17,11,2017,THEEWATERSKLOOF,Major Dam,480188,16.77,113210,23.58
d7b4aaab-b92b-4ab9-b146-eaa4db577337,29/11/2017,Nov-17,11,2017,THEEWATERSKLOOF,Major Dam,480188,16.72,112274,23.38
34280796-d435-432e-90e4-892ff86c27a6,30/11/2017,Nov-17,11,2017,THEEWATERSKLOOF,Major Dam,480188,16.67,111345,23.19
1cf67177-c8b8-48e3-8f2f-5d9747572c0b,01/12/2017,Dec-17,12,2017,THEEWATERSKLOOF,Major Dam,480188,16.63,110606,23.03
7b0b1f07-a610-4f9a-bcce-e2633d92b145,02/12/2017,Dec-17,12,2017,THEEWATERSKLOOF,Major Dam,480188,16.6,110054,22.92
88ce11ca-1d96-42e4-acdb-8c745e3ee70a,03/12/2017,Dec-17,12,2017,THEEWATERSKLOOF,Major Dam,480188,16.57,109505,22.8
7afa743b-5289-4800-bc5b-f0107090940f,04/12/2017,Dec-17,12,2017,THEEWATERSKLOOF,Major Dam,480188,16.5,108233,22.54
ff81a060-478b-49b7-9907-8444b22ee3cb,05/12/2017,Dec-17,12,2017,THEEWATERSKLOOF,Major Dam,480188,16.45,107332,22.35
fb09d428-e05b-462c-9e80-2b44c0a516b6,06/12/2017,Dec-17,12,2017,THEEWATERSKLOOF,Major Dam,480188,16.4,106437,22.17
663f131a-3f52-487d-9608-9b66ca71ec5c,07/12/2017,Dec-17,12,2017,THEEWATERSKLOOF,Major Dam,480188,16.35,105549,21.98
56275ce7-89e1-46c0-b1a3-c6e754787cbd,08/12/2017,Dec-17,12,2017,THEEWATERSKLOOF,Major Dam,480188,16.3,104667,21.8
660176f5-5328-4863-ae7a-fcf4d7ca3d4e,09/12/2017,Dec-17,12,2017,THEEWATERSKLOOF,Major Dam,480188,16.25,103792,21.61
b3d38732-a9d2-4059-b952-9dea58448a4b,10/12/2017,Dec-17,12,2017,THEEWATERSKLOOF,Major Dam,480188,16.21,103097,21.47
1c28f120-162f-4406-8422-6433e713a506,11/12/2017,Dec-17,12,2017,THEEWATERSKLOOF,Major Dam,480188,16.14,101889,21.22
f5fef8a2-6951-4ee1-a7a1-42583cf69e32,12/12/2017,Dec-17,12,2017,THEEWATERSKLOOF,Major Dam,480188,16.09,101035,21.04
54488517-e5df-4f08-a2c9-b59adfc2457b,13/12/2017,Dec-17,12,2017,THEEWATERSKLOOF,Major Dam,480188,16.04,100187,20.86
5ee279bd-bb34-46eb-8a1a-a93463667b30,14/12/2017,Dec-17,12,2017,THEEWATERSKLOOF,Major Dam,480188,16,99513,20.72
942a9da9-7659-4126-97cb-f95c75a644a1,15/12/2017,Dec-17,12,2017,THEEWATERSKLOOF,Major Dam,480188,15.96,98843,20.58
a75d9da9-e55f-4110-bc83-8c14d977366d,16/12/2017,Dec-17,12,2017,THEEWATERSKLOOF,Major Dam,480188,15.92,98179,20.45
39eecc85-5498-4959-adb5-6a8c26333e48,17/12/2017,Dec-17,12,2017,THEEWATERSKLOOF,Major Dam,480188,15.88,97520,20.31
bbe21abe-b72e-4541-a2f6-36284ecfd950,18/12/2017,Dec-17,12,2017,THEEWATERSKLOOF,Major Dam,480188,15.84,96866,20.17
191f479a-9526-4aff-bbfc-9a163ce31ad0,19/12/2017,Dec-17,12,2017,THEEWATERSKLOOF,Major Dam,480188,15.8,96215,20.04
c971ca41-22c4-4bf8-813c-49c69e1ecd4f,20/12/2017,Dec-17,12,2017,THEEWATERSKLOOF,Major Dam,480188,15.76,95569,19.9
b2310ddb-05a3-4347-b602-4e1a6fa89f2c,21/12/2017,Dec-17,12,2017,THEEWATERSKLOOF,Major Dam,480188,15.72,94926,19.77
79f3c4cf-12cb-415b-842d-13a39271a128,22/12/2017,Dec-17,12,2017,THEEWATERSKLOOF,Major Dam,480188,15.68,94288,19.64
1f7aa881-bfa0-48c3-b424-35b06ca614e3,23/12/2017,Dec-17,12,2017,THEEWATERSKLOOF,Major Dam,480188,15.64,93653,19.5
795f2ad8-6bea-492b-acae-9c31684c23db,24/12/2017,Dec-17,12,2017,THEEWATERSKLOOF,Major Dam,480188,15.6,93022,19.37
da3199ff-461b-4238-9f0a-0784e23b6517,25/12/2017,Dec-17,12,2017,THEEWATERSKLOOF,Major Dam,480188,15.56,92396,19.24
d2eebde0-58cd-4e65-aa29-b90eb8fe2ce4,26/12/2017,Dec-17,12,2017,THEEWATERSKLOOF,Major Dam,480188,15.52,91773,19.11
195869a2-8753-4a66-964f-c3cc950cd721,27/12/2017,Dec-17,12,2017,THEEWATERSKLOOF,Major Dam,480188,15.48,91154,18.98
86831aa9-52e1-477d-bf1a-b1b7c6aa6aaf,28/12/2017,Dec-17,12,2017,THEEWATERSKLOOF,Major Dam,480188,15.44,90539,18.85
04b5e1a3-05ca-4ec7-84d2-57e3495251ac,29/12/2017,Dec-17,12,2017,THEEWATERSKLOOF,Major Dam,480188,15.4,89928,18.73
ef1216ae-e326-4814-9349-9bda10c0d7bf,30/12/2017,Dec-17,12,2017,THEEWATERSKLOOF,Major Dam,480188,15.36,89320,18.6
68ecedfd-65d4-47b0-81f1-96f2730cce8b,31/12/2017,Dec-17,12,2017,THEEWATERSKLOOF,Major Dam,480188,15.32,88717,18.48
b4288152-828f-4c81-9575-5171bc2fbcb3,01/01/2012,Jan-12,1,2012,VICTORIA,Minor Dam,128,0,0,0
e0a6ce54-4fba-4c00-94df-942cb020aaf4,02/01/2012,Jan-12,1,2012,VICTORIA,Minor Dam,128,0,0,0
9294143d-16b8-4cd3-8d7c-08b4213e5d7b,03/01/2012,Jan-12,1,2012,VICTORIA,Minor Dam,128,0,0,0
f4352392-502f-4277-bb27-4940df03c7f7,04/01/2012,Jan-12,1,2012,VICTORIA,Minor Dam,128,0,0,0
df55915b-adb5-4122-ac9b-21e3a116032c,05/01/2012,Jan-12,1,2012,VICTORIA,Minor Dam,128,0,0,0
ce4a103e-e23b-42ff-a71f-f4fc4e997e60,06/01/2012,Jan-12,1,2012,VICTORIA,Minor Dam,128,0,0,0
6a690009-4cb5-4997-9178-6d5ae6edc6cd,07/01/2012,Jan-12,1,2012,VICTORIA,Minor Dam,128,0,0,0
5ec5d97b-f732-4b95-93dd-326f410adf3b,08/01/2012,Jan-12,1,2012,VICTORIA,Minor Dam,128,0,0,0
229a110c-2212-4ee3-9b98-e45ce31eb533,09/01/2012,Jan-12,1,2012,VICTORIA,Minor Dam,128,0,0,0
52646eb8-1c86-4b65-9535-296e0e61fddb,10/01/2012,Jan-12,1,2012,VICTORIA,Minor Dam,128,0,0,0
8c40581a-3931-432e-9509-a96676e93b5d,11/01/2012,Jan-12,1,2012,VICTORIA,Minor Dam,128,0,0,0
6acd61e8-535d-43e7-90e3-43978b33b753,12/01/2012,Jan-12,1,2012,VICTORIA,Minor Dam,128,0,0,0
4446d46d-91d8-4039-8a5d-205ec1a97e18,13/01/2012,Jan-12,1,2012,VICTORIA,Minor Dam,128,0,0,0
5a6e6f4e-c6f6-47c0-ac2c-61b9242d1185,14/01/2012,Jan-12,1,2012,VICTORIA,Minor Dam,128,0,0,0
c95a7f7d-19af-4165-8b96-10657fa7a537,15/01/2012,Jan-12,1,2012,VICTORIA,Minor Dam,128,0,0,0
aa8b8e87-2aa3-4441-9a34-7345e48a80da,16/01/2012,Jan-12,1,2012,VICTORIA,Minor Dam,128,0,0,0
d8e1eff6-0267-4139-9b62-93c1be02a78a,17/01/2012,Jan-12,1,2012,VICTORIA,Minor Dam,128,0,0,0
72dc0acd-cd1b-4364-81fe-f8984c7a21f4,18/01/2012,Jan-12,1,2012,VICTORIA,Minor Dam,128,0,0,0
1b137997-9c1f-4057-8a96-a9d5240f6957,19/01/2012,Jan-12,1,2012,VICTORIA,Minor Dam,128,0,0,0
820194e4-e8e3-431f-9d2f-672398b7bf49,20/01/2012,Jan-12,1,2012,VICTORIA,Minor Dam,128,0,0,0
01ff33d8-003a-4146-8bbd-0c38b9b6e46c,21/01/2012,Jan-12,1,2012,VICTORIA,Minor Dam,128,0,0,0
e0e31d8c-e2ee-4d3c-be1d-0c291b741503,22/01/2012,Jan-12,1,2012,VICTORIA,Minor Dam,128,0,0,0
fda4783f-7ca6-4194-870f-607776cfb71b,23/01/2012,Jan-12,1,2012,VICTORIA,Minor Dam,128,0,0,0
f12aebfd-9047-45a4-8f48-d0f28ee7dead,24/01/2012,Jan-12,1,2012,VICTORIA,Minor Dam,128,0,0,0
1ba6fcfe-e70b-4d27-8b94-02c17160471a,25/01/2012,Jan-12,1,2012,VICTORIA,Minor Dam,128,0,0,0
55826788-7f65-4013-8aa9-51706622ffaf,26/01/2012,Jan-12,1,2012,VICTORIA,Minor Dam,128,0,0,0
9b60ed0d-08a2-476a-8348-3a30721067b7,27/01/2012,Jan-12,1,2012,VICTORIA,Minor Dam,128,0,0,0
4014066f-32ba-4fc6-b21d-b927721b5fdf,28/01/2012,Jan-12,1,2012,VICTORIA,Minor Dam,128,0,0,0
633aae0d-9e9c-435c-b106-131bf7e80bf4,29/01/2012,Jan-12,1,2012,VICTORIA,Minor Dam,128,0,0,0
c8a051a9-f932-4e10-894d-773528107197,30/01/2012,Jan-12,1,2012,VICTORIA,Minor Dam,128,0,0,0
317a7209-f6e2-41e2-a04e-c6f97cb7eb6c,31/01/2012,Jan-12,1,2012,VICTORIA,Minor Dam,128,0,0,0
70378c8b-941f-4a88-b08e-a96d7f39328e,01/02/2012,Feb-12,2,2012,VICTORIA,Minor Dam,128,0,0,0
4bdf31a3-4093-4782-aefb-63258425cd1c,02/02/2012,Feb-12,2,2012,VICTORIA,Minor Dam,128,0,0,0
aab0a668-3566-4ea3-b8b9-1b5640896740,03/02/2012,Feb-12,2,2012,VICTORIA,Minor Dam,128,0,0,0
8fa06f04-1537-4ed8-a0ff-ce3809c3f622,04/02/2012,Feb-12,2,2012,VICTORIA,Minor Dam,128,0,0,0
cff2f7d2-a55a-4a80-ab8b-3c7f527f880f,05/02/2012,Feb-12,2,2012,VICTORIA,Minor Dam,128,0,0,0
88c62521-2fb1-4783-a0cf-05905bdab3db,06/02/2012,Feb-12,2,2012,VICTORIA,Minor Dam,128,0,0,0
9d68d5b7-6297-47e3-b2dd-92e56fff7dd1,07/02/2012,Feb-12,2,2012,VICTORIA,Minor Dam,128,0,0,0
010d2d2a-8461-49ad-9da4-a5db9e6b1960,08/02/2012,Feb-12,2,2012,VICTORIA,Minor Dam,128,0,0,0
a77c1019-5605-402f-8d61-cee3341df5d8,09/02/2012,Feb-12,2,2012,VICTORIA,Minor Dam,128,0,0,0
6fc86a99-0506-4cb7-8cfc-b95822d6557e,10/02/2012,Feb-12,2,2012,VICTORIA,Minor Dam,128,0,0,0
e8a417fa-b2d5-46c1-9f3a-76e12189e41d,11/02/2012,Feb-12,2,2012,VICTORIA,Minor Dam,128,0,0,0
0f6d4548-fa05-4026-822e-32d7d6191be7,12/02/2012,Feb-12,2,2012,VICTORIA,Minor Dam,128,0,0,0
c1574860-aff2-4ffc-af61-6fa614813885,13/02/2012,Feb-12,2,2012,VICTORIA,Minor Dam,128,0,0,0
17883361-3971-49bb-b561-04dc555e80ec,14/02/2012,Feb-12,2,2012,VICTORIA,Minor Dam,128,0,0,0
13d164d7-57ca-4fe3-9aeb-5002d9eccad5,15/02/2012,Feb-12,2,2012,VICTORIA,Minor Dam,128,0,0,0
a718b0c3-467a-49e3-a629-a7bb5f14d59a,16/02/2012,Feb-12,2,2012,VICTORIA,Minor Dam,128,0,0,0
8d7baa03-ad9d-4f7f-9d13-2a4ab1c2678f,17/02/2012,Feb-12,2,2012,VICTORIA,Minor Dam,128,0,0,0
bef34f73-72ac-4df7-a5a4-51b43993ee32,18/02/2012,Feb-12,2,2012,VICTORIA,Minor Dam,128,0,0,0
c5281bd4-e87a-48b0-90f5-3b683b971405,19/02/2012,Feb-12,2,2012,VICTORIA,Minor Dam,128,0,0,0
03b77907-ae5c-4d95-9f51-64363c930c81,20/02/2012,Feb-12,2,2012,VICTORIA,Minor Dam,128,0,0,0
1678ea8e-d23f-4f21-8630-fa98c39fff65,21/02/2012,Feb-12,2,2012,VICTORIA,Minor Dam,128,0,0,0
5b6f82ee-04d5-4e86-bae3-1cbd766d38fb,22/02/2012,Feb-12,2,2012,VICTORIA,Minor Dam,128,0,0,0
013899c7-1b34-4024-9894-385d9c7e286e,23/02/2012,Feb-12,2,2012,VICTORIA,Minor Dam,128,0,0,0
29b3aa7b-c7bb-4ab8-82fc-5a1cebefeb5b,24/02/2012,Feb-12,2,2012,VICTORIA,Minor Dam,128,0,0,0
ec5b5fe3-cfca-4122-acb6-c3818525dd85,25/02/2012,Feb-12,2,2012,VICTORIA,Minor Dam,128,0,0,0
a617bd5d-5464-4173-b043-afabeab8d5b5,26/02/2012,Feb-12,2,2012,VICTORIA,Minor Dam,128,0,0,0
03525080-0ae7-4a23-8432-79cf54de062c,27/02/2012,Feb-12,2,2012,VICTORIA,Minor Dam,128,0,0,0
5c2f3207-3c48-44cf-8c0f-952d67d6c42f,28/02/2012,Feb-12,2,2012,VICTORIA,Minor Dam,128,0,0,0
5392f76a-10e2-45ce-b620-c429d4bf5e41,29/02/2012,Feb-12,2,2012,VICTORIA,Minor Dam,128,0,0,0
c3c02b7d-eb30-4e86-829f-7dee7b8c4af6,01/03/2012,Mar-12,3,2012,VICTORIA,Minor Dam,128,0,0,0
14fb7921-55bb-4930-9850-1a0721d8bfa4,02/03/2012,Mar-12,3,2012,VICTORIA,Minor Dam,128,0,0,0
ea9fbe73-e56a-4bae-9cf4-519777081b57,03/03/2012,Mar-12,3,2012,VICTORIA,Minor Dam,128,0,0,0
4ddff488-9bc4-4221-a1df-46d37978a683,04/03/2012,Mar-12,3,2012,VICTORIA,Minor Dam,128,0,0,0
d004ee07-350b-4eb6-a025-5a2561759230,05/03/2012,Mar-12,3,2012,VICTORIA,Minor Dam,128,0,0,0
03d25f96-c773-4a4f-bf25-b684ac9475a3,06/03/2012,Mar-12,3,2012,VICTORIA,Minor Dam,128,0,0,0
da44d672-5e84-4382-8b90-f3d79319f9f9,07/03/2012,Mar-12,3,2012,VICTORIA,Minor Dam,128,0,0,0
5e169a32-5b24-4aba-878d-b7d7bcc27278,08/03/2012,Mar-12,3,2012,VICTORIA,Minor Dam,128,0,0,0
027a56fa-4ce4-458e-9069-09a63fa54c1f,09/03/2012,Mar-12,3,2012,VICTORIA,Minor Dam,128,0,0,0
773d2097-3e79-470d-a7f8-3b14846f9536,10/03/2012,Mar-12,3,2012,VICTORIA,Minor Dam,128,0,0,0
68fb77eb-4b65-4fd5-8bbd-9ced0170dcf3,11/03/2012,Mar-12,3,2012,VICTORIA,Minor Dam,128,0,0,0
067c0e69-355b-4fd8-b58f-343d7d6b8d0e,12/03/2012,Mar-12,3,2012,VICTORIA,Minor Dam,128,0,0,0
c41e71bb-4d9b-4307-b00d-7d535ba69d68,13/03/2012,Mar-12,3,2012,VICTORIA,Minor Dam,128,0,0,0
46e42971-7949-4a07-8785-5072251c5b3a,14/03/2012,Mar-12,3,2012,VICTORIA,Minor Dam,128,0,0,0
dc86fd6f-114e-45f0-9763-9c4b8517706e,15/03/2012,Mar-12,3,2012,VICTORIA,Minor Dam,128,0,0,0
3ce343b6-9e13-444e-a953-7e7fa5fe4a31,16/03/2012,Mar-12,3,2012,VICTORIA,Minor Dam,128,0,0,0
6c445328-7333-48cf-9cf8-b5c94a0ea740,17/03/2012,Mar-12,3,2012,VICTORIA,Minor Dam,128,0,0,0
ce5e0680-449f-45b0-a3bd-0a6795ed6777,18/03/2012,Mar-12,3,2012,VICTORIA,Minor Dam,128,0,0,0
2c62b293-2dc1-4bb0-8914-fc86dc6984a7,19/03/2012,Mar-12,3,2012,VICTORIA,Minor Dam,128,0,0,0
dc8b2676-0aab-4da6-9265-b9c9d64076a1,20/03/2012,Mar-12,3,2012,VICTORIA,Minor Dam,128,0,0,0
e3fc96cb-2e20-4e59-af04-82da1aaf24b1,21/03/2012,Mar-12,3,2012,VICTORIA,Minor Dam,128,0,0,0
02a127b2-89b1-4f41-b305-4ad2ca5e6e8b,22/03/2012,Mar-12,3,2012,VICTORIA,Minor Dam,128,0,0,0
a870bec5-951f-4d98-a9c5-69a9ae51014c,23/03/2012,Mar-12,3,2012,VICTORIA,Minor Dam,128,0,0,0
6a172ff4-31b2-4644-9514-659c45cfe110,24/03/2012,Mar-12,3,2012,VICTORIA,Minor Dam,128,0,0,0
089b98fd-a4bf-444d-b02b-199453d66c47,25/03/2012,Mar-12,3,2012,VICTORIA,Minor Dam,128,0,0,0
9be9ef40-9f75-4f34-8b8c-9e0206808d72,26/03/2012,Mar-12,3,2012,VICTORIA,Minor Dam,128,0,0,0
fa636f36-83c3-4022-afeb-c42b0d61cea0,27/03/2012,Mar-12,3,2012,VICTORIA,Minor Dam,128,0,0,0
54647db2-766c-44c6-a1ee-c0212008707b,28/03/2012,Mar-12,3,2012,VICTORIA,Minor Dam,128,0,0,0
e0db0c38-ed70-4803-a905-3c3b265c51a4,29/03/2012,Mar-12,3,2012,VICTORIA,Minor Dam,128,0,0,0
5dc29b42-4d36-415d-be0f-023d0b93945f,30/03/2012,Mar-12,3,2012,VICTORIA,Minor Dam,128,0,0,0
2f9ba3dd-36db-4375-af1e-357b6c28605c,31/03/2012,Mar-12,3,2012,VICTORIA,Minor Dam,128,0,0,0
fd7324eb-9457-4d61-9e35-5ed937aba5ad,01/04/2012,Apr-12,4,2012,VICTORIA,Minor Dam,128,0,0,0
153a3f25-d964-4c2c-9045-3a635dc3394e,02/04/2012,Apr-12,4,2012,VICTORIA,Minor Dam,128,0,0,0
4b2b9fd3-5d8a-47ab-80a4-96b3b10e0854,03/04/2012,Apr-12,4,2012,VICTORIA,Minor Dam,128,0,0,0
4f42da51-1b2b-40c3-8409-516e0d8c1aeb,04/04/2012,Apr-12,4,2012,VICTORIA,Minor Dam,128,0,0,0
228a88a2-7e48-428f-9454-c3318233260f,05/04/2012,Apr-12,4,2012,VICTORIA,Minor Dam,128,0,0,0
636b9f1d-bd25-449c-a968-8258050a07df,06/04/2012,Apr-12,4,2012,VICTORIA,Minor Dam,128,0,0,0
e0d4a1f4-ca47-449f-b70b-825ded17898d,07/04/2012,Apr-12,4,2012,VICTORIA,Minor Dam,128,0,0,0
db631567-9a3b-47db-9601-02f973c8594e,08/04/2012,Apr-12,4,2012,VICTORIA,Minor Dam,128,0,0,0
645530f3-5a90-44ba-aa09-a19f0b57c63b,09/04/2012,Apr-12,4,2012,VICTORIA,Minor Dam,128,0,0,0
b7d846ee-aa0c-42bd-bc2b-811e31c2ddab,10/04/2012,Apr-12,4,2012,VICTORIA,Minor Dam,128,0,0,0
6ff31829-3f22-41aa-931b-7194d62195c1,11/04/2012,Apr-12,4,2012,VICTORIA,Minor Dam,128,0,0,0
bd10acd7-0448-49c6-b0a4-2ea4a115a374,12/04/2012,Apr-12,4,2012,VICTORIA,Minor Dam,128,0,0,0
3f819e03-b37d-41a9-97ba-531a85825f16,13/04/2012,Apr-12,4,2012,VICTORIA,Minor Dam,128,0,0,0
d184c2cf-1941-4638-bade-8c5802ba28ab,14/04/2012,Apr-12,4,2012,VICTORIA,Minor Dam,128,0,0,0
a225bdfe-0334-4a4a-833e-94eba129ff3b,15/04/2012,Apr-12,4,2012,VICTORIA,Minor Dam,128,0,0,0
003375bf-b0f7-429e-9b0d-535a30bb06ea,16/04/2012,Apr-12,4,2012,VICTORIA,Minor Dam,128,0,0,0
4ae14078-156a-44f0-927c-eb9379c5f98b,17/04/2012,Apr-12,4,2012,VICTORIA,Minor Dam,128,0,0,0
39675631-a2f0-414a-8ea5-90e5b990c42a,18/04/2012,Apr-12,4,2012,VICTORIA,Minor Dam,128,0,0,0
bcd48e81-12cd-407d-bf89-8273caeae7dd,19/04/2012,Apr-12,4,2012,VICTORIA,Minor Dam,128,0,0,0
e26c8255-bba4-43e6-a298-933b4c62abb8,20/04/2012,Apr-12,4,2012,VICTORIA,Minor Dam,128,0,0,0
964e3f3e-2559-430e-981a-f07630e20a20,21/04/2012,Apr-12,4,2012,VICTORIA,Minor Dam,128,0,0,0
787796fc-eab1-4bbf-baff-67c4d80dc8d5,22/04/2012,Apr-12,4,2012,VICTORIA,Minor Dam,128,0,0,0
814abb76-f6fa-4146-b897-da486db32729,23/04/2012,Apr-12,4,2012,VICTORIA,Minor Dam,128,0,0,0
2f2b8a47-7127-4424-881f-868dcab14205,24/04/2012,Apr-12,4,2012,VICTORIA,Minor Dam,128,0,0,0
5ef58cc1-cfe0-40c7-a95e-f56a257197f9,25/04/2012,Apr-12,4,2012,VICTORIA,Minor Dam,128,0,0,0
310a7d3d-03d4-4d8f-9c6d-7cab07f82b64,26/04/2012,Apr-12,4,2012,VICTORIA,Minor Dam,128,0,0,0
241d7e37-5c76-4efc-853b-1b1fe8e6ef7c,27/04/2012,Apr-12,4,2012,VICTORIA,Minor Dam,128,0,0,0
3f8972a0-9032-4fff-a1d5-bf0858a00e28,28/04/2012,Apr-12,4,2012,VICTORIA,Minor Dam,128,0,0,0
212514d1-da0b-4c18-8382-ccb338457c50,29/04/2012,Apr-12,4,2012,VICTORIA,Minor Dam,128,0,0,0
db3c6859-ab33-45e5-ae0a-f7fdaaff99da,30/04/2012,Apr-12,4,2012,VICTORIA,Minor Dam,128,0,0,0
6d6203fc-86ad-4be5-b75a-c9cb58b8060c,01/05/2012,May-12,5,2012,VICTORIA,Minor Dam,128,0,0,0
bb1f9c9d-3821-4cd1-a873-b6b59cf0a9c6,02/05/2012,May-12,5,2012,VICTORIA,Minor Dam,128,0,0,0
29becc96-7e8c-478d-8307-986928cb089d,03/05/2012,May-12,5,2012,VICTORIA,Minor Dam,128,0,0,0
99be5b2a-8c3d-452f-9d2a-a47c96207254,04/05/2012,May-12,5,2012,VICTORIA,Minor Dam,128,0,0,0
5723e207-48ed-4379-96ee-313aaf86bc17,05/05/2012,May-12,5,2012,VICTORIA,Minor Dam,128,0,0,0
6c5f1139-101c-4a31-949e-46903a8fddd5,06/05/2012,May-12,5,2012,VICTORIA,Minor Dam,128,0,0,0
acd1dcb5-7175-4891-ae82-9ad907e344e0,07/05/2012,May-12,5,2012,VICTORIA,Minor Dam,128,0,0,0
c242465a-dc8a-4ad7-8a29-8a013db2fbce,08/05/2012,May-12,5,2012,VICTORIA,Minor Dam,128,0,0,0
9cb3779f-d430-4842-8a8a-af2b5028b116,09/05/2012,May-12,5,2012,VICTORIA,Minor Dam,128,0,0,0
603c3265-e0b8-4478-b605-fe8742334b73,10/05/2012,May-12,5,2012,VICTORIA,Minor Dam,128,0,0,0
98ac8bf5-e5ce-4186-9986-106db8ed2300,11/05/2012,May-12,5,2012,VICTORIA,Minor Dam,128,0,0,0
ab4f7bb4-fb10-4900-bf10-c40dd5296437,12/05/2012,May-12,5,2012,VICTORIA,Minor Dam,128,0,0,0
ff360a94-d6f9-4942-95e0-a952f7a77557,13/05/2012,May-12,5,2012,VICTORIA,Minor Dam,128,0,0,0
108448fa-7bf3-43fb-8135-3491903b9f05,14/05/2012,May-12,5,2012,VICTORIA,Minor Dam,128,0,0,0
19296479-98a0-416d-b7d7-cbee8590f66c,15/05/2012,May-12,5,2012,VICTORIA,Minor Dam,128,0,0,0
a4daf6a6-ed55-451f-9aa8-5d16ae924c33,16/05/2012,May-12,5,2012,VICTORIA,Minor Dam,128,0,0,0
5686c111-e70e-48b6-81bd-0e403d0123f7,17/05/2012,May-12,5,2012,VICTORIA,Minor Dam,128,0,0,0
ef81ba4b-6657-4410-9d2f-576f43a70756,18/05/2012,May-12,5,2012,VICTORIA,Minor Dam,128,0,0,0
08fb12f9-b31b-482e-a36b-3a208013d72f,19/05/2012,May-12,5,2012,VICTORIA,Minor Dam,128,0,0,0
194f6348-a8ca-4ca8-8ca5-8e36671f6444,20/05/2012,May-12,5,2012,VICTORIA,Minor Dam,128,0,0,0
50234ef8-2ea4-40a3-ac79-d4f9b4ae2bdb,21/05/2012,May-12,5,2012,VICTORIA,Minor Dam,128,0,0,0
1eda075a-8704-4340-87e3-f116dc736103,22/05/2012,May-12,5,2012,VICTORIA,Minor Dam,128,0,0,0
a39e4d65-6b60-4148-8d9b-fb44e0ef70d5,23/05/2012,May-12,5,2012,VICTORIA,Minor Dam,128,0,0,0
8f12fedf-562b-41d3-85db-6315d8e7ba44,24/05/2012,May-12,5,2012,VICTORIA,Minor Dam,128,0,0,0
ce7c31ca-af20-41e7-9416-000a92804a38,25/05/2012,May-12,5,2012,VICTORIA,Minor Dam,128,0,0,0
ed5a2cf4-a875-45f0-abb1-03d017ba405d,26/05/2012,May-12,5,2012,VICTORIA,Minor Dam,128,0,0,0
a7d83766-67ab-4b41-a4b2-1f486c5c9f82,27/05/2012,May-12,5,2012,VICTORIA,Minor Dam,128,0,0,0
1dc0a238-e044-41f3-86ce-ca1c97b960a3,28/05/2012,May-12,5,2012,VICTORIA,Minor Dam,128,0,0,0
4da60098-507e-4b40-8ec2-d208ea2e1890,29/05/2012,May-12,5,2012,VICTORIA,Minor Dam,128,0,0,0
4d645b5c-6b85-4160-94cc-99052e25886f,30/05/2012,May-12,5,2012,VICTORIA,Minor Dam,128,0,0,0
805b2aa0-7966-4aed-9814-fdf2676898d3,31/05/2012,May-12,5,2012,VICTORIA,Minor Dam,128,0,0,0
6bfeda2c-676b-4d9e-a170-84e7077eed8a,01/06/2012,Jun-12,6,2012,VICTORIA,Minor Dam,128,0,0,0
9c5c4feb-300f-4c41-ba24-8b5b94093cff,02/06/2012,Jun-12,6,2012,VICTORIA,Minor Dam,128,0,0,0
0a0b7046-71da-457d-b93b-c5355a4ac14f,03/06/2012,Jun-12,6,2012,VICTORIA,Minor Dam,128,0,0,0
c4187f4d-b553-4115-8318-3e13d725a802,04/06/2012,Jun-12,6,2012,VICTORIA,Minor Dam,128,0,0,0
943c6e6a-ea27-4b9a-8289-1ca1493d290b,05/06/2012,Jun-12,6,2012,VICTORIA,Minor Dam,128,0,0,0
a266ee56-5f26-437e-87f5-537a64184765,06/06/2012,Jun-12,6,2012,VICTORIA,Minor Dam,128,0,0,0
0c882a22-ed1b-4046-ac31-80a00ab1ddd4,07/06/2012,Jun-12,6,2012,VICTORIA,Minor Dam,128,0,0,0
9d496878-45eb-43cf-b655-345e2387ca06,08/06/2012,Jun-12,6,2012,VICTORIA,Minor Dam,128,0,0,0
0be8782a-cada-461f-82b7-5006282cb51c,09/06/2012,Jun-12,6,2012,VICTORIA,Minor Dam,128,3.06,19.3,15.08
43a30a7f-a5d2-483a-9126-f146c081f8c2,10/06/2012,Jun-12,6,2012,VICTORIA,Minor Dam,128,3.27,23,17.97
fae74736-66f7-4fd6-8e0d-41482eef1b06,11/06/2012,Jun-12,6,2012,VICTORIA,Minor Dam,128,3.31,23.7,18.52
8a42c6a5-0954-4103-8a40-391bc1718f1f,12/06/2012,Jun-12,6,2012,VICTORIA,Minor Dam,128,3.31,23.7,18.52
ed456d08-06ac-4401-92d6-45910e54106b,13/06/2012,Jun-12,6,2012,VICTORIA,Minor Dam,128,3.33,24.1,18.83
cb4136cc-69ed-444d-bdbe-a8a6f6e6c7aa,14/06/2012,Jun-12,6,2012,VICTORIA,Minor Dam,128,3.35,24.5,19.14
ea563bd9-a5cd-41dc-ac73-d6309c233f2b,15/06/2012,Jun-12,6,2012,VICTORIA,Minor Dam,128,3.37,24.8,19.37
c35da1b3-5870-4fe0-a1a0-fa59ca2e62e6,16/06/2012,Jun-12,6,2012,VICTORIA,Minor Dam,128,3.39,25.2,19.69
9ea06f5f-3639-465d-8fa4-9087cb51db2c,17/06/2012,Jun-12,6,2012,VICTORIA,Minor Dam,128,3.39,25.2,19.69
62a473c9-48a8-4192-be08-4d83a1176809,18/06/2012,Jun-12,6,2012,VICTORIA,Minor Dam,128,3.37,24.8,19.37
480f1510-680f-488b-bd29-b70a3b617b05,19/06/2012,Jun-12,6,2012,VICTORIA,Minor Dam,128,3.37,24.8,19.37
b64b7484-bbae-4ca6-bb9b-d9e67e0ca24f,20/06/2012,Jun-12,6,2012,VICTORIA,Minor Dam,128,3.37,24.8,19.37
64eb0066-b32c-43b2-b88d-090f2e8aaa2a,21/06/2012,Jun-12,6,2012,VICTORIA,Minor Dam,128,3.39,25.2,19.69
456ec752-6c44-4a4c-98cc-e6ec7355ba9c,22/06/2012,Jun-12,6,2012,VICTORIA,Minor Dam,128,3.4,25.4,19.84
d7d98a1d-a6b4-4b81-8c73-7583fdf501c3,23/06/2012,Jun-12,6,2012,VICTORIA,Minor Dam,128,3.41,25.6,20
b69c00d8-1c6a-4f5e-9149-8dba1d712576,24/06/2012,Jun-12,6,2012,VICTORIA,Minor Dam,128,3.44,26.3,20.55
b04702ff-6a09-4ae3-8694-0254493a5f23,25/06/2012,Jun-12,6,2012,VICTORIA,Minor Dam,128,3.46,26.7,20.86
69d8fe80-497a-445e-bd85-3e4f1a5c8e83,26/06/2012,Jun-12,6,2012,VICTORIA,Minor Dam,128,3.59,29.5,23.05
7ed37403-23c6-4475-97cf-0e331a537066,27/06/2012,Jun-12,6,2012,VICTORIA,Minor Dam,128,3.63,30.4,23.75
c0fd9855-c130-48d7-a1bd-afb63acf4a59,28/06/2012,Jun-12,6,2012,VICTORIA,Minor Dam,128,3.87,36.3,28.36
780f2b74-412f-41a9-bfe5-ebb75a92d423,29/06/2012,Jun-12,6,2012,VICTORIA,Minor Dam,128,3.9,37.1,28.98
70404566-30ce-488c-a2cd-84581cb11da9,30/06/2012,Jun-12,6,2012,VICTORIA,Minor Dam,128,3.94,38.1,29.77
d1cab545-b019-4258-9148-c7ffe7e94750,01/07/2012,Jul-12,7,2012,VICTORIA,Minor Dam,128,4.02,40.3,31.48
1b2ddef2-da35-4b98-92a5-15332f4a8900,02/07/2012,Jul-12,7,2012,VICTORIA,Minor Dam,128,4.1,42.6,33.28
8802af8d-26d0-42a1-9bdf-dd271a184ad9,03/07/2012,Jul-12,7,2012,VICTORIA,Minor Dam,128,4.11,42.9,33.52
76542717-5308-4380-982d-e2d7da8354dd,04/07/2012,Jul-12,7,2012,VICTORIA,Minor Dam,128,4.11,42.9,33.52
78bb6892-7b39-412f-91b5-e89c3aab9e3c,05/07/2012,Jul-12,7,2012,VICTORIA,Minor Dam,128,4.31,48.7,38.05
fdd482b3-d2f5-4501-b66f-ca9db5525a10,06/07/2012,Jul-12,7,2012,VICTORIA,Minor Dam,128,4.36,50.2,39.22
a04ad328-0f29-4c13-97ae-e67270684745,07/07/2012,Jul-12,7,2012,VICTORIA,Minor Dam,128,4.4,51.5,40.23
60e1f68f-16d3-4901-a608-866b5b0a1f72,08/07/2012,Jul-12,7,2012,VICTORIA,Minor Dam,128,4.65,59.2,46.25
4a602311-72b8-4b22-803f-67f71347e648,09/07/2012,Jul-12,7,2012,VICTORIA,Minor Dam,128,4.73,61.6,48.12
b690e3f2-c012-4cf2-a726-db35bf8bdb28,10/07/2012,Jul-12,7,2012,VICTORIA,Minor Dam,128,5.27,79.4,62.03
24c86a81-59ae-4194-b0ea-a8a9926ec84f,11/07/2012,Jul-12,7,2012,VICTORIA,Minor Dam,128,5.37,83.1,64.92
e8c29cd3-54dd-42d7-8ecc-29259d56022d,12/07/2012,Jul-12,7,2012,VICTORIA,Minor Dam,128,5.51,88.3,68.98
71f7b973-4c72-4e1d-b1c1-ce556090ebff,13/07/2012,Jul-12,7,2012,VICTORIA,Minor Dam,128,5.54,89.6,70
0d52d112-018a-4958-8cca-5cd9cfa2721c,14/07/2012,Jul-12,7,2012,VICTORIA,Minor Dam,128,5.59,91.7,71.64
08eab661-2fa0-4e60-8d3a-756e3ea69ff6,15/07/2012,Jul-12,7,2012,VICTORIA,Minor Dam,128,5.59,91.7,71.64
f2dac24f-3fec-4fa8-927e-b60efc0bac57,16/07/2012,Jul-12,7,2012,VICTORIA,Minor Dam,128,5.6,92.1,71.95
ab2246aa-034f-4bbb-ac5a-6a5bb2ffc02e,17/07/2012,Jul-12,7,2012,VICTORIA,Minor Dam,128,5.66,94.6,73.91
eb118f64-ef39-4d0c-956b-e6212b538db0,18/07/2012,Jul-12,7,2012,VICTORIA,Minor Dam,128,5.68,95.4,74.53
f56c806e-cfcc-4afb-bad7-052052365fea,19/07/2012,Jul-12,7,2012,VICTORIA,Minor Dam,128,5.68,95.4,74.53
96e1c688-911c-4a31-a079-71e5dd4c7d20,20/07/2012,Jul-12,7,2012,VICTORIA,Minor Dam,128,5.68,95.4,74.53
1708ce3d-59cc-47dd-ad22-3302edd12b50,21/07/2012,Jul-12,7,2012,VICTORIA,Minor Dam,128,5.71,96.6,75.47
695e0cf5-b44c-4708-acab-777c81c3a196,22/07/2012,Jul-12,7,2012,VICTORIA,Minor Dam,128,5.75,98.3,76.8
02c20550-62ab-4f23-92e8-130df8f5f6d3,23/07/2012,Jul-12,7,2012,VICTORIA,Minor Dam,128,5.98,108.4,84.69
f824c339-c7f4-4043-82c6-3bd0c18f63e1,24/07/2012,Jul-12,7,2012,VICTORIA,Minor Dam,128,6,109.3,85.39
a5b811d3-47cf-471d-8984-ed592fa0105c,25/07/2012,Jul-12,7,2012,VICTORIA,Minor Dam,128,6.03,110.6,86.41
ee1e506e-8115-403f-96c9-79d419ae4866,26/07/2012,Jul-12,7,2012,VICTORIA,Minor Dam,128,6.03,110.6,86.41
2edd62b7-d57b-46b4-bda9-f2200b754326,27/07/2012,Jul-12,7,2012,VICTORIA,Minor Dam,128,6.03,110.6,86.41
4e76c4b4-4b49-4f2b-a087-d47310a78dd8,28/07/2012,Jul-12,7,2012,VICTORIA,Minor Dam,128,6.05,111.5,87.11
26014f09-4ea8-4899-9d56-0c0d8b8829fe,29/07/2012,Jul-12,7,2012,VICTORIA,Minor Dam,128,6.05,111.5,87.11
322bdeab-2eb3-4f79-a846-4e28ddacd1f3,30/07/2012,Jul-12,7,2012,VICTORIA,Minor Dam,128,6.06,111.9,87.42
a54d3d26-1bc9-416b-887e-e2c710d7c2c4,31/07/2012,Jul-12,7,2012,VICTORIA,Minor Dam,128,6.06,111.9,87.42
3cc0fec9-2d1f-4bb0-89b6-0373f84dcd9d,01/08/2012,Aug-12,8,2012,VICTORIA,Minor Dam,128,6.08,112.8,88.13
8dd147c9-1169-464c-ac0f-b87659b60c37,02/08/2012,Aug-12,8,2012,VICTORIA,Minor Dam,128,6.1,113.7,88.83
c161f34b-6d49-49ae-a585-87f29f4cd108,03/08/2012,Aug-12,8,2012,VICTORIA,Minor Dam,128,6.1,113.7,88.83
3e351aca-8bb3-4631-b80c-2747c0040c8e,04/08/2012,Aug-12,8,2012,VICTORIA,Minor Dam,128,6.11,114.1,89.14
821efc9e-a184-41b8-9602-cf2d6520aaf1,05/08/2012,Aug-12,8,2012,VICTORIA,Minor Dam,128,6.1,113.7,88.83
d661148e-3d05-469c-88bc-d21d0afbc387,06/08/2012,Aug-12,8,2012,VICTORIA,Minor Dam,128,6.1,113.7,88.83
068c665c-be6d-4307-8aec-20d584511391,07/08/2012,Aug-12,8,2012,VICTORIA,Minor Dam,128,6.12,114.6,89.53
f28ec57f-b8e0-4af1-8eef-20df2a9b07d1,08/08/2012,Aug-12,8,2012,VICTORIA,Minor Dam,128,6.13,115.1,89.92
2ac651be-1eea-41b4-a68d-faccf33ba7e4,09/08/2012,Aug-12,8,2012,VICTORIA,Minor Dam,128,6.16,116.6,91.09
5aa218e2-0a58-4ad0-afff-89ce66ecd8e2,10/08/2012,Aug-12,8,2012,VICTORIA,Minor Dam,128,6.16,116.6,91.09
4dee0682-c7e1-4d24-ad2e-e9036ff70e7b,11/08/2012,Aug-12,8,2012,VICTORIA,Minor Dam,128,6.17,117.1,91.48
a4fc46e4-47ea-472e-ad23-1f6444af5a55,12/08/2012,Aug-12,8,2012,VICTORIA,Minor Dam,128,6.21,119.1,93.05
fe709aed-7524-4536-ad39-0661af7dfdb9,13/08/2012,Aug-12,8,2012,VICTORIA,Minor Dam,128,6.33,125,97.66
25f293b2-18b1-4d6e-b6b6-c05714ebb113,14/08/2012,Aug-12,8,2012,VICTORIA,Minor Dam,128,6.36,126.5,98.83
bd4fd95c-0988-4b00-8714-10a939573778,15/08/2012,Aug-12,8,2012,VICTORIA,Minor Dam,128,6.37,126.9,99.14
e64509af-cb6f-4de1-9164-de61d69506ca,16/08/2012,Aug-12,8,2012,VICTORIA,Minor Dam,128,6.4,128.4,100.31
9401225e-d8c9-4d89-8938-b7337e0e93ff,17/08/2012,Aug-12,8,2012,VICTORIA,Minor Dam,128,6.43,129.9,101.48
54a4c71f-1c74-4483-bb7d-898cc427ea34,18/08/2012,Aug-12,8,2012,VICTORIA,Minor Dam,128,6.44,130.4,101.87
b105a717-5046-401b-9ad8-f7a129aa5a6c,19/08/2012,Aug-12,8,2012,VICTORIA,Minor Dam,128,6.44,130.4,101.87
35f6704e-b4ec-4b47-aa74-059c2ff625c4,20/08/2012,Aug-12,8,2012,VICTORIA,Minor Dam,128,6.43,129.9,101.48
bfbcee34-6ecd-46e2-9aa7-4a9fef3a55e0,21/08/2012,Aug-12,8,2012,VICTORIA,Minor Dam,128,6.45,130.9,102.27
770b3b30-5a8c-4617-b3cd-e536eee17489,22/08/2012,Aug-12,8,2012,VICTORIA,Minor Dam,128,6.44,130.4,101.87
bc5bcaa3-096b-4aa7-9d54-51f626c1b07d,23/08/2012,Aug-12,8,2012,VICTORIA,Minor Dam,128,6.45,130.9,102.27
aeffbb90-c2b6-4eb2-a5e0-5bc341aa5fe7,24/08/2012,Aug-12,8,2012,VICTORIA,Minor Dam,128,6.44,130.4,101.87
db6b9095-b3c6-405d-9bf4-a3fa2efee535,25/08/2012,Aug-12,8,2012,VICTORIA,Minor Dam,128,6.42,129.4,101.09
a5a0e98c-6f68-4d4b-8fe4-b48f415781d0,26/08/2012,Aug-12,8,2012,VICTORIA,Minor Dam,128,6.43,129.9,101.48
efec3f33-ebb7-49a9-bb64-29c921be0aa8,27/08/2012,Aug-12,8,2012,VICTORIA,Minor Dam,128,6.45,130.9,102.27
6f32c567-aad5-4824-9c77-47bb10f974bd,28/08/2012,Aug-12,8,2012,VICTORIA,Minor Dam,128,6.45,130.9,102.27
2f09bd40-c3c5-4a1e-88b6-433e17c83577,29/08/2012,Aug-12,8,2012,VICTORIA,Minor Dam,128,6.43,129.9,101.48
dad8610f-b606-4537-9c99-74be04b0a0c5,30/08/2012,Aug-12,8,2012,VICTORIA,Minor Dam,128,6.42,129.4,101.09
f1cccfe6-e231-42d4-9e1a-f00fe63d203d,31/08/2012,Aug-12,8,2012,VICTORIA,Minor Dam,128,6.41,128.9,100.7
71c3638b-176e-4a0d-a705-723f5c8fbb3f,01/09/2012,Sep-12,9,2012,VICTORIA,Minor Dam,128,6.4,128.4,100.31
7f34004e-da0f-40e8-9465-62f48b3468b9,02/09/2012,Sep-12,9,2012,VICTORIA,Minor Dam,128,6.43,129.9,101.48
b56a84e2-3f6a-4998-9668-0c31284b9312,03/09/2012,Sep-12,9,2012,VICTORIA,Minor Dam,128,6.45,130.9,102.27
ff62953c-b385-4b88-a5fe-585acc566f0a,04/09/2012,Sep-12,9,2012,VICTORIA,Minor Dam,128,6.43,129.9,101.48
0d9e6b21-9ec3-4864-a397-58f9ba6df5c3,05/09/2012,Sep-12,9,2012,VICTORIA,Minor Dam,128,6.43,129.9,101.48
4b1def33-416e-4411-94e1-cc9b747a5f65,06/09/2012,Sep-12,9,2012,VICTORIA,Minor Dam,128,6.42,129.4,101.09
227bf57e-72c7-49c9-a175-7b0db054f91c,07/09/2012,Sep-12,9,2012,VICTORIA,Minor Dam,128,6.4,128.4,100.31
88475e57-6d0d-4003-b9dc-3167f4b2ec08,08/09/2012,Sep-12,9,2012,VICTORIA,Minor Dam,128,6.4,128.4,100.31
9b8ec837-57f7-4649-b725-51c0d7398a18,09/09/2012,Sep-12,9,2012,VICTORIA,Minor Dam,128,6.4,128.4,100.31
044df53a-3d88-472e-9487-231baa233070,10/09/2012,Sep-12,9,2012,VICTORIA,Minor Dam,128,6.41,128.9,100.7
d365260a-9568-4df6-a67d-f99cb249980d,11/09/2012,Sep-12,9,2012,VICTORIA,Minor Dam,128,6.42,129.4,101.09
d9da1476-8bf8-4dba-93e5-e3912d7eec43,12/09/2012,Sep-12,9,2012,VICTORIA,Minor Dam,128,6.43,129.9,101.48
e1ea2363-0d50-4cf2-9709-1b0707d3da56,13/09/2012,Sep-12,9,2012,VICTORIA,Minor Dam,128,6.43,129.9,101.48
28d8507f-72f8-4d49-a4d4-409df3f61476,14/09/2012,Sep-12,9,2012,VICTORIA,Minor Dam,128,6.43,129.9,101.48
8a8d278e-29f8-4cdd-8be9-e57c8445f8e7,15/09/2012,Sep-12,9,2012,VICTORIA,Minor Dam,128,6.43,129.9,101.48
e6a0958d-5c8e-41ac-928f-0394efb28f22,16/09/2012,Sep-12,9,2012,VICTORIA,Minor Dam,128,6.43,129.9,101.48
a0be6387-ce8c-4bb3-a64d-7f3603fcdd0e,17/09/2012,Sep-12,9,2012,VICTORIA,Minor Dam,128,6.41,128.9,100.7
e245b3e5-24bd-4109-b529-b9218a39a1ca,18/09/2012,Sep-12,9,2012,VICTORIA,Minor Dam,128,6.41,128.9,100.7
c27cdaf3-a7d9-4714-a985-70c58a8e3906,19/09/2012,Sep-12,9,2012,VICTORIA,Minor Dam,128,6.41,128.9,100.7
b58e4fb0-fab2-4b2f-8e2e-982c96b6052b,20/09/2012,Sep-12,9,2012,VICTORIA,Minor Dam,128,6.41,128.9,100.7
93ca6f10-45b1-4d0c-8440-27a86499e35f,21/09/2012,Sep-12,9,2012,VICTORIA,Minor Dam,128,6.4,128.4,100.31
954c33b0-0c02-48ef-8485-40976923fc67,22/09/2012,Sep-12,9,2012,VICTORIA,Minor Dam,128,6.46,131.3,102.58
86f4febf-cd53-49b7-9a59-240c6e8f482d,23/09/2012,Sep-12,9,2012,VICTORIA,Minor Dam,128,6.43,129.9,101.48
51d8264a-35d1-489f-92ac-3a0650cd65be,24/09/2012,Sep-12,9,2012,VICTORIA,Minor Dam,128,6.43,129.9,101.48
4de55421-473e-4d82-bda7-305b845ce252,25/09/2012,Sep-12,9,2012,VICTORIA,Minor Dam,128,6.43,129.9,101.48
c21b59f2-bd3c-4fbe-b1a8-52f35ee00ea4,26/09/2012,Sep-12,9,2012,VICTORIA,Minor Dam,128,6.44,130.4,101.87
df8386e9-335d-4fa3-9a60-6329cf1b1273,27/09/2012,Sep-12,9,2012,VICTORIA,Minor Dam,128,6.43,129.9,101.48
9b334bdd-b37d-4af8-9aff-16b22727feed,28/09/2012,Sep-12,9,2012,VICTORIA,Minor Dam,128,6.45,130.9,102.27
3e7cd6fa-fcba-41e2-9ec9-770a7b89b3fa,29/09/2012,Sep-12,9,2012,VICTORIA,Minor Dam,128,6.49,132.8,103.75
65070915-cd55-4fbd-9d43-67e4c3951532,30/09/2012,Sep-12,9,2012,VICTORIA,Minor Dam,128,6.41,128.9,100.7
80a6d14c-b644-45e1-a184-c4d76c2a8045,01/10/2012,Oct-12,10,2012,VICTORIA,Minor Dam,128,6.44,130.4,101.87
1f866e5e-bf5c-4b9e-ba91-ad88fc432f42,02/10/2012,Oct-12,10,2012,VICTORIA,Minor Dam,128,6.43,129.9,101.48
4550454e-7d28-46ca-be9b-c3d972b1c3bb,03/10/2012,Oct-12,10,2012,VICTORIA,Minor Dam,128,6.43,129.9,101.48
5f55614b-c97f-4cb1-befe-4f4c64e8e67f,04/10/2012,Oct-12,10,2012,VICTORIA,Minor Dam,128,6.42,129.4,101.09
87083540-a811-4db0-8261-d7f39c871114,05/10/2012,Oct-12,10,2012,VICTORIA,Minor Dam,128,6.44,130.4,101.87
5ffffd15-ef6d-465e-92e6-ebfcbe5eed34,06/10/2012,Oct-12,10,2012,VICTORIA,Minor Dam,128,6.44,130.4,101.87
1e2fd6fe-e893-43d4-a548-8676bf895476,07/10/2012,Oct-12,10,2012,VICTORIA,Minor Dam,128,6.44,130.4,101.87
2241aca3-9575-4bdb-913f-9a28ea0a9431,08/10/2012,Oct-12,10,2012,VICTORIA,Minor Dam,128,6.43,129.9,101.48
328c45ec-acfd-48eb-b551-1bab7469974b,09/10/2012,Oct-12,10,2012,VICTORIA,Minor Dam,128,6.42,129.4,101.09
b8b7be77-378e-47cd-aa8e-2f90e905ed45,10/10/2012,Oct-12,10,2012,VICTORIA,Minor Dam,128,6.41,128.9,100.7
99410f1e-2e33-4b32-ad65-250265b143f6,11/10/2012,Oct-12,10,2012,VICTORIA,Minor Dam,128,6.41,128.9,100.7
496d9e58-4686-42b2-9e64-2c960426d583,12/10/2012,Oct-12,10,2012,VICTORIA,Minor Dam,128,6.41,128.9,100.7
b65da0e0-c98c-4ac0-81d1-8003954f45a1,13/10/2012,Oct-12,10,2012,VICTORIA,Minor Dam,128,6.41,128.9,100.7
b3cf48eb-ea8a-4c38-86a8-ed8e8f901911,14/10/2012,Oct-12,10,2012,VICTORIA,Minor Dam,128,6.41,128.9,100.7
ef76164c-005d-498a-be88-8078d72c3f85,15/10/2012,Oct-12,10,2012,VICTORIA,Minor Dam,128,6.41,128.9,100.7
0e714d42-72a2-4847-b805-4e8ac1241255,16/10/2012,Oct-12,10,2012,VICTORIA,Minor Dam,128,6.4,128.4,100.31
31532d50-c3b3-4dc8-bd6f-e86ca480a646,17/10/2012,Oct-12,10,2012,VICTORIA,Minor Dam,128,6.4,128.4,100.31
7256caff-9a48-4b9d-acac-d1558bb192b3,18/10/2012,Oct-12,10,2012,VICTORIA,Minor Dam,128,6.4,128.4,100.31
9594f65a-7fbb-4cd1-a18c-b5b6652b09b8,19/10/2012,Oct-12,10,2012,VICTORIA,Minor Dam,128,6.4,128.4,100.31
f1b06266-023f-4c3f-9cfb-72be6de542f1,20/10/2012,Oct-12,10,2012,VICTORIA,Minor Dam,128,6.42,129.4,101.09
799993c7-764c-4c58-9598-e47d705abd50,21/10/2012,Oct-12,10,2012,VICTORIA,Minor Dam,128,6.46,131.3,102.58
ced8de65-8606-444c-bf66-812d2974be15,22/10/2012,Oct-12,10,2012,VICTORIA,Minor Dam,128,6.44,130.4,101.87
ecd27ad0-9fc5-4945-95cf-9668edcee636,23/10/2012,Oct-12,10,2012,VICTORIA,Minor Dam,128,6.42,129.4,101.09
f893f58e-b310-4f40-8cb8-3ac860a112de,24/10/2012,Oct-12,10,2012,VICTORIA,Minor Dam,128,6.41,128.9,100.7
a90efc53-76dd-43d3-bdfb-952e2daeb9ee,25/10/2012,Oct-12,10,2012,VICTORIA,Minor Dam,128,6.41,128.9,100.7
bac9fe91-4544-488a-bd99-9343302c46bf,26/10/2012,Oct-12,10,2012,VICTORIA,Minor Dam,128,6.41,128.9,100.7
9e48a2db-e8a8-48d3-be78-ea311f69b54f,27/10/2012,Oct-12,10,2012,VICTORIA,Minor Dam,128,6.4,128.4,100.31
1387429b-e057-4bb9-85f9-1c0ef42db58c,28/10/2012,Oct-12,10,2012,VICTORIA,Minor Dam,128,6.4,128.4,100.31
d37c06e8-53cd-4f4a-b2fc-1a4af2e32d27,29/10/2012,Oct-12,10,2012,VICTORIA,Minor Dam,128,6.4,128.4,100.31
4b8fd363-c736-4c40-86e4-2b45a744ca44,30/10/2012,Oct-12,10,2012,VICTORIA,Minor Dam,128,6.42,129.4,101.09
77ebdbcb-887f-42c0-891c-23dd9a74f1a1,31/10/2012,Oct-12,10,2012,VICTORIA,Minor Dam,128,6.41,128.9,100.7
5f3bec7f-ea49-4658-8e1f-3c941a42147f,01/11/2012,Nov-12,11,2012,VICTORIA,Minor Dam,128,6.41,128.9,100.7
0667469a-7893-49d4-ab61-4629749767b7,02/11/2012,Nov-12,11,2012,VICTORIA,Minor Dam,128,6.41,128.9,100.7
89e1ac4a-acc9-40ca-813e-2c7b6a8608de,03/11/2012,Nov-12,11,2012,VICTORIA,Minor Dam,128,6.41,128.9,100.7
c33bfa77-244c-4956-a78e-493076555531,04/11/2012,Nov-12,11,2012,VICTORIA,Minor Dam,128,6.41,128.9,100.7
f0b121e5-1aa6-46f6-ba23-ad2dad55b4d5,05/11/2012,Nov-12,11,2012,VICTORIA,Minor Dam,128,6.41,128.9,100.7
82d5b51e-ce6d-4998-9fae-c3d697d0ea14,06/11/2012,Nov-12,11,2012,VICTORIA,Minor Dam,128,6.4,128.4,100.31
a7f7a23f-2b52-4a27-8f21-35614806b8c1,07/11/2012,Nov-12,11,2012,VICTORIA,Minor Dam,128,6.4,128.4,100.31
a5751c3e-3707-42fb-8778-f739a08317b0,08/11/2012,Nov-12,11,2012,VICTORIA,Minor Dam,128,6.4,128.4,100.31
606894ab-1336-486e-b68f-84f826e88d5a,09/11/2012,Nov-12,11,2012,VICTORIA,Minor Dam,128,6.39,127.9,99.92
462eba7c-7006-42c5-b18c-05fa26082997,10/11/2012,Nov-12,11,2012,VICTORIA,Minor Dam,128,6.39,127.9,99.92
58ce8591-9b3e-4fec-8f64-5c9d89b4015f,11/11/2012,Nov-12,11,2012,VICTORIA,Minor Dam,128,6.37,126.9,99.14
0f873646-28ae-4126-95eb-489b70afa347,12/11/2012,Nov-12,11,2012,VICTORIA,Minor Dam,128,6.37,126.9,99.14
5f31c47b-596e-4878-a163-0438e0eb4016,13/11/2012,Nov-12,11,2012,VICTORIA,Minor Dam,128,6.36,126.5,98.83
4efcc68f-7c64-4478-bf0d-9a0ff1e332fe,14/11/2012,Nov-12,11,2012,VICTORIA,Minor Dam,128,6.36,126.5,98.83
baf7a57a-6ca2-4411-98cf-39d2a52696ff,15/11/2012,Nov-12,11,2012,VICTORIA,Minor Dam,128,6.35,126,98.44
e001f2f1-4b6d-4af1-8d70-3b4b5ad750aa,16/11/2012,Nov-12,11,2012,VICTORIA,Minor Dam,128,6.34,125.5,98.05
2b3eb665-590b-4583-bc7d-92777f5fa838,17/11/2012,Nov-12,11,2012,VICTORIA,Minor Dam,128,6.34,125.5,98.05
fe23bbbe-f20d-4fa6-bac8-5de02c4dc0fb,18/11/2012,Nov-12,11,2012,VICTORIA,Minor Dam,128,6.34,125.5,98.05
5089b0f9-6a9e-4663-a7a0-e432b6386abb,19/11/2012,Nov-12,11,2012,VICTORIA,Minor Dam,128,6.33,125,97.66
94935408-c87b-403c-ae8f-35cf2ad31f5f,20/11/2012,Nov-12,11,2012,VICTORIA,Minor Dam,128,6.33,125,97.66
59bddbf8-93fe-4ed6-88b2-9347ca58165e,21/11/2012,Nov-12,11,2012,VICTORIA,Minor Dam,128,6.34,125.5,98.05
bd92819f-21ba-460d-b657-9de8c16e66e9,22/11/2012,Nov-12,11,2012,VICTORIA,Minor Dam,128,6.34,125.5,98.05
7e305bd2-b6b3-4adb-a057-cf8ab2649502,23/11/2012,Nov-12,11,2012,VICTORIA,Minor Dam,128,6.33,125,97.66
cb170f52-af49-46a6-a78b-4343debb7d69,24/11/2012,Nov-12,11,2012,VICTORIA,Minor Dam,128,6.31,124,96.88
18b79043-3f2f-4b4a-a003-02a8a91d04c1,25/11/2012,Nov-12,11,2012,VICTORIA,Minor Dam,128,6.31,124,96.88
2b10cc40-7a0d-4730-a908-2b6c5a597860,26/11/2012,Nov-12,11,2012,VICTORIA,Minor Dam,128,6.31,124,96.88
27910a6b-7bef-48c1-8bb5-5887bbf45113,27/11/2012,Nov-12,11,2012,VICTORIA,Minor Dam,128,6.32,124.5,97.27
a29d8109-0fa9-4cc0-8571-0bdec150cc1a,28/11/2012,Nov-12,11,2012,VICTORIA,Minor Dam,128,6.33,125,97.66
16dfb73a-6878-4d6b-b672-496b1bf5c573,29/11/2012,Nov-12,11,2012,VICTORIA,Minor Dam,128,6.32,124.5,97.27
f7ad9a8c-3c55-4e7f-8250-82cdbffae377,30/11/2012,Nov-12,11,2012,VICTORIA,Minor Dam,128,6.32,124.5,97.27
18f80333-cb0f-48c0-b524-e8526ed2f4cf,01/12/2012,Dec-12,12,2012,VICTORIA,Minor Dam,128,6.31,124,96.88
806a8b1d-5586-4125-b429-f1d17fc8f98d,02/12/2012,Dec-12,12,2012,VICTORIA,Minor Dam,128,6.31,124,96.88
26d6e33f-abc7-42e8-879e-06e939122e40,03/12/2012,Dec-12,12,2012,VICTORIA,Minor Dam,128,6.31,124,96.88
920a9293-f70b-4397-9f0d-93c2d28d09bb,04/12/2012,Dec-12,12,2012,VICTORIA,Minor Dam,128,6.3,123.5,96.48
400686cd-8381-43c2-8b5d-cea51c5d083e,05/12/2012,Dec-12,12,2012,VICTORIA,Minor Dam,128,6.3,123.5,96.48
067dfb21-3c6c-4d31-8ec1-6122708b6418,06/12/2012,Dec-12,12,2012,VICTORIA,Minor Dam,128,6.28,122.5,95.7
a328dc4e-c33f-402d-a4cb-b9aabf468f13,07/12/2012,Dec-12,12,2012,VICTORIA,Minor Dam,128,6.28,122.5,95.7
0ea7e915-22cd-40ba-9388-d6a826572237,08/12/2012,Dec-12,12,2012,VICTORIA,Minor Dam,128,6.27,122,95.31
0dde2fa5-25be-4cf6-b142-fb02978fbe4f,09/12/2012,Dec-12,12,2012,VICTORIA,Minor Dam,128,6.27,122,95.31
90957ea3-90e0-4a69-8e2d-4b8ec8d8cfba,10/12/2012,Dec-12,12,2012,VICTORIA,Minor Dam,128,6.27,122,95.31
0373ee2d-fc17-4e30-b2a9-da0e3f7d6169,11/12/2012,Dec-12,12,2012,VICTORIA,Minor Dam,128,6.26,121.5,94.92
060327b1-3668-4ffe-b1eb-4f51f3494bc7,12/12/2012,Dec-12,12,2012,VICTORIA,Minor Dam,128,6.26,121.5,94.92
b9c7444d-df1d-494d-b703-cf38ba3227d3,13/12/2012,Dec-12,12,2012,VICTORIA,Minor Dam,128,6.25,121,94.53
dbc20b52-c6f5-435d-97cc-e8aceb82c408,14/12/2012,Dec-12,12,2012,VICTORIA,Minor Dam,128,6.24,120.5,94.14
1b44c45a-c7cc-4528-bda2-b33988cdd7fc,15/12/2012,Dec-12,12,2012,VICTORIA,Minor Dam,128,6.23,120.1,93.83
087dceb2-0442-4e21-be0f-2cea1a635272,16/12/2012,Dec-12,12,2012,VICTORIA,Minor Dam,128,6.22,119.6,93.44
6c5ba463-3e1c-438d-8af9-96806e651c68,17/12/2012,Dec-12,12,2012,VICTORIA,Minor Dam,128,6.22,119.6,93.44
25dbb81d-d03f-4e8f-ab28-81965a51b8b0,18/12/2012,Dec-12,12,2012,VICTORIA,Minor Dam,128,6.2,118.6,92.66
311125f1-7dbb-4822-97f8-0881921b9ca4,19/12/2012,Dec-12,12,2012,VICTORIA,Minor Dam,128,6.19,118.1,92.27
65dde445-b967-49e9-a739-e4de3a4069f7,20/12/2012,Dec-12,12,2012,VICTORIA,Minor Dam,128,6.19,118.1,92.27
24ecb8bb-8909-4e39-a06c-6f58fa2af64f,21/12/2012,Dec-12,12,2012,VICTORIA,Minor Dam,128,6.19,118.1,92.27
76a4b71e-e92a-4587-96bb-baee69a7c8eb,22/12/2012,Dec-12,12,2012,VICTORIA,Minor Dam,128,6.18,117.6,91.87
acdbf9cd-4ff2-4775-a57d-2c1f5f3dc03f,23/12/2012,Dec-12,12,2012,VICTORIA,Minor Dam,128,6.17,117.1,91.48
4524f67d-5f2e-42a0-b175-789a029eb801,24/12/2012,Dec-12,12,2012,VICTORIA,Minor Dam,128,6.17,117.1,91.48
17ae8dda-d711-4a48-8900-85e109d123c0,25/12/2012,Dec-12,12,2012,VICTORIA,Minor Dam,128,6.16,116.6,91.09
38ae9140-df08-4e60-91c3-35bf9d29fc16,26/12/2012,Dec-12,12,2012,VICTORIA,Minor Dam,128,6.16,116.6,91.09
0c158225-2ae9-452d-9ee1-505f863ee5b2,27/12/2012,Dec-12,12,2012,VICTORIA,Minor Dam,128,6.16,116.6,91.09
4e0f7cb2-119a-4241-b82c-9c66602b292d,28/12/2012,Dec-12,12,2012,VICTORIA,Minor Dam,128,6.15,116.1,90.7
623020a6-f18c-4438-8108-1a7f197ae719,29/12/2012,Dec-12,12,2012,VICTORIA,Minor Dam,128,6.15,116.1,90.7
c0ab6597-c9eb-4003-9c2b-cbf3b918bf2a,30/12/2012,Dec-12,12,2012,VICTORIA,Minor Dam,128,6.15,116.1,90.7
d8e72d38-9931-4f65-860d-13f0257debac,31/12/2012,Dec-12,12,2012,VICTORIA,Minor Dam,128,6.13,115.1,89.92
8df42d49-56b6-4217-a4f9-fdd5d189c2f0,01/01/2013,Jan-13,1,2013,VICTORIA,Minor Dam,128,6.11,114.1,89.14
fe27139c-c0e2-4710-92e8-f95a3e363164,02/01/2013,Jan-13,1,2013,VICTORIA,Minor Dam,128,6.1,113.7,88.83
9a35b18b-cb61-476c-927e-665183df86bb,03/01/2013,Jan-13,1,2013,VICTORIA,Minor Dam,128,6.09,113.2,88.44
de610c50-e3fe-42f3-a077-194ac88e7f7c,04/01/2013,Jan-13,1,2013,VICTORIA,Minor Dam,128,6.08,112.8,88.13
69b121c9-555b-4d87-b0db-a62500563a0f,05/01/2013,Jan-13,1,2013,VICTORIA,Minor Dam,128,6.08,112.8,88.13
edbe4afe-161c-49f1-99d9-1b78a4525ef9,06/01/2013,Jan-13,1,2013,VICTORIA,Minor Dam,128,6.06,111.9,87.42
33f84634-1fe0-4b9e-bd5c-62d2aabf4211,07/01/2013,Jan-13,1,2013,VICTORIA,Minor Dam,128,6.06,111.9,87.42
0168f9c7-fd52-4ab8-b640-1abff4b3599a,08/01/2013,Jan-13,1,2013,VICTORIA,Minor Dam,128,6.06,111.9,87.42
931428a1-e73b-4a8e-8e85-2f7efe7f50aa,09/01/2013,Jan-13,1,2013,VICTORIA,Minor Dam,128,6.04,111,86.72
27ef2c3e-9377-4d74-bab2-9f8ce0d0c40f,10/01/2013,Jan-13,1,2013,VICTORIA,Minor Dam,128,6.04,111,86.72
b1cc1dec-7f14-4708-a889-41a450aedfbe,11/01/2013,Jan-13,1,2013,VICTORIA,Minor Dam,128,6.04,111,86.72
18610cb7-dfc5-4834-ac72-845674036159,12/01/2013,Jan-13,1,2013,VICTORIA,Minor Dam,128,6.06,111.9,87.42
929fec21-bc9f-4a1f-9409-c103550458fd,13/01/2013,Jan-13,1,2013,VICTORIA,Minor Dam,128,6.06,111.9,87.42
f57ad0e9-4a3d-4ee0-9753-48eeed588875,14/01/2013,Jan-13,1,2013,VICTORIA,Minor Dam,128,6.05,111.5,87.11
db0def38-e42c-435e-9b30-84a243272543,15/01/2013,Jan-13,1,2013,VICTORIA,Minor Dam,128,6.05,111.5,87.11
81760a3a-9fb1-4f2d-a271-59731896e3de,16/01/2013,Jan-13,1,2013,VICTORIA,Minor Dam,128,6,109.3,85.39
f2eba3b5-d800-42e5-a2c6-7ec4505f1619,17/01/2013,Jan-13,1,2013,VICTORIA,Minor Dam,128,6.01,109.7,85.7
99ff05a7-252a-4c2f-a4fd-d99ade0940a0,18/01/2013,Jan-13,1,2013,VICTORIA,Minor Dam,128,6.01,109.7,85.7
a6b67819-fc66-4efd-8bd4-76fa9f6dd2d4,19/01/2013,Jan-13,1,2013,VICTORIA,Minor Dam,128,5.99,108.8,85
65c94f21-826a-45a0-9e76-d2e5d10fb603,20/01/2013,Jan-13,1,2013,VICTORIA,Minor Dam,128,5.99,108.8,85
efdc0b0f-38c0-4e79-810d-29812373ce72,21/01/2013,Jan-13,1,2013,VICTORIA,Minor Dam,128,5.98,108.4,84.69
8b79c755-f927-44c7-a280-ce88fafdea7c,22/01/2013,Jan-13,1,2013,VICTORIA,Minor Dam,128,5.98,108.4,84.69
3aa26cf1-a6b3-44ed-b0a7-232b71f9f331,23/01/2013,Jan-13,1,2013,VICTORIA,Minor Dam,128,5.97,107.9,84.3
f2e415e8-ab7a-4683-b027-c3935ac7a184,24/01/2013,Jan-13,1,2013,VICTORIA,Minor Dam,128,5.96,107.5,83.98
9f830076-d156-459c-b43f-f28759e53235,25/01/2013,Jan-13,1,2013,VICTORIA,Minor Dam,128,5.95,107.1,83.67
90360d85-a8c1-43a8-9133-6e9c4ea43aac,26/01/2013,Jan-13,1,2013,VICTORIA,Minor Dam,128,5.94,106.6,83.28
3701725b-c538-433d-b02e-b19921889936,27/01/2013,Jan-13,1,2013,VICTORIA,Minor Dam,128,5.94,106.6,83.28
9afa3bde-3b65-41b2-961f-1158b430fe59,28/01/2013,Jan-13,1,2013,VICTORIA,Minor Dam,128,5.91,105.3,82.27
93e2974e-1fe7-4d55-be08-7f2bcbb48d9a,29/01/2013,Jan-13,1,2013,VICTORIA,Minor Dam,128,5.88,104,81.25
2aace234-687d-4d36-96a4-a210c7bfa1c6,30/01/2013,Jan-13,1,2013,VICTORIA,Minor Dam,128,5.87,103.5,80.86
9532ed9c-e8a5-461c-beec-17239298bf73,31/01/2013,Jan-13,1,2013,VICTORIA,Minor Dam,128,5.87,103.5,80.86
e809ff56-6c45-42f8-8143-c92c44fbb39c,01/02/2013,Feb-13,2,2013,VICTORIA,Minor Dam,128,5.87,103.5,80.86
4607ec72-63e4-4802-89a1-806af3362c90,02/02/2013,Feb-13,2,2013,VICTORIA,Minor Dam,128,5.87,103.5,80.86
07be210f-a60c-4356-a02d-23afcce723d7,03/02/2013,Feb-13,2,2013,VICTORIA,Minor Dam,128,5.87,103.5,80.86
4a0dc4a0-c66d-4714-a685-67fc97a1039d,04/02/2013,Feb-13,2,2013,VICTORIA,Minor Dam,128,5.87,103.5,80.86
2dc11152-e8fc-47c6-a371-a7db36d7feed,05/02/2013,Feb-13,2,2013,VICTORIA,Minor Dam,128,5.87,103.5,80.86
a86c32de-837c-418c-8f32-4a4f45066d2a,06/02/2013,Feb-13,2,2013,VICTORIA,Minor Dam,128,5.86,103.1,80.55
ba7b4df6-e829-4493-96df-00777a3714f1,07/02/2013,Feb-13,2,2013,VICTORIA,Minor Dam,128,5.85,102.7,80.23
69003c83-360f-48cc-a09f-c410006d75d6,08/02/2013,Feb-13,2,2013,VICTORIA,Minor Dam,128,5.84,102.2,79.84
06c599f5-b5c2-47b6-ab59-22476bd80187,09/02/2013,Feb-13,2,2013,VICTORIA,Minor Dam,128,5.83,101.8,79.53
a3dc3878-dfa8-410c-ab0d-74336a4bcb1f,10/02/2013,Feb-13,2,2013,VICTORIA,Minor Dam,128,5.83,101.8,79.53
3ac46b05-e47b-474a-bbcc-dffc5cb1ee91,11/02/2013,Feb-13,2,2013,VICTORIA,Minor Dam,128,5.83,101.8,79.53
a7d73d3f-844d-4742-8c19-7f8e4c231808,12/02/2013,Feb-13,2,2013,VICTORIA,Minor Dam,128,5.87,103.5,80.86
b947f4d3-fb80-47d0-b1cf-9a3bc8d5d188,13/02/2013,Feb-13,2,2013,VICTORIA,Minor Dam,128,5.87,103.5,80.86
5d17c5c3-8230-4ba7-b1c1-c840a2e4775b,14/02/2013,Feb-13,2,2013,VICTORIA,Minor Dam,128,5.87,103.5,80.86
6f0514b5-06b9-44f1-94ec-741d049fa16f,15/02/2013,Feb-13,2,2013,VICTORIA,Minor Dam,128,5.88,104,81.25
6b05e105-3699-4f15-beac-6609c323ffd3,16/02/2013,Feb-13,2,2013,VICTORIA,Minor Dam,128,5.88,104,81.25
ea07eb61-02ac-4e13-ad70-908549cd5c32,17/02/2013,Feb-13,2,2013,VICTORIA,Minor Dam,128,5.87,103.5,80.86
9574ad3d-fcf8-498a-99dc-ff85d1a40052,18/02/2013,Feb-13,2,2013,VICTORIA,Minor Dam,128,5.85,102.7,80.23
d9199ccf-4983-4a6f-821f-01d5406ada50,19/02/2013,Feb-13,2,2013,VICTORIA,Minor Dam,128,5.84,102.2,79.84
63618859-0070-4f2c-a0e0-61a59b60e04d,20/02/2013,Feb-13,2,2013,VICTORIA,Minor Dam,128,5.79,100,78.13
ff1d0586-e4f0-44b0-8e92-4379aea7a664,21/02/2013,Feb-13,2,2013,VICTORIA,Minor Dam,128,5.76,98.8,77.19
37658311-4ba3-45c8-bc28-a17b001f4f55,22/02/2013,Feb-13,2,2013,VICTORIA,Minor Dam,128,5.74,97.9,76.48
30e3d806-5367-4708-bebf-7f246fb7e302,23/02/2013,Feb-13,2,2013,VICTORIA,Minor Dam,128,5.59,91.7,71.64
537454d7-bb5e-4084-be0a-a80db9ba4711,24/02/2013,Feb-13,2,2013,VICTORIA,Minor Dam,128,5.45,86,67.19
b20bfa2c-9722-4c30-bab7-fb9d2f80265a,25/02/2013,Feb-13,2,2013,VICTORIA,Minor Dam,128,5.28,79.8,62.34
26bbceea-a159-4ccd-85f8-bfcfe6cd67fa,26/02/2013,Feb-13,2,2013,VICTORIA,Minor Dam,128,5.21,77.2,60.31
243b08a6-cc5a-474f-9151-43cc9b9d233a,27/02/2013,Feb-13,2,2013,VICTORIA,Minor Dam,128,5.05,71.8,56.09
031d0675-70fb-4dad-8714-1a530c27b42b,28/02/2013,Feb-13,2,2013,VICTORIA,Minor Dam,128,4.94,68.2,53.28
c4c96682-c59e-4f3a-a969-f01b6eeafa36,01/03/2013,Mar-13,3,2013,VICTORIA,Minor Dam,128,4.79,63.4,49.53
7cfde301-4d9d-4d27-ae70-b56185a978ba,02/03/2013,Mar-13,3,2013,VICTORIA,Minor Dam,128,4.68,60.1,46.95
1e8cb9ab-9210-4dfd-b623-4a0237e490ab,03/03/2013,Mar-13,3,2013,VICTORIA,Minor Dam,128,4.64,58.9,46.02
1e2ae173-8c97-4b0f-b765-bce0397eed24,04/03/2013,Mar-13,3,2013,VICTORIA,Minor Dam,128,4.4,51.5,40.23
48fa99a0-ff40-49bd-982d-8bfbd24015fd,05/03/2013,Mar-13,3,2013,VICTORIA,Minor Dam,128,4.28,47.8,37.34
7d0b0658-01dc-41df-aa8c-f6c9d7a83578,06/03/2013,Mar-13,3,2013,VICTORIA,Minor Dam,128,4.13,43.5,33.98
9783a625-595c-430a-893a-dff7ef94cedd,07/03/2013,Mar-13,3,2013,VICTORIA,Minor Dam,128,3.79,34.3,26.8
3529ab9e-cdfa-4a43-b357-b1a20bb06ad0,08/03/2013,Mar-13,3,2013,VICTORIA,Minor Dam,128,3.4,25.4,19.84
23797027-9cc3-4a7c-9942-9a15999e5cbf,09/03/2013,Mar-13,3,2013,VICTORIA,Minor Dam,128,3.03,18.8,14.69
8da6ffdf-ffcc-49f5-bc46-1e9e36edc315,10/03/2013,Mar-13,3,2013,VICTORIA,Minor Dam,128,2.62,13.1,10.23
da77abd3-c873-489a-adc5-b065b11a50bb,11/03/2013,Mar-13,3,2013,VICTORIA,Minor Dam,128,1.96,6.6,5.16
59a0752c-ea42-4380-b4f6-72385197a69c,12/03/2013,Mar-13,3,2013,VICTORIA,Minor Dam,128,0,0,0
96ee4f78-a2a6-4f99-b62d-3452531621dd,13/03/2013,Mar-13,3,2013,VICTORIA,Minor Dam,128,0,0,0
6bc9fee7-10ba-4ae8-92f8-7189cb1249b9,14/03/2013,Mar-13,3,2013,VICTORIA,Minor Dam,128,0,0,0
a661899d-bd67-4569-ba41-dd02e43a6688,15/03/2013,Mar-13,3,2013,VICTORIA,Minor Dam,128,0,0,0
52b4f1cf-202e-4154-85f1-96bcf5cabf2c,16/03/2013,Mar-13,3,2013,VICTORIA,Minor Dam,128,0,0,0
603aae37-dc9e-42aa-bf65-9095a6601da4,17/03/2013,Mar-13,3,2013,VICTORIA,Minor Dam,128,0,0,0
2ff2faaa-b680-4043-bc25-597c577619f6,18/03/2013,Mar-13,3,2013,VICTORIA,Minor Dam,128,0,0,0
fad08fd7-faa3-457f-b2dc-039f95d067fc,19/03/2013,Mar-13,3,2013,VICTORIA,Minor Dam,128,0,0,0
072cb485-9b1b-4924-9a24-a749ca3339a0,20/03/2013,Mar-13,3,2013,VICTORIA,Minor Dam,128,0,0,0
f3c30af0-3ac5-4672-a337-8d515fa9aff8,21/03/2013,Mar-13,3,2013,VICTORIA,Minor Dam,128,0,0,0
fc40098e-e56c-4798-a86f-d568fd546e0a,22/03/2013,Mar-13,3,2013,VICTORIA,Minor Dam,128,0,0,0
dfa6221a-5ad8-42c5-8173-7fe2bc48d26a,23/03/2013,Mar-13,3,2013,VICTORIA,Minor Dam,128,0,0,0
82c3a24d-65f7-4653-a82e-33f4a8e2c125,24/03/2013,Mar-13,3,2013,VICTORIA,Minor Dam,128,0,0,0
a71fbaa4-3504-4066-b2e8-7d1bad50fefa,25/03/2013,Mar-13,3,2013,VICTORIA,Minor Dam,128,0,0,0
3a67c922-5a55-4ddb-a3ad-f3eae6c55b94,26/03/2013,Mar-13,3,2013,VICTORIA,Minor Dam,128,0,0,0
90a6f037-5449-4069-8e8c-e2bd560efb9f,27/03/2013,Mar-13,3,2013,VICTORIA,Minor Dam,128,0,0,0
ea5de04d-f751-41db-93d4-f058d1e376d8,28/03/2013,Mar-13,3,2013,VICTORIA,Minor Dam,128,0,0,0
6222e03f-2756-4ffb-9e0b-46ecaf609b86,29/03/2013,Mar-13,3,2013,VICTORIA,Minor Dam,128,0,0,0
e8438272-710d-4304-b31d-bbaad8359e4c,30/03/2013,Mar-13,3,2013,VICTORIA,Minor Dam,128,0,0,0
ad9054c6-2890-40a8-9c62-4c3bba4636ec,31/03/2013,Mar-13,3,2013,VICTORIA,Minor Dam,128,0,0,0
440b0ff1-76fb-4b7b-8371-8608c825c761,01/04/2013,Apr-13,4,2013,VICTORIA,Minor Dam,128,0,0,0
530a6f92-ba8e-4d41-9b8d-18438723fcba,02/04/2013,Apr-13,4,2013,VICTORIA,Minor Dam,128,0,0,0
88e1b0ac-221d-48ed-9ab7-bd6c063cc6b1,03/04/2013,Apr-13,4,2013,VICTORIA,Minor Dam,128,0,0,0
5efd45a2-0145-4594-9cf2-d8875d1c0dd5,04/04/2013,Apr-13,4,2013,VICTORIA,Minor Dam,128,0,0,0
30499ecd-76f7-4c5a-a2c0-9fba22cccdad,05/04/2013,Apr-13,4,2013,VICTORIA,Minor Dam,128,0,0,0
5652118a-bd97-4771-aa53-92b7a5227e06,06/04/2013,Apr-13,4,2013,VICTORIA,Minor Dam,128,0,0,0
b6131e89-5747-47f5-bd4b-ddaf4beea9bf,07/04/2013,Apr-13,4,2013,VICTORIA,Minor Dam,128,0,0,0
01ad11ed-a60a-483f-8edc-65c21b5dd737,08/04/2013,Apr-13,4,2013,VICTORIA,Minor Dam,128,0,0,0
4b1a6199-0333-479c-9d55-44b8817c19ed,09/04/2013,Apr-13,4,2013,VICTORIA,Minor Dam,128,0,0,0
8ee5dde8-d070-4d22-837d-4706e7ca8fee,10/04/2013,Apr-13,4,2013,VICTORIA,Minor Dam,128,0,0,0
c8a4a0a6-33a5-4aba-9ac9-e05d90ccbfab,11/04/2013,Apr-13,4,2013,VICTORIA,Minor Dam,128,0,0,0
e4cfb978-c00a-472e-9911-d28e1bc3f248,12/04/2013,Apr-13,4,2013,VICTORIA,Minor Dam,128,0,0,0
1c38f163-0154-4979-a697-9c3ffb425596,13/04/2013,Apr-13,4,2013,VICTORIA,Minor Dam,128,0,0,0
7ac9744b-ca3d-4f31-ae41-9ee32d718809,14/04/2013,Apr-13,4,2013,VICTORIA,Minor Dam,128,0,0,0
138f865b-6dbc-4d9a-ba09-dcbb8379cf99,15/04/2013,Apr-13,4,2013,VICTORIA,Minor Dam,128,0,0,0
862c51a5-1fd4-4f9d-9cbe-a94bd4abc521,16/04/2013,Apr-13,4,2013,VICTORIA,Minor Dam,128,0,0,0
57b11ccc-a045-4d54-bb6e-e63d86c70248,17/04/2013,Apr-13,4,2013,VICTORIA,Minor Dam,128,0,0,0
437c9d91-d0ae-4ac2-967d-1927c4d0f773,18/04/2013,Apr-13,4,2013,VICTORIA,Minor Dam,128,0,0,0
807541cf-99fe-4d2c-b83a-c9ce654fff8d,19/04/2013,Apr-13,4,2013,VICTORIA,Minor Dam,128,0,0,0
e8b85133-3353-4ef5-b4e4-4374d32e3c5e,20/04/2013,Apr-13,4,2013,VICTORIA,Minor Dam,128,0,0,0
b083110b-001c-476c-bb06-a8c0c31c4b49,21/04/2013,Apr-13,4,2013,VICTORIA,Minor Dam,128,0,0,0
2f091b62-00cf-4f8f-91f2-a1927e6d2217,22/04/2013,Apr-13,4,2013,VICTORIA,Minor Dam,128,0,0,0
4ccff6e8-b800-4634-8388-3bd3807a5716,23/04/2013,Apr-13,4,2013,VICTORIA,Minor Dam,128,0,0,0
d837dd91-c650-45ff-9c4a-f44618581ce4,24/04/2013,Apr-13,4,2013,VICTORIA,Minor Dam,128,0,0,0
af5b79f3-b4c7-4b27-9c7c-ae6a02d4e7cc,25/04/2013,Apr-13,4,2013,VICTORIA,Minor Dam,128,0,0,0
c8990034-d758-488c-8b6d-d13ed4ce6457,26/04/2013,Apr-13,4,2013,VICTORIA,Minor Dam,128,0,0,0
b99af0a1-0c4f-42bc-82d0-3fc128e3fdd1,27/04/2013,Apr-13,4,2013,VICTORIA,Minor Dam,128,0,0,0
5b997efa-7d13-4e17-a1fc-311fac7c3939,28/04/2013,Apr-13,4,2013,VICTORIA,Minor Dam,128,0,0,0
7f7f34cd-58fb-4f17-ac72-7335b03e678b,29/04/2013,Apr-13,4,2013,VICTORIA,Minor Dam,128,0,0,0
c977d46c-406e-480c-884b-1925bfd46915,30/04/2013,Apr-13,4,2013,VICTORIA,Minor Dam,128,0,0,0
de1fa163-8fca-4e77-90b5-9bd121bdda9b,01/05/2013,May-13,5,2013,VICTORIA,Minor Dam,128,0,0,0
2db72317-d7d8-4d4b-9abd-0c4414cbd469,02/05/2013,May-13,5,2013,VICTORIA,Minor Dam,128,0,0,0
d1db1f62-dbf4-4b95-bce7-f5da04ef34fd,03/05/2013,May-13,5,2013,VICTORIA,Minor Dam,128,0,0,0
ec3725cf-7efe-4d7e-9cca-44cd2e5ae6d3,04/05/2013,May-13,5,2013,VICTORIA,Minor Dam,128,0,0,0
20b996cd-11b8-43f6-a8e8-9c14d7af7366,05/05/2013,May-13,5,2013,VICTORIA,Minor Dam,128,0,0,0
6077bcf8-c039-44fa-a61d-11a7eb61ec52,06/05/2013,May-13,5,2013,VICTORIA,Minor Dam,128,0,0,0
0083e46e-7f1f-4a47-a83d-ed5534573d30,07/05/2013,May-13,5,2013,VICTORIA,Minor Dam,128,0,0,0
b5f3a2d4-5a04-439c-b962-d8146abce7cf,08/05/2013,May-13,5,2013,VICTORIA,Minor Dam,128,0,0,0
b4cd71c3-d76d-4666-8bc6-f49c3ce514f2,09/05/2013,May-13,5,2013,VICTORIA,Minor Dam,128,0,0,0
8363d0a6-ced0-4e8c-b930-368211db2b31,10/05/2013,May-13,5,2013,VICTORIA,Minor Dam,128,0,0,0
e3ef5522-29a6-48cf-8a26-26299d3454e1,11/05/2013,May-13,5,2013,VICTORIA,Minor Dam,128,0,0,0
55959332-40d0-4031-9e2c-890b5022a741,12/05/2013,May-13,5,2013,VICTORIA,Minor Dam,128,0,0,0
aaef7790-3b00-488a-a3c4-4575b87ba070,13/05/2013,May-13,5,2013,VICTORIA,Minor Dam,128,0,0,0
2fc2fa29-5a81-4b58-8443-ef4832d43c0e,14/05/2013,May-13,5,2013,VICTORIA,Minor Dam,128,0,0,0
d8f444cc-fa2a-45ec-8269-55dc9ddd4122,15/05/2013,May-13,5,2013,VICTORIA,Minor Dam,128,0,0,0
edefb68c-eca7-4c71-aaed-a8431c958528,16/05/2013,May-13,5,2013,VICTORIA,Minor Dam,128,0,0,0
362493f3-4f32-4949-b21a-774bfde34297,17/05/2013,May-13,5,2013,VICTORIA,Minor Dam,128,0,0,0
0a27536f-066b-439f-bd48-855f9a43bbe4,18/05/2013,May-13,5,2013,VICTORIA,Minor Dam,128,0,0,0
6f300784-9794-42c1-8003-c7fd07cadf6e,19/05/2013,May-13,5,2013,VICTORIA,Minor Dam,128,0,0,0
cafa5e78-989a-41b7-89ab-5d77a17fa3f0,20/05/2013,May-13,5,2013,VICTORIA,Minor Dam,128,0,0,0
a8557213-05b6-42be-a9e6-5a3bd0d19d26,21/05/2013,May-13,5,2013,VICTORIA,Minor Dam,128,0,0,0
171caa74-8b33-4afd-b2bb-d358102ca392,22/05/2013,May-13,5,2013,VICTORIA,Minor Dam,128,0,0,0
75da1aba-e8f6-4493-830f-dcc412870306,23/05/2013,May-13,5,2013,VICTORIA,Minor Dam,128,0,0,0
0f38c533-07f6-4d11-8125-e25ae86a53d7,24/05/2013,May-13,5,2013,VICTORIA,Minor Dam,128,0,0,0
23f78156-1b88-407e-82f3-9adaa06438d3,25/05/2013,May-13,5,2013,VICTORIA,Minor Dam,128,0,0,0
d2d87960-4f04-4420-b342-4f87017118cd,26/05/2013,May-13,5,2013,VICTORIA,Minor Dam,128,0,0,0
8678279d-cdc6-43cb-a40f-14393364945c,27/05/2013,May-13,5,2013,VICTORIA,Minor Dam,128,0,0,0
9207aadc-3d58-4842-aa6f-5944c3f5b5a5,28/05/2013,May-13,5,2013,VICTORIA,Minor Dam,128,2.53,12,9.38
4914f4a3-a531-468e-a610-a9e297960bcc,29/05/2013,May-13,5,2013,VICTORIA,Minor Dam,128,2.57,12.5,9.77
bb7ad5a7-1b48-4cae-8bd7-e82868b82cf1,30/05/2013,May-13,5,2013,VICTORIA,Minor Dam,128,2.61,13,10.16
7ce93db1-b00e-475f-a833-9ad060577dab,31/05/2013,May-13,5,2013,VICTORIA,Minor Dam,128,2.91,17,13.28
7a6bff9c-0069-4234-a3ee-2bae4b992d68,01/06/2013,Jun-13,6,2013,VICTORIA,Minor Dam,128,3.42,25.8,20.16
675bbf86-df76-4ab6-9178-f5beaac2a21a,02/06/2013,Jun-13,6,2013,VICTORIA,Minor Dam,128,3.71,32.2,25.16
76192443-3459-413d-b50d-d2db5c94d50b,03/06/2013,Jun-13,6,2013,VICTORIA,Minor Dam,128,4.27,47.5,37.11
57c013e1-d8d7-4c66-8443-e7a541d341de,04/06/2013,Jun-13,6,2013,VICTORIA,Minor Dam,128,4.51,54.9,42.89
f0df439e-947a-4fa9-920d-9517c673bac3,05/06/2013,Jun-13,6,2013,VICTORIA,Minor Dam,128,4.61,58,45.31
e66d155a-e92a-41d6-9616-67742dc901ad,06/06/2013,Jun-13,6,2013,VICTORIA,Minor Dam,128,4.67,59.8,46.72
9ef0d890-9aa2-4c92-b1ab-fe66fc6ff2d5,07/06/2013,Jun-13,6,2013,VICTORIA,Minor Dam,128,4.7,60.7,47.42
ba068d00-56ec-41b7-93db-7215febd2203,08/06/2013,Jun-13,6,2013,VICTORIA,Minor Dam,128,4.7,60.7,47.42
96cf74a4-5eeb-4531-a919-b254fb832096,09/06/2013,Jun-13,6,2013,VICTORIA,Minor Dam,128,4.87,65.9,51.48
5b8d2e88-9876-40db-8196-f841f459c292,10/06/2013,Jun-13,6,2013,VICTORIA,Minor Dam,128,5.03,71.2,55.62
f902fc7e-a1b4-4627-87f4-6b6f74261dd7,11/06/2013,Jun-13,6,2013,VICTORIA,Minor Dam,128,5.05,71.8,56.09
e22117c4-04d7-4607-885d-d59d58062ff0,12/06/2013,Jun-13,6,2013,VICTORIA,Minor Dam,128,5.06,72.2,56.41
204109d0-d972-4dac-bc04-7ec770fc1632,13/06/2013,Jun-13,6,2013,VICTORIA,Minor Dam,128,5.06,72.2,56.41
8fc45981-5a68-4379-8951-e4c1b059caab,14/06/2013,Jun-13,6,2013,VICTORIA,Minor Dam,128,5.05,71.8,56.09
a6c1f4bf-d0ff-4f16-a9ed-9be8d135f386,15/06/2013,Jun-13,6,2013,VICTORIA,Minor Dam,128,5.18,76.1,59.45
bc49a28b-939a-4069-a05d-c20ac18f394b,16/06/2013,Jun-13,6,2013,VICTORIA,Minor Dam,128,5.27,79.4,62.03
9fe80f7f-c01c-457d-84d5-6d2785a7ea4a,17/06/2013,Jun-13,6,2013,VICTORIA,Minor Dam,128,5.3,80.5,62.89
8f1cacd0-3341-4721-9276-ad4536c48a3d,18/06/2013,Jun-13,6,2013,VICTORIA,Minor Dam,128,5.31,80.9,63.2
a3e0bb72-9d27-4d55-8056-048f1901af9c,19/06/2013,Jun-13,6,2013,VICTORIA,Minor Dam,128,5.31,80.9,63.2
2f0d1981-1fa9-488e-b032-267a0d5c5b44,20/06/2013,Jun-13,6,2013,VICTORIA,Minor Dam,128,5.33,81.6,63.75
b76eaa5b-cec7-4b2f-8b6b-c7624f90bd6b,21/06/2013,Jun-13,6,2013,VICTORIA,Minor Dam,128,5.37,83.1,64.92
1a2424ad-535d-4a5c-bc57-3ac8ef3ebedc,22/06/2013,Jun-13,6,2013,VICTORIA,Minor Dam,128,5.39,83.8,65.47
10fa37dd-0629-445b-bd28-efedc1f1ff4a,23/06/2013,Jun-13,6,2013,VICTORIA,Minor Dam,128,5.49,87.5,68.36
bf9f88d6-09f7-4fa1-b147-fae02a42c81f,24/06/2013,Jun-13,6,2013,VICTORIA,Minor Dam,128,5.53,89.2,69.69
ead1b61c-4388-407e-a916-39bd79d9d82d,25/06/2013,Jun-13,6,2013,VICTORIA,Minor Dam,128,5.53,89.2,69.69
06a88e97-afae-4d1f-b584-65267ff704d9,26/06/2013,Jun-13,6,2013,VICTORIA,Minor Dam,128,5.72,97.1,75.86
3a9d4e5e-1d0d-4320-a5dd-103dd075dd64,27/06/2013,Jun-13,6,2013,VICTORIA,Minor Dam,128,5.81,100.9,78.83
3d3dc507-3517-41eb-b4ea-2dd35b0dffff,28/06/2013,Jun-13,6,2013,VICTORIA,Minor Dam,128,5.91,105.3,82.27
0fb8a58c-eb52-499e-bd29-d845eae27c4a,29/06/2013,Jun-13,6,2013,VICTORIA,Minor Dam,128,5.93,106.2,82.97
57b72580-5940-4bd1-b271-0108d4174b55,30/06/2013,Jun-13,6,2013,VICTORIA,Minor Dam,128,5.95,107.1,83.67
c60e87af-4337-4d0d-82ee-5d135980e2af,01/07/2013,Jul-13,7,2013,VICTORIA,Minor Dam,128,5.95,107.1,83.67
5a5f03e5-1a34-4d9c-85b5-951808d2c6ca,02/07/2013,Jul-13,7,2013,VICTORIA,Minor Dam,128,5.95,107.1,83.67
08ac3f5c-72d7-4ba0-aca3-eda49e542448,03/07/2013,Jul-13,7,2013,VICTORIA,Minor Dam,128,5.96,107.5,83.98
64b4b8f1-d674-4859-9645-560c16c5457c,04/07/2013,Jul-13,7,2013,VICTORIA,Minor Dam,128,5.96,107.5,83.98
fe3197fb-5c90-402e-9f4c-0f87cc6929b7,05/07/2013,Jul-13,7,2013,VICTORIA,Minor Dam,128,5.97,107.9,84.3
b49054be-e2de-4f9d-adc4-9bb7c6e9edfe,06/07/2013,Jul-13,7,2013,VICTORIA,Minor Dam,128,5.97,107.9,84.3
a2705ab1-d3d4-4f32-aa48-7f998d965b3e,07/07/2013,Jul-13,7,2013,VICTORIA,Minor Dam,128,5.97,107.9,84.3
a4414e34-a29c-49be-a8a3-3183fb5d1bba,08/07/2013,Jul-13,7,2013,VICTORIA,Minor Dam,128,5.97,107.9,84.3
bb4171b7-5a18-4d36-bd54-aa92bcd404f9,09/07/2013,Jul-13,7,2013,VICTORIA,Minor Dam,128,5.97,107.9,84.3
d5c9d060-aa58-4a33-870e-d3db4cd73f8f,10/07/2013,Jul-13,7,2013,VICTORIA,Minor Dam,128,5.99,108.8,85
441906f4-2abf-4707-9e33-89b48ca942ef,11/07/2013,Jul-13,7,2013,VICTORIA,Minor Dam,128,5.99,108.8,85
4102d74a-6e55-4b13-8d5e-edd47aa5074a,12/07/2013,Jul-13,7,2013,VICTORIA,Minor Dam,128,6.01,109.7,85.7
e2f49d7c-94fe-41d1-bea1-6f115ee9c5b6,13/07/2013,Jul-13,7,2013,VICTORIA,Minor Dam,128,6.01,109.7,85.7
9c7da5da-777c-496f-b6f4-4c915dc379d6,14/07/2013,Jul-13,7,2013,VICTORIA,Minor Dam,128,6.04,111,86.72
1cbe9fe3-ff7e-4b9e-813c-9f015055792e,15/07/2013,Jul-13,7,2013,VICTORIA,Minor Dam,128,6.04,111,86.72
a01d048e-ac16-4589-b0f9-b5d9dbee263c,16/07/2013,Jul-13,7,2013,VICTORIA,Minor Dam,128,6.05,111.5,87.11
29e91b3e-e274-4f48-9ab6-2c75a32d2f30,17/07/2013,Jul-13,7,2013,VICTORIA,Minor Dam,128,6.05,111.5,87.11
c51bcbbc-159a-48f9-8892-e8fe7d58e710,18/07/2013,Jul-13,7,2013,VICTORIA,Minor Dam,128,6.05,111.5,87.11
fa9da266-5c27-4b5b-a0b0-697e311602f3,19/07/2013,Jul-13,7,2013,VICTORIA,Minor Dam,128,6.06,111.9,87.42
e863d522-e096-4aa9-8eb2-c95d4d3059e2,20/07/2013,Jul-13,7,2013,VICTORIA,Minor Dam,128,6.16,116.6,91.09
ca295a3d-b0a5-4e04-90f7-d2ed20e93fdf,21/07/2013,Jul-13,7,2013,VICTORIA,Minor Dam,128,6.24,120.5,94.14
ec53d2f2-80dc-45e4-b4bd-6fc0ca0c16aa,22/07/2013,Jul-13,7,2013,VICTORIA,Minor Dam,128,6.31,124,96.88
53b2e6ed-b3e2-44ac-aa19-1880d24133b0,23/07/2013,Jul-13,7,2013,VICTORIA,Minor Dam,128,6.33,125,97.66
5457aa6d-717d-4d16-aa14-27d6853c213c,24/07/2013,Jul-13,7,2013,VICTORIA,Minor Dam,128,6.35,126,98.44
5405ca8c-4d4f-4f47-9674-ee3b1e11cfb6,25/07/2013,Jul-13,7,2013,VICTORIA,Minor Dam,128,6.42,129.4,101.09
c80a837b-a1da-4508-86fa-13dfb192dd19,26/07/2013,Jul-13,7,2013,VICTORIA,Minor Dam,128,6.42,129.4,101.09
4a904ba9-8441-4659-9cb1-6559a652cbc3,27/07/2013,Jul-13,7,2013,VICTORIA,Minor Dam,128,6.43,129.9,101.48
9d53dac4-3f1f-432e-8d61-f4f1f2e75046,28/07/2013,Jul-13,7,2013,VICTORIA,Minor Dam,128,6.47,131.8,102.97
0eb5b5d1-74ae-41a2-98d7-6a6f15983691,29/07/2013,Jul-13,7,2013,VICTORIA,Minor Dam,128,6.45,130.9,102.27
c218d06a-3174-43ab-921d-51e03612bda1,30/07/2013,Jul-13,7,2013,VICTORIA,Minor Dam,128,6.43,129.9,101.48
0f8497b5-63ef-4fdd-8c7c-54f1b28c5b53,31/07/2013,Jul-13,7,2013,VICTORIA,Minor Dam,128,6.44,130.4,101.87
1571bdb3-551d-49f3-b193-f6a510a6b566,01/08/2013,Aug-13,8,2013,VICTORIA,Minor Dam,128,6.45,130.9,102.27
97712456-4f11-47ee-899c-8d98cbcba41f,02/08/2013,Aug-13,8,2013,VICTORIA,Minor Dam,128,6.43,129.9,101.48
e672d397-cc04-419d-b251-073a928f6914,03/08/2013,Aug-13,8,2013,VICTORIA,Minor Dam,128,6.4,128.4,100.31
b01c7b85-5f68-42a0-8428-d82ac4d6dde3,04/08/2013,Aug-13,8,2013,VICTORIA,Minor Dam,128,6.4,128.4,100.31
63ad3cac-4191-4bd1-b682-64a9389f54a0,05/08/2013,Aug-13,8,2013,VICTORIA,Minor Dam,128,6.4,128.4,100.31
aa67f4cd-e5e7-4989-a4d5-a3d0e3fd8996,06/08/2013,Aug-13,8,2013,VICTORIA,Minor Dam,128,6.39,127.9,99.92
49550203-c592-40a8-a790-c279a25fdd2d,07/08/2013,Aug-13,8,2013,VICTORIA,Minor Dam,128,6.39,127.9,99.92
61fb667e-fe8c-4de5-8baa-ebfde50b6041,08/08/2013,Aug-13,8,2013,VICTORIA,Minor Dam,128,6.41,128.9,100.7
bb37e140-2b30-4adc-b844-e8a5884d0962,09/08/2013,Aug-13,8,2013,VICTORIA,Minor Dam,128,6.43,129.9,101.48
8274b9a6-da62-426c-a490-6b05e44a24a1,10/08/2013,Aug-13,8,2013,VICTORIA,Minor Dam,128,6.4,128.4,100.31
c6e2d99a-da4f-402c-b356-c85898e8150f,11/08/2013,Aug-13,8,2013,VICTORIA,Minor Dam,128,6.4,128.4,100.31
22d4e190-1add-4937-9431-10b438b37724,12/08/2013,Aug-13,8,2013,VICTORIA,Minor Dam,128,6.4,128.4,100.31
ba96ba6c-0bf4-4884-9edd-55d6f496714f,13/08/2013,Aug-13,8,2013,VICTORIA,Minor Dam,128,6.39,127.9,99.92
4dd2e379-32f4-4c4d-b694-b3734837c882,14/08/2013,Aug-13,8,2013,VICTORIA,Minor Dam,128,6.46,131.3,102.58
384665dc-a8c1-4912-8345-7305e947cec6,15/08/2013,Aug-13,8,2013,VICTORIA,Minor Dam,128,6.48,132.3,103.36
75567b02-96e6-4686-974a-2c39bfd5871d,16/08/2013,Aug-13,8,2013,VICTORIA,Minor Dam,128,6.5,133.3,104.14
a63aee87-51c6-4a74-b8cf-3a84b6fac803,17/08/2013,Aug-13,8,2013,VICTORIA,Minor Dam,128,6.43,129.9,101.48
a06b7951-5858-4780-a5ba-4b5726a9c1d6,18/08/2013,Aug-13,8,2013,VICTORIA,Minor Dam,128,6.43,129.9,101.48
790d6ca6-1781-4c61-bbd1-9e9475d7d80b,19/08/2013,Aug-13,8,2013,VICTORIA,Minor Dam,128,6.43,129.9,101.48
58bf2d29-e600-47bf-a518-8370d9c1f1a1,20/08/2013,Aug-13,8,2013,VICTORIA,Minor Dam,128,6.42,129.4,101.09
f7cdae2b-bdea-4765-ac8c-635933390f83,21/08/2013,Aug-13,8,2013,VICTORIA,Minor Dam,128,6.42,129.4,101.09
b57bf85c-a8e1-4ef9-8c41-9d1c8fa8890d,22/08/2013,Aug-13,8,2013,VICTORIA,Minor Dam,128,6.46,131.3,102.58
888ce3bd-ef92-4e6d-951e-4b40edbfe42f,23/08/2013,Aug-13,8,2013,VICTORIA,Minor Dam,128,6.46,131.3,102.58
1e2d8681-e907-4239-9f7b-420f9c0b8554,24/08/2013,Aug-13,8,2013,VICTORIA,Minor Dam,128,6.41,128.9,100.7
6f01be36-d678-4ac7-98eb-3429db5bb7a3,25/08/2013,Aug-13,8,2013,VICTORIA,Minor Dam,128,6.4,128.4,100.31
3634a9e5-cc18-4aed-8779-e2c0b1c56728,26/08/2013,Aug-13,8,2013,VICTORIA,Minor Dam,128,6.4,128.4,100.31
752a6b6e-c5ab-4f04-bb81-9dda506dc289,27/08/2013,Aug-13,8,2013,VICTORIA,Minor Dam,128,6.4,128.4,100.31
13b4008b-dcb3-4759-a009-3ea4028ca4f3,28/08/2013,Aug-13,8,2013,VICTORIA,Minor Dam,128,6.4,128.4,100.31
d3307997-4df1-48a7-b71f-4bcb9aca67ca,29/08/2013,Aug-13,8,2013,VICTORIA,Minor Dam,128,6.43,129.9,101.48
8fd0738e-06c4-46e6-bb80-b642fada17cd,30/08/2013,Aug-13,8,2013,VICTORIA,Minor Dam,128,6.46,131.3,102.58
82a864c2-3fa7-40f1-9c93-3508d71ac5c9,31/08/2013,Aug-13,8,2013,VICTORIA,Minor Dam,128,6.47,131.8,102.97
40795c96-fc7e-4f36-938e-592bbda692e5,01/09/2013,Sep-13,9,2013,VICTORIA,Minor Dam,128,6.45,130.9,102.27
a9fd0a37-017c-4db0-b667-88c212b27a2e,02/09/2013,Sep-13,9,2013,VICTORIA,Minor Dam,128,6.43,129.9,101.48
5d9070d9-d22b-48be-8a65-365cf68a711d,03/09/2013,Sep-13,9,2013,VICTORIA,Minor Dam,128,6.42,129.4,101.09
426af66d-c619-4b08-bcf7-d84aa0478283,04/09/2013,Sep-13,9,2013,VICTORIA,Minor Dam,128,6.46,131.3,102.58
d7de838c-c6a4-4984-b4c6-62e65b2d4d3c,05/09/2013,Sep-13,9,2013,VICTORIA,Minor Dam,128,6.43,129.9,101.48
e56d8177-e77f-4cae-9600-d50f3c9aa8ce,06/09/2013,Sep-13,9,2013,VICTORIA,Minor Dam,128,6.42,129.4,101.09
11e57ded-8673-45d4-bc16-c241a7e1de0f,07/09/2013,Sep-13,9,2013,VICTORIA,Minor Dam,128,6.41,128.9,100.7
3f7224f8-24ab-4b9f-910d-acdbb790767f,08/09/2013,Sep-13,9,2013,VICTORIA,Minor Dam,128,6.4,128.4,100.31
050d57b8-067a-4b00-996e-b2901d1e14b8,09/09/2013,Sep-13,9,2013,VICTORIA,Minor Dam,128,6.4,128.4,100.31
e93ef75c-489b-4582-ab2b-1e075ed7e750,10/09/2013,Sep-13,9,2013,VICTORIA,Minor Dam,128,6.43,129.9,101.48
d1e17700-bd49-4180-a546-3082ff61a873,11/09/2013,Sep-13,9,2013,VICTORIA,Minor Dam,128,6.42,129.4,101.09
e7a4892f-aec4-42a9-9a54-374910722188,12/09/2013,Sep-13,9,2013,VICTORIA,Minor Dam,128,6.42,129.4,101.09
c4e5682a-a40f-41cd-8c3d-76f839aa006e,13/09/2013,Sep-13,9,2013,VICTORIA,Minor Dam,128,6.4,128.4,100.31
f4671228-715c-4cc1-96fb-87012be53b89,14/09/2013,Sep-13,9,2013,VICTORIA,Minor Dam,128,6.47,131.8,102.97
48e8562f-0eeb-4fa7-ba40-0422f35ed312,15/09/2013,Sep-13,9,2013,VICTORIA,Minor Dam,128,6.45,130.9,102.27
5a5ad893-77c9-4cb6-8cd7-8e5f11f56785,16/09/2013,Sep-13,9,2013,VICTORIA,Minor Dam,128,6.42,129.4,101.09
95d96711-4897-429d-a473-9d8a52a5cb75,17/09/2013,Sep-13,9,2013,VICTORIA,Minor Dam,128,6.42,129.4,101.09
d365b9d4-2a79-4182-9b38-96136aeae335,18/09/2013,Sep-13,9,2013,VICTORIA,Minor Dam,128,6.44,130.4,101.87
1d4e1d31-5e58-471a-bf65-8be37779b77f,19/09/2013,Sep-13,9,2013,VICTORIA,Minor Dam,128,6.42,129.4,101.09
bf04383c-6660-43ec-ac5a-c6f6f1729fef,20/09/2013,Sep-13,9,2013,VICTORIA,Minor Dam,128,6.4,128.4,100.31
ffc77465-95ed-43c5-b991-9d25f0122835,21/09/2013,Sep-13,9,2013,VICTORIA,Minor Dam,128,6.43,129.9,101.48
765e9eea-f56e-46fc-91d1-8695c50846e6,22/09/2013,Sep-13,9,2013,VICTORIA,Minor Dam,128,6.45,130.9,102.27
99f35253-b435-4bf3-9636-267cbae8d2d9,23/09/2013,Sep-13,9,2013,VICTORIA,Minor Dam,128,6.45,130.9,102.27
3f164f40-4fd9-4c2d-a7fb-dd68a6e6dac0,24/09/2013,Sep-13,9,2013,VICTORIA,Minor Dam,128,6.43,129.9,101.48
0addd5c5-964a-4980-ac38-25b8fbd08fc5,25/09/2013,Sep-13,9,2013,VICTORIA,Minor Dam,128,6.43,129.9,101.48
3b54452c-9837-4d3d-9ba1-896af5a43300,26/09/2013,Sep-13,9,2013,VICTORIA,Minor Dam,128,6.43,129.9,101.48
69286150-a106-4a32-a77e-b10c6e4c92cd,27/09/2013,Sep-13,9,2013,VICTORIA,Minor Dam,128,6.4,128.4,100.31
d80d8fb4-d1a6-4ff3-835c-c4eecec7da5a,28/09/2013,Sep-13,9,2013,VICTORIA,Minor Dam,128,6.44,130.4,101.87
5cf2db38-b1f4-4f91-a724-7f2059e09395,29/09/2013,Sep-13,9,2013,VICTORIA,Minor Dam,128,6.43,129.9,101.48
323fc38f-dc87-44bc-b0e1-1afa31e2ac1b,30/09/2013,Sep-13,9,2013,VICTORIA,Minor Dam,128,6.43,129.9,101.48
e3316efb-90bf-42bd-ac63-25a0292b7db2,01/10/2013,Oct-13,10,2013,VICTORIA,Minor Dam,128,6.43,129.9,101.48
24a17dce-d151-4066-9107-7cff1e504fce,02/10/2013,Oct-13,10,2013,VICTORIA,Minor Dam,128,6.43,129.9,101.48
ef3f31df-c526-4ee2-a8e8-2735b81f5d21,03/10/2013,Oct-13,10,2013,VICTORIA,Minor Dam,128,6.43,129.9,101.48
85f156aa-7d08-4ac7-867b-adb75dd94700,04/10/2013,Oct-13,10,2013,VICTORIA,Minor Dam,128,6.42,129.4,101.09
e2a510d5-5345-4826-b1e9-e02536cd7b39,05/10/2013,Oct-13,10,2013,VICTORIA,Minor Dam,128,6.41,128.9,100.7
f2d2a6c8-f46b-49c8-a0ee-4a7057c08753,06/10/2013,Oct-13,10,2013,VICTORIA,Minor Dam,128,6.44,130.4,101.87
68eec7d5-84fa-4aee-96aa-ba4e1548fe99,07/10/2013,Oct-13,10,2013,VICTORIA,Minor Dam,128,6.43,129.9,101.48
eb597009-57d1-44d9-af17-0de1373bb4b2,08/10/2013,Oct-13,10,2013,VICTORIA,Minor Dam,128,6.42,129.4,101.09
f8e14f3c-d40f-4852-91a8-24331cf97b61,09/10/2013,Oct-13,10,2013,VICTORIA,Minor Dam,128,6.42,129.4,101.09
982391c7-28a4-410f-b9e2-f57e86b799f2,10/10/2013,Oct-13,10,2013,VICTORIA,Minor Dam,128,6.42,129.4,101.09
ddb3dd23-2f52-4a6b-87ec-1b5d09dcddcf,11/10/2013,Oct-13,10,2013,VICTORIA,Minor Dam,128,6.41,128.9,100.7
48eacd6a-f126-4cbb-b507-62bba9a3bf90,12/10/2013,Oct-13,10,2013,VICTORIA,Minor Dam,128,6.41,128.9,100.7
4765e90f-5882-40d6-ac97-33b2379d37a3,13/10/2013,Oct-13,10,2013,VICTORIA,Minor Dam,128,6.41,128.9,100.7
dd94ca0e-49bb-4778-a516-5e6044db634c,14/10/2013,Oct-13,10,2013,VICTORIA,Minor Dam,128,6.41,128.9,100.7
809d585f-3c7f-4d74-80d8-3d4482bddb00,15/10/2013,Oct-13,10,2013,VICTORIA,Minor Dam,128,6.41,128.9,100.7
565a0456-e2f0-4975-a778-a7e63c1bc704,16/10/2013,Oct-13,10,2013,VICTORIA,Minor Dam,128,6.41,128.9,100.7
5f13f338-3ff2-474b-ac71-489f4b4efea9,17/10/2013,Oct-13,10,2013,VICTORIA,Minor Dam,128,6.4,128.4,100.31
62e33d40-6603-4de8-b221-0f2d5f464c16,18/10/2013,Oct-13,10,2013,VICTORIA,Minor Dam,128,6.4,128.4,100.31
cae70306-dadd-4953-ab36-413f3a6ee58f,19/10/2013,Oct-13,10,2013,VICTORIA,Minor Dam,128,6.4,128.4,100.31
58b2f6a6-7748-4e94-8c89-331ed29fae65,20/10/2013,Oct-13,10,2013,VICTORIA,Minor Dam,128,6.4,128.4,100.31
3089ceac-fd66-4270-b9b3-1d5378289bc4,21/10/2013,Oct-13,10,2013,VICTORIA,Minor Dam,128,6.4,128.4,100.31
d659bcb4-93b8-4c25-ad76-f6d010dddea7,22/10/2013,Oct-13,10,2013,VICTORIA,Minor Dam,128,6.4,128.4,100.31
1cb80ddd-210f-434d-aa77-5d59eba1017e,23/10/2013,Oct-13,10,2013,VICTORIA,Minor Dam,128,6.39,127.9,99.92
a943069f-fe0e-4cac-af64-acae36549295,24/10/2013,Oct-13,10,2013,VICTORIA,Minor Dam,128,6.38,127.4,99.53
044ddadf-28fd-404e-85a8-e4fbf6c1111a,25/10/2013,Oct-13,10,2013,VICTORIA,Minor Dam,128,6.37,126.9,99.14
bca2b221-3eec-4148-b3db-a78a7c6c9b62,26/10/2013,Oct-13,10,2013,VICTORIA,Minor Dam,128,6.37,126.9,99.14
d210bb99-ad44-4115-a9d9-88c7065bc573,27/10/2013,Oct-13,10,2013,VICTORIA,Minor Dam,128,6.37,126.9,99.14
e7380796-24a3-4333-b003-f06e2394e27f,28/10/2013,Oct-13,10,2013,VICTORIA,Minor Dam,128,6.37,126.9,99.14
4bd30f5b-e341-4342-a588-df0de1490e1b,29/10/2013,Oct-13,10,2013,VICTORIA,Minor Dam,128,6.37,126.9,99.14
a4d21890-d5ad-416e-929c-9c5dd93701f6,30/10/2013,Oct-13,10,2013,VICTORIA,Minor Dam,128,6.37,126.9,99.14
38527283-e966-47b9-b29e-116a5aa6f7dd,31/10/2013,Oct-13,10,2013,VICTORIA,Minor Dam,128,6.4,128.4,100.31
7cf23e9e-275e-41c7-aaf7-bcf090474930,01/11/2013,Nov-13,11,2013,VICTORIA,Minor Dam,128,6.48,132.3,103.36
ec8e8a5f-0642-4e3b-b99f-528fefe11f46,02/11/2013,Nov-13,11,2013,VICTORIA,Minor Dam,128,6.47,131.8,102.97
0751f770-59a2-458d-a239-e1bde79bdaaf,03/11/2013,Nov-13,11,2013,VICTORIA,Minor Dam,128,6.44,130.4,101.87
f2710d3f-0529-4602-b1d0-ead4100e2b78,04/11/2013,Nov-13,11,2013,VICTORIA,Minor Dam,128,6.43,129.9,101.48
fa1cc6a0-3104-4cdd-b6c2-9ef4bec314b0,05/11/2013,Nov-13,11,2013,VICTORIA,Minor Dam,128,6.43,129.9,101.48
0e100e19-c53f-4c21-b0ce-d6b0b20cf94b,06/11/2013,Nov-13,11,2013,VICTORIA,Minor Dam,128,6.41,128.9,100.7
430991a1-394d-4af2-8ea8-59f365b192ec,07/11/2013,Nov-13,11,2013,VICTORIA,Minor Dam,128,6.4,128.4,100.31
b736310b-15c4-4326-97bb-fa8c3e159e5e,08/11/2013,Nov-13,11,2013,VICTORIA,Minor Dam,128,6.4,128.4,100.31
051232e9-2b93-48ed-8b20-e0946a4aa8db,09/11/2013,Nov-13,11,2013,VICTORIA,Minor Dam,128,6.4,128.4,100.31
9f0200ae-89f4-4963-ac61-0d8f28f0764d,10/11/2013,Nov-13,11,2013,VICTORIA,Minor Dam,128,6.4,128.4,100.31
e29bd035-3e77-4c98-a13e-06f2d8ea053b,11/11/2013,Nov-13,11,2013,VICTORIA,Minor Dam,128,6.4,128.4,100.31
9b044a04-7b10-406c-b5e4-ba143844f6da,12/11/2013,Nov-13,11,2013,VICTORIA,Minor Dam,128,6.4,128.4,100.31
9fa58c02-2d8b-4b08-aab5-2c8a5c444592,13/11/2013,Nov-13,11,2013,VICTORIA,Minor Dam,128,6.4,128.4,100.31
1f29efa9-c6b2-41fb-a4c9-822c79495166,14/11/2013,Nov-13,11,2013,VICTORIA,Minor Dam,128,6.4,128.4,100.31
a0667ca6-1359-483d-80d6-bb8ef7fd3b08,15/11/2013,Nov-13,11,2013,VICTORIA,Minor Dam,128,6.4,128.4,100.31
89fed5b0-a4ee-4923-99c9-cf05b88e0e5d,16/11/2013,Nov-13,11,2013,VICTORIA,Minor Dam,128,6.4,128.4,100.31
076bb0df-cbd4-4c96-b35b-a5e983e3283c,17/11/2013,Nov-13,11,2013,VICTORIA,Minor Dam,128,6.5,133.3,104.14
e623524b-4414-44e8-b841-5536fdaaba91,18/11/2013,Nov-13,11,2013,VICTORIA,Minor Dam,128,6.47,131.8,102.97
4e4f55f1-c268-451c-833f-bccfe9497901,19/11/2013,Nov-13,11,2013,VICTORIA,Minor Dam,128,6.45,130.9,102.27
da59ecb3-da5d-4f0c-abe0-e5bf10961cb6,20/11/2013,Nov-13,11,2013,VICTORIA,Minor Dam,128,6.43,129.9,101.48
c0b9eb37-75d3-4bb9-8edb-380c195101bc,21/11/2013,Nov-13,11,2013,VICTORIA,Minor Dam,128,6.43,129.9,101.48
0d21fc37-044c-4417-91a0-3f343a1abd5c,22/11/2013,Nov-13,11,2013,VICTORIA,Minor Dam,128,6.42,129.4,101.09
9d8abcf3-da58-4069-bca3-ab65d3d24c70,23/11/2013,Nov-13,11,2013,VICTORIA,Minor Dam,128,6.41,128.9,100.7
5d340a28-818d-47f5-9aad-62624f0ce448,24/11/2013,Nov-13,11,2013,VICTORIA,Minor Dam,128,6.41,128.9,100.7
a0af5a7a-4925-4844-8d9a-d010f6766b8a,25/11/2013,Nov-13,11,2013,VICTORIA,Minor Dam,128,6.4,128.4,100.31
ab76e9e3-d45d-4318-a0fa-8971bce00d19,26/11/2013,Nov-13,11,2013,VICTORIA,Minor Dam,128,6.4,128.4,100.31
b4ec499e-05c4-45a9-a5b3-747acb4ed479,27/11/2013,Nov-13,11,2013,VICTORIA,Minor Dam,128,6.39,127.9,99.92
0d64ef78-e021-4778-8a39-a1f9fcc0c08a,28/11/2013,Nov-13,11,2013,VICTORIA,Minor Dam,128,6.39,127.9,99.92
5c5686c7-083f-4687-92f4-b29583f0cd20,29/11/2013,Nov-13,11,2013,VICTORIA,Minor Dam,128,6.39,127.9,99.92
708da9a4-9aa2-4093-b4a3-0a0ed8a9a8cb,30/11/2013,Nov-13,11,2013,VICTORIA,Minor Dam,128,6.39,127.9,99.92
bc8ffaa4-8255-49bf-98ce-550d63c78d20,01/12/2013,Dec-13,12,2013,VICTORIA,Minor Dam,128,6.39,127.9,99.92
ac46edf4-0f47-4be1-b12c-c2267c2e369c,02/12/2013,Dec-13,12,2013,VICTORIA,Minor Dam,128,6.39,127.9,99.92
23911db6-2453-4246-b3fc-eccad1976bad,03/12/2013,Dec-13,12,2013,VICTORIA,Minor Dam,128,6.38,127.4,99.53
21609db8-21ae-4f31-8c10-2bb110e73c2a,04/12/2013,Dec-13,12,2013,VICTORIA,Minor Dam,128,6.38,127.4,99.53
4fd9363a-3d69-4f12-8db6-e9267244d624,05/12/2013,Dec-13,12,2013,VICTORIA,Minor Dam,128,6.38,127.4,99.53
131bf69a-b18b-4d5c-a6bf-cb9b4d668bdc,06/12/2013,Dec-13,12,2013,VICTORIA,Minor Dam,128,6.38,127.4,99.53
97d208db-537b-44e2-ac3c-e1bd900b90ed,07/12/2013,Dec-13,12,2013,VICTORIA,Minor Dam,128,6.36,126.5,98.83
68bdba6e-2f3e-44ad-978c-25e742039aea,08/12/2013,Dec-13,12,2013,VICTORIA,Minor Dam,128,6.36,126.5,98.83
7f77a4f8-c45b-47b4-bd68-926a6cd596b1,09/12/2013,Dec-13,12,2013,VICTORIA,Minor Dam,128,6.36,126.5,98.83
f3e50551-c23c-42da-b1e5-551419f5d715,10/12/2013,Dec-13,12,2013,VICTORIA,Minor Dam,128,6.36,126.5,98.83
4ba04620-4f1f-4f34-a683-93d026032863,11/12/2013,Dec-13,12,2013,VICTORIA,Minor Dam,128,6.35,126,98.44
f575a32e-ef00-4e8f-aec1-b1efa3581524,12/12/2013,Dec-13,12,2013,VICTORIA,Minor Dam,128,6.35,126,98.44
e3c1da02-c518-42d3-96fe-ec1e1d819145,13/12/2013,Dec-13,12,2013,VICTORIA,Minor Dam,128,6.34,125.5,98.05
805535b2-91d2-44c5-80f7-eb75d73cd717,14/12/2013,Dec-13,12,2013,VICTORIA,Minor Dam,128,6.34,125.5,98.05
bf905baf-856c-4b2c-8c04-b0ce762b93c1,15/12/2013,Dec-13,12,2013,VICTORIA,Minor Dam,128,6.34,125.5,98.05
24ce7513-e3ba-466c-8def-de521638b662,16/12/2013,Dec-13,12,2013,VICTORIA,Minor Dam,128,6.34,125.5,98.05
c3371763-28d0-4e90-a3a0-42b3428906f1,17/12/2013,Dec-13,12,2013,VICTORIA,Minor Dam,128,6.34,125.5,98.05
f43448ce-5aa7-489d-9599-bdd3dcc5ca83,18/12/2013,Dec-13,12,2013,VICTORIA,Minor Dam,128,6.32,124.5,97.27
6f3d9bbe-5529-47bc-9530-0d44284db6a2,19/12/2013,Dec-13,12,2013,VICTORIA,Minor Dam,128,6.34,125.5,98.05
43410fae-29ca-4732-b030-2c2aaab127ca,20/12/2013,Dec-13,12,2013,VICTORIA,Minor Dam,128,6.32,124.5,97.27
35bd0d4e-45b2-49f5-a70d-7bf398b7178e,21/12/2013,Dec-13,12,2013,VICTORIA,Minor Dam,128,6.3,123.5,96.48
db54a9a8-7d4a-4f26-b962-a62a85a6123c,22/12/2013,Dec-13,12,2013,VICTORIA,Minor Dam,128,6.29,123,96.09
e10fba1b-98d9-4add-861b-9519559fe21e,23/12/2013,Dec-13,12,2013,VICTORIA,Minor Dam,128,6.26,121.5,94.92
0040c4a1-e91d-406a-9333-f3b5e580ff0a,24/12/2013,Dec-13,12,2013,VICTORIA,Minor Dam,128,6.26,121.5,94.92
3df77545-35cb-49a4-a102-eb28339c7901,25/12/2013,Dec-13,12,2013,VICTORIA,Minor Dam,128,6.24,120.5,94.14
4050cfd0-8253-42de-a5aa-6c9d7a59d19a,26/12/2013,Dec-13,12,2013,VICTORIA,Minor Dam,128,6.24,120.5,94.14
cc9789a3-440a-4c46-b0dd-21781359f2fa,27/12/2013,Dec-13,12,2013,VICTORIA,Minor Dam,128,6.24,120.5,94.14
fe38bee3-71db-43d0-9084-0c5aecc46c72,28/12/2013,Dec-13,12,2013,VICTORIA,Minor Dam,128,6.24,120.5,94.14
e291d935-d3fa-4a3e-8a46-2ac1b3105dae,29/12/2013,Dec-13,12,2013,VICTORIA,Minor Dam,128,6.25,121,94.53
b125f47d-7e3a-4f27-b47e-96bb9f1004c3,30/12/2013,Dec-13,12,2013,VICTORIA,Minor Dam,128,6.25,121,94.53
fa766752-b4e8-46f4-bd16-1b071d117e98,31/12/2013,Dec-13,12,2013,VICTORIA,Minor Dam,128,6.24,120.5,94.14
16a5b1f7-f5dc-4809-8069-2cb8a5ad9166,01/01/2014,Jan-14,1,2014,VICTORIA,Minor Dam,128,6.23,120.1,93.83
e79c5811-e892-4054-9db6-22ec0805e6cb,02/01/2014,Jan-14,1,2014,VICTORIA,Minor Dam,128,6.21,119.1,93.05
2f863481-4c9c-40bc-8ed4-05fa46820250,03/01/2014,Jan-14,1,2014,VICTORIA,Minor Dam,128,6.21,119.1,93.05
21911da5-d29d-482a-bc23-bb6d0acee32e,04/01/2014,Jan-14,1,2014,VICTORIA,Minor Dam,128,6.2,118.6,92.66
a33a31a1-6a74-4cc5-b5f6-b99d5584dd69,05/01/2014,Jan-14,1,2014,VICTORIA,Minor Dam,128,6.2,118.6,92.66
59406b21-02dc-4606-ad40-43ac584bcd09,06/01/2014,Jan-14,1,2014,VICTORIA,Minor Dam,128,6.19,118.1,92.27
1a9b3106-d864-47bf-9199-1692cdf591cd,07/01/2014,Jan-14,1,2014,VICTORIA,Minor Dam,128,6.19,118.1,92.27
ba8ae325-44d5-443e-a255-3eee5ad3dfd5,08/01/2014,Jan-14,1,2014,VICTORIA,Minor Dam,128,6.21,119.1,93.05
8a96c51a-0376-46a4-802c-ecff83bd2ee8,09/01/2014,Jan-14,1,2014,VICTORIA,Minor Dam,128,6.23,120.1,93.83
e441c4c8-9c46-445f-bb35-84431c028e13,10/01/2014,Jan-14,1,2014,VICTORIA,Minor Dam,128,6.23,120.1,93.83
35301653-4720-43cd-a006-d512abbd3ad8,11/01/2014,Jan-14,1,2014,VICTORIA,Minor Dam,128,6.24,120.5,94.14
1d6fb60a-40a0-4aa2-b43c-7500f331b3df,12/01/2014,Jan-14,1,2014,VICTORIA,Minor Dam,128,6.24,120.5,94.14
766a448f-d1d8-4c31-976b-c6f278c91474,13/01/2014,Jan-14,1,2014,VICTORIA,Minor Dam,128,6.24,120.5,94.14
d036a994-1bd5-42dd-8f43-92fa0279e0e7,14/01/2014,Jan-14,1,2014,VICTORIA,Minor Dam,128,6.23,120.1,93.83
4509f65c-55a4-4612-8641-504b1e6b46cb,15/01/2014,Jan-14,1,2014,VICTORIA,Minor Dam,128,6.22,119.6,93.44
e0c61c83-ab57-4446-87d9-d77ecbf4b3df,16/01/2014,Jan-14,1,2014,VICTORIA,Minor Dam,128,6.22,119.6,93.44
a5013886-995f-4c20-91e3-373818f49ecd,17/01/2014,Jan-14,1,2014,VICTORIA,Minor Dam,128,6.21,119.1,93.05
0a28c3a8-99a0-4b7e-8707-628c2d999ba5,18/01/2014,Jan-14,1,2014,VICTORIA,Minor Dam,128,6.2,118.6,92.66
60e9968b-0c96-4f51-9876-d92345065ef2,19/01/2014,Jan-14,1,2014,VICTORIA,Minor Dam,128,6.2,118.6,92.66
30eba910-1998-4e01-9e2f-fca43a3651f6,20/01/2014,Jan-14,1,2014,VICTORIA,Minor Dam,128,6.2,118.6,92.66
28c17f86-e098-4598-a108-3f74c1a92aa1,21/01/2014,Jan-14,1,2014,VICTORIA,Minor Dam,128,6.19,118.1,92.27
9f374738-5718-4f63-80ef-5c8d6cfdd63c,22/01/2014,Jan-14,1,2014,VICTORIA,Minor Dam,128,6.17,117.1,91.48
13fcb0c4-b155-4636-aa40-09e29ac10abf,23/01/2014,Jan-14,1,2014,VICTORIA,Minor Dam,128,6.17,117.1,91.48
4e4c434c-bc46-4e86-ae5a-b052d9d83f49,24/01/2014,Jan-14,1,2014,VICTORIA,Minor Dam,128,6.16,116.6,91.09
37816a21-7354-407e-b4ba-79386563568b,25/01/2014,Jan-14,1,2014,VICTORIA,Minor Dam,128,6.16,116.6,91.09
d8d4520c-4425-44e3-be26-654f69226b32,26/01/2014,Jan-14,1,2014,VICTORIA,Minor Dam,128,6.15,116.1,90.7
9b362e8d-08e4-4117-9b9c-b402591ed847,27/01/2014,Jan-14,1,2014,VICTORIA,Minor Dam,128,6.15,116.1,90.7
8797c44e-b500-4565-96c5-d5d6ecb2f5a2,28/01/2014,Jan-14,1,2014,VICTORIA,Minor Dam,128,6.15,116.1,90.7
7ac9f6a8-9c40-4561-88a2-0511e6cfa722,29/01/2014,Jan-14,1,2014,VICTORIA,Minor Dam,128,6.14,115.6,90.31
78ec3fbc-2f55-48d5-8701-3dc20eeb9e39,30/01/2014,Jan-14,1,2014,VICTORIA,Minor Dam,128,6.13,115.1,89.92
07fa88fe-26ae-4e2f-ae70-ea46d6ee40c9,31/01/2014,Jan-14,1,2014,VICTORIA,Minor Dam,128,6.13,115.1,89.92
da495a6b-3b98-46a0-94d5-f35a05a915fc,01/02/2014,Feb-14,2,2014,VICTORIA,Minor Dam,128,6.12,114.6,89.53
9b4cf4d3-35c9-49cb-9476-10768b001026,02/02/2014,Feb-14,2,2014,VICTORIA,Minor Dam,128,6.1,113.7,88.83
ebaf7d36-8fd5-4094-8d45-f4ade6250275,03/02/2014,Feb-14,2,2014,VICTORIA,Minor Dam,128,6.1,113.7,88.83
134136e1-6018-44a7-9cec-b4419030afdd,04/02/2014,Feb-14,2,2014,VICTORIA,Minor Dam,128,6.1,113.7,88.83
4f1463df-b343-4a68-b52e-340bc9367a2b,05/02/2014,Feb-14,2,2014,VICTORIA,Minor Dam,128,6.09,113.2,88.44
8de76b0f-e855-47a4-89f2-35e1c773f55e,06/02/2014,Feb-14,2,2014,VICTORIA,Minor Dam,128,6.09,113.2,88.44
f24b6303-08f6-44d7-a539-14e6e0e04113,07/02/2014,Feb-14,2,2014,VICTORIA,Minor Dam,128,6.09,113.2,88.44
e4fa0082-5a14-46c2-bf33-2dc0a8c94f48,08/02/2014,Feb-14,2,2014,VICTORIA,Minor Dam,128,6.08,112.8,88.13
2003f17a-9562-4f39-ace9-9a1e815ad0e1,09/02/2014,Feb-14,2,2014,VICTORIA,Minor Dam,128,6.08,112.8,88.13
09f03659-1d15-4218-8fdf-869280caf173,10/02/2014,Feb-14,2,2014,VICTORIA,Minor Dam,128,6.08,112.8,88.13
b3513218-e1e5-4d6e-a164-3ee5b339fb78,11/02/2014,Feb-14,2,2014,VICTORIA,Minor Dam,128,6.07,112.3,87.73
a69fe9e4-f3b5-4b0b-9d69-bd3db500e369,12/02/2014,Feb-14,2,2014,VICTORIA,Minor Dam,128,6.06,111.9,87.42
6d984764-b270-41ad-aa2d-ab3965955056,13/02/2014,Feb-14,2,2014,VICTORIA,Minor Dam,128,6.05,111.5,87.11
74c88f14-cd99-4e92-8aed-787f6a9398c8,14/02/2014,Feb-14,2,2014,VICTORIA,Minor Dam,128,6.04,111,86.72
c4189631-6d23-4706-8bfd-a8d46d4b4e65,15/02/2014,Feb-14,2,2014,VICTORIA,Minor Dam,128,6.03,110.6,86.41
54842e8b-90e3-4666-96f6-b30fe602f971,16/02/2014,Feb-14,2,2014,VICTORIA,Minor Dam,128,6.03,110.6,86.41
186721df-5219-49b1-abf4-fa2b733be9a4,17/02/2014,Feb-14,2,2014,VICTORIA,Minor Dam,128,6.02,110.1,86.02
f25f37e1-aa9d-4bab-ac41-e8d5181d8f14,18/02/2014,Feb-14,2,2014,VICTORIA,Minor Dam,128,6.02,110.1,86.02
bfbd04f2-8d41-4fc1-a7bf-68146c53eaaa,19/02/2014,Feb-14,2,2014,VICTORIA,Minor Dam,128,6.01,109.7,85.7
4e3d5c12-45a0-4210-9953-a9018f6680e3,20/02/2014,Feb-14,2,2014,VICTORIA,Minor Dam,128,6.01,109.7,85.7
65b71679-ef9d-445f-bc23-04c037ddac9a,21/02/2014,Feb-14,2,2014,VICTORIA,Minor Dam,128,6.01,109.7,85.7
3c7667fc-a945-4041-8f02-b4d22bf810c1,22/02/2014,Feb-14,2,2014,VICTORIA,Minor Dam,128,6,109.3,85.39
8279c66f-a829-4f09-a421-c903aad29772,23/02/2014,Feb-14,2,2014,VICTORIA,Minor Dam,128,5.99,108.8,85
677bf0a3-b61e-450b-8c05-1e2a4110e3cd,24/02/2014,Feb-14,2,2014,VICTORIA,Minor Dam,128,5.99,108.8,85
11bcf2be-af2f-4a90-bb76-8f27497743f4,25/02/2014,Feb-14,2,2014,VICTORIA,Minor Dam,128,5.98,108.4,84.69
50276b61-f5c2-4630-88d9-86167186a72d,26/02/2014,Feb-14,2,2014,VICTORIA,Minor Dam,128,5.98,108.4,84.69
de571da1-72fd-4431-aa4a-c95daff4fc7f,27/02/2014,Feb-14,2,2014,VICTORIA,Minor Dam,128,5.98,108.4,84.69
e2dd38b1-e2e5-42c1-8560-df0db7bc8def,28/02/2014,Feb-14,2,2014,VICTORIA,Minor Dam,128,5.97,107.9,84.3
c098eea9-11be-4097-afd7-3ae10cfd403d,01/03/2014,Mar-14,3,2014,VICTORIA,Minor Dam,128,5.97,107.9,84.3
b3dbd7af-4cb4-4b3a-a7f2-39c27275196f,02/03/2014,Mar-14,3,2014,VICTORIA,Minor Dam,128,5.97,107.9,84.3
75f9faf2-d62f-4617-ba0c-87afd2a702a4,03/03/2014,Mar-14,3,2014,VICTORIA,Minor Dam,128,5.96,107.5,83.98
b92ccc8f-5a37-4d50-99ff-0a26a47529c1,04/03/2014,Mar-14,3,2014,VICTORIA,Minor Dam,128,5.97,107.9,84.3
c71a6d6a-3913-4288-9998-dd90732084fd,05/03/2014,Mar-14,3,2014,VICTORIA,Minor Dam,128,5.97,107.9,84.3
2c605a2b-b377-4e54-b7a4-45933d2f1f60,06/03/2014,Mar-14,3,2014,VICTORIA,Minor Dam,128,5.95,107.1,83.67
39c6c343-e6a8-4e4c-9b4e-c4dfbc79019e,07/03/2014,Mar-14,3,2014,VICTORIA,Minor Dam,128,5.95,107.1,83.67
d7a31d01-42f7-4c04-aa15-6bf528cb54af,08/03/2014,Mar-14,3,2014,VICTORIA,Minor Dam,128,5.95,107.1,83.67
fcb220ed-f3ee-4786-b8cb-4e060e672b10,09/03/2014,Mar-14,3,2014,VICTORIA,Minor Dam,128,5.94,106.6,83.28
aeb72a40-1940-4e5f-abc4-5b4d4374c39f,10/03/2014,Mar-14,3,2014,VICTORIA,Minor Dam,128,5.94,106.6,83.28
8299f2ce-f6a3-4ebe-a653-bf9053167293,11/03/2014,Mar-14,3,2014,VICTORIA,Minor Dam,128,5.91,105.3,82.27
fd8e86bd-b63e-42ae-adff-e3bafa8a4518,12/03/2014,Mar-14,3,2014,VICTORIA,Minor Dam,128,5.91,105.3,82.27
c6340fc5-1793-46d7-af54-f6333bfabd45,13/03/2014,Mar-14,3,2014,VICTORIA,Minor Dam,128,5.91,105.3,82.27
8431df73-bb3f-4e86-b731-dfd0bcb9651b,14/03/2014,Mar-14,3,2014,VICTORIA,Minor Dam,128,5.91,105.3,82.27
175dfca5-19b9-4514-a126-337a303a14c0,15/03/2014,Mar-14,3,2014,VICTORIA,Minor Dam,128,5.91,105.3,82.27
4f353d10-377d-4521-91f5-5b8170c17fa9,16/03/2014,Mar-14,3,2014,VICTORIA,Minor Dam,128,5.9,104.9,81.95
917e627c-c041-49a6-8ca3-27bf70756212,17/03/2014,Mar-14,3,2014,VICTORIA,Minor Dam,128,5.89,104.4,81.56
20a5a55b-aaa7-469f-a00b-e9f3e88e0cc5,18/03/2014,Mar-14,3,2014,VICTORIA,Minor Dam,128,5.88,104,81.25
3b052826-d5f9-4cf6-a265-da17baf1241c,19/03/2014,Mar-14,3,2014,VICTORIA,Minor Dam,128,5.88,104,81.25
7f266f04-c5e2-4997-b44c-c98749a3a219,20/03/2014,Mar-14,3,2014,VICTORIA,Minor Dam,128,5.88,104,81.25
230f7a53-d2fe-42fc-9504-863dd83184f0,21/03/2014,Mar-14,3,2014,VICTORIA,Minor Dam,128,5.88,104,81.25
b1e404a7-d518-43b9-b3f6-470c5f4f6d92,22/03/2014,Mar-14,3,2014,VICTORIA,Minor Dam,128,5.89,104.4,81.56
8ca6e75d-790f-4c54-9b29-f67ab112c889,23/03/2014,Mar-14,3,2014,VICTORIA,Minor Dam,128,5.89,104.4,81.56
396f3bef-5f3f-447f-826a-06485d487b96,24/03/2014,Mar-14,3,2014,VICTORIA,Minor Dam,128,5.89,104.4,81.56
c12c951d-dd11-438b-9953-e59ace302ef6,25/03/2014,Mar-14,3,2014,VICTORIA,Minor Dam,128,5.89,104.4,81.56
f91d2e17-69db-4c52-b52c-46b5d583145e,26/03/2014,Mar-14,3,2014,VICTORIA,Minor Dam,128,5.89,104.4,81.56
db27c038-e965-45ee-a0f1-5f14bd7af904,27/03/2014,Mar-14,3,2014,VICTORIA,Minor Dam,128,5.94,106.6,83.28
2e8e564b-33e2-47db-80e0-ad89d903db37,28/03/2014,Mar-14,3,2014,VICTORIA,Minor Dam,128,6.12,114.6,89.53
76852f85-9ea9-4247-9e79-488b40612791,29/03/2014,Mar-14,3,2014,VICTORIA,Minor Dam,128,6.15,116.1,90.7
44d0c848-51f6-4284-a8ed-dfcdb812e0f6,30/03/2014,Mar-14,3,2014,VICTORIA,Minor Dam,128,6.16,116.6,91.09
a1483eaf-dd48-4abf-b96d-94c941ecdd0e,31/03/2014,Mar-14,3,2014,VICTORIA,Minor Dam,128,6.16,116.6,91.09
fcd3846f-0a31-454f-b879-6ec65b331549,01/04/2014,Apr-14,4,2014,VICTORIA,Minor Dam,128,6.15,116.1,90.7
df994d11-1aad-4a44-a13c-85bfbeb547d4,02/04/2014,Apr-14,4,2014,VICTORIA,Minor Dam,128,6.16,116.6,91.09
9b17ac0d-4019-43dc-a37e-58d94d2e666f,03/04/2014,Apr-14,4,2014,VICTORIA,Minor Dam,128,6.33,125,97.66
ebeb6a73-d95b-4ca5-a217-02edc3e9d648,04/04/2014,Apr-14,4,2014,VICTORIA,Minor Dam,128,6.43,129.9,101.48
452c82f5-5bcd-4f3a-aa9b-8a3dab33cd89,05/04/2014,Apr-14,4,2014,VICTORIA,Minor Dam,128,6.44,130.4,101.87
2f533372-ee00-4488-9c85-f4513df1e424,06/04/2014,Apr-14,4,2014,VICTORIA,Minor Dam,128,6.44,130.4,101.87
947823b4-402e-4371-9ac9-4a808f77ad60,07/04/2014,Apr-14,4,2014,VICTORIA,Minor Dam,128,6.44,130.4,101.87
d7a5b09f-ee2b-489d-8116-8dac857e4a6e,08/04/2014,Apr-14,4,2014,VICTORIA,Minor Dam,128,6.43,129.9,101.48
d2815821-72be-4666-acf7-57678a59b4dd,09/04/2014,Apr-14,4,2014,VICTORIA,Minor Dam,128,6.4,128.4,100.31
38786364-af23-46b0-a3f2-5ce672c3ac05,10/04/2014,Apr-14,4,2014,VICTORIA,Minor Dam,128,6.43,129.9,101.48
11ca9f6c-faf3-42c9-bef8-49b46e8f2d3f,11/04/2014,Apr-14,4,2014,VICTORIA,Minor Dam,128,6.42,129.4,101.09
ae8d7d56-6533-4b4b-85d1-db11247884cb,12/04/2014,Apr-14,4,2014,VICTORIA,Minor Dam,128,6.42,129.4,101.09
54b1087b-e5b1-40eb-a427-c146d6765cd8,13/04/2014,Apr-14,4,2014,VICTORIA,Minor Dam,128,6.42,129.4,101.09
4ea1d23c-aa8f-4e48-a91c-13b8d7683dcd,14/04/2014,Apr-14,4,2014,VICTORIA,Minor Dam,128,6.41,128.9,100.7
a9f316be-79ec-4e21-8014-ff0a6a96e33f,15/04/2014,Apr-14,4,2014,VICTORIA,Minor Dam,128,6.41,128.9,100.7
d6a1ee3f-a971-4aa6-873a-432686fd8a9d,16/04/2014,Apr-14,4,2014,VICTORIA,Minor Dam,128,6.41,128.9,100.7
99438393-1619-4363-992b-5f71f1b6df11,17/04/2014,Apr-14,4,2014,VICTORIA,Minor Dam,128,6.4,128.4,100.31
02919a40-8b81-415d-8edd-c457d5efd942,18/04/2014,Apr-14,4,2014,VICTORIA,Minor Dam,128,6.39,127.9,99.92
3d30bb55-c8a3-4c1a-b12f-4c08e833bfb0,19/04/2014,Apr-14,4,2014,VICTORIA,Minor Dam,128,6.28,122.5,95.7
cf12f816-89ec-4aba-ab7b-04b0e554c71d,20/04/2014,Apr-14,4,2014,VICTORIA,Minor Dam,128,6.28,122.5,95.7
70bc8cfc-14a9-4031-8d65-d9f10f6be44f,21/04/2014,Apr-14,4,2014,VICTORIA,Minor Dam,128,6.27,122,95.31
7924cef0-ba89-4bfa-b35d-13a999db01b7,22/04/2014,Apr-14,4,2014,VICTORIA,Minor Dam,128,6.25,121,94.53
dfc512c8-e435-4028-a4ad-254f6393a0c5,23/04/2014,Apr-14,4,2014,VICTORIA,Minor Dam,128,6.37,126.9,99.14
d6cf7c50-6502-413f-a9c3-1a0ab89675e7,24/04/2014,Apr-14,4,2014,VICTORIA,Minor Dam,128,6.37,126.9,99.14
45341059-152a-4c7b-96d4-9f1a3d1a8247,25/04/2014,Apr-14,4,2014,VICTORIA,Minor Dam,128,6.36,126.5,98.83
82727fbd-2197-4bce-8bb7-c34976ef0d39,26/04/2014,Apr-14,4,2014,VICTORIA,Minor Dam,128,6.36,126.5,98.83
db8c77f1-3083-410f-935a-ca986d7993d2,27/04/2014,Apr-14,4,2014,VICTORIA,Minor Dam,128,6.35,126,98.44
c1ddb795-ec90-4a84-8c3a-549d17ecf320,28/04/2014,Apr-14,4,2014,VICTORIA,Minor Dam,128,6.35,126,98.44
1b64f3a1-721d-4140-9832-a165046adb4c,29/04/2014,Apr-14,4,2014,VICTORIA,Minor Dam,128,6.35,126,98.44
af92bf02-3e73-4577-9c2d-ad266fa1cd68,30/04/2014,Apr-14,4,2014,VICTORIA,Minor Dam,128,6.35,126,98.44
7c5762fe-ec7a-450b-9b23-f4e13c3b1a7d,01/05/2014,May-14,5,2014,VICTORIA,Minor Dam,128,6.35,126,98.44
7557adfd-969d-4ed0-995c-d47be7a834be,02/05/2014,May-14,5,2014,VICTORIA,Minor Dam,128,6.34,125.5,98.05
86248626-dc69-4f27-b300-11e3f56d0aab,03/05/2014,May-14,5,2014,VICTORIA,Minor Dam,128,6.34,125.5,98.05
b75219f0-f1e9-4bb0-9764-ba5a03b565c9,04/05/2014,May-14,5,2014,VICTORIA,Minor Dam,128,6.34,125.5,98.05
08c7a34f-6b33-463c-94c9-d519aaf86009,05/05/2014,May-14,5,2014,VICTORIA,Minor Dam,128,6.34,125.5,98.05
ab3b8793-cd3a-4298-b9be-a3c76cf19d43,06/05/2014,May-14,5,2014,VICTORIA,Minor Dam,128,6.35,126,98.44
e2dd87cd-8d8a-4b6e-b4b1-d7034bcd7cda,07/05/2014,May-14,5,2014,VICTORIA,Minor Dam,128,6.35,126,98.44
d38d48cb-6576-4e86-ad06-05e93b4ec3c2,08/05/2014,May-14,5,2014,VICTORIA,Minor Dam,128,6.35,126,98.44
c936db0f-1012-4157-93e6-72fc0660e292,09/05/2014,May-14,5,2014,VICTORIA,Minor Dam,128,6.34,125.5,98.05
34a95c3f-7147-4e35-9c4e-bef37d204b41,10/05/2014,May-14,5,2014,VICTORIA,Minor Dam,128,6.39,127.9,99.92
28a8c09b-b1fe-4942-b2dd-7c95ce76ff6f,11/05/2014,May-14,5,2014,VICTORIA,Minor Dam,128,6.42,129.4,101.09
9a1d39fb-438e-472c-8c10-95a1b4e895dd,12/05/2014,May-14,5,2014,VICTORIA,Minor Dam,128,6.43,129.9,101.48
2ec336be-4c7b-4ae9-a4b1-6b1611bd1fe8,13/05/2014,May-14,5,2014,VICTORIA,Minor Dam,128,6.43,129.9,101.48
cf853311-36ec-49da-9943-2cb8b5ba6419,14/05/2014,May-14,5,2014,VICTORIA,Minor Dam,128,6.42,129.4,101.09
ec9a8386-5e50-4763-8258-4cd1f64b99f7,15/05/2014,May-14,5,2014,VICTORIA,Minor Dam,128,6.42,129.4,101.09
199f078f-42da-4194-9552-2662894b7073,16/05/2014,May-14,5,2014,VICTORIA,Minor Dam,128,6.41,128.9,100.7
6c5ca2b4-ff31-4099-9d62-a54b0d0f854e,17/05/2014,May-14,5,2014,VICTORIA,Minor Dam,128,6.46,131.3,102.58
05af0394-0c44-48be-b3de-70df58a434a3,18/05/2014,May-14,5,2014,VICTORIA,Minor Dam,128,6.45,130.9,102.27
5895c76b-dd3b-4341-933d-ef138f9773e5,19/05/2014,May-14,5,2014,VICTORIA,Minor Dam,128,6.43,129.9,101.48
b962175c-7801-4f50-9008-8406f76c8371,20/05/2014,May-14,5,2014,VICTORIA,Minor Dam,128,6.43,129.9,101.48
da6785e1-38f2-4b0f-a22e-fdeb57c1e95d,21/05/2014,May-14,5,2014,VICTORIA,Minor Dam,128,6.43,129.9,101.48
8ee39116-74f5-4a4a-aea6-f2a3fa26e7f1,22/05/2014,May-14,5,2014,VICTORIA,Minor Dam,128,6.42,129.4,101.09
15a27e4b-57b4-4d12-b1bc-9c55d281abef,23/05/2014,May-14,5,2014,VICTORIA,Minor Dam,128,6.41,128.9,100.7
b4ae792d-0c75-4a0c-8484-4d027eddf6fa,24/05/2014,May-14,5,2014,VICTORIA,Minor Dam,128,6.41,128.9,100.7
c469e12c-5c54-4b91-9906-11a248e85557,25/05/2014,May-14,5,2014,VICTORIA,Minor Dam,128,6.41,128.9,100.7
f02ade94-d800-4668-8ce1-277398be6271,26/05/2014,May-14,5,2014,VICTORIA,Minor Dam,128,6.41,128.9,100.7
c13a2ee9-698f-4ac5-bcc2-909a5c1c8910,27/05/2014,May-14,5,2014,VICTORIA,Minor Dam,128,6.4,128.4,100.31
6b9b6edf-8fe1-4f78-9507-864ee286d0a4,28/05/2014,May-14,5,2014,VICTORIA,Minor Dam,128,6.4,128.4,100.31
32811883-d388-4189-9d19-0e71800b76ea,29/05/2014,May-14,5,2014,VICTORIA,Minor Dam,128,6.43,129.9,101.48
f932870d-934d-45e2-9dc1-83952427416c,30/05/2014,May-14,5,2014,VICTORIA,Minor Dam,128,6.44,130.4,101.87
344b4695-3829-4ae4-9d00-57b931b578a0,31/05/2014,May-14,5,2014,VICTORIA,Minor Dam,128,6.45,130.9,102.27
52c41491-8d83-4f35-b31d-d2d7d3841634,01/06/2014,Jun-14,6,2014,VICTORIA,Minor Dam,128,6.42,129.4,101.09
6f24061c-bb99-495d-a4df-32a0ffec6268,02/06/2014,Jun-14,6,2014,VICTORIA,Minor Dam,128,6.46,131.3,102.58
ffe5bb5e-ec5c-4b29-9609-796154591cbf,03/06/2014,Jun-14,6,2014,VICTORIA,Minor Dam,128,6.43,129.9,101.48
33c33f59-976b-4506-b079-1ff3807e1ccf,04/06/2014,Jun-14,6,2014,VICTORIA,Minor Dam,128,6.42,129.4,101.09
5625e56f-16ca-47ed-9b90-cdf4a44d8904,05/06/2014,Jun-14,6,2014,VICTORIA,Minor Dam,128,6.47,131.8,102.97
b51887af-c896-431f-9346-4bd0122509e7,06/06/2014,Jun-14,6,2014,VICTORIA,Minor Dam,128,6.45,130.9,102.27
e4774906-f925-4bdb-813a-4fca75c8ea79,07/06/2014,Jun-14,6,2014,VICTORIA,Minor Dam,128,6.44,130.4,101.87
4bf50a40-3fc2-400d-a2af-caafd953655e,08/06/2014,Jun-14,6,2014,VICTORIA,Minor Dam,128,6.42,129.4,101.09
c387cd35-cefa-4c28-93e6-d92e36d3256d,09/06/2014,Jun-14,6,2014,VICTORIA,Minor Dam,128,6.41,128.9,100.7
10d23f85-0dad-4e3f-87a3-839ca251cf76,10/06/2014,Jun-14,6,2014,VICTORIA,Minor Dam,128,6.45,130.9,102.27
bcfc68e1-6bcb-4aa0-9bae-a7bffbf43951,11/06/2014,Jun-14,6,2014,VICTORIA,Minor Dam,128,6.46,131.3,102.58
2de4085b-792b-4b4c-8788-d3c58d51edd7,12/06/2014,Jun-14,6,2014,VICTORIA,Minor Dam,128,6.43,129.9,101.48
c301f46f-05a0-431d-bc76-7bb85fd0ede6,13/06/2014,Jun-14,6,2014,VICTORIA,Minor Dam,128,6.42,129.4,101.09
a831241a-195b-4174-95aa-b9ca059beefe,14/06/2014,Jun-14,6,2014,VICTORIA,Minor Dam,128,6.42,129.4,101.09
788b77f7-d9cb-48a2-a4ab-4cc23888d174,15/06/2014,Jun-14,6,2014,VICTORIA,Minor Dam,128,6.42,129.4,101.09
9981bd24-a5cc-42dd-b87f-a518cf6b3085,16/06/2014,Jun-14,6,2014,VICTORIA,Minor Dam,128,6.46,131.3,102.58
98fd6527-6ce7-4e62-8784-81c932005230,17/06/2014,Jun-14,6,2014,VICTORIA,Minor Dam,128,6.46,131.3,102.58
3c75e6cc-2697-40c0-be7f-fb19043f89fb,18/06/2014,Jun-14,6,2014,VICTORIA,Minor Dam,128,6.45,130.9,102.27
a4384a2d-4dd9-4058-a9f2-eff202b3c52f,19/06/2014,Jun-14,6,2014,VICTORIA,Minor Dam,128,6.43,129.9,101.48
2fcb9274-b570-4057-af0f-7261e80d1387,20/06/2014,Jun-14,6,2014,VICTORIA,Minor Dam,128,6.46,131.3,102.58
807edc9e-dd28-49f1-bb71-18ce7414b941,21/06/2014,Jun-14,6,2014,VICTORIA,Minor Dam,128,6.45,130.9,102.27
de875b9a-d2d0-43c8-bc6d-24db70cc9df1,22/06/2014,Jun-14,6,2014,VICTORIA,Minor Dam,128,6.44,130.4,101.87
e23c7de9-aafa-4380-86de-ec9b61072d97,23/06/2014,Jun-14,6,2014,VICTORIA,Minor Dam,128,6.43,129.9,101.48
b6cc004c-1959-46ea-962c-83c88e9dc40f,24/06/2014,Jun-14,6,2014,VICTORIA,Minor Dam,128,6.42,129.4,101.09
8ee22693-56ef-42fa-b24e-e3877bc610ad,25/06/2014,Jun-14,6,2014,VICTORIA,Minor Dam,128,6.41,128.9,100.7
27a345ec-a50f-43fd-bb64-c7d15ee1e2df,26/06/2014,Jun-14,6,2014,VICTORIA,Minor Dam,128,6.4,128.4,100.31
457fcbf8-92d7-4588-84e4-34ca75917f85,27/06/2014,Jun-14,6,2014,VICTORIA,Minor Dam,128,6.46,131.3,102.58
4314202f-0f25-44da-b18d-7ee48354f296,28/06/2014,Jun-14,6,2014,VICTORIA,Minor Dam,128,6.47,131.8,102.97
33da9b5d-e00a-4d16-ba16-2347ff4d551a,29/06/2014,Jun-14,6,2014,VICTORIA,Minor Dam,128,6.44,130.4,101.87
1e5abec8-bf8a-43ab-acff-ac9236923b52,30/06/2014,Jun-14,6,2014,VICTORIA,Minor Dam,128,6.43,129.9,101.48
f488daef-60fd-4fbf-be9e-2ef9fe181b08,01/07/2014,Jul-14,7,2014,VICTORIA,Minor Dam,128,6.41,128.9,100.7
77399e38-41af-4706-9f35-32131c2cad36,02/07/2014,Jul-14,7,2014,VICTORIA,Minor Dam,128,6.41,128.9,100.7
849c022d-128d-47ec-a1de-26385037d4b5,03/07/2014,Jul-14,7,2014,VICTORIA,Minor Dam,128,6.4,128.4,100.31
fafef965-4f58-4bda-8d25-579ff686291b,04/07/2014,Jul-14,7,2014,VICTORIA,Minor Dam,128,6.44,130.4,101.87
a3b9c359-a427-4e51-9c44-40166a8942f0,05/07/2014,Jul-14,7,2014,VICTORIA,Minor Dam,128,6.44,130.4,101.87
03c47a44-a36d-4181-b4da-0e96260fb12c,06/07/2014,Jul-14,7,2014,VICTORIA,Minor Dam,128,6.47,131.8,102.97
1c82702b-13b8-4176-bc0c-a6fec783ee9d,07/07/2014,Jul-14,7,2014,VICTORIA,Minor Dam,128,6.46,131.3,102.58
c66b6cf0-b740-4a70-874a-3b4b28b7c153,08/07/2014,Jul-14,7,2014,VICTORIA,Minor Dam,128,6.45,130.9,102.27
2c49bf4f-541d-41c0-9580-ab3d30da08cf,09/07/2014,Jul-14,7,2014,VICTORIA,Minor Dam,128,6.44,130.4,101.87
d480b086-f633-404a-9ed4-4a1409f018f3,10/07/2014,Jul-14,7,2014,VICTORIA,Minor Dam,128,6.43,129.9,101.48
af9daf07-da17-42b2-beb4-29736d7f6ed7,11/07/2014,Jul-14,7,2014,VICTORIA,Minor Dam,128,6.43,129.9,101.48
53ce85f2-357c-4610-abac-55ba65580664,12/07/2014,Jul-14,7,2014,VICTORIA,Minor Dam,128,6.43,129.9,101.48
8e9e7b15-47f0-4b64-8504-b749e8ead505,13/07/2014,Jul-14,7,2014,VICTORIA,Minor Dam,128,6.39,127.9,99.92
8bb3a8aa-6e27-436c-88ad-c19993fa91c3,14/07/2014,Jul-14,7,2014,VICTORIA,Minor Dam,128,6.4,128.4,100.31
131446ef-9242-4236-987b-d45c5393297c,15/07/2014,Jul-14,7,2014,VICTORIA,Minor Dam,128,6.4,128.4,100.31
849ebcfa-816c-4e40-8a48-9298572d202f,16/07/2014,Jul-14,7,2014,VICTORIA,Minor Dam,128,6.4,128.4,100.31
94c35c4b-0d49-4d34-9312-34bdd8544e4a,17/07/2014,Jul-14,7,2014,VICTORIA,Minor Dam,128,6.4,128.4,100.31
f2bd9b86-da0c-4ac3-ba88-0ce89a4c7619,18/07/2014,Jul-14,7,2014,VICTORIA,Minor Dam,128,6.45,130.9,102.27
645b099f-9c14-478a-986a-a4804a0a2072,19/07/2014,Jul-14,7,2014,VICTORIA,Minor Dam,128,6.44,130.4,101.87
84c09bbe-875c-4c72-ad2e-e73da522a60c,20/07/2014,Jul-14,7,2014,VICTORIA,Minor Dam,128,6.46,131.3,102.58
86167eb2-e4d9-4009-8e33-1d3dd60fa6a5,21/07/2014,Jul-14,7,2014,VICTORIA,Minor Dam,128,6.44,130.4,101.87
b8389b24-d425-4d85-bcfb-e11e8c3c1d9a,22/07/2014,Jul-14,7,2014,VICTORIA,Minor Dam,128,6.43,129.9,101.48
d46946ad-78f5-412f-99f2-ca4c0f71ef84,23/07/2014,Jul-14,7,2014,VICTORIA,Minor Dam,128,6.43,129.9,101.48
e4c1e863-9aa4-4b1c-8ded-3ca79dfce233,24/07/2014,Jul-14,7,2014,VICTORIA,Minor Dam,128,6.42,129.4,101.09
46a2e9c5-9125-4895-88f5-9c26121c0b43,25/07/2014,Jul-14,7,2014,VICTORIA,Minor Dam,128,6.41,128.9,100.7
06e0d148-be0e-4e67-a40e-8371967f8923,26/07/2014,Jul-14,7,2014,VICTORIA,Minor Dam,128,6.47,131.8,102.97
373f1136-fb97-4444-9198-c1dbec9ca6db,27/07/2014,Jul-14,7,2014,VICTORIA,Minor Dam,128,6.47,131.8,102.97
be951fce-fb57-481c-8db5-89f4f2daece8,28/07/2014,Jul-14,7,2014,VICTORIA,Minor Dam,128,6.47,131.8,102.97
22947263-1e84-4187-b1bb-43dd5ab93254,29/07/2014,Jul-14,7,2014,VICTORIA,Minor Dam,128,6.45,130.9,102.27
3e4a7712-ec5c-4248-b8e3-b79af1b323c3,30/07/2014,Jul-14,7,2014,VICTORIA,Minor Dam,128,6.43,129.9,101.48
fb7d36f7-b813-43a8-b078-21ebf0d2d397,31/07/2014,Jul-14,7,2014,VICTORIA,Minor Dam,128,6.43,129.9,101.48
953e791a-f0b4-4eb2-81e3-6c8c4642af71,01/08/2014,Aug-14,8,2014,VICTORIA,Minor Dam,128,6.42,129.4,101.09
458fe79e-7d14-4dce-b52c-ea440b2e3f76,02/08/2014,Aug-14,8,2014,VICTORIA,Minor Dam,128,6.42,129.4,101.09
e4ca9a00-6511-4ae0-b208-d6b480158ce4,03/08/2014,Aug-14,8,2014,VICTORIA,Minor Dam,128,6.41,128.9,100.7
7751714a-e844-4ce1-81b6-af22f6fa626b,04/08/2014,Aug-14,8,2014,VICTORIA,Minor Dam,128,6.4,128.4,100.31
04f375ac-387e-474c-b146-1eef00ae58f0,05/08/2014,Aug-14,8,2014,VICTORIA,Minor Dam,128,6.41,128.9,100.7
149ae58c-da28-4dce-a5ec-b5d4825f8a1a,06/08/2014,Aug-14,8,2014,VICTORIA,Minor Dam,128,6.52,134.2,104.84
3b3074ad-c527-4796-a3da-a8fb76d68b22,07/08/2014,Aug-14,8,2014,VICTORIA,Minor Dam,128,6.47,131.8,102.97
c09e7840-6c03-44ab-81a6-f1cdc36065a6,08/08/2014,Aug-14,8,2014,VICTORIA,Minor Dam,128,6.48,132.3,103.36
b177ab9b-27fe-4951-a47f-546e85005db9,09/08/2014,Aug-14,8,2014,VICTORIA,Minor Dam,128,6.44,130.4,101.87
5eef6cdb-e5d5-4e89-b605-1e5e794e9130,10/08/2014,Aug-14,8,2014,VICTORIA,Minor Dam,128,6.43,129.9,101.48
e9f1d203-df16-4a3b-b148-47817dba695e,11/08/2014,Aug-14,8,2014,VICTORIA,Minor Dam,128,6.43,129.9,101.48
2ae537b2-099c-41e2-83f3-8ec61b765ba3,12/08/2014,Aug-14,8,2014,VICTORIA,Minor Dam,128,6.42,129.4,101.09
6d053e93-8e0a-4fc3-a4b1-ab0b1d957bfa,13/08/2014,Aug-14,8,2014,VICTORIA,Minor Dam,128,6.42,129.4,101.09
1e37c344-0bb2-49e3-8393-8be7ee4bfa10,14/08/2014,Aug-14,8,2014,VICTORIA,Minor Dam,128,6.42,129.4,101.09
5effc406-3a1f-4c59-8f53-9339ee9f1a21,15/08/2014,Aug-14,8,2014,VICTORIA,Minor Dam,128,6.43,129.9,101.48
b6474717-2251-46a6-8d73-987c5e3b1bf9,16/08/2014,Aug-14,8,2014,VICTORIA,Minor Dam,128,6.44,130.4,101.87
71a711b6-cdf5-4bc7-9508-dae37b7f2f31,17/08/2014,Aug-14,8,2014,VICTORIA,Minor Dam,128,6.43,129.9,101.48
6bd765ac-473d-4da6-aec1-0e140c99ccbb,18/08/2014,Aug-14,8,2014,VICTORIA,Minor Dam,128,6.43,129.9,101.48
8e9b2d92-c359-49d8-aa9c-0ad34477ce60,19/08/2014,Aug-14,8,2014,VICTORIA,Minor Dam,128,6.43,129.9,101.48
6976560c-c02b-4517-868e-630096196d2e,20/08/2014,Aug-14,8,2014,VICTORIA,Minor Dam,128,6.43,129.9,101.48
fa53a5a6-0c62-44b1-b669-4258c43b2bac,21/08/2014,Aug-14,8,2014,VICTORIA,Minor Dam,128,6.45,130.9,102.27
4d349fef-5d2a-43a6-a759-d65fcc5932d6,22/08/2014,Aug-14,8,2014,VICTORIA,Minor Dam,128,6.46,131.3,102.58
8b18b61e-aab9-4c27-892d-73f23fd75bde,23/08/2014,Aug-14,8,2014,VICTORIA,Minor Dam,128,6.46,131.3,102.58
c9e57433-8c4e-4e68-8716-338d0dda9a86,24/08/2014,Aug-14,8,2014,VICTORIA,Minor Dam,128,6.45,130.9,102.27
d6945ff4-4a75-49b4-bc16-3f7b18027ae6,25/08/2014,Aug-14,8,2014,VICTORIA,Minor Dam,128,6.45,130.9,102.27
cb5c1083-5a00-4722-95e4-19149fb9443a,26/08/2014,Aug-14,8,2014,VICTORIA,Minor Dam,128,6.44,130.4,101.87
573f384b-4821-4c9f-a638-9569fdd96ccc,27/08/2014,Aug-14,8,2014,VICTORIA,Minor Dam,128,6.46,131.3,102.58
e6493030-a0b9-4900-b96d-3931b0127679,28/08/2014,Aug-14,8,2014,VICTORIA,Minor Dam,128,6.47,131.8,102.97
1f285db6-80ba-4e22-bbe4-7f1a9f7a8a26,29/08/2014,Aug-14,8,2014,VICTORIA,Minor Dam,128,6.48,132.3,103.36
a7160f60-3b40-45be-b83d-c1793520f8fc,30/08/2014,Aug-14,8,2014,VICTORIA,Minor Dam,128,6.46,131.3,102.58
803743c1-cc2e-435f-a547-0b66be2616cb,31/08/2014,Aug-14,8,2014,VICTORIA,Minor Dam,128,6.45,130.9,102.27
ede322e6-7c0c-4e1d-8bf0-234b26e505ac,01/09/2014,Sep-14,9,2014,VICTORIA,Minor Dam,128,6.44,130.4,101.87
ca94314a-6f00-4c58-be44-cb1817bf5073,02/09/2014,Sep-14,9,2014,VICTORIA,Minor Dam,128,6.44,130.4,101.87
09d02b88-f261-4e2a-bdb7-1a53044ef97a,03/09/2014,Sep-14,9,2014,VICTORIA,Minor Dam,128,6.43,129.9,101.48
778bec76-5354-479b-92cd-29bf6c78df07,04/09/2014,Sep-14,9,2014,VICTORIA,Minor Dam,128,6.42,129.4,101.09
dd340a20-90cc-46a4-b02d-7edd2aa5d035,05/09/2014,Sep-14,9,2014,VICTORIA,Minor Dam,128,6.42,129.4,101.09
6db26ac1-21e4-4ac6-a750-ca1898cceb6d,06/09/2014,Sep-14,9,2014,VICTORIA,Minor Dam,128,6.41,128.9,100.7
92084486-4148-4d37-bc8d-9d6bdcb4c4c5,07/09/2014,Sep-14,9,2014,VICTORIA,Minor Dam,128,6.41,128.9,100.7
5bb2c617-3ad0-465a-aeae-206843290144,08/09/2014,Sep-14,9,2014,VICTORIA,Minor Dam,128,6.41,128.9,100.7
ce3e8a75-99ae-4f9d-9e24-0d5c187ea9a8,09/09/2014,Sep-14,9,2014,VICTORIA,Minor Dam,128,6.4,128.4,100.31
810d1325-68bc-4f25-ab69-853d11b3cede,10/09/2014,Sep-14,9,2014,VICTORIA,Minor Dam,128,6.4,128.4,100.31
393b5d40-ad18-4561-a347-d95ddcbb6523,11/09/2014,Sep-14,9,2014,VICTORIA,Minor Dam,128,6.4,128.4,100.31
be23a0e5-b966-46c2-8974-0f8e29fd01ce,12/09/2014,Sep-14,9,2014,VICTORIA,Minor Dam,128,6.4,128.4,100.31
bf562cf8-292a-4929-a234-61d4e2bad1f4,13/09/2014,Sep-14,9,2014,VICTORIA,Minor Dam,128,6.4,128.4,100.31
ba7b6ef7-566a-4b3e-b72e-0e6c1bc5c000,14/09/2014,Sep-14,9,2014,VICTORIA,Minor Dam,128,6.39,127.9,99.92
fc4215f0-cf82-4889-a89f-f47522d03bfe,15/09/2014,Sep-14,9,2014,VICTORIA,Minor Dam,128,6.39,127.9,99.92
238c2178-edce-4597-934f-d279f5294819,16/09/2014,Sep-14,9,2014,VICTORIA,Minor Dam,128,6.39,127.9,99.92
ecfc5a44-9d10-4bed-be23-f1774489096b,17/09/2014,Sep-14,9,2014,VICTORIA,Minor Dam,128,6.39,127.9,99.92
7c62bd4f-5580-44cb-b24b-e65274bc24ed,18/09/2014,Sep-14,9,2014,VICTORIA,Minor Dam,128,6.39,127.9,99.92
70e9a581-bd45-4dd7-89f1-ef7858595865,19/09/2014,Sep-14,9,2014,VICTORIA,Minor Dam,128,6.42,129.4,101.09
c514318c-2660-4fde-9866-7601b444ab5c,20/09/2014,Sep-14,9,2014,VICTORIA,Minor Dam,128,6.43,129.9,101.48
88a3e3d5-f959-473d-a051-8cfb5a8baf98,21/09/2014,Sep-14,9,2014,VICTORIA,Minor Dam,128,6.43,129.9,101.48
7053a8fd-f646-42c5-bea7-a4f3e88aeb86,22/09/2014,Sep-14,9,2014,VICTORIA,Minor Dam,128,6.43,129.9,101.48
57d0649a-6cfb-49c0-9ac0-1e266977c685,23/09/2014,Sep-14,9,2014,VICTORIA,Minor Dam,128,6.43,129.9,101.48
459b7729-3d0c-414e-b126-eb022fc485b0,24/09/2014,Sep-14,9,2014,VICTORIA,Minor Dam,128,6.42,129.4,101.09
f7e3bc1a-a9a4-4298-b827-b6b9e121ca55,25/09/2014,Sep-14,9,2014,VICTORIA,Minor Dam,128,6.42,129.4,101.09
50368e79-5acc-4702-913a-d26f765319bf,26/09/2014,Sep-14,9,2014,VICTORIA,Minor Dam,128,6.42,129.4,101.09
b01f46d0-0490-4d36-bc39-b9d4ca6db06d,27/09/2014,Sep-14,9,2014,VICTORIA,Minor Dam,128,6.41,128.9,100.7
c54f9685-3f67-4d2f-95ee-115bb0bdaad2,28/09/2014,Sep-14,9,2014,VICTORIA,Minor Dam,128,6.41,128.9,100.7
21b6793d-8b26-4744-b007-f8b7d48eea75,29/09/2014,Sep-14,9,2014,VICTORIA,Minor Dam,128,6.41,128.9,100.7
7c8bad12-c614-4f7a-8071-89d0b38e72f6,30/09/2014,Sep-14,9,2014,VICTORIA,Minor Dam,128,6.41,128.9,100.7
6aa737b5-7156-451c-87d9-dba3bd9a9105,01/10/2014,Oct-14,10,2014,VICTORIA,Minor Dam,128,6.4,128.4,100.31
7d619be4-5821-44a4-b38a-77a3af884ce8,02/10/2014,Oct-14,10,2014,VICTORIA,Minor Dam,128,6.4,128.4,100.31
1be75dde-2d0d-4338-bfbe-7fe16c730112,03/10/2014,Oct-14,10,2014,VICTORIA,Minor Dam,128,6.4,128.4,100.31
0923e4de-e9e5-4e62-97cd-1795b1561178,04/10/2014,Oct-14,10,2014,VICTORIA,Minor Dam,128,6.4,128.4,100.31
0897186b-1073-4eff-953e-bb796904cd0a,05/10/2014,Oct-14,10,2014,VICTORIA,Minor Dam,128,6.4,128.4,100.31
090061ac-5589-48a0-a82f-f78ded452e8a,06/10/2014,Oct-14,10,2014,VICTORIA,Minor Dam,128,6.38,127.4,99.53
80ce2d82-3152-4baf-bde1-d8c9df695272,07/10/2014,Oct-14,10,2014,VICTORIA,Minor Dam,128,6.38,127.4,99.53
edd84584-eef0-40ef-9e69-4f0d2128efd8,08/10/2014,Oct-14,10,2014,VICTORIA,Minor Dam,128,6.38,127.4,99.53
d1195611-bc09-4864-8d7d-96f405cb7325,09/10/2014,Oct-14,10,2014,VICTORIA,Minor Dam,128,6.38,127.4,99.53
77c69ce5-f374-472f-a08b-e7f168fc7131,10/10/2014,Oct-14,10,2014,VICTORIA,Minor Dam,128,6.38,127.4,99.53
72330004-ab14-4484-a36d-dbbc6ba06016,11/10/2014,Oct-14,10,2014,VICTORIA,Minor Dam,128,6.37,126.9,99.14
f6b544c5-75a0-48af-b5c8-59521345300b,12/10/2014,Oct-14,10,2014,VICTORIA,Minor Dam,128,6.37,126.9,99.14
f71ac8c2-2bb3-4b0e-b0c7-3de25670aedb,13/10/2014,Oct-14,10,2014,VICTORIA,Minor Dam,128,6.37,126.9,99.14
fce8bb72-e06b-41ad-8c74-da860b9d0b19,14/10/2014,Oct-14,10,2014,VICTORIA,Minor Dam,128,6.37,126.9,99.14
1620aa38-edd4-4408-add7-dac189a97867,15/10/2014,Oct-14,10,2014,VICTORIA,Minor Dam,128,6.37,126.9,99.14
8c32c845-88e0-4192-b983-14ead850d8c7,16/10/2014,Oct-14,10,2014,VICTORIA,Minor Dam,128,6.37,126.9,99.14
808071ec-dea2-4c87-a977-2d2832f3883a,17/10/2014,Oct-14,10,2014,VICTORIA,Minor Dam,128,6.37,126.9,99.14
f4a63a1a-46bf-44eb-95df-a082eea53660,18/10/2014,Oct-14,10,2014,VICTORIA,Minor Dam,128,6.37,126.9,99.14
c9142643-1721-4248-b7c9-a72bbf377f2a,19/10/2014,Oct-14,10,2014,VICTORIA,Minor Dam,128,6.36,126.5,98.83
303f84c0-488b-44ca-acdd-3f524a63ae4c,20/10/2014,Oct-14,10,2014,VICTORIA,Minor Dam,128,6.35,126,98.44
4cd8e0a9-4e1f-43e6-b4ce-56b981cc5aaf,21/10/2014,Oct-14,10,2014,VICTORIA,Minor Dam,128,6.34,125.5,98.05
f8b6db93-3aa5-4b56-8afc-69662f396cef,22/10/2014,Oct-14,10,2014,VICTORIA,Minor Dam,128,6.34,125.5,98.05
4cdf9042-36cb-41ba-a7b7-0d8667575a83,23/10/2014,Oct-14,10,2014,VICTORIA,Minor Dam,128,6.33,125,97.66
d9c90b75-40fe-430c-8c54-6e0a4bb9fe0c,24/10/2014,Oct-14,10,2014,VICTORIA,Minor Dam,128,6.33,125,97.66
cc0c8dd4-e335-4a8e-9e2e-c3aa563377cc,25/10/2014,Oct-14,10,2014,VICTORIA,Minor Dam,128,6.33,125,97.66
56ff4875-303d-4579-a265-53314debec62,26/10/2014,Oct-14,10,2014,VICTORIA,Minor Dam,128,6.32,124.5,97.27
51c7bcef-ba8c-45f8-bdab-d53d2e126819,27/10/2014,Oct-14,10,2014,VICTORIA,Minor Dam,128,6.3,123.5,96.48
2a42358b-1a39-42c7-a177-40056264658e,28/10/2014,Oct-14,10,2014,VICTORIA,Minor Dam,128,6.29,123,96.09
26d8741e-de49-4c7b-9ec7-a3010a709be0,29/10/2014,Oct-14,10,2014,VICTORIA,Minor Dam,128,6.28,122.5,95.7
fe414d15-0c8b-4cad-a6b6-a8e562ac9852,30/10/2014,Oct-14,10,2014,VICTORIA,Minor Dam,128,6.28,122.5,95.7
27448dbe-b3f9-48ed-94f6-fe61effaf904,31/10/2014,Oct-14,10,2014,VICTORIA,Minor Dam,128,6.28,122.5,95.7
0e3876aa-8d47-4129-9dc2-3635349f763e,01/11/2014,Nov-14,11,2014,VICTORIA,Minor Dam,128,6.28,122.5,95.7
6c408052-f543-49f8-b7ce-dad1ffcb7b27,02/11/2014,Nov-14,11,2014,VICTORIA,Minor Dam,128,6.28,122.5,95.7
7a982eb3-d114-4e88-8029-28659e043b32,03/11/2014,Nov-14,11,2014,VICTORIA,Minor Dam,128,6.28,122.5,95.7
65c1f18b-3da3-4b65-9cbc-250fc8c84baa,04/11/2014,Nov-14,11,2014,VICTORIA,Minor Dam,128,6.28,122.5,95.7
43c2803e-0867-4cc6-a8e7-dd5726efc886,05/11/2014,Nov-14,11,2014,VICTORIA,Minor Dam,128,6.28,122.5,95.7
916fcbf3-172a-4038-a1f6-68600a503294,06/11/2014,Nov-14,11,2014,VICTORIA,Minor Dam,128,6.28,122.5,95.7
ae74d832-0fa7-4713-9745-49eaa98709b3,07/11/2014,Nov-14,11,2014,VICTORIA,Minor Dam,128,6.28,122.5,95.7
0a07589e-b04a-43af-8105-098920fff228,08/11/2014,Nov-14,11,2014,VICTORIA,Minor Dam,128,6.28,122.5,95.7
3f2ce648-6559-4c94-91bf-5e34a9a2460f,09/11/2014,Nov-14,11,2014,VICTORIA,Minor Dam,128,6.26,121.5,94.92
af869872-aafc-4537-8047-4995f035aa8d,10/11/2014,Nov-14,11,2014,VICTORIA,Minor Dam,128,6.24,120.5,94.14
161ed1d8-0587-4d47-a671-a6f038480210,11/11/2014,Nov-14,11,2014,VICTORIA,Minor Dam,128,6.24,120.5,94.14
acbc04bf-799d-4400-8378-fde055244a09,12/11/2014,Nov-14,11,2014,VICTORIA,Minor Dam,128,6.24,120.5,94.14
e6dcf11b-9d03-42be-8ea0-4f93c4f165fb,13/11/2014,Nov-14,11,2014,VICTORIA,Minor Dam,128,6.24,120.5,94.14
64e523be-e96a-4005-8150-deb54a3eb886,14/11/2014,Nov-14,11,2014,VICTORIA,Minor Dam,128,6.24,120.5,94.14
a95c45d7-3c62-47af-b954-862d40cdebe7,15/11/2014,Nov-14,11,2014,VICTORIA,Minor Dam,128,6.24,120.5,94.14
1973810f-42b0-4c9b-823a-991f5582f642,16/11/2014,Nov-14,11,2014,VICTORIA,Minor Dam,128,6.24,120.5,94.14
bef83929-67f5-49b2-b248-01c2a5c4619b,17/11/2014,Nov-14,11,2014,VICTORIA,Minor Dam,128,6.24,120.5,94.14
90ec513d-9b15-4090-9f8e-407e2fd1d2cb,18/11/2014,Nov-14,11,2014,VICTORIA,Minor Dam,128,6.23,120.1,93.83
d8504e0e-4421-4f9f-9823-5e243308de8e,19/11/2014,Nov-14,11,2014,VICTORIA,Minor Dam,128,6.22,119.6,93.44
07e27e59-0693-4aa5-a17d-2640e15c3e1f,20/11/2014,Nov-14,11,2014,VICTORIA,Minor Dam,128,6.21,119.1,93.05
fbdab826-7366-4c38-bd6a-efc9344c43db,21/11/2014,Nov-14,11,2014,VICTORIA,Minor Dam,128,6.2,118.6,92.66
30cfba22-d389-435e-90ad-6d042881225e,22/11/2014,Nov-14,11,2014,VICTORIA,Minor Dam,128,6.2,118.6,92.66
b1c3ad08-25ec-4ba6-bbae-65df8ba3f1a3,23/11/2014,Nov-14,11,2014,VICTORIA,Minor Dam,128,6.19,118.1,92.27
bebc8169-9b83-4494-bb74-94a7fa300511,24/11/2014,Nov-14,11,2014,VICTORIA,Minor Dam,128,6.18,117.6,91.87
0475a253-ca12-436a-801b-697441d81723,25/11/2014,Nov-14,11,2014,VICTORIA,Minor Dam,128,6.18,117.6,91.87
4c8a3547-c04c-4ef3-b104-b81b10fbc606,26/11/2014,Nov-14,11,2014,VICTORIA,Minor Dam,128,6.17,117.1,91.48
eac540bf-d15f-4d4f-bc35-ed30a79952fc,27/11/2014,Nov-14,11,2014,VICTORIA,Minor Dam,128,6.17,117.1,91.48
af7e7c7b-200b-43a0-98e3-83e128e9330f,28/11/2014,Nov-14,11,2014,VICTORIA,Minor Dam,128,6.17,117.1,91.48
d42a1dd3-0640-4c3b-a153-ce7bbc38a5df,29/11/2014,Nov-14,11,2014,VICTORIA,Minor Dam,128,6.16,116.6,91.09
ba8b7eb0-56ba-46fa-8844-a428be39cf21,30/11/2014,Nov-14,11,2014,VICTORIA,Minor Dam,128,6.16,116.6,91.09
f448ef2d-e8b2-4726-ad70-a7165b1b141a,01/12/2014,Dec-14,12,2014,VICTORIA,Minor Dam,128,6.15,116.1,90.7
db2d77fc-acce-4246-93b7-fdee286e14ee,02/12/2014,Dec-14,12,2014,VICTORIA,Minor Dam,128,6.14,115.6,90.31
2a067dee-578b-491c-bfa4-a6759b0fc91b,03/12/2014,Dec-14,12,2014,VICTORIA,Minor Dam,128,6.14,115.6,90.31
00813d25-7492-4ced-94cc-05d28f269604,04/12/2014,Dec-14,12,2014,VICTORIA,Minor Dam,128,6.14,115.6,90.31
db2e1dea-6498-48a2-add5-368120d13aec,05/12/2014,Dec-14,12,2014,VICTORIA,Minor Dam,128,6.13,115.1,89.92
4c63b1a7-a42e-4840-b410-b7a7ac78af67,06/12/2014,Dec-14,12,2014,VICTORIA,Minor Dam,128,6.11,114.1,89.14
87d6501b-c3b1-4a59-abaf-066c4bb52b80,07/12/2014,Dec-14,12,2014,VICTORIA,Minor Dam,128,6.11,114.1,89.14
100af238-142e-472a-aa02-881f8ad123d3,08/12/2014,Dec-14,12,2014,VICTORIA,Minor Dam,128,6.11,114.1,89.14
b211b8ef-a350-4064-91f2-c0fca442ad14,09/12/2014,Dec-14,12,2014,VICTORIA,Minor Dam,128,6.09,113.2,88.44
a0975bf0-923a-4679-9db1-d15c4bb78c79,10/12/2014,Dec-14,12,2014,VICTORIA,Minor Dam,128,6.09,113.2,88.44
c0bf84dd-886c-4ff9-a4cd-0aad869945cb,11/12/2014,Dec-14,12,2014,VICTORIA,Minor Dam,128,6.09,113.2,88.44
d25ca94d-944c-4b24-a4e8-82f991afb2d3,12/12/2014,Dec-14,12,2014,VICTORIA,Minor Dam,128,6.08,112.8,88.13
34591e22-53eb-46a4-bfc7-4c3447c227fd,13/12/2014,Dec-14,12,2014,VICTORIA,Minor Dam,128,6.07,112.3,87.73
f5f2f009-9b51-476a-aa7c-107decfb3a3b,14/12/2014,Dec-14,12,2014,VICTORIA,Minor Dam,128,6.05,111.5,87.11
d631250b-3621-43e8-ba18-f2546585e9c1,15/12/2014,Dec-14,12,2014,VICTORIA,Minor Dam,128,6.04,111,86.72
e69d3ce0-42df-4abe-be4c-097fb9bcac6f,16/12/2014,Dec-14,12,2014,VICTORIA,Minor Dam,128,6.04,111,86.72
43278d26-f735-4fa1-894d-e6040e39ff6f,17/12/2014,Dec-14,12,2014,VICTORIA,Minor Dam,128,6.03,110.6,86.41
6491a9ff-b51c-4def-86ec-f34c32e54841,18/12/2014,Dec-14,12,2014,VICTORIA,Minor Dam,128,6.03,110.6,86.41
e636b1e5-ed5d-473e-aeb9-33e200737dae,19/12/2014,Dec-14,12,2014,VICTORIA,Minor Dam,128,6.02,110.1,86.02
ddad3a70-d2c1-41f3-8ced-5d4b5d4c4080,20/12/2014,Dec-14,12,2014,VICTORIA,Minor Dam,128,6.01,109.7,85.7
e11b8a88-9d61-4199-886d-012f263ce09d,21/12/2014,Dec-14,12,2014,VICTORIA,Minor Dam,128,6,109.3,85.39
b19d4a57-44fc-4253-885f-39681b965132,22/12/2014,Dec-14,12,2014,VICTORIA,Minor Dam,128,5.99,108.8,85
ab01d0c6-3f2a-4a49-9581-26f0bf643627,23/12/2014,Dec-14,12,2014,VICTORIA,Minor Dam,128,5.99,108.8,85
e321e14a-ecb2-48fe-896f-d5f5671d9da2,24/12/2014,Dec-14,12,2014,VICTORIA,Minor Dam,128,5.99,108.8,85
d9613d69-b398-4ee9-8771-c6102fa3ecab,25/12/2014,Dec-14,12,2014,VICTORIA,Minor Dam,128,5.99,108.8,85
ce9f55fa-fbf8-4f44-bd64-c96c12f41467,26/12/2014,Dec-14,12,2014,VICTORIA,Minor Dam,128,5.99,108.8,85
59bec331-9745-457c-8fd8-20c8e86a68e7,27/12/2014,Dec-14,12,2014,VICTORIA,Minor Dam,128,6,109.3,85.39
ec1af247-38d1-4aca-904a-6284fe4c93a1,28/12/2014,Dec-14,12,2014,VICTORIA,Minor Dam,128,6,109.3,85.39
db0f07aa-8e14-4762-af51-880ae80484a6,29/12/2014,Dec-14,12,2014,VICTORIA,Minor Dam,128,6,109.3,85.39
9b758a94-5fc2-4158-a377-464127a30eb5,30/12/2014,Dec-14,12,2014,VICTORIA,Minor Dam,128,5.99,108.8,85
e1ea470c-23d2-4a96-82a5-ff9d965c31f7,31/12/2014,Dec-14,12,2014,VICTORIA,Minor Dam,128,5.99,108.8,85
21cdea52-bce7-49a4-855b-f694dc1f39aa,01/01/2015,Jan-15,1,2015,VICTORIA,Minor Dam,128,5.98,108.4,84.69
15c94a7d-8ea1-4b41-be88-9d8900fc2dde,02/01/2015,Jan-15,1,2015,VICTORIA,Minor Dam,128,5.98,108.4,84.69
9f29925a-1e57-4946-9976-0dff704f0099,03/01/2015,Jan-15,1,2015,VICTORIA,Minor Dam,128,5.97,107.9,84.3
9e7cf83d-710f-4f30-a0eb-6f50f25f2f22,04/01/2015,Jan-15,1,2015,VICTORIA,Minor Dam,128,5.97,107.9,84.3
8114fe32-4703-4390-86ec-84e6523509f8,05/01/2015,Jan-15,1,2015,VICTORIA,Minor Dam,128,5.97,107.9,84.3
372ec1db-386f-48af-a8c9-d9918b713859,06/01/2015,Jan-15,1,2015,VICTORIA,Minor Dam,128,5.97,107.9,84.3
40dd435d-87e2-4cce-97ac-b7284db9ad4c,07/01/2015,Jan-15,1,2015,VICTORIA,Minor Dam,128,6,109.3,85.39
84ae890f-83e1-4669-bca7-4c84c275ff1a,08/01/2015,Jan-15,1,2015,VICTORIA,Minor Dam,128,6.01,109.7,85.7
c2a37b20-7383-4a25-8616-41ea751029df,09/01/2015,Jan-15,1,2015,VICTORIA,Minor Dam,128,6.01,109.7,85.7
fc6c05fa-b702-425c-909e-412f59c7d834,10/01/2015,Jan-15,1,2015,VICTORIA,Minor Dam,128,6,109.3,85.39
4f36dbcd-ee9c-4187-8b86-3a576f35bc63,11/01/2015,Jan-15,1,2015,VICTORIA,Minor Dam,128,6,109.3,85.39
81b2fad2-51f4-421a-958d-c051d1b2b460,12/01/2015,Jan-15,1,2015,VICTORIA,Minor Dam,128,6,109.3,85.39
aea43698-55f2-4bb3-b4db-86c7fff92fae,13/01/2015,Jan-15,1,2015,VICTORIA,Minor Dam,128,5.99,108.8,85
010872fc-fd23-4773-acb8-f8556b4be535,14/01/2015,Jan-15,1,2015,VICTORIA,Minor Dam,128,5.99,108.8,85
62d3ddfc-713b-487c-a88b-1d0ff96be775,15/01/2015,Jan-15,1,2015,VICTORIA,Minor Dam,128,5.98,108.4,84.69
09c8244e-1a6f-4c53-8fce-12f4b80fb865,16/01/2015,Jan-15,1,2015,VICTORIA,Minor Dam,128,5.98,108.4,84.69
26864cd1-3795-49a3-a03c-aad4fe8b13eb,17/01/2015,Jan-15,1,2015,VICTORIA,Minor Dam,128,5.99,108.8,85
f51917c0-03e8-4b18-a458-5b414a7b4c33,18/01/2015,Jan-15,1,2015,VICTORIA,Minor Dam,128,5.98,108.4,84.69
eb204ee0-f2c4-4bc5-9693-62d9f924c336,19/01/2015,Jan-15,1,2015,VICTORIA,Minor Dam,128,5.97,107.9,84.3
c1364e6c-1dbd-4d6d-9a2d-73b1873ee4bf,20/01/2015,Jan-15,1,2015,VICTORIA,Minor Dam,128,5.97,107.9,84.3
701a9915-ce65-45ad-a052-9f2853ce42a6,21/01/2015,Jan-15,1,2015,VICTORIA,Minor Dam,128,5.96,107.5,83.98
bfc21659-8e3a-47ee-8a3a-c4542fc15213,22/01/2015,Jan-15,1,2015,VICTORIA,Minor Dam,128,5.95,107.1,83.67
136bdeda-f359-4013-84b6-29ba78e92d43,23/01/2015,Jan-15,1,2015,VICTORIA,Minor Dam,128,5.95,107.1,83.67
3984d6aa-993f-4354-9192-543bb8d762d6,24/01/2015,Jan-15,1,2015,VICTORIA,Minor Dam,128,5.94,106.6,83.28
abc2ee27-2c3d-4cad-b285-ba732f22d311,25/01/2015,Jan-15,1,2015,VICTORIA,Minor Dam,128,5.93,106.2,82.97
fdd1e924-2b87-4f30-93d6-c1dadb7939ef,26/01/2015,Jan-15,1,2015,VICTORIA,Minor Dam,128,5.92,105.7,82.58
cca30af7-62d6-433e-a69c-4bb01d4a48b8,27/01/2015,Jan-15,1,2015,VICTORIA,Minor Dam,128,5.92,105.7,82.58
1c85e9ec-ad4b-4621-af5b-d3a26086082e,28/01/2015,Jan-15,1,2015,VICTORIA,Minor Dam,128,5.92,105.7,82.58
e039f1b0-7a5d-4113-9150-6c535630da0a,29/01/2015,Jan-15,1,2015,VICTORIA,Minor Dam,128,5.91,105.3,82.27
a4273e15-872a-4661-8c69-498ce1011ebb,30/01/2015,Jan-15,1,2015,VICTORIA,Minor Dam,128,5.89,104.4,81.56
c4dd786d-0d80-4197-be6f-a093d1adce7c,31/01/2015,Jan-15,1,2015,VICTORIA,Minor Dam,128,5.89,104.4,81.56
13d99d33-9b7d-4d91-82b4-a4c253a5ac91,01/02/2015,Feb-15,2,2015,VICTORIA,Minor Dam,128,5.89,104.4,81.56
ce69afb5-d129-4c6b-96cb-4310626faaa8,02/02/2015,Feb-15,2,2015,VICTORIA,Minor Dam,128,5.88,104,81.25
b1cc4bda-4858-4c0b-a1ad-0d94cfbc4ede,03/02/2015,Feb-15,2,2015,VICTORIA,Minor Dam,128,5.88,104,81.25
8bff929a-f527-49a3-bba2-c79a7f78c397,04/02/2015,Feb-15,2,2015,VICTORIA,Minor Dam,128,5.87,103.5,80.86
cacfd9a2-0035-460b-b099-6214668fa2f8,05/02/2015,Feb-15,2,2015,VICTORIA,Minor Dam,128,5.85,102.7,80.23
c8f43ece-f282-407b-9367-4a2abaa2ac9f,06/02/2015,Feb-15,2,2015,VICTORIA,Minor Dam,128,5.84,102.2,79.84
03fca33b-b342-4972-8e25-11acd995eb84,07/02/2015,Feb-15,2,2015,VICTORIA,Minor Dam,128,5.83,101.8,79.53
f4cebce3-431f-4c66-8fa4-972c85fa3dcb,08/02/2015,Feb-15,2,2015,VICTORIA,Minor Dam,128,5.82,101.3,79.14
dc18cc24-2c2a-4350-a2d0-686294a2b7d0,09/02/2015,Feb-15,2,2015,VICTORIA,Minor Dam,128,5.82,101.3,79.14
08a4fbb6-bf36-47c4-8b16-a48c565b0985,10/02/2015,Feb-15,2,2015,VICTORIA,Minor Dam,128,5.82,101.3,79.14
3b6c3583-58a3-4727-b37d-4f014ade14ed,11/02/2015,Feb-15,2,2015,VICTORIA,Minor Dam,128,5.71,96.6,75.47
d6ea35d4-5de6-46ff-ae08-4feca793432d,12/02/2015,Feb-15,2,2015,VICTORIA,Minor Dam,128,5.69,95.8,74.84
91b2e17e-b053-42a7-ad06-d912110550e4,13/02/2015,Feb-15,2,2015,VICTORIA,Minor Dam,128,5.63,93.3,72.89
9a7b41b6-4ffe-4c0e-94d9-8ea88083ba03,14/02/2015,Feb-15,2,2015,VICTORIA,Minor Dam,128,5.57,90.8,70.94
e7e3cc91-a1bf-4b14-839f-034bf477d942,15/02/2015,Feb-15,2,2015,VICTORIA,Minor Dam,128,5.52,88.8,69.38
29e620e0-2c37-44e5-a6e2-3c6b234d336c,16/02/2015,Feb-15,2,2015,VICTORIA,Minor Dam,128,5.46,86.4,67.5
cc23921d-4d24-4cae-b7e1-5280bdd76118,17/02/2015,Feb-15,2,2015,VICTORIA,Minor Dam,128,5.42,84.9,66.33
d0912500-c86b-4778-a11e-b5b06d7d24a0,18/02/2015,Feb-15,2,2015,VICTORIA,Minor Dam,128,5.37,83.1,64.92
3adc4e36-69c3-4e52-bbaf-6fb04b3c9e1f,19/02/2015,Feb-15,2,2015,VICTORIA,Minor Dam,128,5.31,80.9,63.2
7191200e-81a1-4d17-841b-28cc2293cc59,20/02/2015,Feb-15,2,2015,VICTORIA,Minor Dam,128,5.25,78.7,61.48
38c7daaa-721b-456e-9f17-6a74d0ff97a9,21/02/2015,Feb-15,2,2015,VICTORIA,Minor Dam,128,5.18,76.1,59.45
4b197f85-a7f2-4329-8045-44e5d19c33e0,22/02/2015,Feb-15,2,2015,VICTORIA,Minor Dam,128,5.14,74.8,58.44
7a840bdc-3f2e-47be-b12f-f57b09faaba7,23/02/2015,Feb-15,2,2015,VICTORIA,Minor Dam,128,5.07,72.5,56.64
5f2930ef-a421-4e00-a795-496d2793cc02,24/02/2015,Feb-15,2,2015,VICTORIA,Minor Dam,128,5.01,70.5,55.08
0b58ab77-6ca5-440f-a944-674844e1801c,25/02/2015,Feb-15,2,2015,VICTORIA,Minor Dam,128,4.91,67.2,52.5
182fd9a3-b8f4-4170-975f-307ba395d35e,26/02/2015,Feb-15,2,2015,VICTORIA,Minor Dam,128,4.82,64.4,50.31
f58ce9d2-f88c-47f2-865d-ffbf7c73427a,27/02/2015,Feb-15,2,2015,VICTORIA,Minor Dam,128,4.73,61.6,48.12
34aa8c1c-7119-4a4c-a7ca-a0ece533d8b7,28/02/2015,Feb-15,2,2015,VICTORIA,Minor Dam,128,4.63,58.6,45.78
299f1aff-f1f9-4adf-b796-ccc81cdd31fd,01/03/2015,Mar-15,3,2015,VICTORIA,Minor Dam,128,4.54,55.8,43.59
aacc60e6-4fb2-4a5d-bcea-a5ca3ff591d2,02/03/2015,Mar-15,3,2015,VICTORIA,Minor Dam,128,4.44,52.7,41.17
aad99b4a-6703-4f38-80ea-293a0de78c31,03/03/2015,Mar-15,3,2015,VICTORIA,Minor Dam,128,4.33,49.3,38.52
b0692243-c56a-45c6-8a8d-ea4896820ce6,04/03/2015,Mar-15,3,2015,VICTORIA,Minor Dam,128,4.25,46.9,36.64
06927d90-85c7-46d1-ae72-9d47767325a8,05/03/2015,Mar-15,3,2015,VICTORIA,Minor Dam,128,4.15,44,34.38
9148b661-6c22-4505-9869-ac6b0e531d8a,06/03/2015,Mar-15,3,2015,VICTORIA,Minor Dam,128,4.03,40.6,31.72
2fa84b41-56b9-4c89-a648-2a671415ccc7,07/03/2015,Mar-15,3,2015,VICTORIA,Minor Dam,128,3.93,37.9,29.61
2683bcb0-b6c8-4d9c-8ade-d9c6e98f6319,08/03/2015,Mar-15,3,2015,VICTORIA,Minor Dam,128,3.83,35.3,27.58
87a32ae2-2117-4e32-8c0f-27065e4df5ec,09/03/2015,Mar-15,3,2015,VICTORIA,Minor Dam,128,3.71,32.2,25.16
d05db20d-1713-4b58-b85b-4cefe0f34e75,10/03/2015,Mar-15,3,2015,VICTORIA,Minor Dam,128,3.6,29.7,23.2
6ee87e54-164c-401a-a3dc-39231f1c9148,11/03/2015,Mar-15,3,2015,VICTORIA,Minor Dam,128,3.47,26.9,21.02
af027112-d0f7-4417-b03b-15ca141a4dd0,12/03/2015,Mar-15,3,2015,VICTORIA,Minor Dam,128,3.36,24.6,19.22
ddd9c59d-4c90-480b-840c-de13e2dec1a4,13/03/2015,Mar-15,3,2015,VICTORIA,Minor Dam,128,3.24,22.4,17.5
7aa49003-1fa8-4cd3-b159-461d57455054,14/03/2015,Mar-15,3,2015,VICTORIA,Minor Dam,128,3.11,20.2,15.78
c4aaffa3-0423-4335-ac08-c73e7bfdece2,15/03/2015,Mar-15,3,2015,VICTORIA,Minor Dam,128,2.37,10.2,7.97
02c91c31-93b4-47c2-b976-f1b1d941de7d,16/03/2015,Mar-15,3,2015,VICTORIA,Minor Dam,128,0,0,0
5929b533-e870-4013-b99c-f0ac406fe97e,17/03/2015,Mar-15,3,2015,VICTORIA,Minor Dam,128,0,0,0
625c3172-8f49-4339-8f76-69b709e9fd07,18/03/2015,Mar-15,3,2015,VICTORIA,Minor Dam,128,0,0,0
791a6718-ea72-4ebb-aebb-5a4dfd5977ca,19/03/2015,Mar-15,3,2015,VICTORIA,Minor Dam,128,0,0,0
598beae4-931f-453d-9d4f-0b61f0e7d371,20/03/2015,Mar-15,3,2015,VICTORIA,Minor Dam,128,0,0,0
ee5b8977-a90f-4ab6-9ebd-68a9e3c571d7,21/03/2015,Mar-15,3,2015,VICTORIA,Minor Dam,128,0,0,0
c1e33645-8c60-4bfb-9aa2-55938d9ad039,22/03/2015,Mar-15,3,2015,VICTORIA,Minor Dam,128,0,0,0
b5aa8edf-e1c7-4a86-b0f8-7b2f25ddfd47,23/03/2015,Mar-15,3,2015,VICTORIA,Minor Dam,128,0,0,0
f171190b-927f-42cc-94b8-de0c8a240edc,24/03/2015,Mar-15,3,2015,VICTORIA,Minor Dam,128,0,0,0
c5cc8380-3d10-4da5-93ae-8a3b0a27f7cf,25/03/2015,Mar-15,3,2015,VICTORIA,Minor Dam,128,0,0,0
97c46847-1e83-4c5c-a83a-ef08a584e58e,26/03/2015,Mar-15,3,2015,VICTORIA,Minor Dam,128,0,0,0
79562cdf-a307-49d2-8c6a-399e7da79cb7,27/03/2015,Mar-15,3,2015,VICTORIA,Minor Dam,128,0,0,0
9b939dcf-ec02-4fe9-912f-6e531cd8abee,28/03/2015,Mar-15,3,2015,VICTORIA,Minor Dam,128,0,0,0
7873b02a-f3d5-4577-9fe6-35f95dd3ff03,29/03/2015,Mar-15,3,2015,VICTORIA,Minor Dam,128,0,0,0
56b4df4f-e880-49fe-8207-6cf91d0329d5,30/03/2015,Mar-15,3,2015,VICTORIA,Minor Dam,128,0,0,0
a193a247-ca6a-47a2-9dd8-252b6d326e2c,31/03/2015,Mar-15,3,2015,VICTORIA,Minor Dam,128,0,0,0
bb1db9ce-8b27-41be-b2a1-e045df7623b2,01/04/2015,Apr-15,4,2015,VICTORIA,Minor Dam,128,0,0,0
645ee789-22e9-401b-a201-fce1beff96ad,02/04/2015,Apr-15,4,2015,VICTORIA,Minor Dam,128,0,0,0
7caca99e-4c61-461a-860b-94d372ecccc7,03/04/2015,Apr-15,4,2015,VICTORIA,Minor Dam,128,0,0,0
b76f84d6-3d12-4bab-9f2f-f4714d68e04a,04/04/2015,Apr-15,4,2015,VICTORIA,Minor Dam,128,0,0,0
725c971a-1449-4583-89fc-4a4defc91963,05/04/2015,Apr-15,4,2015,VICTORIA,Minor Dam,128,0,0,0
0a2d30bf-e8db-421d-a6cc-308d45ca59ce,06/04/2015,Apr-15,4,2015,VICTORIA,Minor Dam,128,0,0,0
1bca4c87-b346-40c6-8777-b3b250fce0a3,07/04/2015,Apr-15,4,2015,VICTORIA,Minor Dam,128,0,0,0
4f665430-8d91-4815-92dd-de8ddd6242a1,08/04/2015,Apr-15,4,2015,VICTORIA,Minor Dam,128,0,0,0
b4f79468-6fde-4de3-b366-9f9b9cd23e06,09/04/2015,Apr-15,4,2015,VICTORIA,Minor Dam,128,0,0,0
3a9851fd-f9fd-46f6-81a1-13207cd15c1a,10/04/2015,Apr-15,4,2015,VICTORIA,Minor Dam,128,0,0,0
9d600768-8c6d-42ae-9041-1dd2855695ed,11/04/2015,Apr-15,4,2015,VICTORIA,Minor Dam,128,0,0,0
e13a4bd5-3e91-48f0-96a8-00de2a8bbd67,12/04/2015,Apr-15,4,2015,VICTORIA,Minor Dam,128,0,0,0
af536a6b-52be-47ab-9b88-be475ba64428,13/04/2015,Apr-15,4,2015,VICTORIA,Minor Dam,128,0,0,0
252b6849-b90e-46cf-a912-526248a52e8f,14/04/2015,Apr-15,4,2015,VICTORIA,Minor Dam,128,0,0,0
7193bdfc-18f7-42b2-97c9-c104b3f07e70,15/04/2015,Apr-15,4,2015,VICTORIA,Minor Dam,128,0,0,0
a5c1815a-bf44-402c-ba7c-c4be61bd52c4,16/04/2015,Apr-15,4,2015,VICTORIA,Minor Dam,128,0,0,0
697189d4-a23a-4ba6-883f-171e6aefe1c4,17/04/2015,Apr-15,4,2015,VICTORIA,Minor Dam,128,0,0,0
cdc80679-e5ed-48f3-877f-1778522c6221,18/04/2015,Apr-15,4,2015,VICTORIA,Minor Dam,128,0,0,0
fbe55825-415d-4d4e-99b8-8f66de2bf181,19/04/2015,Apr-15,4,2015,VICTORIA,Minor Dam,128,0,0,0
4a3318cf-e8c4-482e-98a2-605852df6634,20/04/2015,Apr-15,4,2015,VICTORIA,Minor Dam,128,0,0,0
61335a8a-a93c-43cf-8219-fce7a5f625d2,21/04/2015,Apr-15,4,2015,VICTORIA,Minor Dam,128,0,0,0
1363d0e6-9a02-4282-a6a7-3015b8c8d320,22/04/2015,Apr-15,4,2015,VICTORIA,Minor Dam,128,0,0,0
200599aa-c539-4425-bd67-f09623e59565,23/04/2015,Apr-15,4,2015,VICTORIA,Minor Dam,128,0,0,0
0bc91a88-ca8f-4751-84fd-08b718884182,24/04/2015,Apr-15,4,2015,VICTORIA,Minor Dam,128,0,0,0
11b98827-fdbf-4862-9ef5-1d94bf74e5d6,25/04/2015,Apr-15,4,2015,VICTORIA,Minor Dam,128,0,0,0
7717cb1b-272c-445d-812f-6209df35d63c,26/04/2015,Apr-15,4,2015,VICTORIA,Minor Dam,128,0,0,0
0fca9928-9e7c-46df-bc74-8eb45f9a5578,27/04/2015,Apr-15,4,2015,VICTORIA,Minor Dam,128,0,0,0
054b9758-4121-42b3-8545-3212f9b1d11a,28/04/2015,Apr-15,4,2015,VICTORIA,Minor Dam,128,0,0,0
75569947-1a47-4bed-9871-7c711c041ce7,29/04/2015,Apr-15,4,2015,VICTORIA,Minor Dam,128,0,0,0
f2ee632a-6a09-4093-8121-26c4746ec8a7,30/04/2015,Apr-15,4,2015,VICTORIA,Minor Dam,128,0,0,0
a245ff30-12e6-44d9-9901-bb6ae696563c,01/05/2015,May-15,5,2015,VICTORIA,Minor Dam,128,0,0,0
32a3d828-468f-4d4e-b684-393a24efe160,02/05/2015,May-15,5,2015,VICTORIA,Minor Dam,128,0,0,0
c74905fc-1225-4d6a-abc6-443a3d717dd9,03/05/2015,May-15,5,2015,VICTORIA,Minor Dam,128,0,0,0
dc898cfa-8685-415f-891f-55f30ff7b723,04/05/2015,May-15,5,2015,VICTORIA,Minor Dam,128,0,0,0
693bc5ff-e664-4481-9e31-dd6be656349e,05/05/2015,May-15,5,2015,VICTORIA,Minor Dam,128,0,0,0
16a3009a-0c6d-4d50-ab01-cd7b67a2c631,06/05/2015,May-15,5,2015,VICTORIA,Minor Dam,128,0,0,0
47dc5a06-3e5d-48d4-933e-0d7842f62f03,07/05/2015,May-15,5,2015,VICTORIA,Minor Dam,128,0,0,0
7f5d2118-5795-421a-8e78-4a76684aa023,08/05/2015,May-15,5,2015,VICTORIA,Minor Dam,128,0,0,0
c8593570-75e1-4fe6-a741-329b8471e14f,09/05/2015,May-15,5,2015,VICTORIA,Minor Dam,128,0,0,0
cdaa3c2d-1e96-4ace-aaba-fb4708ee487a,10/05/2015,May-15,5,2015,VICTORIA,Minor Dam,128,0,0,0
eef8188f-7ba4-451f-8269-1995cb238338,11/05/2015,May-15,5,2015,VICTORIA,Minor Dam,128,0,0,0
6c01de71-3f7a-4034-a0a9-d1234ab911d9,12/05/2015,May-15,5,2015,VICTORIA,Minor Dam,128,0,0,0
38b946f4-03ef-461c-b55b-107a1713cfa1,13/05/2015,May-15,5,2015,VICTORIA,Minor Dam,128,0,0,0
ddcce935-d142-4807-a6f3-5cf644296f8a,14/05/2015,May-15,5,2015,VICTORIA,Minor Dam,128,0,0,0
2186c407-0d42-4c94-83f2-560a02438f8b,15/05/2015,May-15,5,2015,VICTORIA,Minor Dam,128,0,0,0
7abcac92-99e2-41ea-b63c-bd2f371231f6,16/05/2015,May-15,5,2015,VICTORIA,Minor Dam,128,0,0,0
fba80176-404a-4930-9c12-f20f627f27e4,17/05/2015,May-15,5,2015,VICTORIA,Minor Dam,128,0,0,0
c86cc3ed-4465-4379-99b1-450333d9080b,18/05/2015,May-15,5,2015,VICTORIA,Minor Dam,128,0,0,0
895fe504-9f9b-442f-ae77-c1e355631bff,19/05/2015,May-15,5,2015,VICTORIA,Minor Dam,128,0,0,0
6443fa0a-e62c-4ca4-a1e6-29a44b33f5ed,20/05/2015,May-15,5,2015,VICTORIA,Minor Dam,128,0,0,0
c73a7980-f545-41e4-b57e-ea1ee1c1aa04,21/05/2015,May-15,5,2015,VICTORIA,Minor Dam,128,0,0,0
44742556-4b95-472d-824a-2a2241392e23,22/05/2015,May-15,5,2015,VICTORIA,Minor Dam,128,0,0,0
b2597df4-97c5-4075-bf70-0f582bb7af01,23/05/2015,May-15,5,2015,VICTORIA,Minor Dam,128,0,0,0
08f06f0a-86f1-4eef-b3df-a91c687b93b7,24/05/2015,May-15,5,2015,VICTORIA,Minor Dam,128,0,0,0
ec8c444e-7f3e-4f32-8e57-f96a79721066,25/05/2015,May-15,5,2015,VICTORIA,Minor Dam,128,0,0,0
e15eca96-5902-4e0d-befb-56a9a810a760,26/05/2015,May-15,5,2015,VICTORIA,Minor Dam,128,0,0,0
7ad0b749-cfdf-41c8-90fe-d4449353bff2,27/05/2015,May-15,5,2015,VICTORIA,Minor Dam,128,0,0,0
525342b6-0d80-4adf-8fad-1c367e3b51ad,28/05/2015,May-15,5,2015,VICTORIA,Minor Dam,128,0,0,0
4ff4492a-f67d-443a-9abf-1dc76c1d57a6,29/05/2015,May-15,5,2015,VICTORIA,Minor Dam,128,0,0,0
fcd8c446-dd4d-4e29-858d-c6a3c30b28fb,30/05/2015,May-15,5,2015,VICTORIA,Minor Dam,128,1.8,5.4,4.22
a64ad84c-3974-4850-9e6e-f5bd7f27fd10,31/05/2015,May-15,5,2015,VICTORIA,Minor Dam,128,1.8,5.4,4.22
d36046f4-d573-496a-902c-4d1abe69c56c,01/06/2015,Jun-15,6,2015,VICTORIA,Minor Dam,128,2,6.9,5.39
5a1daea9-b9c1-4108-8d75-4a06c7ccf0d9,02/06/2015,Jun-15,6,2015,VICTORIA,Minor Dam,128,2.01,7,5.47
c58d446d-f954-4e7d-affa-05f2527581eb,03/06/2015,Jun-15,6,2015,VICTORIA,Minor Dam,128,2.05,7.3,5.7
7e39c592-951d-4d70-aba9-63ac5529c9c5,04/06/2015,Jun-15,6,2015,VICTORIA,Minor Dam,128,2.37,10.2,7.97
4b25be64-d1cd-434d-8197-b962451a8d97,05/06/2015,Jun-15,6,2015,VICTORIA,Minor Dam,128,3.18,21.4,16.72
3ad71d0e-fc57-444d-a929-b30f299eacec,06/06/2015,Jun-15,6,2015,VICTORIA,Minor Dam,128,3.23,22.3,17.42
508897b8-3c0a-4a41-be9a-267a3ce27512,07/06/2015,Jun-15,6,2015,VICTORIA,Minor Dam,128,3.25,22.6,17.66
23bc8406-a69d-4de1-9d1a-4087b4aa49f2,08/06/2015,Jun-15,6,2015,VICTORIA,Minor Dam,128,3.26,22.8,17.81
420e1c80-a0d5-46ab-82aa-ff538e33c20c,09/06/2015,Jun-15,6,2015,VICTORIA,Minor Dam,128,3.26,22.8,17.81
52779d06-b390-4327-bc89-8b037973adb4,10/06/2015,Jun-15,6,2015,VICTORIA,Minor Dam,128,3.26,22.8,17.81
d31f09c1-ef5f-4216-958d-f7934b09e5c3,11/06/2015,Jun-15,6,2015,VICTORIA,Minor Dam,128,3.26,22.8,17.81
1c261a7e-6551-4920-91a7-18f2f25dc95a,12/06/2015,Jun-15,6,2015,VICTORIA,Minor Dam,128,3.26,22.8,17.81
71e2d9db-c8ff-40b4-b466-7094ff0e99fb,13/06/2015,Jun-15,6,2015,VICTORIA,Minor Dam,128,3.25,22.6,17.66
69357316-8f54-4ff0-8ed2-044136453f55,14/06/2015,Jun-15,6,2015,VICTORIA,Minor Dam,128,3.25,22.6,17.66
c702b142-506f-424a-8c93-42ba95a3f21a,15/06/2015,Jun-15,6,2015,VICTORIA,Minor Dam,128,3.25,22.6,17.66
8459abb4-631f-4c9a-a84b-88e56b5dfc9b,16/06/2015,Jun-15,6,2015,VICTORIA,Minor Dam,128,3.28,23.1,18.05
4084654f-101e-4bde-9a91-d3c376b81627,17/06/2015,Jun-15,6,2015,VICTORIA,Minor Dam,128,3.35,24.5,19.14
a84b9a52-7689-4762-92fc-fda22bac19d8,18/06/2015,Jun-15,6,2015,VICTORIA,Minor Dam,128,3.66,31.1,24.3
1d72ad19-dfc8-4b62-94ce-35255ec4380c,19/06/2015,Jun-15,6,2015,VICTORIA,Minor Dam,128,3.73,32.8,25.62
32e86979-f308-42aa-9744-b9ebb27bd409,20/06/2015,Jun-15,6,2015,VICTORIA,Minor Dam,128,3.74,33,25.78
14955cce-bd91-4b76-b55c-5583ed32f99f,21/06/2015,Jun-15,6,2015,VICTORIA,Minor Dam,128,3.74,33,25.78
b58dd95a-142f-4a6f-b18a-e4f1f8ac3e35,22/06/2015,Jun-15,6,2015,VICTORIA,Minor Dam,128,3.75,33.3,26.02
47593419-ce63-45a2-a5f2-fec6088989c8,23/06/2015,Jun-15,6,2015,VICTORIA,Minor Dam,128,3.77,33.8,26.41
ea0b1150-e840-4f09-b680-d6ea0ab71f7f,24/06/2015,Jun-15,6,2015,VICTORIA,Minor Dam,128,3.78,34,26.56
3e00bab3-2c58-447d-9ae7-a098bc159968,25/06/2015,Jun-15,6,2015,VICTORIA,Minor Dam,128,3.87,36.3,28.36
c16d7efb-3d30-4c4c-8209-acb11ae5bab9,26/06/2015,Jun-15,6,2015,VICTORIA,Minor Dam,128,4.03,40.6,31.72
571f608b-51f4-40a3-9a88-93638eb66206,27/06/2015,Jun-15,6,2015,VICTORIA,Minor Dam,128,4.09,42.3,33.05
8aa5d9a4-f67d-4a8b-a402-2ae46f2f4f47,28/06/2015,Jun-15,6,2015,VICTORIA,Minor Dam,128,4.1,42.6,33.28
a760e27d-538f-4215-af8d-b9cea6461bb7,29/06/2015,Jun-15,6,2015,VICTORIA,Minor Dam,128,4.11,42.9,33.52
fd4c351f-6a5c-4fc7-b453-4faff28a0069,30/06/2015,Jun-15,6,2015,VICTORIA,Minor Dam,128,4.25,46.9,36.64
c8e7c88c-fd0a-4d87-895a-195dd032f5fc,01/07/2015,Jul-15,7,2015,VICTORIA,Minor Dam,128,4.28,47.8,37.34
b8bdf389-cc83-4954-8587-95fe10449c9e,02/07/2015,Jul-15,7,2015,VICTORIA,Minor Dam,128,4.31,48.7,38.05
ab950e18-f2cc-4491-9924-4c5a00b472bb,03/07/2015,Jul-15,7,2015,VICTORIA,Minor Dam,128,4.32,49,38.28
68219d33-4785-4e13-a0ec-4ec32fc47928,04/07/2015,Jul-15,7,2015,VICTORIA,Minor Dam,128,4.33,49.3,38.52
2b014ce8-caa3-47db-9bd1-fed60f457338,05/07/2015,Jul-15,7,2015,VICTORIA,Minor Dam,128,4.34,49.6,38.75
20d4db5c-0e7b-49a3-a4b3-518b5e5429fe,06/07/2015,Jul-15,7,2015,VICTORIA,Minor Dam,128,4.35,49.9,38.98
5fce9fd6-4e7b-49b6-8a9e-3a19edf4b48c,07/07/2015,Jul-15,7,2015,VICTORIA,Minor Dam,128,4.35,49.9,38.98
9900da29-6f59-4635-8a62-2a7ced51b69d,08/07/2015,Jul-15,7,2015,VICTORIA,Minor Dam,128,4.35,49.9,38.98
82e71eeb-fadf-4edc-9f32-367b8124e490,09/07/2015,Jul-15,7,2015,VICTORIA,Minor Dam,128,4.35,49.9,38.98
5c993fd4-1632-43e5-8d0f-1b8a1279b533,10/07/2015,Jul-15,7,2015,VICTORIA,Minor Dam,128,4.35,49.9,38.98
0af633c4-ed90-4e47-9c06-81fd9f68a4d6,11/07/2015,Jul-15,7,2015,VICTORIA,Minor Dam,128,4.35,49.9,38.98
81354ec6-c8d4-4cd9-a445-1066f7b69513,12/07/2015,Jul-15,7,2015,VICTORIA,Minor Dam,128,4.35,49.9,38.98
a5df33b7-9c74-47f7-b487-284690ac3a91,13/07/2015,Jul-15,7,2015,VICTORIA,Minor Dam,128,4.39,51.2,40
16e4132b-5bc4-43be-b9c9-1df6bd4de0b2,14/07/2015,Jul-15,7,2015,VICTORIA,Minor Dam,128,4.39,51.2,40
28545b7d-d9bf-43ef-b146-77510d45ad33,15/07/2015,Jul-15,7,2015,VICTORIA,Minor Dam,128,4.39,51.2,40
63f9d6b6-bf76-40fe-830a-f8a8ff139037,16/07/2015,Jul-15,7,2015,VICTORIA,Minor Dam,128,4.39,51.2,40
c47f876f-21a7-4bb6-92f1-1b0facaf9689,17/07/2015,Jul-15,7,2015,VICTORIA,Minor Dam,128,4.39,51.2,40
6b4851c8-609a-4d69-9e18-9d251981112c,18/07/2015,Jul-15,7,2015,VICTORIA,Minor Dam,128,4.41,51.8,40.47
0016a460-3b38-47e4-b889-5ee10f3772ad,19/07/2015,Jul-15,7,2015,VICTORIA,Minor Dam,128,4.79,63.4,49.53
4a23eff4-9768-4f9e-a5d0-d7b3f69b0e27,20/07/2015,Jul-15,7,2015,VICTORIA,Minor Dam,128,4.82,64.4,50.31
f519f256-bb20-4d1e-92aa-8958f2210aa2,21/07/2015,Jul-15,7,2015,VICTORIA,Minor Dam,128,4.84,65,50.78
39fff2ae-281b-41f8-98d3-6c074a42d079,22/07/2015,Jul-15,7,2015,VICTORIA,Minor Dam,128,4.85,65.3,51.02
55cb99cf-95e7-40be-8590-bf7f9f8446e9,23/07/2015,Jul-15,7,2015,VICTORIA,Minor Dam,128,4.86,65.6,51.25
a3b2ae34-98b8-4910-99f3-48e1cdfdb211,24/07/2015,Jul-15,7,2015,VICTORIA,Minor Dam,128,4.88,66.2,51.72
65eba17a-d3d0-4b29-9e28-033ff3eefdbb,25/07/2015,Jul-15,7,2015,VICTORIA,Minor Dam,128,5.19,76.5,59.77
2c2c53b7-5638-46c6-af57-648dd4577e67,26/07/2015,Jul-15,7,2015,VICTORIA,Minor Dam,128,5.25,78.7,61.48
e2ceaf8a-d450-442c-bc38-e69d71f0762a,27/07/2015,Jul-15,7,2015,VICTORIA,Minor Dam,128,5.27,79.4,62.03
36557b16-8ebe-4039-a18d-0da13ecc3702,28/07/2015,Jul-15,7,2015,VICTORIA,Minor Dam,128,5.28,79.8,62.34
28dfebf1-1803-4bba-bd98-7e77183070ee,29/07/2015,Jul-15,7,2015,VICTORIA,Minor Dam,128,5.28,79.8,62.34
5c3bdff3-65c6-4c7b-abaf-029e1a44b092,30/07/2015,Jul-15,7,2015,VICTORIA,Minor Dam,128,5.29,80.2,62.66
298a94c7-6237-4fd0-a2b8-af5729ef765a,31/07/2015,Jul-15,7,2015,VICTORIA,Minor Dam,128,5.44,85.7,66.95
246152df-3adc-4d4c-8469-cce8fded3438,01/08/2015,Aug-15,8,2015,VICTORIA,Minor Dam,128,5.47,86.8,67.81
d91021e6-af80-4c4c-8edb-6bc063498f43,02/08/2015,Aug-15,8,2015,VICTORIA,Minor Dam,128,5.48,87.1,68.05
2908c16a-3fb1-4818-b987-4a792068287d,03/08/2015,Aug-15,8,2015,VICTORIA,Minor Dam,128,5.51,88.3,68.98
62cd7c8e-0957-4f57-a148-d6eb7bf1b282,04/08/2015,Aug-15,8,2015,VICTORIA,Minor Dam,128,5.51,88.3,68.98
cd3975db-78e1-4121-b7f0-f214d0815fa2,05/08/2015,Aug-15,8,2015,VICTORIA,Minor Dam,128,5.53,89.2,69.69
716f2874-f5bf-4bc6-93dd-71ba4764c50b,06/08/2015,Aug-15,8,2015,VICTORIA,Minor Dam,128,5.55,90,70.31
6fc2f91a-0e83-4d7f-9af4-1f4ea04e5b1d,07/08/2015,Aug-15,8,2015,VICTORIA,Minor Dam,128,5.56,90.4,70.63
4366b30e-0f92-43cd-b32f-2803a108e0ba,08/08/2015,Aug-15,8,2015,VICTORIA,Minor Dam,128,5.56,90.4,70.63
8ab1cf38-ef40-433f-9d5f-ba7249cb8b53,09/08/2015,Aug-15,8,2015,VICTORIA,Minor Dam,128,5.56,90.4,70.63
bc7eb8b4-7630-4c48-9838-94d67283084b,10/08/2015,Aug-15,8,2015,VICTORIA,Minor Dam,128,5.55,90,70.31
072e3774-102a-44e6-917f-e0831e70db6c,11/08/2015,Aug-15,8,2015,VICTORIA,Minor Dam,128,5.54,89.6,70
336ad882-3691-456c-8dfa-0d93693779c6,12/08/2015,Aug-15,8,2015,VICTORIA,Minor Dam,128,5.56,90.4,70.63
b6764d1b-f055-40ec-81f2-9747aed0bf0d,13/08/2015,Aug-15,8,2015,VICTORIA,Minor Dam,128,5.56,90.4,70.63
ed845834-cfed-4279-875e-4750245290a6,14/08/2015,Aug-15,8,2015,VICTORIA,Minor Dam,128,5.58,91.3,71.33
234265b9-0454-4e38-8d3a-73b12594e519,15/08/2015,Aug-15,8,2015,VICTORIA,Minor Dam,128,5.61,92.5,72.27
e5167c34-29fa-412d-ba34-baca11a2d13c,16/08/2015,Aug-15,8,2015,VICTORIA,Minor Dam,128,5.64,93.8,73.28
4749a43c-6211-447a-a2a3-4b1dad5a7024,17/08/2015,Aug-15,8,2015,VICTORIA,Minor Dam,128,5.8,100.5,78.52
03853bca-17cc-451b-a258-80d7d04d7132,18/08/2015,Aug-15,8,2015,VICTORIA,Minor Dam,128,5.85,102.7,80.23
d7edec04-ce01-4d91-8b6a-7de61fbadc6f,19/08/2015,Aug-15,8,2015,VICTORIA,Minor Dam,128,5.87,103.5,80.86
29c12e02-1d7d-4f3e-b1b3-e20a85a2d145,20/08/2015,Aug-15,8,2015,VICTORIA,Minor Dam,128,5.88,104,81.25
72b24c65-85f5-4e87-bb64-4b76aceb9ea7,21/08/2015,Aug-15,8,2015,VICTORIA,Minor Dam,128,5.88,104,81.25
82ec9f92-b773-4af8-82fa-d9b0524a2b23,22/08/2015,Aug-15,8,2015,VICTORIA,Minor Dam,128,5.88,104,81.25
d953af73-c6fc-4349-8c27-0345e579034d,23/08/2015,Aug-15,8,2015,VICTORIA,Minor Dam,128,5.88,104,81.25
1c79286e-090d-455b-9a45-b305f4599660,24/08/2015,Aug-15,8,2015,VICTORIA,Minor Dam,128,5.88,104,81.25
0b686914-1781-4fa0-be89-a810e4568e9e,25/08/2015,Aug-15,8,2015,VICTORIA,Minor Dam,128,5.88,104,81.25
a087f8e0-0d63-4cf9-990c-bbe68542fcc8,26/08/2015,Aug-15,8,2015,VICTORIA,Minor Dam,128,5.9,104.9,81.95
0c701000-f10e-4c62-9494-25446ca85654,27/08/2015,Aug-15,8,2015,VICTORIA,Minor Dam,128,5.92,105.7,82.58
7735b1f6-ec61-431f-91dc-ba3b5f40f327,28/08/2015,Aug-15,8,2015,VICTORIA,Minor Dam,128,5.92,105.7,82.58
8d425b2e-2cd8-4c48-b0e7-93d457d29ca3,29/08/2015,Aug-15,8,2015,VICTORIA,Minor Dam,128,5.92,105.7,82.58
ac0b5dfa-b487-460a-b829-7f54a653c277,30/08/2015,Aug-15,8,2015,VICTORIA,Minor Dam,128,5.92,105.7,82.58
85995973-4dbd-4093-b9fb-c2da50eed293,31/08/2015,Aug-15,8,2015,VICTORIA,Minor Dam,128,5.92,105.7,82.58
0f0ceab9-f219-446f-a4b5-08acb300a332,01/09/2015,Sep-15,9,2015,VICTORIA,Minor Dam,128,5.96,107.5,83.98
3c5e777c-5d8d-408d-9a6c-0e4c3ed976c1,02/09/2015,Sep-15,9,2015,VICTORIA,Minor Dam,128,6.05,111.5,87.11
50ddd03d-d7d2-4515-9885-6311aafbba89,03/09/2015,Sep-15,9,2015,VICTORIA,Minor Dam,128,6.06,111.9,87.42
7e848e4a-5b7d-4c45-afcd-36924d679e0a,04/09/2015,Sep-15,9,2015,VICTORIA,Minor Dam,128,6.06,111.9,87.42
870b610e-8f39-4837-9b18-116205f3002a,05/09/2015,Sep-15,9,2015,VICTORIA,Minor Dam,128,6.06,111.9,87.42
49a91fb2-40ab-4bd8-a49c-b095cbc9c649,06/09/2015,Sep-15,9,2015,VICTORIA,Minor Dam,128,6.07,112.3,87.73
6f8bca43-015d-4dcb-97e4-868a4741c3fd,07/09/2015,Sep-15,9,2015,VICTORIA,Minor Dam,128,6.07,112.3,87.73
65f70afa-dd7d-4c8c-a981-ff3bf590a2c5,08/09/2015,Sep-15,9,2015,VICTORIA,Minor Dam,128,6.11,114.1,89.14
85e9e370-43c9-48c3-9694-a18564623543,09/09/2015,Sep-15,9,2015,VICTORIA,Minor Dam,128,6.11,114.1,89.14
dfca9964-4455-4cbb-b7a3-5c7eedd1555b,10/09/2015,Sep-15,9,2015,VICTORIA,Minor Dam,128,6.11,114.1,89.14
f462c0a6-3b24-4a93-9dbc-4cb2f590425f,11/09/2015,Sep-15,9,2015,VICTORIA,Minor Dam,128,6.11,114.1,89.14
ad7fe7b2-18cd-43f1-b350-1f95312739df,12/09/2015,Sep-15,9,2015,VICTORIA,Minor Dam,128,6.13,115.1,89.92
af4c6353-0f42-4f78-919f-8fb13d822372,13/09/2015,Sep-15,9,2015,VICTORIA,Minor Dam,128,6.13,115.1,89.92
90119595-dbff-44f4-91d6-10844999da7d,14/09/2015,Sep-15,9,2015,VICTORIA,Minor Dam,128,6.13,115.1,89.92
2c7fc615-1f3d-49b1-a812-44d6d1435dba,15/09/2015,Sep-15,9,2015,VICTORIA,Minor Dam,128,6.13,115.1,89.92
787f387e-73c9-49fd-8609-d0bee9ec5d65,16/09/2015,Sep-15,9,2015,VICTORIA,Minor Dam,128,6.14,115.6,90.31
ae1e1297-6163-4171-a92e-33c84ae8f176,17/09/2015,Sep-15,9,2015,VICTORIA,Minor Dam,128,6.18,117.6,91.87
04ed18de-639e-4bc0-a119-bf9375a951ab,18/09/2015,Sep-15,9,2015,VICTORIA,Minor Dam,128,6.18,117.6,91.87
11faa42e-ae2a-4e3c-915c-c254d8636f29,19/09/2015,Sep-15,9,2015,VICTORIA,Minor Dam,128,6.18,117.6,91.87
4f9070f7-5e7f-4608-9e48-66ceec2cb1a3,20/09/2015,Sep-15,9,2015,VICTORIA,Minor Dam,128,6.18,117.6,91.87
baa6b225-71c9-47f6-b035-7cd83b508826,21/09/2015,Sep-15,9,2015,VICTORIA,Minor Dam,128,6.18,117.6,91.87
761b94ec-f640-4452-95a0-dba4bfe64489,22/09/2015,Sep-15,9,2015,VICTORIA,Minor Dam,128,6.18,117.6,91.87
7dde5294-c109-4f39-9c7e-6de0313cd615,23/09/2015,Sep-15,9,2015,VICTORIA,Minor Dam,128,6.17,117.1,91.48
d1865317-f668-4395-ac56-3e29d5567f0f,24/09/2015,Sep-15,9,2015,VICTORIA,Minor Dam,128,6.17,117.1,91.48
d9156a89-791b-4604-a47d-b3784e972190,25/09/2015,Sep-15,9,2015,VICTORIA,Minor Dam,128,6.17,117.1,91.48
5c684d40-f755-4118-aa69-c39a98cbf2f8,26/09/2015,Sep-15,9,2015,VICTORIA,Minor Dam,128,6.17,117.1,91.48
6d8901cf-1bcd-44e9-8b00-62ff533f5b42,27/09/2015,Sep-15,9,2015,VICTORIA,Minor Dam,128,6.17,117.1,91.48
02ffcc50-b6bf-400d-8a5d-9168a0134bb7,28/09/2015,Sep-15,9,2015,VICTORIA,Minor Dam,128,6.17,117.1,91.48
27660509-de30-41e3-bf29-fd5af0070293,29/09/2015,Sep-15,9,2015,VICTORIA,Minor Dam,128,6.19,118.1,92.27
f6da75e2-14f3-4504-9877-ac76d0e62c74,30/09/2015,Sep-15,9,2015,VICTORIA,Minor Dam,128,6.19,118.1,92.27
68868282-c333-4e40-9fec-44811b5dfb8c,01/10/2015,Oct-15,10,2015,VICTORIA,Minor Dam,128,6.24,120.5,94.14
7dca9023-2801-439d-b52b-b1fdec0a7901,02/10/2015,Oct-15,10,2015,VICTORIA,Minor Dam,128,6.32,124.5,97.27
17917da2-7e83-4a39-8f0a-20fe797ccd8a,03/10/2015,Oct-15,10,2015,VICTORIA,Minor Dam,128,6.32,124.5,97.27
d90e6fba-e216-4d67-a843-beb717e74490,04/10/2015,Oct-15,10,2015,VICTORIA,Minor Dam,128,6.34,125.5,98.05
7a314d15-8064-4d01-928e-f303a2605f01,05/10/2015,Oct-15,10,2015,VICTORIA,Minor Dam,128,6.34,125.5,98.05
9b23e320-be38-4e02-842a-818d8d71f61f,06/10/2015,Oct-15,10,2015,VICTORIA,Minor Dam,128,6.44,130.4,101.87
a8d2f8e8-407d-4378-bc93-bc6f0eec7f9d,07/10/2015,Oct-15,10,2015,VICTORIA,Minor Dam,128,6.44,130.4,101.87
a248a1d4-4820-4fc5-a8fd-e7b92dd46183,08/10/2015,Oct-15,10,2015,VICTORIA,Minor Dam,128,6.44,130.4,101.87
5852e942-cb4b-47b2-9e6f-875c273bbe5d,09/10/2015,Oct-15,10,2015,VICTORIA,Minor Dam,128,6.44,130.4,101.87
811c83d7-db76-41d2-b134-96b37c57b06d,10/10/2015,Oct-15,10,2015,VICTORIA,Minor Dam,128,6.43,129.9,101.48
d95addfe-557d-4d64-aa5e-f88335c636fd,11/10/2015,Oct-15,10,2015,VICTORIA,Minor Dam,128,6.41,128.9,100.7
1e1471a5-1f41-409c-8163-1ae087613990,12/10/2015,Oct-15,10,2015,VICTORIA,Minor Dam,128,6.43,129.9,101.48
5203e88c-dbbb-400e-9b0c-1483d26e791e,13/10/2015,Oct-15,10,2015,VICTORIA,Minor Dam,128,6.42,129.4,101.09
81f51074-50db-4860-8d58-ba019ddb4b3f,14/10/2015,Oct-15,10,2015,VICTORIA,Minor Dam,128,6.42,129.4,101.09
afa9129a-609f-46b1-a0b0-a32f16218825,15/10/2015,Oct-15,10,2015,VICTORIA,Minor Dam,128,6.43,129.9,101.48
79d22fb4-6546-46f1-8391-5319688670c2,16/10/2015,Oct-15,10,2015,VICTORIA,Minor Dam,128,6.43,129.9,101.48
c9d57928-2dfe-4bc8-9ec8-01ce0be6aa2d,17/10/2015,Oct-15,10,2015,VICTORIA,Minor Dam,128,6.43,129.9,101.48
75e7c67d-a49f-4362-8fc7-10c9547024f4,18/10/2015,Oct-15,10,2015,VICTORIA,Minor Dam,128,6.43,129.9,101.48
07f71903-c70a-444e-81d5-6d889655e5d8,19/10/2015,Oct-15,10,2015,VICTORIA,Minor Dam,128,6.43,129.9,101.48
35cd7356-220b-4205-b43a-e547508083ba,20/10/2015,Oct-15,10,2015,VICTORIA,Minor Dam,128,6.42,129.4,101.09
59732323-ae0f-4a14-96d2-4bb060a58a3f,21/10/2015,Oct-15,10,2015,VICTORIA,Minor Dam,128,6.42,129.4,101.09
0b266d31-e716-47c2-9f75-4ba27d6032d6,22/10/2015,Oct-15,10,2015,VICTORIA,Minor Dam,128,6.41,128.9,100.7
21080947-ec81-4704-a31a-7b83284e8d3a,23/10/2015,Oct-15,10,2015,VICTORIA,Minor Dam,128,6.41,128.9,100.7
a331ca5d-b99c-4b0a-8046-cb6b2487b97a,24/10/2015,Oct-15,10,2015,VICTORIA,Minor Dam,128,6.41,128.9,100.7
12e0a922-6cca-49ba-a613-b5dda65c2c03,25/10/2015,Oct-15,10,2015,VICTORIA,Minor Dam,128,6.4,128.4,100.31
fd88a348-14ff-4bb1-ae9f-ae9e78dda30c,26/10/2015,Oct-15,10,2015,VICTORIA,Minor Dam,128,6.39,127.9,99.92
4513de63-d529-40e1-961a-da41b6225c9e,27/10/2015,Oct-15,10,2015,VICTORIA,Minor Dam,128,6.39,127.9,99.92
7e6e2032-0fb8-45fd-8329-87271722650a,28/10/2015,Oct-15,10,2015,VICTORIA,Minor Dam,128,6.39,127.9,99.92
50c4a452-6dba-4372-9e19-c36435f3db75,29/10/2015,Oct-15,10,2015,VICTORIA,Minor Dam,128,6.35,126,98.44
8c6f228e-6968-4f99-bd8b-1c100bff7202,30/10/2015,Oct-15,10,2015,VICTORIA,Minor Dam,128,6.35,126,98.44
12e1dfb9-e720-453d-a4ff-0ba0aac391d6,31/10/2015,Oct-15,10,2015,VICTORIA,Minor Dam,128,6.34,125.5,98.05
abe09f7e-6538-4596-bdd1-800857cc5bec,01/11/2015,Nov-15,11,2015,VICTORIA,Minor Dam,128,6.34,125.5,98.05
415f37d1-77a9-4afa-96f8-831489064b6b,02/11/2015,Nov-15,11,2015,VICTORIA,Minor Dam,128,6.34,125.5,98.05
059f19f1-a9ac-4285-a0f7-31182189b484,03/11/2015,Nov-15,11,2015,VICTORIA,Minor Dam,128,6.43,129.9,101.48
25251e0e-7ade-46ab-88b1-eab024466b22,04/11/2015,Nov-15,11,2015,VICTORIA,Minor Dam,128,6.43,129.9,101.48
212aa43a-6e89-4b42-9eba-edecc5debebe,05/11/2015,Nov-15,11,2015,VICTORIA,Minor Dam,128,6.42,129.4,101.09
99cf7b0e-9625-4fa2-94bf-0106c11d7890,06/11/2015,Nov-15,11,2015,VICTORIA,Minor Dam,128,6.41,128.9,100.7
044c6f91-6b2e-4544-8026-d486ee2aca5f,07/11/2015,Nov-15,11,2015,VICTORIA,Minor Dam,128,6.41,128.9,100.7
be91707b-e428-40b8-ac41-138c7c1f6321,08/11/2015,Nov-15,11,2015,VICTORIA,Minor Dam,128,6.42,129.4,101.09
ad73b55a-dd5e-4180-a9a3-c7c2fd5cec1d,09/11/2015,Nov-15,11,2015,VICTORIA,Minor Dam,128,6.42,129.4,101.09
e0fcd311-1108-42b7-b3d7-fa2f98f96811,10/11/2015,Nov-15,11,2015,VICTORIA,Minor Dam,128,6.41,128.9,100.7
a9af3ae9-8a3e-473a-a792-b9438d602b7d,11/11/2015,Nov-15,11,2015,VICTORIA,Minor Dam,128,6.41,128.9,100.7
9ad63ffb-eb71-4edb-b973-0fca4e7a20c4,12/11/2015,Nov-15,11,2015,VICTORIA,Minor Dam,128,6.41,128.9,100.7
e6adca80-27b7-4099-8a7f-26e0af431e95,13/11/2015,Nov-15,11,2015,VICTORIA,Minor Dam,128,6.39,127.9,99.92
b843d33d-a868-48da-8be6-4e65741b18c5,14/11/2015,Nov-15,11,2015,VICTORIA,Minor Dam,128,6.39,127.9,99.92
3dcf1043-d330-4b24-8f79-f86f26a929f2,15/11/2015,Nov-15,11,2015,VICTORIA,Minor Dam,128,6.39,127.9,99.92
17a54591-400e-4ad9-bfe3-c80c8d694374,16/11/2015,Nov-15,11,2015,VICTORIA,Minor Dam,128,6.39,127.9,99.92
3b3b2a19-2204-487e-b396-0160bff59fdb,17/11/2015,Nov-15,11,2015,VICTORIA,Minor Dam,128,6.39,127.9,99.92
e5684e1c-c35a-430f-8289-f04e0b8e9153,18/11/2015,Nov-15,11,2015,VICTORIA,Minor Dam,128,6.38,127.4,99.53
7989b400-c282-408f-871b-1b2412decdd7,19/11/2015,Nov-15,11,2015,VICTORIA,Minor Dam,128,6.38,127.4,99.53
44dc6b8d-3f6d-4aeb-a094-94fe3c8d94bf,20/11/2015,Nov-15,11,2015,VICTORIA,Minor Dam,128,6.38,127.4,99.53
f8e94a08-beea-4573-8e10-7ed017ddd60a,21/11/2015,Nov-15,11,2015,VICTORIA,Minor Dam,128,6.39,127.9,99.92
1e99a09b-b11b-4423-a1c2-be61c1315b35,22/11/2015,Nov-15,11,2015,VICTORIA,Minor Dam,128,6.39,127.9,99.92
0e8f2c68-a749-4313-acd7-f4526d508606,23/11/2015,Nov-15,11,2015,VICTORIA,Minor Dam,128,6.39,127.9,99.92
d0964d4d-53da-45b3-94e2-442b743806a3,24/11/2015,Nov-15,11,2015,VICTORIA,Minor Dam,128,6.39,127.9,99.92
597976c4-2dda-4352-bb4e-29cd0d125da5,25/11/2015,Nov-15,11,2015,VICTORIA,Minor Dam,128,6.37,126.9,99.14
8ebacde0-9685-4db2-8802-b19b9cf02cc0,26/11/2015,Nov-15,11,2015,VICTORIA,Minor Dam,128,6.37,126.9,99.14
6c83ab93-4cb0-42d4-bc56-5256ba6bf6be,27/11/2015,Nov-15,11,2015,VICTORIA,Minor Dam,128,6.4,128.4,100.31
8aa4d7c1-4f0d-40c9-92b3-b3d90f5d311b,28/11/2015,Nov-15,11,2015,VICTORIA,Minor Dam,128,6.39,127.9,99.92
8f4931df-8a41-40c3-9665-722b2ba9b7aa,29/11/2015,Nov-15,11,2015,VICTORIA,Minor Dam,128,6.37,126.9,99.14
2520a51b-bb4f-4feb-929a-ea89cc563588,30/11/2015,Nov-15,11,2015,VICTORIA,Minor Dam,128,6.39,127.9,99.92
dbc17573-b6d3-4aed-833b-b6e3a67409f5,01/12/2015,Dec-15,12,2015,VICTORIA,Minor Dam,128,6.37,126.9,99.14
18b0a9aa-e602-49b6-ae82-d12b9089271d,02/12/2015,Dec-15,12,2015,VICTORIA,Minor Dam,128,6.37,126.9,99.14
048cacab-067c-471a-82e1-e802d399a599,03/12/2015,Dec-15,12,2015,VICTORIA,Minor Dam,128,6.36,126.5,98.83
7463aa52-24af-42e4-a8a8-037718f8ecd5,04/12/2015,Dec-15,12,2015,VICTORIA,Minor Dam,128,6.35,126,98.44
fc96cec8-bf64-4797-8d2b-8a6b660a7da0,05/12/2015,Dec-15,12,2015,VICTORIA,Minor Dam,128,6.35,126,98.44
36d1d189-2091-4393-aa97-19f69e2d3ec4,06/12/2015,Dec-15,12,2015,VICTORIA,Minor Dam,128,6.34,125.5,98.05
d1c17711-8614-409c-b3b3-af649df348b5,07/12/2015,Dec-15,12,2015,VICTORIA,Minor Dam,128,6.34,125.5,98.05
734dbb2a-05fb-49f6-a27c-47e3c8c69cd0,08/12/2015,Dec-15,12,2015,VICTORIA,Minor Dam,128,6.33,125,97.66
4b81c882-440c-4ac9-85b7-4058868fa079,09/12/2015,Dec-15,12,2015,VICTORIA,Minor Dam,128,6.32,124.5,97.27
ccf381e0-2d4f-4a36-96b2-e155e7afc290,10/12/2015,Dec-15,12,2015,VICTORIA,Minor Dam,128,6.31,124,96.88
cb4a650e-72af-4fa5-ae5d-49028c55f745,11/12/2015,Dec-15,12,2015,VICTORIA,Minor Dam,128,6.3,123.5,96.48
8c006fcd-c2a2-4cc5-ba0d-61b3701d8483,12/12/2015,Dec-15,12,2015,VICTORIA,Minor Dam,128,6.3,123.5,96.48
4375f1a6-ee16-443f-aa6e-12b368d9855a,13/12/2015,Dec-15,12,2015,VICTORIA,Minor Dam,128,6.33,125,97.66
4d9baf2a-c72e-4e95-b817-34ebc0a1a26b,14/12/2015,Dec-15,12,2015,VICTORIA,Minor Dam,128,6.33,125,97.66
19fac01f-87eb-421a-80fb-5a909eeb8c84,15/12/2015,Dec-15,12,2015,VICTORIA,Minor Dam,128,6.31,124,96.88
ace2cf08-2281-4415-8bfb-505281c9a0c8,16/12/2015,Dec-15,12,2015,VICTORIA,Minor Dam,128,6.31,124,96.88
6d03b5cd-055c-43a6-8f82-76ae59336d02,17/12/2015,Dec-15,12,2015,VICTORIA,Minor Dam,128,6.31,124,96.88
43fc7117-d66a-443f-9fd8-e4a3164d932d,18/12/2015,Dec-15,12,2015,VICTORIA,Minor Dam,128,6.31,124,96.88
2a01845c-dc5f-4a85-a938-077efb8b4417,19/12/2015,Dec-15,12,2015,VICTORIA,Minor Dam,128,6.31,124,96.88
941c04e5-5a40-4659-85d9-48b5196d2e58,20/12/2015,Dec-15,12,2015,VICTORIA,Minor Dam,128,6.31,124,96.88
7fa1c153-ab7a-4e23-8e51-441828a86bb3,21/12/2015,Dec-15,12,2015,VICTORIA,Minor Dam,128,6.31,124,96.88
b4301c3c-7d36-432e-ab69-83579969555e,22/12/2015,Dec-15,12,2015,VICTORIA,Minor Dam,128,6.31,124,96.88
23176dd4-5f28-4fee-9b31-d97dbe3ab592,23/12/2015,Dec-15,12,2015,VICTORIA,Minor Dam,128,6.29,123,96.09
4ba0c862-52bc-408e-b97a-799c21558872,24/12/2015,Dec-15,12,2015,VICTORIA,Minor Dam,128,6.28,122.5,95.7
fcdf4568-9996-4fa6-8ca2-d73cb1393822,25/12/2015,Dec-15,12,2015,VICTORIA,Minor Dam,128,6.28,122.5,95.7
dbd04a15-264d-495b-aaa3-1c9c736aa9f7,26/12/2015,Dec-15,12,2015,VICTORIA,Minor Dam,128,6.26,121.5,94.92
829d6c9f-15c0-42b6-974b-a37f20c4772b,27/12/2015,Dec-15,12,2015,VICTORIA,Minor Dam,128,6.26,121.5,94.92
7e357795-a923-47d4-b64e-c304e9a9576c,28/12/2015,Dec-15,12,2015,VICTORIA,Minor Dam,128,6.24,120.5,94.14
8b42b0fb-7ac1-434d-878c-64e0fed1790e,29/12/2015,Dec-15,12,2015,VICTORIA,Minor Dam,128,6.23,120.1,93.83
2502983f-1db5-4cd2-a67d-992fdd4e8bd0,30/12/2015,Dec-15,12,2015,VICTORIA,Minor Dam,128,6.22,119.6,93.44
c5e11e93-32d9-4759-af21-2eac4898fee7,31/12/2015,Dec-15,12,2015,VICTORIA,Minor Dam,128,6.21,119.1,93.05
33a5768c-fe94-421b-be7a-7306712cea31,01/01/2016,Jan-16,1,2016,VICTORIA,Minor Dam,128,6.13,115.1,89.92
1f6c891d-3b07-413b-bc0d-6e899e72fc62,02/01/2016,Jan-16,1,2016,VICTORIA,Minor Dam,128,6.06,111.9,87.42
9352c6cb-6105-41f4-b46a-4a6f63055dcd,03/01/2016,Jan-16,1,2016,VICTORIA,Minor Dam,128,5.97,107.9,84.3
24953dfd-07b5-48f3-b1eb-75b7f63f8309,04/01/2016,Jan-16,1,2016,VICTORIA,Minor Dam,128,5.92,105.7,82.58
c76bde7b-3fda-4b7c-9d96-9501efa5e4fd,05/01/2016,Jan-16,1,2016,VICTORIA,Minor Dam,128,5.84,102.2,79.84
0a376d96-e74d-4c8c-b949-5c09e263de5c,06/01/2016,Jan-16,1,2016,VICTORIA,Minor Dam,128,5.76,98.8,77.19
cecdf73a-f995-4265-80f7-5a881f59773f,07/01/2016,Jan-16,1,2016,VICTORIA,Minor Dam,128,5.68,95.4,74.53
b99e35e8-31c0-4e5c-af36-6feac03d2927,08/01/2016,Jan-16,1,2016,VICTORIA,Minor Dam,128,5.62,92.9,72.58
d87ed3eb-bba6-4461-a6d2-7cc23af12806,09/01/2016,Jan-16,1,2016,VICTORIA,Minor Dam,128,5.54,89.6,70
0b763273-b464-47f4-aa12-d82994ad0cb7,10/01/2016,Jan-16,1,2016,VICTORIA,Minor Dam,128,5.46,86.4,67.5
00ae7fcf-343e-46a6-a9b0-b58c3ee93a6f,11/01/2016,Jan-16,1,2016,VICTORIA,Minor Dam,128,5.38,83.5,65.23
65ed4247-29b5-4f32-8940-ec130603fc39,12/01/2016,Jan-16,1,2016,VICTORIA,Minor Dam,128,5.27,79.4,62.03
a83ec51a-bb3e-4220-996e-069402e4e4fd,13/01/2016,Jan-16,1,2016,VICTORIA,Minor Dam,128,5.18,76.1,59.45
b0c55e3a-e329-4647-a572-9e05b1d9e31a,14/01/2016,Jan-16,1,2016,VICTORIA,Minor Dam,128,5.1,73.5,57.42
04c85ca2-938d-41bc-b5c9-1dc0f78c7740,15/01/2016,Jan-16,1,2016,VICTORIA,Minor Dam,128,5.14,74.8,58.44
f0a5e38b-6174-4468-9a77-02877e95566d,16/01/2016,Jan-16,1,2016,VICTORIA,Minor Dam,128,5.14,74.8,58.44
b8736b9f-093b-4d8d-9365-8837287fb7b8,17/01/2016,Jan-16,1,2016,VICTORIA,Minor Dam,128,5.12,74.2,57.97
9eaf7a65-ccfb-4dc0-8024-5e2356e66484,18/01/2016,Jan-16,1,2016,VICTORIA,Minor Dam,128,5.12,74.2,57.97
f3abc623-bdc9-45f0-8081-5a47ecf7dc4d,19/01/2016,Jan-16,1,2016,VICTORIA,Minor Dam,128,5.11,73.8,57.66
9f6aba19-753d-4b48-ab70-451e9cf4e870,20/01/2016,Jan-16,1,2016,VICTORIA,Minor Dam,128,5.1,73.5,57.42
4c15d5d0-98b6-431f-b95d-9e9adf85a05f,21/01/2016,Jan-16,1,2016,VICTORIA,Minor Dam,128,5.09,73.2,57.19
bcfcd578-dce4-4179-bdf5-c0414e266944,22/01/2016,Jan-16,1,2016,VICTORIA,Minor Dam,128,5.08,72.8,56.88
2832ad8c-af8a-4499-8265-5b41461d963b,23/01/2016,Jan-16,1,2016,VICTORIA,Minor Dam,128,5.07,72.5,56.64
30b6f35a-1bac-45fa-9fe3-05a6cd4f0593,24/01/2016,Jan-16,1,2016,VICTORIA,Minor Dam,128,5.07,72.5,56.64
f140967b-84c3-49cb-aa7a-d4aeda93722b,25/01/2016,Jan-16,1,2016,VICTORIA,Minor Dam,128,5.05,71.8,56.09
0644b962-b2d7-4cce-b9f5-52df45833a48,26/01/2016,Jan-16,1,2016,VICTORIA,Minor Dam,128,5.1,73.5,57.42
b47883da-b606-486c-9c90-cb29b7b5a8bb,27/01/2016,Jan-16,1,2016,VICTORIA,Minor Dam,128,5.1,73.5,57.42
96f19af0-ffb5-425e-829e-33c45a80b39b,28/01/2016,Jan-16,1,2016,VICTORIA,Minor Dam,128,5.1,73.5,57.42
7a36cce9-26a3-4c61-81d4-be9868cf2345,29/01/2016,Jan-16,1,2016,VICTORIA,Minor Dam,128,5.09,73.2,57.19
0f4d5373-0637-45db-b81b-391cf049835e,30/01/2016,Jan-16,1,2016,VICTORIA,Minor Dam,128,5.09,73.2,57.19
d183a224-c4da-48bd-8e78-f2999752e30c,31/01/2016,Jan-16,1,2016,VICTORIA,Minor Dam,128,5.07,72.5,56.64
b6fb7053-9735-4184-8dc2-02ec3da2807d,01/02/2016,Feb-16,2,2016,VICTORIA,Minor Dam,128,5.05,71.8,56.09
81e6bf05-c524-41af-9595-ba5a45565319,02/02/2016,Feb-16,2,2016,VICTORIA,Minor Dam,128,5.05,71.8,56.09
5463b32b-f69b-4ed0-be21-0225e025e914,03/02/2016,Feb-16,2,2016,VICTORIA,Minor Dam,128,5.04,71.5,55.86
73f22cfe-1bda-4a55-83ca-a6360aa47239,04/02/2016,Feb-16,2,2016,VICTORIA,Minor Dam,128,5.03,71.2,55.62
e4a9bc75-4249-4f99-a8aa-2069e127ac46,05/02/2016,Feb-16,2,2016,VICTORIA,Minor Dam,128,5.03,71.2,55.62
091b550b-f4a6-4840-9f70-50c354e40503,06/02/2016,Feb-16,2,2016,VICTORIA,Minor Dam,128,5.02,70.8,55.31
9549e828-e379-45c7-a15d-1048115c9b42,07/02/2016,Feb-16,2,2016,VICTORIA,Minor Dam,128,5.02,70.8,55.31
7b3a5d5e-c5ae-4e5d-abe4-474812147074,08/02/2016,Feb-16,2,2016,VICTORIA,Minor Dam,128,5.02,70.8,55.31
438bc17a-88f9-4a89-9ca0-36f9322b766c,09/02/2016,Feb-16,2,2016,VICTORIA,Minor Dam,128,5.02,70.8,55.31
6e37dfe4-e481-471a-9efb-bd6019ec3d5c,10/02/2016,Feb-16,2,2016,VICTORIA,Minor Dam,128,5,70.2,54.84
13507065-d2c8-43c0-bbe4-b5be38616731,11/02/2016,Feb-16,2,2016,VICTORIA,Minor Dam,128,5,70.2,54.84
f3ecf47f-183d-429a-846e-6bc7af9b9296,12/02/2016,Feb-16,2,2016,VICTORIA,Minor Dam,128,5,70.2,54.84
384a8e1d-9b97-49e8-991f-beefdbe0869b,13/02/2016,Feb-16,2,2016,VICTORIA,Minor Dam,128,4.98,69.5,54.3
97f69670-dbf7-448e-9658-4afa32c4d89c,14/02/2016,Feb-16,2,2016,VICTORIA,Minor Dam,128,4.96,68.8,53.75
cc677fa3-50a5-4b97-ba82-b83b14c1ee43,15/02/2016,Feb-16,2,2016,VICTORIA,Minor Dam,128,4.95,68.5,53.52
e4adfcf3-37ae-4fed-92d9-26208a1a5a78,16/02/2016,Feb-16,2,2016,VICTORIA,Minor Dam,128,4.95,68.5,53.52
00adff2c-0e56-4ac6-98c7-65554a60b9a0,17/02/2016,Feb-16,2,2016,VICTORIA,Minor Dam,128,4.95,68.5,53.52
42b1be84-8f29-4e41-b602-5677dc986102,18/02/2016,Feb-16,2,2016,VICTORIA,Minor Dam,128,4.93,67.8,52.97
fd00a7be-a83d-4755-aceb-c009b0652af4,19/02/2016,Feb-16,2,2016,VICTORIA,Minor Dam,128,4.91,67.2,52.5
49e7c5fd-d356-423e-805a-199237c41a33,20/02/2016,Feb-16,2,2016,VICTORIA,Minor Dam,128,4.91,67.2,52.5
2050d167-5662-4ad1-a730-bd7f9f106d4d,21/02/2016,Feb-16,2,2016,VICTORIA,Minor Dam,128,4.93,67.8,52.97
9d006756-5d67-4c5f-ace2-08e5e3abc1e8,22/02/2016,Feb-16,2,2016,VICTORIA,Minor Dam,128,4.93,67.8,52.97
0fac55f4-47a4-4fb3-89ce-9d5ed089c416,23/02/2016,Feb-16,2,2016,VICTORIA,Minor Dam,128,4.92,67.5,52.73
4ef59a55-33c9-44ba-bae9-b723eec58f57,24/02/2016,Feb-16,2,2016,VICTORIA,Minor Dam,128,4.91,67.2,52.5
09a79e71-9121-402f-81f6-54fc2458e991,25/02/2016,Feb-16,2,2016,VICTORIA,Minor Dam,128,4.91,67.2,52.5
a0958bcd-bc1a-460f-9693-76bf32457856,26/02/2016,Feb-16,2,2016,VICTORIA,Minor Dam,128,4.89,66.5,51.95
440735b3-8e09-42cb-acad-be5ff5ec8447,27/02/2016,Feb-16,2,2016,VICTORIA,Minor Dam,128,4.88,66.2,51.72
588737b8-9976-45fe-80ab-ecc077dc8c77,28/02/2016,Feb-16,2,2016,VICTORIA,Minor Dam,128,4.88,66.2,51.72
cb42a671-d132-44a9-98a3-7747a6370967,29/02/2016,Feb-16,2,2016,VICTORIA,Minor Dam,128,4.87,65.9,51.48
29fbc77f-c9a4-4023-ba75-8da92048cced,01/03/2016,Mar-16,3,2016,VICTORIA,Minor Dam,128,4.87,65.9,51.48
1f10fbf8-fba8-4904-a712-fef01d20dd5d,02/03/2016,Mar-16,3,2016,VICTORIA,Minor Dam,128,4.87,65.9,51.48
dc399e50-be11-4eeb-b996-77be01192206,03/03/2016,Mar-16,3,2016,VICTORIA,Minor Dam,128,4.86,65.6,51.25
7efaad14-4b9c-4c24-9e23-4db9372268bc,04/03/2016,Mar-16,3,2016,VICTORIA,Minor Dam,128,4.86,65.6,51.25
67797d16-a54c-4e68-8624-ee635fb1daa3,05/03/2016,Mar-16,3,2016,VICTORIA,Minor Dam,128,4.84,65,50.78
c1054f94-8dc9-4871-ad25-eb49ae48c12e,06/03/2016,Mar-16,3,2016,VICTORIA,Minor Dam,128,4.86,65.6,51.25
31345e84-88d8-4556-90da-9eb839846d77,07/03/2016,Mar-16,3,2016,VICTORIA,Minor Dam,128,4.86,65.6,51.25
3dda10b4-07e3-4fdb-9110-00752414c06b,08/03/2016,Mar-16,3,2016,VICTORIA,Minor Dam,128,4.84,65,50.78
d1528901-c019-48db-b606-afb49e431570,09/03/2016,Mar-16,3,2016,VICTORIA,Minor Dam,128,4.82,64.4,50.31
55cb34e4-1681-49c3-876b-488d0f41b3f1,10/03/2016,Mar-16,3,2016,VICTORIA,Minor Dam,128,4.8,63.8,49.84
4c1c1724-eaa2-4923-be41-6108b36a0f70,11/03/2016,Mar-16,3,2016,VICTORIA,Minor Dam,128,4.78,63.1,49.3
99e02a4d-06ac-4369-b74c-f7bf7e7d8b29,12/03/2016,Mar-16,3,2016,VICTORIA,Minor Dam,128,4.77,62.8,49.06
78717d75-865e-4402-8cc1-f189e2e6d753,13/03/2016,Mar-16,3,2016,VICTORIA,Minor Dam,128,4.75,62.2,48.59
83bd43d2-26d3-478d-a3aa-06081515e4df,14/03/2016,Mar-16,3,2016,VICTORIA,Minor Dam,128,4.74,61.9,48.36
97441eac-83bc-4015-8cdc-cf66a9f5b042,15/03/2016,Mar-16,3,2016,VICTORIA,Minor Dam,128,4.74,61.9,48.36
e4586f0d-d17f-4bd5-a947-a9ae4eac8116,16/03/2016,Mar-16,3,2016,VICTORIA,Minor Dam,128,4.73,61.6,48.12
e4e8f5d3-1f2b-426b-b6fd-7ff431c924b5,17/03/2016,Mar-16,3,2016,VICTORIA,Minor Dam,128,4.72,61.3,47.89
92358326-a4a8-453d-9151-ba55be088a46,18/03/2016,Mar-16,3,2016,VICTORIA,Minor Dam,128,4.71,61,47.66
d7b086bb-7e2f-42be-8dad-512c49638612,19/03/2016,Mar-16,3,2016,VICTORIA,Minor Dam,128,4.7,60.7,47.42
b30eb1d8-f94e-4f56-9974-a29fabf6404f,20/03/2016,Mar-16,3,2016,VICTORIA,Minor Dam,128,4.75,62.2,48.59
290e0b45-b60f-4d00-87b9-6b21c362949f,21/03/2016,Mar-16,3,2016,VICTORIA,Minor Dam,128,4.74,61.9,48.36
2e02e57a-bf64-4a57-bd20-13f612fdb06f,22/03/2016,Mar-16,3,2016,VICTORIA,Minor Dam,128,4.73,61.6,48.12
4632897b-04cd-49eb-9752-cdc7133f0a4b,23/03/2016,Mar-16,3,2016,VICTORIA,Minor Dam,128,4.73,61.6,48.12
3ccf8a67-8cfc-4a8a-b9bf-dd63306a3509,24/03/2016,Mar-16,3,2016,VICTORIA,Minor Dam,128,4.71,61,47.66
1675bf5c-11d3-4c52-bea5-ff1d94b7fe3f,25/03/2016,Mar-16,3,2016,VICTORIA,Minor Dam,128,4.71,61,47.66
83c06b9b-e076-43a8-8989-250458abd379,26/03/2016,Mar-16,3,2016,VICTORIA,Minor Dam,128,4.71,61,47.66
99a48465-3612-4c8b-92fc-31ffff93d67f,27/03/2016,Mar-16,3,2016,VICTORIA,Minor Dam,128,4.7,60.7,47.42
a5b0e506-a976-4be2-91c3-0783ba8e32b9,28/03/2016,Mar-16,3,2016,VICTORIA,Minor Dam,128,4.75,62.2,48.59
90345592-d9a5-485e-b575-11b1c68eeeb2,29/03/2016,Mar-16,3,2016,VICTORIA,Minor Dam,128,4.78,63.1,49.3
3e8117af-f7ff-40ff-aaa8-691343198282,30/03/2016,Mar-16,3,2016,VICTORIA,Minor Dam,128,4.78,63.1,49.3
016e00ed-d089-4d04-b18a-f471f8d651de,31/03/2016,Mar-16,3,2016,VICTORIA,Minor Dam,128,4.81,64.1,50.08
feabf008-6fd5-4656-b878-0cc36088a7a9,01/04/2016,Apr-16,4,2016,VICTORIA,Minor Dam,128,4.82,64.4,50.31
8c677d48-48b0-4d5c-afaa-eb972b5da2d5,02/04/2016,Apr-16,4,2016,VICTORIA,Minor Dam,128,4.83,64.7,50.55
6ff37515-0617-434e-b7c0-b503e72ef24b,03/04/2016,Apr-16,4,2016,VICTORIA,Minor Dam,128,4.81,64.1,50.08
95e4bca1-ebb2-4015-babc-d9a5244f004c,04/04/2016,Apr-16,4,2016,VICTORIA,Minor Dam,128,4.81,64.1,50.08
2d898d12-b57c-4ca3-a80f-490086761e3a,05/04/2016,Apr-16,4,2016,VICTORIA,Minor Dam,128,4.79,63.4,49.53
06e164f3-2376-4896-9ad3-083bf7ab76ce,06/04/2016,Apr-16,4,2016,VICTORIA,Minor Dam,128,4.79,63.4,49.53
f4fa4ec1-e6b0-48ea-90f3-06e83a7e4853,07/04/2016,Apr-16,4,2016,VICTORIA,Minor Dam,128,4.78,63.1,49.3
780a3e4c-3035-41c5-9b6f-838d04af4fce,08/04/2016,Apr-16,4,2016,VICTORIA,Minor Dam,128,4.77,62.8,49.06
93b7b1a7-ff88-47ff-9688-d978b4c4292e,09/04/2016,Apr-16,4,2016,VICTORIA,Minor Dam,128,4.77,62.8,49.06
bd91630e-14a5-4a83-8fab-ccaba53a102f,10/04/2016,Apr-16,4,2016,VICTORIA,Minor Dam,128,4.77,62.8,49.06
01b28172-48f9-424b-a702-59edea7806cb,11/04/2016,Apr-16,4,2016,VICTORIA,Minor Dam,128,4.77,62.8,49.06
844d2ce4-9887-4a30-a67a-0660eb7c1f38,12/04/2016,Apr-16,4,2016,VICTORIA,Minor Dam,128,4.76,62.5,48.83
b82fa73f-0f81-4624-9388-bd88ac105b98,13/04/2016,Apr-16,4,2016,VICTORIA,Minor Dam,128,4.76,62.5,48.83
49f2a80b-83c4-4339-aa78-caf3b3a277cd,14/04/2016,Apr-16,4,2016,VICTORIA,Minor Dam,128,4.76,62.5,48.83
4fc90d21-3327-40ad-b004-075fd1239166,15/04/2016,Apr-16,4,2016,VICTORIA,Minor Dam,128,4.75,62.2,48.59
d8891d06-db1f-4cc4-a856-063015535845,16/04/2016,Apr-16,4,2016,VICTORIA,Minor Dam,128,4.74,61.9,48.36
0fe3c49a-278c-4a53-847d-e883b0095928,17/04/2016,Apr-16,4,2016,VICTORIA,Minor Dam,128,4.71,61,47.66
f6098822-060a-4a00-bd29-65a789657c5b,18/04/2016,Apr-16,4,2016,VICTORIA,Minor Dam,128,4.66,59.5,46.48
9c0c181a-e9ca-4873-825d-045c8c26defb,19/04/2016,Apr-16,4,2016,VICTORIA,Minor Dam,128,4.61,58,45.31
596995fb-d1b4-463b-b3f0-6aba6bdb5466,20/04/2016,Apr-16,4,2016,VICTORIA,Minor Dam,128,4.53,55.5,43.36
ac76dc5e-0c7b-4c4c-8403-b38bd7a62e71,21/04/2016,Apr-16,4,2016,VICTORIA,Minor Dam,128,4.39,51.2,40
ec6c48ae-bf69-4210-ab1f-1859e61dc500,22/04/2016,Apr-16,4,2016,VICTORIA,Minor Dam,128,4.27,47.5,37.11
d5e69eec-c29c-4c51-aebe-ec9e8d987927,23/04/2016,Apr-16,4,2016,VICTORIA,Minor Dam,128,4.17,44.6,34.84
1da8a8bd-8330-4770-a6a0-90e38779fdf4,24/04/2016,Apr-16,4,2016,VICTORIA,Minor Dam,128,3.98,39.2,30.63
8ce0c2fa-12bd-4448-aada-a3bdc82220e5,25/04/2016,Apr-16,4,2016,VICTORIA,Minor Dam,128,3.75,33.3,26.02
cc073a4f-49da-46f0-93f9-eca28ac327fe,26/04/2016,Apr-16,4,2016,VICTORIA,Minor Dam,128,3.65,30.8,24.06
85b81c66-1109-4ce3-84f5-407815f9fcb3,27/04/2016,Apr-16,4,2016,VICTORIA,Minor Dam,128,3.5,27.6,21.56
69f508c9-8e5f-4db0-b0c5-6f11bfed6e81,28/04/2016,Apr-16,4,2016,VICTORIA,Minor Dam,128,3.33,24.1,18.83
932edb46-2d69-42a8-9b20-b2e8dc87e9f2,29/04/2016,Apr-16,4,2016,VICTORIA,Minor Dam,128,3.17,21.2,16.56
2f883e2c-6a57-47b3-a471-18f25b00ceae,30/04/2016,Apr-16,4,2016,VICTORIA,Minor Dam,128,3.45,26.5,20.7
20cdcb2f-d9e9-4366-8b6d-0fce0e905e7f,01/05/2016,May-16,5,2016,VICTORIA,Minor Dam,128,3.33,24.1,18.83
51b4a4f6-540b-40e8-9a91-899cd31a6282,02/05/2016,May-16,5,2016,VICTORIA,Minor Dam,128,3.18,21.4,16.72
e20e598c-76c8-410f-a7a2-f8b5cfb2dbd7,03/05/2016,May-16,5,2016,VICTORIA,Minor Dam,128,2.96,17.7,13.83
fdd4de4f-891d-4ebb-bbae-117a7271aced,04/05/2016,May-16,5,2016,VICTORIA,Minor Dam,128,2.76,14.9,11.64
254f0be9-9cfd-4c2d-a26f-c86b9b51508c,05/05/2016,May-16,5,2016,VICTORIA,Minor Dam,128,2.5,11.6,9.06
89dc90c8-170e-4e65-a041-6f5a1b5a082b,06/05/2016,May-16,5,2016,VICTORIA,Minor Dam,128,2.26,9.2,7.19
b62bd5e2-4bac-4c63-b09a-6dbea6cf1fac,07/05/2016,May-16,5,2016,VICTORIA,Minor Dam,128,2.04,7.2,5.62
67e563fc-5d2c-4ccf-b870-edfc87bac41b,08/05/2016,May-16,5,2016,VICTORIA,Minor Dam,128,1.73,5,3.91
02d705b1-40a5-4d8c-b908-c88a3e68ed3e,09/05/2016,May-16,5,2016,VICTORIA,Minor Dam,128,1.36,2.9,2.27
a4027309-a75c-403f-a4d2-d46584ec1497,10/05/2016,May-16,5,2016,VICTORIA,Minor Dam,128,0,0,0
a9d05dfc-b1a7-46be-a655-baea16a68f41,11/05/2016,May-16,5,2016,VICTORIA,Minor Dam,128,0,0,0
3347ba1c-f2f9-446a-88b6-db52528f235e,12/05/2016,May-16,5,2016,VICTORIA,Minor Dam,128,0,0,0
4697fc5f-c900-4841-bff0-92e897746519,13/05/2016,May-16,5,2016,VICTORIA,Minor Dam,128,0,0,0
493bc3ac-df9b-4dec-8c49-49306bf3c680,14/05/2016,May-16,5,2016,VICTORIA,Minor Dam,128,0,0,0
9adca339-bcb2-4f00-b81d-8f20878b4ab5,15/05/2016,May-16,5,2016,VICTORIA,Minor Dam,128,0,0,0
ac6686c1-516e-4533-a988-6a76b3c35133,16/05/2016,May-16,5,2016,VICTORIA,Minor Dam,128,0,0,0
90ed19bc-1581-46ad-8a4f-ac8c38dc8e5f,17/05/2016,May-16,5,2016,VICTORIA,Minor Dam,128,0,0,0
13aefbc6-405a-4d94-bb4c-73197c0edb02,18/05/2016,May-16,5,2016,VICTORIA,Minor Dam,128,0,0,0
9abc2486-6119-48d2-b43d-f0d935fe258b,19/05/2016,May-16,5,2016,VICTORIA,Minor Dam,128,0,0,0
2f437e8e-5f2e-4f60-b947-96529869ccc5,20/05/2016,May-16,5,2016,VICTORIA,Minor Dam,128,0,0,0
1e0cecfb-60e6-4207-b07e-ccb134f9c42b,21/05/2016,May-16,5,2016,VICTORIA,Minor Dam,128,0,0,0
3acc541e-21b6-4e0e-9039-b2d2d9d1d28f,22/05/2016,May-16,5,2016,VICTORIA,Minor Dam,128,0,0,0
e75dc991-1221-473b-bc4d-33873ee3bbf0,23/05/2016,May-16,5,2016,VICTORIA,Minor Dam,128,0,0,0
6aef2501-7fd0-40e4-928b-46c917e999b1,24/05/2016,May-16,5,2016,VICTORIA,Minor Dam,128,0,0,0
fb309219-4d14-4659-8283-cfe779b51498,25/05/2016,May-16,5,2016,VICTORIA,Minor Dam,128,0,0,0
e31e8213-12a0-4880-8ee4-5728f44617d3,26/05/2016,May-16,5,2016,VICTORIA,Minor Dam,128,0,0,0
62dd07a1-0164-4b84-9a39-82b94b2ccd1f,27/05/2016,May-16,5,2016,VICTORIA,Minor Dam,128,0,0,0
03ed7144-d061-4dae-8201-9d795787980d,28/05/2016,May-16,5,2016,VICTORIA,Minor Dam,128,0,0,0
b7fdc6e7-fe8f-433f-9705-d9d9f7fff3d3,29/05/2016,May-16,5,2016,VICTORIA,Minor Dam,128,0,0,0
8d8dc0ce-19a6-4901-9fc3-501f30cb0698,30/05/2016,May-16,5,2016,VICTORIA,Minor Dam,128,0,0,0
96302586-9e61-4051-abec-b579f74a0c66,31/05/2016,May-16,5,2016,VICTORIA,Minor Dam,128,0,0,0
dca3d7d3-9960-4e69-a841-29b3bfc040c3,01/06/2016,Jun-16,6,2016,VICTORIA,Minor Dam,128,0,0,0
3425a6bd-f581-4d5a-8e55-6a278527baff,02/06/2016,Jun-16,6,2016,VICTORIA,Minor Dam,128,0,0,0
c9d3df55-7ec6-42bd-af23-4ca94b4197ff,03/06/2016,Jun-16,6,2016,VICTORIA,Minor Dam,128,0,0,0
e6a67397-d78a-4b2b-8380-d13665e7d245,04/06/2016,Jun-16,6,2016,VICTORIA,Minor Dam,128,0,0,0
f8ecd11a-b6d6-450f-8898-01e01912a395,05/06/2016,Jun-16,6,2016,VICTORIA,Minor Dam,128,0,0,0
81d41732-7edd-4c5b-b998-fa626b87a383,06/06/2016,Jun-16,6,2016,VICTORIA,Minor Dam,128,0,0,0
0663ed1d-d019-4e04-bbc0-ff763ce192fb,07/06/2016,Jun-16,6,2016,VICTORIA,Minor Dam,128,0,0,0
2711350a-8500-46e8-9f22-c3e40b2e2cc1,08/06/2016,Jun-16,6,2016,VICTORIA,Minor Dam,128,0,0,0
fd2f972d-b41a-4fb6-9348-eb2bbe00f072,09/06/2016,Jun-16,6,2016,VICTORIA,Minor Dam,128,0,0,0
f04eebc5-b769-47eb-99da-70fc1d81febf,10/06/2016,Jun-16,6,2016,VICTORIA,Minor Dam,128,0,0,0
2bf09d48-a85e-46c9-9cce-9fb3460c765a,11/06/2016,Jun-16,6,2016,VICTORIA,Minor Dam,128,2.29,9.5,7.42
2195a0d3-a2ce-4f0a-a633-0e584d5786e2,12/06/2016,Jun-16,6,2016,VICTORIA,Minor Dam,128,2.43,10.8,8.44
94a8c043-1ffd-4365-a7f4-da51877f6401,13/06/2016,Jun-16,6,2016,VICTORIA,Minor Dam,128,2.47,11.3,8.83
70c749ca-b53c-45a7-98ea-8581af97b822,14/06/2016,Jun-16,6,2016,VICTORIA,Minor Dam,128,2.48,11.4,8.91
589d90b5-3d25-463f-abe2-4d6458cc64e1,15/06/2016,Jun-16,6,2016,VICTORIA,Minor Dam,128,2.73,14.4,11.25
0a70b81b-fb3f-4953-b43c-9f4c693ae902,16/06/2016,Jun-16,6,2016,VICTORIA,Minor Dam,128,2.87,16.4,12.81
304cbe04-1a87-4bf2-a529-e9d1c8ecf110,17/06/2016,Jun-16,6,2016,VICTORIA,Minor Dam,128,3.29,23.3,18.2
4298fc59-1f67-411e-a1db-3c7a8433ef93,18/06/2016,Jun-16,6,2016,VICTORIA,Minor Dam,128,3.32,23.9,18.67
84e57eab-5bdc-4f11-9543-86d6aee609dc,19/06/2016,Jun-16,6,2016,VICTORIA,Minor Dam,128,3.36,24.6,19.22
4304c000-c654-428b-b0e4-66c9e766362c,20/06/2016,Jun-16,6,2016,VICTORIA,Minor Dam,128,3.44,26.3,20.55
f584397e-3694-470c-90da-41583b7ede86,21/06/2016,Jun-16,6,2016,VICTORIA,Minor Dam,128,3.81,34.8,27.19
4adb037a-208a-49ec-8c94-7580fc3074da,22/06/2016,Jun-16,6,2016,VICTORIA,Minor Dam,128,3.97,38.9,30.39
df7b7bf6-9462-4d7b-a796-700c4df28809,23/06/2016,Jun-16,6,2016,VICTORIA,Minor Dam,128,4,39.7,31.02
18b86c4d-b732-4d90-9936-d573309db83a,24/06/2016,Jun-16,6,2016,VICTORIA,Minor Dam,128,4,39.7,31.02
e998a197-24ed-42f6-935c-d1132e74fbd2,25/06/2016,Jun-16,6,2016,VICTORIA,Minor Dam,128,4.01,40.1,31.33
f8c3d0b8-4d09-4891-8180-6bdb79c6d997,26/06/2016,Jun-16,6,2016,VICTORIA,Minor Dam,128,4.03,40.6,31.72
ae931693-1667-422c-9797-2890e439aa3a,27/06/2016,Jun-16,6,2016,VICTORIA,Minor Dam,128,4.03,40.6,31.72
02e64531-f7fd-4f13-a045-e2e02137d65e,28/06/2016,Jun-16,6,2016,VICTORIA,Minor Dam,128,4.15,44,34.38
5efc98a1-c9a3-450f-a225-47ddf24a357f,29/06/2016,Jun-16,6,2016,VICTORIA,Minor Dam,128,4.19,45.2,35.31
fa90c2a2-62b3-421a-a0ee-5eff89aa7791,30/06/2016,Jun-16,6,2016,VICTORIA,Minor Dam,128,4.21,45.8,35.78
ae5124f4-1f93-465a-9072-c4ef11904f42,01/07/2016,Jul-16,7,2016,VICTORIA,Minor Dam,128,4.22,46,35.94
3a7e1369-fefb-4814-bec3-08e3561aa101,02/07/2016,Jul-16,7,2016,VICTORIA,Minor Dam,128,4.27,47.5,37.11
63a51e4c-c81a-4410-89f6-2c9ce4e70ce4,03/07/2016,Jul-16,7,2016,VICTORIA,Minor Dam,128,4.29,48.1,37.58
9fdf8154-9808-47e0-b819-879d1d4700ef,04/07/2016,Jul-16,7,2016,VICTORIA,Minor Dam,128,4.3,48.4,37.81
2e821d4b-3007-4231-abe4-6b2e9e33757d,05/07/2016,Jul-16,7,2016,VICTORIA,Minor Dam,128,4.3,48.4,37.81
8d2dc87d-b6a0-4c4f-a162-9dd782424240,06/07/2016,Jul-16,7,2016,VICTORIA,Minor Dam,128,4.31,48.7,38.05
94a52603-390e-4a2c-abe1-d9800281e352,07/07/2016,Jul-16,7,2016,VICTORIA,Minor Dam,128,4.47,53.6,41.87
1df7e80b-7787-4bbf-9334-3614c49af582,08/07/2016,Jul-16,7,2016,VICTORIA,Minor Dam,128,4.51,54.9,42.89
efd8c1ec-15d4-4a91-92ba-71a1955d9400,09/07/2016,Jul-16,7,2016,VICTORIA,Minor Dam,128,4.52,55.2,43.13
b05eef9a-c243-4269-b087-34ad404d8dbf,10/07/2016,Jul-16,7,2016,VICTORIA,Minor Dam,128,4.54,55.8,43.59
6098092d-d1a8-44b2-a9f7-da41ba198e1d,11/07/2016,Jul-16,7,2016,VICTORIA,Minor Dam,128,4.56,56.4,44.06
5ffc27ca-71bb-4c3f-9e11-3c90f5291493,12/07/2016,Jul-16,7,2016,VICTORIA,Minor Dam,128,4.57,56.7,44.3
ee16b86c-5cb7-4b28-816b-e97ca0f2e7b8,13/07/2016,Jul-16,7,2016,VICTORIA,Minor Dam,128,4.58,57,44.53
58067722-6c1d-481e-a8fc-10e71554d107,14/07/2016,Jul-16,7,2016,VICTORIA,Minor Dam,128,4.59,57.3,44.77
191eb1a9-cccb-4cff-afff-287f177b79ab,15/07/2016,Jul-16,7,2016,VICTORIA,Minor Dam,128,4.59,57.3,44.77
2e159727-b877-41c0-ad4e-32653a18feac,16/07/2016,Jul-16,7,2016,VICTORIA,Minor Dam,128,4.61,58,45.31
801fc937-af67-4dfa-ad07-25fea5a19857,17/07/2016,Jul-16,7,2016,VICTORIA,Minor Dam,128,4.61,58,45.31
9d4af932-0f79-4d6a-a33f-0abf579a5064,18/07/2016,Jul-16,7,2016,VICTORIA,Minor Dam,128,4.61,58,45.31
97fb48c4-8faf-4a55-bcaf-a85fcf3e0399,19/07/2016,Jul-16,7,2016,VICTORIA,Minor Dam,128,4.59,57.3,44.77
8e3ab4b7-9c63-48b3-9ba0-2bbecc4424e1,20/07/2016,Jul-16,7,2016,VICTORIA,Minor Dam,128,4.61,58,45.31
d73b5bdc-838e-44a1-9631-bc020121429d,21/07/2016,Jul-16,7,2016,VICTORIA,Minor Dam,128,4.6,57.6,45
a5d36441-e141-455a-9bed-7f456f2b33cf,22/07/2016,Jul-16,7,2016,VICTORIA,Minor Dam,128,4.76,62.5,48.83
fbd20293-6a86-42d5-9c9e-f9537b0edeca,23/07/2016,Jul-16,7,2016,VICTORIA,Minor Dam,128,4.99,69.8,54.53
267ef6e8-38be-48dc-835e-54304815ed29,24/07/2016,Jul-16,7,2016,VICTORIA,Minor Dam,128,5.06,72.2,56.41
b4cfbcad-f2bf-4aaf-b9ac-0717f6ae6847,25/07/2016,Jul-16,7,2016,VICTORIA,Minor Dam,128,5.09,73.2,57.19
9e302872-9e53-42e6-9d3d-d7b284ecd92e,26/07/2016,Jul-16,7,2016,VICTORIA,Minor Dam,128,5.11,73.8,57.66
4867ed53-fbe5-4b3e-8829-a738c8364d2f,27/07/2016,Jul-16,7,2016,VICTORIA,Minor Dam,128,5.11,73.8,57.66
343351bb-1b71-47a7-8dd0-85f946d02ba4,28/07/2016,Jul-16,7,2016,VICTORIA,Minor Dam,128,5.37,83.1,64.92
a9fd0d48-f577-4743-adb0-23d8642d4eae,29/07/2016,Jul-16,7,2016,VICTORIA,Minor Dam,128,5.46,86.4,67.5
364a52c7-fdc3-4ae2-b285-dc6949e2e479,30/07/2016,Jul-16,7,2016,VICTORIA,Minor Dam,128,5.66,94.6,73.91
afa234ab-01af-4583-9f33-89d7a1f1ff9c,31/07/2016,Jul-16,7,2016,VICTORIA,Minor Dam,128,5.71,96.6,75.47
24106744-5d70-4959-9629-8f552cebbb3c,01/08/2016,Aug-16,8,2016,VICTORIA,Minor Dam,128,5.69,95.8,74.84
7eb787a6-6fe6-46ee-80db-a45127890362,02/08/2016,Aug-16,8,2016,VICTORIA,Minor Dam,128,5.69,95.8,74.84
43c77426-11c8-4aba-8ce0-0067069dce97,03/08/2016,Aug-16,8,2016,VICTORIA,Minor Dam,128,5.69,95.8,74.84
f19f3669-c4ac-49f2-8e4a-50373bc59881,04/08/2016,Aug-16,8,2016,VICTORIA,Minor Dam,128,5.81,100.9,78.83
e62769b1-8852-4cfc-8ee9-ece8a7107e4d,05/08/2016,Aug-16,8,2016,VICTORIA,Minor Dam,128,5.86,103.1,80.55
ca86234a-af0b-4bfb-85ef-255d80727346,06/08/2016,Aug-16,8,2016,VICTORIA,Minor Dam,128,5.85,102.7,80.23
5793ed9c-909c-4a7d-8fe8-92787858375c,07/08/2016,Aug-16,8,2016,VICTORIA,Minor Dam,128,5.83,101.8,79.53
023cfa85-3d34-4829-b1de-ae70745f3925,08/08/2016,Aug-16,8,2016,VICTORIA,Minor Dam,128,5.85,102.7,80.23
e145309a-f750-4c29-b0c2-dd27b6023266,09/08/2016,Aug-16,8,2016,VICTORIA,Minor Dam,128,5.84,102.2,79.84
d32d8b89-5076-40ab-a752-328ebd4eceea,10/08/2016,Aug-16,8,2016,VICTORIA,Minor Dam,128,5.83,101.8,79.53
352aae15-e946-4d20-a337-660582ed1961,11/08/2016,Aug-16,8,2016,VICTORIA,Minor Dam,128,5.83,101.8,79.53
dc997b9e-53c2-44a1-bbbc-1f079d93de01,12/08/2016,Aug-16,8,2016,VICTORIA,Minor Dam,128,5.83,101.8,79.53
3ebe0b46-5248-4b14-bf1f-0ecfeb509e05,13/08/2016,Aug-16,8,2016,VICTORIA,Minor Dam,128,5.83,101.8,79.53
97f5ab49-4fbf-4826-bee4-bd2717683067,14/08/2016,Aug-16,8,2016,VICTORIA,Minor Dam,128,5.84,102.2,79.84
ed8dd7f5-0e96-4c9f-ba0c-e8e2369382a5,15/08/2016,Aug-16,8,2016,VICTORIA,Minor Dam,128,5.91,105.3,82.27
7df23fc3-8d4b-401d-ad77-1f1a80a41b9c,16/08/2016,Aug-16,8,2016,VICTORIA,Minor Dam,128,5.92,105.7,82.58
54769b1f-c7a8-422d-872f-3b4cfb11bb72,17/08/2016,Aug-16,8,2016,VICTORIA,Minor Dam,128,5.93,106.2,82.97
20bb4494-7ad9-4041-aedc-78a0bfccb10a,18/08/2016,Aug-16,8,2016,VICTORIA,Minor Dam,128,5.93,106.2,82.97
71879755-0450-40ba-9941-9485d328d1d7,19/08/2016,Aug-16,8,2016,VICTORIA,Minor Dam,128,5.94,106.6,83.28
d60df60b-894a-457b-95ea-fc92a8e14024,20/08/2016,Aug-16,8,2016,VICTORIA,Minor Dam,128,5.91,105.3,82.27
84949a5c-b488-4564-bfc1-480e587c4f44,21/08/2016,Aug-16,8,2016,VICTORIA,Minor Dam,128,5.95,107.1,83.67
282656e3-fc68-4fc9-95b2-4f2534ce4c10,22/08/2016,Aug-16,8,2016,VICTORIA,Minor Dam,128,5.95,107.1,83.67
43346e6e-2df2-440a-9513-aaa07550843e,23/08/2016,Aug-16,8,2016,VICTORIA,Minor Dam,128,6.03,110.6,86.41
a99dea17-6c43-4bea-a959-92904e1c8fbb,24/08/2016,Aug-16,8,2016,VICTORIA,Minor Dam,128,6.08,112.8,88.13
8155a605-9eb8-4089-a48d-30c5dc1252fb,25/08/2016,Aug-16,8,2016,VICTORIA,Minor Dam,128,6.09,113.2,88.44
b51882b9-ed6d-498f-b381-797505ae0e81,26/08/2016,Aug-16,8,2016,VICTORIA,Minor Dam,128,6.09,113.2,88.44
3df7f7a0-b892-4020-a05b-ea78dcf69da8,27/08/2016,Aug-16,8,2016,VICTORIA,Minor Dam,128,6.09,113.2,88.44
90c4565a-454f-4636-a262-39bea17d179e,28/08/2016,Aug-16,8,2016,VICTORIA,Minor Dam,128,6.08,112.8,88.13
826b7d5c-0162-4fb3-9d00-6c34eea68828,29/08/2016,Aug-16,8,2016,VICTORIA,Minor Dam,128,6.08,112.8,88.13
766f03bd-9124-4845-b9d9-13fc3e702ca9,30/08/2016,Aug-16,8,2016,VICTORIA,Minor Dam,128,6.08,112.8,88.13
aaca494d-ca1a-4745-9f9a-850548d54100,31/08/2016,Aug-16,8,2016,VICTORIA,Minor Dam,128,6.07,112.3,87.73
0bcef347-f431-4237-adbe-d755df56a127,01/09/2016,Sep-16,9,2016,VICTORIA,Minor Dam,128,6.07,112.3,87.73
d36eb111-cf56-4b99-b4de-64377f216c72,02/09/2016,Sep-16,9,2016,VICTORIA,Minor Dam,128,6.09,113.2,88.44
448170e0-55d7-4707-ae41-052e817f1b78,03/09/2016,Sep-16,9,2016,VICTORIA,Minor Dam,128,6.09,113.2,88.44
b560c653-4940-40aa-8a0a-d846a487bb85,04/09/2016,Sep-16,9,2016,VICTORIA,Minor Dam,128,6.09,113.2,88.44
c5e6282a-679f-4266-a5bc-68d641b8a4ec,05/09/2016,Sep-16,9,2016,VICTORIA,Minor Dam,128,6.09,113.2,88.44
c5e255d1-4647-4520-a2a9-089f2663b6d9,06/09/2016,Sep-16,9,2016,VICTORIA,Minor Dam,128,6.1,113.7,88.83
33e048f8-fe4f-4513-b49b-757907d71ec4,07/09/2016,Sep-16,9,2016,VICTORIA,Minor Dam,128,6.1,113.7,88.83
59fb9289-1882-4cff-9bb5-d6746fd31fbe,08/09/2016,Sep-16,9,2016,VICTORIA,Minor Dam,128,6.11,114.1,89.14
82b815e9-1f7e-4b56-af8d-85cd4e13dc58,09/09/2016,Sep-16,9,2016,VICTORIA,Minor Dam,128,6.11,114.1,89.14
7063a678-1104-4f64-8218-7cd721c10290,10/09/2016,Sep-16,9,2016,VICTORIA,Minor Dam,128,6.12,114.6,89.53
1f639360-3f9e-4c85-bc36-23aa4d409b6d,11/09/2016,Sep-16,9,2016,VICTORIA,Minor Dam,128,6.11,114.1,89.14
8415bdf3-7e8a-4b76-bb62-18424be63492,12/09/2016,Sep-16,9,2016,VICTORIA,Minor Dam,128,6.12,114.6,89.53
489aca60-3407-41b9-9ee5-d040cc2ba573,13/09/2016,Sep-16,9,2016,VICTORIA,Minor Dam,128,6.11,114.1,89.14
9d5b4fbe-01c3-4354-b94c-a04634047793,14/09/2016,Sep-16,9,2016,VICTORIA,Minor Dam,128,6.11,114.1,89.14
f1bb96e1-2a54-4d68-9279-e178ee75565a,15/09/2016,Sep-16,9,2016,VICTORIA,Minor Dam,128,6.11,114.1,89.14
45ba4373-14a5-4c7a-a18b-c0df9d915a23,16/09/2016,Sep-16,9,2016,VICTORIA,Minor Dam,128,6.11,114.1,89.14
db9003da-9e0e-409e-93d1-dd70b8063ea6,17/09/2016,Sep-16,9,2016,VICTORIA,Minor Dam,128,6.17,117.1,91.48
47903d48-df1f-4988-a3e5-ca4b20700b9a,18/09/2016,Sep-16,9,2016,VICTORIA,Minor Dam,128,6.21,119.1,93.05
88784d81-578b-4d57-9a4c-e20ddac78059,19/09/2016,Sep-16,9,2016,VICTORIA,Minor Dam,128,6.31,124,96.88
b0d5884b-851a-47e0-aca9-3076b98fd83c,20/09/2016,Sep-16,9,2016,VICTORIA,Minor Dam,128,6.31,124,96.88
77cfb3ce-925a-4122-815f-cedd9d3b70e4,21/09/2016,Sep-16,9,2016,VICTORIA,Minor Dam,128,6.31,124,96.88
3d9773bb-eede-4cd1-a77f-abd6438ee990,22/09/2016,Sep-16,9,2016,VICTORIA,Minor Dam,128,6.31,124,96.88
bf105244-fffb-4542-95ff-8e78efe18416,23/09/2016,Sep-16,9,2016,VICTORIA,Minor Dam,128,6.31,124,96.88
afacacf5-e7b2-4482-bd89-907bc18b967b,24/09/2016,Sep-16,9,2016,VICTORIA,Minor Dam,128,6.31,124,96.88
3beb4001-a3d5-4774-9816-41dff23315fd,25/09/2016,Sep-16,9,2016,VICTORIA,Minor Dam,128,6.31,124,96.88
70c49814-dbea-4fb9-8938-158b06184f91,26/09/2016,Sep-16,9,2016,VICTORIA,Minor Dam,128,6.23,120.1,93.83
a8088936-c6b2-483f-8ba1-c94b8b17be87,27/09/2016,Sep-16,9,2016,VICTORIA,Minor Dam,128,6.31,124,96.88
9bb2c33b-bfb6-41b2-820b-e1812765c7d4,28/09/2016,Sep-16,9,2016,VICTORIA,Minor Dam,128,6.32,124.5,97.27
b5b9ce8c-c13c-4c0c-8cd8-051cab142158,29/09/2016,Sep-16,9,2016,VICTORIA,Minor Dam,128,6.34,125.5,98.05
1266325d-6737-4e1c-91f8-dd593e0e70d5,30/09/2016,Sep-16,9,2016,VICTORIA,Minor Dam,128,6.38,127.4,99.53
0c1ce9fc-fb3c-463d-b622-582bb4fd0035,01/10/2016,Oct-16,10,2016,VICTORIA,Minor Dam,128,6.4,128.4,100.31
5a1bc174-d48c-47fe-83ab-3a5dc013b8de,02/10/2016,Oct-16,10,2016,VICTORIA,Minor Dam,128,6.41,128.9,100.7
324e5f51-ad20-4549-a589-4e6ca83678a2,03/10/2016,Oct-16,10,2016,VICTORIA,Minor Dam,128,6.42,129.4,101.09
dbeb118d-d851-403f-ae3e-b23b0d137534,04/10/2016,Oct-16,10,2016,VICTORIA,Minor Dam,128,6.41,128.9,100.7
0d0034c9-b3fc-4eab-b446-4c6e75d9e69b,05/10/2016,Oct-16,10,2016,VICTORIA,Minor Dam,128,6.4,128.4,100.31
e47297a1-7e83-4cb7-aeed-007217a91afb,06/10/2016,Oct-16,10,2016,VICTORIA,Minor Dam,128,6.4,128.4,100.31
d2344d36-8ea8-4d71-a504-57dbdea9afa2,07/10/2016,Oct-16,10,2016,VICTORIA,Minor Dam,128,6.4,128.4,100.31
01fe3366-7672-49d6-b761-a83faee6555c,08/10/2016,Oct-16,10,2016,VICTORIA,Minor Dam,128,6.4,128.4,100.31
42c59c0f-44db-4dfd-8acc-750f4a2a98f1,09/10/2016,Oct-16,10,2016,VICTORIA,Minor Dam,128,6.4,128.4,100.31
9f1bf145-d1ad-401e-a1bb-777ea9be0233,10/10/2016,Oct-16,10,2016,VICTORIA,Minor Dam,128,6.42,129.4,101.09
a01bb2ee-d37f-4da2-96a9-8fa84adcf61b,11/10/2016,Oct-16,10,2016,VICTORIA,Minor Dam,128,6.42,129.4,101.09
04b460a5-3a32-4b8a-bf03-3fdac932a003,12/10/2016,Oct-16,10,2016,VICTORIA,Minor Dam,128,6.41,128.9,100.7
0088cb3a-ba3b-4ecb-a7ee-1d167709dff9,13/10/2016,Oct-16,10,2016,VICTORIA,Minor Dam,128,6.41,128.9,100.7
8302b9cf-45a9-4988-ac20-f3745b59aefb,14/10/2016,Oct-16,10,2016,VICTORIA,Minor Dam,128,6.4,128.4,100.31
85d90175-132a-4cdf-8459-1b3becff11fc,15/10/2016,Oct-16,10,2016,VICTORIA,Minor Dam,128,6.4,128.4,100.31
b96f775b-40dc-4717-88fe-5f1a3be3936e,16/10/2016,Oct-16,10,2016,VICTORIA,Minor Dam,128,6.4,128.4,100.31
4892ab3c-6851-41d3-ab22-1251ea9982ba,17/10/2016,Oct-16,10,2016,VICTORIA,Minor Dam,128,6.4,128.4,100.31
d848b861-c9de-4c28-aeea-7b3849af8da1,18/10/2016,Oct-16,10,2016,VICTORIA,Minor Dam,128,6.4,128.4,100.31
ed1cd59f-acb0-434a-b820-9d4f453a78f9,19/10/2016,Oct-16,10,2016,VICTORIA,Minor Dam,128,6.4,128.4,100.31
73af62a9-bbab-43bd-bc24-483af6d64ab5,20/10/2016,Oct-16,10,2016,VICTORIA,Minor Dam,128,6.4,128.4,100.31
b4b20c81-9ad7-43e3-ad81-74af89b0195e,21/10/2016,Oct-16,10,2016,VICTORIA,Minor Dam,128,6.4,128.4,100.31
74826e16-f569-4eb7-8118-8a040159ec80,22/10/2016,Oct-16,10,2016,VICTORIA,Minor Dam,128,6.4,128.4,100.31
1aedcf47-9e43-40df-b026-18a07bdd63ce,23/10/2016,Oct-16,10,2016,VICTORIA,Minor Dam,128,6.41,128.9,100.7
c4fa1d9e-7d2c-4968-86d4-94296ea26a60,24/10/2016,Oct-16,10,2016,VICTORIA,Minor Dam,128,6.41,128.9,100.7
d5bf5e17-4dc4-4280-a3de-f0680fb47747,25/10/2016,Oct-16,10,2016,VICTORIA,Minor Dam,128,6.41,128.9,100.7
55595da9-7ae5-45ad-81da-86b40e6fb038,26/10/2016,Oct-16,10,2016,VICTORIA,Minor Dam,128,6.41,128.9,100.7
4089822a-77a9-43bf-92df-db8d73573cd2,27/10/2016,Oct-16,10,2016,VICTORIA,Minor Dam,128,6.41,128.9,100.7
5b5c9896-3fea-490f-8031-dcce13ec8398,28/10/2016,Oct-16,10,2016,VICTORIA,Minor Dam,128,6.4,128.4,100.31
3257d275-5d7e-479d-aa47-6940780d9a36,29/10/2016,Oct-16,10,2016,VICTORIA,Minor Dam,128,6.4,128.4,100.31
4d429256-b377-4e58-a3db-28a59eca189b,30/10/2016,Oct-16,10,2016,VICTORIA,Minor Dam,128,6.4,128.4,100.31
6293621b-e438-4421-8295-53f5b7bdfdbc,31/10/2016,Oct-16,10,2016,VICTORIA,Minor Dam,128,6.4,128.4,100.31
4794dd95-609e-4249-bae2-5ee595d15797,01/11/2016,Nov-16,11,2016,VICTORIA,Minor Dam,128,6.4,128.4,100.31
22732415-959c-4ebb-b7a2-4be5c47cbc35,02/11/2016,Nov-16,11,2016,VICTORIA,Minor Dam,128,6.4,128.4,100.31
f4f070ff-f8ed-47e3-ae2f-9092afa194e2,03/11/2016,Nov-16,11,2016,VICTORIA,Minor Dam,128,6.39,127.9,99.92
01ece10a-9b50-473b-91e0-3ffa529610f2,04/11/2016,Nov-16,11,2016,VICTORIA,Minor Dam,128,6.39,127.9,99.92
626208ef-eedb-4506-b17a-b62cc3d87c51,05/11/2016,Nov-16,11,2016,VICTORIA,Minor Dam,128,6.39,127.9,99.92
797c9c3d-5349-4348-8c1b-cd8699429a15,06/11/2016,Nov-16,11,2016,VICTORIA,Minor Dam,128,6.38,127.4,99.53
6d634c8b-aa66-4d75-adc5-8f13b7384795,07/11/2016,Nov-16,11,2016,VICTORIA,Minor Dam,128,6.36,126.5,98.83
779d12d2-2316-43d1-af09-255c9c8d9075,08/11/2016,Nov-16,11,2016,VICTORIA,Minor Dam,128,6.36,126.5,98.83
5ea667b2-2c5c-4f73-adf0-bf58c538b667,09/11/2016,Nov-16,11,2016,VICTORIA,Minor Dam,128,6.35,126,98.44
f8e064e6-723e-438c-9281-aa9ef2d6702c,10/11/2016,Nov-16,11,2016,VICTORIA,Minor Dam,128,6.34,125.5,98.05
87775bbf-02e4-4f19-a701-315a1f9cef58,11/11/2016,Nov-16,11,2016,VICTORIA,Minor Dam,128,6.34,125.5,98.05
939184e4-c683-4ce8-a3bd-df6972828739,12/11/2016,Nov-16,11,2016,VICTORIA,Minor Dam,128,6.33,125,97.66
0caf82c2-eeba-40f1-b4db-96faa41b702f,13/11/2016,Nov-16,11,2016,VICTORIA,Minor Dam,128,6.33,125,97.66
94c5a4e2-8c66-4d6f-830b-820d28e5a9eb,14/11/2016,Nov-16,11,2016,VICTORIA,Minor Dam,128,6.32,124.5,97.27
13cdc749-e26f-47ed-9d38-c0f49086d1bd,15/11/2016,Nov-16,11,2016,VICTORIA,Minor Dam,128,6.31,124,96.88
c9849cc2-1b82-4c1f-8bea-d68653287211,16/11/2016,Nov-16,11,2016,VICTORIA,Minor Dam,128,6.31,124,96.88
998b836f-128f-4579-9b2a-97984bf974e2,17/11/2016,Nov-16,11,2016,VICTORIA,Minor Dam,128,6.3,123.5,96.48
3b34ddb4-39f0-4b07-ae52-179ab666b7ef,18/11/2016,Nov-16,11,2016,VICTORIA,Minor Dam,128,6.3,123.5,96.48
6c645273-f423-4d1c-af71-e10435fd798b,19/11/2016,Nov-16,11,2016,VICTORIA,Minor Dam,128,6.29,123,96.09
bc46629f-ab1d-4cc8-879a-5257dc96c4f8,20/11/2016,Nov-16,11,2016,VICTORIA,Minor Dam,128,6.29,123,96.09
aeb8f30f-f9f3-40a1-a379-ac71eb5eb0b5,21/11/2016,Nov-16,11,2016,VICTORIA,Minor Dam,128,6.28,122.5,95.7
6b2df287-7e91-4595-af8b-d3dda0f44516,22/11/2016,Nov-16,11,2016,VICTORIA,Minor Dam,128,6.27,122,95.31
7b29e97c-d244-458a-9046-bcd3023dd799,23/11/2016,Nov-16,11,2016,VICTORIA,Minor Dam,128,6.26,121.5,94.92
371bf876-fcf4-4a0c-87d7-31b1aa73f505,24/11/2016,Nov-16,11,2016,VICTORIA,Minor Dam,128,6.26,121.5,94.92
4146782b-2953-4e1d-90e3-97d48b54fbe5,25/11/2016,Nov-16,11,2016,VICTORIA,Minor Dam,128,6.26,121.5,94.92
d868e6a2-cb94-4efa-914e-efa556d2a613,26/11/2016,Nov-16,11,2016,VICTORIA,Minor Dam,128,6.26,121.5,94.92
0b9b16e8-86b3-4440-bf47-8599f859e9e2,27/11/2016,Nov-16,11,2016,VICTORIA,Minor Dam,128,6.25,121,94.53
8a33042d-0eb5-4567-a1b8-3e5c33faf2ba,28/11/2016,Nov-16,11,2016,VICTORIA,Minor Dam,128,6.25,121,94.53
9e0aaa2b-a3a1-4396-92b3-8a11ee3b066f,29/11/2016,Nov-16,11,2016,VICTORIA,Minor Dam,128,6.24,120.5,94.14
f3ae43aa-ed92-40e4-bc67-36e9ffbc8026,30/11/2016,Nov-16,11,2016,VICTORIA,Minor Dam,128,6.23,120.1,93.83
04efa706-20c2-4c8e-a33e-6c8b48d6a7d8,01/12/2016,Dec-16,12,2016,VICTORIA,Minor Dam,128,6.23,120.1,93.83
300e02b1-30a0-44ee-ad01-f895e9821c04,02/12/2016,Dec-16,12,2016,VICTORIA,Minor Dam,128,6.2,118.6,92.66
ff2305b2-5e61-4613-8d1c-1d51624bca0c,03/12/2016,Dec-16,12,2016,VICTORIA,Minor Dam,128,6.19,118.1,92.27
88f3c96d-77e5-4ad6-842f-0e0e115c78ac,04/12/2016,Dec-16,12,2016,VICTORIA,Minor Dam,128,6.19,118.1,92.27
6c54c886-aa15-4f88-8bf2-471ab537157d,05/12/2016,Dec-16,12,2016,VICTORIA,Minor Dam,128,6.19,118.1,92.27
b39ba0aa-d720-4cdc-bff7-236a4ae4a7c7,06/12/2016,Dec-16,12,2016,VICTORIA,Minor Dam,128,6.19,118.1,92.27
10837796-2b63-42a7-ab95-e73df17fcfac,07/12/2016,Dec-16,12,2016,VICTORIA,Minor Dam,128,6.18,117.6,91.87
db5731b1-df06-4b14-8f7b-ea07b45e4eae,08/12/2016,Dec-16,12,2016,VICTORIA,Minor Dam,128,6.18,117.6,91.87
19a44540-c8ae-4a0f-8cd5-a895a71e4f00,09/12/2016,Dec-16,12,2016,VICTORIA,Minor Dam,128,6.18,117.6,91.87
eea1a6f7-d65e-4211-9405-f5f388efc908,10/12/2016,Dec-16,12,2016,VICTORIA,Minor Dam,128,6.26,121.5,94.92
ea6dcba7-c7cd-4d2f-9802-1a75c48c0068,11/12/2016,Dec-16,12,2016,VICTORIA,Minor Dam,128,6.26,121.5,94.92
19ae0ba0-a4e9-4810-a200-dec9d90e43b3,12/12/2016,Dec-16,12,2016,VICTORIA,Minor Dam,128,6.28,122.5,95.7
5124bb1a-3680-4311-8030-ff64a3c89095,13/12/2016,Dec-16,12,2016,VICTORIA,Minor Dam,128,6.29,123,96.09
48643769-2c32-4fb7-9e01-71079443e66d,14/12/2016,Dec-16,12,2016,VICTORIA,Minor Dam,128,6.29,123,96.09
272bd3d4-2ad1-4ffc-9741-060c9b431640,15/12/2016,Dec-16,12,2016,VICTORIA,Minor Dam,128,6.28,122.5,95.7
2049980c-14c4-4bb5-a6c2-2e07d88c292f,16/12/2016,Dec-16,12,2016,VICTORIA,Minor Dam,128,6.27,122,95.31
ac66dd14-8111-4974-a3d7-72e9a5effd78,17/12/2016,Dec-16,12,2016,VICTORIA,Minor Dam,128,6.26,121.5,94.92
72b3caf2-2e96-4062-afbe-d7ddf5cd3b7c,18/12/2016,Dec-16,12,2016,VICTORIA,Minor Dam,128,6.26,121.5,94.92
847ea3e0-d3de-4841-b687-f82fcbaf5bda,19/12/2016,Dec-16,12,2016,VICTORIA,Minor Dam,128,6.25,121,94.53
639e0071-6902-4eba-854b-c2a245d2b33c,20/12/2016,Dec-16,12,2016,VICTORIA,Minor Dam,128,6.25,121,94.53
bdc578bc-011d-4925-b91b-621b31527ad9,21/12/2016,Dec-16,12,2016,VICTORIA,Minor Dam,128,6.25,121,94.53
337a5fc8-8885-4519-82d0-25cdb82274d7,22/12/2016,Dec-16,12,2016,VICTORIA,Minor Dam,128,6.25,121,94.53
9ea945fb-5556-4c27-b420-70a6225adcf9,23/12/2016,Dec-16,12,2016,VICTORIA,Minor Dam,128,6.24,120.5,94.14
c36fb17b-8b47-47fb-b5a0-7549d6db8371,24/12/2016,Dec-16,12,2016,VICTORIA,Minor Dam,128,6.24,120.5,94.14
71c83140-8350-4fb0-b0ec-f25bd59fae00,25/12/2016,Dec-16,12,2016,VICTORIA,Minor Dam,128,6.23,120.1,93.83
0d578e45-5aa1-46f1-9ee7-7eeb4982b897,26/12/2016,Dec-16,12,2016,VICTORIA,Minor Dam,128,6.22,119.6,93.44
dc891374-6761-49f1-aeb7-ff2fc1b939f7,27/12/2016,Dec-16,12,2016,VICTORIA,Minor Dam,128,6.22,119.6,93.44
41c64b1d-4f61-4b31-97a7-0093c5000530,28/12/2016,Dec-16,12,2016,VICTORIA,Minor Dam,128,6.22,119.6,93.44
ece0cb76-9943-4765-b902-5001a1b2b331,29/12/2016,Dec-16,12,2016,VICTORIA,Minor Dam,128,6.22,119.6,93.44
c3e668c7-8bbf-434b-883f-48b19821ed76,30/12/2016,Dec-16,12,2016,VICTORIA,Minor Dam,128,6.21,119.1,93.05
997d63b2-837d-4e89-8c87-188156a4c31e,31/12/2016,Dec-16,12,2016,VICTORIA,Minor Dam,128,6.21,119.1,93.05
2306a040-5a16-42cd-99ae-044201b52dff,01/01/2017,Jan-17,1,2017,VICTORIA,Minor Dam,128,6.2,118.6,92.66
381c8b24-7cf9-4358-bfa0-3125dd829d3b,02/01/2017,Jan-17,1,2017,VICTORIA,Minor Dam,128,6.19,118.1,92.27
0163c22e-d252-4adb-bd66-8c74258f4df9,03/01/2017,Jan-17,1,2017,VICTORIA,Minor Dam,128,6.18,117.6,91.87
5e6ac8b2-6d87-436b-8d9e-30aaa6182104,04/01/2017,Jan-17,1,2017,VICTORIA,Minor Dam,128,6.17,117.1,91.48
2faa9aeb-7282-4620-8eaa-7f96c200318a,05/01/2017,Jan-17,1,2017,VICTORIA,Minor Dam,128,6.16,116.6,91.09
a1932c20-61a0-4419-a6b6-b1e24f2b4da0,06/01/2017,Jan-17,1,2017,VICTORIA,Minor Dam,128,6.15,116.1,90.7
e2c34871-d023-49a3-a908-dea6cb06c140,07/01/2017,Jan-17,1,2017,VICTORIA,Minor Dam,128,6.14,115.6,90.31
8a02f393-4957-456f-af9f-1ee216c3779e,08/01/2017,Jan-17,1,2017,VICTORIA,Minor Dam,128,6.13,115.1,89.92
abb0e45f-c172-418a-8dc4-5beb68a0bcf7,09/01/2017,Jan-17,1,2017,VICTORIA,Minor Dam,128,6.13,115.1,89.92
372aa22b-cb20-47fa-9e56-bfe3471d59cd,10/01/2017,Jan-17,1,2017,VICTORIA,Minor Dam,128,6.12,114.6,89.53
deb44334-5e21-4d83-82f8-1ef1c8f364e7,11/01/2017,Jan-17,1,2017,VICTORIA,Minor Dam,128,6.12,114.6,89.53
ad6a2de8-f87a-41d5-ac78-df955d383230,12/01/2017,Jan-17,1,2017,VICTORIA,Minor Dam,128,6.11,114.1,89.14
b334f69f-7162-4bf5-a3ad-a7d0afdcfa27,13/01/2017,Jan-17,1,2017,VICTORIA,Minor Dam,128,6.11,114.1,89.14
a3eb6463-d7de-4565-b043-5bcfa79f0fab,14/01/2017,Jan-17,1,2017,VICTORIA,Minor Dam,128,6.1,113.7,88.83
c0464084-4923-4a5a-b78d-6558d58b697d,15/01/2017,Jan-17,1,2017,VICTORIA,Minor Dam,128,6.09,113.2,88.44
e1e02488-a6ee-4836-aaa6-08076e59f28d,16/01/2017,Jan-17,1,2017,VICTORIA,Minor Dam,128,6.09,113.2,88.44
4207063c-6230-4ff9-8181-033b6e4d11ff,17/01/2017,Jan-17,1,2017,VICTORIA,Minor Dam,128,6.09,113.2,88.44
cc71dcde-6c9a-4173-946c-4ed6a5496c46,18/01/2017,Jan-17,1,2017,VICTORIA,Minor Dam,128,6.07,112.3,87.73
1bdb09b0-60b5-40b0-8d3c-794d17434edc,19/01/2017,Jan-17,1,2017,VICTORIA,Minor Dam,128,6.06,111.9,87.42
843ee969-990a-47e0-9ef2-9ef2d5eee90c,20/01/2017,Jan-17,1,2017,VICTORIA,Minor Dam,128,6.05,111.5,87.11
f682366f-f124-41b7-bdcf-b2123f1d0849,21/01/2017,Jan-17,1,2017,VICTORIA,Minor Dam,128,6.05,111.5,87.11
da484aea-289b-4d34-9545-3cf45282bad3,22/01/2017,Jan-17,1,2017,VICTORIA,Minor Dam,128,6.04,111,86.72
b6ba1380-d8b2-422c-9164-cd1a022c6830,23/01/2017,Jan-17,1,2017,VICTORIA,Minor Dam,128,6.04,111,86.72
28398c74-d4d1-4d59-a292-3f194bdfd43b,24/01/2017,Jan-17,1,2017,VICTORIA,Minor Dam,128,6.03,110.6,86.41
78776c66-a4e2-4436-a341-3f3bf10e7833,25/01/2017,Jan-17,1,2017,VICTORIA,Minor Dam,128,6.02,110.1,86.02
d49b6068-d0dc-43f8-9055-b7fe5aed8903,26/01/2017,Jan-17,1,2017,VICTORIA,Minor Dam,128,6.02,110.1,86.02
28fbdce9-5ae2-47bc-bc91-22aba2458280,27/01/2017,Jan-17,1,2017,VICTORIA,Minor Dam,128,6.02,110.1,86.02
bdc94bc3-6520-4e90-9cd8-b326f10d684b,28/01/2017,Jan-17,1,2017,VICTORIA,Minor Dam,128,6.05,111.5,87.11
be9fa759-559b-45b8-a17e-8082973bb723,29/01/2017,Jan-17,1,2017,VICTORIA,Minor Dam,128,6.04,111,86.72
b02328dc-9f44-49c6-933a-f6c04458798e,30/01/2017,Jan-17,1,2017,VICTORIA,Minor Dam,128,6.03,110.6,86.41
04617208-7d91-47d3-9cbc-23fe34b98b8e,31/01/2017,Jan-17,1,2017,VICTORIA,Minor Dam,128,6.05,111.5,87.11
8c39ff4b-b4a8-4c92-856b-dc3b26604a14,01/02/2017,Feb-17,2,2017,VICTORIA,Minor Dam,128,6.04,111,86.72
0a4026fc-8a7d-4776-aa72-ddc3354c4579,02/02/2017,Feb-17,2,2017,VICTORIA,Minor Dam,128,6.03,110.6,86.41
7c10617d-df67-450e-9d0f-a2ef4827982b,03/02/2017,Feb-17,2,2017,VICTORIA,Minor Dam,128,6.02,110.13,86.04
41e4db1b-403d-4cbb-805e-8977a3c45428,04/02/2017,Feb-17,2,2017,VICTORIA,Minor Dam,128,6.01,109.69,85.7
2123b375-de2d-477d-a5b1-df186cbd49de,05/02/2017,Feb-17,2,2017,VICTORIA,Minor Dam,128,6.03,110.57,86.38
15da20c1-948d-464d-8e4d-202debf21b45,06/02/2017,Feb-17,2,2017,VICTORIA,Minor Dam,128,6.03,110.57,86.38
5ed7a869-5fc5-4c3f-a80c-a23bbe6260e4,07/02/2017,Feb-17,2,2017,VICTORIA,Minor Dam,128,6.01,109.69,85.7
43baa8d6-ff8f-477b-87e4-613d32ec1f23,08/02/2017,Feb-17,2,2017,VICTORIA,Minor Dam,128,6,109.25,85.35
f0db1f28-db4d-47dc-b4b4-ec00a876d9e3,09/02/2017,Feb-17,2,2017,VICTORIA,Minor Dam,128,5.99,108.81,85.01
0c8e71e0-62a4-4af5-98e3-2c24bfa62593,10/02/2017,Feb-17,2,2017,VICTORIA,Minor Dam,128,5.98,108.37,84.66
51a7df36-42cd-4b19-984e-49b64bac8da6,11/02/2017,Feb-17,2,2017,VICTORIA,Minor Dam,128,5.98,108.37,84.66
7802fa78-2d2b-461b-9b7f-3a484574f992,12/02/2017,Feb-17,2,2017,VICTORIA,Minor Dam,128,5.97,107.93,84.32
e8328d8f-d1d7-4247-aadb-bb80cf86210d,13/02/2017,Feb-17,2,2017,VICTORIA,Minor Dam,128,5.97,107.93,84.32
0e8dd2cb-ce35-4302-9c2e-596d5496ffa0,14/02/2017,Feb-17,2,2017,VICTORIA,Minor Dam,128,5.97,107.93,84.32
0eeda6f8-00ad-4c1a-be13-ce490811f6be,15/02/2017,Feb-17,2,2017,VICTORIA,Minor Dam,128,5.94,106.61,83.29
af2d8db8-a84c-4817-aebe-022e38021b97,16/02/2017,Feb-17,2,2017,VICTORIA,Minor Dam,128,5.93,106.17,82.95
ab8f4ff5-52ce-4b69-9b92-78f98d00809b,17/02/2017,Feb-17,2,2017,VICTORIA,Minor Dam,128,5.92,105.73,82.6
40fa8f5e-01a7-46b3-99b8-9bc9a56bac36,18/02/2017,Feb-17,2,2017,VICTORIA,Minor Dam,128,5.91,105.29,82.26
642bfea2-7635-45b1-926e-ab36a20972d5,19/02/2017,Feb-17,2,2017,VICTORIA,Minor Dam,128,5.91,105.29,82.26
83ef890e-6f64-42e4-989f-2b621e41de6a,20/02/2017,Feb-17,2,2017,VICTORIA,Minor Dam,128,5.91,105.29,82.26
404112e1-da59-492e-ae50-9b3502599312,21/02/2017,Feb-17,2,2017,VICTORIA,Minor Dam,128,5.9,104.85,81.91
855c223f-f9c2-4853-9dc7-e325377ecceb,22/02/2017,Feb-17,2,2017,VICTORIA,Minor Dam,128,5.9,104.85,81.91
b055792b-7d3b-453e-961e-e3263f3d0f53,23/02/2017,Feb-17,2,2017,VICTORIA,Minor Dam,128,5.89,104.41,81.57
43ed60c4-7dca-4d54-82d1-3b6fb9e6927a,24/02/2017,Feb-17,2,2017,VICTORIA,Minor Dam,128,5.88,103.97,81.23
2aded258-d9f8-44fb-934d-a45664b508a3,25/02/2017,Feb-17,2,2017,VICTORIA,Minor Dam,128,5.86,103.09,80.54
ee38e2df-0ff3-47c9-884c-ab55bf49d20f,26/02/2017,Feb-17,2,2017,VICTORIA,Minor Dam,128,5.85,102.65,80.2
e0d500cf-d50d-4558-8b33-b36542d903a9,27/02/2017,Feb-17,2,2017,VICTORIA,Minor Dam,128,5.84,102.21,79.85
099a7791-a061-477c-b7d7-287266e890a5,28/02/2017,Feb-17,2,2017,VICTORIA,Minor Dam,128,5.83,101.77,79.51
d4041db8-9c88-4ceb-8134-07f72216e416,01/03/2017,Mar-17,3,2017,VICTORIA,Minor Dam,128,5.82,101.33,79.16
7018ca3f-5546-4030-b615-6b75424034c9,02/03/2017,Mar-17,3,2017,VICTORIA,Minor Dam,128,5.81,100.9,78.83
ead6c4b2-3812-4dba-8df3-c072dd77f509,03/03/2017,Mar-17,3,2017,VICTORIA,Minor Dam,128,5.8,100.45,78.48
16983b85-3b52-476d-b3e6-57ad07eee1d7,04/03/2017,Mar-17,3,2017,VICTORIA,Minor Dam,128,5.79,100.01,78.13
3db5ef7b-ce05-4841-88ff-17a91a6fadfb,05/03/2017,Mar-17,3,2017,VICTORIA,Minor Dam,128,5.79,100.01,78.13
97b84621-6273-41ff-9267-5bdafb116616,06/03/2017,Mar-17,3,2017,VICTORIA,Minor Dam,128,5.79,100.01,78.13
ccffa409-3c08-4b64-9658-287b4e61eafd,07/03/2017,Mar-17,3,2017,VICTORIA,Minor Dam,128,5.79,100.01,78.13
cf9cb60a-d075-4292-87cb-9b6a2eaeeeef,08/03/2017,Mar-17,3,2017,VICTORIA,Minor Dam,128,5.78,99.6,77.81
b82f6995-43bf-4e66-a355-4712ee8d6620,09/03/2017,Mar-17,3,2017,VICTORIA,Minor Dam,128,5.77,99.18,77.48
021da492-9b7c-471b-af17-1488ac914886,10/03/2017,Mar-17,3,2017,VICTORIA,Minor Dam,128,5.77,99.18,77.48
74123fc6-1f7a-40b7-b9dd-1eb5ec48d18f,11/03/2017,Mar-17,3,2017,VICTORIA,Minor Dam,128,5.76,98.76,77.16
242b1fba-bfdf-4b96-9e10-bbbb5e873e33,12/03/2017,Mar-17,3,2017,VICTORIA,Minor Dam,128,5.75,98.35,76.84
3357aadf-5c34-4bc5-a292-84547647f78a,13/03/2017,Mar-17,3,2017,VICTORIA,Minor Dam,128,5.75,98.35,76.84
5bda9c59-4db5-4891-8c22-1f4392465e04,14/03/2017,Mar-17,3,2017,VICTORIA,Minor Dam,128,5.74,97.93,76.51
18296a14-a898-44c7-a5a5-08f65c89afd5,15/03/2017,Mar-17,3,2017,VICTORIA,Minor Dam,128,5.73,97.51,76.18
76330a68-d90e-4a6a-922b-c976e4dc2607,16/03/2017,Mar-17,3,2017,VICTORIA,Minor Dam,128,5.74,97.93,76.51
497bb2fd-a665-4cae-9043-b291bc2bff7c,17/03/2017,Mar-17,3,2017,VICTORIA,Minor Dam,128,5.75,98.35,76.84
4e1eade0-8073-426c-9a67-4001795721f7,18/03/2017,Mar-17,3,2017,VICTORIA,Minor Dam,128,5.75,98.35,76.84
211d90e1-903b-4ddb-84c9-6bf004b40d1b,19/03/2017,Mar-17,3,2017,VICTORIA,Minor Dam,128,5.75,98.35,76.84
07365fb3-b7f9-40c1-b7b2-edfcc73ae2ee,20/03/2017,Mar-17,3,2017,VICTORIA,Minor Dam,128,5.74,97.93,76.51
d8a22a69-e99c-4fbd-8c8b-dec882de548c,21/03/2017,Mar-17,3,2017,VICTORIA,Minor Dam,128,5.73,97.51,76.18
09eb65d6-ffcf-493b-aa2c-d46abf022269,22/03/2017,Mar-17,3,2017,VICTORIA,Minor Dam,128,5.72,97.1,75.86
a789a37e-de94-4d97-94ac-777d07fed3eb,23/03/2017,Mar-17,3,2017,VICTORIA,Minor Dam,128,5.72,97.1,75.86
e71302ef-11de-444f-829a-efa81aa2d3b5,24/03/2017,Mar-17,3,2017,VICTORIA,Minor Dam,128,5.71,96.63,75.49
d9baf0aa-9c5e-4ea4-91f9-902017473056,25/03/2017,Mar-17,3,2017,VICTORIA,Minor Dam,128,5.72,97.1,75.86
31034241-6f5a-497d-9a20-757a2f71d240,26/03/2017,Mar-17,3,2017,VICTORIA,Minor Dam,128,5.72,97.1,75.86
2c86bb92-0f7e-449b-a243-e9e6a77ee3e1,27/03/2017,Mar-17,3,2017,VICTORIA,Minor Dam,128,5.69,95.85,74.88
9acbbd01-e544-4bf9-b49a-029b51b07025,28/03/2017,Mar-17,3,2017,VICTORIA,Minor Dam,128,5.69,95.85,74.88
344a2764-6b7a-4c69-bdfb-61e3419b1749,29/03/2017,Mar-17,3,2017,VICTORIA,Minor Dam,128,5.68,95.43,74.55
80f0dcae-90b1-4e37-b34f-6c0413b9f6f8,30/03/2017,Mar-17,3,2017,VICTORIA,Minor Dam,128,5.68,95.43,74.55
92cff4ab-9fdc-4130-8781-de5be2e39006,31/03/2017,Mar-17,3,2017,VICTORIA,Minor Dam,128,5.68,95.43,74.55
b16144c6-4837-4751-9272-3fe315168351,01/04/2017,Apr-17,4,2017,VICTORIA,Minor Dam,128,5.68,95.43,74.55
c8f9ef94-179f-4f01-a726-3396ec6e4387,02/04/2017,Apr-17,4,2017,VICTORIA,Minor Dam,128,5.68,95.43,74.55
dd73e199-979f-4c05-98b5-dbc18680f84e,03/04/2017,Apr-17,4,2017,VICTORIA,Minor Dam,128,5.68,95.43,74.55
636f0e6d-bcfd-4a83-aa26-08e2c154078e,04/04/2017,Apr-17,4,2017,VICTORIA,Minor Dam,128,5.68,95.43,74.55
77fc99ef-cc00-48a5-94a8-7b506cf5b8d8,05/04/2017,Apr-17,4,2017,VICTORIA,Minor Dam,128,5.68,95.43,74.55
dbb38f9b-ba1a-44a4-905e-7d12d155c88b,06/04/2017,Apr-17,4,2017,VICTORIA,Minor Dam,128,5.68,95.43,74.55
402e1149-f9e7-4d59-8373-74b0c2abde4b,07/04/2017,Apr-17,4,2017,VICTORIA,Minor Dam,128,5.67,95.01,74.23
c1acaca0-ea07-46f1-ad17-f3cf4128c1a8,08/04/2017,Apr-17,4,2017,VICTORIA,Minor Dam,128,5.66,94.6,73.91
93b600dc-445d-49d9-9e37-1623d635d4e8,09/04/2017,Apr-17,4,2017,VICTORIA,Minor Dam,128,5.65,94.18,73.58
e3414517-e987-47d6-9665-5aa40f512ccc,10/04/2017,Apr-17,4,2017,VICTORIA,Minor Dam,128,5.64,93.76,73.25
a2e7cb0a-6e75-4872-abfb-bbab3cdc0b68,11/04/2017,Apr-17,4,2017,VICTORIA,Minor Dam,128,5.64,93.76,73.25
2c0fcf5a-84c3-4bd5-844a-9283b34f5da4,12/04/2017,Apr-17,4,2017,VICTORIA,Minor Dam,128,5.64,93.76,73.25
f7804673-5f56-45d2-9d5c-df06bfb4588e,13/04/2017,Apr-17,4,2017,VICTORIA,Minor Dam,128,5.62,92.93,72.6
0e27d18a-60c3-42a8-8ecc-f64c812719db,14/04/2017,Apr-17,4,2017,VICTORIA,Minor Dam,128,5.63,93.35,72.93
88429368-c8ef-47e0-b2ea-5253e7b3d636,15/04/2017,Apr-17,4,2017,VICTORIA,Minor Dam,128,5.66,94.6,73.91
f8660165-72f6-4a7e-9dde-171e46dd45d5,16/04/2017,Apr-17,4,2017,VICTORIA,Minor Dam,128,5.65,94.18,73.58
c20c56d7-b7f1-4f26-b273-9364fb050c22,17/04/2017,Apr-17,4,2017,VICTORIA,Minor Dam,128,5.65,94.18,73.58
276f7c83-5fd7-4a59-a290-1d37264f3280,18/04/2017,Apr-17,4,2017,VICTORIA,Minor Dam,128,5.64,93.76,73.25
602be75d-edf4-43d5-8c62-cfb633e3e9c4,19/04/2017,Apr-17,4,2017,VICTORIA,Minor Dam,128,5.64,93.76,73.25
6052549d-7353-44a8-b8ce-82de3bd19e7b,20/04/2017,Apr-17,4,2017,VICTORIA,Minor Dam,128,5.64,93.76,73.25
1b7e43c8-7b25-4a6d-8a9f-f755f2429184,21/04/2017,Apr-17,4,2017,VICTORIA,Minor Dam,128,5.63,93.35,72.93
fa9a3fa8-e66e-407e-bf4e-a3a641773a95,22/04/2017,Apr-17,4,2017,VICTORIA,Minor Dam,128,5.63,93.35,72.93
c9d0415b-d21f-4c00-9b30-d0e5e9484e52,23/04/2017,Apr-17,4,2017,VICTORIA,Minor Dam,128,5.63,93.35,72.93
1d77eb0d-9d6b-49a9-b832-c183b4778585,24/04/2017,Apr-17,4,2017,VICTORIA,Minor Dam,128,5.62,92.93,72.6
68018ada-294b-4fba-b9e5-fd4dc3ebf8c6,25/04/2017,Apr-17,4,2017,VICTORIA,Minor Dam,128,5.61,92.51,72.27
6fb2f7f4-7e05-4cc2-bdff-a4aac43226af,26/04/2017,Apr-17,4,2017,VICTORIA,Minor Dam,128,5.6,92.1,71.95
d18b2131-0dc3-4c4d-8cdc-27a8170d6b9a,27/04/2017,Apr-17,4,2017,VICTORIA,Minor Dam,128,5.6,92.1,71.95
54ba3d3e-7b4e-49f3-84b1-99546d0ac8b2,28/04/2017,Apr-17,4,2017,VICTORIA,Minor Dam,128,5.6,92.1,71.95
64cb0793-2d76-480a-abad-c47224aaa5f4,29/04/2017,Apr-17,4,2017,VICTORIA,Minor Dam,128,5.59,91.68,71.63
d658e579-9342-4e56-93c6-fc64368e325a,30/04/2017,Apr-17,4,2017,VICTORIA,Minor Dam,128,5.58,91.26,71.3
59d0f721-3681-49de-b109-49a29daf7e49,01/05/2017,May-17,5,2017,VICTORIA,Minor Dam,128,5.58,91.26,71.3
6b27af8f-a635-46be-80bd-3c17b7da7ebe,02/05/2017,May-17,5,2017,VICTORIA,Minor Dam,128,5.58,91.26,71.3
50b78bcf-5eab-419b-85d3-2c5ad9741ee2,03/05/2017,May-17,5,2017,VICTORIA,Minor Dam,128,5.59,91.68,71.63
f14c08f0-a7cf-4800-b0d5-de1a724a1b09,04/05/2017,May-17,5,2017,VICTORIA,Minor Dam,128,5.57,90.85,70.98
d26e1bd1-7894-4238-8203-fa0218d5bf25,05/05/2017,May-17,5,2017,VICTORIA,Minor Dam,128,5.57,90.85,70.98
d9ff58b3-d83a-4119-9d71-8ef57504d0b5,06/05/2017,May-17,5,2017,VICTORIA,Minor Dam,128,5.55,90.01,70.32
4aee49f6-23d8-4b62-9fc4-7474c15b50e3,07/05/2017,May-17,5,2017,VICTORIA,Minor Dam,128,5.55,90.01,70.32
970b6097-b904-49b7-8e52-de296a966066,08/08/2017,Aug-17,8,2017,VICTORIA,Minor Dam,128,5.56,90.43,70.65
49d7645d-36cb-4752-bbbc-2f88c82305ed,09/05/2017,May-17,5,2017,VICTORIA,Minor Dam,128,5.56,90.43,70.65
d8f8a183-0f62-46b1-8208-7c9605111094,10/05/2017,May-17,5,2017,VICTORIA,Minor Dam,128,5.55,90.01,70.32
279b1fb7-448c-475f-ba04-77b12a40f086,11/05/2017,May-17,5,2017,VICTORIA,Minor Dam,128,5.55,90.01,70.32
d080a157-8e63-4a9b-b80b-2be1fbe33e28,12/05/2017,May-17,5,2017,VICTORIA,Minor Dam,128,5.56,90.43,70.65
48f572db-3f48-488d-9728-aad1c1a57211,13/05/2017,May-17,5,2017,VICTORIA,Minor Dam,128,5.57,90.85,70.98
c9a78914-f559-46e2-a3ae-3a2412a88333,14/05/2017,May-17,5,2017,VICTORIA,Minor Dam,128,5.56,90.43,70.65
62a4e24c-bd02-4ecf-a6fa-e0047b3a99bf,15/05/2017,May-17,5,2017,VICTORIA,Minor Dam,128,5.55,90.01,70.32
6240c8bd-d944-4b4e-aa8a-429bb4324725,16/05/2017,May-17,5,2017,VICTORIA,Minor Dam,128,5.54,89.6,70
1000c56d-716d-4347-8a11-9e6d267a10fe,17/05/2017,May-17,5,2017,VICTORIA,Minor Dam,128,5.54,89.6,70
a8b7da3f-680b-4764-9ec0-c46cb3d37608,18/05/2017,May-17,5,2017,VICTORIA,Minor Dam,128,5.54,89.6,70
3982a329-08b6-45fc-b866-783e648135aa,19/05/2017,May-17,5,2017,VICTORIA,Minor Dam,128,5.53,89.18,69.67
b61b2edf-a2a5-4e4d-9b42-23ea68e9368a,20/05/2017,May-17,5,2017,VICTORIA,Minor Dam,128,5.53,89.18,69.67
7ab5cfcb-4317-4e01-9c39-c8a2509492a6,21/05/2017,May-17,5,2017,VICTORIA,Minor Dam,128,5.53,89.18,69.67
0aba525f-0d42-41cf-bb46-dc32e0c6c9f8,22/05/2017,May-17,5,2017,VICTORIA,Minor Dam,128,5.52,88.76,69.34
27b681b6-e58c-4497-af50-6ab2439f58b8,23/05/2017,May-17,5,2017,VICTORIA,Minor Dam,128,5.51,88.34,69.02
7a84e59f-ee8b-499d-989c-68a4564fc4c0,24/05/2017,May-17,5,2017,VICTORIA,Minor Dam,128,5.5,87.93,68.7
f7e67ca9-b968-4623-9c5d-c7da1b20a658,25/05/2017,May-17,5,2017,VICTORIA,Minor Dam,128,5.5,87.93,68.7
f64e0ea9-4bcc-4d01-80b4-a101f6ec3ce8,26/05/2017,May-17,5,2017,VICTORIA,Minor Dam,128,5.5,87.93,68.7
17f630c1-c27b-4afa-93a7-4b5260f1ce32,27/05/2017,May-17,5,2017,VICTORIA,Minor Dam,128,5.5,87.93,68.7
fc12b23c-63e6-448a-828d-25f5363b0fc4,28/05/2017,May-17,5,2017,VICTORIA,Minor Dam,128,5.53,89.18,69.67
30cb7706-eba1-4054-b078-a88ba2ef5779,29/05/2017,May-17,5,2017,VICTORIA,Minor Dam,128,5.54,89.6,70
5e1c4b56-f254-4077-8438-ad2af44dc1a8,30/05/2017,May-17,5,2017,VICTORIA,Minor Dam,128,5.51,88.34,69.02
994738e5-1914-4216-9a08-c8dea73b66ec,31/05/2017,May-17,5,2017,VICTORIA,Minor Dam,128,5.5,87.93,68.7
497ba489-4848-420d-8ef7-27e24c822797,01/06/2017,Jun-17,6,2017,VICTORIA,Minor Dam,128,5.49,87.51,68.37
9daf8e63-354d-47f6-bad3-2ad25585b5a1,02/06/2017,Jun-17,6,2017,VICTORIA,Minor Dam,128,5.48,87.14,68.08
19cb4987-02c1-44c0-b13d-5c4e5241d8b3,03/06/2017,Jun-17,6,2017,VICTORIA,Minor Dam,128,5.48,87.14,68.08
fd49a952-1eea-4f9a-ba1d-904ddcbdc16b,04/06/2017,Jun-17,6,2017,VICTORIA,Minor Dam,128,5.5,87.93,68.7
cb3fb90c-fbc0-4f72-8e18-e279627c92c9,05/06/2017,Jun-17,6,2017,VICTORIA,Minor Dam,128,5.51,88.34,69.02
dbd77a1e-5970-48cc-910b-fd3487bf25ac,06/06/2017,Jun-17,6,2017,VICTORIA,Minor Dam,128,5.51,88.34,69.02
987796f2-b6e3-45d9-a205-764295c0f28f,07/06/2017,Jun-17,6,2017,VICTORIA,Minor Dam,128,5.5,87.93,68.7
0b69f924-2f38-4bc9-a47f-9db01b2e6c50,08/06/2017,Jun-17,6,2017,VICTORIA,Minor Dam,128,5.51,88.34,69.02
990f1531-d8c7-4d84-8bcb-9c5f2d384883,09/06/2017,Jun-17,6,2017,VICTORIA,Minor Dam,128,5.54,89.6,70
1042965b-1778-402f-a7f6-966e92df1732,10/06/2017,Jun-17,6,2017,VICTORIA,Minor Dam,128,5.54,89.6,70
4f592260-fcf7-4fa3-ad2e-d5df630fff95,11/06/2017,Jun-17,6,2017,VICTORIA,Minor Dam,128,5.54,89.6,70
cc21bd84-be99-49af-8aab-89945d282fb4,12/06/2017,Jun-17,6,2017,VICTORIA,Minor Dam,128,5.56,90.43,70.65
e7f64427-f44c-42a1-819a-2ca6fd9ef243,13/06/2017,Jun-17,6,2017,VICTORIA,Minor Dam,128,5.61,92.51,72.27
8fecfb9d-cf78-4e43-b8cb-e10719d1cbd5,14/06/2017,Jun-17,6,2017,VICTORIA,Minor Dam,128,5.72,97.1,75.86
1a958a8f-cd4d-473f-b422-cdf597607229,15/06/2017,Jun-17,6,2017,VICTORIA,Minor Dam,128,5.87,103.53,80.88
8e9a22be-18fe-4b66-bb4e-45835c1dd5c2,16/06/2017,Jun-17,6,2017,VICTORIA,Minor Dam,128,5.91,105.29,82.26
f7de0596-c85e-4ac8-9f30-663b81b01bd7,17/06/2017,Jun-17,6,2017,VICTORIA,Minor Dam,128,5.89,104.41,81.57
3648146e-cf69-434c-9bff-008627939c4e,18/06/2017,Jun-17,6,2017,VICTORIA,Minor Dam,128,5.95,107.05,83.63
464f5b8f-0f9c-43f3-81f0-b5dbdf3505df,19/06/2017,Jun-17,6,2017,VICTORIA,Minor Dam,128,5.98,108.37,84.66
d11dff59-8674-4538-971f-7913e7d0dba8,20/06/2017,Jun-17,6,2017,VICTORIA,Minor Dam,128,6,109.25,85.35
6d6eb466-493f-4de8-9171-82d0700874de,21/06/2017,Jun-17,6,2017,VICTORIA,Minor Dam,128,6.11,114.14,89.17
00d5aa37-1995-4b5b-aee1-59b1c467933e,22/06/2017,Jun-17,6,2017,VICTORIA,Minor Dam,128,6.11,114.14,89.17
855adb4b-c95f-4e9e-9dae-c4b4cf902198,23/06/2017,Jun-17,6,2017,VICTORIA,Minor Dam,128,6.22,119.56,93.41
d3592d28-647b-481d-b0f1-85186c5b8dff,24/06/2017,Jun-17,6,2017,VICTORIA,Minor Dam,128,6.26,121.53,94.95
a62c688a-b617-405e-882a-7ce5146bbd88,25/06/2017,Jun-17,6,2017,VICTORIA,Minor Dam,128,6.28,122.52,95.72
1370cbee-11f5-4137-a169-fb5a02ada0ec,26/06/2017,Jun-17,6,2017,VICTORIA,Minor Dam,128,6.27,122.02,95.33
6cdc5772-fde9-40a2-8db5-f86218edb179,27/06/2017,Jun-17,6,2017,VICTORIA,Minor Dam,128,6.27,122.02,95.33
e00e9072-5c1d-4bcc-aed2-102f9a2a10db,28/06/2017,Jun-17,6,2017,VICTORIA,Minor Dam,128,6.27,122.02,95.33
627f1e1c-75b3-4d67-8973-ba04de652c0a,29/06/2017,Jun-17,6,2017,VICTORIA,Minor Dam,128,6.31,124,96.88
e5216743-a126-449b-8cf8-aea711826601,30/06/2017,Jun-17,6,2017,VICTORIA,Minor Dam,128,6.31,124,96.88
7def68fd-8ead-497e-9c19-1e22224895f2,01/07/2017,Jul-17,7,2017,VICTORIA,Minor Dam,128,6.32,124.49,97.26
b70749de-6d97-45de-bb84-0ea61cc27e1b,02/07/2017,Jul-17,7,2017,VICTORIA,Minor Dam,128,6.41,128.91,100.71
63dd88b6-4c1c-4ee6-89ac-f498dc383582,03/07/2017,Jul-17,7,2017,VICTORIA,Minor Dam,128,6.43,129.88,101.47
10adaefe-f6f8-44f2-b5f3-9761e111fef0,04/07/2017,Jul-17,7,2017,VICTORIA,Minor Dam,128,6.44,130.37,101.85
a4612a36-7a5f-42a9-b760-4c6013baec4f,05/07/2017,Jul-17,7,2017,VICTORIA,Minor Dam,128,6.44,130.37,101.85
2a2958af-d967-447a-8d04-c259d2181b3b,06/07/2017,Jul-17,7,2017,VICTORIA,Minor Dam,128,6.43,129.88,101.47
0f2f29da-03e7-4166-afed-5847b07101a0,07/07/2017,Jul-17,7,2017,VICTORIA,Minor Dam,128,6.42,129.4,101.09
afd77a7b-5a13-482d-8ff5-92b91cce66f7,08/07/2017,Jul-17,7,2017,VICTORIA,Minor Dam,128,6.41,128.91,100.71
0f667a17-2f45-4967-ab66-e82aa347e7af,09/07/2017,Jul-17,7,2017,VICTORIA,Minor Dam,128,6.4,128.43,100.34
0c8d5c58-290f-4a85-bc35-a5520267b07e,10/07/2017,Jul-17,7,2017,VICTORIA,Minor Dam,128,6.4,128.43,100.34
c425674b-2211-4e09-977b-e87c80e5c0fa,11/07/2017,Jul-17,7,2017,VICTORIA,Minor Dam,128,6.44,130.37,101.85
e325b4ff-3a8e-4e0f-8f16-d2231fa38adc,12/07/2017,Jul-17,7,2017,VICTORIA,Minor Dam,128,6.43,129.88,101.47
7c39166e-42e3-4b39-9a36-7553117ac24f,13/07/2017,Jul-17,7,2017,VICTORIA,Minor Dam,128,6.43,129.88,101.47
2bdb625d-f4ef-48f0-ae9f-8437fd822ff6,14/07/2017,Jul-17,7,2017,VICTORIA,Minor Dam,128,6.42,129.4,101.09
ce36f2dd-94e5-45e6-bb71-9ea663961289,15/07/2017,Jul-17,7,2017,VICTORIA,Minor Dam,128,6.41,128.91,100.71
70716b8b-3aea-4341-a360-d06eac467468,16/07/2017,Jul-17,7,2017,VICTORIA,Minor Dam,128,6.44,130.37,101.85
dc8b3f50-07b5-4d5a-94b8-7333b91e354d,17/07/2017,Jul-17,7,2017,VICTORIA,Minor Dam,128,6.47,131.82,102.98
6798e8cf-5079-4a47-8b5d-a539aecb3060,18/07/2017,Jul-17,7,2017,VICTORIA,Minor Dam,128,6.43,129.88,101.47
4fbc3ad0-15df-443b-89e3-b14de4da610a,19/07/2017,Jul-17,7,2017,VICTORIA,Minor Dam,128,6.43,129.88,101.47
fb4a98f2-47fb-4cd5-994c-4d55ce69ac5d,20/07/2017,Jul-17,7,2017,VICTORIA,Minor Dam,128,6.42,129.4,101.09
a5fc3e4b-e68a-404d-a6ef-69c547baf74a,21/07/2017,Jul-17,7,2017,VICTORIA,Minor Dam,128,6.45,130.85,102.23
3f16dee3-e2dd-4066-83f5-20f5997f065f,22/07/2017,Jul-17,7,2017,VICTORIA,Minor Dam,128,6.42,129.4,101.09
bb409e16-c625-4728-a7cf-ba73e6830606,23/07/2017,Jul-17,7,2017,VICTORIA,Minor Dam,128,6.44,130.37,101.85
b724ea76-3e60-43a8-86ac-350ab41c680d,24/07/2017,Jul-17,7,2017,VICTORIA,Minor Dam,128,6.43,129.88,101.47
ccd5864c-2f40-4b9a-bfe2-1bde1739d481,25/07/2017,Jul-17,7,2017,VICTORIA,Minor Dam,128,6.42,129.4,101.09
78849f44-c76c-4703-83e6-efa7d5bc4b9a,26/07/2017,Jul-17,7,2017,VICTORIA,Minor Dam,128,6.43,129.88,101.47
4603d9ce-b88e-4e79-9280-07c793c3e41f,27/07/2017,Jul-17,7,2017,VICTORIA,Minor Dam,128,6.43,129.88,101.47
de759d5b-05c1-4d78-b5e6-89418a84da0f,28/07/2017,Jul-17,7,2017,VICTORIA,Minor Dam,128,6.43,129.88,101.47
ce642501-a4e1-4e01-bfc8-9f5e9cb15395,29/07/2017,Jul-17,7,2017,VICTORIA,Minor Dam,128,6.41,128.91,100.71
47cb515a-bb0b-4460-9c33-0c4de96ecc30,30/07/2017,Jul-17,7,2017,VICTORIA,Minor Dam,128,6.41,128.91,100.71
7e60c949-0ea9-4ea8-a42d-b1d8763069ca,31/07/2017,Jul-17,7,2017,VICTORIA,Minor Dam,128,6.41,128.91,100.71
6d824446-ac7b-4f81-bf65-783ca9c73018,01/08/2017,Aug-17,8,2017,VICTORIA,Minor Dam,128,6.4,128.43,100.34
15ec2b43-097f-4df6-9c60-c5368ce351f0,02/08/2017,Aug-17,8,2017,VICTORIA,Minor Dam,128,6.4,128.43,100.34
447c33b8-cb6d-4367-beae-b9c52e375399,03/08/2017,Aug-17,8,2017,VICTORIA,Minor Dam,128,6.44,130.37,101.85
11eebbf8-8bb3-4c63-8785-4f3adfcd4540,04/08/2017,Aug-17,8,2017,VICTORIA,Minor Dam,128,6.45,130.85,102.23
9ddc7d3e-8a36-4973-b5b0-c10843a26b66,05/08/2017,Aug-17,8,2017,VICTORIA,Minor Dam,128,6.44,130.37,101.85
d44d3047-6d13-41e4-bbda-676caeadf4b2,06/08/2017,Aug-17,8,2017,VICTORIA,Minor Dam,128,6.43,129.88,101.47
9a059198-7e9d-4c3b-b412-d8f8abf18088,07/08/2017,Aug-17,8,2017,VICTORIA,Minor Dam,128,6.43,129.88,101.47
4116ae96-488a-4347-b635-46ffec5a860b,08/08/2017,Aug-17,8,2017,VICTORIA,Minor Dam,128,6.42,129.4,101.09
071a8627-11de-4117-8a23-b139274bbe99,09/08/2017,Aug-17,8,2017,VICTORIA,Minor Dam,128,6.42,129.4,101.09
32afd7e9-be84-4bf8-821d-c6cefe72ca7b,10/08/2017,Aug-17,8,2017,VICTORIA,Minor Dam,128,6.42,129.4,101.09
dcc6234c-693c-4c72-8bd8-cc42f2c676fb,11/08/2017,Aug-17,8,2017,VICTORIA,Minor Dam,128,6.41,128.91,100.71
9030ff7e-f56d-4a80-96d6-9ddddf38ccfc,12/08/2017,Aug-17,8,2017,VICTORIA,Minor Dam,128,6.44,130.37,101.85
c52082f9-1417-4c3a-ae46-2683589bf74b,13/08/2017,Aug-17,8,2017,VICTORIA,Minor Dam,128,6.43,129.88,101.47
28592441-0dd6-4a07-8fee-6bc55cb657b3,14/08/2017,Aug-17,8,2017,VICTORIA,Minor Dam,128,6.42,129.4,101.09
40112028-20e3-42c2-9b43-d644443e9fe3,15/08/2017,Aug-17,8,2017,VICTORIA,Minor Dam,128,6.42,129.4,101.09
ab9e14e9-76d1-4c77-bc6c-9256cafee7e1,16/08/2017,Aug-17,8,2017,VICTORIA,Minor Dam,128,6.44,130.37,101.85
b535fb1b-d4d7-4347-9e8b-ac630f39fc29,17/08/2017,Aug-17,8,2017,VICTORIA,Minor Dam,128,6.46,131.34,102.61
1b4e0eb1-7185-4ebb-98ff-692eba699173,18/08/2017,Aug-17,8,2017,VICTORIA,Minor Dam,128,6.45,130.85,102.23
0a24bee9-cb82-4880-9bba-76ab4bddc335,19/08/2017,Aug-17,8,2017,VICTORIA,Minor Dam,128,6.43,129.88,101.47
5ac1b5d4-3812-4a3f-b7a9-56e80ff8e666,20/08/2017,Aug-17,8,2017,VICTORIA,Minor Dam,128,6.42,129.4,101.09
4432f1d4-7d13-4e06-9936-5053d994f8a9,21/08/2017,Aug-17,8,2017,VICTORIA,Minor Dam,128,6.42,129.4,101.09
90f1c301-89e6-4e89-ae89-d7d3719fdc3d,22/08/2017,Aug-17,8,2017,VICTORIA,Minor Dam,128,6.41,128.91,100.71
93f21a3f-1e9f-49a7-bd14-93a94dd6cec5,23/08/2017,Aug-17,8,2017,VICTORIA,Minor Dam,128,6.42,129.4,101.09
fcfc90f7-645e-4614-ad4d-f6ae06fb5ae2,24/08/2017,Aug-17,8,2017,VICTORIA,Minor Dam,128,6.42,129.4,101.09
8e5eddab-0d8d-4501-9c10-2d3051c38c0a,25/08/2017,Aug-17,8,2017,VICTORIA,Minor Dam,128,6.45,130.85,102.23
557c9c90-1cc2-4f1d-8271-98b990198ab5,26/08/2017,Aug-17,8,2017,VICTORIA,Minor Dam,128,6.42,129.4,101.09
f8c4bc2f-17ff-41e3-a194-0201aea48eb3,27/08/2017,Aug-17,8,2017,VICTORIA,Minor Dam,128,6.42,129.4,101.09
7530468f-00c6-4de4-ac16-2bd5a4538a77,28/08/2017,Aug-17,8,2017,VICTORIA,Minor Dam,128,6.41,128.91,100.71
904b0692-59c9-4096-88e9-722fe6dc582b,29/08/2017,Aug-17,8,2017,VICTORIA,Minor Dam,128,6.41,128.91,100.71
7ddbfeee-44e2-4b56-9c74-aecd814f2331,30/08/2017,Aug-17,8,2017,VICTORIA,Minor Dam,128,6.4,128.43,100.34
65c095cb-8e61-42e0-bc61-4f2314f32e48,31/08/2017,Aug-17,8,2017,VICTORIA,Minor Dam,128,6.43,129.88,101.47
593b216d-1c51-4491-ab94-4de4d5db2a78,01/09/2017,Sep-17,9,2017,VICTORIA,Minor Dam,128,6.44,130.37,101.85
cfc84984-7d24-483e-a015-b2976f5c7c4f,02/09/2017,Sep-17,9,2017,VICTORIA,Minor Dam,128,6.43,129.88,101.47
656b1070-6e43-45a4-9901-53baef5bd830,03/09/2017,Sep-17,9,2017,VICTORIA,Minor Dam,128,6.43,129.88,101.47
dc0d646f-7cd9-4eaa-a393-2934016ee6d6,04/09/2017,Sep-17,9,2017,VICTORIA,Minor Dam,128,6.43,129.88,101.47
6ed15ab8-c398-4993-8fc3-704334ce8c72,05/09/2017,Sep-17,9,2017,VICTORIA,Minor Dam,128,6.42,129.4,101.09
bc0dfb42-faf4-4f6f-bf8d-ce5e21eef86c,06/09/2017,Sep-17,9,2017,VICTORIA,Minor Dam,128,6.42,129.4,101.09
db35411d-9c3a-4169-9b3e-62794a1d1b9f,07/09/2017,Sep-17,9,2017,VICTORIA,Minor Dam,128,6.42,129.4,101.09
297a5bdc-757b-4f28-b4c8-3b5bb89a3777,08/09/2017,Sep-17,9,2017,VICTORIA,Minor Dam,128,6.43,129.88,101.47
f514f769-76d7-4baf-899b-7af9a48ac63f,09/09/2017,Sep-17,9,2017,VICTORIA,Minor Dam,128,6.43,129.88,101.47
45675643-12f3-468d-804f-24a3d894ca40,10/09/2017,Sep-17,9,2017,VICTORIA,Minor Dam,128,6.44,130.37,101.85
98c6e491-a64c-456b-99b7-792490d7036d,11/09/2017,Sep-17,9,2017,VICTORIA,Minor Dam,128,6.43,129.88,101.47
e6f4bf68-b188-4e81-acd7-64c7cfee74de,12/09/2017,Sep-17,9,2017,VICTORIA,Minor Dam,128,6.42,129.4,101.09
b44fe456-9459-4e0b-8856-a9b238c9f999,13/09/2017,Sep-17,9,2017,VICTORIA,Minor Dam,128,6.42,129.4,101.09
cfa97112-adb8-44b7-a7d4-d97d84ce01a5,14/09/2017,Sep-17,9,2017,VICTORIA,Minor Dam,128,6.42,129.4,101.09
5e76c50e-8df9-4b9a-8332-d053c1af2949,15/09/2017,Sep-17,9,2017,VICTORIA,Minor Dam,128,6.41,128.91,100.71
66ef9715-b320-4a77-b517-de0941a449ce,16/09/2017,Sep-17,9,2017,VICTORIA,Minor Dam,128,6.41,128.91,100.71
91dffb3c-9569-4e1b-a3a3-b2ae10de9c91,17/09/2017,Sep-17,9,2017,VICTORIA,Minor Dam,128,6.42,129.4,101.09
9e394b09-3a52-4db1-b851-56f3094044fe,18/09/2017,Sep-17,9,2017,VICTORIA,Minor Dam,128,6.42,129.4,101.09
8ddc0103-12c1-4f3e-891b-fb49f404152c,19/09/2017,Sep-17,9,2017,VICTORIA,Minor Dam,128,6.42,129.4,101.09
eef95c34-6db0-4d87-bb8a-922acda69c73,20/09/2017,Sep-17,9,2017,VICTORIA,Minor Dam,128,6.41,128.91,100.71
49a51520-cfdd-4ecb-b49c-845d5534ec10,21/09/2017,Sep-17,9,2017,VICTORIA,Minor Dam,128,6.41,128.91,100.71
4d17bce9-121d-49c5-a053-b22b7f65a5ce,22/09/2017,Sep-17,9,2017,VICTORIA,Minor Dam,128,6.41,128.91,100.71
be7f2b74-8ae5-4f34-9dde-e4a87038f0a8,23/09/2017,Sep-17,9,2017,VICTORIA,Minor Dam,128,6.41,128.91,100.71
50bf0530-0897-46a9-8948-62902a450249,24/09/2017,Sep-17,9,2017,VICTORIA,Minor Dam,128,6.41,128.91,100.71
4633715f-6c93-4e2c-8422-bbf52bad8ef0,25/09/2017,Sep-17,9,2017,VICTORIA,Minor Dam,128,6.4,128.43,100.34
51ea45c2-0734-4fc6-92ef-a3bac91cac97,26/09/2017,Sep-17,9,2017,VICTORIA,Minor Dam,128,6.41,128.91,100.71
77d7a9d9-126f-45da-99e9-115e65ea68e6,27/09/2017,Sep-17,9,2017,VICTORIA,Minor Dam,128,6.41,128.91,100.71
f4dcb62d-ebc4-488b-8446-e7f322706972,28/09/2017,Sep-17,9,2017,VICTORIA,Minor Dam,128,6.41,128.91,100.71
fa945694-249f-46b6-8ada-c1f1cf8c1138,29/09/2017,Sep-17,9,2017,VICTORIA,Minor Dam,128,6.4,128.43,100.34
afa61ba7-acf1-4060-bafe-c0a29c7f3ad2,30/09/2017,Sep-17,9,2017,VICTORIA,Minor Dam,128,6.4,128.43,100.34
9d4df933-e371-4d2d-9e55-cb3dd88c7e43,01/10/2017,Oct-17,10,2017,VICTORIA,Minor Dam,128,6.4,128.43,100.34
854034f4-c16f-45ea-8c48-5d84d4794804,02/10/2017,Oct-17,10,2017,VICTORIA,Minor Dam,128,6.4,128.43,100.34
a33ff171-b935-43a9-815b-b62b5f91bad9,03/10/2017,Oct-17,10,2017,VICTORIA,Minor Dam,128,6.4,128.43,100.34
06d088f4-e7b8-493f-9b65-56a99d192389,04/10/2017,Oct-17,10,2017,VICTORIA,Minor Dam,128,6.4,128.43,100.34
2327db4d-d841-4dd9-b854-12e641a444b0,05/10/2017,Oct-17,10,2017,VICTORIA,Minor Dam,128,6.42,129.4,101.09
fd0dc524-e125-41ef-9a8d-db8896ae57d1,06/10/2017,Oct-17,10,2017,VICTORIA,Minor Dam,128,6.42,129.4,101.09
277a5c2b-1272-4af2-a7b5-2457b0d8e179,07/10/2017,Oct-17,10,2017,VICTORIA,Minor Dam,128,6.42,129.4,101.09
8e761567-cd06-4bbd-88a2-9e691c00da39,08/10/2017,Oct-17,10,2017,VICTORIA,Minor Dam,128,6.41,128.91,100.71
6008fbf5-2f0f-4d19-91ec-a730e17331d4,09/10/2017,Oct-17,10,2017,VICTORIA,Minor Dam,128,6.41,128.91,100.71
d0c16af6-9cef-46fe-a837-b68f676f0099,10/10/2017,Oct-17,10,2017,VICTORIA,Minor Dam,128,6.41,128.91,100.71
9413d3e8-6fde-420e-8ec8-6993ecf00a3f,11/10/2017,Oct-17,10,2017,VICTORIA,Minor Dam,128,6.41,128.91,100.71
2e68def5-7dea-47bf-ad4e-f3b989fc2d4a,12/10/2017,Oct-17,10,2017,VICTORIA,Minor Dam,128,6.4,128.43,100.34
2c6036ee-35e7-44ee-903f-96073e989c56,13/10/2017,Oct-17,10,2017,VICTORIA,Minor Dam,128,6.4,128.43,100.34
e9fdf24d-e1a0-40be-977a-4931e9aa9c59,14/10/2017,Oct-17,10,2017,VICTORIA,Minor Dam,128,6.4,128.43,100.34
f1fb64ad-0f1d-47cc-adbc-8e9ab2a7dd1a,15/10/2017,Oct-17,10,2017,VICTORIA,Minor Dam,128,6.4,128.43,100.34
1a26aa99-2f4d-4107-ae4a-7f1c447b1545,16/10/2017,Oct-17,10,2017,VICTORIA,Minor Dam,128,6.41,128.91,100.71
e978a6e2-60c0-4736-ae2c-0d7ec1d96955,17/10/2017,Oct-17,10,2017,VICTORIA,Minor Dam,128,6.43,129.88,101.47
3c074fff-cd5a-447f-9dd0-f7b371f54d09,18/10/2017,Oct-17,10,2017,VICTORIA,Minor Dam,128,6.43,129.88,101.47
9ce62fc8-dea0-4c93-9ff9-063ba582932e,19/10/2017,Oct-17,10,2017,VICTORIA,Minor Dam,128,6.41,128.91,100.71
47f8f7fa-faee-4c9e-9723-29d1cbfacc16,20/10/2017,Oct-17,10,2017,VICTORIA,Minor Dam,128,6.41,128.91,100.71
99e96fb0-f08f-4ca8-958c-d9250a456ea5,21/10/2017,Oct-17,10,2017,VICTORIA,Minor Dam,128,6.41,128.91,100.71
384fac25-6874-4cc1-b819-eb5132f56ad5,22/10/2017,Oct-17,10,2017,VICTORIA,Minor Dam,128,6.42,129.4,101.09
7909d8b9-e6b6-4fe2-983b-b87de9c7805f,23/10/2017,Oct-17,10,2017,VICTORIA,Minor Dam,128,6.43,129.88,101.47
bf699ba6-f9e8-4048-8780-bc17c7aa301a,24/10/2017,Oct-17,10,2017,VICTORIA,Minor Dam,128,6.42,129.4,101.09
4c951720-1496-48e9-b60e-b831f56fc4bb,25/10/2017,Oct-17,10,2017,VICTORIA,Minor Dam,128,6.42,129.4,101.09
1205977c-58bf-4ded-ace5-b1d2d4d6a22b,26/10/2017,Oct-17,10,2017,VICTORIA,Minor Dam,128,6.43,129.88,101.47
ca5add5e-1a92-4b32-b076-dad4323fb0bc,27/10/2017,Oct-17,10,2017,VICTORIA,Minor Dam,128,6.43,129.88,101.47
f7e044ae-4be4-4bb6-8b53-27c30a9b89fd,28/10/2017,Oct-17,10,2017,VICTORIA,Minor Dam,128,6.42,129.4,101.09
c0f69790-c7d3-48af-8ace-0af5bd833db2,29/10/2017,Oct-17,10,2017,VICTORIA,Minor Dam,128,6.42,129.4,101.09
bde9d3d1-885d-4fa2-9d0b-0b87fb62a316,30/10/2017,Oct-17,10,2017,VICTORIA,Minor Dam,128,6.42,129.4,101.09
059282e9-e473-4872-a9e7-6f11bda4f955,31/10/2017,Oct-17,10,2017,VICTORIA,Minor Dam,128,6.41,128.91,100.71
cc2f6dee-6754-45a2-a9ce-9d959588313a,01/11/2017,Nov-17,11,2017,VICTORIA,Minor Dam,128,6.41,128.91,100.71
85c70b5d-2235-4735-b982-f7a992b9990f,02/11/2017,Nov-17,11,2017,VICTORIA,Minor Dam,128,6.41,128.91,100.71
962d4982-313f-4ffb-b10f-0615024597ca,03/11/2017,Nov-17,11,2017,VICTORIA,Minor Dam,128,6.41,128.91,100.71
3fc826b1-e504-4814-871b-5ff85cc8d3eb,04/11/2017,Nov-17,11,2017,VICTORIA,Minor Dam,128,6.42,129.4,101.09
cdc03a37-0588-46cd-b717-cda0988b4a5d,05/11/2017,Nov-17,11,2017,VICTORIA,Minor Dam,128,6.43,129.88,101.47
b1026d85-62e7-4c2e-b2ab-99a4501d5765,06/11/2017,Nov-17,11,2017,VICTORIA,Minor Dam,128,6.42,129.4,101.09
e4b805ce-cf39-4492-b425-180d9facd72c,07/11/2017,Nov-17,11,2017,VICTORIA,Minor Dam,128,6.42,129.4,101.09
20c62217-4ee1-4f32-ae0b-e3faad4480e0,08/11/2017,Nov-17,11,2017,VICTORIA,Minor Dam,128,6.41,128.91,100.71
f93181a7-4a5e-43a3-9803-7c193cc76166,09/11/2017,Nov-17,11,2017,VICTORIA,Minor Dam,128,6.41,128.91,100.71
4f815f26-6f83-4c6e-9637-57e7c7c6735d,10/11/2017,Nov-17,11,2017,VICTORIA,Minor Dam,128,6.41,128.91,100.71
9503f90e-72f6-4393-b7d1-c5bbb18a50cf,11/11/2017,Nov-17,11,2017,VICTORIA,Minor Dam,128,6.4,128.43,100.34
3cd979d2-3c70-4763-ab50-5a35183c41ae,12/11/2017,Nov-17,11,2017,VICTORIA,Minor Dam,128,6.4,128.43,100.34
dc920009-0421-47c9-998d-f8563ee7c65f,13/11/2017,Nov-17,11,2017,VICTORIA,Minor Dam,128,6.4,128.43,100.34
6d9e72b3-e88a-478e-b3a6-982118c908e7,14/11/2017,Nov-17,11,2017,VICTORIA,Minor Dam,128,6.39,127.93,99.95
74118c63-39f7-41e7-a0b8-79146e2bb811,15/11/2017,Nov-17,11,2017,VICTORIA,Minor Dam,128,6.39,127.93,99.95
9bf7de88-1bba-4323-9f6f-1862992b4e75,16/11/2017,Nov-17,11,2017,VICTORIA,Minor Dam,128,6.41,128.91,100.71
dedb3345-fa6b-46ac-91a3-fd38da82d995,17/11/2017,Nov-17,11,2017,VICTORIA,Minor Dam,128,6.41,128.91,100.71
5782683a-feec-4313-88e5-0bf73ca1fe4e,18/11/2017,Nov-17,11,2017,VICTORIA,Minor Dam,128,6.41,128.91,100.71
763c58dc-210f-44de-bc76-851519e674a4,19/11/2017,Nov-17,11,2017,VICTORIA,Minor Dam,128,6.4,128.43,100.34
17f1645a-5ecf-4f7d-bc53-f3183589723d,20/11/2017,Nov-17,11,2017,VICTORIA,Minor Dam,128,6.39,127.93,99.95
18a44ffd-e849-4368-9505-557229fc867d,21/11/2017,Nov-17,11,2017,VICTORIA,Minor Dam,128,6.39,127.93,99.95
1c0d8c58-a555-4686-99a1-d9a3253a8e5e,22/11/2017,Nov-17,11,2017,VICTORIA,Minor Dam,128,6.39,127.93,99.95
4aa949b4-9c50-421c-87f2-21911943f7ae,23/11/2017,Nov-17,11,2017,VICTORIA,Minor Dam,128,6.39,127.93,99.95
8ab9e538-1d25-4dce-b2dd-b7694c59889b,24/11/2017,Nov-17,11,2017,VICTORIA,Minor Dam,128,6.38,127.44,99.56
7b08c597-c5c1-48c1-88b4-72b36424f5b1,25/11/2017,Nov-17,11,2017,VICTORIA,Minor Dam,128,6.38,127.44,99.56
751e37c5-7624-48ab-9ed1-aa4470720bd5,26/11/2017,Nov-17,11,2017,VICTORIA,Minor Dam,128,6.38,127.44,99.56
25310e24-bd61-45a1-8512-61f522758093,27/11/2017,Nov-17,11,2017,VICTORIA,Minor Dam,128,6.38,127.44,99.56
8dcfbebe-5733-4af5-84a3-ea1383cb339f,28/11/2017,Nov-17,11,2017,VICTORIA,Minor Dam,128,6.37,126.95,99.18
25fe757a-5fac-4601-ab87-c6ac96371082,29/11/2017,Nov-17,11,2017,VICTORIA,Minor Dam,128,6.37,126.95,99.18
f5fa8609-fad4-4721-ab92-75120db6f237,30/11/2017,Nov-17,11,2017,VICTORIA,Minor Dam,128,6.37,126.95,99.18
3b340e9e-cf22-4129-98c7-575b52017b2a,01/12/2017,Dec-17,12,2017,VICTORIA,Minor Dam,128,6.37,126.95,99.18
e84a02fe-6bf9-4ca3-aad3-5ebcf580bad6,02/12/2017,Dec-17,12,2017,VICTORIA,Minor Dam,128,6.39,127.93,99.95
cf2caee7-c4ac-4d5b-9f91-1dbbc815cbb7,03/12/2017,Dec-17,12,2017,VICTORIA,Minor Dam,128,6.39,127.93,99.95
13e239c2-1883-492a-a4c8-90f8072070c5,04/12/2017,Dec-17,12,2017,VICTORIA,Minor Dam,128,6.41,128.91,100.71
6f41e306-e80c-4cbe-afbf-812d9de4378f,05/12/2017,Dec-17,12,2017,VICTORIA,Minor Dam,128,6.41,128.91,100.71
b15932c3-5012-46d7-b745-75986616d65c,06/12/2017,Dec-17,12,2017,VICTORIA,Minor Dam,128,6.41,128.91,100.71
9758a857-28c8-4c96-b91e-dfbd5f54e69a,07/12/2017,Dec-17,12,2017,VICTORIA,Minor Dam,128,6.41,128.91,100.71
64b4fe8f-bc72-43a3-98c6-0eb8b1663c19,08/12/2017,Dec-17,12,2017,VICTORIA,Minor Dam,128,6.4,128.43,100.34
4aeeba7f-ad6a-4970-a2ba-607c45a6cc67,09/12/2017,Dec-17,12,2017,VICTORIA,Minor Dam,128,6.4,128.43,100.34
585e8e43-8c3f-4c53-b8a6-c4c8d466afb2,10/12/2017,Dec-17,12,2017,VICTORIA,Minor Dam,128,6.4,128.43,100.34
ab6ef3b4-3f5b-4e75-a170-ef4d132f677a,11/12/2017,Dec-17,12,2017,VICTORIA,Minor Dam,128,6.4,128.43,100.34
9fdf726c-d125-4ab1-9d5f-9a351bb7e483,12/12/2017,Dec-17,12,2017,VICTORIA,Minor Dam,128,6.39,127.93,99.95
6c9420c3-612d-4928-b2a1-3bec1117f4a0,13/12/2017,Dec-17,12,2017,VICTORIA,Minor Dam,128,6.38,127.44,99.56
8bd6f6e5-d6b5-4e30-be54-a58cf10b522f,14/12/2017,Dec-17,12,2017,VICTORIA,Minor Dam,128,6.37,126.95,99.18
f3923d1c-208a-4890-b395-f190ba391c8e,15/12/2017,Dec-17,12,2017,VICTORIA,Minor Dam,128,6.36,126.46,98.8
a16c57b0-6d58-4f70-af23-78a407a9a11f,16/12/2017,Dec-17,12,2017,VICTORIA,Minor Dam,128,6.35,125.96,98.41
a8ff3cf9-5a8b-40fa-a653-b284409a54c2,17/12/2017,Dec-17,12,2017,VICTORIA,Minor Dam,128,6.34,125.47,98.02
46aa1427-26a4-4ec8-9e72-c4cabcb96a25,18/12/2017,Dec-17,12,2017,VICTORIA,Minor Dam,128,6.34,125.47,98.02
1686732d-4545-4e0e-83d3-ca3539ab3815,19/12/2017,Dec-17,12,2017,VICTORIA,Minor Dam,128,6.33,124.98,97.64
09880d53-b68f-4c6f-9f25-769bce0eecd4,20/12/2017,Dec-17,12,2017,VICTORIA,Minor Dam,128,6.33,124.98,97.64
32add2eb-bfd6-4410-9048-450c246ae8af,21/12/2017,Dec-17,12,2017,VICTORIA,Minor Dam,128,6.31,124,96.88
bf6e2a40-c257-49e4-ae86-b2eac9830184,22/12/2017,Dec-17,12,2017,VICTORIA,Minor Dam,128,6.3,123.5,96.48
e824e994-2153-43e7-a9c2-75012e9d1822,23/12/2017,Dec-17,12,2017,VICTORIA,Minor Dam,128,6.3,123.5,96.48
54988209-fdaa-4b6e-98bd-7d0d14c51348,24/12/2017,Dec-17,12,2017,VICTORIA,Minor Dam,128,6.3,123.5,96.48
a52b8de6-4556-4a91-83fe-3140ae406436,25/12/2017,Dec-17,12,2017,VICTORIA,Minor Dam,128,6.29,123.01,96.1
edf102fe-81c3-4022-92e6-43581491d9d4,26/12/2017,Dec-17,12,2017,VICTORIA,Minor Dam,128,6.29,123.01,96.1
06badd12-6edc-4b4e-bcc8-63420f0df376,27/12/2017,Dec-17,12,2017,VICTORIA,Minor Dam,128,6.29,123.01,96.1
1fa9dd6f-e513-4ae8-a69f-4e91a671a4f7,28/12/2017,Dec-17,12,2017,VICTORIA,Minor Dam,128,6.28,122.52,95.72
67ead617-46bb-48c9-9c2e-b1a2f803f365,29/12/2017,Dec-17,12,2017,VICTORIA,Minor Dam,128,6.26,121.53,94.95
9465ae87-8988-4afd-9b56-e476fa36cd56,30/12/2017,Dec-17,12,2017,VICTORIA,Minor Dam,128,6.25,121.04,94.56
719cd63d-233a-4e7e-beb2-dcc9ad1c301a,31/12/2017,Dec-17,12,2017,VICTORIA,Minor Dam,128,6.24,120.55,94.18
cab4d19f-0bf2-48b0-a8c5-16c12b19a00d,01/01/2012,Jan-12,1,2012,VOELVLEI,Major Dam,164095,14.99,124100,75.63
f5e59117-5994-453a-bdd9-220002768bb4,02/01/2012,Jan-12,1,2012,VOELVLEI,Major Dam,164095,14.97,123812,75.45
e52277f3-40c4-45fe-943b-d3b1bc4ef156,03/01/2012,Jan-12,1,2012,VOELVLEI,Major Dam,164095,14.93,123237,75.1
b235b2c1-348e-4fe7-a952-3a34d06bab14,04/01/2012,Jan-12,1,2012,VOELVLEI,Major Dam,164095,14.88,122520,74.66
38b07d05-286f-498b-ac8a-4929e3d0314d,05/01/2012,Jan-12,1,2012,VOELVLEI,Major Dam,164095,14.84,121947,74.31
7d00d4d6-0581-433b-a4dd-22955297ceae,06/01/2012,Jan-12,1,2012,VOELVLEI,Major Dam,164095,14.8,121374,73.97
21704198-2cf7-4d4e-b340-7272d3cbda38,07/01/2012,Jan-12,1,2012,VOELVLEI,Major Dam,164095,14.79,121232,73.88
bccb083b-5e81-4dd1-8357-b739e182a1f9,08/01/2012,Jan-12,1,2012,VOELVLEI,Major Dam,164095,14.79,121232,73.88
949563fb-94c9-4a71-9470-e2606b7745e6,09/01/2012,Jan-12,1,2012,VOELVLEI,Major Dam,164095,14.72,120233,73.27
381d07bf-ecce-4e50-b1cb-255d0d729849,10/01/2012,Jan-12,1,2012,VOELVLEI,Major Dam,164095,14.69,119805,73.01
b2cf2f31-47b7-4a75-ac5a-df89e238a406,11/01/2012,Jan-12,1,2012,VOELVLEI,Major Dam,164095,14.56,117960,71.89
fa231452-7fb2-4c57-a7df-4f7ef5eda8ec,12/01/2012,Jan-12,1,2012,VOELVLEI,Major Dam,164095,14.64,119094,72.58
fe0f11b2-c259-4503-a2c5-601dc0b7fc3f,13/01/2012,Jan-12,1,2012,VOELVLEI,Major Dam,164095,14.6,118527,72.23
5fb9f715-4ace-4e06-891d-427675361109,14/01/2012,Jan-12,1,2012,VOELVLEI,Major Dam,164095,14.55,117818,71.8
947eb53f-a5b8-4df7-85c7-b5b02a6aa852,15/01/2012,Jan-12,1,2012,VOELVLEI,Major Dam,164095,14.55,117818,71.8
53e9c61e-4d35-4863-a86a-e3af5ca9aedf,16/01/2012,Jan-12,1,2012,VOELVLEI,Major Dam,164095,14.5,117111,71.37
3a404b78-bc02-48f4-8b1d-3a0eacbc8d6b,17/01/2012,Jan-12,1,2012,VOELVLEI,Major Dam,164095,14.4,115700,70.51
092b3598-6aef-40d9-867b-b2bdebab4fa4,18/01/2012,Jan-12,1,2012,VOELVLEI,Major Dam,164095,14.35,114997,70.08
88b854ea-9097-4639-b755-860df27c7e40,19/01/2012,Jan-12,1,2012,VOELVLEI,Major Dam,164095,14.32,114576,69.82
89d9b932-4afe-4280-85e7-c731069980b8,20/01/2012,Jan-12,1,2012,VOELVLEI,Major Dam,164095,14.28,114016,69.48
0a0a460d-652f-4b5b-a0b8-b277bb3e3d22,21/01/2012,Jan-12,1,2012,VOELVLEI,Major Dam,164095,14.23,113316,69.06
7468c171-2786-44c7-8080-3d99f659b3bc,22/01/2012,Jan-12,1,2012,VOELVLEI,Major Dam,164095,14.19,112757,68.71
21761c12-3194-43bd-9dea-70bdedbf5127,23/01/2012,Jan-12,1,2012,VOELVLEI,Major Dam,164095,14.15,112199,68.37
f9443341-e884-4e49-95d3-3248fdbdf470,24/01/2012,Jan-12,1,2012,VOELVLEI,Major Dam,164095,14.11,111643,68.04
552ef2d7-ea0d-48a8-9d52-1a6d78f7f5aa,25/01/2012,Jan-12,1,2012,VOELVLEI,Major Dam,164095,14.06,110948,67.61
dddc71bf-87b8-46fd-ab1c-0d3fd3eaef28,26/01/2012,Jan-12,1,2012,VOELVLEI,Major Dam,164095,14,110116,67.11
79eb9d33-06cc-418d-9ce3-02727668fb6f,27/01/2012,Jan-12,1,2012,VOELVLEI,Major Dam,164095,13.97,109701,66.85
1fb679e6-688b-4d68-9515-a1a24be4bf33,28/01/2012,Jan-12,1,2012,VOELVLEI,Major Dam,164095,13.93,109149,66.52
7e8f4e2e-9e15-44d3-ada4-e62d2c51ae09,29/01/2012,Jan-12,1,2012,VOELVLEI,Major Dam,164095,13.87,108322,66.01
6cb4cd06-f294-402f-ae9f-6dcb037eeabe,30/01/2012,Jan-12,1,2012,VOELVLEI,Major Dam,164095,13.82,107634,65.59
b65e82a8-f792-447b-a41a-4a740a04cc5d,31/01/2012,Jan-12,1,2012,VOELVLEI,Major Dam,164095,13.78,107085,65.26
673f386a-4ead-4a21-8b49-50e88085d949,01/02/2012,Feb-12,2,2012,VOELVLEI,Major Dam,164095,13.75,106674,65.01
5cfee8f0-a4f1-4994-94f4-439e8962e2ee,02/02/2012,Feb-12,2,2012,VOELVLEI,Major Dam,164095,13.72,106264,64.76
63eb9b93-4107-4e70-96df-3af8d66a6ece,03/02/2012,Feb-12,2,2012,VOELVLEI,Major Dam,164095,13.7,105991,64.59
34535ba6-7cf8-4c5d-a96e-305ad25d6f43,04/02/2012,Feb-12,2,2012,VOELVLEI,Major Dam,164095,13.64,105172,64.09
324b2fa8-fe20-44c5-9184-22f0a2b320f4,05/02/2012,Feb-12,2,2012,VOELVLEI,Major Dam,164095,13.6,104628,63.76
1ccac67d-1f35-4797-86eb-cd53a5cb9519,06/02/2012,Feb-12,2,2012,VOELVLEI,Major Dam,164095,13.54,103813,63.26
d2847953-18dc-41ab-a9c0-7d39a56f3e91,07/02/2012,Feb-12,2,2012,VOELVLEI,Major Dam,164095,13.5,103271,62.93
bcccad1d-c98d-4659-a63d-534f5237e6f2,08/02/2012,Feb-12,2,2012,VOELVLEI,Major Dam,164095,13.45,102595,62.52
fcd7c89a-2d67-4bdf-ba61-d1129a5a3eba,09/02/2012,Feb-12,2,2012,VOELVLEI,Major Dam,164095,13.44,102460,62.44
e6dd5239-65f9-4f89-856d-b41b431f53ae,10/02/2012,Feb-12,2,2012,VOELVLEI,Major Dam,164095,13.4,101920,62.11
248efbbd-1c46-42f4-af12-5fb07765d9a1,11/02/2012,Feb-12,2,2012,VOELVLEI,Major Dam,164095,13.37,101516,61.86
a0c08c37-b2dd-4646-b859-e7f6c956e813,12/02/2012,Feb-12,2,2012,VOELVLEI,Major Dam,164095,13.37,101516,61.86
da4a54a0-23ae-4bdb-8df5-26a27fe72e8b,13/02/2012,Feb-12,2,2012,VOELVLEI,Major Dam,164095,13.3,100576,61.29
9940b903-c43c-4c2c-904e-882e5f35c7eb,14/02/2012,Feb-12,2,2012,VOELVLEI,Major Dam,164095,13.27,100174,61.05
eae7bbd0-cf15-4d9f-80d9-4ddf0466c485,15/02/2012,Feb-12,2,2012,VOELVLEI,Major Dam,164095,13.24,99772,60.8
e4192786-a68e-4616-91cd-b05899489aa0,16/02/2012,Feb-12,2,2012,VOELVLEI,Major Dam,164095,13.21,99371,60.56
61b7a765-3388-4db8-beee-17a557a3ca30,17/02/2012,Feb-12,2,2012,VOELVLEI,Major Dam,164095,13.16,98704,60.15
90e2e04d-94bf-4150-a2c1-9f373ff41e0d,18/02/2012,Feb-12,2,2012,VOELVLEI,Major Dam,164095,13.11,98039,59.75
7e02c2a1-f6d5-41c9-a27a-65fb2b0b6b03,19/02/2012,Feb-12,2,2012,VOELVLEI,Major Dam,164095,13.06,97376,59.34
7fb4bf8d-d2c1-4da2-9871-afda8a7a578b,20/02/2012,Feb-12,2,2012,VOELVLEI,Major Dam,164095,13.02,96846,59.02
7fac3194-cdf4-41b6-ba44-e2aeeae905b0,21/02/2012,Feb-12,2,2012,VOELVLEI,Major Dam,164095,12.97,96186,58.62
ea9ab943-7ee3-452f-8edc-274107cc4594,22/02/2012,Feb-12,2,2012,VOELVLEI,Major Dam,164095,12.93,95658,58.29
0c1cd3eb-faba-436f-bcc3-ff6c1826c7c8,23/02/2012,Feb-12,2,2012,VOELVLEI,Major Dam,164095,12.8,93952,57.25
5f793332-805d-43f4-91a0-4aefbce4e9f1,24/02/2012,Feb-12,2,2012,VOELVLEI,Major Dam,164095,12.85,94607,57.65
7276f9d1-5fa2-4ed2-8c9c-35eedca045ad,25/02/2012,Feb-12,2,2012,VOELVLEI,Major Dam,164095,12.81,94083,57.33
a317daf3-b996-4752-a2e3-90dba8579875,26/02/2012,Feb-12,2,2012,VOELVLEI,Major Dam,164095,12.77,93560,57.02
7e3fbba0-7cb8-4622-929e-5e27c31f7759,27/02/2012,Feb-12,2,2012,VOELVLEI,Major Dam,164095,12.75,93299,56.86
194ff4f0-f6fd-4996-b2df-6513b756667a,28/02/2012,Feb-12,2,2012,VOELVLEI,Major Dam,164095,12.71,92778,56.54
5a038288-79c2-4275-b1d2-e99973d45893,29/02/2012,Feb-12,2,2012,VOELVLEI,Major Dam,164095,12.67,92257,56.22
df5effca-a9e0-4d22-8e02-a286d3c01646,01/03/2012,Mar-12,3,2012,VOELVLEI,Major Dam,164095,12.63,91738,55.91
6d25521e-154e-4ff1-9b0d-6dd5783682a7,02/03/2012,Mar-12,3,2012,VOELVLEI,Major Dam,164095,12.6,91349,55.67
e066c75f-a2bb-4c7e-83f7-c4f9d2b4c3c5,03/03/2012,Mar-12,3,2012,VOELVLEI,Major Dam,164095,12.57,90961,55.43
895e3c69-bf0a-4a01-8a85-2b34171d595d,04/03/2012,Mar-12,3,2012,VOELVLEI,Major Dam,164095,12.45,89414,54.49
3b804118-fc71-460d-aa16-87ed9f2c26b0,05/03/2012,Mar-12,3,2012,VOELVLEI,Major Dam,164095,12.53,90444,55.12
b87f6a58-66ec-4b5a-a595-60d1037486b7,06/03/2012,Mar-12,3,2012,VOELVLEI,Major Dam,164095,12.49,89929,54.8
a255c2eb-0889-4707-add1-d721d789fdb8,07/03/2012,Mar-12,3,2012,VOELVLEI,Major Dam,164095,12.47,89671,54.65
3170fe3d-f410-4168-9b31-cc30a73ecded,08/03/2012,Mar-12,3,2012,VOELVLEI,Major Dam,164095,12.38,88516,53.94
a73e1434-e4f9-435c-a7d0-847e32f2dc78,09/03/2012,Mar-12,3,2012,VOELVLEI,Major Dam,164095,12.35,88132,53.71
d9eb1315-91b4-4b1d-a705-55d7fe1ad5e3,10/03/2012,Mar-12,3,2012,VOELVLEI,Major Dam,164095,12.33,87876,53.55
dcde9bd8-f895-404c-8bac-cf833c9fad05,11/03/2012,Mar-12,3,2012,VOELVLEI,Major Dam,164095,12.17,85839,52.31
8eaca991-594e-41ce-8973-33fbf84836ce,12/03/2012,Mar-12,3,2012,VOELVLEI,Major Dam,164095,12.24,86728,52.85
c6e2c7f9-c960-4450-b187-75f3df36fd41,13/03/2012,Mar-12,3,2012,VOELVLEI,Major Dam,164095,12.2,86220,52.54
cc90d0a5-1c81-4fff-81ae-cf43cfa8771a,14/03/2012,Mar-12,3,2012,VOELVLEI,Major Dam,164095,12.18,85965,52.39
b6d6bfac-bedc-44f2-bc81-a212b383ec4e,15/03/2012,Mar-12,3,2012,VOELVLEI,Major Dam,164095,12.15,85585,52.16
80669d8b-7782-4355-acf5-3e4dd34e4468,16/03/2012,Mar-12,3,2012,VOELVLEI,Major Dam,164095,12.12,85205,51.92
88956cc7-ccb6-4bd7-a3a8-b186a20c9331,17/03/2012,Mar-12,3,2012,VOELVLEI,Major Dam,164095,11.98,83437,50.85
2188fdef-ebf6-4d47-b389-d7be66215613,18/03/2012,Mar-12,3,2012,VOELVLEI,Major Dam,164095,12.09,84825,51.69
b2ca4503-0a47-4fad-9726-883a4f9e8fce,19/03/2012,Mar-12,3,2012,VOELVLEI,Major Dam,164095,12.01,83815,51.08
bf2b2c51-5a9e-464f-baba-adee4f5e8d08,20/03/2012,Mar-12,3,2012,VOELVLEI,Major Dam,164095,11.98,83437,50.85
e5f690c3-8769-4639-a6ee-c474c36f05b0,21/03/2012,Mar-12,3,2012,VOELVLEI,Major Dam,164095,11.91,82557,50.31
0ccd4c43-333a-44df-ab90-3cc0eaa6002a,22/03/2012,Mar-12,3,2012,VOELVLEI,Major Dam,164095,11.9,82431,50.23
ca226108-515a-4357-bfed-3a51f5fb1c3e,23/03/2012,Mar-12,3,2012,VOELVLEI,Major Dam,164095,11.86,81930,49.93
b8d91cf1-1c0d-4ba1-bb58-8733b7687de4,24/03/2012,Mar-12,3,2012,VOELVLEI,Major Dam,164095,11.85,81805,49.85
87a50de4-7e21-471b-9a61-dbf204ad7198,25/03/2012,Mar-12,3,2012,VOELVLEI,Major Dam,164095,11.82,81429,49.62
26bcab25-a098-4ef0-8ec2-ff740f7ab798,26/03/2012,Mar-12,3,2012,VOELVLEI,Major Dam,164095,11.74,80430,49.01
672c1a2f-7a9d-43e4-aa2b-8b04eb01f2ce,27/03/2012,Mar-12,3,2012,VOELVLEI,Major Dam,164095,11.7,79932,48.71
bfb0f573-ce9d-478a-b8c6-362dd3b25a78,28/03/2012,Mar-12,3,2012,VOELVLEI,Major Dam,164095,11.66,79435,48.41
0e50a1cf-e4de-4cf0-8ff6-bed653c4a874,29/03/2012,Mar-12,3,2012,VOELVLEI,Major Dam,164095,11.62,78938,48.11
ac7dc51e-16e1-435f-b45e-08ede7054060,30/03/2012,Mar-12,3,2012,VOELVLEI,Major Dam,164095,11.61,78814,48.03
3e8de952-c0ce-41de-8407-e373e138d0df,31/03/2012,Mar-12,3,2012,VOELVLEI,Major Dam,164095,11.6,78691,47.95
fd8293f0-a916-4185-a912-2fb609511c13,01/04/2012,Apr-12,4,2012,VOELVLEI,Major Dam,164095,11.6,78691,47.95
85a68e08-4214-4c57-9276-6b668fe698a3,02/04/2012,Apr-12,4,2012,VOELVLEI,Major Dam,164095,11.57,78319,47.73
4d96cad8-c149-41c5-a5fc-1d99bfe8fa68,03/04/2012,Apr-12,4,2012,VOELVLEI,Major Dam,164095,11.54,77948,47.5
15944889-03da-4577-9e87-9cb5045811cc,04/04/2012,Apr-12,4,2012,VOELVLEI,Major Dam,164095,11.52,77701,47.35
5283a4e3-d4a7-422f-9750-e0095ec20777,05/04/2012,Apr-12,4,2012,VOELVLEI,Major Dam,164095,11.47,77084,46.98
4f9f74be-8017-4631-a8c5-34507f457dc9,06/04/2012,Apr-12,4,2012,VOELVLEI,Major Dam,164095,11.45,76838,46.83
20e5cc10-bb00-4bd4-a969-242de322fb5a,07/04/2012,Apr-12,4,2012,VOELVLEI,Major Dam,164095,11.41,76346,46.53
be028021-b49a-45e2-9b8d-e294111e2417,08/04/2012,Apr-12,4,2012,VOELVLEI,Major Dam,164095,11.36,75733,46.15
bd8a4082-ba37-4e5c-bca5-aa56d2a1fcbc,09/04/2012,Apr-12,4,2012,VOELVLEI,Major Dam,164095,11.38,75978,46.3
823523b6-462b-449d-8c8a-8f6fea1c2afb,10/04/2012,Apr-12,4,2012,VOELVLEI,Major Dam,164095,11.37,75855,46.23
0cd861c0-dc07-4dcf-b4f4-8dd068e4607e,11/04/2012,Apr-12,4,2012,VOELVLEI,Major Dam,164095,11.35,75610,46.08
d4bf2a67-27a7-4607-9cfe-415a938801d0,12/04/2012,Apr-12,4,2012,VOELVLEI,Major Dam,164095,11.32,75243,45.85
3f7f85d2-f702-4e57-b535-3582e1090598,13/04/2012,Apr-12,4,2012,VOELVLEI,Major Dam,164095,11.31,75121,45.78
f0bca711-24da-4850-b65c-77488fcfd342,14/04/2012,Apr-12,4,2012,VOELVLEI,Major Dam,164095,11.25,74388,45.33
176d078e-6950-4ed1-a532-31add585e387,15/04/2012,Apr-12,4,2012,VOELVLEI,Major Dam,164095,11.23,74145,45.18
58bd5e17-99dd-42cb-b48a-f5e49e03029e,16/04/2012,Apr-12,4,2012,VOELVLEI,Major Dam,164095,11.22,74023,45.11
157bc394-a750-4854-a0b8-7becff0c5461,17/04/2012,Apr-12,4,2012,VOELVLEI,Major Dam,164095,11.19,73658,44.89
f8633f22-31a3-4ca2-88e8-d5ad5bb589de,18/04/2012,Apr-12,4,2012,VOELVLEI,Major Dam,164095,11.16,73294,44.67
cf8f774e-06b1-425e-9848-58d1766010c5,19/04/2012,Apr-12,4,2012,VOELVLEI,Major Dam,164095,11.14,73052,44.52
956e4977-87d5-4976-9f5a-625a2f35ff79,20/04/2012,Apr-12,4,2012,VOELVLEI,Major Dam,164095,11.09,72447,44.15
79a2e653-27d4-4b53-9b99-3e02fde853fd,21/04/2012,Apr-12,4,2012,VOELVLEI,Major Dam,164095,11.06,72085,43.93
0d1f5800-bcac-4194-91fd-c087ef6fd647,22/04/2012,Apr-12,4,2012,VOELVLEI,Major Dam,164095,11.04,71845,43.78
97f69479-b805-4581-b54c-7262da7e91ca,23/04/2012,Apr-12,4,2012,VOELVLEI,Major Dam,164095,11.03,71724,43.71
4d859962-4d55-4ea8-927d-8dd88721951f,24/04/2012,Apr-12,4,2012,VOELVLEI,Major Dam,164095,11.01,71484,43.56
8d5e134c-0871-4a3b-b4fb-57c2611954b6,25/04/2012,Apr-12,4,2012,VOELVLEI,Major Dam,164095,10.98,71124,43.34
585db7fe-9cb1-4188-ab0d-8ad648e64b8b,26/04/2012,Apr-12,4,2012,VOELVLEI,Major Dam,164095,10.96,70884,43.2
6d022866-f9c8-4a98-8d28-a69993c5ac32,27/04/2012,Apr-12,4,2012,VOELVLEI,Major Dam,164095,10.87,69808,42.54
53eee350-ffe1-4b2d-a5dc-45f1f08e03e0,28/04/2012,Apr-12,4,2012,VOELVLEI,Major Dam,164095,10.84,69451,42.32
10c9e49b-2242-40dd-a74f-4bcbfb7d09a0,29/04/2012,Apr-12,4,2012,VOELVLEI,Major Dam,164095,10.8,68976,42.03
9d741bbe-39d2-42f4-958a-1b0796d1f052,30/04/2012,Apr-12,4,2012,VOELVLEI,Major Dam,164095,10.83,69332,42.25
9aa1b167-76fe-49ef-aea2-1ed0f0914835,01/05/2012,May-12,5,2012,VOELVLEI,Major Dam,164095,10.81,69095,42.11
7c434686-3ddf-4207-8301-824e80fd3dc2,02/05/2012,May-12,5,2012,VOELVLEI,Major Dam,164095,10.81,69095,42.11
4e9ddcf8-8ddc-4be0-8ef0-6957838a9482,03/05/2012,May-12,5,2012,VOELVLEI,Major Dam,164095,10.81,69095,42.11
cb77b7a1-cfab-47de-9949-acffa235a5f8,04/05/2012,May-12,5,2012,VOELVLEI,Major Dam,164095,10.9,70166,42.76
6f6c0fb6-fd36-42df-b64c-8986cc07189f,05/05/2012,May-12,5,2012,VOELVLEI,Major Dam,164095,10.9,70166,42.76
ccf5529b-dead-40a8-9b48-b7bedaf073b6,06/05/2012,May-12,5,2012,VOELVLEI,Major Dam,164095,10.96,70884,43.2
9adb3358-55c5-4255-9ca6-1734ec0feeb4,07/05/2012,May-12,5,2012,VOELVLEI,Major Dam,164095,10.96,70884,43.2
210f1086-8bfe-4b0e-8a81-52add51a94b5,08/05/2012,May-12,5,2012,VOELVLEI,Major Dam,164095,10.94,70644,43.05
53ec6759-77ad-4062-9907-a56b008e94eb,09/05/2012,May-12,5,2012,VOELVLEI,Major Dam,164095,11.01,71484,43.56
0acd3976-370b-431a-a141-a87177484fdc,10/05/2012,May-12,5,2012,VOELVLEI,Major Dam,164095,11.01,71484,43.56
5485e4ed-7f3f-4198-8ab2-963fae36616d,11/05/2012,May-12,5,2012,VOELVLEI,Major Dam,164095,11.01,71484,43.56
09432fe5-7055-420f-b7ee-da3a980e0cde,12/05/2012,May-12,5,2012,VOELVLEI,Major Dam,164095,10.99,71244,43.42
88aa182d-651e-45ae-b269-e25e96adb815,13/05/2012,May-12,5,2012,VOELVLEI,Major Dam,164095,10.98,71124,43.34
fb4d707c-b5d7-4172-b1b4-ec1b569dad54,14/05/2012,May-12,5,2012,VOELVLEI,Major Dam,164095,10.97,71004,43.27
0512ef30-6015-4ea1-ab61-569c907881e1,15/05/2012,May-12,5,2012,VOELVLEI,Major Dam,164095,10.93,70525,42.98
278c52f1-1185-4390-9064-4b149786f167,16/05/2012,May-12,5,2012,VOELVLEI,Major Dam,164095,10.93,70525,42.98
5ecec937-281d-4ca3-8851-ca331bc0b5cc,17/05/2012,May-12,5,2012,VOELVLEI,Major Dam,164095,10.9,70166,42.76
cd0fc66f-94e4-4362-9526-38d8f1cf33e1,18/05/2012,May-12,5,2012,VOELVLEI,Major Dam,164095,10.88,69928,42.61
7b74b9f5-bb89-4136-b1dd-d746e8751b55,19/05/2012,May-12,5,2012,VOELVLEI,Major Dam,164095,10.89,70047,42.69
5220a3c9-2c75-4d73-a516-cad69dc3ebc4,20/05/2012,May-12,5,2012,VOELVLEI,Major Dam,164095,10.86,69689,42.47
1342af21-61c8-473e-9a17-86e9c521590c,21/05/2012,May-12,5,2012,VOELVLEI,Major Dam,164095,10.82,69213,42.18
81b7006f-db2c-4631-8ec2-b0cfe1497c6d,22/05/2012,May-12,5,2012,VOELVLEI,Major Dam,164095,10.81,69095,42.11
5d88daeb-3ef5-4194-83ac-12138548d2cc,23/05/2012,May-12,5,2012,VOELVLEI,Major Dam,164095,10.8,68976,42.03
4a20373a-0096-4a4b-866e-f13120239329,24/05/2012,May-12,5,2012,VOELVLEI,Major Dam,164095,10.8,68976,42.03
4bf5111c-e98d-4b03-873a-113c9a428e28,25/05/2012,May-12,5,2012,VOELVLEI,Major Dam,164095,10.76,68502,41.75
d139fd64-2920-4987-b2e6-1c8e1032599b,26/05/2012,May-12,5,2012,VOELVLEI,Major Dam,164095,10.73,68147,41.53
76ef28a3-12cf-498a-a945-fd6eb512cc05,27/05/2012,May-12,5,2012,VOELVLEI,Major Dam,164095,10.73,68147,41.53
fa44e337-3e80-44e4-bba4-e0610cef5d58,28/05/2012,May-12,5,2012,VOELVLEI,Major Dam,164095,10.73,68147,41.53
4fac552f-9fcd-46e0-968e-47ba44c95f0d,29/05/2012,May-12,5,2012,VOELVLEI,Major Dam,164095,10.75,68384,41.67
e9d83c21-76d5-4a6e-b048-717b50659e90,30/05/2012,May-12,5,2012,VOELVLEI,Major Dam,164095,10.75,68384,41.67
e5e4c1cf-e9f6-4d46-8c33-427b5a43a047,31/05/2012,May-12,5,2012,VOELVLEI,Major Dam,164095,10.72,68029,41.46
a7aacd03-f2dc-4bfb-b64e-95944398df6d,01/06/2012,Jun-12,6,2012,VOELVLEI,Major Dam,164095,10.72,68029,41.46
c16460f2-aa36-43a4-b787-fe7930955fde,02/06/2012,Jun-12,6,2012,VOELVLEI,Major Dam,164095,10.7,67793,41.31
5aeb853f-08f8-4e53-be89-4cda93cabb2d,03/06/2012,Jun-12,6,2012,VOELVLEI,Major Dam,164095,10.7,67793,41.31
5566cd9b-7e8b-4d29-a376-d29bd0e43a8e,04/06/2012,Jun-12,6,2012,VOELVLEI,Major Dam,164095,10.66,67322,41.03
9c35e40d-07a4-4640-af24-de77a35e5a4b,05/06/2012,Jun-12,6,2012,VOELVLEI,Major Dam,164095,10.66,67322,41.03
45f56717-7e37-4f61-ad77-e86ffe14031d,06/06/2012,Jun-12,6,2012,VOELVLEI,Major Dam,164095,10.65,67204,40.95
b0082de8-ca65-417c-a64b-1b9a4058bce3,07/06/2012,Jun-12,6,2012,VOELVLEI,Major Dam,164095,10.65,67204,40.95
0f3f314d-69af-45a3-9a8e-65a79ec22d1d,08/06/2012,Jun-12,6,2012,VOELVLEI,Major Dam,164095,10.65,67204,40.95
6df1faf6-5aae-4753-b4b8-196986c90c02,09/06/2012,Jun-12,6,2012,VOELVLEI,Major Dam,164095,10.8,68976,42.03
51184a83-12bc-428d-8daa-b4f58e2a7be4,10/06/2012,Jun-12,6,2012,VOELVLEI,Major Dam,164095,10.95,70764,43.12
34fa3b7f-cf7e-47a4-973f-d1b18e783e72,11/06/2012,Jun-12,6,2012,VOELVLEI,Major Dam,164095,11.02,71604,43.64
32219eff-99fe-43fa-ba88-4e89632753eb,12/06/2012,Jun-12,6,2012,VOELVLEI,Major Dam,164095,11.27,74632,45.48
588d8439-c1a1-4235-84dd-2b994219032f,13/06/2012,Jun-12,6,2012,VOELVLEI,Major Dam,164095,11.32,75243,45.85
7db3418d-8a8e-45c4-8987-fa6323a753ea,14/06/2012,Jun-12,6,2012,VOELVLEI,Major Dam,164095,11.34,75488,46
297761f8-80d4-4fbd-8235-c05cc3d35a51,15/06/2012,Jun-12,6,2012,VOELVLEI,Major Dam,164095,11.35,75610,46.08
d580e142-71c2-412d-b45f-7e9b78025b27,16/06/2012,Jun-12,6,2012,VOELVLEI,Major Dam,164095,11.35,75610,46.08
7f90e793-2630-49f3-9368-2e080cfe793e,17/06/2012,Jun-12,6,2012,VOELVLEI,Major Dam,164095,11.34,75488,46
f811e939-5c56-46cc-a520-baab8cfd4fe4,18/06/2012,Jun-12,6,2012,VOELVLEI,Major Dam,164095,11.34,75488,46
d1b8f7a5-e29b-4ba4-a7f3-d8e37a1ce62f,19/06/2012,Jun-12,6,2012,VOELVLEI,Major Dam,164095,11.39,76101,46.38
ca0db33a-3fac-4de1-8fc9-a22f9691728f,20/06/2012,Jun-12,6,2012,VOELVLEI,Major Dam,164095,11.38,75978,46.3
7905d006-cb6e-442f-abdf-0c007f3d99ad,21/06/2012,Jun-12,6,2012,VOELVLEI,Major Dam,164095,11.4,76224,46.45
09faabf2-23b1-4938-909a-9af67f9dcdf9,22/06/2012,Jun-12,6,2012,VOELVLEI,Major Dam,164095,11.4,76224,46.45
00b0bdf1-f72d-437a-9d62-ce02048e9427,23/06/2012,Jun-12,6,2012,VOELVLEI,Major Dam,164095,11.38,75978,46.3
a6e1f929-1577-40ca-a4f3-891aabde91b9,24/06/2012,Jun-12,6,2012,VOELVLEI,Major Dam,164095,11.4,76224,46.45
e4d5c5d7-45c0-4bd5-b046-c1e4b75ea71e,25/06/2012,Jun-12,6,2012,VOELVLEI,Major Dam,164095,11.41,76346,46.53
7db3340f-cded-4c57-87d7-93f5d5b18cab,26/06/2012,Jun-12,6,2012,VOELVLEI,Major Dam,164095,11.49,77331,47.13
e6bfd8f5-f37f-4bab-9ee0-11efde563090,27/06/2012,Jun-12,6,2012,VOELVLEI,Major Dam,164095,11.69,79808,48.64
002e97c7-f1d0-46a1-a642-b7430f0a25bb,28/06/2012,Jun-12,6,2012,VOELVLEI,Major Dam,164095,11.86,81930,49.93
218a4b7f-c65c-4ecd-b6c2-9da0ac54cdba,29/06/2012,Jun-12,6,2012,VOELVLEI,Major Dam,164095,12,83689,51
36525608-cc60-42c1-b754-312e83efbbac,30/06/2012,Jun-12,6,2012,VOELVLEI,Major Dam,164095,12.06,84445,51.46
68f8fccc-e684-457d-8baa-19869aef999b,01/07/2012,Jul-12,7,2012,VOELVLEI,Major Dam,164095,12.14,85458,52.08
e1e4dbaa-5fc7-4724-8916-682dc1ab39fc,02/07/2012,Jul-12,7,2012,VOELVLEI,Major Dam,164095,12.19,86092,52.46
a25a2034-831c-48a8-a04f-df3db0c15291,03/07/2012,Jul-12,7,2012,VOELVLEI,Major Dam,164095,12.21,86347,52.62
de1b3d28-c043-48a9-b230-376995e5abbc,04/07/2012,Jul-12,7,2012,VOELVLEI,Major Dam,164095,12.25,86856,52.93
49614128-5ca3-4174-8680-1eb7fa79f904,05/07/2012,Jul-12,7,2012,VOELVLEI,Major Dam,164095,12.82,94214,57.41
daae43c7-b810-4f85-b634-f6c6c9ddbcd3,06/07/2012,Jul-12,7,2012,VOELVLEI,Major Dam,164095,12.9,95264,58.05
b69109a1-387b-4ba3-a4fc-d1a0104805f4,07/07/2012,Jul-12,7,2012,VOELVLEI,Major Dam,164095,12.44,89285,54.41
ad26ebaa-1033-422f-a30a-cc0906cfdb89,08/07/2012,Jul-12,7,2012,VOELVLEI,Major Dam,164095,12.5,90057,54.88
0af1c5a0-d798-4a2c-a871-28bb9eb8d27f,09/07/2012,Jul-12,7,2012,VOELVLEI,Major Dam,164095,12.61,91479,55.75
740edec9-f314-42e7-b025-b64415e5622b,10/07/2012,Jul-12,7,2012,VOELVLEI,Major Dam,164095,12.75,93299,56.86
499120bf-5536-4d15-9eaa-db890603072a,11/07/2012,Jul-12,7,2012,VOELVLEI,Major Dam,164095,12.86,94738,57.73
4881d346-2efb-443b-a76c-11ad6261eade,12/07/2012,Jul-12,7,2012,VOELVLEI,Major Dam,164095,12.94,95790,58.37
1c5ed97a-11f2-4eb1-a5f2-7e913f6ef84d,13/07/2012,Jul-12,7,2012,VOELVLEI,Major Dam,164095,13.05,97243,59.26
0884377f-a30a-4304-88b3-81be1a05a9ba,14/07/2012,Jul-12,7,2012,VOELVLEI,Major Dam,164095,13.07,97508,59.42
4630a98a-2fc7-4798-ad2e-e814d249c080,15/07/2012,Jul-12,7,2012,VOELVLEI,Major Dam,164095,13.14,98438,59.99
191b80d8-005d-4117-97d1-b43f15bc8389,16/07/2012,Jul-12,7,2012,VOELVLEI,Major Dam,164095,13.17,98838,60.23
bcd67482-0c40-446f-b9a7-0b08bd61c717,17/07/2012,Jul-12,7,2012,VOELVLEI,Major Dam,164095,13.21,99371,60.56
f1a354de-13f3-40cc-b0ee-bbe4fb9d6965,18/07/2012,Jul-12,7,2012,VOELVLEI,Major Dam,164095,13.25,99906,60.88
3793553f-1b12-4a98-a806-f9fddd5ac8e6,19/07/2012,Jul-12,7,2012,VOELVLEI,Major Dam,164095,13.25,99906,60.88
df92e228-40fc-4185-abdf-f2ab817c13b3,20/07/2012,Jul-12,7,2012,VOELVLEI,Major Dam,164095,13.28,100308,61.13
f6125899-4b04-401b-84b8-9cce927d5b7a,21/07/2012,Jul-12,7,2012,VOELVLEI,Major Dam,164095,13.28,100308,61.13
21d12c2c-bbf2-4f63-8307-1788490f6830,22/07/2012,Jul-12,7,2012,VOELVLEI,Major Dam,164095,13.28,100308,61.13
5f3b5218-2b96-4446-bc00-9bc6199971ae,23/07/2012,Jul-12,7,2012,VOELVLEI,Major Dam,164095,13.5,103271,62.93
93ab7763-a390-4f8f-9040-348d81e8ea69,24/07/2012,Jul-12,7,2012,VOELVLEI,Major Dam,164095,13.62,104900,63.93
4db1057e-5575-4481-b795-0fc628c60313,25/07/2012,Jul-12,7,2012,VOELVLEI,Major Dam,164095,13.66,105445,64.26
e4e10ca5-2c7b-4a09-bc19-fad878b262d1,26/07/2012,Jul-12,7,2012,VOELVLEI,Major Dam,164095,13.71,106127,64.67
50626487-e159-4e1f-9e07-0165a24bdfaf,27/07/2012,Jul-12,7,2012,VOELVLEI,Major Dam,164095,13.75,106674,65.01
c31cc553-fbd4-47f2-8fbd-a95b903da13b,28/07/2012,Jul-12,7,2012,VOELVLEI,Major Dam,164095,13.78,107085,65.26
bd08d02f-4e7b-492b-b250-6347213611a7,29/07/2012,Jul-12,7,2012,VOELVLEI,Major Dam,164095,13.78,107085,65.26
9fd32a1d-c7df-458e-bfa6-1d8ff16076b4,30/07/2012,Jul-12,7,2012,VOELVLEI,Major Dam,164095,13.83,107772,65.68
54b109dc-4e7f-49fa-a00f-42757053fd32,31/07/2012,Jul-12,7,2012,VOELVLEI,Major Dam,164095,13.85,108047,65.84
46ff33f6-496f-402f-8c02-8816ee6630a0,01/08/2012,Aug-12,8,2012,VOELVLEI,Major Dam,164095,13.85,108047,65.84
9c085400-7b2e-4e00-a766-7a8535e33088,02/08/2012,Aug-12,8,2012,VOELVLEI,Major Dam,164095,13.85,108047,65.84
493cfff7-2789-46a8-892b-ea6218857a06,03/08/2012,Aug-12,8,2012,VOELVLEI,Major Dam,164095,13.9,108735,66.26
647ce85c-faaa-4924-ac8d-935949bbd2af,04/08/2012,Aug-12,8,2012,VOELVLEI,Major Dam,164095,13.92,109011,66.43
b65cfc25-066a-4f5f-94fa-5966f3c552b4,05/08/2012,Aug-12,8,2012,VOELVLEI,Major Dam,164095,13.93,109149,66.52
efd0de8b-9b1a-45c5-9642-a004a8471275,06/08/2012,Aug-12,8,2012,VOELVLEI,Major Dam,164095,13.94,109287,66.6
4d7cef38-cf3b-441c-98bb-0ccd1db83a24,07/08/2012,Aug-12,8,2012,VOELVLEI,Major Dam,164095,14,110116,67.11
2393d0fd-2c46-4935-8ce4-2517ac0552a6,08/08/2012,Aug-12,8,2012,VOELVLEI,Major Dam,164095,14.04,110671,67.44
a60c8fe7-f73d-4c74-8ff2-0115b9d8f007,09/08/2012,Aug-12,8,2012,VOELVLEI,Major Dam,164095,14.13,111921,68.21
c4bd4ea5-8d68-4b93-8b83-dc5fb6289115,10/08/2012,Aug-12,8,2012,VOELVLEI,Major Dam,164095,14.23,113316,69.06
5ed3aaf1-99f9-44cb-8f96-f1b2f612e3b7,11/08/2012,Aug-12,8,2012,VOELVLEI,Major Dam,164095,14.26,113735,69.31
f237ff2d-0179-4f4b-97bd-c360c2d7f148,12/08/2012,Aug-12,8,2012,VOELVLEI,Major Dam,164095,14.31,114436,69.74
02afa188-d39f-4f41-9ca6-abcfbd8e9cd3,13/08/2012,Aug-12,8,2012,VOELVLEI,Major Dam,164095,14.5,117111,71.37
2cd07a4f-1daf-49cb-a405-b514a6090046,14/08/2012,Aug-12,8,2012,VOELVLEI,Major Dam,164095,14.71,120090,73.18
f47b7a28-f45a-45e2-b922-1443d9ad094d,15/08/2012,Aug-12,8,2012,VOELVLEI,Major Dam,164095,14.76,120803,73.62
3c4d8aa5-f244-448f-843b-3f73767b912e,16/08/2012,Aug-12,8,2012,VOELVLEI,Major Dam,164095,14.98,123956,75.54
6252e8d1-5322-40cf-aaeb-2fdacce4045b,17/08/2012,Aug-12,8,2012,VOELVLEI,Major Dam,164095,15.15,126410,77.03
19ce4e86-9a24-4e93-a987-495818094ea1,18/08/2012,Aug-12,8,2012,VOELVLEI,Major Dam,164095,15.4,130048,79.25
318d140c-7515-4afd-84a1-8f916594bc58,19/08/2012,Aug-12,8,2012,VOELVLEI,Major Dam,164095,15.45,130780,79.7
79fb9ab3-24dc-4c49-be77-1a56ef525bd5,20/08/2012,Aug-12,8,2012,VOELVLEI,Major Dam,164095,15.67,134018,81.67
5f30bfef-06b4-4adc-ae8a-e23f113a5056,21/08/2012,Aug-12,8,2012,VOELVLEI,Major Dam,164095,15.75,135202,82.39
e0794735-8dcc-4183-aa5c-b33e79b3e262,22/08/2012,Aug-12,8,2012,VOELVLEI,Major Dam,164095,15.9,137434,83.75
ecf6dcd1-03b9-456e-9571-135f043a80f7,23/08/2012,Aug-12,8,2012,VOELVLEI,Major Dam,164095,16,138928,84.66
0e4ab49c-3552-46d5-9560-6e2b18bdcd6d,24/08/2012,Aug-12,8,2012,VOELVLEI,Major Dam,164095,16.05,139678,85.12
c461ae22-ecb5-4ee6-807e-92567251b08f,25/08/2012,Aug-12,8,2012,VOELVLEI,Major Dam,164095,16.12,140729,85.76
cb86278c-6dea-4b07-9f82-9ef4714573c8,26/08/2012,Aug-12,8,2012,VOELVLEI,Major Dam,164095,16.17,141482,86.22
d4356775-f82b-4ad6-b125-856fdd514347,27/08/2012,Aug-12,8,2012,VOELVLEI,Major Dam,164095,16.21,142085,86.59
ccff5c8d-6a3e-4ebb-90fc-06d7a2ec2375,28/08/2012,Aug-12,8,2012,VOELVLEI,Major Dam,164095,16.25,142689,86.96
311c84fc-70f2-40a3-8823-14eea4f4ba9c,29/08/2012,Aug-12,8,2012,VOELVLEI,Major Dam,164095,16.48,146171,89.08
4081e66f-06fd-4d8a-9d30-154a10f76aa5,30/08/2012,Aug-12,8,2012,VOELVLEI,Major Dam,164095,16.53,146929,89.54
95b3e657-24d1-44a7-b605-8b8a9fdf06b7,31/08/2012,Aug-12,8,2012,VOELVLEI,Major Dam,164095,16.57,147536,89.91
8a948e7e-513e-4bae-a8c0-8b4b715b3109,01/09/2012,Sep-12,9,2012,VOELVLEI,Major Dam,164095,16.64,148599,90.56
f68bf851-2ef2-440b-95c1-9049d3544eb0,02/09/2012,Sep-12,9,2012,VOELVLEI,Major Dam,164095,16.81,151182,92.13
c8923cf7-c1d1-4fb5-89ee-1d9fd129c654,03/09/2012,Sep-12,9,2012,VOELVLEI,Major Dam,164095,16.93,153009,93.24
12d64331-4c5c-4b39-ba76-cd2c062a75b7,04/09/2012,Sep-12,9,2012,VOELVLEI,Major Dam,164095,17,154076,93.89
2db764ed-ba64-4f0a-aa72-2d822a6589df,05/09/2012,Sep-12,9,2012,VOELVLEI,Major Dam,164095,17.03,154534,94.17
36d1de26-6141-4b33-a65d-04a3fccffa73,06/09/2012,Sep-12,9,2012,VOELVLEI,Major Dam,164095,17.13,156063,95.11
b44c2c43-0794-49f2-a410-8e55efe43230,07/09/2012,Sep-12,9,2012,VOELVLEI,Major Dam,164095,17.15,156370,95.29
0fa6dcd4-72db-45f4-994c-21ec89198ed0,08/09/2012,Sep-12,9,2012,VOELVLEI,Major Dam,164095,17.22,157444,95.95
8bdd8e02-1a99-468c-a2e0-19affc453b1b,09/09/2012,Sep-12,9,2012,VOELVLEI,Major Dam,164095,17.26,158058,96.32
3e4529ea-e673-47a5-befd-871377bf8013,10/09/2012,Sep-12,9,2012,VOELVLEI,Major Dam,164095,17.29,158520,96.6
dac61de8-9a97-4143-b064-070e376cffa9,11/09/2012,Sep-12,9,2012,VOELVLEI,Major Dam,164095,17.34,159291,97.07
b606d2ff-e120-4e4a-8504-43d21e572886,12/09/2012,Sep-12,9,2012,VOELVLEI,Major Dam,164095,17.44,160839,98.02
4aa5aa22-0b26-410c-a701-58871eca417c,13/09/2012,Sep-12,9,2012,VOELVLEI,Major Dam,164095,17.5,161773,98.58
2869a608-670a-4805-a711-705aaac6cc9c,14/09/2012,Sep-12,9,2012,VOELVLEI,Major Dam,164095,17.55,162554,99.06
5c7c0e15-d7c1-4fd4-a281-698a1eb6802c,15/09/2012,Sep-12,9,2012,VOELVLEI,Major Dam,164095,17.89,167921,102.33
9397ba6f-ac2e-435a-9e8c-4c8d78a5f355,16/09/2012,Sep-12,9,2012,VOELVLEI,Major Dam,164095,17.6,163337,99.54
e2c7001d-9a32-4ed9-8871-e6b4d434a9e7,17/09/2012,Sep-12,9,2012,VOELVLEI,Major Dam,164095,17.64,163965,99.92
aac2b3f9-0072-423d-855a-e32c44da0726,18/09/2012,Sep-12,9,2012,VOELVLEI,Major Dam,164095,17.65,164122,100.02
6a22a622-deb4-4739-a540-f852b483c9e1,19/09/2012,Sep-12,9,2012,VOELVLEI,Major Dam,164095,17.68,164594,100.3
db5fc8b4-13c8-47e4-896c-705fba139d76,20/09/2012,Sep-12,9,2012,VOELVLEI,Major Dam,164095,17.7,164909,100.5
57a4c029-e198-4ea5-818a-275d4cb970dd,21/09/2012,Sep-12,9,2012,VOELVLEI,Major Dam,164095,17.72,165225,100.69
c58911ac-ff55-4148-9af3-1c9578064e5c,22/09/2012,Sep-12,9,2012,VOELVLEI,Major Dam,164095,17.73,165383,100.78
524a7296-ec99-4843-8ac7-bb4c0cf45e06,23/09/2012,Sep-12,9,2012,VOELVLEI,Major Dam,164095,17.74,165541,100.88
5090a10e-dfc5-4779-a3ae-1181ac718c1d,24/09/2012,Sep-12,9,2012,VOELVLEI,Major Dam,164095,17.74,165541,100.88
717fbadf-445b-45d3-a027-fa9984c5cb4a,25/09/2012,Sep-12,9,2012,VOELVLEI,Major Dam,164095,17.76,165857,101.07
d5aa8ba9-b8fd-461c-8a42-e8cccb7d8a72,26/09/2012,Sep-12,9,2012,VOELVLEI,Major Dam,164095,17.75,165699,100.98
6cd2c484-164d-42be-8075-1eb07df5e267,27/09/2012,Sep-12,9,2012,VOELVLEI,Major Dam,164095,17.75,165699,100.98
4da18f62-8203-4b14-a255-9421a7b3e6a0,28/09/2012,Sep-12,9,2012,VOELVLEI,Major Dam,164095,17.75,165699,100.98
514101d5-76c2-426b-a729-2805b5608d37,29/09/2012,Sep-12,9,2012,VOELVLEI,Major Dam,164095,17.8,166491,101.46
0a66e906-0b1c-4f54-8bfe-43582368e680,30/09/2012,Sep-12,9,2012,VOELVLEI,Major Dam,164095,17.79,166332,101.36
04073eb7-eccb-4dec-bdb3-36457528c9b9,01/10/2012,Oct-12,10,2012,VOELVLEI,Major Dam,164095,17.75,165699,100.98
0956063a-e669-4e42-8fbc-f24f455045a2,02/10/2012,Oct-12,10,2012,VOELVLEI,Major Dam,164095,17.75,165699,100.98
d404b916-ffec-41fd-a76d-08eb1408e866,03/10/2012,Oct-12,10,2012,VOELVLEI,Major Dam,164095,17.75,165699,100.98
a1e1cc46-61be-4741-8a31-b21cf728cdaa,04/10/2012,Oct-12,10,2012,VOELVLEI,Major Dam,164095,17.75,165699,100.98
27b5f309-c150-4fc6-b51f-c9eeaeebdac1,05/10/2012,Oct-12,10,2012,VOELVLEI,Major Dam,164095,17.71,165067,100.59
f6d56a4c-6d49-4ca0-aa7e-16a9110ec494,06/10/2012,Oct-12,10,2012,VOELVLEI,Major Dam,164095,17.7,164909,100.5
745615aa-faf2-429a-8231-9a14284ab588,07/10/2012,Oct-12,10,2012,VOELVLEI,Major Dam,164095,17.68,164594,100.3
55591d26-d63c-4135-bacc-aa70565f0974,08/10/2012,Oct-12,10,2012,VOELVLEI,Major Dam,164095,17.66,164279,100.11
61b991ff-d125-4716-92e8-80e8abf6b447,09/10/2012,Oct-12,10,2012,VOELVLEI,Major Dam,164095,17.65,164122,100.02
5cb9e800-35cc-48cd-ac14-98519cd266b6,10/10/2012,Oct-12,10,2012,VOELVLEI,Major Dam,164095,17.65,164122,100.02
eae0b520-a420-4cdf-8540-bba56593ede1,11/10/2012,Oct-12,10,2012,VOELVLEI,Major Dam,164095,17.61,163493,99.63
179f1253-e67b-4466-9342-09ac6b112735,12/10/2012,Oct-12,10,2012,VOELVLEI,Major Dam,164095,17.6,163337,99.54
1af5d266-e1fa-4450-8145-f8087c875029,13/10/2012,Oct-12,10,2012,VOELVLEI,Major Dam,164095,17.59,163180,99.44
1482c87f-f81c-4443-af52-03fc9fd142b2,14/10/2012,Oct-12,10,2012,VOELVLEI,Major Dam,164095,17.57,162867,99.25
42030b22-b538-4aeb-b4f6-1cb797d8c34d,15/10/2012,Oct-12,10,2012,VOELVLEI,Major Dam,164095,17.56,162710,99.16
562df134-eb87-4068-bcef-ffb5c14227f3,16/10/2012,Oct-12,10,2012,VOELVLEI,Major Dam,164095,17.55,162554,99.06
16fd51ad-fba0-4c72-b70b-5813f3460112,17/10/2012,Oct-12,10,2012,VOELVLEI,Major Dam,164095,17.53,162241,98.87
0f2b13b7-ce71-46cd-9ee4-42449c725d58,18/10/2012,Oct-12,10,2012,VOELVLEI,Major Dam,164095,17.5,161773,98.58
09b3e2a7-d428-4aae-b7c9-5981456228c5,19/10/2012,Oct-12,10,2012,VOELVLEI,Major Dam,164095,17.5,161773,98.58
38b5b816-b0ea-4c0e-b109-c48394aad101,20/10/2012,Oct-12,10,2012,VOELVLEI,Major Dam,164095,17.49,161617,98.49
75850536-f52f-408a-91b3-008c2883e146,21/10/2012,Oct-12,10,2012,VOELVLEI,Major Dam,164095,17.49,161617,98.49
34b32af3-7a30-432c-be83-3e9e978e8d9a,22/10/2012,Oct-12,10,2012,VOELVLEI,Major Dam,164095,17.47,161306,98.3
df100d55-2047-49d9-8866-4724560bfafa,23/10/2012,Oct-12,10,2012,VOELVLEI,Major Dam,164095,17.47,161306,98.3
0a647037-4d64-4c03-8225-47b3b5105fcd,24/10/2012,Oct-12,10,2012,VOELVLEI,Major Dam,164095,17.44,160839,98.02
e0fd045e-ce9c-49d9-b167-9fdcc70486f8,25/10/2012,Oct-12,10,2012,VOELVLEI,Major Dam,164095,17.43,160684,97.92
889d72ee-5077-4aba-b448-b5f06c18e125,26/10/2012,Oct-12,10,2012,VOELVLEI,Major Dam,164095,17.41,160374,97.73
3017fd45-c7de-40c0-a2d0-e14c8574e18d,27/10/2012,Oct-12,10,2012,VOELVLEI,Major Dam,164095,17.4,160219,97.64
19141480-e69b-4c34-bbed-db8d8093e23e,28/10/2012,Oct-12,10,2012,VOELVLEI,Major Dam,164095,17.4,160219,97.64
9e956219-bfc0-4937-bba6-e77b44eaa56d,29/10/2012,Oct-12,10,2012,VOELVLEI,Major Dam,164095,17.39,160064,97.54
51fc5f1a-23ea-426b-bebd-9eeb570d1b00,30/10/2012,Oct-12,10,2012,VOELVLEI,Major Dam,164095,17.36,159600,97.26
3646a667-4848-4374-a83e-9ead7564f807,31/10/2012,Oct-12,10,2012,VOELVLEI,Major Dam,164095,17.35,159445,97.17
b8220a6c-d4f5-4c84-8910-757373c2d281,01/11/2012,Nov-12,11,2012,VOELVLEI,Major Dam,164095,17.39,160064,97.54
baaf413b-bb63-4230-8388-748931071301,02/11/2012,Nov-12,11,2012,VOELVLEI,Major Dam,164095,17.38,159909,97.45
e155a9c1-ac98-4404-9572-3b612896e1f3,03/11/2012,Nov-12,11,2012,VOELVLEI,Major Dam,164095,17.36,159600,97.26
e54d4d47-b02e-43e0-8ab2-55bacd8c7982,04/11/2012,Nov-12,11,2012,VOELVLEI,Major Dam,164095,17.28,158366,96.51
73a09c2f-deae-4bc3-a1f7-c0f477eb6093,05/11/2012,Nov-12,11,2012,VOELVLEI,Major Dam,164095,17.27,158212,96.41
950eee84-9e64-4682-a226-7861260b018f,06/11/2012,Nov-12,11,2012,VOELVLEI,Major Dam,164095,17.26,158058,96.32
c942c226-2bff-4dff-8266-88e33812d667,07/11/2012,Nov-12,11,2012,VOELVLEI,Major Dam,164095,17.24,157751,96.13
e04ff379-839c-44f8-b84c-0e4a5dd318de,08/11/2012,Nov-12,11,2012,VOELVLEI,Major Dam,164095,17.21,157290,95.85
390a4e3d-0b6e-4e50-9bd7-8df81af95097,09/11/2012,Nov-12,11,2012,VOELVLEI,Major Dam,164095,17.2,157137,95.76
a6ebaa43-9ee9-4794-aa4a-9130c000024d,10/11/2012,Nov-12,11,2012,VOELVLEI,Major Dam,164095,17.19,156983,95.67
3371af43-4a18-4cc1-ace1-6ffdfb1aba1f,11/11/2012,Nov-12,11,2012,VOELVLEI,Major Dam,164095,17.17,156676,95.48
43ad768f-e08c-41c6-8c6f-00cf24bbe752,12/11/2012,Nov-12,11,2012,VOELVLEI,Major Dam,164095,17.15,156370,95.29
449752c6-f6e8-4d2a-803f-84272bd70daa,13/11/2012,Nov-12,11,2012,VOELVLEI,Major Dam,164095,17.15,156370,95.29
46cbcdc7-d7e9-42ce-845f-7c520c164427,14/11/2012,Nov-12,11,2012,VOELVLEI,Major Dam,164095,17.13,156063,95.11
276c7abe-031b-4b49-a424-468e04acef33,15/11/2012,Nov-12,11,2012,VOELVLEI,Major Dam,164095,17.12,155910,95.01
00226b77-dd38-4203-ba5a-9d397f744448,16/11/2012,Nov-12,11,2012,VOELVLEI,Major Dam,164095,17.11,155757,94.92
ab189457-ce02-4885-b671-2e037daf868c,17/11/2012,Nov-12,11,2012,VOELVLEI,Major Dam,164095,17.09,155451,94.73
f648e2c9-9b2e-4f3f-8951-f4ac4592127f,18/11/2012,Nov-12,11,2012,VOELVLEI,Major Dam,164095,16.91,152704,93.06
978fbb7e-5b5a-4d0f-88c6-9ad67d2ab03f,19/11/2012,Nov-12,11,2012,VOELVLEI,Major Dam,164095,17.05,154840,94.36
3fdad987-0592-4a79-97a4-bb7e32a4eca0,20/11/2012,Nov-12,11,2012,VOELVLEI,Major Dam,164095,17.04,154687,94.27
bc57f2f7-9f11-4258-a85c-f02bd6409729,21/11/2012,Nov-12,11,2012,VOELVLEI,Major Dam,164095,17.02,154382,94.08
72ee2180-2e8b-4614-b579-8bccf109bf3e,22/11/2012,Nov-12,11,2012,VOELVLEI,Major Dam,164095,16.99,153924,93.8
cc082073-6830-450f-a41d-fd485738fd11,23/11/2012,Nov-12,11,2012,VOELVLEI,Major Dam,164095,16.96,153466,93.52
c2ec1b0b-ce8c-4407-8163-7f74ea460a56,24/11/2012,Nov-12,11,2012,VOELVLEI,Major Dam,164095,16.94,153161,93.34
6aafb717-841e-4fbf-bf64-a0d6a2b29a26,25/11/2012,Nov-12,11,2012,VOELVLEI,Major Dam,164095,16.91,152704,93.06
3f023d9a-a0de-44ee-a353-5b6639b880b4,26/11/2012,Nov-12,11,2012,VOELVLEI,Major Dam,164095,16.9,152552,92.97
2e02cab1-81d4-438e-8b83-bffbfebac4af,27/11/2012,Nov-12,11,2012,VOELVLEI,Major Dam,164095,16.88,152247,92.78
d76c2c11-805b-4bdd-a47a-5cb061ce6ae9,28/11/2012,Nov-12,11,2012,VOELVLEI,Major Dam,164095,16.85,151790,92.5
dfdc91df-707b-4920-bcc8-b5ff65d0ab45,29/11/2012,Nov-12,11,2012,VOELVLEI,Major Dam,164095,16.83,151486,92.32
b6e4354d-a627-4e54-bc23-8c17d2820847,30/11/2012,Nov-12,11,2012,VOELVLEI,Major Dam,164095,16.79,150878,91.95
c81f283e-5dd7-4ee2-b1c6-76644c9acfe2,01/12/2012,Dec-12,12,2012,VOELVLEI,Major Dam,164095,16.77,150574,91.76
b8d232cc-3f45-4d10-ad8f-2c05ba39dca4,02/12/2012,Dec-12,12,2012,VOELVLEI,Major Dam,164095,16.75,150270,91.58
f185b019-f537-4fd7-a62c-ce70a6853cef,03/12/2012,Dec-12,12,2012,VOELVLEI,Major Dam,164095,16.67,149054,90.83
fbad9021-006e-40e2-8bd3-c16645ac9f71,04/12/2012,Dec-12,12,2012,VOELVLEI,Major Dam,164095,16.6,147991,90.19
894c1a63-7b15-4a26-81ac-4ac97bd946a9,05/12/2012,Dec-12,12,2012,VOELVLEI,Major Dam,164095,16.64,148599,90.56
91dceed1-2e4d-4b70-91b6-09a7e5ebed87,06/12/2012,Dec-12,12,2012,VOELVLEI,Major Dam,164095,16.62,148295,90.37
1ebbe630-07e6-4524-8a14-79b9c5e3e64f,07/12/2012,Dec-12,12,2012,VOELVLEI,Major Dam,164095,16.6,147991,90.19
7cdc8bc6-a3a0-4b06-a1a8-ed5915e6cf37,08/12/2012,Dec-12,12,2012,VOELVLEI,Major Dam,164095,16.58,147688,90
0512489d-8b57-4b29-a914-5d197adfa005,09/12/2012,Dec-12,12,2012,VOELVLEI,Major Dam,164095,16.55,147233,89.72
1ec2d1ff-4c91-468a-ac51-c4ee43165e20,10/12/2012,Dec-12,12,2012,VOELVLEI,Major Dam,164095,16.52,146778,89.45
79157333-3116-40d2-8154-b5b48b14737c,11/12/2012,Dec-12,12,2012,VOELVLEI,Major Dam,164095,16.5,146474,89.26
9cb5caec-3241-49f0-a461-ea9edf87c8fc,12/12/2012,Dec-12,12,2012,VOELVLEI,Major Dam,164095,16.48,146171,89.08
4728930f-89dc-4bb4-ba2f-863cd497c543,13/12/2012,Dec-12,12,2012,VOELVLEI,Major Dam,164095,16.42,145262,88.52
b9952889-624c-4977-ac2a-ca5242246007,14/12/2012,Dec-12,12,2012,VOELVLEI,Major Dam,164095,16.38,144656,88.15
073d1e00-7beb-45ce-bd99-69843386a4ea,15/12/2012,Dec-12,12,2012,VOELVLEI,Major Dam,164095,16.35,144201,87.88
a647d4e0-9051-43e2-affc-6aa14efc3620,16/12/2012,Dec-12,12,2012,VOELVLEI,Major Dam,164095,16.32,143747,87.6
6b383d60-fe48-40ad-abf7-0c56a5b6f5f3,17/12/2012,Dec-12,12,2012,VOELVLEI,Major Dam,164095,16.28,143142,87.23
973d1e75-07da-4f09-aa70-ab207021e45e,18/12/2012,Dec-12,12,2012,VOELVLEI,Major Dam,164095,16.25,142689,86.96
31783ba9-a26e-40d0-ab90-498fbca69446,19/12/2012,Dec-12,12,2012,VOELVLEI,Major Dam,164095,16.22,142236,86.68
db5b2769-584e-41e9-8e38-fb24c3a2c1d2,20/12/2012,Dec-12,12,2012,VOELVLEI,Major Dam,164095,16.19,141783,86.4
1ac651a0-c9d9-4a98-9274-6f4ee844e3cb,21/12/2012,Dec-12,12,2012,VOELVLEI,Major Dam,164095,16.16,141331,86.13
7b1c722a-fa1f-43c3-b5ad-7508ae0c4a94,22/12/2012,Dec-12,12,2012,VOELVLEI,Major Dam,164095,16.06,139828,85.21
092295e9-dc0b-4288-acd6-1b8087defd29,23/12/2012,Dec-12,12,2012,VOELVLEI,Major Dam,164095,16,138928,84.66
ffcc52ca-e9c6-4c17-b559-c25458126030,24/12/2012,Dec-12,12,2012,VOELVLEI,Major Dam,164095,15.97,138479,84.39
8450cbde-d307-4917-8161-04c350dcffdf,25/12/2012,Dec-12,12,2012,VOELVLEI,Major Dam,164095,15.96,138330,84.3
84cf3e39-d73a-44fe-9670-2b9ca0416cd5,26/12/2012,Dec-12,12,2012,VOELVLEI,Major Dam,164095,15.93,137881,84.03
e6f907b0-8149-4c94-9a31-1b350c7d8d97,27/12/2012,Dec-12,12,2012,VOELVLEI,Major Dam,164095,15.92,137732,83.93
1179affa-f5e2-4b2e-bc41-e7a45a6ebdb9,28/12/2012,Dec-12,12,2012,VOELVLEI,Major Dam,164095,15.86,136837,83.39
966d26ed-e3d9-4245-8f4b-74c35d900108,29/12/2012,Dec-12,12,2012,VOELVLEI,Major Dam,164095,15.83,136391,83.12
7039abe7-bf32-4a24-a9fb-190b9a0d64d3,30/12/2012,Dec-12,12,2012,VOELVLEI,Major Dam,164095,15.78,135648,82.66
cb4cfab9-5cd8-495b-ad51-162974c7784f,31/12/2012,Dec-12,12,2012,VOELVLEI,Major Dam,164095,15.75,135202,82.39
1f54ea6c-a060-46ee-b33a-b98d82646c87,01/01/2013,Jan-13,1,2013,VOELVLEI,Major Dam,164095,15.73,134906,82.21
a4ef9f77-dff1-4ac0-a65d-aa7f71527280,02/01/2013,Jan-13,1,2013,VOELVLEI,Major Dam,164095,15.7,134461,81.94
c686100f-196d-4f89-b53b-ce1542fb80a9,03/01/2013,Jan-13,1,2013,VOELVLEI,Major Dam,164095,15.63,133427,81.31
6e4ace84-bc8a-4a5a-b431-5bce8154a924,04/01/2013,Jan-13,1,2013,VOELVLEI,Major Dam,164095,15.56,132395,80.68
b10c03f6-8b2c-4d8e-8c56-9a49d5235c99,05/01/2013,Jan-13,1,2013,VOELVLEI,Major Dam,164095,15.5,131513,80.14
2d9a7114-e7ba-4dff-9318-0e118692ffec,06/01/2013,Jan-13,1,2013,VOELVLEI,Major Dam,164095,15.5,131513,80.14
5837b0e7-cd43-45d8-8790-a9e08542831e,07/01/2013,Jan-13,1,2013,VOELVLEI,Major Dam,164095,15.47,131073,79.88
238cc33c-0332-4098-a04a-9ce9d801b2fd,08/01/2013,Jan-13,1,2013,VOELVLEI,Major Dam,164095,15.45,130780,79.7
f846860c-b2e9-4ec3-af6d-b1d56b79aad4,09/01/2013,Jan-13,1,2013,VOELVLEI,Major Dam,164095,15.41,130194,79.34
3a13f469-0416-4c67-a422-2b4ef84d855e,10/01/2013,Jan-13,1,2013,VOELVLEI,Major Dam,164095,15.38,129755,79.07
d4f3628f-2fd0-4355-addb-4ef558e686f1,11/01/2013,Jan-13,1,2013,VOELVLEI,Major Dam,164095,15.36,129463,78.9
aed4dfd7-8904-4006-8f25-084d4ba8c108,12/01/2013,Jan-13,1,2013,VOELVLEI,Major Dam,164095,15.34,129171,78.72
9812074e-cc4c-4ed5-aedd-11bb6ad1c0d4,13/01/2013,Jan-13,1,2013,VOELVLEI,Major Dam,164095,15.3,128589,78.36
1af61a0f-c406-491f-9e79-38c722eb8aeb,14/01/2013,Jan-13,1,2013,VOELVLEI,Major Dam,164095,15.28,128297,78.18
3e85b8fc-3f89-41a1-a609-2db21a51bad2,15/01/2013,Jan-13,1,2013,VOELVLEI,Major Dam,164095,15.22,127425,77.65
53b33b26-a00d-4cf4-b801-5a970d668ddd,16/01/2013,Jan-13,1,2013,VOELVLEI,Major Dam,164095,15.19,126990,77.39
00dbf0b7-5441-4998-b9ef-42150f1abdb4,17/01/2013,Jan-13,1,2013,VOELVLEI,Major Dam,164095,15.14,126265,76.95
700e9bb3-898a-4212-9e41-6866ed9d8140,18/01/2013,Jan-13,1,2013,VOELVLEI,Major Dam,164095,15.11,125831,76.68
3ee85c0c-e7f9-4b7d-807b-36c577efeedf,19/01/2013,Jan-13,1,2013,VOELVLEI,Major Dam,164095,15.04,124820,76.07
bf8f2e07-d903-442d-830c-1040acad1fb6,20/01/2013,Jan-13,1,2013,VOELVLEI,Major Dam,164095,15,124244,75.71
2883a8c7-4462-4982-b39d-14c7ae4bf5c5,21/01/2013,Jan-13,1,2013,VOELVLEI,Major Dam,164095,14.95,123525,75.28
135969cd-02c0-4b11-ba34-4a7fb53f9162,22/01/2013,Jan-13,1,2013,VOELVLEI,Major Dam,164095,14.93,123237,75.1
a9541fdd-7f5f-4a1e-b510-78670de60812,23/01/2013,Jan-13,1,2013,VOELVLEI,Major Dam,164095,14.89,122663,74.75
e54b86f9-1529-4e18-b491-7e860bff12c9,24/01/2013,Jan-13,1,2013,VOELVLEI,Major Dam,164095,14.85,122090,74.4
82b3f4ff-8246-4825-a083-e5a470f21de9,25/01/2013,Jan-13,1,2013,VOELVLEI,Major Dam,164095,14.83,121803,74.23
faff56d7-77dc-489c-b91d-51d9f2e2fc75,26/01/2013,Jan-13,1,2013,VOELVLEI,Major Dam,164095,14.76,120803,73.62
ab3cd9c5-73d0-458f-9dbe-ce0f5fc1dcbb,27/01/2013,Jan-13,1,2013,VOELVLEI,Major Dam,164095,14.73,120375,73.36
770f50e3-0d75-4a55-b337-532d43d28233,28/01/2013,Jan-13,1,2013,VOELVLEI,Major Dam,164095,14.7,119948,73.1
1b4e51d5-8423-46fe-99ad-64eeb4d46abd,29/01/2013,Jan-13,1,2013,VOELVLEI,Major Dam,164095,14.68,119663,72.92
b88c0015-24c7-4e8b-a74c-042af19d8770,30/01/2013,Jan-13,1,2013,VOELVLEI,Major Dam,164095,14.65,119236,72.66
63674d71-18fc-41ee-9dba-ec049c9864ba,31/01/2013,Jan-13,1,2013,VOELVLEI,Major Dam,164095,14.63,118952,72.49
3dd6f032-9827-451d-94e0-aac1c8b8380d,01/02/2013,Feb-13,2,2013,VOELVLEI,Major Dam,164095,14.61,118668,72.32
aa00161d-e853-4cdf-94ec-498f0ee116fd,02/02/2013,Feb-13,2,2013,VOELVLEI,Major Dam,164095,14.47,116687,71.11
b69354e9-7432-4cee-8430-8651afc23cb4,03/02/2013,Feb-13,2,2013,VOELVLEI,Major Dam,164095,14.42,115982,70.68
e7d2e013-0f9b-4865-b165-41a4cf8bd95d,04/02/2013,Feb-13,2,2013,VOELVLEI,Major Dam,164095,14.36,115138,70.17
6fcfb4ee-44bd-427c-af7a-e57987afde7d,05/02/2013,Feb-13,2,2013,VOELVLEI,Major Dam,164095,14.34,114857,69.99
a42ceaaf-4c65-42cd-b8b9-1b34cc4ec576,06/02/2013,Feb-13,2,2013,VOELVLEI,Major Dam,164095,14.21,113036,68.88
9c4aad77-9208-406c-9302-7736bddd6181,07/02/2013,Feb-13,2,2013,VOELVLEI,Major Dam,164095,14.27,113875,69.4
6cbf9024-8cdb-44d8-bfc9-66aa3c9bd00b,08/02/2013,Feb-13,2,2013,VOELVLEI,Major Dam,164095,14.27,113875,69.4
b6c9993c-a0f1-4c93-86ea-6a9502de000e,09/02/2013,Feb-13,2,2013,VOELVLEI,Major Dam,164095,14.26,113735,69.31
710a2186-6229-4c0b-aa00-7633256c3a66,10/02/2013,Feb-13,2,2013,VOELVLEI,Major Dam,164095,14.08,111226,67.78
983372d5-aaa7-4ab1-9f42-b93cfc72c06f,11/02/2013,Feb-13,2,2013,VOELVLEI,Major Dam,164095,14.07,111087,67.7
89f066d6-2066-4842-99d4-eda89a50c9ec,12/02/2013,Feb-13,2,2013,VOELVLEI,Major Dam,164095,14.05,110809,67.53
e12baac2-f231-4284-bb58-df81d5845686,13/02/2013,Feb-13,2,2013,VOELVLEI,Major Dam,164095,14.03,110532,67.36
83aa892b-9503-431b-ae55-3a40850e43b8,14/02/2013,Feb-13,2,2013,VOELVLEI,Major Dam,164095,13.98,109840,66.94
8dfafb04-48cc-477c-8bcb-abddb412002a,15/02/2013,Feb-13,2,2013,VOELVLEI,Major Dam,164095,13.94,109287,66.6
3a9fc7d1-89d4-4601-b7d8-79e8a0675205,16/02/2013,Feb-13,2,2013,VOELVLEI,Major Dam,164095,13.92,109011,66.43
af0136b9-03bb-4212-8638-567919412f5b,17/02/2013,Feb-13,2,2013,VOELVLEI,Major Dam,164095,13.9,108735,66.26
5347c434-a1d0-41e3-bfc1-78504fe9870b,18/02/2013,Feb-13,2,2013,VOELVLEI,Major Dam,164095,13.88,108460,66.1
757e1efe-a0cd-482e-b84f-91938a32725a,19/02/2013,Feb-13,2,2013,VOELVLEI,Major Dam,164095,13.86,108184,65.93
3c44a4bc-8456-4129-b17f-b2dafa5cd8f8,20/02/2013,Feb-13,2,2013,VOELVLEI,Major Dam,164095,13.78,107085,65.26
eb81c117-8f63-4f2c-8998-cd761de6eeba,21/02/2013,Feb-13,2,2013,VOELVLEI,Major Dam,164095,13.76,106811,65.09
7e8396f3-1bea-4930-974b-da8a5a884691,22/02/2013,Feb-13,2,2013,VOELVLEI,Major Dam,164095,13.7,105991,64.59
b0fd8e4f-cca8-4ba9-970f-068881178a79,23/02/2013,Feb-13,2,2013,VOELVLEI,Major Dam,164095,13.67,105581,64.34
04a8892d-121e-4e6c-8f86-8cef19ed8dd6,24/02/2013,Feb-13,2,2013,VOELVLEI,Major Dam,164095,13.64,105172,64.09
201aeaa6-9feb-4339-84ca-2c216d105da4,25/02/2013,Feb-13,2,2013,VOELVLEI,Major Dam,164095,13.6,104628,63.76
f0c07ef0-ad08-490a-81c2-eb6a79880ba6,26/02/2013,Feb-13,2,2013,VOELVLEI,Major Dam,164095,13.56,104084,63.43
b28a8546-b422-4abd-85c8-b99e461f79a1,27/02/2013,Feb-13,2,2013,VOELVLEI,Major Dam,164095,13.53,103677,63.18
085580c9-f004-4be8-97ef-c9beff2d97ff,28/02/2013,Feb-13,2,2013,VOELVLEI,Major Dam,164095,13.5,103271,62.93
51705c2b-5fbc-4a14-8a1b-43764e3e2773,01/03/2013,Mar-13,3,2013,VOELVLEI,Major Dam,164095,13.48,103000,62.77
a65c851a-3c8f-48e2-ae3c-6e86d37e52e0,02/03/2013,Mar-13,3,2013,VOELVLEI,Major Dam,164095,13.48,103000,62.77
8ce91568-2004-482a-95cc-4066cb76fe96,03/03/2013,Mar-13,3,2013,VOELVLEI,Major Dam,164095,13.45,102595,62.52
d4d9e29a-6787-4e00-8547-1bbe7c978d1b,04/03/2013,Mar-13,3,2013,VOELVLEI,Major Dam,164095,13.38,101651,61.95
0c73db17-5635-42f7-94a0-6014c2fcb239,05/03/2013,Mar-13,3,2013,VOELVLEI,Major Dam,164095,13.32,100844,61.45
889419f1-5ade-4c02-8bab-4c219551ca78,06/03/2013,Mar-13,3,2013,VOELVLEI,Major Dam,164095,13.3,100576,61.29
665eee5a-d43f-4863-a182-63c98dd11e20,07/03/2013,Mar-13,3,2013,VOELVLEI,Major Dam,164095,13.25,99906,60.88
6f0b3b82-3436-464d-9a4d-cd99018c6a6c,08/03/2013,Mar-13,3,2013,VOELVLEI,Major Dam,164095,13.23,99638,60.72
bc500549-d957-4230-ba10-d1d2d8997110,09/03/2013,Mar-13,3,2013,VOELVLEI,Major Dam,164095,13.2,99238,60.48
975abdf6-cf2d-432a-9cf7-c03562092bb0,10/03/2013,Mar-13,3,2013,VOELVLEI,Major Dam,164095,13.17,98838,60.23
4a045133-db6a-4dc9-8f2f-d1493dd05aac,11/03/2013,Mar-13,3,2013,VOELVLEI,Major Dam,164095,13.14,98438,59.99
b27e4d34-431e-4296-8ce9-97f4147afa80,12/03/2013,Mar-13,3,2013,VOELVLEI,Major Dam,164095,13.1,97906,59.66
62ed9d4c-0dd3-4777-b536-7ab67a5412d7,13/03/2013,Mar-13,3,2013,VOELVLEI,Major Dam,164095,13.06,97376,59.34
80d0fbc8-8b35-47c9-9fd4-96b96488543c,14/03/2013,Mar-13,3,2013,VOELVLEI,Major Dam,164095,13.03,96978,59.1
4fcae8dd-762c-4a16-8665-85b34f3d571e,15/03/2013,Mar-13,3,2013,VOELVLEI,Major Dam,164095,12.96,96054,58.54
6d0a2d1a-1514-46a2-8062-04ae1729f3a3,16/03/2013,Mar-13,3,2013,VOELVLEI,Major Dam,164095,12.95,95922,58.46
224193d7-825a-4354-8c7a-13a5b3ecfd2e,17/03/2013,Mar-13,3,2013,VOELVLEI,Major Dam,164095,12.91,95395,58.13
7420a5c2-4024-4afe-83f8-86fe96ea136b,18/03/2013,Mar-13,3,2013,VOELVLEI,Major Dam,164095,12.88,95001,57.89
aef997b5-d430-4e0c-b713-8f10037aaa5b,19/03/2013,Mar-13,3,2013,VOELVLEI,Major Dam,164095,12.86,94738,57.73
845df5ed-645f-43e9-a1ea-51d9791d322e,20/03/2013,Mar-13,3,2013,VOELVLEI,Major Dam,164095,12.85,94607,57.65
bb9012c7-e991-42a3-a778-bcbd0af607f7,21/03/2013,Mar-13,3,2013,VOELVLEI,Major Dam,164095,12.82,94214,57.41
477d45c9-ff80-4a4e-bfda-fa8166c7d8e1,22/03/2013,Mar-13,3,2013,VOELVLEI,Major Dam,164095,12.78,93691,57.1
fcb8923c-679c-4d97-976d-9003a1a96790,23/03/2013,Mar-13,3,2013,VOELVLEI,Major Dam,164095,12.76,93430,56.94
81a51e12-fa46-4ec7-b02c-0011b0fe38f3,24/03/2013,Mar-13,3,2013,VOELVLEI,Major Dam,164095,12.73,93038,56.7
a4e1e279-ddc1-402d-a67f-daf73ef65b32,25/03/2013,Mar-13,3,2013,VOELVLEI,Major Dam,164095,12.7,92648,56.46
2506eda2-aca0-4af1-ad6d-936d4eb3acd8,26/03/2013,Mar-13,3,2013,VOELVLEI,Major Dam,164095,12.66,92127,56.14
8eaa42ba-48aa-4add-8f4a-3d401b411cde,27/03/2013,Mar-13,3,2013,VOELVLEI,Major Dam,164095,12.62,91608,55.83
e15b4bd0-4cf4-4494-8463-dd040dab4d0d,28/03/2013,Mar-13,3,2013,VOELVLEI,Major Dam,164095,12.57,90961,55.43
26eaba17-f8bb-41cf-a51d-1c64ea797237,29/03/2013,Mar-13,3,2013,VOELVLEI,Major Dam,164095,12.55,90703,55.27
36740009-1376-499d-9246-21a83b006ac1,30/03/2013,Mar-13,3,2013,VOELVLEI,Major Dam,164095,12.53,90444,55.12
b2910830-4c05-456c-95ae-360ef35a8cee,31/03/2013,Mar-13,3,2013,VOELVLEI,Major Dam,164095,12.51,90186,54.96
f3ba5cae-0492-4025-a681-55aba1a54331,01/04/2013,Apr-13,4,2013,VOELVLEI,Major Dam,164095,12.48,89800,54.72
761a913a-70c1-4f9f-b93b-45a0065527fa,02/04/2013,Apr-13,4,2013,VOELVLEI,Major Dam,164095,12.42,89029,54.25
7cc85e7e-e2d3-44d4-9d5b-56e744bc1abc,03/04/2013,Apr-13,4,2013,VOELVLEI,Major Dam,164095,12.41,88900,54.18
4ef60a3b-f636-4e89-b32c-d2e8808f7fda,04/04/2013,Apr-13,4,2013,VOELVLEI,Major Dam,164095,12.9,95264,58.05
a1060423-43bd-4379-83f4-a0f35a993b9b,05/04/2013,Apr-13,4,2013,VOELVLEI,Major Dam,164095,12.38,88516,53.94
0b49d846-4fc7-475a-a1af-b90ad91c0290,06/04/2013,Apr-13,4,2013,VOELVLEI,Major Dam,164095,12.35,88132,53.71
bc22989c-83ae-45d4-8135-2dfb5ccba06e,07/04/2013,Apr-13,4,2013,VOELVLEI,Major Dam,164095,12.32,87748,53.47
6ffbaf0b-51d8-4c44-bb1f-c991a9b71bfd,08/04/2013,Apr-13,4,2013,VOELVLEI,Major Dam,164095,12.35,88132,53.71
05c8058a-2062-4cd1-8412-8fb2e4f362d3,09/04/2013,Apr-13,4,2013,VOELVLEI,Major Dam,164095,12.33,87876,53.55
0b2e26ae-5c79-4819-bfd7-e9a1312409a1,10/04/2013,Apr-13,4,2013,VOELVLEI,Major Dam,164095,12.31,87621,53.4
4d03d0db-77ab-4fb0-9405-d52e432564a2,11/04/2013,Apr-13,4,2013,VOELVLEI,Major Dam,164095,12.3,87493,53.32
903eb391-b79d-4be1-adbd-58454518cfdf,12/04/2013,Apr-13,4,2013,VOELVLEI,Major Dam,164095,12.29,87365,53.24
e250dc16-9d31-459e-b3ed-a18f597cf9ca,13/04/2013,Apr-13,4,2013,VOELVLEI,Major Dam,164095,12.28,87238,53.16
9704a53c-ad82-4501-bf16-839c281ae150,14/04/2013,Apr-13,4,2013,VOELVLEI,Major Dam,164095,12.23,86601,52.77
c9d20d63-65ba-47c8-b8d2-9541e00f7e22,15/04/2013,Apr-13,4,2013,VOELVLEI,Major Dam,164095,12.2,86220,52.54
a9d17b31-697b-4d6f-a3f3-e7de7e5f55cd,16/04/2013,Apr-13,4,2013,VOELVLEI,Major Dam,164095,12.18,85965,52.39
39fc1ad9-e8e4-44e9-a66d-e0e064449695,17/04/2013,Apr-13,4,2013,VOELVLEI,Major Dam,164095,12.15,85585,52.16
5b4ac742-346e-4c7f-b40e-0a4b3b590421,18/04/2013,Apr-13,4,2013,VOELVLEI,Major Dam,164095,12.14,85458,52.08
b2e279b7-64a3-4772-a0e8-38a9f5958472,19/04/2013,Apr-13,4,2013,VOELVLEI,Major Dam,164095,12.12,85205,51.92
ab6121ae-8bc1-4612-98cc-13debe2f31dc,20/04/2013,Apr-13,4,2013,VOELVLEI,Major Dam,164095,12.2,86220,52.54
9335ed6d-4f41-4099-95bf-fa328a760dd5,21/04/2013,Apr-13,4,2013,VOELVLEI,Major Dam,164095,12.21,86347,52.62
fb3bfcf0-cd4c-415e-8318-ef6bc8b9e192,22/04/2013,Apr-13,4,2013,VOELVLEI,Major Dam,164095,12.29,87365,53.24
940852ba-edf4-426a-98f0-5dd85a588880,23/04/2013,Apr-13,4,2013,VOELVLEI,Major Dam,164095,12.3,87493,53.32
4059a513-a320-4f1b-aec7-8f479ed1af0d,24/04/2013,Apr-13,4,2013,VOELVLEI,Major Dam,164095,12.31,87621,53.4
dbb91128-cfa1-43ae-835b-5ebd015bd9af,25/04/2013,Apr-13,4,2013,VOELVLEI,Major Dam,164095,12.31,87621,53.4
5aec0c63-d5fd-4a61-ab1f-cc77d5a4deef,26/04/2013,Apr-13,4,2013,VOELVLEI,Major Dam,164095,12.3,87493,53.32
2eec48ad-171b-406f-b6f8-4809da6698e3,27/04/2013,Apr-13,4,2013,VOELVLEI,Major Dam,164095,12.3,87493,53.32
b48cc791-2f69-49fc-8247-3c51b34a0155,28/04/2013,Apr-13,4,2013,VOELVLEI,Major Dam,164095,12.3,87493,53.32
5f8df3ac-4fb6-4057-8742-f2bcc995ad94,29/04/2013,Apr-13,4,2013,VOELVLEI,Major Dam,164095,12.27,87110,53.09
e92f158a-dbdc-425b-87d3-bb734d66f545,30/04/2013,Apr-13,4,2013,VOELVLEI,Major Dam,164095,12.26,86983,53.01
f7d6dd9a-341f-4f21-add6-cf60494cb521,01/05/2013,May-13,5,2013,VOELVLEI,Major Dam,164095,12.25,86856,52.93
0c0bac13-8bdf-40c6-8a14-bf6b9c34c1ea,02/05/2013,May-13,5,2013,VOELVLEI,Major Dam,164095,12.24,86728,52.85
014dd62b-fd95-4aaf-a2a7-449e76c35467,03/05/2013,May-13,5,2013,VOELVLEI,Major Dam,164095,12.23,86601,52.77
489a7bcd-292c-4344-a51f-5f69a9274d0e,04/05/2013,May-13,5,2013,VOELVLEI,Major Dam,164095,12.22,86474,52.7
c3339500-9bca-4b5d-b0a4-431e50051873,05/05/2013,May-13,5,2013,VOELVLEI,Major Dam,164095,12.2,86220,52.54
df2745de-f441-42dd-a3bf-aba906ff7a0a,06/05/2013,May-13,5,2013,VOELVLEI,Major Dam,164095,12.2,86220,52.54
960ae11d-06ce-4743-b7f7-7a6411bddaf5,07/05/2013,May-13,5,2013,VOELVLEI,Major Dam,164095,12.18,85965,52.39
9d2c9a94-e6f4-473d-bc39-28bf3f86ca12,08/05/2013,May-13,5,2013,VOELVLEI,Major Dam,164095,12.17,85839,52.31
8799a7df-f898-4444-b317-ec32d1a0c2cf,09/05/2013,May-13,5,2013,VOELVLEI,Major Dam,164095,12.16,85712,52.23
49a226af-580d-40db-b80a-4f75c3633b64,10/05/2013,May-13,5,2013,VOELVLEI,Major Dam,164095,12.16,85712,52.23
9666f895-7deb-4e0a-9620-ad79bb0350d5,11/05/2013,May-13,5,2013,VOELVLEI,Major Dam,164095,12.14,85458,52.08
0ef1d272-ab06-43a4-b8d0-9f79fbc106b4,12/05/2013,May-13,5,2013,VOELVLEI,Major Dam,164095,12.13,85331,52
68e4541a-168d-46db-928b-89777084b241,13/05/2013,May-13,5,2013,VOELVLEI,Major Dam,164095,12.12,85205,51.92
f411d9d7-681f-4ca4-b526-4a539967b814,14/05/2013,May-13,5,2013,VOELVLEI,Major Dam,164095,12.09,84825,51.69
a16107f4-01f5-4cdc-83fc-32c140e50891,15/05/2013,May-13,5,2013,VOELVLEI,Major Dam,164095,12.08,84699,51.62
4ffd09b8-bfa0-4f15-8631-ed88c4ca0762,16/05/2013,May-13,5,2013,VOELVLEI,Major Dam,164095,12.07,84572,51.54
3869bd1e-7960-4ee3-913f-4c7aaab22676,17/05/2013,May-13,5,2013,VOELVLEI,Major Dam,164095,12.07,84572,51.54
6acceb05-6ca4-472d-afe1-d2d41f509c12,18/05/2013,May-13,5,2013,VOELVLEI,Major Dam,164095,12.04,84193,51.31
20feb4ba-a6ba-46a8-9c1d-e2f6ff6878e3,19/05/2013,May-13,5,2013,VOELVLEI,Major Dam,164095,12.03,84067,51.23
c8f59bf4-4f89-4d8c-956a-2fdb1a38aeca,20/05/2013,May-13,5,2013,VOELVLEI,Major Dam,164095,12.01,83815,51.08
160ea63b-6c8e-4026-a70f-0b0025dc965a,21/05/2013,May-13,5,2013,VOELVLEI,Major Dam,164095,12,83689,51
5f10ce6d-bd91-44ed-8486-2de8ba25aba9,22/05/2013,May-13,5,2013,VOELVLEI,Major Dam,164095,11.99,83563,50.92
9764c6db-edd8-4f8a-a1c0-31f3d3131fae,23/05/2013,May-13,5,2013,VOELVLEI,Major Dam,164095,11.99,83563,50.92
42085159-55d6-451f-a701-271dbe8e4144,24/05/2013,May-13,5,2013,VOELVLEI,Major Dam,164095,11.97,83311,50.77
b99d6c30-61c3-4aed-9348-89d9a483883a,25/05/2013,May-13,5,2013,VOELVLEI,Major Dam,164095,11.97,83311,50.77
0252c36c-3ac6-41ec-87ce-f70cca77b550,26/05/2013,May-13,5,2013,VOELVLEI,Major Dam,164095,11.94,82934,50.54
c2e96027-d5fb-4257-b4d8-d43a54e291a6,27/05/2013,May-13,5,2013,VOELVLEI,Major Dam,164095,11.93,82808,50.46
38f0a9b6-5bd1-4ca2-bb1e-bbfe05333b24,28/05/2013,May-13,5,2013,VOELVLEI,Major Dam,164095,11.92,82682,50.39
c0a11e82-a708-48d7-a857-fe461ce63c18,29/05/2013,May-13,5,2013,VOELVLEI,Major Dam,164095,11.91,82557,50.31
94ef93fc-4196-418b-866c-2a6e456855fa,30/05/2013,May-13,5,2013,VOELVLEI,Major Dam,164095,11.9,82431,50.23
e2d2cf6f-5ea4-4e32-a89a-9a9ac2e6254b,31/05/2013,May-13,5,2013,VOELVLEI,Major Dam,164095,11.88,82180,50.08
be8ce8c7-0847-4b0d-965b-e771a283193d,01/06/2013,Jun-13,6,2013,VOELVLEI,Major Dam,164095,12.04,84193,51.31
842c775e-f2ad-49cf-92ba-36982e474373,02/06/2013,Jun-13,6,2013,VOELVLEI,Major Dam,164095,12.04,84193,51.31
8660e9b6-3761-467c-bf04-11c7c2ae9b4d,03/06/2013,Jun-13,6,2013,VOELVLEI,Major Dam,164095,12.23,86601,52.77
3f9c4f80-9c94-4bae-aa9a-ddf8da056bf8,04/06/2013,Jun-13,6,2013,VOELVLEI,Major Dam,164095,12.44,89285,54.41
eebd7886-d45a-401a-8605-360b3fce83f2,05/06/2013,Jun-13,6,2013,VOELVLEI,Major Dam,164095,12.6,91349,55.67
751dbeb4-b1c6-4f0a-88dc-3ca41682ae16,06/06/2013,Jun-13,6,2013,VOELVLEI,Major Dam,164095,12.74,93169,56.78
0c80cafe-efee-4f48-aa91-4e954586cc44,07/06/2013,Jun-13,6,2013,VOELVLEI,Major Dam,164095,12.74,93169,56.78
78a1114b-6b35-4117-8a51-b523d9a164ae,08/06/2013,Jun-13,6,2013,VOELVLEI,Major Dam,164095,12.75,93299,56.86
1ae55a23-465e-4586-acc8-1ca8df4bea5c,09/06/2013,Jun-13,6,2013,VOELVLEI,Major Dam,164095,13.02,96846,59.02
b6b45d40-98aa-40b7-ada2-f57e659e4635,10/06/2013,Jun-13,6,2013,VOELVLEI,Major Dam,164095,13.2,99238,60.48
e3490618-db54-4032-a6f1-6a9978a4e6ce,11/06/2013,Jun-13,6,2013,VOELVLEI,Major Dam,164095,13.34,101113,61.62
efccdaa3-8f53-4d75-8e4c-7f96b3e464da,12/06/2013,Jun-13,6,2013,VOELVLEI,Major Dam,164095,13.44,102460,62.44
cd9ab8f6-8292-44ec-8acc-4d2ff65d2f47,13/06/2013,Jun-13,6,2013,VOELVLEI,Major Dam,164095,13.49,103135,62.85
7a2f8cde-384a-4f1d-97a7-6db64c636192,14/06/2013,Jun-13,6,2013,VOELVLEI,Major Dam,164095,13.55,103948,63.35
f8fe5f2c-0b8f-432b-829b-a25e6ad12ba5,15/06/2013,Jun-13,6,2013,VOELVLEI,Major Dam,164095,13.65,105308,64.18
065a09b5-fc12-40ca-89ad-75949294a203,16/06/2013,Jun-13,6,2013,VOELVLEI,Major Dam,164095,13.68,105718,64.42
df9195cf-10b3-456e-86ec-94809ad1602c,17/06/2013,Jun-13,6,2013,VOELVLEI,Major Dam,164095,13.92,109011,66.43
de063bd2-58fb-4949-b31f-23356357700b,18/06/2013,Jun-13,6,2013,VOELVLEI,Major Dam,164095,14,110116,67.11
6a25ac03-8556-4c3a-bb3a-60c2901475fd,19/06/2013,Jun-13,6,2013,VOELVLEI,Major Dam,164095,14.05,110809,67.53
027e58ea-c77a-4507-8c94-255e8e88ff17,20/06/2013,Jun-13,6,2013,VOELVLEI,Major Dam,164095,14.08,111226,67.78
5120ac86-1bae-4c16-9135-7d443c930ab5,21/06/2013,Jun-13,6,2013,VOELVLEI,Major Dam,164095,14.14,112060,68.29
6c16e40e-e478-4461-b1bd-c3b662c5dfca,22/06/2013,Jun-13,6,2013,VOELVLEI,Major Dam,164095,14.18,112618,68.63
098b5566-fa7c-42cd-96fe-9b23bd076bb6,23/06/2013,Jun-13,6,2013,VOELVLEI,Major Dam,164095,14.22,113176,68.97
67bfaa20-a827-42fe-9f82-91fcabf56332,24/06/2013,Jun-13,6,2013,VOELVLEI,Major Dam,164095,14.26,113735,69.31
42d884d9-3a3e-48b2-b782-a5e46ffcc66d,25/06/2013,Jun-13,6,2013,VOELVLEI,Major Dam,164095,14.28,114016,69.48
26b14180-01de-44fe-8f60-31dcc2399b15,26/06/2013,Jun-13,6,2013,VOELVLEI,Major Dam,164095,14.35,114997,70.08
a2771e62-ebde-434b-be93-ea615bcc8624,27/06/2013,Jun-13,6,2013,VOELVLEI,Major Dam,164095,14.4,115700,70.51
b6db661b-06f1-4b57-93f3-76b7fefb634e,28/06/2013,Jun-13,6,2013,VOELVLEI,Major Dam,164095,14.7,119948,73.1
cd13965c-a36c-4dd5-9ab6-5ec4045165c4,29/06/2013,Jun-13,6,2013,VOELVLEI,Major Dam,164095,14.79,121232,73.88
92f7cad6-ea72-4627-bae2-866882d67b07,30/06/2013,Jun-13,6,2013,VOELVLEI,Major Dam,164095,14.86,122233,74.49
35be1bf1-f303-4d77-915c-8e029949e4be,01/07/2013,Jul-13,7,2013,VOELVLEI,Major Dam,164095,14.9,122806,74.84
b979f837-8755-43ec-836f-b25b311e2c11,02/07/2013,Jul-13,7,2013,VOELVLEI,Major Dam,164095,14.94,123381,75.19
5ec187d1-2bda-4b56-b158-1c1badc1cff1,03/07/2013,Jul-13,7,2013,VOELVLEI,Major Dam,164095,14.98,123956,75.54
da4f4e46-1a5a-4feb-ace1-197b3b674fd3,04/07/2013,Jul-13,7,2013,VOELVLEI,Major Dam,164095,15,124244,75.71
be9763f5-ea7b-4642-ad09-866570d200e6,05/07/2013,Jul-13,7,2013,VOELVLEI,Major Dam,164095,15.04,124820,76.07
48a14c58-6437-4df7-ad34-649645c7cfb1,06/07/2013,Jul-13,7,2013,VOELVLEI,Major Dam,164095,15.05,124965,76.15
2c01466e-9f92-4966-9dfc-9809884f1042,07/07/2013,Jul-13,7,2013,VOELVLEI,Major Dam,164095,15.07,125253,76.33
41e45345-90cd-4c2e-a1e0-a0e7ab656fd8,08/07/2013,Jul-13,7,2013,VOELVLEI,Major Dam,164095,15.09,125542,76.51
93309a75-053c-46b1-b35b-7d568870e0fe,09/07/2013,Jul-13,7,2013,VOELVLEI,Major Dam,164095,15.11,125831,76.68
f11de639-281a-4aa6-80a8-d3653b94b275,10/07/2013,Jul-13,7,2013,VOELVLEI,Major Dam,164095,15.12,125976,76.77
2dd5951a-3579-496a-a778-8fd9505f7237,11/07/2013,Jul-13,7,2013,VOELVLEI,Major Dam,164095,15.13,126121,76.86
76503845-a0d9-4c45-933e-5620c33ea4e1,12/07/2013,Jul-13,7,2013,VOELVLEI,Major Dam,164095,15.14,126265,76.95
69855eec-e44e-4a28-a57e-e2de61a8ff1d,13/07/2013,Jul-13,7,2013,VOELVLEI,Major Dam,164095,15.15,126410,77.03
8061aefc-43c3-45ac-bdf6-07a87cb03005,14/07/2013,Jul-13,7,2013,VOELVLEI,Major Dam,164095,15.16,126555,77.12
8201f1be-9bb1-42ae-a950-4980737b4bc6,15/07/2013,Jul-13,7,2013,VOELVLEI,Major Dam,164095,15.16,126555,77.12
b8f96110-fb96-43f0-8111-0f1c078fb10c,16/07/2013,Jul-13,7,2013,VOELVLEI,Major Dam,164095,15.17,126700,77.21
46d00024-3b6b-469d-b2cd-883d6ca6c63e,17/07/2013,Jul-13,7,2013,VOELVLEI,Major Dam,164095,15.2,127135,77.48
56ace544-a8a9-45ec-bd70-d2e9440249be,18/07/2013,Jul-13,7,2013,VOELVLEI,Major Dam,164095,15.21,127280,77.56
8fa790ba-0829-4af5-9a1e-298abb745f71,19/07/2013,Jul-13,7,2013,VOELVLEI,Major Dam,164095,15.23,127570,77.74
d6e650ea-5d1f-4e06-b2cc-c03227cd99e0,20/07/2013,Jul-13,7,2013,VOELVLEI,Major Dam,164095,15.26,128006,78.01
3437ba58-1aaa-433f-b496-6e9bd970b973,21/07/2013,Jul-13,7,2013,VOELVLEI,Major Dam,164095,15.44,130633,79.61
f6a9f1a9-a44d-45b4-b40d-c708dc15cb24,22/07/2013,Jul-13,7,2013,VOELVLEI,Major Dam,164095,15.49,131366,80.05
bb235b22-ef60-4d61-ba1f-3420a448d570,23/07/2013,Jul-13,7,2013,VOELVLEI,Major Dam,164095,15.67,134018,81.67
9336ae26-95d4-4920-9a26-f47bbfeee457,24/07/2013,Jul-13,7,2013,VOELVLEI,Major Dam,164095,15.72,134758,82.12
fda04339-16f8-46a8-9b63-b48aa90af19b,25/07/2013,Jul-13,7,2013,VOELVLEI,Major Dam,164095,15.86,136837,83.39
dfde4263-5736-44b8-9096-e5a061861411,26/07/2013,Jul-13,7,2013,VOELVLEI,Major Dam,164095,15.96,138330,84.3
3e388833-652d-4fe3-9397-7dd8665af9e8,27/07/2013,Jul-13,7,2013,VOELVLEI,Major Dam,164095,16.02,139228,84.85
3a75639f-1827-48cc-987c-d2400c1ce714,28/07/2013,Jul-13,7,2013,VOELVLEI,Major Dam,164095,16.07,139978,85.3
0e4fcb09-d21f-4bd5-85e4-c8b48ed36327,29/07/2013,Jul-13,7,2013,VOELVLEI,Major Dam,164095,16.27,142991,87.14
d8259a83-35c1-4f53-a787-8bb0d7890142,30/07/2013,Jul-13,7,2013,VOELVLEI,Major Dam,164095,16.33,143899,87.69
8c5b0180-9687-471e-908e-ccdaea1c226d,31/07/2013,Jul-13,7,2013,VOELVLEI,Major Dam,164095,16.4,144959,88.34
cc55b4c6-c8c9-4dd8-8adc-201a8cc703e1,01/08/2013,Aug-13,8,2013,VOELVLEI,Major Dam,164095,16.57,147536,89.91
cee136b7-0e9c-4f89-b90f-6d44b6addcec,02/08/2013,Aug-13,8,2013,VOELVLEI,Major Dam,164095,16.59,147840,90.09
c3d9ed85-1b40-4c39-83c0-65f76a6a67fd,03/08/2013,Aug-13,8,2013,VOELVLEI,Major Dam,164095,16.61,148143,90.28
56333dc6-041d-4af2-8cf7-53f1bc0aa012,04/08/2013,Aug-13,8,2013,VOELVLEI,Major Dam,164095,16.64,148599,90.56
9e489d6b-8544-43ad-a4e1-982f8e818d77,05/08/2013,Aug-13,8,2013,VOELVLEI,Major Dam,164095,16.66,148902,90.74
03c45858-23b6-4c91-82b7-76e799a285cf,06/08/2013,Aug-13,8,2013,VOELVLEI,Major Dam,164095,16.7,149510,91.11
d76da4f1-fed2-4428-8b94-0266644300ad,07/08/2013,Aug-13,8,2013,VOELVLEI,Major Dam,164095,16.73,149966,91.39
e2093c01-dac3-4f7d-82e6-15be4661b55d,08/08/2013,Aug-13,8,2013,VOELVLEI,Major Dam,164095,16.75,150270,91.58
fed7622a-8d93-4b86-9b4d-1a283f388672,09/08/2013,Aug-13,8,2013,VOELVLEI,Major Dam,164095,16.81,151182,92.13
f04ea69b-f9e0-47d9-8c13-2dbaa3b18d13,10/08/2013,Aug-13,8,2013,VOELVLEI,Major Dam,164095,16.82,151334,92.22
218b9144-d067-4503-9362-44d8e511240f,11/08/2013,Aug-13,8,2013,VOELVLEI,Major Dam,164095,16.84,151638,92.41
e59c908a-f76a-4736-a551-19f883116232,12/08/2013,Aug-13,8,2013,VOELVLEI,Major Dam,164095,16.87,152095,92.69
d13c6449-8d27-4c45-bfda-2c803d36d610,13/08/2013,Aug-13,8,2013,VOELVLEI,Major Dam,164095,16.88,152247,92.78
4caaa923-9346-4b9e-98d4-a29f97ef3e37,14/08/2013,Aug-13,8,2013,VOELVLEI,Major Dam,164095,16.93,153009,93.24
0b1ebce9-17ce-4775-b01d-c8b45af3f44e,15/08/2013,Aug-13,8,2013,VOELVLEI,Major Dam,164095,17.1,155604,94.83
69708391-19e7-4271-8677-ce86f854d854,16/08/2013,Aug-13,8,2013,VOELVLEI,Major Dam,164095,17.2,157137,95.76
7840956e-d0db-4d32-91d6-3e6d683b7f09,17/08/2013,Aug-13,8,2013,VOELVLEI,Major Dam,164095,17.31,158828,96.79
7177ca8f-ebd5-4997-b38d-cab341c0bc61,18/08/2013,Aug-13,8,2013,VOELVLEI,Major Dam,164095,17.38,159909,97.45
82f5bdc6-f1ee-4cd3-84df-46b7d6136f0b,19/08/2013,Aug-13,8,2013,VOELVLEI,Major Dam,164095,17.4,160219,97.64
b24c3bd0-85e6-4d67-83ab-dae525eaa4ed,20/08/2013,Aug-13,8,2013,VOELVLEI,Major Dam,164095,17.41,160374,97.73
d0a0f558-60f9-407b-b10b-b61677ea98cb,21/08/2013,Aug-13,8,2013,VOELVLEI,Major Dam,164095,17.42,160529,97.83
5b708409-9de5-4118-8644-06c4f5e7b5d5,22/08/2013,Aug-13,8,2013,VOELVLEI,Major Dam,164095,17.43,160684,97.92
4b236e11-d232-447f-9b48-a876df7004dc,23/08/2013,Aug-13,8,2013,VOELVLEI,Major Dam,164095,17.46,161150,98.21
97dc0356-fbf3-4b57-bd26-1b34e9dc651d,24/08/2013,Aug-13,8,2013,VOELVLEI,Major Dam,164095,17.48,161461,98.39
1863d63f-a82b-4695-92b9-e333964a2496,25/08/2013,Aug-13,8,2013,VOELVLEI,Major Dam,164095,17.5,161773,98.58
89a92f45-e4ad-4129-965f-ffb55c139f2c,26/08/2013,Aug-13,8,2013,VOELVLEI,Major Dam,164095,17.51,161929,98.68
e26069ec-368a-4651-b1f2-88ece6f32958,27/08/2013,Aug-13,8,2013,VOELVLEI,Major Dam,164095,17.52,162085,98.78
a1d12ce3-3e9a-4d1c-80c9-e6b503a88282,28/08/2013,Aug-13,8,2013,VOELVLEI,Major Dam,164095,17.54,162397,98.97
087e5554-0496-47e6-bc15-b387a460dce1,29/08/2013,Aug-13,8,2013,VOELVLEI,Major Dam,164095,17.56,162710,99.16
6f808183-e6bb-4d7a-998f-cb9e686a165e,30/08/2013,Aug-13,8,2013,VOELVLEI,Major Dam,164095,17.6,163337,99.54
1b4865b5-2397-4547-b094-0656910afc2b,31/08/2013,Aug-13,8,2013,VOELVLEI,Major Dam,164095,17.71,165067,100.59
a5eab88e-6f28-4d3a-bd92-e590e9d0a405,01/09/2013,Sep-13,9,2013,VOELVLEI,Major Dam,164095,17.73,165383,100.78
f8dba562-0f0a-42d9-89bc-562db8b6eb09,02/09/2013,Sep-13,9,2013,VOELVLEI,Major Dam,164095,17.74,165541,100.88
c46eb9d7-3183-445f-afb3-d5d8321bdf52,03/09/2013,Sep-13,9,2013,VOELVLEI,Major Dam,164095,17.78,166174,101.27
50d0e834-3bf5-4b9b-99e9-11c46bdfd248,04/09/2013,Sep-13,9,2013,VOELVLEI,Major Dam,164095,17.8,166491,101.46
12e03de6-55aa-4f7d-a35b-ba22e295271e,05/09/2013,Sep-13,9,2013,VOELVLEI,Major Dam,164095,17.82,166808,101.65
ae163d7f-e92f-43ae-b589-4f02c749ee14,06/09/2013,Sep-13,9,2013,VOELVLEI,Major Dam,164095,17.81,166649,101.56
2bd2cef7-d686-4ff0-9790-9c7acfd46499,07/09/2013,Sep-13,9,2013,VOELVLEI,Major Dam,164095,17.81,166649,101.56
9b852e1f-94b2-4d67-a662-3db607ee38ce,08/09/2013,Sep-13,9,2013,VOELVLEI,Major Dam,164095,17.8,166491,101.46
72b2fdb2-c2f5-4fd3-a4df-1dafb468d572,09/09/2013,Sep-13,9,2013,VOELVLEI,Major Dam,164095,17.8,166491,101.46
0add2718-608f-418c-bc66-f32933930c9f,10/09/2013,Sep-13,9,2013,VOELVLEI,Major Dam,164095,17.8,166491,101.46
9b0e946f-4928-497b-9ed7-9d1d2aca2125,11/09/2013,Sep-13,9,2013,VOELVLEI,Major Dam,164095,17.82,166808,101.65
abfca024-8ed2-46d5-bcad-071c438a0190,12/09/2013,Sep-13,9,2013,VOELVLEI,Major Dam,164095,17.82,166808,101.65
4e54e67d-068a-4a8a-add8-abdd1af3f920,13/09/2013,Sep-13,9,2013,VOELVLEI,Major Dam,164095,17.83,166967,101.75
55cd44ed-9d56-4e9c-9535-b2b83d9c62cc,14/09/2013,Sep-13,9,2013,VOELVLEI,Major Dam,164095,17.83,166967,101.75
4411ee8d-ce72-4c67-9b43-57d2d8ef011e,15/09/2013,Sep-13,9,2013,VOELVLEI,Major Dam,164095,17.83,166967,101.75
aed3dff4-9796-4b05-97e7-c35877ce7eee,16/09/2013,Sep-13,9,2013,VOELVLEI,Major Dam,164095,17.83,166967,101.75
1dc58404-0e7a-41f4-910b-709c2222f4b5,17/09/2013,Sep-13,9,2013,VOELVLEI,Major Dam,164095,17.87,167602,102.14
f7f4695f-b627-4b76-bbbe-342c59bfab14,18/09/2013,Sep-13,9,2013,VOELVLEI,Major Dam,164095,17.9,168080,102.43
739b9534-f9f8-498a-a540-15bb6e93de1b,19/09/2013,Sep-13,9,2013,VOELVLEI,Major Dam,164095,17.91,168239,102.53
1707e13b-0caa-4783-907a-bd7eef344fcc,20/09/2013,Sep-13,9,2013,VOELVLEI,Major Dam,164095,17.91,168239,102.53
7cc26a2e-51d5-409f-b759-7bc6823da13a,21/09/2013,Sep-13,9,2013,VOELVLEI,Major Dam,164095,17.94,168717,102.82
0d7fbbe5-9469-4d08-82ec-4e63ddd0c8cd,22/09/2013,Sep-13,9,2013,VOELVLEI,Major Dam,164095,18,169676,103.4
09ba1006-7ee2-4be7-a36f-667e7f9824b5,23/09/2013,Sep-13,9,2013,VOELVLEI,Major Dam,164095,17.96,169037,103.01
13bb5354-6b4a-4125-af20-f8228b7ebc0c,24/09/2013,Sep-13,9,2013,VOELVLEI,Major Dam,164095,17.96,169037,103.01
76fcfff4-0e78-425f-ad6c-3102553f3cc5,25/09/2013,Sep-13,9,2013,VOELVLEI,Major Dam,164095,17.87,167602,102.14
73ef4c5b-6fb9-4093-bf56-7e9b9e013f6e,26/09/2013,Sep-13,9,2013,VOELVLEI,Major Dam,164095,17.84,167125,101.85
c93ec60b-61e4-4a26-af24-3236746c49fd,27/09/2013,Sep-13,9,2013,VOELVLEI,Major Dam,164095,17.79,166332,101.36
11b820ff-5dfb-4182-b11a-014995436ba1,28/09/2013,Sep-13,9,2013,VOELVLEI,Major Dam,164095,17.78,166174,101.27
c4d4a96b-60fe-48df-9ce6-73cef2f2142d,29/09/2013,Sep-13,9,2013,VOELVLEI,Major Dam,164095,17.71,165067,100.59
c89a44df-32ec-493f-9170-a9e77bd6aa7a,30/09/2013,Sep-13,9,2013,VOELVLEI,Major Dam,164095,17.69,164752,100.4
b2d9771c-bd0d-4918-ae2a-ce19722589e7,01/10/2013,Oct-13,10,2013,VOELVLEI,Major Dam,164095,17.67,164437,100.21
d23f0d56-13f5-4527-8625-14eb1b48c16d,02/10/2013,Oct-13,10,2013,VOELVLEI,Major Dam,164095,17.68,164594,100.3
baab7092-b3bb-4244-b743-4194b23cdaee,03/10/2013,Oct-13,10,2013,VOELVLEI,Major Dam,164095,17.66,164279,100.11
86cf1916-afcd-4ea5-a9f0-c489bd5b4583,04/10/2013,Oct-13,10,2013,VOELVLEI,Major Dam,164095,17.6,163337,99.54
b98c7e93-da92-441a-a5b6-306791747334,05/10/2013,Oct-13,10,2013,VOELVLEI,Major Dam,164095,17.59,163023,99.35
2365df6b-e1d6-4816-af11-77120914bb8b,06/10/2013,Oct-13,10,2013,VOELVLEI,Major Dam,164095,17.6,163337,99.54
3d162632-a471-4188-bea1-906201663917,07/10/2013,Oct-13,10,2013,VOELVLEI,Major Dam,164095,17.6,163337,99.54
d0910fbb-1570-456c-9f9c-ae20abac2665,08/10/2013,Oct-13,10,2013,VOELVLEI,Major Dam,164095,17.6,163337,99.54
dc98f9de-676c-4a42-a3b7-34072ce91d44,09/10/2013,Oct-13,10,2013,VOELVLEI,Major Dam,164095,17.61,163493,99.63
3b8f2c26-3f0f-480d-a4ba-84e63226f45d,10/10/2013,Oct-13,10,2013,VOELVLEI,Major Dam,164095,17.62,163650,99.73
c19d0ca4-0167-4379-8b23-9b5153ecd018,11/10/2013,Oct-13,10,2013,VOELVLEI,Major Dam,164095,17.63,163807,99.82
3313bf9e-0cf6-4806-b49a-8c7c615fdbdb,12/10/2013,Oct-13,10,2013,VOELVLEI,Major Dam,164095,17.63,163807,99.82
d6e5a410-9977-4689-855c-d8013e661222,13/10/2013,Oct-13,10,2013,VOELVLEI,Major Dam,164095,17.63,163807,99.82
f5fe3f86-70f9-46c0-80e0-3b33bbb3bb8e,14/10/2013,Oct-13,10,2013,VOELVLEI,Major Dam,164095,17.63,163807,99.82
53022353-74f8-4e5d-9007-f007d24e6aa7,15/10/2013,Oct-13,10,2013,VOELVLEI,Major Dam,164095,17.63,163807,99.82
e7a5381c-7009-4417-ac5f-fd3d520897f1,16/10/2013,Oct-13,10,2013,VOELVLEI,Major Dam,164095,17.63,163807,99.82
07e5b752-3909-4b60-9069-595117420bb2,17/10/2013,Oct-13,10,2013,VOELVLEI,Major Dam,164095,17.63,163807,99.82
2d84629e-d791-4a2c-8d5b-694816b6456e,18/10/2013,Oct-13,10,2013,VOELVLEI,Major Dam,164095,17.63,163807,99.82
6444a1bb-5776-4372-987a-12b9c662af27,19/10/2013,Oct-13,10,2013,VOELVLEI,Major Dam,164095,17.63,163807,99.82
6dd6e294-7a93-4b8e-9414-fc612fefc66a,20/10/2013,Oct-13,10,2013,VOELVLEI,Major Dam,164095,17.6,163337,99.54
3d05a801-b4e2-45ed-8ccb-7e20493bf84e,21/10/2013,Oct-13,10,2013,VOELVLEI,Major Dam,164095,17.62,163650,99.73
ca79bf77-a836-4bc0-8139-699b1f543295,22/10/2013,Oct-13,10,2013,VOELVLEI,Major Dam,164095,17.62,163650,99.73
671c53e4-1a16-4668-8686-e897e24fc62d,23/10/2013,Oct-13,10,2013,VOELVLEI,Major Dam,164095,17.56,162710,99.16
126daa1b-f7ef-4525-b76c-fcb60db3473e,24/10/2013,Oct-13,10,2013,VOELVLEI,Major Dam,164095,17.56,162710,99.16
f1e21524-807b-406c-8222-b26c4e5e4696,25/10/2013,Oct-13,10,2013,VOELVLEI,Major Dam,164095,17.55,162554,99.06
0d9f642b-b12f-4942-a30a-1f1b665ca0c5,26/10/2013,Oct-13,10,2013,VOELVLEI,Major Dam,164095,17.53,162241,98.87
1ebd75df-e510-4fcc-972f-4914d62c04ab,27/10/2013,Oct-13,10,2013,VOELVLEI,Major Dam,164095,17.56,162710,99.16
53b88974-cc1f-4593-aaea-0b72925cdd54,28/10/2013,Oct-13,10,2013,VOELVLEI,Major Dam,164095,17.56,162710,99.16
f28b3190-4d96-4953-b694-2a3043a114fb,29/10/2013,Oct-13,10,2013,VOELVLEI,Major Dam,164095,17.54,162397,98.97
9032fb75-065f-430c-9943-a3dbcde2eb91,30/10/2013,Oct-13,10,2013,VOELVLEI,Major Dam,164095,17.54,162397,98.97
702d5d8d-04bb-471c-977d-b653c3121715,31/10/2013,Oct-13,10,2013,VOELVLEI,Major Dam,164095,17.53,162241,98.87
4fad1fe3-e247-4f78-9bba-60adea78776e,01/11/2013,Nov-13,11,2013,VOELVLEI,Major Dam,164095,17.54,162397,98.97
5e2bf370-e10c-442d-9463-3b68694f52e3,02/11/2013,Nov-13,11,2013,VOELVLEI,Major Dam,164095,17.55,162554,99.06
3edaf30a-cbcb-4a89-8527-130cd280b17e,03/11/2013,Nov-13,11,2013,VOELVLEI,Major Dam,164095,17.54,162397,98.97
a04aa253-8368-4568-88b5-837498451397,04/11/2013,Nov-13,11,2013,VOELVLEI,Major Dam,164095,17.58,163023,99.35
a40b2cef-8a3a-44dd-bd6e-2ca93dde1f60,05/11/2013,Nov-13,11,2013,VOELVLEI,Major Dam,164095,17.57,162867,99.25
e71517c1-e2df-4892-b61c-8d5a53362e01,06/11/2013,Nov-13,11,2013,VOELVLEI,Major Dam,164095,17.57,162867,99.25
d09f7aaa-cd46-4a98-8af4-8133ab0d0b6d,07/11/2013,Nov-13,11,2013,VOELVLEI,Major Dam,164095,17.56,162710,99.16
d96e9802-77a9-4fff-8db7-c6ab84265cd9,08/11/2013,Nov-13,11,2013,VOELVLEI,Major Dam,164095,17.55,162554,99.06
f8290f3e-ae80-4b55-b508-0d7489b0a263,09/11/2013,Nov-13,11,2013,VOELVLEI,Major Dam,164095,17.55,162554,99.06
628ed76f-d9dc-4c1d-83cd-5db3ba904676,10/11/2013,Nov-13,11,2013,VOELVLEI,Major Dam,164095,17.54,162397,98.97
deb28c75-1348-49c3-a531-e0a121810175,11/11/2013,Nov-13,11,2013,VOELVLEI,Major Dam,164095,17.51,161929,98.68
7818fd3c-200d-46e3-a477-79569e13036b,12/11/2013,Nov-13,11,2013,VOELVLEI,Major Dam,164095,17.5,161773,98.58
f6b0e16e-8f56-4f54-813d-9301b69f70aa,13/11/2013,Nov-13,11,2013,VOELVLEI,Major Dam,164095,17.5,161773,98.58
5299d96d-f4db-4f82-a9ec-927752bd813d,14/11/2013,Nov-13,11,2013,VOELVLEI,Major Dam,164095,17.48,161461,98.39
74e506d9-bee8-426c-9e18-0b5fe3572e13,15/11/2013,Nov-13,11,2013,VOELVLEI,Major Dam,164095,17.44,160839,98.02
86cdaba5-eeee-4f51-b82c-c39119501f7a,16/11/2013,Nov-13,11,2013,VOELVLEI,Major Dam,164095,17.42,160529,97.83
53d69582-e0b7-4af8-8656-380201d679b3,17/11/2013,Nov-13,11,2013,VOELVLEI,Major Dam,164095,17.42,160529,97.83
5e02806d-50e2-4107-ba9d-e7bd439ff9df,18/11/2013,Nov-13,11,2013,VOELVLEI,Major Dam,164095,17.41,160374,97.73
9230c00a-e4b4-4246-b12b-1d2a6896106b,19/11/2013,Nov-13,11,2013,VOELVLEI,Major Dam,164095,17.4,160219,97.64
4eea229a-754f-4945-9be2-27c21a29ffb1,20/11/2013,Nov-13,11,2013,VOELVLEI,Major Dam,164095,17.38,159909,97.45
6e0ce429-0731-4b7e-9896-083d988e429b,21/11/2013,Nov-13,11,2013,VOELVLEI,Major Dam,164095,17.37,159755,97.36
663b18af-936c-4bf7-8a56-47113229fbab,22/11/2013,Nov-13,11,2013,VOELVLEI,Major Dam,164095,17.35,159445,97.17
b73f3c3a-e5bd-471c-b2fd-8dc80452a9aa,23/11/2013,Nov-13,11,2013,VOELVLEI,Major Dam,164095,17.34,159291,97.07
23332b8c-72f0-4deb-bcb3-c98ccfb4d93a,24/11/2013,Nov-13,11,2013,VOELVLEI,Major Dam,164095,17.31,158828,96.79
3895e562-b797-4737-9732-e2651b0712cc,25/11/2013,Nov-13,11,2013,VOELVLEI,Major Dam,164095,17.3,158674,96.7
7801d792-2db7-4664-8183-b5c5939fccbe,26/11/2013,Nov-13,11,2013,VOELVLEI,Major Dam,164095,17.26,158058,96.32
cae8e076-9097-4c4f-8515-7f0f4ef2b60b,27/11/2013,Nov-13,11,2013,VOELVLEI,Major Dam,164095,17.26,158058,96.32
ad2dc549-ecec-4919-a5fc-d53580c276ce,28/11/2013,Nov-13,11,2013,VOELVLEI,Major Dam,164095,17.26,158058,96.32
55740db6-2c13-46ce-af87-3f5a75d24a6c,29/11/2013,Nov-13,11,2013,VOELVLEI,Major Dam,164095,17.26,158058,96.32
4a4aa1b9-323f-4d79-a3a6-0ce4a6d0a136,30/11/2013,Nov-13,11,2013,VOELVLEI,Major Dam,164095,17.25,157905,96.23
cf74e776-3376-4439-b4e7-ad5d37bffb46,01/12/2013,Dec-13,12,2013,VOELVLEI,Major Dam,164095,17.23,157597,96.04
0e9be97e-f0ab-4045-85a7-47fa5807bf05,02/12/2013,Dec-13,12,2013,VOELVLEI,Major Dam,164095,17.14,156217,95.2
c41e2372-aac4-40ca-a588-a8749d5b9296,03/12/2013,Dec-13,12,2013,VOELVLEI,Major Dam,164095,17.07,155146,94.55
467bed83-5a1d-4481-b2f8-54ccc3d80fb3,04/12/2013,Dec-13,12,2013,VOELVLEI,Major Dam,164095,17.06,154993,94.45
7edc70ec-3826-4112-8ea8-e6643208e18c,05/12/2013,Dec-13,12,2013,VOELVLEI,Major Dam,164095,17.05,154840,94.36
68f42ae8-0417-48b3-88a1-5ec96279196b,06/12/2013,Dec-13,12,2013,VOELVLEI,Major Dam,164095,17.02,154382,94.08
b5eb11ff-6c64-4c88-a6d5-44bed232e7ea,07/12/2013,Dec-13,12,2013,VOELVLEI,Major Dam,164095,17,154076,93.89
75874ec7-c6d6-473e-be0c-19ae8a62ebbb,08/12/2013,Dec-13,12,2013,VOELVLEI,Major Dam,164095,17,154076,93.89
8673f351-b935-42cd-a4a3-1b0c680ab859,09/12/2013,Dec-13,12,2013,VOELVLEI,Major Dam,164095,16.98,153771,93.71
1eaf8757-dfb4-43dc-ba06-2e024b0cc129,10/12/2013,Dec-13,12,2013,VOELVLEI,Major Dam,164095,16.9,152552,92.97
110ff2ec-c9b3-4d9e-9b32-cf243f25aee8,11/12/2013,Dec-13,12,2013,VOELVLEI,Major Dam,164095,16.86,151943,92.59
3bef37a7-b9b8-42b5-ad78-acccfc6772a3,12/12/2013,Dec-13,12,2013,VOELVLEI,Major Dam,164095,16.83,151486,92.32
fc71223f-8a1f-425b-924d-77a297d43d3e,13/12/2013,Dec-13,12,2013,VOELVLEI,Major Dam,164095,16.81,151182,92.13
e3c11cce-a6c9-4246-ac0b-e12d1f65d33f,14/12/2013,Dec-13,12,2013,VOELVLEI,Major Dam,164095,16.81,151182,92.13
e318fa50-bb52-4efb-b958-25cd5eee4a4c,15/12/2013,Dec-13,12,2013,VOELVLEI,Major Dam,164095,16.81,151182,92.13
8ad56395-1d2f-4f08-a460-1b055b34c7b0,16/12/2013,Dec-13,12,2013,VOELVLEI,Major Dam,164095,16.79,150878,91.95
f328bae7-bf6e-4de3-ae58-feb322ef96f3,17/12/2013,Dec-13,12,2013,VOELVLEI,Major Dam,164095,16.78,150726,91.85
c67ae9c1-31bc-4844-bb37-946658026058,18/12/2013,Dec-13,12,2013,VOELVLEI,Major Dam,164095,16.74,150118,91.48
5ce52766-91ef-407a-adf8-2b8d926b3915,19/12/2013,Dec-13,12,2013,VOELVLEI,Major Dam,164095,16.72,149814,91.3
7f0a2921-c36d-4aaa-9e99-c78979e666fd,20/12/2013,Dec-13,12,2013,VOELVLEI,Major Dam,164095,16.65,148750,90.65
74697612-5c87-427f-a995-4605401961ca,21/12/2013,Dec-13,12,2013,VOELVLEI,Major Dam,164095,16.63,148447,90.46
f4160b5b-4f95-49c0-9f87-67a598d7fb55,22/12/2013,Dec-13,12,2013,VOELVLEI,Major Dam,164095,16.64,148599,90.56
7f363bf9-491d-4f08-8a45-f34db333a97b,23/12/2013,Dec-13,12,2013,VOELVLEI,Major Dam,164095,16.63,148447,90.46
522ad2f4-d068-407e-b8fb-206fd24fe084,24/12/2013,Dec-13,12,2013,VOELVLEI,Major Dam,164095,16.62,148295,90.37
96ce54b0-9d99-4601-9663-8a5975ddb60d,25/12/2013,Dec-13,12,2013,VOELVLEI,Major Dam,164095,16.57,147536,89.91
e93ce88a-6312-4df4-9f5a-aed8a5f6258a,26/12/2013,Dec-13,12,2013,VOELVLEI,Major Dam,164095,16.56,147385,89.82
71171b68-5eb9-4fec-b469-ea5df76dc86b,27/12/2013,Dec-13,12,2013,VOELVLEI,Major Dam,164095,16.53,146929,89.54
a9f1eb75-a4c4-4619-9e9b-831a8d6461f9,28/12/2013,Dec-13,12,2013,VOELVLEI,Major Dam,164095,16.5,146474,89.26
505f8a77-850b-4020-9fab-1719389093c3,29/12/2013,Dec-13,12,2013,VOELVLEI,Major Dam,164095,16.49,146323,89.17
c5bfb844-15b1-463a-8378-dff509db6662,30/12/2013,Dec-13,12,2013,VOELVLEI,Major Dam,164095,16.46,145868,88.89
875fa104-a42f-4c47-8442-aceac51c4f8b,31/12/2013,Dec-13,12,2013,VOELVLEI,Major Dam,164095,16.44,145565,88.71
bdcad234-2af6-46c9-ac95-3b51df915a01,01/01/2014,Jan-14,1,2014,VOELVLEI,Major Dam,164095,16.42,145262,88.52
bc6da09e-c6f7-440b-a16e-315902f4c024,02/01/2014,Jan-14,1,2014,VOELVLEI,Major Dam,164095,16.4,144959,88.34
036269b6-a44b-4441-a1e5-2fa901b87f5c,03/01/2014,Jan-14,1,2014,VOELVLEI,Major Dam,164095,16.39,144807,88.25
3d5678c7-13c1-484c-8388-9e1f19e71239,04/01/2014,Jan-14,1,2014,VOELVLEI,Major Dam,164095,16.36,144353,87.97
4866bdc9-f454-4c41-b12b-25e05737c0a4,05/01/2014,Jan-14,1,2014,VOELVLEI,Major Dam,164095,16.34,144050,87.78
14df0939-721a-47b5-bab6-83e96ca19342,06/01/2014,Jan-14,1,2014,VOELVLEI,Major Dam,164095,16.31,143596,87.51
6fb40b26-f745-42fa-93f7-6f94dc579f0d,07/01/2014,Jan-14,1,2014,VOELVLEI,Major Dam,164095,16.31,143596,87.51
b9ad16b3-1aea-4e84-a3f6-785dba93625d,08/01/2014,Jan-14,1,2014,VOELVLEI,Major Dam,164095,16.25,142689,86.96
5a70c032-329a-4edc-a48b-4aa10b802c08,09/01/2014,Jan-14,1,2014,VOELVLEI,Major Dam,164095,16.28,143142,87.23
3c51cd20-b201-4b37-ac5f-8acb85dc376c,10/01/2014,Jan-14,1,2014,VOELVLEI,Major Dam,164095,16.27,142991,87.14
69dd8c36-650f-48e5-a561-d078042124e1,11/01/2014,Jan-14,1,2014,VOELVLEI,Major Dam,164095,16.25,142689,86.96
0a05c530-4af0-43f3-ae53-4722d759e91a,12/01/2014,Jan-14,1,2014,VOELVLEI,Major Dam,164095,16.25,142689,86.96
cfdd6711-d0d4-46ad-a388-5a2251fb3045,13/01/2014,Jan-14,1,2014,VOELVLEI,Major Dam,164095,16.22,142236,86.68
bc58ddf0-9432-43bb-8fc1-05aa96836462,14/01/2014,Jan-14,1,2014,VOELVLEI,Major Dam,164095,16.2,141934,86.5
0613c392-982f-403f-829f-77def116986d,15/01/2014,Jan-14,1,2014,VOELVLEI,Major Dam,164095,16.2,141934,86.5
fb2d38e7-4aa3-4075-ad13-af5e5dab840e,16/01/2014,Jan-14,1,2014,VOELVLEI,Major Dam,164095,16.15,141181,86.04
50bc4e40-4dc5-4d07-82a3-f5ae35f2c576,17/01/2014,Jan-14,1,2014,VOELVLEI,Major Dam,164095,16.12,140729,85.76
c8381718-f179-4d71-a015-1b24d7828e50,18/01/2014,Jan-14,1,2014,VOELVLEI,Major Dam,164095,16.09,140278,85.49
1502580b-9f24-4d75-a8ce-e560178428ac,19/01/2014,Jan-14,1,2014,VOELVLEI,Major Dam,164095,16.09,140278,85.49
63242b15-4544-46ae-9be4-b8b507e6aca6,20/01/2014,Jan-14,1,2014,VOELVLEI,Major Dam,164095,16.06,139828,85.21
ebc8d1c6-0c4c-4103-ba56-c351ff53ae3b,21/01/2014,Jan-14,1,2014,VOELVLEI,Major Dam,164095,16.04,139528,85.03
5aabf532-fb17-47e4-b991-5cdc88cbd5af,22/01/2014,Jan-14,1,2014,VOELVLEI,Major Dam,164095,16.02,139228,84.85
e96a2a1a-a67b-483f-94f6-b36dc8539446,23/01/2014,Jan-14,1,2014,VOELVLEI,Major Dam,164095,15.98,138629,84.48
7047236a-c8b4-4752-bf87-cbc545aff7c4,24/01/2014,Jan-14,1,2014,VOELVLEI,Major Dam,164095,15.96,138330,84.3
50ec7ce4-23ec-4346-90e4-6758546ff126,25/01/2014,Jan-14,1,2014,VOELVLEI,Major Dam,164095,15.94,138031,84.12
e69b31d3-ad47-4a81-b2dc-1ad6b2fe1e71,26/01/2014,Jan-14,1,2014,VOELVLEI,Major Dam,164095,15.92,137732,83.93
ca58723c-0eb4-41dc-8b9d-056c68448897,27/01/2014,Jan-14,1,2014,VOELVLEI,Major Dam,164095,15.92,137732,83.93
799d8e9e-0e2d-4d37-9d40-e38185ee0f8b,28/01/2014,Jan-14,1,2014,VOELVLEI,Major Dam,164095,15.89,137284,83.66
fa2d86d8-ad8f-4ed0-aedb-5a8d70add7a0,29/01/2014,Jan-14,1,2014,VOELVLEI,Major Dam,164095,15.87,136985,83.48
bd9f7759-afd0-4619-8000-2923f23ab924,30/01/2014,Jan-14,1,2014,VOELVLEI,Major Dam,164095,15.85,136688,83.3
a8d691d9-ed64-4c38-a780-2a28e30446e5,31/01/2014,Jan-14,1,2014,VOELVLEI,Major Dam,164095,15.83,136391,83.12
57c247f8-68a4-4a7e-b4b4-cb5362b5ad1d,01/02/2014,Feb-14,2,2014,VOELVLEI,Major Dam,164095,15.82,136242,83.03
5079b36c-c84c-4be0-9c7f-c8cd2441285d,02/02/2014,Feb-14,2,2014,VOELVLEI,Major Dam,164095,13.75,106674,65.01
d14ef76b-7531-44a2-90af-a618010fb14f,03/02/2014,Feb-14,2,2014,VOELVLEI,Major Dam,164095,15.7,134461,81.94
650f461a-c54f-48c7-913f-5bbc2d862f48,04/02/2014,Feb-14,2,2014,VOELVLEI,Major Dam,164095,15.65,133722,81.49
387e90ca-8923-4287-b116-36d4bf807cba,05/02/2014,Feb-14,2,2014,VOELVLEI,Major Dam,164095,15.62,133279,81.22
0b8439f7-0da6-46f5-9717-83ab4d271c48,06/02/2014,Feb-14,2,2014,VOELVLEI,Major Dam,164095,15.6,132984,81.04
3beb02a5-dfe8-41ee-84ef-69eee3f8481f,07/02/2014,Feb-14,2,2014,VOELVLEI,Major Dam,164095,15.55,132248,80.59
2a7f4b80-efb8-4039-8fce-b006887bf359,08/02/2014,Feb-14,2,2014,VOELVLEI,Major Dam,164095,15.52,131807,80.32
7e7c2e55-f5f8-4b75-bd3b-a963e900ebae,09/02/2014,Feb-14,2,2014,VOELVLEI,Major Dam,164095,15.48,131219,79.97
ef3031e6-293b-4ad8-b3f9-04db55d95a90,10/02/2014,Feb-14,2,2014,VOELVLEI,Major Dam,164095,15.45,130780,79.7
3740ec6a-6603-4077-bcd6-005937847d09,11/02/2014,Feb-14,2,2014,VOELVLEI,Major Dam,164095,15.45,130780,79.7
cd5fd2ec-b70a-4113-b5e3-ae0d99378800,12/02/2014,Feb-14,2,2014,VOELVLEI,Major Dam,164095,15.36,129463,78.9
7beb8169-3c25-4d24-9df3-36d7d0388101,13/02/2014,Feb-14,2,2014,VOELVLEI,Major Dam,164095,15.32,128880,78.54
a9fa12b9-e388-4138-bc03-35d286a465ef,14/02/2014,Feb-14,2,2014,VOELVLEI,Major Dam,164095,15.28,128297,78.18
9fa22623-6ff1-4bf1-9893-c13bbcd0923a,15/02/2014,Feb-14,2,2014,VOELVLEI,Major Dam,164095,15.26,128006,78.01
a82e2644-3fe8-4ced-9e76-dc1c96134495,16/02/2014,Feb-14,2,2014,VOELVLEI,Major Dam,164095,15.21,127280,77.56
91f5eab8-64c5-4a10-ae85-ecd82e9088e3,17/02/2014,Feb-14,2,2014,VOELVLEI,Major Dam,164095,15.18,126845,77.3
894a98be-a93f-45d1-88fb-986fe8ba4119,18/02/2014,Feb-14,2,2014,VOELVLEI,Major Dam,164095,15.15,126410,77.03
ee68e76b-f2c8-4e18-ab53-c0ff96076b09,19/02/2014,Feb-14,2,2014,VOELVLEI,Major Dam,164095,15.12,125976,76.77
d9945d8d-33f2-4796-8972-7e32021bebc8,20/02/2014,Feb-14,2,2014,VOELVLEI,Major Dam,164095,15.06,125109,76.24
33dba43e-a996-403e-8e7c-f1afffff0daf,21/02/2014,Feb-14,2,2014,VOELVLEI,Major Dam,164095,15.04,124820,76.07
d2f4f7c9-de52-4816-846b-78f18724d4f1,22/02/2014,Feb-14,2,2014,VOELVLEI,Major Dam,164095,15.01,124388,75.8
ec996cf1-e39a-4271-a13a-b39f4d6da569,23/02/2014,Feb-14,2,2014,VOELVLEI,Major Dam,164095,14.96,123668,75.36
cc79d723-fff4-45ee-85b4-e59b61a76f66,24/02/2014,Feb-14,2,2014,VOELVLEI,Major Dam,164095,14.96,123668,75.36
4599d418-7798-4c4f-bb5d-32f2c5c1d39d,25/02/2014,Feb-14,2,2014,VOELVLEI,Major Dam,164095,14.91,122950,74.93
b14dcace-3bf2-4463-9012-c984ecb53acc,26/02/2014,Feb-14,2,2014,VOELVLEI,Major Dam,164095,14.83,121803,74.23
c58029f7-8ec0-41e9-8694-ca96a8c4d8d5,27/02/2014,Feb-14,2,2014,VOELVLEI,Major Dam,164095,14.81,121517,74.05
144da0be-025a-41ea-9512-80466bd6fdbe,28/02/2014,Feb-14,2,2014,VOELVLEI,Major Dam,164095,14.78,121089,73.79
94b2bc67-18ca-40d2-8ff3-2ad5765a7f12,01/03/2014,Mar-14,3,2014,VOELVLEI,Major Dam,164095,14.68,119663,72.92
e839cbcb-3716-491f-a0c1-45dbfb35305d,02/03/2014,Mar-14,3,2014,VOELVLEI,Major Dam,164095,14.65,119236,72.66
a9219dbf-2ad5-41de-930d-5041f2fd5a40,03/03/2014,Mar-14,3,2014,VOELVLEI,Major Dam,164095,14.61,118668,72.32
86667e20-c922-4300-90ca-1661a1cc30c0,04/03/2014,Mar-14,3,2014,VOELVLEI,Major Dam,164095,14.55,117818,71.8
7bbce8c4-d796-4bb6-80ec-405421a8d60a,05/03/2014,Mar-14,3,2014,VOELVLEI,Major Dam,164095,14.51,117252,71.45
d76fe430-c87d-4fe7-bb82-26b91da19057,06/03/2014,Mar-14,3,2014,VOELVLEI,Major Dam,164095,14.48,116828,71.2
707cf652-11be-4f88-b0a5-d1c08894e94c,07/03/2014,Mar-14,3,2014,VOELVLEI,Major Dam,164095,14.45,116405,70.94
7c1c6e5e-e382-433e-8be3-a2aad29b5ff8,08/03/2014,Mar-14,3,2014,VOELVLEI,Major Dam,164095,14.43,116123,70.77
43ad53ee-5879-4831-9bc2-6649e28b8544,09/03/2014,Mar-14,3,2014,VOELVLEI,Major Dam,164095,14.4,115700,70.51
dfc392e2-7e1a-45aa-a737-dcdaeef5dddc,10/03/2014,Mar-14,3,2014,VOELVLEI,Major Dam,164095,14.34,114857,69.99
0c96b03f-e8c2-4542-ae12-e8b57865e4ea,11/03/2014,Mar-14,3,2014,VOELVLEI,Major Dam,164095,14.3,114296,69.65
46949a13-8a3e-4a45-9362-0d2e7446b552,12/03/2014,Mar-14,3,2014,VOELVLEI,Major Dam,164095,14.25,113596,69.23
0eff8688-80f7-490e-8ee9-7e2381eef22c,13/03/2014,Mar-14,3,2014,VOELVLEI,Major Dam,164095,14.2,112897,68.8
bdd92442-8ee3-43dd-9e3b-9e11985ec30b,14/03/2014,Mar-14,3,2014,VOELVLEI,Major Dam,164095,14.13,111921,68.21
c1188043-60ef-419d-988c-f636c892b1a8,15/03/2014,Mar-14,3,2014,VOELVLEI,Major Dam,164095,14.13,111921,68.21
a5dd33f0-2919-4b3a-9e88-85543d87ccf9,16/03/2014,Mar-14,3,2014,VOELVLEI,Major Dam,164095,14.1,111504,67.95
cea59a1f-7f5d-4a03-afb6-90112a1dcfa8,17/03/2014,Mar-14,3,2014,VOELVLEI,Major Dam,164095,14.08,111226,67.78
aa0bd3a1-ada1-486d-924c-23e80a546173,18/03/2014,Mar-14,3,2014,VOELVLEI,Major Dam,164095,14.06,110948,67.61
16f1a0c8-1156-4838-a85f-5ec74a79cf01,19/03/2014,Mar-14,3,2014,VOELVLEI,Major Dam,164095,14.03,110532,67.36
400f769c-fa7a-452b-962f-f8b1217a144d,20/03/2014,Mar-14,3,2014,VOELVLEI,Major Dam,164095,13.95,109425,66.68
9bf6856c-0599-4c50-8225-b3e451ae23f9,21/03/2014,Mar-14,3,2014,VOELVLEI,Major Dam,164095,13.92,109011,66.43
2969c544-5ce6-4a48-9923-a4b3a406ca3b,22/03/2014,Mar-14,3,2014,VOELVLEI,Major Dam,164095,13.89,108597,66.18
7b23e2ec-0bb4-4227-8194-bb13a3ad51de,23/03/2014,Mar-14,3,2014,VOELVLEI,Major Dam,164095,13.85,108047,65.84
847584ea-ef16-453c-8b33-839df192e232,24/03/2014,Mar-14,3,2014,VOELVLEI,Major Dam,164095,13.82,107634,65.59
868c140f-bedc-4d8b-adc3-c300ba6cbac6,25/03/2014,Mar-14,3,2014,VOELVLEI,Major Dam,164095,13.8,107360,65.43
827773b4-838d-452d-82a8-3a33eb3635b2,26/03/2014,Mar-14,3,2014,VOELVLEI,Major Dam,164095,13.75,106674,65.01
f2763d4f-f61d-4040-ab36-57ce4c2f02cf,27/03/2014,Mar-14,3,2014,VOELVLEI,Major Dam,164095,13.75,106674,65.01
63390b15-6803-4782-bcd1-9fa2fe63cb53,28/03/2014,Mar-14,3,2014,VOELVLEI,Major Dam,164095,13.73,106401,64.84
76e882d6-b2c3-486b-8f15-c552d5044bf2,29/03/2014,Mar-14,3,2014,VOELVLEI,Major Dam,164095,13.71,106127,64.67
356018b4-b294-468c-9e73-ca492f249848,30/03/2014,Mar-14,3,2014,VOELVLEI,Major Dam,164095,13.7,105991,64.59
f2876d82-4a20-4d0a-9337-3e08d2be640e,31/03/2014,Mar-14,3,2014,VOELVLEI,Major Dam,164095,13.67,105581,64.34
b09fcba4-7f43-411f-a393-b8b8031275da,01/04/2014,Apr-14,4,2014,VOELVLEI,Major Dam,164095,13.65,105308,64.18
8063c6b2-7ea4-437e-912d-12aacd5ac59c,02/04/2014,Apr-14,4,2014,VOELVLEI,Major Dam,164095,13.63,105036,64.01
966b6f9f-e73d-4380-9e05-68f7a99f14ea,03/04/2014,Apr-14,4,2014,VOELVLEI,Major Dam,164095,13.63,105036,64.01
6828cd5d-3209-413e-acb5-437fee16e965,04/04/2014,Apr-14,4,2014,VOELVLEI,Major Dam,164095,13.65,105308,64.18
1c4a5b82-ac4f-437a-99d7-4231f8698e80,05/04/2014,Apr-14,4,2014,VOELVLEI,Major Dam,164095,13.65,105308,64.18
bdaf19b7-b747-42b6-b2b7-b2432c593f92,06/04/2014,Apr-14,4,2014,VOELVLEI,Major Dam,164095,13.6,104628,63.76
14c05ef4-dffb-47f5-8f99-d9e9e43c024d,07/04/2014,Apr-14,4,2014,VOELVLEI,Major Dam,164095,13.6,104628,63.76
0f7af283-6477-455b-974f-5843b8c4026e,08/04/2014,Apr-14,4,2014,VOELVLEI,Major Dam,164095,13.55,103948,63.35
e0adf3e8-0f75-4f58-80bf-7b7cce992587,09/04/2014,Apr-14,4,2014,VOELVLEI,Major Dam,164095,13.55,103948,63.35
b514ebf1-f375-47e5-98ab-a17156cb620d,10/04/2014,Apr-14,4,2014,VOELVLEI,Major Dam,164095,13.5,103271,62.93
9d271370-b0c0-497f-958d-62c5e5ff8f4f,11/04/2014,Apr-14,4,2014,VOELVLEI,Major Dam,164095,13.5,103271,62.93
4878501c-2f8c-4c65-b73f-b3c4a75359da,12/04/2014,Apr-14,4,2014,VOELVLEI,Major Dam,164095,13.49,103135,62.85
595ef7f0-d5eb-4d24-b1b8-db6abd300d3e,13/04/2014,Apr-14,4,2014,VOELVLEI,Major Dam,164095,13.47,102865,62.69
a2e17871-08cc-465c-9295-7ba823ecfa28,14/04/2014,Apr-14,4,2014,VOELVLEI,Major Dam,164095,13.45,102595,62.52
41e49bf3-08fa-4cbb-87f1-db330bc1efdd,15/04/2014,Apr-14,4,2014,VOELVLEI,Major Dam,164095,13.42,102190,62.27
70980fb3-bff9-4d79-b812-8ca0d9e20989,16/04/2014,Apr-14,4,2014,VOELVLEI,Major Dam,164095,13.42,102190,62.27
182d6f29-dcb6-42a2-9e5d-b208eaa1a0ac,17/04/2014,Apr-14,4,2014,VOELVLEI,Major Dam,164095,13.4,101920,62.11
56cefc84-3d89-4501-a882-6525b46f8254,18/04/2014,Apr-14,4,2014,VOELVLEI,Major Dam,164095,13.38,101651,61.95
e5ccbe11-3d04-4c04-bf7f-6c52fed42c47,19/04/2014,Apr-14,4,2014,VOELVLEI,Major Dam,164095,13.32,100844,61.45
7e49ed67-36cf-45a9-9672-6124b46c22b1,20/04/2014,Apr-14,4,2014,VOELVLEI,Major Dam,164095,13.3,100576,61.29
5a415510-04e0-472b-ba40-c4670a5371ac,21/04/2014,Apr-14,4,2014,VOELVLEI,Major Dam,164095,13.27,100174,61.05
690d588a-3c26-472d-ad25-11c8a06c6e42,22/04/2014,Apr-14,4,2014,VOELVLEI,Major Dam,164095,13.27,100174,61.05
33515101-4300-483f-ab5b-326f28fd1042,23/04/2014,Apr-14,4,2014,VOELVLEI,Major Dam,164095,13.25,99906,60.88
ca18834c-9450-43c8-9149-45525fff4852,24/04/2014,Apr-14,4,2014,VOELVLEI,Major Dam,164095,13.23,99638,60.72
6f67241c-29c9-4c81-8832-53579780f696,25/04/2014,Apr-14,4,2014,VOELVLEI,Major Dam,164095,13.2,99238,60.48
9ae469df-d147-45e0-b9bd-b98e1a24ecc2,26/04/2014,Apr-14,4,2014,VOELVLEI,Major Dam,164095,13.17,98838,60.23
572e3fef-5637-444f-865e-72153c6d583a,27/04/2014,Apr-14,4,2014,VOELVLEI,Major Dam,164095,13.15,98571,60.07
d1ce8182-1920-4985-a1c0-ffdc13d68b76,28/04/2014,Apr-14,4,2014,VOELVLEI,Major Dam,164095,13.13,98305,59.91
976ca0d5-9bc1-4a6a-885f-57344566f2bf,29/04/2014,Apr-14,4,2014,VOELVLEI,Major Dam,164095,13.12,98172,59.83
2040e5a4-dbf0-42f0-afbc-29421682c4be,30/04/2014,Apr-14,4,2014,VOELVLEI,Major Dam,164095,13.11,98039,59.75
f745e125-3e26-40d6-81f5-dca61f66e23b,01/05/2014,May-14,5,2014,VOELVLEI,Major Dam,164095,13.09,97774,59.58
aaa5adf2-6782-4608-b49d-d57ee940b311,02/05/2014,May-14,5,2014,VOELVLEI,Major Dam,164095,13.05,97243,59.26
8a6ce775-d384-48c3-a0a1-33b3f085d8f6,03/05/2014,May-14,5,2014,VOELVLEI,Major Dam,164095,13.04,97111,59.18
f884b9b6-de27-4bd7-9856-5e02c42c7196,04/05/2014,May-14,5,2014,VOELVLEI,Major Dam,164095,13.02,96846,59.02
3a5b4d75-ec4d-40a2-9577-dc3778f70649,05/05/2014,May-14,5,2014,VOELVLEI,Major Dam,164095,13.01,96714,58.94
851eed6d-5e4b-475e-ba90-1d38907db7d7,06/05/2014,May-14,5,2014,VOELVLEI,Major Dam,164095,13,96582,58.86
6df31415-bf14-467e-88f1-a95f5032a6fc,07/05/2014,May-14,5,2014,VOELVLEI,Major Dam,164095,12.98,96318,58.7
e6d7c724-a613-4503-bbe6-073e645788e4,08/05/2014,May-14,5,2014,VOELVLEI,Major Dam,164095,12.96,96054,58.54
9824efca-e067-4dc7-a99a-ebcf09fed64a,09/05/2014,May-14,5,2014,VOELVLEI,Major Dam,164095,12.95,95922,58.46
5429e306-0bb1-4ccf-8b85-33708698b77e,10/05/2014,May-14,5,2014,VOELVLEI,Major Dam,164095,12.94,95790,58.37
c1076dd1-350b-4dd9-9173-835ff20cd992,11/05/2014,May-14,5,2014,VOELVLEI,Major Dam,164095,13.03,96978,59.1
505c342e-fc52-46bc-b6b0-63a6711175c1,12/05/2014,May-14,5,2014,VOELVLEI,Major Dam,164095,13.06,97376,59.34
1db444ec-a352-4f0a-b249-1ab494d5e08b,13/05/2014,May-14,5,2014,VOELVLEI,Major Dam,164095,13.07,97508,59.42
bf106f55-2f76-4fc0-91af-ded25e4f51cc,14/05/2014,May-14,5,2014,VOELVLEI,Major Dam,164095,13.08,97641,59.5
67113134-ee42-42ce-ac4b-014d9b38b71a,15/05/2014,May-14,5,2014,VOELVLEI,Major Dam,164095,13.08,97641,59.5
b6065b3d-3c23-4c98-bc57-fd4e85563cc3,16/05/2014,May-14,5,2014,VOELVLEI,Major Dam,164095,13.06,97376,59.34
d8054cf4-c8d4-49f3-a410-d81f4ab4d877,17/05/2014,May-14,5,2014,VOELVLEI,Major Dam,164095,13.04,97111,59.18
a441f88c-65fd-4c4d-8c84-4db364c6b283,18/05/2014,May-14,5,2014,VOELVLEI,Major Dam,164095,13.03,96978,59.1
fc035e29-6f66-4b80-aaf3-f13e11ce8952,19/05/2014,May-14,5,2014,VOELVLEI,Major Dam,164095,13.05,97243,59.26
31c0c6df-057f-46c9-be7e-f1b7f9df3637,20/05/2014,May-14,5,2014,VOELVLEI,Major Dam,164095,13.04,97111,59.18
0e9cf8f7-06fe-46d5-9ac3-f035cada3e86,21/05/2014,May-14,5,2014,VOELVLEI,Major Dam,164095,13.02,96846,59.02
59830894-647b-4565-b226-c89fc51be781,22/05/2014,May-14,5,2014,VOELVLEI,Major Dam,164095,13.01,96714,58.94
3b72806a-4963-4bd4-9b7b-365772961a45,23/05/2014,May-14,5,2014,VOELVLEI,Major Dam,164095,13.01,96714,58.94
9d658358-bdbe-4f2d-9a5c-a3bb5ea39af2,24/05/2014,May-14,5,2014,VOELVLEI,Major Dam,164095,12.99,96450,58.78
0ba4d38e-85fe-41d2-b980-eaf167e03c00,25/05/2014,May-14,5,2014,VOELVLEI,Major Dam,164095,12.98,96318,58.7
3d2e4312-7c1e-4dc2-a1cd-f04bc4be8ea7,26/05/2014,May-14,5,2014,VOELVLEI,Major Dam,164095,12.97,96186,58.62
6bcdae95-7927-4b82-8214-124d449b0897,27/05/2014,May-14,5,2014,VOELVLEI,Major Dam,164095,12.95,95922,58.46
8f5e85eb-1612-494f-84ef-3c2b0d98de6e,28/05/2014,May-14,5,2014,VOELVLEI,Major Dam,164095,12.94,95790,58.37
daf1aa4d-877c-4904-8541-a33ea0a84cff,29/05/2014,May-14,5,2014,VOELVLEI,Major Dam,164095,12.93,95658,58.29
a1026af4-8728-4269-af78-f7972b2a33e4,30/05/2014,May-14,5,2014,VOELVLEI,Major Dam,164095,12.95,95922,58.46
afe13b36-0b64-4ade-bc31-820eb301e7cd,31/05/2014,May-14,5,2014,VOELVLEI,Major Dam,164095,13,96582,58.86
23a59b69-c647-4ba7-986d-094654789de0,01/06/2014,Jun-14,6,2014,VOELVLEI,Major Dam,164095,13.05,97243,59.26
97afd7ed-1b5f-4b2f-82ac-ca175b3ed0ce,02/06/2014,Jun-14,6,2014,VOELVLEI,Major Dam,164095,13.13,98305,59.91
9c38ec48-dd70-468a-8b1d-401645dd6837,03/06/2014,Jun-14,6,2014,VOELVLEI,Major Dam,164095,13.3,100576,61.29
96b5b317-9c57-4a60-8127-b50e1cebf10a,04/06/2014,Jun-14,6,2014,VOELVLEI,Major Dam,164095,13.4,101920,62.11
8bb768b1-8d5f-4cb0-b8cd-b8f9c416c381,05/06/2014,Jun-14,6,2014,VOELVLEI,Major Dam,164095,13.47,102865,62.69
ebee9ea6-60e2-4c2e-b2ba-c2b29308eb7c,06/06/2014,Jun-14,6,2014,VOELVLEI,Major Dam,164095,13.69,105854,64.51
f0e33af6-86b7-4129-9347-348307bddfbc,07/06/2014,Jun-14,6,2014,VOELVLEI,Major Dam,164095,13.86,108184,65.93
af839802-1783-4491-94e3-cbcb1126272e,08/06/2014,Jun-14,6,2014,VOELVLEI,Major Dam,164095,13.95,109425,66.68
fe122e01-f006-4372-84ef-0bf1725e5254,09/06/2014,Jun-14,6,2014,VOELVLEI,Major Dam,164095,14,110116,67.11
6b08b589-d835-45ab-a418-f02b6f4c3b72,10/06/2014,Jun-14,6,2014,VOELVLEI,Major Dam,164095,14.12,111782,68.12
38ca39c6-3528-4b0f-ac4b-d19b20f10721,11/06/2014,Jun-14,6,2014,VOELVLEI,Major Dam,164095,14.36,115138,70.17
03bd7549-2be9-4729-8d83-aacb667fc147,12/06/2014,Jun-14,6,2014,VOELVLEI,Major Dam,164095,14.4,115700,70.51
5d379b73-ac07-487e-b472-fa62a93a2329,13/06/2014,Jun-14,6,2014,VOELVLEI,Major Dam,164095,14.59,118385,72.14
06f3fcce-69d8-4b2d-b318-ef8e69d55eb1,14/06/2014,Jun-14,6,2014,VOELVLEI,Major Dam,164095,14.62,118810,72.4
cd3db330-0b03-4122-ab03-2f09caa8a5c5,15/06/2014,Jun-14,6,2014,VOELVLEI,Major Dam,164095,14.65,119236,72.66
68921a1e-26d9-461f-944f-900bb986bf60,16/06/2014,Jun-14,6,2014,VOELVLEI,Major Dam,164095,14.85,122090,74.4
fcd301fd-51ce-43d7-92ff-5f786f24119c,17/06/2014,Jun-14,6,2014,VOELVLEI,Major Dam,164095,15.03,124676,75.98
0a22d25b-1b5c-430a-a161-f462a77b0598,18/06/2014,Jun-14,6,2014,VOELVLEI,Major Dam,164095,15.41,130194,79.34
c6d54ae0-0ba6-4369-bfcf-8b0532eecfdd,19/06/2014,Jun-14,6,2014,VOELVLEI,Major Dam,164095,15.21,127280,77.56
2ab2e2fa-6465-41bb-a5e8-8878d1c5d139,20/06/2014,Jun-14,6,2014,VOELVLEI,Major Dam,164095,15.33,129026,78.63
7d906f26-a3c8-42f7-b4a8-a0258d61485d,21/06/2014,Jun-14,6,2014,VOELVLEI,Major Dam,164095,15.44,130633,79.61
2ac4f71c-8678-4e4a-84f9-2c558770c115,22/06/2014,Jun-14,6,2014,VOELVLEI,Major Dam,164095,15.55,132248,80.59
f1ea94bd-1c86-4ed0-8bd1-1a3265b202d7,23/06/2014,Jun-14,6,2014,VOELVLEI,Major Dam,164095,15.58,132689,80.86
57b3641c-938e-465a-81ab-0121a45fe30f,24/06/2014,Jun-14,6,2014,VOELVLEI,Major Dam,164095,15.6,132984,81.04
c4202f09-70e6-4b20-845e-700a6cf0e9aa,25/06/2014,Jun-14,6,2014,VOELVLEI,Major Dam,164095,15.66,133870,81.58
c9740c5a-e176-4a4c-a395-82ff891c34d9,26/06/2014,Jun-14,6,2014,VOELVLEI,Major Dam,164095,15.7,134461,81.94
6e0f8b50-567d-4ceb-b45f-673854679fb4,27/06/2014,Jun-14,6,2014,VOELVLEI,Major Dam,164095,15.72,134758,82.12
b5f32eeb-d674-49bd-baa1-777a55ec7ad2,28/06/2014,Jun-14,6,2014,VOELVLEI,Major Dam,164095,15.82,136242,83.03
d0e1c8b7-4e9f-43f1-b21b-e29e0f2c07f1,29/06/2014,Jun-14,6,2014,VOELVLEI,Major Dam,164095,15.86,136837,83.39
1f34ab96-78b0-44b6-87f3-0576ed8226ac,30/06/2014,Jun-14,6,2014,VOELVLEI,Major Dam,164095,15.93,137881,84.03
fe8617c3-2035-4d4f-ad33-248d1029c752,01/07/2014,Jul-14,7,2014,VOELVLEI,Major Dam,164095,15.97,138479,84.39
47391e6d-259c-47d0-a01c-5b99c116dfe7,02/07/2014,Jul-14,7,2014,VOELVLEI,Major Dam,164095,16,138928,84.66
c7eb0d99-8644-457e-9898-456dac278022,03/07/2014,Jul-14,7,2014,VOELVLEI,Major Dam,164095,16.03,139378,84.94
c3d06145-bdc8-4b11-9dff-f986f330a02f,04/07/2014,Jul-14,7,2014,VOELVLEI,Major Dam,164095,16.06,139828,85.21
ba0139aa-9420-474d-b26b-a229cb251628,05/07/2014,Jul-14,7,2014,VOELVLEI,Major Dam,164095,16.06,139828,85.21
fe4a84e7-f408-426c-9d13-9692b10a7d4f,06/07/2014,Jul-14,7,2014,VOELVLEI,Major Dam,164095,16.14,141030,85.94
17d3bcaa-ed36-4d89-b0bd-5d29e5df4fea,07/07/2014,Jul-14,7,2014,VOELVLEI,Major Dam,164095,16.29,143293,87.32
8b02bdce-4f18-4ce1-b437-496ca08c0988,08/07/2014,Jul-14,7,2014,VOELVLEI,Major Dam,164095,16.36,144353,87.97
8e027d43-65e1-48ce-9e15-c691951b5ef6,09/07/2014,Jul-14,7,2014,VOELVLEI,Major Dam,164095,16.41,145110,88.43
61a7b2d2-9916-4feb-b8a5-3bf8fbde54cf,10/07/2014,Jul-14,7,2014,VOELVLEI,Major Dam,164095,16.45,145716,88.8
42b10548-6ea7-4471-8d9b-4f70dd8f6f5d,11/07/2014,Jul-14,7,2014,VOELVLEI,Major Dam,164095,16.47,146020,88.99
1cecee45-f8de-45d1-93e8-f5c19d4f215b,12/07/2014,Jul-14,7,2014,VOELVLEI,Major Dam,164095,16.48,146171,89.08
f3fcca4d-40e1-47a1-b9cb-527dacf76537,13/07/2014,Jul-14,7,2014,VOELVLEI,Major Dam,164095,16.53,146929,89.54
e13d38df-3127-4eb1-96f8-84bdf8441c86,14/07/2014,Jul-14,7,2014,VOELVLEI,Major Dam,164095,16.56,147385,89.82
2cd2831e-002a-405a-9776-78317cb4ebb9,15/07/2014,Jul-14,7,2014,VOELVLEI,Major Dam,164095,16.57,147536,89.91
1253ac83-1170-4612-aa42-0175ace3f55e,16/07/2014,Jul-14,7,2014,VOELVLEI,Major Dam,164095,16.61,148143,90.28
9ce58812-76f2-4032-8b55-f61724ebcac9,17/07/2014,Jul-14,7,2014,VOELVLEI,Major Dam,164095,16.61,148143,90.28
24ce1ba3-edf2-4de0-a5e2-bc3deaca0c9c,18/07/2014,Jul-14,7,2014,VOELVLEI,Major Dam,164095,16.62,148295,90.37
0e4b1d4d-95d0-4325-86bc-041da405aa1c,19/07/2014,Jul-14,7,2014,VOELVLEI,Major Dam,164095,16.73,149966,91.39
d4690572-20c5-4041-be14-f53d40fb5bed,20/07/2014,Jul-14,7,2014,VOELVLEI,Major Dam,164095,16.76,150422,91.67
896e8839-0b2c-49ec-8128-3dc408f812d4,21/07/2014,Jul-14,7,2014,VOELVLEI,Major Dam,164095,17.05,154840,94.36
2664dc1f-f614-4dfa-8e99-c0d0f11c734d,22/07/2014,Jul-14,7,2014,VOELVLEI,Major Dam,164095,17.17,156676,95.48
fc354ef2-3db0-4f53-8725-5d4c76335749,23/07/2014,Jul-14,7,2014,VOELVLEI,Major Dam,164095,17.24,157751,96.13
a0440860-9673-4557-98c0-26b120d34ce9,24/07/2014,Jul-14,7,2014,VOELVLEI,Major Dam,164095,17.29,158520,96.6
983b8f90-111e-4579-aab0-1ce3072d03a9,25/07/2014,Jul-14,7,2014,VOELVLEI,Major Dam,164095,17.34,159291,97.07
16062489-95f3-4961-8574-e505a4fb69f5,26/07/2014,Jul-14,7,2014,VOELVLEI,Major Dam,164095,17.39,160064,97.54
869b8c49-dbf4-4c8d-9751-523c1797e242,27/07/2014,Jul-14,7,2014,VOELVLEI,Major Dam,164095,17.53,162241,98.87
9864a611-2c0c-4fb6-b4c1-028337b030e2,28/07/2014,Jul-14,7,2014,VOELVLEI,Major Dam,164095,17.56,162710,99.16
e6bda788-3f8e-405b-8e7f-a2e6a5afe0e4,29/07/2014,Jul-14,7,2014,VOELVLEI,Major Dam,164095,17.74,165541,100.88
9dbfb891-e6a5-404e-88c4-c33c72a94d02,30/07/2014,Jul-14,7,2014,VOELVLEI,Major Dam,164095,17.74,165541,100.88
ec0659f1-061d-4704-a717-69167f2b94db,31/07/2014,Jul-14,7,2014,VOELVLEI,Major Dam,164095,17.74,165541,100.88
8aba70bd-0804-4d2b-865e-6fd68b20f81d,01/08/2014,Aug-14,8,2014,VOELVLEI,Major Dam,164095,17.74,165541,100.88
67010941-22ae-4319-a77d-ca12b31c1e9f,02/08/2014,Aug-14,8,2014,VOELVLEI,Major Dam,164095,17.74,165541,100.88
6e96c1c6-53f1-42d8-8561-740611e23688,03/08/2014,Aug-14,8,2014,VOELVLEI,Major Dam,164095,17.74,165541,100.88
50b03b0e-4cf7-4636-aab4-53b4b2efdbe8,04/08/2014,Aug-14,8,2014,VOELVLEI,Major Dam,164095,17.74,165541,100.88
b0923f0c-796d-4d80-b204-136af774abe0,05/08/2014,Aug-14,8,2014,VOELVLEI,Major Dam,164095,17.71,165067,100.59
6cb69e24-75dc-41f9-a3e5-36bf103fcbc6,06/08/2014,Aug-14,8,2014,VOELVLEI,Major Dam,164095,17.71,165067,100.59
2110e72b-c139-44f5-aaea-a90b52e5006b,07/08/2014,Aug-14,8,2014,VOELVLEI,Major Dam,164095,17.71,165067,100.59
be67d81a-b9f0-4e50-b87f-073ce4a832ec,08/08/2014,Aug-14,8,2014,VOELVLEI,Major Dam,164095,17.74,165541,100.88
c3003ace-d66a-49b7-bf91-c627de7ce8c3,09/08/2014,Aug-14,8,2014,VOELVLEI,Major Dam,164095,17.73,165383,100.78
35d91a29-da8d-4fbd-9fe4-180318b5a0c5,10/08/2014,Aug-14,8,2014,VOELVLEI,Major Dam,164095,17.72,165225,100.69
5e2a2e7e-a8d8-4d67-9cd0-e8763d655c62,11/08/2014,Aug-14,8,2014,VOELVLEI,Major Dam,164095,17.72,165225,100.69
0e754bd7-740b-4d7e-93d9-6e733de6e844,12/08/2014,Aug-14,8,2014,VOELVLEI,Major Dam,164095,17.69,164752,100.4
0823b6b5-5664-4d81-a3a2-fa5c4bdc4276,13/08/2014,Aug-14,8,2014,VOELVLEI,Major Dam,164095,17.69,164752,100.4
37b5eb9e-7c71-48db-96f8-77dffbe3656b,14/08/2014,Aug-14,8,2014,VOELVLEI,Major Dam,164095,17.65,164122,100.02
6f6a36e2-55c0-4ded-a4cd-62dfffd33fa8,15/08/2014,Aug-14,8,2014,VOELVLEI,Major Dam,164095,17.64,163965,99.92
ea8c9ccc-9576-4fdb-b483-a52d3874d760,16/08/2014,Aug-14,8,2014,VOELVLEI,Major Dam,164095,17.64,163965,99.92
a4288c0b-9cf0-4a36-b978-32f59ee996b4,17/08/2014,Aug-14,8,2014,VOELVLEI,Major Dam,164095,17.64,163965,99.92
3bd3e8e7-e44f-4cb0-b615-b478496704bb,18/08/2014,Aug-14,8,2014,VOELVLEI,Major Dam,164095,17.64,163965,99.92
aad61187-ffa8-4e11-9ac3-4531cd7a4f17,19/08/2014,Aug-14,8,2014,VOELVLEI,Major Dam,164095,17.59,163180,99.44
191d35f9-1ca6-452d-9d06-af93523c01cd,20/08/2014,Aug-14,8,2014,VOELVLEI,Major Dam,164095,17.56,162710,99.16
933bd6c0-afe9-450e-808d-2944e815c876,21/08/2014,Aug-14,8,2014,VOELVLEI,Major Dam,164095,17.56,162710,99.16
5ad377d9-e288-4e33-a584-f65842cdeae6,22/08/2014,Aug-14,8,2014,VOELVLEI,Major Dam,164095,17.59,163180,99.44
66f8bc91-814a-4357-b84c-9cd34f0cd43e,23/08/2014,Aug-14,8,2014,VOELVLEI,Major Dam,164095,17.59,163180,99.44
19662552-fcb0-45c8-ad1d-1c8160121009,24/08/2014,Aug-14,8,2014,VOELVLEI,Major Dam,164095,17.63,163807,99.82
af524796-bc85-4852-ad4f-f3dcdbae8872,25/08/2014,Aug-14,8,2014,VOELVLEI,Major Dam,164095,17.63,163807,99.82
b2ee2bfe-6a48-495c-9363-d55400ef51e5,26/08/2014,Aug-14,8,2014,VOELVLEI,Major Dam,164095,17.65,164122,100.02
58ae882b-8563-4ecd-9f5e-98b9d2056584,27/08/2014,Aug-14,8,2014,VOELVLEI,Major Dam,164095,17.65,164122,100.02
76f86440-23d8-4460-8c54-d5fbddab1b1a,28/08/2014,Aug-14,8,2014,VOELVLEI,Major Dam,164095,17.65,164122,100.02
1cfcf8a7-b0a5-4ebd-b092-b969043da880,29/08/2014,Aug-14,8,2014,VOELVLEI,Major Dam,164095,17.65,164122,100.02
4e5e7ed4-6acf-49c7-b29a-2bc16473ee41,30/08/2014,Aug-14,8,2014,VOELVLEI,Major Dam,164095,17.71,165067,100.59
94c2ee46-6f7a-4c84-8c0b-e97333b19006,31/08/2014,Aug-14,8,2014,VOELVLEI,Major Dam,164095,17.71,165067,100.59
394a94e9-9628-4ab1-aaa5-bb257b48d525,01/09/2014,Sep-14,9,2014,VOELVLEI,Major Dam,164095,17.7,164909,100.5
01572aae-d6c1-4cab-9ec9-10cab6fee8ed,02/09/2014,Sep-14,9,2014,VOELVLEI,Major Dam,164095,17.69,164752,100.4
72906b9d-5b91-43c2-bb86-0c685e4b7b68,03/09/2014,Sep-14,9,2014,VOELVLEI,Major Dam,164095,17.65,164122,100.02
c7ea099f-d3fa-4724-aa41-e9246414a855,04/09/2014,Sep-14,9,2014,VOELVLEI,Major Dam,164095,17.64,163965,99.92
40aab114-2e31-4589-8c4e-c35315f478f4,05/09/2014,Sep-14,9,2014,VOELVLEI,Major Dam,164095,17.64,163965,99.92
fb5db671-5946-4109-be4b-934fed07c59d,06/09/2014,Sep-14,9,2014,VOELVLEI,Major Dam,164095,17.62,163650,99.73
7e9e5929-8dfe-47a1-8951-53720a0ce5a5,07/09/2014,Sep-14,9,2014,VOELVLEI,Major Dam,164095,17.62,163650,99.73
4f38fffa-a5a8-4aa0-9abb-c1e87ed7c890,08/09/2014,Sep-14,9,2014,VOELVLEI,Major Dam,164095,17.6,163337,99.54
0395625e-dc31-4e51-8b01-4136cf91167f,09/09/2014,Sep-14,9,2014,VOELVLEI,Major Dam,164095,17.6,163337,99.54
34d2466e-ebb4-4025-90eb-28e594f76417,10/09/2014,Sep-14,9,2014,VOELVLEI,Major Dam,164095,17.59,163180,99.44
def3c6b4-0c08-4d67-a15f-e5f232a2da49,11/09/2014,Sep-14,9,2014,VOELVLEI,Major Dam,164095,17.6,163337,99.54
79ce9693-b15d-43fb-bdbc-687000c9c620,12/09/2014,Sep-14,9,2014,VOELVLEI,Major Dam,164095,17.61,163493,99.63
428a7940-2f52-4816-b587-8e93f3183fb5,13/09/2014,Sep-14,9,2014,VOELVLEI,Major Dam,164095,17.63,163807,99.82
7104f1a4-465c-4d67-94a7-b943c615b783,14/09/2014,Sep-14,9,2014,VOELVLEI,Major Dam,164095,17.65,164122,100.02
38621595-6f8f-4cd0-91bb-ae76654cc8d1,15/09/2014,Sep-14,9,2014,VOELVLEI,Major Dam,164095,17.66,164279,100.11
c8cf882b-eaa1-4f81-871d-6e1b9b8b1452,16/09/2014,Sep-14,9,2014,VOELVLEI,Major Dam,164095,17.69,164752,100.4
059c7c8a-7303-4ecb-932e-07ea96f6fb07,17/09/2014,Sep-14,9,2014,VOELVLEI,Major Dam,164095,17.7,164909,100.5
860a5b9c-01da-4b5e-a4b5-97c315dfe2ec,18/09/2014,Sep-14,9,2014,VOELVLEI,Major Dam,164095,17.7,164909,100.5
2330fde8-9333-453a-b211-f3bbbae36ba2,19/09/2014,Sep-14,9,2014,VOELVLEI,Major Dam,164095,17.71,165067,100.59
9a50d089-45d8-40e0-9d74-595874fb1fdd,20/09/2014,Sep-14,9,2014,VOELVLEI,Major Dam,164095,17.72,165225,100.69
2036f6f5-6f0d-4660-b84f-8bce5ae31779,21/09/2014,Sep-14,9,2014,VOELVLEI,Major Dam,164095,17.73,165383,100.78
382a850d-06e3-4390-aec2-5916fb27f180,22/09/2014,Sep-14,9,2014,VOELVLEI,Major Dam,164095,17.73,165383,100.78
332c2f8c-d499-4203-9ba5-199d692487b2,23/09/2014,Sep-14,9,2014,VOELVLEI,Major Dam,164095,17.74,165541,100.88
d2a791f2-019b-4c40-a44b-7f252491cc22,24/09/2014,Sep-14,9,2014,VOELVLEI,Major Dam,164095,17.74,165541,100.88
8901bb0e-70bb-4fb2-929c-d492cc61fd97,25/09/2014,Sep-14,9,2014,VOELVLEI,Major Dam,164095,17.74,165541,100.88
ee4460dc-384c-4e1b-afbf-a7bc8395913c,26/09/2014,Sep-14,9,2014,VOELVLEI,Major Dam,164095,17.73,165383,100.78
e9546d34-4897-4fdc-bb10-a52fdedb80e6,27/09/2014,Sep-14,9,2014,VOELVLEI,Major Dam,164095,17.72,165225,100.69
02c45505-3970-4a0f-9b07-c2f99dd54a86,28/09/2014,Sep-14,9,2014,VOELVLEI,Major Dam,164095,17.72,165225,100.69
d3cb968a-1c21-47f1-a68b-f0fee50b684b,29/09/2014,Sep-14,9,2014,VOELVLEI,Major Dam,164095,17.73,165383,100.78
db42fa59-fd52-4d2f-a836-0e8ca031732b,30/09/2014,Sep-14,9,2014,VOELVLEI,Major Dam,164095,17.72,165225,100.69
035a9d87-b28b-4f37-b345-3d5fee4f362a,01/10/2014,Oct-14,10,2014,VOELVLEI,Major Dam,164095,17.71,165067,100.59
3978a49a-ada7-4df8-b702-fe0830e59a01,02/10/2014,Oct-14,10,2014,VOELVLEI,Major Dam,164095,17.71,165067,100.59
c6df51bd-0c7b-4d9d-a923-c60f24399959,03/10/2014,Oct-14,10,2014,VOELVLEI,Major Dam,164095,17.7,164909,100.5
62a9554e-ba26-4455-a6d0-2e6f9741b824,04/10/2014,Oct-14,10,2014,VOELVLEI,Major Dam,164095,17.68,164594,100.3
65a42606-96ee-4800-9495-02a8d8aa7da2,05/10/2014,Oct-14,10,2014,VOELVLEI,Major Dam,164095,17.68,164594,100.3
bda26380-eaca-442e-ba99-d7d86fe066da,06/10/2014,Oct-14,10,2014,VOELVLEI,Major Dam,164095,17.68,164594,100.3
c7cb9c33-957c-4616-b75f-3edd97c58c6d,07/10/2014,Oct-14,10,2014,VOELVLEI,Major Dam,164095,17.67,164437,100.21
10151dc3-77e1-48e5-9fc1-1830d8531afe,08/10/2014,Oct-14,10,2014,VOELVLEI,Major Dam,164095,17.66,164279,100.11
36870622-508a-4e30-87d8-e41b7ca15e75,09/10/2014,Oct-14,10,2014,VOELVLEI,Major Dam,164095,17.65,164122,100.02
1d7713ba-462a-440d-87e8-351fd7fd4ed5,10/10/2014,Oct-14,10,2014,VOELVLEI,Major Dam,164095,17.66,164279,100.11
56b1802d-a6ab-4a74-b49d-728eef5fa708,11/10/2014,Oct-14,10,2014,VOELVLEI,Major Dam,164095,17.65,164122,100.02
dd503f2c-9e7e-4bde-9998-5feb58e14104,12/10/2014,Oct-14,10,2014,VOELVLEI,Major Dam,164095,17.65,164122,100.02
925c2c1f-3241-4ebe-ae5e-3766b949d7ff,13/10/2014,Oct-14,10,2014,VOELVLEI,Major Dam,164095,17.62,163650,99.73
da66826a-02eb-4117-8ca1-516f4eaa399b,14/10/2014,Oct-14,10,2014,VOELVLEI,Major Dam,164095,17.62,163650,99.73
eb726037-c709-4d33-9a29-b1db3df68515,15/10/2014,Oct-14,10,2014,VOELVLEI,Major Dam,164095,17.61,163493,99.63
ff4c2b82-37db-4b2e-b5d0-d628ede0e281,16/10/2014,Oct-14,10,2014,VOELVLEI,Major Dam,164095,17.6,163337,99.54
7fb95dfe-3e36-4a51-add5-0c8d80c2f5a5,17/10/2014,Oct-14,10,2014,VOELVLEI,Major Dam,164095,17.59,163180,99.44
ce6163e6-11b9-42c2-9de6-beb3857f95b3,18/10/2014,Oct-14,10,2014,VOELVLEI,Major Dam,164095,17.58,163023,99.35
0feffd2e-f74a-4a35-9708-cdcc9ae9229c,19/10/2014,Oct-14,10,2014,VOELVLEI,Major Dam,164095,17.59,163180,99.44
fd16d236-9ba5-46c9-9b64-e54a4d29fbb4,20/10/2014,Oct-14,10,2014,VOELVLEI,Major Dam,164095,17.53,162241,98.87
d92af844-587e-40ae-9afb-36f2cc4ba501,21/10/2014,Oct-14,10,2014,VOELVLEI,Major Dam,164095,17.53,162241,98.87
a9974d54-93ac-4291-aef6-4b678383adad,22/10/2014,Oct-14,10,2014,VOELVLEI,Major Dam,164095,17.52,162085,98.78
9e868bc7-d490-49db-aeed-5acb27f2659d,23/10/2014,Oct-14,10,2014,VOELVLEI,Major Dam,164095,17.49,161617,98.49
8a20881a-966e-463f-b4ae-bd7ef04f8ae0,24/10/2014,Oct-14,10,2014,VOELVLEI,Major Dam,164095,17.47,161306,98.3
9363105c-a598-403e-9e47-47ecd53e87ad,25/10/2014,Oct-14,10,2014,VOELVLEI,Major Dam,164095,17.45,160995,98.11
3e6f5dee-a052-46c4-bd52-002f0bae19e9,26/10/2014,Oct-14,10,2014,VOELVLEI,Major Dam,164095,17.45,160995,98.11
3d050b60-6cdf-412b-a22a-008be54d4fe1,27/10/2014,Oct-14,10,2014,VOELVLEI,Major Dam,164095,17.43,160684,97.92
99e5785c-ec97-4503-90f6-d793106ec9ae,28/10/2014,Oct-14,10,2014,VOELVLEI,Major Dam,164095,17.4,160219,97.64
883a1a75-8164-4f70-8b6d-67a4ccaa8619,29/10/2014,Oct-14,10,2014,VOELVLEI,Major Dam,164095,17.38,159909,97.45
1dd9150d-a4ba-4167-a631-470046b80141,30/10/2014,Oct-14,10,2014,VOELVLEI,Major Dam,164095,17.35,159445,97.17
c9255d35-2729-4d37-9371-5f3860540560,31/10/2014,Oct-14,10,2014,VOELVLEI,Major Dam,164095,17.35,159445,97.17
1bef1aaf-002b-4f55-98cf-ba7f5f08add0,01/11/2014,Nov-14,11,2014,VOELVLEI,Major Dam,164095,17.34,159291,97.07
be049bbd-ebbb-4f4e-af39-991a556b514c,02/11/2014,Nov-14,11,2014,VOELVLEI,Major Dam,164095,17.34,159291,97.07
1f6b74ff-163a-4e46-b4a1-c26eb49dabe4,03/11/2014,Nov-14,11,2014,VOELVLEI,Major Dam,164095,17.32,158982,96.88
2197eec6-9655-4d41-aad0-356b89aca8aa,04/11/2014,Nov-14,11,2014,VOELVLEI,Major Dam,164095,17.34,159291,97.07
c1c8797b-5783-4628-b392-8b686570f5fc,05/11/2014,Nov-14,11,2014,VOELVLEI,Major Dam,164095,17.23,157597,96.04
b173464d-1dca-413f-bab5-0ef05c769670,06/11/2014,Nov-14,11,2014,VOELVLEI,Major Dam,164095,17.23,157597,96.04
b6a2adb8-d022-4379-9261-1a985699c97f,07/11/2014,Nov-14,11,2014,VOELVLEI,Major Dam,164095,17.22,157444,95.95
3497f19b-00c8-4504-8cd0-ae93bc82a9af,08/11/2014,Nov-14,11,2014,VOELVLEI,Major Dam,164095,17.2,157137,95.76
76ae0f19-a7c6-4b7f-b027-28b904e37a67,09/11/2014,Nov-14,11,2014,VOELVLEI,Major Dam,164095,17.17,156676,95.48
81483a1b-5cfe-4e54-bbaf-8d5c17c26011,10/11/2014,Nov-14,11,2014,VOELVLEI,Major Dam,164095,17.15,156370,95.29
413c369f-0728-4d5a-8479-9539ce9c4d74,11/11/2014,Nov-14,11,2014,VOELVLEI,Major Dam,164095,17.13,156063,95.11
68b9ada9-3553-466d-8ed0-c7431ae49a8f,12/11/2014,Nov-14,11,2014,VOELVLEI,Major Dam,164095,17.11,155757,94.92
ab6ff88a-333b-424a-aff1-171ae9b20e20,13/11/2014,Nov-14,11,2014,VOELVLEI,Major Dam,164095,17.09,155451,94.73
34572ddd-7ee7-49ef-a406-c3a9405e73ba,14/11/2014,Nov-14,11,2014,VOELVLEI,Major Dam,164095,17.08,155298,94.64
60c6804a-c791-459e-aa16-8a3b495844f9,15/11/2014,Nov-14,11,2014,VOELVLEI,Major Dam,164095,17.07,155146,94.55
3a104a59-668d-493e-9360-5c3d599f2fd9,16/11/2014,Nov-14,11,2014,VOELVLEI,Major Dam,164095,17.04,154687,94.27
b5588249-b333-45b1-8fc5-412ef1c44e38,17/11/2014,Nov-14,11,2014,VOELVLEI,Major Dam,164095,17.01,154229,93.99
74ddcff8-ac8d-4f55-94ff-dc3f2b645f18,18/11/2014,Nov-14,11,2014,VOELVLEI,Major Dam,164095,17,154076,93.89
3594cc85-e7ac-416a-bd90-14957319e637,19/11/2014,Nov-14,11,2014,VOELVLEI,Major Dam,164095,17.02,154382,94.08
e3621e3d-7030-4b15-acb6-c3ec05d554e3,20/11/2014,Nov-14,11,2014,VOELVLEI,Major Dam,164095,16.95,153314,93.43
82cf2b74-7d8c-4e43-bd1f-b319a1310ffb,21/11/2014,Nov-14,11,2014,VOELVLEI,Major Dam,164095,16.91,152704,93.06
e5d44337-168d-445c-bff6-938ea75fa086,22/11/2014,Nov-14,11,2014,VOELVLEI,Major Dam,164095,16.91,152704,93.06
c1aef4f9-8e0e-4d7b-bad9-d6960b537f1d,23/11/2014,Nov-14,11,2014,VOELVLEI,Major Dam,164095,16.88,152247,92.78
bb532f0d-138e-4bdd-967d-d39cc5552137,24/11/2014,Nov-14,11,2014,VOELVLEI,Major Dam,164095,16.87,152095,92.69
ded68d43-d5bc-43c9-860e-d9251dc01d92,25/11/2014,Nov-14,11,2014,VOELVLEI,Major Dam,164095,16.84,151638,92.41
da2a5477-1ea6-4032-9ffb-50cf5b5ac1e4,26/11/2014,Nov-14,11,2014,VOELVLEI,Major Dam,164095,16.83,151486,92.32
5c1a77c4-999c-41a6-af0c-64c4c8807380,27/11/2014,Nov-14,11,2014,VOELVLEI,Major Dam,164095,16.78,150726,91.85
2b765446-a716-4c55-b73e-118c9d7e22c6,28/11/2014,Nov-14,11,2014,VOELVLEI,Major Dam,164095,16.74,150118,91.48
a233739e-05a9-4950-b657-d202678e15ca,29/11/2014,Nov-14,11,2014,VOELVLEI,Major Dam,164095,16.75,150270,91.58
636849b0-65b5-4192-b7c6-0b8f934a95c0,30/11/2014,Nov-14,11,2014,VOELVLEI,Major Dam,164095,16.74,150118,91.48
ffce413d-0aa9-4055-be6a-5141bb12c7f4,01/12/2014,Dec-14,12,2014,VOELVLEI,Major Dam,164095,16.74,150118,91.48
9c5f09d2-84da-4906-8735-238e0bb7feaf,02/12/2014,Dec-14,12,2014,VOELVLEI,Major Dam,164095,16.68,149206,90.93
e18bbcef-21e6-424d-8582-114ecd8fe374,03/12/2014,Dec-14,12,2014,VOELVLEI,Major Dam,164095,16.66,148902,90.74
03a7c65b-7e5e-46e0-b5d0-9725ac4807ef,04/12/2014,Dec-14,12,2014,VOELVLEI,Major Dam,164095,16.61,148143,90.28
dd68bf8b-a520-4ab4-9709-f74357f863d5,05/12/2014,Dec-14,12,2014,VOELVLEI,Major Dam,164095,16.58,147688,90
d54714fa-9154-4975-bd4c-f2efb206b77e,06/12/2014,Dec-14,12,2014,VOELVLEI,Major Dam,164095,16.57,147536,89.91
50fb8841-e002-43a4-89f4-ae8336ddd759,07/12/2014,Dec-14,12,2014,VOELVLEI,Major Dam,164095,16.56,147385,89.82
6b2e0fcd-0c20-40ea-a4f8-5ec2f9c528e7,08/12/2014,Dec-14,12,2014,VOELVLEI,Major Dam,164095,16.49,146323,89.17
d2102356-7332-4865-b0a2-7b917faa71cd,09/12/2014,Dec-14,12,2014,VOELVLEI,Major Dam,164095,16.45,145716,88.8
3efc4f79-8dfe-4fa6-99e1-2de1deb8aa9d,10/12/2014,Dec-14,12,2014,VOELVLEI,Major Dam,164095,16.42,145262,88.52
482e2588-ca4e-4cae-8e18-049cd5410a19,11/12/2014,Dec-14,12,2014,VOELVLEI,Major Dam,164095,16.38,144656,88.15
dd3059d6-f29d-4bf9-a710-8566d2f097e2,12/12/2014,Dec-14,12,2014,VOELVLEI,Major Dam,164095,16.36,144353,87.97
aad75446-73cc-4576-a1d3-a80465943046,13/12/2014,Dec-14,12,2014,VOELVLEI,Major Dam,164095,16.33,143899,87.69
163d726e-6ecb-4eb9-9fcf-c13948c6f924,14/12/2014,Dec-14,12,2014,VOELVLEI,Major Dam,164095,16.27,142991,87.14
5b7af18a-cbfd-4603-8bb7-1585f0a69dc8,15/12/2014,Dec-14,12,2014,VOELVLEI,Major Dam,164095,16.25,142689,86.96
0e2d80a8-f1cf-497e-b063-88549d10f7f8,16/12/2014,Dec-14,12,2014,VOELVLEI,Major Dam,164095,16.23,142387,86.77
87c07a04-ad3c-4216-9b8d-b5a2eff89350,17/12/2014,Dec-14,12,2014,VOELVLEI,Major Dam,164095,16.21,142085,86.59
b9fd50ca-f24c-4ec0-b2c4-f731019b0d92,18/12/2014,Dec-14,12,2014,VOELVLEI,Major Dam,164095,16.15,141181,86.04
7b74a377-174c-4d01-a1ce-07f6ca8cfaa1,19/12/2014,Dec-14,12,2014,VOELVLEI,Major Dam,164095,16.11,140579,85.67
f53b14aa-af4f-4623-972b-9a3acc9a46ac,20/12/2014,Dec-14,12,2014,VOELVLEI,Major Dam,164095,16.09,140278,85.49
15d53055-49a8-45a9-96cd-13813adf6033,21/12/2014,Dec-14,12,2014,VOELVLEI,Major Dam,164095,16.07,139978,85.3
63d58185-a37d-4fab-af3e-040be8330521,22/12/2014,Dec-14,12,2014,VOELVLEI,Major Dam,164095,16.05,139678,85.12
12850732-9c17-43a5-a432-9a080528cf2c,23/12/2014,Dec-14,12,2014,VOELVLEI,Major Dam,164095,15.97,138479,84.39
9a99d513-1675-4a03-9128-8862606ce9be,24/12/2014,Dec-14,12,2014,VOELVLEI,Major Dam,164095,15.95,138180,84.21
e24b06b0-4685-464c-8f2c-d6a5b03317c0,25/12/2014,Dec-14,12,2014,VOELVLEI,Major Dam,164095,15.93,137881,84.03
9a7c313e-8b06-4238-b21a-1885469b6761,26/12/2014,Dec-14,12,2014,VOELVLEI,Major Dam,164095,15.92,137732,83.93
5a094190-bba2-4819-a51a-5cd0b617cf7b,27/12/2014,Dec-14,12,2014,VOELVLEI,Major Dam,164095,15.85,136688,83.3
1030f314-d51e-4f86-9c5e-cdf25a504383,28/12/2014,Dec-14,12,2014,VOELVLEI,Major Dam,164095,15.82,136242,83.03
7c70d6fa-2a84-40b0-a733-346ec222c226,29/12/2014,Dec-14,12,2014,VOELVLEI,Major Dam,164095,15.82,136242,83.03
e2ffe4bd-3144-4a28-868d-8fc18f84fea8,30/12/2014,Dec-14,12,2014,VOELVLEI,Major Dam,164095,15.72,134758,82.12
2b55c136-4555-41cf-8565-8393c6be4fc9,31/12/2014,Dec-14,12,2014,VOELVLEI,Major Dam,164095,15.69,134313,81.85
2ed6b426-6a86-4ddd-9250-5d9bc4d6f366,01/01/2015,Jan-15,1,2015,VOELVLEI,Major Dam,164095,15.63,133427,81.31
19f113ae-4cb0-4e64-9766-b9eb9b45177e,02/01/2015,Jan-15,1,2015,VOELVLEI,Major Dam,164095,15.65,133722,81.49
1523583b-2db1-4ba8-8365-e1be4035a334,03/01/2015,Jan-15,1,2015,VOELVLEI,Major Dam,164095,15.6,132984,81.04
2eb4ad0c-b77f-403b-b9ef-c549177a8a25,04/01/2015,Jan-15,1,2015,VOELVLEI,Major Dam,164095,15.56,132395,80.68
d40ffd7b-26ff-4c95-b4bd-8b0b3e230c7d,05/01/2015,Jan-15,1,2015,VOELVLEI,Major Dam,164095,15.53,131954,80.41
90f40f69-12a9-4df9-aeba-a8d95a4c663c,06/01/2015,Jan-15,1,2015,VOELVLEI,Major Dam,164095,15.5,131513,80.14
2f171e0a-dfcf-400d-9839-6f3a375f2665,07/01/2015,Jan-15,1,2015,VOELVLEI,Major Dam,164095,15.46,130926,79.79
a3fbc1ec-9c47-4b9a-b8b5-f393bc8268f6,08/01/2015,Jan-15,1,2015,VOELVLEI,Major Dam,164095,15.43,130487,79.52
ec407c93-0992-4380-bb1a-e90963f1dd06,09/01/2015,Jan-15,1,2015,VOELVLEI,Major Dam,164095,15.38,129755,79.07
cbe316b2-22ec-49a0-8dcd-29a4961d9a33,10/01/2015,Jan-15,1,2015,VOELVLEI,Major Dam,164095,15.36,129463,78.9
5a57627c-1d09-44b9-a43e-3fee8e5e7069,11/01/2015,Jan-15,1,2015,VOELVLEI,Major Dam,164095,15.33,129026,78.63
2740eb79-ceb2-46cf-8c4f-1eae66fd19b6,12/01/2015,Jan-15,1,2015,VOELVLEI,Major Dam,164095,15.3,128589,78.36
129dd255-30d5-461c-ad9e-77161b005587,13/01/2015,Jan-15,1,2015,VOELVLEI,Major Dam,164095,15.23,127570,77.74
38437a0d-e851-44b3-b395-d8ecfd84ce23,14/01/2015,Jan-15,1,2015,VOELVLEI,Major Dam,164095,15.2,127135,77.48
6c74cb1c-5905-4b67-aa43-bf340e50dc0a,15/01/2015,Jan-15,1,2015,VOELVLEI,Major Dam,164095,15.18,126845,77.3
052bc37b-e59d-4da1-86b2-037bcbd00d97,16/01/2015,Jan-15,1,2015,VOELVLEI,Major Dam,164095,15.14,126265,76.95
555302aa-3bd7-403c-b578-f5f537c886a3,17/01/2015,Jan-15,1,2015,VOELVLEI,Major Dam,164095,15.01,124388,75.8
9bb766a7-858f-4a47-a6dc-7beeca3cda21,18/01/2015,Jan-15,1,2015,VOELVLEI,Major Dam,164095,15.06,125109,76.24
7ced79cc-7667-43fe-82c4-896df67e4bbd,19/01/2015,Jan-15,1,2015,VOELVLEI,Major Dam,164095,15.03,124676,75.98
a03ce829-63e3-4fd7-822f-8a80d4bcfa8e,20/01/2015,Jan-15,1,2015,VOELVLEI,Major Dam,164095,15.01,124388,75.8
5bc4f06e-0fd2-4a8b-992a-04826a3a05d3,21/01/2015,Jan-15,1,2015,VOELVLEI,Major Dam,164095,14.98,123956,75.54
cfc9e2a6-25bc-4051-b7a3-d00acb1ac965,22/01/2015,Jan-15,1,2015,VOELVLEI,Major Dam,164095,14.89,122663,74.75
d72bfd6f-c5e4-4538-8566-0e9a67f63da2,23/01/2015,Jan-15,1,2015,VOELVLEI,Major Dam,164095,14.85,122090,74.4
07bcf28c-9791-4f3a-ae4b-c14491a4cacb,24/01/2015,Jan-15,1,2015,VOELVLEI,Major Dam,164095,14.81,121517,74.05
e0fd2a2b-d02a-4b53-8249-7a9d1e9ee1e9,25/01/2015,Jan-15,1,2015,VOELVLEI,Major Dam,164095,14.79,121232,73.88
02cc137e-0afb-4596-a5e1-aa2609a32ccf,26/01/2015,Jan-15,1,2015,VOELVLEI,Major Dam,164095,14.76,120803,73.62
192dfbf1-03b5-45c8-ac15-98a887cf5760,27/01/2015,Jan-15,1,2015,VOELVLEI,Major Dam,164095,14.72,120233,73.27
ba1c24bc-fee4-46d0-9c01-42dfb9405fd9,28/01/2015,Jan-15,1,2015,VOELVLEI,Major Dam,164095,14.69,119805,73.01
ffcdb2a8-8c0f-45c1-ae55-7056956067b8,29/01/2015,Jan-15,1,2015,VOELVLEI,Major Dam,164095,14.66,119379,72.75
12e72612-89bf-485b-b95a-26193219e094,30/01/2015,Jan-15,1,2015,VOELVLEI,Major Dam,164095,14.64,119094,72.58
83a1e111-8e8e-4253-97f9-7213b145d784,31/01/2015,Jan-15,1,2015,VOELVLEI,Major Dam,164095,14.56,117960,71.89
439e798c-41d2-4b76-a928-3abec30f61bf,01/02/2015,Feb-15,2,2015,VOELVLEI,Major Dam,164095,14.52,117393,71.54
39c5847e-5207-48c5-90a3-1bf2ebaba241,02/02/2015,Feb-15,2,2015,VOELVLEI,Major Dam,164095,14.46,116546,71.02
6a5f27ef-5702-4e26-8925-5c7bdee665ca,03/02/2015,Feb-15,2,2015,VOELVLEI,Major Dam,164095,14.49,116969,71.28
de2ed0e8-6952-4e97-8f10-45eed026d52d,04/02/2015,Feb-15,2,2015,VOELVLEI,Major Dam,164095,14.38,115419,70.34
9e549621-b5ea-460d-b9ad-33108f520398,05/02/2015,Feb-15,2,2015,VOELVLEI,Major Dam,164095,14.35,114997,70.08
e2ce5f03-868b-4598-81ca-bdd624e05600,06/02/2015,Feb-15,2,2015,VOELVLEI,Major Dam,164095,14.31,114436,69.74
971c1916-530f-4753-bfc9-7b4ac11efbc3,07/02/2015,Feb-15,2,2015,VOELVLEI,Major Dam,164095,14.27,113875,69.4
cbbe303f-8bb3-47c5-9d12-9dffc53e8cec,08/02/2015,Feb-15,2,2015,VOELVLEI,Major Dam,164095,14.33,114717,69.91
db778531-fa65-4bb9-9484-df9ef0112249,09/02/2015,Feb-15,2,2015,VOELVLEI,Major Dam,164095,14.2,112897,68.8
bf42aec0-ab14-48ec-ac3a-94949eaae312,10/02/2015,Feb-15,2,2015,VOELVLEI,Major Dam,164095,14.16,112339,68.46
d0472cba-1837-4840-8d62-89884823d310,11/02/2015,Feb-15,2,2015,VOELVLEI,Major Dam,164095,14.12,111782,68.12
e9cd4caa-8b36-45ca-a2c1-b6e9c131c109,12/02/2015,Feb-15,2,2015,VOELVLEI,Major Dam,164095,14.05,110809,67.53
f3bc9f67-4996-4bf5-ab5e-8919c92937e2,13/02/2015,Feb-15,2,2015,VOELVLEI,Major Dam,164095,14.04,110671,67.44
773ee6a5-3224-4d43-8273-a6546c74e015,14/02/2015,Feb-15,2,2015,VOELVLEI,Major Dam,164095,14.02,110393,67.27
2274e5b7-ebaa-467f-b14d-f6f0ebf91c84,15/02/2015,Feb-15,2,2015,VOELVLEI,Major Dam,164095,14,110116,67.11
58198e48-82f9-4793-a7fd-b980cbe2ef3a,16/02/2015,Feb-15,2,2015,VOELVLEI,Major Dam,164095,13.98,109840,66.94
b264180a-90e4-4f9b-a5da-01f432cc586e,17/02/2015,Feb-15,2,2015,VOELVLEI,Major Dam,164095,13.93,109149,66.52
51c5a4e2-16b3-4009-9ae4-1a57b7a76945,18/02/2015,Feb-15,2,2015,VOELVLEI,Major Dam,164095,13.89,108597,66.18
393b0a98-2eae-4f6b-b27c-4661cdfc106a,19/02/2015,Feb-15,2,2015,VOELVLEI,Major Dam,164095,13.85,108047,65.84
e79c5bbc-003a-4ca5-8dbd-47874cfe6be4,20/02/2015,Feb-15,2,2015,VOELVLEI,Major Dam,164095,13.82,107634,65.59
507219e3-b104-4e91-9d23-1a9e7c194171,21/02/2015,Feb-15,2,2015,VOELVLEI,Major Dam,164095,13.8,107360,65.43
044e065d-214f-47a7-bf19-0b58c2415042,22/02/2015,Feb-15,2,2015,VOELVLEI,Major Dam,164095,13.75,106674,65.01
127193a5-5545-4160-9e66-5d832a803513,23/02/2015,Feb-15,2,2015,VOELVLEI,Major Dam,164095,13.72,106264,64.76
ad5bbd17-84ca-4780-ac95-f69b146a48a3,24/02/2015,Feb-15,2,2015,VOELVLEI,Major Dam,164095,13.66,105445,64.26
75f0cb0d-688a-4119-abbd-95f2c63ca4b9,25/02/2015,Feb-15,2,2015,VOELVLEI,Major Dam,164095,13.63,105036,64.01
460bdede-20ba-43dc-a15f-c1beb9b08f1c,26/02/2015,Feb-15,2,2015,VOELVLEI,Major Dam,164095,13.56,104084,63.43
62d4c0a7-a7b1-455f-bd01-2c18695fdf9d,27/02/2015,Feb-15,2,2015,VOELVLEI,Major Dam,164095,13.53,103677,63.18
c233be1d-5dda-42c7-935c-5a859a87a0a4,28/02/2015,Feb-15,2,2015,VOELVLEI,Major Dam,164095,13.49,103135,62.85
aab18e58-841f-4c01-8bf1-94c10817b45b,01/03/2015,Mar-15,3,2015,VOELVLEI,Major Dam,164095,13.46,102730,62.6
43e30543-ca28-466c-8d05-adfdf3bd664e,02/03/2015,Mar-15,3,2015,VOELVLEI,Major Dam,164095,13.43,102325,62.36
10e14ed0-0d9a-421d-b8e2-b37913b5b3bc,03/03/2015,Mar-15,3,2015,VOELVLEI,Major Dam,164095,13.41,102055,62.19
c93a0d73-bab2-4457-aca3-3ec897f4e8a5,04/03/2015,Mar-15,3,2015,VOELVLEI,Major Dam,164095,13.34,101113,61.62
9fafe28e-9cb8-4ee1-8379-d026dfc3b92f,05/03/2015,Mar-15,3,2015,VOELVLEI,Major Dam,164095,13.3,100576,61.29
dca1647c-8877-4b2e-897b-a232353a2a28,06/03/2015,Mar-15,3,2015,VOELVLEI,Major Dam,164095,13.25,99906,60.88
5a48cf03-1038-4c8a-90ab-4155c5f2f252,07/03/2015,Mar-15,3,2015,VOELVLEI,Major Dam,164095,13.2,99238,60.48
6117c90c-f0b4-445b-b83f-e7950517c3b7,08/03/2015,Mar-15,3,2015,VOELVLEI,Major Dam,164095,13.15,98571,60.07
1d39ecd0-2648-4c0a-98c1-5b619ce16385,09/03/2015,Mar-15,3,2015,VOELVLEI,Major Dam,164095,13.1,97906,59.66
bc7680af-1cd6-4814-aa73-041c642d8f3f,10/03/2015,Mar-15,3,2015,VOELVLEI,Major Dam,164095,13.12,98172,59.83
95cd841b-74f9-4cfc-be6f-9c1931e7330d,11/03/2015,Mar-15,3,2015,VOELVLEI,Major Dam,164095,13.07,97508,59.42
6dfe4fdb-8d40-4977-bea2-97719b95431c,12/03/2015,Mar-15,3,2015,VOELVLEI,Major Dam,164095,13.03,96978,59.1
a3dc243d-d826-471a-adc2-b1f93eacc965,13/03/2015,Mar-15,3,2015,VOELVLEI,Major Dam,164095,13,96582,58.86
cd931bbe-2cb7-41fb-b925-db9635dc6fd4,14/03/2015,Mar-15,3,2015,VOELVLEI,Major Dam,164095,12.94,95790,58.37
709368bf-68e3-42d9-a512-37b111870973,15/03/2015,Mar-15,3,2015,VOELVLEI,Major Dam,164095,12.9,95264,58.05
4a0b0498-34e4-46f5-9a58-fcfe1662515b,16/03/2015,Mar-15,3,2015,VOELVLEI,Major Dam,164095,12.88,95001,57.89
5eba41a0-5c24-489d-b93c-c012bc5ef9f9,17/03/2015,Mar-15,3,2015,VOELVLEI,Major Dam,164095,12.85,94607,57.65
5ae583e6-1a74-4640-9a0d-ae400da288f6,18/03/2015,Mar-15,3,2015,VOELVLEI,Major Dam,164095,12.82,94214,57.41
ca0cc313-122a-4c41-9c51-eb8197dbec29,19/03/2015,Mar-15,3,2015,VOELVLEI,Major Dam,164095,12.8,93952,57.25
5fc15fb6-6ecf-4d13-8d16-1dae44981f65,20/03/2015,Mar-15,3,2015,VOELVLEI,Major Dam,164095,12.73,93038,56.7
6036c128-e301-4f7c-8b45-0f8cd51d6fdf,21/03/2015,Mar-15,3,2015,VOELVLEI,Major Dam,164095,12.69,92517,56.38
d3d5bb3c-afd9-407d-9cfd-d1b9e96f77c2,22/03/2015,Mar-15,3,2015,VOELVLEI,Major Dam,164095,12.66,92127,56.14
089bdf78-1aff-4803-9b36-8247968f0c7c,23/03/2015,Mar-15,3,2015,VOELVLEI,Major Dam,164095,12.64,91868,55.98
3b20652e-ff32-4433-accf-dcc88426238f,24/03/2015,Mar-15,3,2015,VOELVLEI,Major Dam,164095,12.61,91479,55.75
e778e417-1e3b-43dc-ab92-34ed6344758b,25/03/2015,Mar-15,3,2015,VOELVLEI,Major Dam,164095,12.58,91090,55.51
57050882-753f-4cc1-81a2-59322ab8f3a6,26/03/2015,Mar-15,3,2015,VOELVLEI,Major Dam,164095,12.56,90832,55.35
5f056392-ae87-45f8-991a-1fa604d4f2e7,27/03/2015,Mar-15,3,2015,VOELVLEI,Major Dam,164095,12.51,90186,54.96
6cc323ad-6595-4a62-9b9e-23ff34561b5c,28/03/2015,Mar-15,3,2015,VOELVLEI,Major Dam,164095,12.49,89929,54.8
e6025b36-a736-4ea0-a6bc-217f19c8d7ec,29/03/2015,Mar-15,3,2015,VOELVLEI,Major Dam,164095,12.46,89543,54.57
26513155-ba12-417d-a336-59f0c22754ba,30/03/2015,Mar-15,3,2015,VOELVLEI,Major Dam,164095,12.44,89285,54.41
d4226c45-e017-43b1-9886-591eed37859d,31/03/2015,Mar-15,3,2015,VOELVLEI,Major Dam,164095,12.39,88644,54.02
18412ac4-358d-4fbd-a30b-f4635437bce1,01/04/2015,Apr-15,4,2015,VOELVLEI,Major Dam,164095,12.35,88132,53.71
c23354c4-8c36-4ab0-a6a1-44d442c37992,02/04/2015,Apr-15,4,2015,VOELVLEI,Major Dam,164095,12.31,87621,53.4
cda8a014-a118-4608-9010-fa8d98f6e179,03/04/2015,Apr-15,4,2015,VOELVLEI,Major Dam,164095,12.26,86983,53.01
c5e4a584-0c80-4bb7-9c60-99387e1a531e,04/04/2015,Apr-15,4,2015,VOELVLEI,Major Dam,164095,12.22,86474,52.7
52a04abf-ae94-4218-8fea-3c553828e870,05/04/2015,Apr-15,4,2015,VOELVLEI,Major Dam,164095,12.18,85965,52.39
dbcf946e-e6c3-46e6-ad7b-10bd1763cd44,06/04/2015,Apr-15,4,2015,VOELVLEI,Major Dam,164095,12.15,85585,52.16
84758d60-3e62-426d-b775-d426f428bee5,07/04/2015,Apr-15,4,2015,VOELVLEI,Major Dam,164095,12.12,85205,51.92
914e5f6d-0f3b-415d-b904-4429a719fe83,08/04/2015,Apr-15,4,2015,VOELVLEI,Major Dam,164095,12.1,84951,51.77
2fb43136-7f78-4a75-9d34-47c73b1e63a6,09/04/2015,Apr-15,4,2015,VOELVLEI,Major Dam,164095,12,83689,51
5a5c68f4-d19b-4a21-905c-e20852cd9445,10/04/2015,Apr-15,4,2015,VOELVLEI,Major Dam,164095,11.97,83311,50.77
9f620a05-bdd8-40ad-9b74-0e3f2a6bb7ca,11/04/2015,Apr-15,4,2015,VOELVLEI,Major Dam,164095,11.94,82934,50.54
a06c511a-c9f5-42fb-a3a3-71fb036850ce,12/04/2015,Apr-15,4,2015,VOELVLEI,Major Dam,164095,11.9,82431,50.23
3ee80f77-7627-451b-be2a-966c8ee01097,13/04/2015,Apr-15,4,2015,VOELVLEI,Major Dam,164095,11.86,81930,49.93
b62ed462-9920-4047-b541-d7fb4d04c62f,14/04/2015,Apr-15,4,2015,VOELVLEI,Major Dam,164095,11.84,81679,49.78
724e2a4a-2c62-403c-ae1c-f3b141c9f92f,15/04/2015,Apr-15,4,2015,VOELVLEI,Major Dam,164095,11.82,81429,49.62
08081104-ffe8-42cf-8835-16769cefc21b,16/04/2015,Apr-15,4,2015,VOELVLEI,Major Dam,164095,11.8,81179,49.47
f9de2421-3a33-416c-826b-69814ca135af,17/04/2015,Apr-15,4,2015,VOELVLEI,Major Dam,164095,11.76,80680,49.17
61e80411-0d7f-4782-a119-4bd794678782,18/04/2015,Apr-15,4,2015,VOELVLEI,Major Dam,164095,11.72,80181,48.86
74d96d8e-4f1c-46eb-a917-2843f94fe970,19/04/2015,Apr-15,4,2015,VOELVLEI,Major Dam,164095,11,71364,43.49
742a1046-6d99-464c-a7fc-303b857b0510,20/04/2015,Apr-15,4,2015,VOELVLEI,Major Dam,164095,11.69,79808,48.64
61ade604-193d-4949-913b-a2d167dc5201,21/04/2015,Apr-15,4,2015,VOELVLEI,Major Dam,164095,11.62,78938,48.11
e9ddc348-6828-467b-9912-93ec8f088496,22/04/2015,Apr-15,4,2015,VOELVLEI,Major Dam,164095,11.58,78443,47.8
b7071833-ae1e-4bcd-a78c-126b1d45fea8,23/04/2015,Apr-15,4,2015,VOELVLEI,Major Dam,164095,11.55,78072,47.58
de743c95-db67-4b63-9914-60ed099df0cc,24/04/2015,Apr-15,4,2015,VOELVLEI,Major Dam,164095,11.5,77454,47.2
0e4882ca-1cdb-4083-ad91-1996a80c17e8,25/04/2015,Apr-15,4,2015,VOELVLEI,Major Dam,164095,11.48,77208,47.05
22818076-60bf-47a0-a98f-60bab29b3389,26/04/2015,Apr-15,4,2015,VOELVLEI,Major Dam,164095,11.45,76838,46.83
902f82cd-ca05-46ec-8c18-7bde062d7b70,27/04/2015,Apr-15,4,2015,VOELVLEI,Major Dam,164095,11.43,76592,46.68
e6db0299-b057-4266-9bf7-3a21efd0abf5,28/04/2015,Apr-15,4,2015,VOELVLEI,Major Dam,164095,11.42,76469,46.6
db66960a-3f5d-48db-9ac9-a4af2e36a66e,29/04/2015,Apr-15,4,2015,VOELVLEI,Major Dam,164095,11.39,76101,46.38
5ed1ab17-23a3-4998-ab74-3c1563044c6c,30/04/2015,Apr-15,4,2015,VOELVLEI,Major Dam,164095,11.36,75733,46.15
0eef9277-fcff-41ee-aeaf-59aa595ab93b,01/05/2015,May-15,5,2015,VOELVLEI,Major Dam,164095,11.34,75488,46
f59e1a1d-4e50-4bbc-86b0-647abc569364,02/05/2015,May-15,5,2015,VOELVLEI,Major Dam,164095,11.32,75243,45.85
36371bd5-2c27-404e-aa75-08e681cbbee0,03/05/2015,May-15,5,2015,VOELVLEI,Major Dam,164095,11.29,74876,45.63
176170fc-55cd-4909-bd9e-409ca53d1699,04/05/2015,May-15,5,2015,VOELVLEI,Major Dam,164095,11.26,74510,45.41
cf0b1240-a651-4651-96e1-db2e914e9a60,05/05/2015,May-15,5,2015,VOELVLEI,Major Dam,164095,11.24,74266,45.26
9ed95811-1369-477f-8fdc-b95e1065bab5,06/05/2015,May-15,5,2015,VOELVLEI,Major Dam,164095,11.2,73780,44.96
4d0e7663-3227-482e-a0bb-66661c04802d,07/05/2015,May-15,5,2015,VOELVLEI,Major Dam,164095,11.18,73537,44.81
a2735fcb-ade2-46ea-81dd-d555d3041146,08/05/2015,May-15,5,2015,VOELVLEI,Major Dam,164095,11.1,72568,44.22
4b63b994-f088-4840-9f1e-b3b61b6cc6dc,09/05/2015,May-15,5,2015,VOELVLEI,Major Dam,164095,11.07,72206,44
4a53dead-4f5f-45d9-a5e8-2931eb2481e5,10/05/2015,May-15,5,2015,VOELVLEI,Major Dam,164095,11.04,71845,43.78
f98680f2-418a-4277-8ae4-4902d5985fd7,11/05/2015,May-15,5,2015,VOELVLEI,Major Dam,164095,11.01,71484,43.56
0e274e6b-e11f-4399-acf1-5bfa3dc8295b,12/05/2015,May-15,5,2015,VOELVLEI,Major Dam,164095,10.98,71124,43.34
8a9b41c9-06f0-4647-ba3e-3a9b64ddf7e0,13/05/2015,May-15,5,2015,VOELVLEI,Major Dam,164095,10.9,70166,42.76
635fb073-32ee-4407-b9e0-94bda7f32b0a,14/05/2015,May-15,5,2015,VOELVLEI,Major Dam,164095,10.88,69928,42.61
dc6446a0-af60-49bd-8ee9-d4da7539f615,15/05/2015,May-15,5,2015,VOELVLEI,Major Dam,164095,10.86,69689,42.47
c66f7641-127e-40a9-95b5-c2a267352be4,16/05/2015,May-15,5,2015,VOELVLEI,Major Dam,164095,10.84,69451,42.32
078d2d34-cf40-402a-88e3-d90022fe1e90,17/05/2015,May-15,5,2015,VOELVLEI,Major Dam,164095,10.82,69213,42.18
ffedc84c-d605-4a6d-9454-bdb91be1629f,18/05/2015,May-15,5,2015,VOELVLEI,Major Dam,164095,10.8,68976,42.03
d73cf4cb-1bb4-4b28-a5c5-8fb6e2ac96ef,19/05/2015,May-15,5,2015,VOELVLEI,Major Dam,164095,10.78,68739,41.89
208981ab-1450-4109-bde2-6ffa662bc087,20/05/2015,May-15,5,2015,VOELVLEI,Major Dam,164095,10.74,68265,41.6
d1e5e23a-9a26-4e28-8ecb-aee9d806b4ff,21/05/2015,May-15,5,2015,VOELVLEI,Major Dam,164095,10.7,67793,41.31
e55071a9-9751-459f-8cab-f999d564a430,22/05/2015,May-15,5,2015,VOELVLEI,Major Dam,164095,10.68,67557,41.17
32ae0f19-283a-49c7-b569-2798890a2d03,23/05/2015,May-15,5,2015,VOELVLEI,Major Dam,164095,10.65,67204,40.95
3fcf07e4-163a-4411-a7c3-e729cca3150a,24/05/2015,May-15,5,2015,VOELVLEI,Major Dam,164095,10.62,66852,40.74
35e65e00-e3f7-4871-a935-437a144f7fff,25/05/2015,May-15,5,2015,VOELVLEI,Major Dam,164095,10.6,66617,40.6
d5d451af-1c19-45bd-8b50-0c2c94d9e5ff,26/05/2015,May-15,5,2015,VOELVLEI,Major Dam,164095,10.57,66266,40.38
69df8787-c4b0-416f-a175-a329a622df7d,27/05/2015,May-15,5,2015,VOELVLEI,Major Dam,164095,10.54,65915,40.17
6e785dab-87b7-46b0-bb28-7e91af0013cf,28/05/2015,May-15,5,2015,VOELVLEI,Major Dam,164095,10.51,65565,39.96
2513dd7c-b880-4f57-b546-c047912a6e4d,29/05/2015,May-15,5,2015,VOELVLEI,Major Dam,164095,10.48,65215,39.74
edbffb33-e176-4bd4-92fb-6cd9638c9e37,30/05/2015,May-15,5,2015,VOELVLEI,Major Dam,164095,10.45,64866,39.53
34fdfe9f-14ee-4c15-89e8-49d49695baa0,31/05/2015,May-15,5,2015,VOELVLEI,Major Dam,164095,10.42,64518,39.32
a88557b9-11cd-41b2-b0ef-d5a01d6d4a52,01/06/2015,Jun-15,6,2015,VOELVLEI,Major Dam,164095,10.4,64286,39.18
43defe07-280e-4d50-80c1-b9eb6166f126,02/06/2015,Jun-15,6,2015,VOELVLEI,Major Dam,164095,10.43,64634,39.39
3a1189d4-4ced-4c32-82de-4f51c524f450,03/06/2015,Jun-15,6,2015,VOELVLEI,Major Dam,164095,10.45,64866,39.53
ae108e73-ed07-4d88-8729-8fcc855acf83,04/06/2015,Jun-15,6,2015,VOELVLEI,Major Dam,164095,10.37,63939,38.96
034f0f53-960e-42da-8064-6e2620ce174d,05/06/2015,Jun-15,6,2015,VOELVLEI,Major Dam,164095,10.41,64402,39.25
ca751686-e4b1-4333-88a4-70c27bbaf71a,06/06/2015,Jun-15,6,2015,VOELVLEI,Major Dam,164095,10.45,64866,39.53
2f4cbf86-d7ae-4fc6-b9fa-c8211928322d,07/06/2015,Jun-15,6,2015,VOELVLEI,Major Dam,164095,10.48,65215,39.74
c5d60824-a9be-429c-8919-536c069547ad,08/06/2015,Jun-15,6,2015,VOELVLEI,Major Dam,164095,10.44,64750,39.46
85aa78a9-1df6-43bf-8c11-ea96309b35cf,09/06/2015,Jun-15,6,2015,VOELVLEI,Major Dam,164095,10.42,64518,39.32
8808b17b-d659-46b5-9f3b-c10753539ffd,10/06/2015,Jun-15,6,2015,VOELVLEI,Major Dam,164095,10.42,64518,39.32
3de79e95-4ac0-4de0-a967-6d2f3d1be82a,11/06/2015,Jun-15,6,2015,VOELVLEI,Major Dam,164095,10.4,64286,39.18
5270672e-a6a3-492a-843d-20d24faa50bb,12/06/2015,Jun-15,6,2015,VOELVLEI,Major Dam,164095,10.4,64286,39.18
a5581ceb-8189-445c-a92b-deca7d119b27,13/06/2015,Jun-15,6,2015,VOELVLEI,Major Dam,164095,10.33,63477,38.68
33250cb8-655c-42fe-ae63-5aabd0fa896b,14/06/2015,Jun-15,6,2015,VOELVLEI,Major Dam,164095,10.32,63361,38.61
51320b42-9f79-4c16-8171-d90c4f415fbd,15/06/2015,Jun-15,6,2015,VOELVLEI,Major Dam,164095,10.29,63015,38.4
20212474-311d-4062-aed8-322339a74569,16/06/2015,Jun-15,6,2015,VOELVLEI,Major Dam,164095,10.27,62785,38.26
d14b7b9a-e02c-4ad6-8ec8-caf7cf019636,17/06/2015,Jun-15,6,2015,VOELVLEI,Major Dam,164095,10.26,62670,38.19
45cf5d65-e7bf-46ab-aafe-c0cc3cde4fb8,18/06/2015,Jun-15,6,2015,VOELVLEI,Major Dam,164095,10.36,63823,38.89
7a690515-ef64-43e1-a1d8-f8f57756dc1d,19/06/2015,Jun-15,6,2015,VOELVLEI,Major Dam,164095,10.38,64054,39.03
ca928c86-626c-4015-8109-c85d700769f2,20/06/2015,Jun-15,6,2015,VOELVLEI,Major Dam,164095,10.4,64286,39.18
5ba6bd95-f257-495e-b38d-f49c7c369fc8,21/06/2015,Jun-15,6,2015,VOELVLEI,Major Dam,164095,10.46,64982,39.6
6e815a88-b914-40e3-ba14-86addc6175f0,22/06/2015,Jun-15,6,2015,VOELVLEI,Major Dam,164095,10.43,64634,39.39
f22adeb3-7100-4b80-9d6b-f9002176a0ee,23/06/2015,Jun-15,6,2015,VOELVLEI,Major Dam,164095,10.42,64518,39.32
4fb6bd7a-3424-449b-b8c9-ebca9c2b1348,24/06/2015,Jun-15,6,2015,VOELVLEI,Major Dam,164095,10.4,64286,39.18
1537f2c5-6208-48d3-b55b-dbaa8865b545,25/06/2015,Jun-15,6,2015,VOELVLEI,Major Dam,164095,10.41,64402,39.25
362d4ad4-53d6-44b8-b645-16b0ae226063,26/06/2015,Jun-15,6,2015,VOELVLEI,Major Dam,164095,10.53,65798,40.1
3e7df9da-acb1-4b80-9793-edadd41b171a,27/06/2015,Jun-15,6,2015,VOELVLEI,Major Dam,164095,10.58,66383,40.45
5fad2b57-6e68-46bd-8006-1aadb63146a3,28/06/2015,Jun-15,6,2015,VOELVLEI,Major Dam,164095,10.62,66852,40.74
d73bedbc-edf1-4514-b1ea-2e68c99c7681,29/06/2015,Jun-15,6,2015,VOELVLEI,Major Dam,164095,10.64,67087,40.88
849cd006-38ff-417f-9c00-dce261381ded,30/06/2015,Jun-15,6,2015,VOELVLEI,Major Dam,164095,10.62,66852,40.74
648a727b-9aeb-4b84-9feb-54e78fff0d78,01/07/2015,Jul-15,7,2015,VOELVLEI,Major Dam,164095,10.6,66617,40.6
db01759e-2f49-4254-a3cf-85b46fa87eac,02/07/2015,Jul-15,7,2015,VOELVLEI,Major Dam,164095,10.6,66617,40.6
130f818e-493c-49ac-81d9-98644d11c4dc,03/07/2015,Jul-15,7,2015,VOELVLEI,Major Dam,164095,10.58,66383,40.45
6837cd0b-e0c5-4893-af6f-4d411af543e5,04/07/2015,Jul-15,7,2015,VOELVLEI,Major Dam,164095,10.59,66500,40.53
d836479b-f34a-45b4-a508-58154c8b72cf,05/07/2015,Jul-15,7,2015,VOELVLEI,Major Dam,164095,10.59,66500,40.53
9fd350de-8777-470b-8918-75ae37766f70,06/07/2015,Jul-15,7,2015,VOELVLEI,Major Dam,164095,10.59,66500,40.53
76296f3b-c4f0-4da0-9c27-510ce46afb8d,07/07/2015,Jul-15,7,2015,VOELVLEI,Major Dam,164095,10.58,66383,40.45
97975f15-5b16-43d6-88e5-2a4b03f3caba,08/07/2015,Jul-15,7,2015,VOELVLEI,Major Dam,164095,10.51,65565,39.96
5058c4ab-fbd0-4405-b7a6-d07cfdc89d26,09/07/2015,Jul-15,7,2015,VOELVLEI,Major Dam,164095,10.52,65681,40.03
12984dd5-b738-4b5c-bb5b-fdeb6e0e1683,10/07/2015,Jul-15,7,2015,VOELVLEI,Major Dam,164095,10.52,65681,40.03
a5113c6c-2da0-4dd3-b5c9-ba26a33ebf69,11/07/2015,Jul-15,7,2015,VOELVLEI,Major Dam,164095,10.51,65565,39.96
c69d34e7-3a66-4499-a4a2-fa31238ef60b,12/07/2015,Jul-15,7,2015,VOELVLEI,Major Dam,164095,10.51,65565,39.96
e710aa65-3900-4d59-a9ad-e466980a0e60,13/07/2015,Jul-15,7,2015,VOELVLEI,Major Dam,164095,10.54,65915,40.17
39496301-3e5a-40df-8ebc-5f49cc8b006e,14/07/2015,Jul-15,7,2015,VOELVLEI,Major Dam,164095,10.49,65332,39.81
084acd37-f069-49b3-b1ab-91336b687cab,15/07/2015,Jul-15,7,2015,VOELVLEI,Major Dam,164095,10.6,66617,40.6
c910b8f4-d172-4e47-9bc6-92de7b4f66fe,16/07/2015,Jul-15,7,2015,VOELVLEI,Major Dam,164095,10.6,66617,40.6
3e85126a-e06f-47cc-b505-f5a36de75872,17/07/2015,Jul-15,7,2015,VOELVLEI,Major Dam,164095,10.6,66617,40.6
b5248bf0-5246-402a-baaa-64bdac9b1832,18/07/2015,Jul-15,7,2015,VOELVLEI,Major Dam,164095,10.46,64982,39.6
341b2622-b0b5-435b-bfd0-192381dd2b72,19/07/2015,Jul-15,7,2015,VOELVLEI,Major Dam,164095,10.55,66032,40.24
55caa661-c909-44cd-9a9d-e5bdbdca217e,20/07/2015,Jul-15,7,2015,VOELVLEI,Major Dam,164095,10.73,68147,41.53
8c175396-11a8-4095-b224-42560353afbd,21/07/2015,Jul-15,7,2015,VOELVLEI,Major Dam,164095,10.8,68976,42.03
20ed342f-8b93-4f6b-8324-a4d6d6f062bc,22/07/2015,Jul-15,7,2015,VOELVLEI,Major Dam,164095,10.83,69332,42.25
822bca71-71a9-40bb-8117-526a05ad280d,23/07/2015,Jul-15,7,2015,VOELVLEI,Major Dam,164095,10.84,69451,42.32
61682f47-46ea-4f68-88ce-161eab2b2ebe,24/07/2015,Jul-15,7,2015,VOELVLEI,Major Dam,164095,10.84,69451,42.32
93a0e514-5d51-49d2-8221-f22eaa98f1b8,25/07/2015,Jul-15,7,2015,VOELVLEI,Major Dam,164095,10.9,70166,42.76
8b6cc31f-c82a-45b7-9c8d-0e84579e03bc,26/07/2015,Jul-15,7,2015,VOELVLEI,Major Dam,164095,11.02,71604,43.64
9e6ff571-f474-4789-aaa5-02390df46953,27/07/2015,Jul-15,7,2015,VOELVLEI,Major Dam,164095,11.1,72568,44.22
6e0e4ca1-1f38-4da2-bd82-33b53a522f8f,28/07/2015,Jul-15,7,2015,VOELVLEI,Major Dam,164095,11.1,72568,44.22
c757d764-871d-43c5-b76e-177ef80edd7c,29/07/2015,Jul-15,7,2015,VOELVLEI,Major Dam,164095,11.11,72689,44.3
73ade01c-08c7-4846-8f8b-4b2d1ad6fc38,30/07/2015,Jul-15,7,2015,VOELVLEI,Major Dam,164095,11.13,72931,44.44
74f8a071-0e43-4f7a-86f4-d7528113dff6,31/07/2015,Jul-15,7,2015,VOELVLEI,Major Dam,164095,11.2,73780,44.96
5615f81a-1c24-428a-8f19-2eca8f07f4fe,01/08/2015,Aug-15,8,2015,VOELVLEI,Major Dam,164095,11.35,75610,46.08
a9968957-2aca-4b21-9b72-9aa51695f748,02/08/2015,Aug-15,8,2015,VOELVLEI,Major Dam,164095,11.46,76961,46.9
e21639d4-2f13-43a3-a07e-8049e525be45,03/08/2015,Aug-15,8,2015,VOELVLEI,Major Dam,164095,11.51,77578,47.28
356a34c4-c14a-47ce-abaa-fd711660c01c,04/08/2015,Aug-15,8,2015,VOELVLEI,Major Dam,164095,11.56,78195,47.65
448073b4-9794-47ff-ad49-2092eee445fd,05/08/2015,Aug-15,8,2015,VOELVLEI,Major Dam,164095,11.59,78567,47.88
ce79a527-30ef-43ee-8742-3dee6a56ad0b,06/08/2015,Aug-15,8,2015,VOELVLEI,Major Dam,164095,11.65,79311,48.33
dcbaa068-8a08-4619-8e50-3c590c2fc622,07/08/2015,Aug-15,8,2015,VOELVLEI,Major Dam,164095,11.71,80057,48.79
e5785e25-917b-461c-ac14-dbd67195842d,08/08/2015,Aug-15,8,2015,VOELVLEI,Major Dam,164095,11.74,80430,49.01
beb4156d-48e0-45b9-b68e-60f4afccf0b1,09/08/2015,Aug-15,8,2015,VOELVLEI,Major Dam,164095,11.75,80555,49.09
06575e0f-c2c8-4b00-b63f-4bf407d111f9,10/08/2015,Aug-15,8,2015,VOELVLEI,Major Dam,164095,11.77,80804,49.24
34b8d9d0-1c27-4a60-8ea7-d68c9bcb23b1,11/08/2015,Aug-15,8,2015,VOELVLEI,Major Dam,164095,11.77,80804,49.24
aad85041-94ad-489e-b471-27f8925bfdb5,12/08/2015,Aug-15,8,2015,VOELVLEI,Major Dam,164095,11.77,80804,49.24
a12fed32-2b56-415f-b6b3-496709ca93eb,13/08/2015,Aug-15,8,2015,VOELVLEI,Major Dam,164095,11.77,80804,49.24
9f771148-e179-44ed-ba9b-557bb28c015d,14/08/2015,Aug-15,8,2015,VOELVLEI,Major Dam,164095,11.78,80929,49.32
7a5f5aaa-bbb6-486d-b912-d38c9fb8aceb,15/08/2015,Aug-15,8,2015,VOELVLEI,Major Dam,164095,11.81,81304,49.55
d7e17723-dede-425a-bbaf-b4a2ef560107,16/08/2015,Aug-15,8,2015,VOELVLEI,Major Dam,164095,11.87,82055,50
c7642174-cc2d-437e-a834-ce5213d7447b,17/08/2015,Aug-15,8,2015,VOELVLEI,Major Dam,164095,11.89,82306,50.16
4d0e6d1a-fa06-44cd-8e68-494198801181,18/08/2015,Aug-15,8,2015,VOELVLEI,Major Dam,164095,11.91,82557,50.31
2944215c-ba27-4971-9025-1c000d66cb66,19/08/2015,Aug-15,8,2015,VOELVLEI,Major Dam,164095,11.92,82682,50.39
556d8b5f-b90f-460e-88d5-8336f9964a07,20/08/2015,Aug-15,8,2015,VOELVLEI,Major Dam,164095,11.91,82557,50.31
95a78daf-422d-4580-bcf7-38a34021b1b0,21/08/2015,Aug-15,8,2015,VOELVLEI,Major Dam,164095,11.94,82934,50.54
b0ebafc8-7bf9-4a04-904b-6df5be6c9309,22/08/2015,Aug-15,8,2015,VOELVLEI,Major Dam,164095,11.9,82431,50.23
241b236d-3fdc-4bc4-996e-0071d2e6ec29,23/08/2015,Aug-15,8,2015,VOELVLEI,Major Dam,164095,11.9,82431,50.23
f699839d-763b-4126-bea9-56f079f06c3a,24/08/2015,Aug-15,8,2015,VOELVLEI,Major Dam,164095,11.9,82431,50.23
decedc10-df40-4f51-acab-d717c02c0c26,25/08/2015,Aug-15,8,2015,VOELVLEI,Major Dam,164095,11.9,82431,50.23
e0cd13de-695a-4a3c-a252-c18f548cc271,26/08/2015,Aug-15,8,2015,VOELVLEI,Major Dam,164095,11.91,82557,50.31
b2c8a06b-c63c-4bc4-a538-ced6e88f3859,27/08/2015,Aug-15,8,2015,VOELVLEI,Major Dam,164095,11.91,82557,50.31
8144f713-2c8b-479e-99c0-5118ff9b36f6,28/08/2015,Aug-15,8,2015,VOELVLEI,Major Dam,164095,11.91,82557,50.31
569aa9f1-c250-4c16-90d5-2f08930810b4,29/08/2015,Aug-15,8,2015,VOELVLEI,Major Dam,164095,11.9,82431,50.23
abb0139a-01a4-4831-af00-4b4e8f38a836,30/08/2015,Aug-15,8,2015,VOELVLEI,Major Dam,164095,11.9,82431,50.23
ec17c866-e2cf-43b7-8100-5c1ab559b09f,31/08/2015,Aug-15,8,2015,VOELVLEI,Major Dam,164095,11.9,82431,50.23
92d8d525-f1fe-4589-9bd8-14d291ec1192,01/09/2015,Sep-15,9,2015,VOELVLEI,Major Dam,164095,11.89,82306,50.16
045395b6-5b60-4829-a94d-1402a89b0511,02/09/2015,Sep-15,9,2015,VOELVLEI,Major Dam,164095,11.9,82431,50.23
79390d34-f3a3-48e1-a43e-26db0272bc1d,03/09/2015,Sep-15,9,2015,VOELVLEI,Major Dam,164095,11.9,82431,50.23
ff6bbf1b-497a-4479-aa81-e3e762960578,04/09/2015,Sep-15,9,2015,VOELVLEI,Major Dam,164095,11.89,82306,50.16
0e3c7c93-9e99-4ff0-8e08-896bbab52ac0,05/09/2015,Sep-15,9,2015,VOELVLEI,Major Dam,164095,11.9,82431,50.23
b492bc02-293e-4a4d-a3f1-67ae8464140a,06/09/2015,Sep-15,9,2015,VOELVLEI,Major Dam,164095,11.89,82306,50.16
36decc0e-d740-4db5-8948-b6b581daf7a9,07/09/2015,Sep-15,9,2015,VOELVLEI,Major Dam,164095,11.89,82306,50.16
b5fe3370-db9d-4d04-bdbc-24c0c5087449,08/09/2015,Sep-15,9,2015,VOELVLEI,Major Dam,164095,11.89,82306,50.16
8e7c407b-4ef9-4e1c-bdd0-f527f78b8860,09/09/2015,Sep-15,9,2015,VOELVLEI,Major Dam,164095,11.87,82055,50
6549dd3b-1d8f-4b41-9761-6e28e17ab95a,10/09/2015,Sep-15,9,2015,VOELVLEI,Major Dam,164095,11.87,82055,50
ad45b860-9bba-4ec1-8a93-ae48cba0ad95,11/09/2015,Sep-15,9,2015,VOELVLEI,Major Dam,164095,11.88,82180,50.08
78a7446a-3b32-4e49-a51b-0fc953e869cb,12/09/2015,Sep-15,9,2015,VOELVLEI,Major Dam,164095,11.88,82180,50.08
a0e5e2a4-1031-449e-981e-bdad00938dc0,13/09/2015,Sep-15,9,2015,VOELVLEI,Major Dam,164095,11.89,82306,50.16
28a2de45-4a92-460a-b808-2c4d08ea8a2b,14/09/2015,Sep-15,9,2015,VOELVLEI,Major Dam,164095,11.88,82180,50.08
c0e56485-75fa-44dc-8738-78f35cd550e5,15/09/2015,Sep-15,9,2015,VOELVLEI,Major Dam,164095,11.82,81429,49.62
ea96abc7-d341-41fd-af8e-77c4b9fefa63,16/09/2015,Sep-15,9,2015,VOELVLEI,Major Dam,164095,11.81,81304,49.55
b531f1bd-b357-4394-abf4-232eca28aa6b,17/09/2015,Sep-15,9,2015,VOELVLEI,Major Dam,164095,11.81,81304,49.55
48ab88fe-a4ee-488f-b845-4d35705ed389,18/09/2015,Sep-15,9,2015,VOELVLEI,Major Dam,164095,11.81,81304,49.55
b684499a-25ad-495d-943f-5b3233ec2df6,19/09/2015,Sep-15,9,2015,VOELVLEI,Major Dam,164095,11.8,81179,49.47
5cf0a26f-b7be-4d82-bb04-a94ab2149f04,20/09/2015,Sep-15,9,2015,VOELVLEI,Major Dam,164095,11.8,81179,49.47
8dbb59e5-f0ba-4d5f-be72-c0d2d50d8675,21/09/2015,Sep-15,9,2015,VOELVLEI,Major Dam,164095,11.78,80929,49.32
8160f742-977f-47f9-b7eb-9693afb99bb9,22/09/2015,Sep-15,9,2015,VOELVLEI,Major Dam,164095,11.72,80181,48.86
0d581509-4fb9-4792-9977-7719edc87c25,23/09/2015,Sep-15,9,2015,VOELVLEI,Major Dam,164095,11.72,80181,48.86
1cdc96be-5139-432f-b6c3-f8d4053dd12f,24/09/2015,Sep-15,9,2015,VOELVLEI,Major Dam,164095,11.7,79932,48.71
17a07833-9143-4c9a-a6be-efaabbaa5b52,25/09/2015,Sep-15,9,2015,VOELVLEI,Major Dam,164095,11.7,79932,48.71
aed653c9-99dd-4360-886f-1833f2bbf4ca,26/09/2015,Sep-15,9,2015,VOELVLEI,Major Dam,164095,11.72,80181,48.86
aa804635-daf8-47d7-92a0-456473d76545,27/09/2015,Sep-15,9,2015,VOELVLEI,Major Dam,164095,11.71,80057,48.79
59b56634-9027-4d57-b1b5-40973d42a77f,28/09/2015,Sep-15,9,2015,VOELVLEI,Major Dam,164095,11.7,79932,48.71
e6d51510-1b07-42db-841d-3d7558890468,29/09/2015,Sep-15,9,2015,VOELVLEI,Major Dam,164095,11.67,79559,48.48
b03b40b3-b3b2-4b8a-ae87-0a09edafb5e6,30/09/2015,Sep-15,9,2015,VOELVLEI,Major Dam,164095,11.67,79559,48.48
6a555cdf-7bc6-4d46-b7ee-afee64a2a193,01/10/2015,Oct-15,10,2015,VOELVLEI,Major Dam,164095,11.63,79062,48.18
4b09d481-72a7-4002-aadc-e02a462862da,02/10/2015,Oct-15,10,2015,VOELVLEI,Major Dam,164095,11.63,79062,48.18
a2964f50-4919-4a10-8bde-24a1d6383dff,03/10/2015,Oct-15,10,2015,VOELVLEI,Major Dam,164095,11.62,78938,48.11
f6300f7c-fe6d-44fd-bea0-7818d7f7ef04,04/10/2015,Oct-15,10,2015,VOELVLEI,Major Dam,164095,11.61,78814,48.03
a9069a0d-6363-4d36-9be8-88ff2f18886f,05/10/2015,Oct-15,10,2015,VOELVLEI,Major Dam,164095,11.6,78691,47.95
7fe382e6-809e-4e92-8534-05525ad83b64,06/10/2015,Oct-15,10,2015,VOELVLEI,Major Dam,164095,11.59,78567,47.88
74757f5b-3bfa-4bc5-8e6d-b2503464d006,07/10/2015,Oct-15,10,2015,VOELVLEI,Major Dam,164095,11.54,77948,47.5
49e8ec82-5feb-4375-945e-08d52decccba,08/10/2015,Oct-15,10,2015,VOELVLEI,Major Dam,164095,11.53,77825,47.43
875e0c5c-ebb0-464c-8e33-975dc11a2c9b,09/10/2015,Oct-15,10,2015,VOELVLEI,Major Dam,164095,11.52,77701,47.35
1a79214a-ede3-41ab-926e-8ec811948296,10/10/2015,Oct-15,10,2015,VOELVLEI,Major Dam,164095,11.51,77578,47.28
f3622742-811c-49bd-a4eb-6963a5cd43a1,11/10/2015,Oct-15,10,2015,VOELVLEI,Major Dam,164095,11.5,77454,47.2
ab1453b1-39aa-46b4-96e7-b8ef68597f7a,12/10/2015,Oct-15,10,2015,VOELVLEI,Major Dam,164095,11.48,77208,47.05
c08bfa45-d751-4c24-a8fc-109a2d62f1cb,13/10/2015,Oct-15,10,2015,VOELVLEI,Major Dam,164095,11.46,76961,46.9
89050f82-1d8e-42ba-9f44-46b34fde93bc,14/10/2015,Oct-15,10,2015,VOELVLEI,Major Dam,164095,11.44,76715,46.75
cab87b60-29ca-48d9-97ab-40d72b495a96,15/10/2015,Oct-15,10,2015,VOELVLEI,Major Dam,164095,11.42,76469,46.6
fd726663-35f8-4ac8-94ce-5303c84951b3,16/10/2015,Oct-15,10,2015,VOELVLEI,Major Dam,164095,11.4,76224,46.45
2d135de0-5cc8-44bd-8a6b-b4a75162c0ce,17/10/2015,Oct-15,10,2015,VOELVLEI,Major Dam,164095,11.4,76224,46.45
cdc60d94-e287-4b8c-83fb-e96f7ba6d205,18/10/2015,Oct-15,10,2015,VOELVLEI,Major Dam,164095,11.37,75855,46.23
f0d8689e-1365-4294-bc10-6ae8c8db927b,19/10/2015,Oct-15,10,2015,VOELVLEI,Major Dam,164095,11.37,75855,46.23
49d700d8-9a95-44ec-8f36-1b9e0b763cee,20/10/2015,Oct-15,10,2015,VOELVLEI,Major Dam,164095,11.35,75610,46.08
d2f2cd49-53e9-4c48-b7a4-57469864abbb,21/10/2015,Oct-15,10,2015,VOELVLEI,Major Dam,164095,11.35,75610,46.08
4613a5e7-f418-43ab-8922-9424001f6032,22/10/2015,Oct-15,10,2015,VOELVLEI,Major Dam,164095,11.3,74998,45.7
a280bd13-5eb6-4ac6-9287-962f6cbe9678,23/10/2015,Oct-15,10,2015,VOELVLEI,Major Dam,164095,11.25,74388,45.33
c7a5e053-4375-40d7-b198-f009ba9a2a41,24/10/2015,Oct-15,10,2015,VOELVLEI,Major Dam,164095,11.24,74266,45.26
ea88c45a-5ca0-4b35-8dc5-994f8501aae3,25/10/2015,Oct-15,10,2015,VOELVLEI,Major Dam,164095,11.21,73901,45.04
4a703fdd-cca9-476d-abca-52cc7fe033bc,26/10/2015,Oct-15,10,2015,VOELVLEI,Major Dam,164095,11.11,72689,44.3
f9978870-0666-4d16-a5f1-8c88dad4d67b,27/10/2015,Oct-15,10,2015,VOELVLEI,Major Dam,164095,11.05,71965,43.86
b2e9ea96-0d66-4026-9522-f12eab51f3b2,28/10/2015,Oct-15,10,2015,VOELVLEI,Major Dam,164095,11.04,71845,43.78
bace2eb1-80e5-4cf1-a388-69d512e8eec7,29/10/2015,Oct-15,10,2015,VOELVLEI,Major Dam,164095,11.01,71484,43.56
d395bc2f-84f9-448d-aa26-e9cb570ea2ad,30/10/2015,Oct-15,10,2015,VOELVLEI,Major Dam,164095,10.98,71124,43.34
40045da6-62f9-4947-91d2-bb66b6ce944b,31/10/2015,Oct-15,10,2015,VOELVLEI,Major Dam,164095,10.96,70884,43.2
f417ab18-3cf5-4d8b-83e0-c83d3b3ff46b,01/11/2015,Nov-15,11,2015,VOELVLEI,Major Dam,164095,10.96,70884,43.2
c1f39e4d-ab17-4042-ad9a-45638e68486c,02/11/2015,Nov-15,11,2015,VOELVLEI,Major Dam,164095,10.94,70644,43.05
7d831dbd-b784-4908-b4a4-8075b3fa5deb,03/11/2015,Nov-15,11,2015,VOELVLEI,Major Dam,164095,10.93,70525,42.98
4c027676-52a3-4924-a0ab-483b8ddc4302,04/11/2015,Nov-15,11,2015,VOELVLEI,Major Dam,164095,10.92,70405,42.91
5ce643ad-7445-479e-be7d-db4ff8614852,05/11/2015,Nov-15,11,2015,VOELVLEI,Major Dam,164095,10.84,69451,42.32
f0ff422d-1a9b-4db0-87b8-2f067d736049,06/11/2015,Nov-15,11,2015,VOELVLEI,Major Dam,164095,10.77,68620,41.82
d71cb24f-5601-4d3d-ba79-38b9d6f73843,07/11/2015,Nov-15,11,2015,VOELVLEI,Major Dam,164095,10.75,68384,41.67
48bf4564-0eca-4fbd-8baf-d2147566d2bc,08/11/2015,Nov-15,11,2015,VOELVLEI,Major Dam,164095,10.74,68265,41.6
cfadef05-a531-4716-baa9-b2bc7b121a8f,09/11/2015,Nov-15,11,2015,VOELVLEI,Major Dam,164095,10.72,68029,41.46
1b1f9b67-0cff-40c5-bceb-7a1a3b315bd4,10/11/2015,Nov-15,11,2015,VOELVLEI,Major Dam,164095,10.69,67675,41.24
09732fdb-90aa-44b3-90b8-7e3fdb39df49,11/11/2015,Nov-15,11,2015,VOELVLEI,Major Dam,164095,10.67,67439,41.1
83e3cd37-46ff-4316-a47d-c90c85d6d0c2,12/11/2015,Nov-15,11,2015,VOELVLEI,Major Dam,164095,10.64,67087,40.88
89fce5ad-f95a-4b2c-8f06-7d15ed801d0e,13/11/2015,Nov-15,11,2015,VOELVLEI,Major Dam,164095,10.63,66969,40.81
468ce442-3953-48e3-bc1e-4e14a2572931,14/11/2015,Nov-15,11,2015,VOELVLEI,Major Dam,164095,10.61,66734,40.67
029b2cd3-4326-4966-beeb-ecad8d644411,15/11/2015,Nov-15,11,2015,VOELVLEI,Major Dam,164095,10.6,66617,40.6
9b0496f6-8496-4084-8fac-92f55045d861,16/11/2015,Nov-15,11,2015,VOELVLEI,Major Dam,164095,10.58,66383,40.45
4b58a162-471b-41fa-8c95-1a69695d02f7,17/11/2015,Nov-15,11,2015,VOELVLEI,Major Dam,164095,10.55,66032,40.24
2bb36be7-e6a9-41df-9c74-58297ae2f4b0,18/11/2015,Nov-15,11,2015,VOELVLEI,Major Dam,164095,10.52,65681,40.03
95ae79d7-4307-40bf-93a7-2457f8f7d20d,19/11/2015,Nov-15,11,2015,VOELVLEI,Major Dam,164095,10.5,65448,39.88
5b5d02cc-eacd-4957-9713-1d87cec74d2a,20/11/2015,Nov-15,11,2015,VOELVLEI,Major Dam,164095,10.49,65332,39.81
79c40332-76ae-485c-b3f5-eba5f52cd43f,21/11/2015,Nov-15,11,2015,VOELVLEI,Major Dam,164095,10.44,64750,39.46
9791caaa-235c-4196-92d7-02e476723a03,22/11/2015,Nov-15,11,2015,VOELVLEI,Major Dam,164095,10.43,64634,39.39
a4281e21-b83c-4c73-8130-39443703ca4e,23/11/2015,Nov-15,11,2015,VOELVLEI,Major Dam,164095,10.42,64518,39.32
1cb09369-dcd2-4994-ab86-030aeb749704,24/11/2015,Nov-15,11,2015,VOELVLEI,Major Dam,164095,10.36,63823,38.89
a9122db6-954d-48fb-b305-54eb69277621,25/11/2015,Nov-15,11,2015,VOELVLEI,Major Dam,164095,10.34,63592,38.75
184c7f5e-3c73-4612-961d-2047856adc65,26/11/2015,Nov-15,11,2015,VOELVLEI,Major Dam,164095,10.3,63131,38.47
e861e439-0e66-4f5e-a5ba-1b30579fd491,27/11/2015,Nov-15,11,2015,VOELVLEI,Major Dam,164095,10.27,62785,38.26
b44328f4-ed57-4481-932a-6750b3761f3d,28/11/2015,Nov-15,11,2015,VOELVLEI,Major Dam,164095,10.25,62555,38.12
593f95ad-0412-47a6-a19c-091766f28ac7,29/11/2015,Nov-15,11,2015,VOELVLEI,Major Dam,164095,10.23,62325,37.98
76c7d8c2-3bd4-4e6a-8508-2db8d615f7f8,30/11/2015,Nov-15,11,2015,VOELVLEI,Major Dam,164095,10.21,62096,37.84
e0686d98-fd6f-4993-9d34-1d384cbabc21,01/12/2015,Dec-15,12,2015,VOELVLEI,Major Dam,164095,10.19,61866,37.7
94c2f422-59c1-4336-973c-1ad267454faf,02/12/2015,Dec-15,12,2015,VOELVLEI,Major Dam,164095,10.17,61637,37.56
230d2976-01f4-4061-b269-7f9ee4c70423,03/12/2015,Dec-15,12,2015,VOELVLEI,Major Dam,164095,10.16,61522,37.49
92916285-74fa-40b1-88b4-3ab62c324784,04/12/2015,Dec-15,12,2015,VOELVLEI,Major Dam,164095,10.14,61293,37.35
31521a1e-5dc2-4e6e-9256-bcb7ee335b30,05/12/2015,Dec-15,12,2015,VOELVLEI,Major Dam,164095,10.05,60265,36.73
14124446-1055-4252-9c09-fefae04e8c02,06/12/2015,Dec-15,12,2015,VOELVLEI,Major Dam,164095,10,59696,36.38
cd1946f1-f9b3-454a-b053-07356477dbc0,07/12/2015,Dec-15,12,2015,VOELVLEI,Major Dam,164095,10.02,59923,36.52
60b57579-43bb-44ff-9d42-5979aa5e0174,08/12/2015,Dec-15,12,2015,VOELVLEI,Major Dam,164095,9.97,59355,36.17
b0bcdb3e-c583-4599-9caa-25fb3782ecd0,09/12/2015,Dec-15,12,2015,VOELVLEI,Major Dam,164095,9.95,59127,36.03
8aea509c-398b-482c-ab68-8e85f85e12fb,10/12/2015,Dec-15,12,2015,VOELVLEI,Major Dam,164095,9.92,58787,35.82
b4b56769-c0f9-4efb-92b0-d10c9a6243ef,11/12/2015,Dec-15,12,2015,VOELVLEI,Major Dam,164095,9.85,57994,35.34
b82eb8f5-6a22-41a4-a56d-6f50d59aeaa8,12/12/2015,Dec-15,12,2015,VOELVLEI,Major Dam,164095,9.82,57655,35.14
e1682d8d-cd79-4433-affc-57798fbeb0e5,13/12/2015,Dec-15,12,2015,VOELVLEI,Major Dam,164095,9.82,57655,35.14
37614a17-761f-4c6a-8a03-5b823b1434e1,14/12/2015,Dec-15,12,2015,VOELVLEI,Major Dam,164095,9.82,57655,35.14
5bc79125-361e-487f-8e60-315e93d1496c,15/12/2015,Dec-15,12,2015,VOELVLEI,Major Dam,164095,9.61,55293,33.7
2144d1fc-c4f6-45cc-acf1-31b93f4ebfbf,16/12/2015,Dec-15,12,2015,VOELVLEI,Major Dam,164095,9.61,55293,33.7
7140e1f3-3088-4e71-bd68-d13c1e8cb9d6,17/12/2015,Dec-15,12,2015,VOELVLEI,Major Dam,164095,9.56,54734,33.36
85c5e44e-58df-452a-9591-42d7f2ea41a2,18/12/2015,Dec-15,12,2015,VOELVLEI,Major Dam,164095,9.55,54623,33.29
5b55a458-e410-4267-9277-d3711ac54b50,19/12/2015,Dec-15,12,2015,VOELVLEI,Major Dam,164095,9.52,54288,33.08
7ccdb575-75ef-4519-b8ff-20ed01ff6a66,20/12/2015,Dec-15,12,2015,VOELVLEI,Major Dam,164095,9.5,54065,32.95
1d41ffc7-ecf4-4792-83eb-f2b689a6f15d,21/12/2015,Dec-15,12,2015,VOELVLEI,Major Dam,164095,9.48,53842,32.81
668caa64-5915-4836-92a3-3b85371b3d95,22/12/2015,Dec-15,12,2015,VOELVLEI,Major Dam,164095,9.45,53508,32.61
e223a22c-5816-4ae7-9995-726c18e6ca50,23/12/2015,Dec-15,12,2015,VOELVLEI,Major Dam,164095,9.42,53175,32.41
7c117bd9-fae5-45a4-96d8-bad8c8d6d829,24/12/2015,Dec-15,12,2015,VOELVLEI,Major Dam,164095,9.4,52953,32.27
d2295d92-f33d-4e3d-b2c8-c766dd67cbc6,25/12/2015,Dec-15,12,2015,VOELVLEI,Major Dam,164095,9.38,52731,32.13
a8195929-77f1-41ce-a6f6-447db12fa4ea,26/12/2015,Dec-15,12,2015,VOELVLEI,Major Dam,164095,9.36,52510,32
3169d509-9c8d-40a4-820b-a775e386558b,27/12/2015,Dec-15,12,2015,VOELVLEI,Major Dam,164095,9.32,52068,31.73
4f9e787d-d3aa-4c27-99eb-3e48ebd428f0,28/12/2015,Dec-15,12,2015,VOELVLEI,Major Dam,164095,9.28,51626,31.46
77ccc8bb-d185-49b5-b3c3-b9a88bbd54e5,29/12/2015,Dec-15,12,2015,VOELVLEI,Major Dam,164095,9.26,51406,31.33
ed46c02f-bc38-432f-9006-9b07ee37c1e0,30/12/2015,Dec-15,12,2015,VOELVLEI,Major Dam,164095,9.25,51295,31.26
39198b77-d98b-4402-8df6-ee2032d5c3aa,31/12/2015,Dec-15,12,2015,VOELVLEI,Major Dam,164095,9.23,51076,31.13
6d78d50d-4149-47c7-b194-06eeeaccb4df,01/01/2016,Jan-16,1,2016,VOELVLEI,Major Dam,164095,9.2,50746,30.92
405f325e-d618-4204-8fb9-fbda82c31e69,02/01/2016,Jan-16,1,2016,VOELVLEI,Major Dam,164095,9,48571,29.6
21d19604-05b1-43b6-9752-e1e83e6d49b8,03/01/2016,Jan-16,1,2016,VOELVLEI,Major Dam,164095,9.15,50200,30.59
8b514e5b-60a9-4a13-ae1b-feb4c59b2ed8,04/01/2016,Jan-16,1,2016,VOELVLEI,Major Dam,164095,9.13,49982,30.46
6dd4273b-73c0-4bec-ae9b-f8a7ffaf5583,05/01/2016,Jan-16,1,2016,VOELVLEI,Major Dam,164095,9.13,49982,30.46
56f74cef-2cfc-428c-9072-4fe0a4ccbe8d,06/01/2016,Jan-16,1,2016,VOELVLEI,Major Dam,164095,9.08,49438,30.13
b966364a-203c-4ded-941f-f413189cb7e7,07/01/2016,Jan-16,1,2016,VOELVLEI,Major Dam,164095,9.04,49004,29.86
8db2a03c-b584-46ac-8c55-c865dce7dbd6,08/01/2016,Jan-16,1,2016,VOELVLEI,Major Dam,164095,9.02,48787,29.73
a6e629eb-d85f-4c0f-a2a3-27b4bd1a30f1,09/01/2016,Jan-16,1,2016,VOELVLEI,Major Dam,164095,9.01,48679,29.67
d96d602f-d3ab-43d7-85e6-8a0324f070e5,10/01/2016,Jan-16,1,2016,VOELVLEI,Major Dam,164095,8.98,48355,29.47
f768f59f-ed55-4ad3-bf51-ebdc47d73f87,11/01/2016,Jan-16,1,2016,VOELVLEI,Major Dam,164095,8.96,48140,29.34
e4f0cf6e-562c-4892-8507-546702b55bd5,12/01/2016,Jan-16,1,2016,VOELVLEI,Major Dam,164095,8.94,47924,29.21
386fdc6a-3558-40a2-829b-1726d1964a44,13/01/2016,Jan-16,1,2016,VOELVLEI,Major Dam,164095,8.93,47817,29.14
00956ee4-1468-4577-8d6d-641190961033,14/01/2016,Jan-16,1,2016,VOELVLEI,Major Dam,164095,8.92,47709,29.07
bce8d3cf-495a-4389-97e9-61a0a7f517a1,15/01/2016,Jan-16,1,2016,VOELVLEI,Major Dam,164095,8.91,47602,29.01
2b5bca2f-8b52-4fe5-a876-2cd88cebf9c7,16/01/2016,Jan-16,1,2016,VOELVLEI,Major Dam,164095,8.89,47389,28.88
604b8aa7-0337-4fed-aaea-a9568224b2e7,17/01/2016,Jan-16,1,2016,VOELVLEI,Major Dam,164095,8.88,47280,28.81
268c0824-15cb-4510-8968-998e417b705b,18/01/2016,Jan-16,1,2016,VOELVLEI,Major Dam,164095,8.87,47173,28.75
a6eaa16a-53a6-41a8-b0e0-ebab41c7981c,19/01/2016,Jan-16,1,2016,VOELVLEI,Major Dam,164095,8.62,44523,27.13
45f1f2fb-22f1-4cb2-bd36-ab40861500c7,20/01/2016,Jan-16,1,2016,VOELVLEI,Major Dam,164095,8.6,44313,27
3b17d63d-eb40-4592-b146-a981cba3d4f5,21/01/2016,Jan-16,1,2016,VOELVLEI,Major Dam,164095,8.58,44104,26.88
d1e581fe-1297-47fc-bbb5-61156e68bc1c,22/01/2016,Jan-16,1,2016,VOELVLEI,Major Dam,164095,8.56,43894,26.75
aa287da1-6f32-41e2-ac2a-3fdd09421ba3,23/01/2016,Jan-16,1,2016,VOELVLEI,Major Dam,164095,8.54,43685,26.62
085ac376-a4d2-4920-8da3-e02df44ce349,24/01/2016,Jan-16,1,2016,VOELVLEI,Major Dam,164095,8.49,43164,26.3
634e9c09-e195-495e-bd06-8788ca49165f,25/01/2016,Jan-16,1,2016,VOELVLEI,Major Dam,164095,8.46,42852,26.11
a004de82-5a20-47cc-93cd-0daef4ca3c4b,26/01/2016,Jan-16,1,2016,VOELVLEI,Major Dam,164095,8.44,42645,25.99
38480622-b1cc-4e85-8dc7-8fd66d3e8e6f,27/01/2016,Jan-16,1,2016,VOELVLEI,Major Dam,164095,8.42,42438,25.86
66cb1ae8-9a0d-477c-82d3-3cd9ce96ab6a,28/01/2016,Jan-16,1,2016,VOELVLEI,Major Dam,164095,8.4,42231,25.74
04c6b1ce-3fda-4472-a225-afba96a987f8,29/01/2016,Jan-16,1,2016,VOELVLEI,Major Dam,164095,8.4,42231,25.74
9bc8c85d-4947-4595-b1b2-c537cfc19b2f,30/01/2016,Jan-16,1,2016,VOELVLEI,Major Dam,164095,8.39,42127,25.67
c279cabc-267c-4d03-84e6-9212fd572c2f,31/01/2016,Jan-16,1,2016,VOELVLEI,Major Dam,164095,8.38,42024,25.61
5f2e3322-db41-40df-8299-cc0b0364743f,01/02/2016,Feb-16,2,2016,VOELVLEI,Major Dam,164095,8.36,41818,25.48
5eda362c-1861-44fd-a9c5-60f3b7bd9a16,02/02/2016,Feb-16,2,2016,VOELVLEI,Major Dam,164095,8.35,41714,25.42
0f0c8967-1405-4a4a-bec7-2aebf690afe8,03/02/2016,Feb-16,2,2016,VOELVLEI,Major Dam,164095,8.34,41611,25.36
67ae8410-fad6-4d15-ab7c-70726b47dc44,04/02/2016,Feb-16,2,2016,VOELVLEI,Major Dam,164095,8.33,41508,25.3
d13c7a8b-75af-40c4-a4f9-504579c29543,05/02/2016,Feb-16,2,2016,VOELVLEI,Major Dam,164095,8.25,40687,24.79
3da6c21b-561b-4efd-8ba6-0fc0b7e417b5,06/02/2016,Feb-16,2,2016,VOELVLEI,Major Dam,164095,8.24,40584,24.73
c9dff75b-088b-492c-a2fc-ec5e18c886ae,07/02/2016,Feb-16,2,2016,VOELVLEI,Major Dam,164095,8.26,40789,24.86
7deeee90-60e7-47f2-9d39-1020552e31c9,08/02/2016,Feb-16,2,2016,VOELVLEI,Major Dam,164095,8.25,40687,24.79
947b6781-14a4-43f3-b8e4-df149766bea1,09/02/2016,Feb-16,2,2016,VOELVLEI,Major Dam,164095,8.24,40584,24.73
5a3960b7-ffef-4364-83e5-a6f89736efc4,10/02/2016,Feb-16,2,2016,VOELVLEI,Major Dam,164095,8.23,40482,24.67
2609fc75-f146-40ea-8c0b-049602d58a2d,11/02/2016,Feb-16,2,2016,VOELVLEI,Major Dam,164095,8.22,40379,24.61
37c1751b-4bfe-43da-aed2-31b622aca5ed,12/02/2016,Feb-16,2,2016,VOELVLEI,Major Dam,164095,8.2,40175,24.48
ec9b9be1-d321-42c2-ac50-d762716d960b,13/02/2016,Feb-16,2,2016,VOELVLEI,Major Dam,164095,8.19,40072,24.42
6819cb39-c754-454b-a988-0ae2ed3101ba,14/02/2016,Feb-16,2,2016,VOELVLEI,Major Dam,164095,8.18,39970,24.36
99bf1e5c-d623-4f76-ba92-1b5348cacd02,15/02/2016,Feb-16,2,2016,VOELVLEI,Major Dam,164095,8.16,39766,24.23
223d5075-64bb-4d05-ab5e-aa91c7a2b303,16/02/2016,Feb-16,2,2016,VOELVLEI,Major Dam,164095,8.14,39562,24.11
b438fbe2-fa4f-4456-b955-ba7d94ca0f47,17/02/2016,Feb-16,2,2016,VOELVLEI,Major Dam,164095,8.13,39460,24.05
5a322490-3ace-48af-9795-08dcec0c855b,18/02/2016,Feb-16,2,2016,VOELVLEI,Major Dam,164095,8.12,39358,23.98
91b768a2-b7a4-4f60-881e-baf1c8c172d2,19/02/2016,Feb-16,2,2016,VOELVLEI,Major Dam,164095,8.09,39052,23.8
97071371-9bf4-4fde-b675-94e070e9f947,20/02/2016,Feb-16,2,2016,VOELVLEI,Major Dam,164095,8.06,38747,23.61
a3b41b57-b759-471e-bfbc-6cb8811cc1b9,21/02/2016,Feb-16,2,2016,VOELVLEI,Major Dam,164095,8.04,38544,23.49
100d40f5-dffb-4463-83c5-2653c1397852,22/02/2016,Feb-16,2,2016,VOELVLEI,Major Dam,164095,8.01,38239,23.3
24469d72-10cf-4da3-9127-edc183a11edd,23/02/2016,Feb-16,2,2016,VOELVLEI,Major Dam,164095,7.96,37732,22.99
464006bc-8ab7-4b51-b9e3-093c9a192a52,24/02/2016,Feb-16,2,2016,VOELVLEI,Major Dam,164095,7.93,37428,22.81
d01940eb-c9b1-45ef-8a35-750b67116fb6,25/02/2016,Feb-16,2,2016,VOELVLEI,Major Dam,164095,7.9,37125,22.62
5c76bfc9-a4db-4618-890c-2ce542415c5c,26/02/2016,Feb-16,2,2016,VOELVLEI,Major Dam,164095,7.88,36923,22.5
d0877029-1ba0-4530-99b4-64dd66c9e18f,27/02/2016,Feb-16,2,2016,VOELVLEI,Major Dam,164095,7.86,36721,22.38
d31b0df0-1d01-4d6f-989f-812f2c809676,28/02/2016,Feb-16,2,2016,VOELVLEI,Major Dam,164095,7.83,36418,22.19
910245f1-e456-478d-829b-6b8dc2aba855,29/02/2016,Feb-16,2,2016,VOELVLEI,Major Dam,164095,7.8,36116,22.01
cd830ba3-8711-416d-970b-ed6de5b2aadc,01/03/2016,Mar-16,3,2016,VOELVLEI,Major Dam,164095,7.78,35914,21.89
adccee86-e150-428b-88ff-8d0a1aa93946,02/03/2016,Mar-16,3,2016,VOELVLEI,Major Dam,164095,7.76,35713,21.76
907a27aa-e96b-41db-9f0a-4aa2cdc9d914,03/03/2016,Mar-16,3,2016,VOELVLEI,Major Dam,164095,7.85,36620,22.32
16df522d-4c20-449d-8935-d037b3e953d5,04/03/2016,Mar-16,3,2016,VOELVLEI,Major Dam,164095,7.84,36519,22.25
0779afcd-55c2-426b-a883-95c66f4595a8,05/03/2016,Mar-16,3,2016,VOELVLEI,Major Dam,164095,7.84,36519,22.25
a69c36f0-6703-40b2-a2ea-d396df420ffe,06/03/2016,Mar-16,3,2016,VOELVLEI,Major Dam,164095,7.83,36418,22.19
cbb37b48-ae12-4bcc-9b85-d91068f97fd0,07/03/2016,Mar-16,3,2016,VOELVLEI,Major Dam,164095,7.82,36317,22.13
e90b46d2-4a12-4bbf-8393-b1bb26161739,08/03/2016,Mar-16,3,2016,VOELVLEI,Major Dam,164095,7.78,35914,21.89
7755e67d-555c-4a39-b552-ab37b7301738,09/03/2016,Mar-16,3,2016,VOELVLEI,Major Dam,164095,7.73,35412,21.58
b8c60010-7861-4948-8a18-58c3fcf3c97f,10/03/2016,Mar-16,3,2016,VOELVLEI,Major Dam,164095,7.72,35311,21.52
232f7efd-facc-4b13-bd13-65fc0346f5b7,11/03/2016,Mar-16,3,2016,VOELVLEI,Major Dam,164095,7.72,35311,21.52
2e762874-2962-4ddb-8749-c3c9757f8be3,12/03/2016,Mar-16,3,2016,VOELVLEI,Major Dam,164095,7.72,35311,21.52
44ccea52-a8e7-4651-a29d-4aaf9bb2477f,13/03/2016,Mar-16,3,2016,VOELVLEI,Major Dam,164095,7.7,35110,21.4
6267f495-ffc8-462c-b1f3-4edff09724fc,14/03/2016,Mar-16,3,2016,VOELVLEI,Major Dam,164095,7.69,35010,21.34
7d668699-b31a-409b-ad55-20a7d7531ea2,15/03/2016,Mar-16,3,2016,VOELVLEI,Major Dam,164095,7.68,34909,21.27
3e090813-03ec-4ef5-8f13-761178c0faf8,16/03/2016,Mar-16,3,2016,VOELVLEI,Major Dam,164095,7.6,34108,20.79
e47410c5-5794-4760-8ca2-ca4feb13abbd,17/03/2016,Mar-16,3,2016,VOELVLEI,Major Dam,164095,7.58,33908,20.66
3b5844ee-ca30-471e-a8c6-b79f5a1d408a,18/03/2016,Mar-16,3,2016,VOELVLEI,Major Dam,164095,7.58,33908,20.66
941f97a2-4405-4495-bc0c-e41375557d9f,19/03/2016,Mar-16,3,2016,VOELVLEI,Major Dam,164095,7.57,33808,20.6
63dc9b38-69f2-4f74-bd38-f578ac578bf3,20/03/2016,Mar-16,3,2016,VOELVLEI,Major Dam,164095,7.57,33808,20.6
76e778d2-38f7-490a-9a72-63ba163a506e,21/03/2016,Mar-16,3,2016,VOELVLEI,Major Dam,164095,7.56,33708,20.54
3a292d8e-0acd-4dc1-b756-a06a4c4d8bad,22/03/2016,Mar-16,3,2016,VOELVLEI,Major Dam,164095,7.55,33608,20.48
cdcb3776-6131-4080-949c-db2ed7bc83fb,23/03/2016,Mar-16,3,2016,VOELVLEI,Major Dam,164095,7.52,33308,20.3
87642021-3c6a-477e-ab8c-e29319f3872e,24/03/2016,Mar-16,3,2016,VOELVLEI,Major Dam,164095,7.51,33208,20.24
a3cfb653-214f-43e6-9c90-4c632b6006ac,25/03/2016,Mar-16,3,2016,VOELVLEI,Major Dam,164095,7.5,33108,20.18
3c385ae1-445a-4fd6-9817-74ab92b276da,26/03/2016,Mar-16,3,2016,VOELVLEI,Major Dam,164095,7.5,33108,20.18
ac286869-7354-4b3c-ac14-1f0505649560,27/03/2016,Mar-16,3,2016,VOELVLEI,Major Dam,164095,7.49,33008,20.12
cb639b46-47cd-4529-a615-aad53025e6f3,28/03/2016,Mar-16,3,2016,VOELVLEI,Major Dam,164095,7.45,32609,19.87
0d0f1024-e8ff-4902-b432-4e0a6402b645,29/03/2016,Mar-16,3,2016,VOELVLEI,Major Dam,164095,7.48,32909,20.05
33faa841-2cfd-4ac9-9ae0-0a69eeb5f2b5,30/03/2016,Mar-16,3,2016,VOELVLEI,Major Dam,164095,7.45,32609,19.87
ba0438de-1e5d-43f6-aec7-3f7fb5b7b83f,31/03/2016,Mar-16,3,2016,VOELVLEI,Major Dam,164095,7.46,32709,19.93
4b5f5ac1-4371-4948-8a07-070ba503ae95,01/04/2016,Apr-16,4,2016,VOELVLEI,Major Dam,164095,7.45,32609,19.87
aa71021d-177d-4a1a-a223-9adc90b63899,02/04/2016,Apr-16,4,2016,VOELVLEI,Major Dam,164095,7.44,32510,19.81
84c648df-aaee-47e3-99a1-eaeadfce068d,03/04/2016,Apr-16,4,2016,VOELVLEI,Major Dam,164095,7.44,32510,19.81
95b4e8a5-fa14-4e69-b88c-106a16ac9a98,04/04/2016,Apr-16,4,2016,VOELVLEI,Major Dam,164095,7.43,32410,19.75
20d89e4b-6c5b-4253-bcbb-577f7c76f7c7,05/04/2016,Apr-16,4,2016,VOELVLEI,Major Dam,164095,7.41,32211,19.63
28a253c0-0375-4654-9352-e3bb53b63aee,06/04/2016,Apr-16,4,2016,VOELVLEI,Major Dam,164095,7.4,32111,19.57
397f6a28-a51c-46dc-9c4c-e78248c54307,07/04/2016,Apr-16,4,2016,VOELVLEI,Major Dam,164095,7.4,32111,19.57
f6cbb3de-def9-4139-8362-3205be01c217,08/04/2016,Apr-16,4,2016,VOELVLEI,Major Dam,164095,7.4,32111,19.57
646a58b8-9564-433f-adec-041c11a1404c,09/04/2016,Apr-16,4,2016,VOELVLEI,Major Dam,164095,7.41,32211,19.63
4a16695c-711e-4064-b315-3d893a146ca2,10/04/2016,Apr-16,4,2016,VOELVLEI,Major Dam,164095,7.34,31515,19.21
577ec9e4-de33-4ae1-b602-f5be51945f6c,11/04/2016,Apr-16,4,2016,VOELVLEI,Major Dam,164095,7.33,31415,19.14
3c256ed4-205d-4261-b94d-3c72367dfa35,12/04/2016,Apr-16,4,2016,VOELVLEI,Major Dam,164095,7.33,31415,19.14
6ea81ccd-a6bd-4cdb-9486-b7e43b5b2f00,13/04/2016,Apr-16,4,2016,VOELVLEI,Major Dam,164095,7.31,31217,19.02
3565dfa9-0c51-4edf-b24b-198741bb82f7,14/04/2016,Apr-16,4,2016,VOELVLEI,Major Dam,164095,7.3,31118,18.96
cde34548-8c01-4ff5-846c-c641f4926299,15/04/2016,Apr-16,4,2016,VOELVLEI,Major Dam,164095,7.3,31118,18.96
b7411c4f-269c-4977-8d0b-070bea542925,16/04/2016,Apr-16,4,2016,VOELVLEI,Major Dam,164095,7.25,30622,18.66
a62aa8f3-59d3-4a29-9018-bb7be3a05db3,17/04/2016,Apr-16,4,2016,VOELVLEI,Major Dam,164095,7.26,30721,18.72
b0c7a799-5d60-4784-99fc-82ff8ffa69da,18/04/2016,Apr-16,4,2016,VOELVLEI,Major Dam,164095,7.23,30423,18.54
e433cd7f-8bd3-42b5-8bcf-ec84d6cd82bc,19/04/2016,Apr-16,4,2016,VOELVLEI,Major Dam,164095,7.2,30126,18.36
88569147-0cfd-45f8-830e-1db34c1dd577,20/04/2016,Apr-16,4,2016,VOELVLEI,Major Dam,164095,7.17,29830,18.18
57779809-0153-4cd7-995a-990273e078a2,21/04/2016,Apr-16,4,2016,VOELVLEI,Major Dam,164095,7.23,30423,18.54
d15dcab4-b891-4ea4-b0b0-76e598bb788b,22/04/2016,Apr-16,4,2016,VOELVLEI,Major Dam,164095,7.23,30423,18.54
e591ae91-8e9a-48ba-8206-188589ea29c1,23/04/2016,Apr-16,4,2016,VOELVLEI,Major Dam,164095,7.28,30919,18.84
19502d52-504f-4315-8795-2413bbca65f0,24/04/2016,Apr-16,4,2016,VOELVLEI,Major Dam,164095,7.44,32510,19.81
ab13acc4-1239-4e6a-97c1-15a8e40d7a86,25/04/2016,Apr-16,4,2016,VOELVLEI,Major Dam,164095,7.54,33508,20.42
12f7d15f-6328-4ce5-aab9-ff4bd79d2628,26/04/2016,Apr-16,4,2016,VOELVLEI,Major Dam,164095,7.55,33608,20.48
3590eebf-9e71-4f6e-9016-2c08a996c200,27/04/2016,Apr-16,4,2016,VOELVLEI,Major Dam,164095,7.52,33308,20.3
67b3390b-331d-45f6-b0e2-c7431c7e9f58,28/04/2016,Apr-16,4,2016,VOELVLEI,Major Dam,164095,7.55,33608,20.48
d451d034-ccd7-4bd3-bfa5-a8198e8dc939,29/04/2016,Apr-16,4,2016,VOELVLEI,Major Dam,164095,7.55,33608,20.48
81d262a3-0ed6-4551-a24b-85fc8e2a3036,30/04/2016,Apr-16,4,2016,VOELVLEI,Major Dam,164095,7.53,33408,20.36
e6039d04-4651-4882-8e8a-05e862c75427,01/05/2016,May-16,5,2016,VOELVLEI,Major Dam,164095,7.53,33408,20.36
0231a052-010e-4b86-b8fc-8b6c3783bc6b,02/05/2016,May-16,5,2016,VOELVLEI,Major Dam,164095,7.53,33408,20.36
9d2873d1-e1db-40ba-be56-5e9ae16c52f5,03/05/2016,May-16,5,2016,VOELVLEI,Major Dam,164095,7.53,33408,20.36
10e48a9b-f37c-4c2f-9590-b5f779bab74d,04/05/2016,May-16,5,2016,VOELVLEI,Major Dam,164095,7.77,35814,21.83
3123dfb4-62c9-4c8c-8334-b61e01c1791b,05/05/2016,May-16,5,2016,VOELVLEI,Major Dam,164095,7.77,35814,21.83
2105c97e-8896-400a-ad5c-3d47e2bf7c77,06/05/2016,May-16,5,2016,VOELVLEI,Major Dam,164095,7.74,35512,21.64
9370b239-a1b2-459e-9edc-8c3f3878395e,07/05/2016,May-16,5,2016,VOELVLEI,Major Dam,164095,7.74,35512,21.64
5dfec081-ca26-4092-88b1-fff27165b0a8,08/05/2016,May-16,5,2016,VOELVLEI,Major Dam,164095,7.73,35412,21.58
ba78fe86-fef5-4c51-8529-57ba5c3e322e,09/05/2016,May-16,5,2016,VOELVLEI,Major Dam,164095,7.73,35412,21.58
a1562f3a-c3cd-4034-b4a9-8728843a41d5,10/05/2016,May-16,5,2016,VOELVLEI,Major Dam,164095,7.73,35412,21.58
61fc7fe2-e2ed-4778-9ea3-77065499d7dc,11/05/2016,May-16,5,2016,VOELVLEI,Major Dam,164095,7.72,35311,21.52
8a9439b6-3839-477a-88ec-07ecb54af180,12/05/2016,May-16,5,2016,VOELVLEI,Major Dam,164095,7.72,35311,21.52
4ead0345-4ebd-4355-b663-7eb13ae4cce0,13/05/2016,May-16,5,2016,VOELVLEI,Major Dam,164095,7.7,35110,21.4
14308343-3004-4ca9-a81f-5ea9c84a96dc,14/05/2016,May-16,5,2016,VOELVLEI,Major Dam,164095,7.7,35110,21.4
e4951ce9-fea6-42ec-96fa-a8fec9a88d05,15/05/2016,May-16,5,2016,VOELVLEI,Major Dam,164095,7.69,35010,21.34
9d721524-d9d0-4a18-8a6b-d463e16856b3,16/05/2016,May-16,5,2016,VOELVLEI,Major Dam,164095,7.69,35010,21.34
785a2dca-410c-4792-a0a3-9dbeb50d863f,17/05/2016,May-16,5,2016,VOELVLEI,Major Dam,164095,7.69,35010,21.34
b1f0dff8-9b46-44c6-bf5b-5358ffb7e561,18/05/2016,May-16,5,2016,VOELVLEI,Major Dam,164095,7.67,34809,21.21
0156784e-d6b6-4c24-8dc7-1febb26078f6,19/05/2016,May-16,5,2016,VOELVLEI,Major Dam,164095,7.65,34609,21.09
590fc4a0-9f02-46f6-9a10-df6093326c0d,20/05/2016,May-16,5,2016,VOELVLEI,Major Dam,164095,7.68,34909,21.27
6edfda20-e0f6-4b7e-9c21-cf085f0bec6f,21/05/2016,May-16,5,2016,VOELVLEI,Major Dam,164095,7.65,34609,21.09
cd2d67e9-c014-4e3c-ac71-259dc278cae8,22/05/2016,May-16,5,2016,VOELVLEI,Major Dam,164095,7.64,34508,21.03
112a8947-1457-46e3-9944-6347c8885d88,23/05/2016,May-16,5,2016,VOELVLEI,Major Dam,164095,7.63,34408,20.97
5984e13f-5a5c-432e-8f3b-9f5f0e417038,24/05/2016,May-16,5,2016,VOELVLEI,Major Dam,164095,7.64,34508,21.03
7a673dc4-4b47-4f90-afb8-2dcd938a194d,25/05/2016,May-16,5,2016,VOELVLEI,Major Dam,164095,7.63,34408,20.97
eb76c4d9-4382-4b7b-ab1e-d734f7f25a25,26/05/2016,May-16,5,2016,VOELVLEI,Major Dam,164095,7.62,34308,20.91
8e7d5ccd-d7c0-4909-b411-b48fa5c29731,27/05/2016,May-16,5,2016,VOELVLEI,Major Dam,164095,7.61,34208,20.85
27a2f7a8-ae39-4b54-ad73-b5d7dc48bd70,28/05/2016,May-16,5,2016,VOELVLEI,Major Dam,164095,7.61,34208,20.85
567df4aa-77ab-41a1-bde6-68bc356cd02c,29/05/2016,May-16,5,2016,VOELVLEI,Major Dam,164095,7.6,34108,20.79
e8545c65-43d7-4309-83f1-2b1cb14f1d18,30/05/2016,May-16,5,2016,VOELVLEI,Major Dam,164095,7.59,34008,20.72
1c8015cc-b547-43db-aaa2-321a5efb2826,31/05/2016,May-16,5,2016,VOELVLEI,Major Dam,164095,7.59,34008,20.72
34c68152-a2d5-4e96-a0be-b08087467e5e,01/06/2016,Jun-16,6,2016,VOELVLEI,Major Dam,164095,7.58,33908,20.66
e4aa9cfb-58bf-46d1-ba17-bedb1a7ed001,02/06/2016,Jun-16,6,2016,VOELVLEI,Major Dam,164095,7.56,33708,20.54
115404f7-264b-4452-a94a-fd0bb301f788,03/06/2016,Jun-16,6,2016,VOELVLEI,Major Dam,164095,7.56,33708,20.54
bf91920d-d744-452a-9fbb-641a8c1b8eb2,04/06/2016,Jun-16,6,2016,VOELVLEI,Major Dam,164095,7.55,33608,20.48
5ee0ad84-8b48-4923-b9d1-6bf0a1dc80bf,05/06/2016,Jun-16,6,2016,VOELVLEI,Major Dam,164095,7.54,33508,20.42
7c6a2803-ed18-4c77-87b8-b9c82acf06e5,06/06/2016,Jun-16,6,2016,VOELVLEI,Major Dam,164095,7.53,33408,20.36
43b0756f-d7ef-40d7-96a4-7364b64ebd7c,07/06/2016,Jun-16,6,2016,VOELVLEI,Major Dam,164095,7.52,33308,20.3
a32e8699-eb74-40d7-aec6-8d5b5863a217,08/06/2016,Jun-16,6,2016,VOELVLEI,Major Dam,164095,7.51,33208,20.24
b29c82af-fafe-4d2d-ad24-ec02578c7e6f,09/06/2016,Jun-16,6,2016,VOELVLEI,Major Dam,164095,7.5,33108,20.18
31ac9786-922c-4e96-aed3-eeb9635157c3,10/06/2016,Jun-16,6,2016,VOELVLEI,Major Dam,164095,7.49,33008,20.12
789fbb9c-6b51-4988-b510-d88bc3fb6c63,11/06/2016,Jun-16,6,2016,VOELVLEI,Major Dam,164095,7.49,33008,20.12
7729a049-ecd8-43ac-a7f3-4cd96a4816d7,12/06/2016,Jun-16,6,2016,VOELVLEI,Major Dam,164095,7.49,33008,20.12
67d0bc0c-c0c9-4f96-89e4-78b3da4c65da,13/06/2016,Jun-16,6,2016,VOELVLEI,Major Dam,164095,7.47,32809,19.99
948b92e1-90f8-4403-8fe8-86e36d07b53b,14/06/2016,Jun-16,6,2016,VOELVLEI,Major Dam,164095,7.52,33308,20.3
75191d32-4ed5-40d0-9757-ffd4e666eb43,15/06/2016,Jun-16,6,2016,VOELVLEI,Major Dam,164095,7.52,33308,20.3
a5021722-2520-4d25-b603-3e0172cac7e7,16/06/2016,Jun-16,6,2016,VOELVLEI,Major Dam,164095,7.63,34408,20.97
32960fd7-7ea8-4487-9e72-260fde814f65,17/06/2016,Jun-16,6,2016,VOELVLEI,Major Dam,164095,7.91,37226,22.69
f00572ba-ab86-472b-aede-da4dbd3a56f8,18/06/2016,Jun-16,6,2016,VOELVLEI,Major Dam,164095,8.03,38442,23.43
4a4e8f7d-2d41-4c3a-a60d-158bfb083fbe,19/06/2016,Jun-16,6,2016,VOELVLEI,Major Dam,164095,8.12,39358,23.98
36b49806-8915-438b-bd81-252853e8be52,20/06/2016,Jun-16,6,2016,VOELVLEI,Major Dam,164095,8.18,39970,24.36
0bc38870-fa67-47f5-b2c8-bdefed29d315,21/06/2016,Jun-16,6,2016,VOELVLEI,Major Dam,164095,8.29,41097,25.04
17cb9e92-19da-4ac0-b8e6-ec9e7ffe59e2,22/06/2016,Jun-16,6,2016,VOELVLEI,Major Dam,164095,8.43,42541,25.92
fe185014-680a-4a22-a0fb-14a7a3282bac,23/06/2016,Jun-16,6,2016,VOELVLEI,Major Dam,164095,8.54,43685,26.62
836b2706-b3f7-4bd5-96cf-943c79e5c6b9,24/06/2016,Jun-16,6,2016,VOELVLEI,Major Dam,164095,8.63,44628,27.2
cb8826ec-3e23-4ed5-9321-6561b7746ab6,25/06/2016,Jun-16,6,2016,VOELVLEI,Major Dam,164095,8.66,44944,27.39
52d99ae7-ec93-45bf-a4fd-df24922d3950,26/06/2016,Jun-16,6,2016,VOELVLEI,Major Dam,164095,8.68,45155,27.52
56ce6df6-3155-4dc2-8e1c-00e1b31a5413,27/06/2016,Jun-16,6,2016,VOELVLEI,Major Dam,164095,8.7,45366,27.65
bda1953a-ba93-47bf-acec-9463eed01e7f,28/06/2016,Jun-16,6,2016,VOELVLEI,Major Dam,164095,8.78,46214,28.16
54b49a65-2df3-413c-bc1a-dcb18bd0f2be,29/06/2016,Jun-16,6,2016,VOELVLEI,Major Dam,164095,8.98,48355,29.47
1457248f-8cc9-41ba-9879-9ed2002e3b3f,30/06/2016,Jun-16,6,2016,VOELVLEI,Major Dam,164095,9.1,49655,30.26
0232852a-57cd-450e-83de-bd3aea7c2826,01/07/2016,Jul-16,7,2016,VOELVLEI,Major Dam,164095,9.16,50309,30.66
30eb6481-b4f6-4510-a1cc-43d55b069568,02/07/2016,Jul-16,7,2016,VOELVLEI,Major Dam,164095,9.22,50966,31.06
8f2f2cfa-bd62-429a-a8d8-a1244b818d00,03/07/2016,Jul-16,7,2016,VOELVLEI,Major Dam,164095,9.44,53397,32.54
89cebb31-6c5c-46fe-86b5-2e7873dbc1c5,04/07/2016,Jul-16,7,2016,VOELVLEI,Major Dam,164095,9.53,54399,33.15
a4e36726-b59d-467b-af14-7ab44c3792a9,05/07/2016,Jul-16,7,2016,VOELVLEI,Major Dam,164095,9.68,56078,34.17
d64118d4-0ea6-4a14-be23-cad53d079a65,06/07/2016,Jul-16,7,2016,VOELVLEI,Major Dam,164095,9.72,56528,34.45
8c159d59-699a-46bb-928c-bc1d84f526aa,07/07/2016,Jul-16,7,2016,VOELVLEI,Major Dam,164095,9.8,57429,35
ab885dd4-40aa-41a5-a2b7-530a40d44178,08/07/2016,Jul-16,7,2016,VOELVLEI,Major Dam,164095,9.98,59468,36.24
f8314180-5f73-4c08-a4b2-d17f7097276c,09/07/2016,Jul-16,7,2016,VOELVLEI,Major Dam,164095,10.02,59923,36.52
179b3581-8409-476b-94dd-854e5dc2156b,10/07/2016,Jul-16,7,2016,VOELVLEI,Major Dam,164095,10.15,61408,37.42
9922ca54-2b31-4530-a687-abe13c805896,11/07/2016,Jul-16,7,2016,VOELVLEI,Major Dam,164095,10.23,62325,37.98
c368dd2d-4ef5-4bfc-b01f-d19269797d94,12/07/2016,Jul-16,7,2016,VOELVLEI,Major Dam,164095,10.24,62440,38.05
13d7d9a6-2744-491b-a028-dd0789e736ea,13/07/2016,Jul-16,7,2016,VOELVLEI,Major Dam,164095,10.31,63246,38.54
c915450a-1fcc-459a-8391-00ac0726c959,14/07/2016,Jul-16,7,2016,VOELVLEI,Major Dam,164095,10.36,63823,38.89
a25b410c-18f9-452c-9739-6518d7ecc29d,15/07/2016,Jul-16,7,2016,VOELVLEI,Major Dam,164095,10.43,64634,39.39
ab413e5e-ca58-4788-a062-fb675d1966e7,16/07/2016,Jul-16,7,2016,VOELVLEI,Major Dam,164095,10.36,63823,38.89
a62bc925-c8c8-477b-9966-51a68ebedefc,17/07/2016,Jul-16,7,2016,VOELVLEI,Major Dam,164095,10.36,63823,38.89
348de1b8-4e83-4dc0-8f1b-c8fcd1d502ea,18/07/2016,Jul-16,7,2016,VOELVLEI,Major Dam,164095,10.44,64750,39.46
69b116e6-11ba-4279-8a5d-310897f415a0,19/07/2016,Jul-16,7,2016,VOELVLEI,Major Dam,164095,10.48,65215,39.74
c34408f3-8eec-484f-8c9e-9900998c573f,20/07/2016,Jul-16,7,2016,VOELVLEI,Major Dam,164095,10.48,65215,39.74
d24f4248-12f9-4806-a961-2b82c864a392,21/07/2016,Jul-16,7,2016,VOELVLEI,Major Dam,164095,10.51,65565,39.96
6c108533-0584-452d-9d33-765a10eb6a02,22/07/2016,Jul-16,7,2016,VOELVLEI,Major Dam,164095,10.57,66266,40.38
0a3723a0-ae7a-4881-89f3-da12cf603af0,23/07/2016,Jul-16,7,2016,VOELVLEI,Major Dam,164095,10.84,69451,42.32
4b498c54-0ad8-469a-ac59-3bf309cdf0a4,24/07/2016,Jul-16,7,2016,VOELVLEI,Major Dam,164095,10.84,69451,42.32
21b74be4-7369-4e1e-a8d7-b1e83178e6e0,25/07/2016,Jul-16,7,2016,VOELVLEI,Major Dam,164095,11.15,73173,44.59
776a5d08-ff43-40ff-ac73-06d6bdc9bc09,26/07/2016,Jul-16,7,2016,VOELVLEI,Major Dam,164095,11.15,73173,44.59
1d3a7a11-5179-4565-a949-9dfd9da64ffe,27/07/2016,Jul-16,7,2016,VOELVLEI,Major Dam,164095,11.31,75121,45.78
868cd9ee-c7a3-4d9f-ba0f-886ee5844a05,28/07/2016,Jul-16,7,2016,VOELVLEI,Major Dam,164095,11.41,76346,46.53
0a97be27-fdc5-410c-8126-7324b1e8b565,29/07/2016,Jul-16,7,2016,VOELVLEI,Major Dam,164095,11.43,76592,46.68
b2c0bfe5-2ddb-456e-8f99-0baaac62fdab,30/07/2016,Jul-16,7,2016,VOELVLEI,Major Dam,164095,11.68,79683,48.56
0bfae997-20dc-4629-9db3-c5622a2659d6,31/07/2016,Jul-16,7,2016,VOELVLEI,Major Dam,164095,11.72,80181,48.86
25f968b3-0c2d-4f6c-9650-74d781d3fe01,01/08/2016,Aug-16,8,2016,VOELVLEI,Major Dam,164095,11.93,82808,50.46
662d54bf-6d79-4401-9cfe-cf9566acbcaa,02/08/2016,Aug-16,8,2016,VOELVLEI,Major Dam,164095,12.01,83815,51.08
c692cbae-7d93-4aad-947b-e792403ffd17,03/08/2016,Aug-16,8,2016,VOELVLEI,Major Dam,164095,12.09,84825,51.69
06a0bf14-8645-45d9-a61c-63cb9b0b0b61,04/08/2016,Aug-16,8,2016,VOELVLEI,Major Dam,164095,12.2,86220,52.54
16be4d48-363d-4319-9786-8f799c0d9f55,05/08/2016,Aug-16,8,2016,VOELVLEI,Major Dam,164095,12.34,88004,53.63
ac30044c-3480-4d0e-8907-31e43cd68653,06/08/2016,Aug-16,8,2016,VOELVLEI,Major Dam,164095,12.34,88004,53.63
0d69efb7-077c-4bba-adf0-c2dc5abf9675,07/08/2016,Aug-16,8,2016,VOELVLEI,Major Dam,164095,12.36,88260,53.79
40de77ad-6b21-4dbd-b07d-ca8248756fe1,08/08/2016,Aug-16,8,2016,VOELVLEI,Major Dam,164095,12.55,90703,55.27
ec411441-b8ad-4c3e-b89b-43af7a4f1b7f,09/08/2016,Aug-16,8,2016,VOELVLEI,Major Dam,164095,12.62,91608,55.83
28969819-828a-42be-b62a-aaf7dd998a91,10/08/2016,Aug-16,8,2016,VOELVLEI,Major Dam,164095,12.65,91998,56.06
6b52735f-f0c7-4340-af60-e0a03f13321e,11/08/2016,Aug-16,8,2016,VOELVLEI,Major Dam,164095,12.71,92778,56.54
feda09e9-019b-4086-b6ef-a31ae835cd64,12/08/2016,Aug-16,8,2016,VOELVLEI,Major Dam,164095,12.74,93169,56.78
17d2c31d-be18-4956-a56d-b6957463d1bd,13/08/2016,Aug-16,8,2016,VOELVLEI,Major Dam,164095,12.78,93691,57.1
79573c86-6669-499f-8fe0-7de87fed260b,14/08/2016,Aug-16,8,2016,VOELVLEI,Major Dam,164095,12.8,93952,57.25
f92b2279-347e-4821-a9d6-b48f1af7aa9f,15/08/2016,Aug-16,8,2016,VOELVLEI,Major Dam,164095,12.84,94476,57.57
d78e84e9-2d8f-4500-ac2c-67a96ad41d18,16/08/2016,Aug-16,8,2016,VOELVLEI,Major Dam,164095,12.94,95790,58.37
25b11051-ec1a-448b-ac4f-4336dd16f029,17/08/2016,Aug-16,8,2016,VOELVLEI,Major Dam,164095,12.94,95790,58.37
c673cfb5-3503-4b55-8fdd-19dce46d60c9,18/08/2016,Aug-16,8,2016,VOELVLEI,Major Dam,164095,12.96,96054,58.54
b115d8e7-cd04-469d-92bb-0c2499ad0ce7,19/08/2016,Aug-16,8,2016,VOELVLEI,Major Dam,164095,12.98,96318,58.7
6d138af3-4982-449c-a739-6fa46d25831c,20/08/2016,Aug-16,8,2016,VOELVLEI,Major Dam,164095,12.99,96450,58.78
2056d986-9d3e-4d45-b456-92ebd47c9dd1,21/08/2016,Aug-16,8,2016,VOELVLEI,Major Dam,164095,13.14,98438,59.99
5504b44e-9dca-46bd-ae83-bb03055a315e,22/08/2016,Aug-16,8,2016,VOELVLEI,Major Dam,164095,13.17,98838,60.23
8cb83a22-b889-4d43-8771-9344a224f339,23/08/2016,Aug-16,8,2016,VOELVLEI,Major Dam,164095,13.28,100308,61.13
d2e43dec-b64f-4fea-bf97-b8517229ef88,24/08/2016,Aug-16,8,2016,VOELVLEI,Major Dam,164095,13.3,100576,61.29
0f0fcdd3-1e96-44f9-a353-20300cf57290,25/08/2016,Aug-16,8,2016,VOELVLEI,Major Dam,164095,13.53,103677,63.18
949bd671-efeb-4de0-bcde-e4e176dff8a6,26/08/2016,Aug-16,8,2016,VOELVLEI,Major Dam,164095,13.59,104492,63.68
4c6a1b0f-5d14-465b-a4a0-a510df01171e,27/08/2016,Aug-16,8,2016,VOELVLEI,Major Dam,164095,13.59,104492,63.68
15600ea7-f378-4863-9f2a-7b1c0247be8e,28/08/2016,Aug-16,8,2016,VOELVLEI,Major Dam,164095,13.67,105581,64.34
32172b3f-44d3-45cd-b217-f15f66ed91da,29/08/2016,Aug-16,8,2016,VOELVLEI,Major Dam,164095,13.71,106127,64.67
f01c6ab5-3ec1-43b5-af42-0134a6d81276,30/08/2016,Aug-16,8,2016,VOELVLEI,Major Dam,164095,13.74,106538,64.92
7b98f98d-2ecf-4f38-bfaf-5ccebbc7569d,31/08/2016,Aug-16,8,2016,VOELVLEI,Major Dam,164095,13.76,106811,65.09
a7302619-7cd7-4f44-a028-16d3b74beaa8,01/09/2016,Sep-16,9,2016,VOELVLEI,Major Dam,164095,13.78,107085,65.26
f2d0332b-f037-4439-aca8-1fb7bb4b21b7,02/09/2016,Sep-16,9,2016,VOELVLEI,Major Dam,164095,13.8,107360,65.43
0784009f-172e-4e36-8bfb-cd3d29bd22e3,03/09/2016,Sep-16,9,2016,VOELVLEI,Major Dam,164095,13.84,107909,65.76
2cb02560-9b37-4c37-be1c-f54d0baf3f9e,04/09/2016,Sep-16,9,2016,VOELVLEI,Major Dam,164095,13.84,107909,65.76
84a3bab4-a7f6-4d90-b4ec-98ffcf195b4f,05/09/2016,Sep-16,9,2016,VOELVLEI,Major Dam,164095,13.84,107909,65.76
4802e462-4242-47de-b2c1-4c36edf473d0,06/09/2016,Sep-16,9,2016,VOELVLEI,Major Dam,164095,13.86,108184,65.93
bb4c8f25-5208-4bbe-a9a2-c07900d6d9d8,07/09/2016,Sep-16,9,2016,VOELVLEI,Major Dam,164095,13.91,108873,66.35
db1c1a24-cfe3-4a1c-b336-253e9d264875,08/09/2016,Sep-16,9,2016,VOELVLEI,Major Dam,164095,13.94,109287,66.6
174a4c4c-3ee4-464e-8204-cfbce337bbcc,09/09/2016,Sep-16,9,2016,VOELVLEI,Major Dam,164095,13.97,109701,66.85
493af886-c1c6-4100-becb-98ffa5315860,10/09/2016,Sep-16,9,2016,VOELVLEI,Major Dam,164095,14,110116,67.11
e54393b6-03cf-4559-af1c-036c1e90e0c8,11/09/2016,Sep-16,9,2016,VOELVLEI,Major Dam,164095,14.04,110671,67.44
d32bfce9-0858-427b-9be9-b022ffecf45f,12/09/2016,Sep-16,9,2016,VOELVLEI,Major Dam,164095,14.04,110671,67.44
237e8416-dc6b-4423-b2c9-290a92d67c9d,13/09/2016,Sep-16,9,2016,VOELVLEI,Major Dam,164095,14.05,110809,67.53
5a949dfb-ee58-4a55-b9c2-7fae667bcf92,14/09/2016,Sep-16,9,2016,VOELVLEI,Major Dam,164095,14.06,110948,67.61
26c3c118-de45-4c0d-82a5-92895b79e616,15/09/2016,Sep-16,9,2016,VOELVLEI,Major Dam,164095,14.06,110948,67.61
788d56be-85ea-43d5-b106-f1d552bf9d97,16/09/2016,Sep-16,9,2016,VOELVLEI,Major Dam,164095,14.07,111087,67.7
9eeaa84b-1052-4660-b894-ac3e48ce4a40,17/09/2016,Sep-16,9,2016,VOELVLEI,Major Dam,164095,14.09,111365,67.87
9d777e84-827c-4682-bde0-7716eb48e024,18/09/2016,Sep-16,9,2016,VOELVLEI,Major Dam,164095,14.11,111643,68.04
d5db4952-0bf6-4f1a-b3fa-23ee87abba10,19/09/2016,Sep-16,9,2016,VOELVLEI,Major Dam,164095,14.09,111365,67.87
6f47509a-543b-4922-b02c-c208ce696c64,20/09/2016,Sep-16,9,2016,VOELVLEI,Major Dam,164095,14.18,112618,68.63
63d71ca7-bd37-4169-8f05-6576e816baee,21/09/2016,Sep-16,9,2016,VOELVLEI,Major Dam,164095,14.19,112757,68.71
9a87b1a9-6dc7-4ee5-807c-5e19c476f200,22/09/2016,Sep-16,9,2016,VOELVLEI,Major Dam,164095,14.2,112897,68.8
e9c6afa6-76a4-4257-9274-d54f2648915a,23/09/2016,Sep-16,9,2016,VOELVLEI,Major Dam,164095,14.22,113176,68.97
16dd98f0-869e-443a-9323-e3426efabd2f,24/09/2016,Sep-16,9,2016,VOELVLEI,Major Dam,164095,14.23,113316,69.06
2f18099a-d721-40a5-ae9d-6ba931449c64,25/09/2016,Sep-16,9,2016,VOELVLEI,Major Dam,164095,14.24,113456,69.14
04b2c466-3f5d-4bd8-9941-0f110b9aceaf,26/09/2016,Sep-16,9,2016,VOELVLEI,Major Dam,164095,14.25,113596,69.23
96e30c1d-4ce1-41b1-b420-2cce3876acd4,27/09/2016,Sep-16,9,2016,VOELVLEI,Major Dam,164095,14.26,113735,69.31
1469e483-e605-435f-9a26-b39844374161,28/09/2016,Sep-16,9,2016,VOELVLEI,Major Dam,164095,14.27,113875,69.4
fd0718d5-d0f1-4b78-9732-2ec165b0ffc8,29/09/2016,Sep-16,9,2016,VOELVLEI,Major Dam,164095,14.36,115138,70.17
5c3b993c-de97-4d04-88d6-5017daedaf93,30/09/2016,Sep-16,9,2016,VOELVLEI,Major Dam,164095,14.42,115982,70.68
ba18227b-de61-4b3f-a9f6-406bb90e840d,01/10/2016,Oct-16,10,2016,VOELVLEI,Major Dam,164095,14.44,116264,70.85
8d137dfe-534e-494b-905a-dccb4fadc829,02/10/2016,Oct-16,10,2016,VOELVLEI,Major Dam,164095,14.47,116687,71.11
58ebf085-56a0-4386-aa56-366dc101f66c,03/10/2016,Oct-16,10,2016,VOELVLEI,Major Dam,164095,14.47,116687,71.11
21ab0557-aa4e-437b-ac3d-4047b9ae5f66,04/10/2016,Oct-16,10,2016,VOELVLEI,Major Dam,164095,14.48,116828,71.2
77ad4a43-236e-409b-9ece-7c86d9cff726,05/10/2016,Oct-16,10,2016,VOELVLEI,Major Dam,164095,14.51,117252,71.45
3f5537a8-44e9-491a-b563-f751b3dab695,06/10/2016,Oct-16,10,2016,VOELVLEI,Major Dam,164095,14.5,117111,71.37
9bbc1798-fdd3-4ca4-a602-8eeaf19a7d32,07/10/2016,Oct-16,10,2016,VOELVLEI,Major Dam,164095,14.5,117111,71.37
586fd8cf-be16-4583-8fb4-406fc05d5012,08/10/2016,Oct-16,10,2016,VOELVLEI,Major Dam,164095,14.53,117535,71.63
3e1406b9-52ee-4884-af0f-9d3d2fb5b0d7,09/10/2016,Oct-16,10,2016,VOELVLEI,Major Dam,164095,14.53,117535,71.63
efd5a827-b526-4582-b801-b4c22e8b070f,10/10/2016,Oct-16,10,2016,VOELVLEI,Major Dam,164095,14.54,117676,71.71
d1f3bc43-cdfa-4c22-848c-6a4795b72801,11/10/2016,Oct-16,10,2016,VOELVLEI,Major Dam,164095,14.54,117676,71.71
55abc7e9-4bd5-470a-b7af-f4150a1faf2a,12/10/2016,Oct-16,10,2016,VOELVLEI,Major Dam,164095,14.54,117676,71.71
c6264e15-0b0c-455d-84a1-f2835d498b9b,13/10/2016,Oct-16,10,2016,VOELVLEI,Major Dam,164095,14.55,117818,71.8
f9169439-183b-4962-af5c-359009b427a3,14/10/2016,Oct-16,10,2016,VOELVLEI,Major Dam,164095,14.55,117818,71.8
439c846e-c4a8-46be-adde-bc9966777e58,15/10/2016,Oct-16,10,2016,VOELVLEI,Major Dam,164095,14.55,117818,71.8
25d96786-44bf-4fb1-82dc-c177e0617689,16/10/2016,Oct-16,10,2016,VOELVLEI,Major Dam,164095,14.55,117818,71.8
ea24678a-9e78-4c32-9eb9-cb7906790b2e,17/10/2016,Oct-16,10,2016,VOELVLEI,Major Dam,164095,14.54,117676,71.71
a2fcc7cf-fd40-4657-b71f-0ed5acb8a49e,18/10/2016,Oct-16,10,2016,VOELVLEI,Major Dam,164095,14.55,117818,71.8
a5968689-40d3-4380-b21d-023511655d3c,19/10/2016,Oct-16,10,2016,VOELVLEI,Major Dam,164095,14.55,117818,71.8
73771f67-cf5e-4d84-8999-57946dc56e72,20/10/2016,Oct-16,10,2016,VOELVLEI,Major Dam,164095,14.55,117818,71.8
c1e2a18c-a7bf-4304-a0a6-6215288be604,21/10/2016,Oct-16,10,2016,VOELVLEI,Major Dam,164095,14.54,117676,71.71
03078fdf-7d21-4f6e-a605-c963be770642,22/10/2016,Oct-16,10,2016,VOELVLEI,Major Dam,164095,14.52,117393,71.54
f2d5963f-e4cd-4a84-b134-3a32e02d8df0,23/10/2016,Oct-16,10,2016,VOELVLEI,Major Dam,164095,14.5,117111,71.37
f8e118a1-8b81-4eea-8357-74966d9881fa,24/10/2016,Oct-16,10,2016,VOELVLEI,Major Dam,164095,14.51,117252,71.45
7261d826-08c3-45d2-8f4d-310a06b27aea,25/10/2016,Oct-16,10,2016,VOELVLEI,Major Dam,164095,14.49,116969,71.28
dd54f914-f6ed-4632-a5f4-d782c01b5d0c,26/10/2016,Oct-16,10,2016,VOELVLEI,Major Dam,164095,14.49,116969,71.28
46d42bfc-1cc1-43a4-a2c4-7219aa05f8b2,27/10/2016,Oct-16,10,2016,VOELVLEI,Major Dam,164095,14.47,116687,71.11
7bce48f6-9aa8-406a-b587-d2d05a7f6d22,28/10/2016,Oct-16,10,2016,VOELVLEI,Major Dam,164095,14.47,116687,71.11
0b378841-0a2f-4d5d-b428-13dcdd091248,29/10/2016,Oct-16,10,2016,VOELVLEI,Major Dam,164095,14.46,116546,71.02
969c792c-a487-4634-926e-d1614be1f742,30/10/2016,Oct-16,10,2016,VOELVLEI,Major Dam,164095,14.45,116405,70.94
825c70a9-7bc4-4db2-8b68-f441bafe51b7,31/10/2016,Oct-16,10,2016,VOELVLEI,Major Dam,164095,14.44,116264,70.85
c6142b11-dbd5-464d-83d7-c51f9fbf6760,01/11/2016,Nov-16,11,2016,VOELVLEI,Major Dam,164095,14.44,116264,70.85
787b7b14-272a-4dc9-888d-78bf1d1c5aed,02/11/2016,Nov-16,11,2016,VOELVLEI,Major Dam,164095,14.36,115138,70.17
6e252e2f-61e4-4cef-86b6-a423f2ec30d2,03/11/2016,Nov-16,11,2016,VOELVLEI,Major Dam,164095,14.36,115138,70.17
1314cb54-21ca-4a10-80d7-8bd97a9b9e9a,04/11/2016,Nov-16,11,2016,VOELVLEI,Major Dam,164095,14.35,114997,70.08
1d864059-5904-426f-b5f1-8e1620d8aabf,05/11/2016,Nov-16,11,2016,VOELVLEI,Major Dam,164095,14.31,114436,69.74
46a34640-8e77-493d-a0ef-5db178e0588f,06/11/2016,Nov-16,11,2016,VOELVLEI,Major Dam,164095,14.31,114436,69.74
e18dbdc8-b740-4024-a903-b5a64beb3238,07/11/2016,Nov-16,11,2016,VOELVLEI,Major Dam,164095,14.31,114436,69.74
2df905ac-6040-42a9-b645-90acd28dad77,08/11/2016,Nov-16,11,2016,VOELVLEI,Major Dam,164095,14.3,114296,69.65
89e7592e-098a-4279-ac8f-d4240009480f,09/11/2016,Nov-16,11,2016,VOELVLEI,Major Dam,164095,14.21,113036,68.88
570cdfff-703f-450c-9c21-9fc4d8514a1c,10/11/2016,Nov-16,11,2016,VOELVLEI,Major Dam,164095,14.2,112897,68.8
1da54abb-d99c-4bc5-9f10-b77bbc4d8c35,11/11/2016,Nov-16,11,2016,VOELVLEI,Major Dam,164095,14.19,112757,68.71
b7797f94-7c09-4038-a680-bdf72f4dbfea,12/11/2016,Nov-16,11,2016,VOELVLEI,Major Dam,164095,14.19,112757,68.71
56598fe5-3968-4777-9a7d-4241c731b514,13/11/2016,Nov-16,11,2016,VOELVLEI,Major Dam,164095,14.19,112757,68.71
281eaf0b-a0cc-4ed4-a2cf-d2d9b4fdad1f,14/11/2016,Nov-16,11,2016,VOELVLEI,Major Dam,164095,14.19,112757,68.71
d4bd3ff6-d851-424d-a6ca-c277ad672a04,15/11/2016,Nov-16,11,2016,VOELVLEI,Major Dam,164095,14.02,110393,67.27
fba48e60-e7b4-4c50-a13f-bc71c0d3b987,16/11/2016,Nov-16,11,2016,VOELVLEI,Major Dam,164095,14.01,110255,67.19
39eb5b43-ef81-4ad7-92d8-5934da0e4bcd,17/11/2016,Nov-16,11,2016,VOELVLEI,Major Dam,164095,13.9,108735,66.26
24b97722-a37f-46c6-83b2-6f34c95d3596,18/11/2016,Nov-16,11,2016,VOELVLEI,Major Dam,164095,13.9,108735,66.26
37ec323b-63c5-43c4-8915-89bbed450f0e,19/11/2016,Nov-16,11,2016,VOELVLEI,Major Dam,164095,13.9,108735,66.26
498b7c4b-92da-4fa1-9a4b-350b594c00b5,20/11/2016,Nov-16,11,2016,VOELVLEI,Major Dam,164095,13.88,108460,66.1
a7e29c00-0453-4251-9240-a3afbae7da62,21/11/2016,Nov-16,11,2016,VOELVLEI,Major Dam,164095,13.75,106674,65.01
3d46faad-d0fb-4e7c-9068-6ebba2841cb9,22/11/2016,Nov-16,11,2016,VOELVLEI,Major Dam,164095,13.68,105718,64.42
bcea7c6d-9b0b-4d6b-9912-a63f40f61491,23/11/2016,Nov-16,11,2016,VOELVLEI,Major Dam,164095,13.68,105718,64.42
61212fbc-3955-4686-8edc-e02c94673c29,24/11/2016,Nov-16,11,2016,VOELVLEI,Major Dam,164095,13.61,104761,63.84
e34902f4-9179-45f8-befd-6053f3f0c8c3,25/11/2016,Nov-16,11,2016,VOELVLEI,Major Dam,164095,13.59,104492,63.68
524b556f-636d-4c63-a22e-a5529429742c,26/11/2016,Nov-16,11,2016,VOELVLEI,Major Dam,164095,13.55,103948,63.35
c7df9ad5-6437-4568-9277-ea6d5f46ab8c,27/11/2016,Nov-16,11,2016,VOELVLEI,Major Dam,164095,13.52,103542,63.1
39e4f32d-a557-4dcc-aa0a-e65960b99df9,28/11/2016,Nov-16,11,2016,VOELVLEI,Major Dam,164095,13.49,103135,62.85
6bf03f79-873c-49c8-8a8e-f98352c99853,29/11/2016,Nov-16,11,2016,VOELVLEI,Major Dam,164095,13.47,102865,62.69
4273a334-cc82-4522-b19c-0f275fef1a80,30/11/2016,Nov-16,11,2016,VOELVLEI,Major Dam,164095,13.43,102325,62.36
9216941c-39c2-4ec0-93e3-45c31eedd991,01/12/2016,Dec-16,12,2016,VOELVLEI,Major Dam,164095,13.41,102055,62.19
07c16380-cb4b-4de0-9def-c8cf97d439d6,02/12/2016,Dec-16,12,2016,VOELVLEI,Major Dam,164095,13.38,101651,61.95
ec051885-0927-468b-94c2-a52f186ba61a,03/12/2016,Dec-16,12,2016,VOELVLEI,Major Dam,164095,13.32,100844,61.45
ddecf8f8-e51e-4333-abd9-ee4030c2a72a,04/12/2016,Dec-16,12,2016,VOELVLEI,Major Dam,164095,13.29,100442,61.21
3945adf2-0dfc-4844-bacb-bfadc953c120,05/12/2016,Dec-16,12,2016,VOELVLEI,Major Dam,164095,13.27,100174,61.05
f9392972-4ffd-4b7d-a61a-ca1fed609429,06/12/2016,Dec-16,12,2016,VOELVLEI,Major Dam,164095,13.25,99906,60.88
bdeef88c-d725-4d0b-9708-a3e2196c9824,07/12/2016,Dec-16,12,2016,VOELVLEI,Major Dam,164095,13.17,98838,60.23
d1a121ad-619c-4989-9e4d-1588a562a3c1,08/12/2016,Dec-16,12,2016,VOELVLEI,Major Dam,164095,13.14,98438,59.99
94764b5f-c226-41de-a419-476ccd5fed2c,09/12/2016,Dec-16,12,2016,VOELVLEI,Major Dam,164095,13.1,97906,59.66
df7224a8-4bfd-4aa7-ad37-28d394fbea55,10/12/2016,Dec-16,12,2016,VOELVLEI,Major Dam,164095,13.05,97243,59.26
bc101492-7300-4ef8-9cc8-9e6fc46f9fe2,11/12/2016,Dec-16,12,2016,VOELVLEI,Major Dam,164095,13.01,96714,58.94
977f4bdd-dd1e-4158-816b-126ff8b1364c,12/12/2016,Dec-16,12,2016,VOELVLEI,Major Dam,164095,12.99,96450,58.78
d1069f5f-0dfc-4d02-a108-ee9319dc2006,13/12/2016,Dec-16,12,2016,VOELVLEI,Major Dam,164095,12.99,96450,58.78
0f79abe4-dfb0-4906-ac40-bb11d959735c,14/12/2016,Dec-16,12,2016,VOELVLEI,Major Dam,164095,12.91,95395,58.13
edab6c52-b8d6-48eb-bbda-2a2a8ca4dd13,15/12/2016,Dec-16,12,2016,VOELVLEI,Major Dam,164095,12.89,95132,57.97
2fc6531c-3572-4ee5-aa6c-e4316e022e16,16/12/2016,Dec-16,12,2016,VOELVLEI,Major Dam,164095,12.89,95132,57.97
30862724-b5be-4635-b5c7-9557343df2cd,17/12/2016,Dec-16,12,2016,VOELVLEI,Major Dam,164095,12.89,95132,57.97
0b9fb3db-8eb6-465e-b1de-a482b8f05e87,18/12/2016,Dec-16,12,2016,VOELVLEI,Major Dam,164095,12.87,94870,57.81
c2c56cae-c61f-4d43-b94a-dd065a1c4f33,19/12/2016,Dec-16,12,2016,VOELVLEI,Major Dam,164095,12.85,94607,57.65
e094e0fd-9000-4d89-9958-c89989d7903c,20/12/2016,Dec-16,12,2016,VOELVLEI,Major Dam,164095,12.67,92257,56.22
08de82fa-90c0-446e-af8a-2f303d235625,21/12/2016,Dec-16,12,2016,VOELVLEI,Major Dam,164095,12.63,91738,55.91
62909825-c432-47f5-9516-9838e84390e8,22/12/2016,Dec-16,12,2016,VOELVLEI,Major Dam,164095,12.59,91220,55.59
99c38c74-3bd0-42e2-aef9-6bf53387db36,23/12/2016,Dec-16,12,2016,VOELVLEI,Major Dam,164095,12.55,90703,55.27
238ce22c-5f5b-45d0-851b-1c7a20d10b04,24/12/2016,Dec-16,12,2016,VOELVLEI,Major Dam,164095,12.51,90186,54.96
371954a7-5b32-4df8-893b-5f334a505100,25/12/2016,Dec-16,12,2016,VOELVLEI,Major Dam,164095,12.48,89800,54.72
c47df8de-1e4a-4a96-aa6e-4084291e59ef,26/12/2016,Dec-16,12,2016,VOELVLEI,Major Dam,164095,12.45,89414,54.49
c101039e-efbd-446d-b369-699fb8aace3b,27/12/2016,Dec-16,12,2016,VOELVLEI,Major Dam,164095,12.42,89029,54.25
5e11d86e-0d7a-4aa2-b7e7-2e979a5bfbc5,28/12/2016,Dec-16,12,2016,VOELVLEI,Major Dam,164095,12.32,87748,53.47
0e7320ac-67b7-4198-bcf5-049e436d7a73,29/12/2016,Dec-16,12,2016,VOELVLEI,Major Dam,164095,12.3,87493,53.32
54e435ad-032d-4753-9305-a31934289b33,30/12/2016,Dec-16,12,2016,VOELVLEI,Major Dam,164095,12.27,87110,53.09
3584c581-9a9c-4a00-9da1-71b925048ba5,31/12/2016,Dec-16,12,2016,VOELVLEI,Major Dam,164095,12.25,86856,52.93
d2c77916-fcf7-45eb-b0fe-723862129f5b,01/01/2017,Jan-17,1,2017,VOELVLEI,Major Dam,164095,12.16,85712,52.23
212a8e41-b407-47f8-b0e4-c4b7d93a96ca,02/01/2017,Jan-17,1,2017,VOELVLEI,Major Dam,164095,12.14,85458,52.08
1cf41e6a-3626-434b-b0ce-6caa46780fe9,03/01/2017,Jan-17,1,2017,VOELVLEI,Major Dam,164095,12.08,84699,51.62
822adce7-112d-489b-84e3-f133b734484d,04/01/2017,Jan-17,1,2017,VOELVLEI,Major Dam,164095,12.04,84193,51.31
d9c615a1-a114-425b-a36a-30bccc11baaa,05/01/2017,Jan-17,1,2017,VOELVLEI,Major Dam,164095,12.01,83815,51.08
2ad78def-c330-4c2e-93f6-6e69f769bd1b,06/01/2017,Jan-17,1,2017,VOELVLEI,Major Dam,164095,11.94,82934,50.54
fbce658f-dd07-4ec2-9cbc-857130f7d9b1,07/01/2017,Jan-17,1,2017,VOELVLEI,Major Dam,164095,11.8,81179,49.47
fe5ce61c-5e57-4cc8-a472-10385bab20c0,08/01/2017,Jan-17,1,2017,VOELVLEI,Major Dam,164095,11.8,81179,49.47
f6f1b60d-f6f1-43f9-90f2-60cb241569c2,09/01/2017,Jan-17,1,2017,VOELVLEI,Major Dam,164095,11.8,81179,49.47
694389fc-2302-4831-b15b-3cd78555732f,10/01/2017,Jan-17,1,2017,VOELVLEI,Major Dam,164095,11.76,80680,49.17
04ede6f0-7e49-4676-951c-1b36ac5d4ba6,11/01/2017,Jan-17,1,2017,VOELVLEI,Major Dam,164095,11.74,80430,49.01
18c1829d-00d9-49b0-aad9-fd182b2843d7,12/01/2017,Jan-17,1,2017,VOELVLEI,Major Dam,164095,11.63,79062,48.18
17e7761d-82b1-4b2b-8752-c03227b0921f,13/01/2017,Jan-17,1,2017,VOELVLEI,Major Dam,164095,11.63,79062,48.18
a1ee341a-6061-4a05-9ec7-caab93588123,14/01/2017,Jan-17,1,2017,VOELVLEI,Major Dam,164095,11.6,78691,47.95
5ade6cef-04d7-43a4-ba5f-83417dced4b2,15/01/2017,Jan-17,1,2017,VOELVLEI,Major Dam,164095,11.58,78443,47.8
91611b5d-7e1c-4fed-bfbd-d758a6c69841,16/01/2017,Jan-17,1,2017,VOELVLEI,Major Dam,164095,11.56,78195,47.65
418b6e51-803f-4e2d-8b84-1d7e5d4eceaf,17/01/2017,Jan-17,1,2017,VOELVLEI,Major Dam,164095,11.55,78072,47.58
4a8efa25-716f-4fac-813e-e0c690592007,18/01/2017,Jan-17,1,2017,VOELVLEI,Major Dam,164095,11.54,77948,47.5
eb6d4aad-c6a3-4c8b-bcd1-064c4b1b3f1d,19/01/2017,Jan-17,1,2017,VOELVLEI,Major Dam,164095,11.31,75121,45.78
f52b23e5-f49a-4f2e-842d-00a3179af1ff,20/01/2017,Jan-17,1,2017,VOELVLEI,Major Dam,164095,11.25,74388,45.33
b96d2cb3-15c8-4dd6-82c6-40f22e3a3a60,21/01/2017,Jan-17,1,2017,VOELVLEI,Major Dam,164095,11.23,74145,45.18
ba3214df-ee61-4365-88fe-67c6efee993c,22/01/2017,Jan-17,1,2017,VOELVLEI,Major Dam,164095,11.2,73780,44.96
8a538bab-9942-4f3a-bbab-7e487e53aa40,23/01/2017,Jan-17,1,2017,VOELVLEI,Major Dam,164095,11.05,71965,43.86
64c835e1-e7e4-41b7-9169-a785278b86b2,24/01/2017,Jan-17,1,2017,VOELVLEI,Major Dam,164095,11.02,71604,43.64
c45f8ab3-0084-4474-8c7f-d55655f0564a,25/01/2017,Jan-17,1,2017,VOELVLEI,Major Dam,164095,10.94,70644,43.05
1869acb9-112c-4175-9917-5f94dc0b5576,26/01/2017,Jan-17,1,2017,VOELVLEI,Major Dam,164095,10.86,69689,42.47
4e3be85b-cb4d-40be-b99f-e5c8df9c5b72,27/01/2017,Jan-17,1,2017,VOELVLEI,Major Dam,164095,10.83,69332,42.25
6aafcac5-e42b-4bbd-bac0-590b44b9a0e9,28/01/2017,Jan-17,1,2017,VOELVLEI,Major Dam,164095,10.83,69332,42.25
690028a6-c80b-48bc-8191-80ae8f4f6a4d,29/01/2017,Jan-17,1,2017,VOELVLEI,Major Dam,164095,10.8,68976,42.03
0e7a25f7-f66a-456b-a8f2-17107818ebcd,30/01/2017,Jan-17,1,2017,VOELVLEI,Major Dam,164095,10.78,68739,41.89
18593096-5830-48b3-85e7-ccf48409ff42,31/01/2017,Jan-17,1,2017,VOELVLEI,Major Dam,164095,10.73,68147,41.53
4ca4afa9-f9a9-4067-b923-1225bcaf3347,01/02/2017,Feb-17,2,2017,VOELVLEI,Major Dam,164095,10.7,67793,41.31
4b8b75f4-790c-49d2-8d59-8c79edcdab95,02/02/2017,Feb-17,2,2017,VOELVLEI,Major Dam,164095,10.64,67087,40.88
1f215395-51c8-49f7-8b9c-baaf1cf78876,03/02/2017,Feb-17,2,2017,VOELVLEI,Major Dam,164095,10.62,66852,40.74
d7508afd-1a66-4faa-940e-0885f65b74df,04/02/2017,Feb-17,2,2017,VOELVLEI,Major Dam,164095,10.6,66617,40.6
c975950b-584a-4d9e-aa52-d442ba198bf3,05/02/2017,Feb-17,2,2017,VOELVLEI,Major Dam,164095,10.53,65798,40.1
115b56c3-8a52-4518-a31d-ec0766f9b879,06/02/2017,Feb-17,2,2017,VOELVLEI,Major Dam,164095,10.47,65099,39.67
958dba7b-d04a-46cc-9a31-5cf205311bad,07/02/2017,Feb-17,2,2017,VOELVLEI,Major Dam,164095,10.41,64402,39.25
a388365e-89b2-45a5-a20a-f717611a562c,08/02/2017,Feb-17,2,2017,VOELVLEI,Major Dam,164095,10.38,64054,39.03
a5a05834-047c-427a-916c-c039b6d81cee,09/02/2017,Feb-17,2,2017,VOELVLEI,Major Dam,164095,10.33,63477,38.68
7b30aeca-3f5f-4cbb-a4a5-59f00d212a95,10/02/2017,Feb-17,2,2017,VOELVLEI,Major Dam,164095,10.3,63131,38.47
059fc7cd-a970-44e4-87f5-5afa3426c435,11/02/2017,Feb-17,2,2017,VOELVLEI,Major Dam,164095,10.26,62670,38.19
8d446a92-c4ef-42a6-a19e-2af2e94bb4c9,12/02/2017,Feb-17,2,2017,VOELVLEI,Major Dam,164095,10.22,62210,37.91
2aa105b1-b76e-442f-a153-30d7ef9b3434,13/02/2017,Feb-17,2,2017,VOELVLEI,Major Dam,164095,10.18,61751,37.63
ad3b88f3-fbe9-4c8d-8670-df6e0e14c58d,14/02/2017,Feb-17,2,2017,VOELVLEI,Major Dam,164095,10.14,61293,37.35
1e694e54-af97-4410-8765-03ce3970091f,15/02/2017,Feb-17,2,2017,VOELVLEI,Major Dam,164095,10.1,60836,37.07
048405b2-26d2-4f67-9c09-0cbbb1a87f98,16/02/2017,Feb-17,2,2017,VOELVLEI,Major Dam,164095,10.07,60493,36.86
9c0904d4-291b-4ec3-8c75-2a76a396a2a2,17/02/2017,Feb-17,2,2017,VOELVLEI,Major Dam,164095,10.02,59923,36.52
9f45a6c3-7941-49e8-8380-f2a8a1434010,18/02/2017,Feb-17,2,2017,VOELVLEI,Major Dam,164095,9.98,59468,36.24
694c3ac5-98ab-43bd-8ae3-ccea80c6f71e,19/02/2017,Feb-17,2,2017,VOELVLEI,Major Dam,164095,9.94,59014,35.96
6a64442d-ea50-4ccf-a80a-ce10464b932a,20/02/2017,Feb-17,2,2017,VOELVLEI,Major Dam,164095,9.91,58673,35.76
d881ddc2-a9b4-4e0d-81d3-d56fea86e161,21/02/2017,Feb-17,2,2017,VOELVLEI,Major Dam,164095,9.88,58334,35.55
609ee553-3e93-4a5d-8569-304910ca9e16,22/02/2017,Feb-17,2,2017,VOELVLEI,Major Dam,164095,9.87,58220,35.48
4a4eda5a-8c0f-45f9-a8d6-252c25c6fc09,23/02/2017,Feb-17,2,2017,VOELVLEI,Major Dam,164095,9.85,57994,35.34
51a34052-2be1-4b21-9bfb-1b43322a3c3e,24/02/2017,Feb-17,2,2017,VOELVLEI,Major Dam,164095,9.66,55854,34.04
2a9ac38f-f869-440b-a872-d97e86e47267,25/02/2017,Feb-17,2,2017,VOELVLEI,Major Dam,164095,9.62,55405,33.76
98801326-f2c3-42ae-9718-9a530b0a7e9f,26/02/2017,Feb-17,2,2017,VOELVLEI,Major Dam,164095,9.57,54846,33.42
f7bfd7b6-34bb-41cf-b697-3e88ee12a25d,27/02/2017,Feb-17,2,2017,VOELVLEI,Major Dam,164095,9.55,54623,33.29
4856e5ea-85c5-4c4c-848e-ff0d09222ce9,28/02/2017,Feb-17,2,2017,VOELVLEI,Major Dam,164095,9.45,53508,32.61
52149bd8-3cf9-4cf8-8e96-7e86fa37a9a8,01/03/2017,Mar-17,3,2017,VOELVLEI,Major Dam,164095,9.43,53286,32.47
597afb3e-368d-43ad-a796-a85349650245,02/03/2017,Mar-17,3,2017,VOELVLEI,Major Dam,164095,9.38,52731,32.13
b86ce72c-33ce-4554-a2b6-f7dfd0329605,03/03/2017,Mar-17,3,2017,VOELVLEI,Major Dam,164095,9.34,52289,31.87
32884604-7d8f-4d22-bc1b-fea32c8bfb1f,04/03/2017,Mar-17,3,2017,VOELVLEI,Major Dam,164095,9.3,51847,31.6
df5198e6-2f8c-4082-9ee3-68142735c5c0,05/03/2017,Mar-17,3,2017,VOELVLEI,Major Dam,164095,9.26,51406,31.33
b920da01-3374-4238-8ad7-bcb847037325,06/03/2017,Mar-17,3,2017,VOELVLEI,Major Dam,164095,9.2,50746,30.92
75429220-baa2-4e2e-b1c5-b7f9cba226db,07/03/2017,Mar-17,3,2017,VOELVLEI,Major Dam,164095,9.17,50419,30.73
283d8069-d534-4d9c-a1af-61d135c1e917,08/03/2017,Mar-17,3,2017,VOELVLEI,Major Dam,164095,9.13,49982,30.46
ac455bcb-51a7-4d00-b9fc-968293c7e967,09/03/2017,Mar-17,3,2017,VOELVLEI,Major Dam,164095,9.08,49438,30.13
077fcfac-4028-4255-94b9-47b4e1d0e77a,10/03/2017,Mar-17,3,2017,VOELVLEI,Major Dam,164095,9.05,49113,29.93
25417e5b-6bec-4fec-9b13-545526188b7f,11/03/2017,Mar-17,3,2017,VOELVLEI,Major Dam,164095,9.02,48787,29.73
b08eedf4-bf3c-45c7-acf7-c08fbdd4e127,12/03/2017,Mar-17,3,2017,VOELVLEI,Major Dam,164095,8.97,48247,29.4
87677bb2-d76b-4ab7-ac93-0e1432bd709b,13/03/2017,Mar-17,3,2017,VOELVLEI,Major Dam,164095,8.93,47817,29.14
d1ccfc43-2447-4178-b14f-a3cbc8eedd47,14/03/2017,Mar-17,3,2017,VOELVLEI,Major Dam,164095,8.93,47817,29.14
2af7e224-a605-4b69-b506-efdd2d408329,15/03/2017,Mar-17,3,2017,VOELVLEI,Major Dam,164095,8.9,47495,28.94
d478d824-3fe2-44a2-b759-93d54ca776a7,16/03/2017,Mar-17,3,2017,VOELVLEI,Major Dam,164095,8.71,45472,27.71
2b6830d4-e71f-4c2b-bb1c-49166e43ba05,17/03/2017,Mar-17,3,2017,VOELVLEI,Major Dam,164095,8.68,45155,27.52
25b8e1d4-87b7-48b5-b183-f37e62bc530d,18/03/2017,Mar-17,3,2017,VOELVLEI,Major Dam,164095,8.64,44733,27.26
24cfac41-0d4d-4860-91ba-431e8783733d,19/03/2017,Mar-17,3,2017,VOELVLEI,Major Dam,164095,8.6,44313,27
2dde76fd-89ff-4939-b897-94fa6201ea8b,20/03/2017,Mar-17,3,2017,VOELVLEI,Major Dam,164095,8.58,44104,26.88
b49b2951-25a6-434f-a0a7-3333b9951e56,21/03/2017,Mar-17,3,2017,VOELVLEI,Major Dam,164095,8.56,43894,26.75
982929d2-6722-4f58-ad03-f5add56a4ecf,22/03/2017,Mar-17,3,2017,VOELVLEI,Major Dam,164095,8.5,43268,26.37
7e54ec1b-9d18-4591-967f-157c9d9d01bf,23/03/2017,Mar-17,3,2017,VOELVLEI,Major Dam,164095,8.46,42852,26.11
341c84d0-f553-4825-9b36-4390218dcf0d,24/03/2017,Mar-17,3,2017,VOELVLEI,Major Dam,164095,8.43,42541,25.92
7fd25737-60d9-4a64-8765-98e801104490,25/03/2017,Mar-17,3,2017,VOELVLEI,Major Dam,164095,8.41,42334,25.8
1e4c9c44-950d-429a-9fef-0101e65ee32b,26/03/2017,Mar-17,3,2017,VOELVLEI,Major Dam,164095,8.38,42024,25.61
c16c016d-953c-43ed-86dc-2be1a48a60d6,27/03/2017,Mar-17,3,2017,VOELVLEI,Major Dam,164095,8.32,41406,25.23
3792aa7c-4fb9-4515-bdba-73b0dced3732,28/03/2017,Mar-17,3,2017,VOELVLEI,Major Dam,164095,8.25,40687,24.79
9915f343-6504-48db-9f43-ddc93779b956,29/03/2017,Mar-17,3,2017,VOELVLEI,Major Dam,164095,8.22,40379,24.61
37b5f707-5607-4f4a-a1fe-dac46f8c743d,30/03/2017,Mar-17,3,2017,VOELVLEI,Major Dam,164095,8.2,40175,24.48
204b3141-db71-4812-be42-fe5d1deea56a,31/03/2017,Mar-17,3,2017,VOELVLEI,Major Dam,164095,8.12,39358,23.98
00046e7b-edd3-49b3-b4f9-0f9a502c3ba6,01/04/2017,Apr-17,4,2017,VOELVLEI,Major Dam,164095,8.1,39154,23.86
da45812f-7221-477f-b196-3f83438a536d,02/04/2017,Apr-17,4,2017,VOELVLEI,Major Dam,164095,8.06,38747,23.61
a21a3612-1a20-4ec3-b2c4-65f98b0b6265,03/04/2017,Apr-17,4,2017,VOELVLEI,Major Dam,164095,8.04,38544,23.49
9f9be8f7-cf2c-40cf-ad83-9e65a0cb8aa3,04/04/2017,Apr-17,4,2017,VOELVLEI,Major Dam,164095,8.01,38239,23.3
745bd7ba-dac9-4195-af48-8c3b83588372,05/04/2017,Apr-17,4,2017,VOELVLEI,Major Dam,164095,7.97,37833,23.06
1a8494d4-7e1e-4f54-8efe-d7cd59fa6efa,06/04/2017,Apr-17,4,2017,VOELVLEI,Major Dam,164095,7.94,37529,22.87
5248937a-cc6e-46cb-bfbc-b6247b5f8017,07/04/2017,Apr-17,4,2017,VOELVLEI,Major Dam,164095,7.92,37327,22.75
7da28c9e-4b06-4370-9e46-a3d29e07fa8e,08/04/2017,Apr-17,4,2017,VOELVLEI,Major Dam,164095,7.89,37024,22.56
a719c48d-f8c3-4f46-aa40-65ce432540c9,09/04/2017,Apr-17,4,2017,VOELVLEI,Major Dam,164095,7.81,36217,22.07
ecf32cb1-ba1c-41fc-9f83-f7edc58178b9,10/04/2017,Apr-17,4,2017,VOELVLEI,Major Dam,164095,7.76,35713,21.76
2800b938-1803-45e5-8ca3-2e9b5bef305b,11/04/2017,Apr-17,4,2017,VOELVLEI,Major Dam,164095,7.74,35512,21.64
1b40aba4-edbc-4048-aeaa-5a4692609ebb,12/04/2017,Apr-17,4,2017,VOELVLEI,Major Dam,164095,7.53,33408,20.36
eee0df90-55cf-4734-a116-84b8891cafa3,13/04/2017,Apr-17,4,2017,VOELVLEI,Major Dam,164095,7.71,35211,21.46
433135a1-5fd4-4bbf-93d6-9a6cebcfd433,14/04/2017,Apr-17,4,2017,VOELVLEI,Major Dam,164095,7.7,35110,21.4
e28255a6-7316-42b3-a128-526220408e8f,15/04/2017,Apr-17,4,2017,VOELVLEI,Major Dam,164095,7.69,35010,21.34
2c433546-a1f3-48aa-86b0-7c5d2787c99d,16/04/2017,Apr-17,4,2017,VOELVLEI,Major Dam,164095,7.68,34909,21.27
49856f27-88aa-45d8-93dd-ef07b880803d,17/04/2017,Apr-17,4,2017,VOELVLEI,Major Dam,164095,7.65,34609,21.09
b3db4ddb-5899-4536-8793-aa6527d2c335,18/04/2017,Apr-17,4,2017,VOELVLEI,Major Dam,164095,7.63,34408,20.97
1d61165b-fa1c-459e-a036-449192961d5b,19/04/2017,Apr-17,4,2017,VOELVLEI,Major Dam,164095,7.54,33508,20.42
d3bd68e2-c025-4587-a1b6-97b28f17d50e,20/04/2017,Apr-17,4,2017,VOELVLEI,Major Dam,164095,7.51,33208,20.24
1b88608c-0c08-48d0-b1c0-1080aba828ce,21/04/2017,Apr-17,4,2017,VOELVLEI,Major Dam,164095,7.49,33008,20.12
9bdd8c57-cf06-4831-86bf-01c1a3bf6dc9,22/04/2017,Apr-17,4,2017,VOELVLEI,Major Dam,164095,7.47,32809,19.99
5b136831-0392-4310-8406-1ef3895751ab,23/04/2017,Apr-17,4,2017,VOELVLEI,Major Dam,164095,7.45,32609,19.87
5c61c7e7-69f9-4e73-a12f-f736d518061c,24/04/2017,Apr-17,4,2017,VOELVLEI,Major Dam,164095,7.43,32410,19.75
6af71a99-a0ab-499e-892a-4b86fa43c689,25/04/2017,Apr-17,4,2017,VOELVLEI,Major Dam,164095,7.37,31813,19.39
ef105a4f-45d0-4c41-906c-d46081ebcfcf,26/04/2017,Apr-17,4,2017,VOELVLEI,Major Dam,164095,7.34,31515,19.21
2276af23-0a12-4aa4-a458-91b05eac1669,27/04/2017,Apr-17,4,2017,VOELVLEI,Major Dam,164095,7.31,31217,19.02
50dd2066-ddb8-40ff-8b75-f17ba5f75f25,28/04/2017,Apr-17,4,2017,VOELVLEI,Major Dam,164095,7.28,30919,18.84
85a3ab9a-e7b5-4dbc-bc95-26cde01c4eae,29/04/2017,Apr-17,4,2017,VOELVLEI,Major Dam,164095,7.26,30721,18.72
3adaa31d-cbb4-459d-8d6a-faa5d08a0427,30/04/2017,Apr-17,4,2017,VOELVLEI,Major Dam,164095,7.25,30622,18.66
5683197b-50de-4bd1-84a3-470ca1de3218,01/05/2017,May-17,5,2017,VOELVLEI,Major Dam,164095,7.23,30423,18.54
559154c2-a41d-4e7a-9fdf-0d3a44c6c6ec,02/05/2017,May-17,5,2017,VOELVLEI,Major Dam,164095,7.22,30324,18.48
39a4bbc4-4b29-42af-b008-c1a5cb91c7a5,03/05/2017,May-17,5,2017,VOELVLEI,Major Dam,164095,7.31,31217,19.02
ca1826d8-a5df-4ae8-a67d-a9055d7a45af,04/05/2017,May-17,5,2017,VOELVLEI,Major Dam,164095,7.28,30919,18.84
b101f099-429a-4f0f-bb04-a5d2ec00b7e7,05/05/2017,May-17,5,2017,VOELVLEI,Major Dam,164095,7.26,30721,18.72
7dfc3e7d-5974-434a-81d5-fd713740d2b6,06/05/2017,May-17,5,2017,VOELVLEI,Major Dam,164095,7.26,30721,18.72
2b051ac3-b51b-4900-a105-2f645eaffc30,07/05/2017,May-17,5,2017,VOELVLEI,Major Dam,164095,7.27,30820,18.78
beadd13b-c760-4e76-abc6-51c53a031014,08/08/2017,Aug-17,8,2017,VOELVLEI,Major Dam,164095,7.25,30622,18.66
71e33e94-1d8c-46fd-bb59-e37658e439f7,09/05/2017,May-17,5,2017,VOELVLEI,Major Dam,164095,7.24,30523,18.6
5960a9ff-0710-4460-b8d7-8d2d55ebc943,10/05/2017,May-17,5,2017,VOELVLEI,Major Dam,164095,7.23,30423,18.54
a933c849-977d-4cf9-8cfe-9d52b6017640,11/05/2017,May-17,5,2017,VOELVLEI,Major Dam,164095,7.21,30225,18.42
ba38b41f-bb72-42f9-97a7-1bff746d800c,12/05/2017,May-17,5,2017,VOELVLEI,Major Dam,164095,7.17,29830,18.18
ff7866d6-15dd-4bda-afaf-51d372e1ace7,13/05/2017,May-17,5,2017,VOELVLEI,Major Dam,164095,7.17,29830,18.18
9dfc3bcf-24ab-4614-b95e-d691d7efe972,14/05/2017,May-17,5,2017,VOELVLEI,Major Dam,164095,7.1,29138,17.76
0d5fcef4-858a-4adc-9208-f63f1f7f7fec,15/05/2017,May-17,5,2017,VOELVLEI,Major Dam,164095,7,28153,17.16
845d17d8-bd53-4a0b-9ba9-744d8e0a806e,16/05/2017,May-17,5,2017,VOELVLEI,Major Dam,164095,7,28153,17.16
4e8a7a04-4daf-4530-be77-af58b4162e81,17/05/2017,May-17,5,2017,VOELVLEI,Major Dam,164095,6.97,27858,16.98
d7688d1b-14f2-46bc-b009-49df34f0d287,18/05/2017,May-17,5,2017,VOELVLEI,Major Dam,164095,6.94,27563,16.8
19d38412-854a-41bf-a54c-d6cfa1ac4c5b,19/05/2017,May-17,5,2017,VOELVLEI,Major Dam,164095,6.9,27171,16.56
610d3e51-c670-4b35-9957-557c02c74383,20/05/2017,May-17,5,2017,VOELVLEI,Major Dam,164095,6.88,26975,16.44
9ac99b4f-6f73-48c0-a576-effff7b68f03,21/05/2017,May-17,5,2017,VOELVLEI,Major Dam,164095,6.87,26877,16.38
fed3f6d4-8806-4037-bf7e-d5d97ab4ba85,22/05/2017,May-17,5,2017,VOELVLEI,Major Dam,164095,6.85,26681,16.26
41c24e1d-3d67-4954-8ecc-08e73f8d42b8,23/05/2017,May-17,5,2017,VOELVLEI,Major Dam,164095,6.84,26583,16.2
f2d2a0fb-33ec-4c1f-83bd-550c5e5f9879,24/05/2017,May-17,5,2017,VOELVLEI,Major Dam,164095,6.65,24728,15.07
f06886c4-20a5-4628-b4c8-1e7f1a711104,25/05/2017,May-17,5,2017,VOELVLEI,Major Dam,164095,6.63,24533,14.95
5aa402dd-e6cc-446f-9828-e1fb3a603bf8,26/05/2017,May-17,5,2017,VOELVLEI,Major Dam,164095,6.62,24436,14.89
a2345350-b5a5-453f-ac22-c8eb1fed4ad2,27/05/2017,May-17,5,2017,VOELVLEI,Major Dam,164095,6.59,24144,14.71
fe17f0b0-5aa9-4fc7-8706-c294102af70f,28/05/2017,May-17,5,2017,VOELVLEI,Major Dam,164095,6.57,23950,14.6
f6381256-8b14-4ea5-ba8b-5cccc8fade42,29/05/2017,May-17,5,2017,VOELVLEI,Major Dam,164095,6.56,23853,14.54
1b7151c8-11d8-4e34-8fb4-eeb1bafdb26b,30/05/2017,May-17,5,2017,VOELVLEI,Major Dam,164095,6.54,23659,14.42
4944b20a-8e65-4f3e-880d-8b5de95bd98f,31/05/2017,May-17,5,2017,VOELVLEI,Major Dam,164095,6.52,23465,14.3
cb226ed6-9334-4aa9-9bab-6138d85e094e,01/06/2017,Jun-17,6,2017,VOELVLEI,Major Dam,164095,6.5,23271,14.18
4cd15f61-a770-4c7a-9fcc-2b4594f93cf7,02/06/2017,Jun-17,6,2017,VOELVLEI,Major Dam,164095,6.86,26779,16.32
521f116e-abcb-4fbd-bb46-4f1858be7e6c,03/06/2017,Jun-17,6,2017,VOELVLEI,Major Dam,164095,6.84,26583,16.2
bb0eb460-49bc-4a1d-b9c8-043c37c4d865,04/06/2017,Jun-17,6,2017,VOELVLEI,Major Dam,164095,6.82,26387,16.08
331c4ad2-ff6f-4f2c-a78f-91527de0e8f1,05/06/2017,Jun-17,6,2017,VOELVLEI,Major Dam,164095,6.84,26583,16.2
1ee1011a-2cee-4b8f-b990-6094059c5c71,06/06/2017,Jun-17,6,2017,VOELVLEI,Major Dam,164095,6.74,25605,15.6
ec713886-8a2b-4ae7-840d-181eefea9b62,07/06/2017,Jun-17,6,2017,VOELVLEI,Major Dam,164095,6.77,25898,15.78
7c9496c8-c84b-44eb-b53c-328adcbd06f5,08/06/2017,Jun-17,6,2017,VOELVLEI,Major Dam,164095,6.78,25996,15.84
67cc3f9c-1a9d-46a7-92a3-bb30387dbc92,09/06/2017,Jun-17,6,2017,VOELVLEI,Major Dam,164095,6.83,26485,16.14
2d521618-4d24-4548-b5e5-384d9ba89fff,10/06/2017,Jun-17,6,2017,VOELVLEI,Major Dam,164095,6.89,27073,16.5
707b4e6f-65e2-4653-991d-faead83459ef,11/06/2017,Jun-17,6,2017,VOELVLEI,Major Dam,164095,6.92,27367,16.68
ef06cea4-e429-46dd-961c-d28b288efb97,12/06/2017,Jun-17,6,2017,VOELVLEI,Major Dam,164095,6.9,27171,16.56
ca678901-96cd-467a-a9bb-01ce3537afe6,13/06/2017,Jun-17,6,2017,VOELVLEI,Major Dam,164095,6.98,27956,17.04
7768b67f-9412-4465-8143-c11b6c70e58c,14/06/2017,Jun-17,6,2017,VOELVLEI,Major Dam,164095,7.08,28941,17.64
651e27d3-7e1e-4b4f-9420-3b8d793ba44e,15/06/2017,Jun-17,6,2017,VOELVLEI,Major Dam,164095,7.11,29237,17.82
88631480-8bd5-4acf-ad87-f2e89d9da2de,16/06/2017,Jun-17,6,2017,VOELVLEI,Major Dam,164095,7.12,29336,17.88
8a685480-9deb-48c5-b041-c74883cf6ef7,17/06/2017,Jun-17,6,2017,VOELVLEI,Major Dam,164095,7.12,29336,17.88
11de15fa-34b0-400d-9eef-516e2e3f6cd0,18/06/2017,Jun-17,6,2017,VOELVLEI,Major Dam,164095,7.13,29434,17.94
39d223c0-b2e0-446a-bd90-66267c53aeca,19/06/2017,Jun-17,6,2017,VOELVLEI,Major Dam,164095,7.14,29533,18
394b429c-8d0c-4335-a2d3-9eff4616d7b5,20/06/2017,Jun-17,6,2017,VOELVLEI,Major Dam,164095,7.14,29533,18
151704ab-c71a-4fd8-b224-4c7abcfffc94,21/06/2017,Jun-17,6,2017,VOELVLEI,Major Dam,164095,7.14,29533,18
59453a3a-7a5d-42ae-8587-54b2872e2ec6,22/06/2017,Jun-17,6,2017,VOELVLEI,Major Dam,164095,7.16,29731,18.12
e09ddac3-86de-45ca-a52a-0b112d0c356c,23/06/2017,Jun-17,6,2017,VOELVLEI,Major Dam,164095,7.16,29731,18.12
ad588a00-9a68-468a-9826-2c5c1d9cbfda,24/06/2017,Jun-17,6,2017,VOELVLEI,Major Dam,164095,7.18,29929,18.24
8be806fe-6f9b-48f5-9f9f-a77f166ab4bf,25/06/2017,Jun-17,6,2017,VOELVLEI,Major Dam,164095,7.2,30126,18.36
de24e580-b1c3-4bbc-bb3f-e100f3a10f3f,26/06/2017,Jun-17,6,2017,VOELVLEI,Major Dam,164095,7.22,30324,18.48
ad79d013-0c29-4dfb-91eb-6fe599ae1e1f,27/06/2017,Jun-17,6,2017,VOELVLEI,Major Dam,164095,7.35,31614,19.27
a7708228-8c6b-471b-832d-3d150154e277,28/06/2017,Jun-17,6,2017,VOELVLEI,Major Dam,164095,7.37,31813,19.39
d5931829-3776-4041-8fcd-752c10d33350,29/06/2017,Jun-17,6,2017,VOELVLEI,Major Dam,164095,7.4,32111,19.57
fc8c23b6-5053-43ea-aca1-dc03858e66b1,30/06/2017,Jun-17,6,2017,VOELVLEI,Major Dam,164095,7.42,32311,19.69
b3a55156-7cd6-4877-aac7-5bf55b77ab28,01/07/2017,Jul-17,7,2017,VOELVLEI,Major Dam,164095,7.44,32510,19.81
d3db06ae-c0ce-4907-9355-57c8b2cdec7a,02/07/2017,Jul-17,7,2017,VOELVLEI,Major Dam,164095,7.46,32709,19.93
6dce07a1-52f6-4ed1-a7dd-2aa11504a480,03/07/2017,Jul-17,7,2017,VOELVLEI,Major Dam,164095,7.48,32909,20.05
d0ff8e0e-3904-4de9-b6dc-d99016d80944,04/07/2017,Jul-17,7,2017,VOELVLEI,Major Dam,164095,7.48,32909,20.05
971d3c9c-8d18-4bcd-8e72-a6e3a2ba7290,05/07/2017,Jul-17,7,2017,VOELVLEI,Major Dam,164095,7.48,32909,20.05
6a558dce-dd8e-4f2d-85f7-308749429d6f,06/07/2017,Jul-17,7,2017,VOELVLEI,Major Dam,164095,7.48,32909,20.05
8f153e2b-804d-4e04-b268-6e0204f225aa,07/07/2017,Jul-17,7,2017,VOELVLEI,Major Dam,164095,7.45,32609,19.87
a5e2c047-1a77-4196-acab-404682a5ed61,08/07/2017,Jul-17,7,2017,VOELVLEI,Major Dam,164095,7.45,32609,19.87
2c7a6b7b-0f59-4732-8ed5-0c876c3f1374,09/07/2017,Jul-17,7,2017,VOELVLEI,Major Dam,164095,7.44,32510,19.81
84f9ea46-a744-45a5-9424-51c3957d520f,10/07/2017,Jul-17,7,2017,VOELVLEI,Major Dam,164095,7.45,32609,19.87
556ff617-7036-49ba-8311-8bc1511b43cf,11/07/2017,Jul-17,7,2017,VOELVLEI,Major Dam,164095,7.48,32909,20.05
cef6665a-fd6e-4f3f-b6cb-675e3487a00d,12/07/2017,Jul-17,7,2017,VOELVLEI,Major Dam,164095,7.55,33608,20.48
24821799-4e67-48fc-8f86-9649472ec77b,13/07/2017,Jul-17,7,2017,VOELVLEI,Major Dam,164095,7.54,33508,20.42
1fe4dc08-d0cd-443d-8594-4730d412adc0,14/07/2017,Jul-17,7,2017,VOELVLEI,Major Dam,164095,7.52,33308,20.3
1f289db4-8850-4e94-a635-6a2d691c70a2,15/07/2017,Jul-17,7,2017,VOELVLEI,Major Dam,164095,7.54,33508,20.42
16bdf52f-78a8-4438-aff5-e08a80137190,16/07/2017,Jul-17,7,2017,VOELVLEI,Major Dam,164095,7.55,33608,20.48
fa8cb8ef-bf3c-47ea-a5d4-edf21d0e1e8e,17/07/2017,Jul-17,7,2017,VOELVLEI,Major Dam,164095,7.56,33708,20.54
c5f65d03-1483-4c14-a345-8f3166ca8d3d,18/07/2017,Jul-17,7,2017,VOELVLEI,Major Dam,164095,7.64,34508,21.03
6514592e-f731-49bd-ac41-b9b749d6ad08,19/07/2017,Jul-17,7,2017,VOELVLEI,Major Dam,164095,7.67,34809,21.21
49de6ff5-0d58-4857-8c1d-75ae12642f6a,20/07/2017,Jul-17,7,2017,VOELVLEI,Major Dam,164095,7.68,34909,21.27
45c53b5d-3905-40e1-8102-cf83e5936bc0,21/07/2017,Jul-17,7,2017,VOELVLEI,Major Dam,164095,7.77,35814,21.83
35adcdb5-ae3a-4cef-a6e7-80d46858d051,22/07/2017,Jul-17,7,2017,VOELVLEI,Major Dam,164095,7.72,35311,21.52
ec4a51ef-c406-4b98-ad72-64255f29966b,23/07/2017,Jul-17,7,2017,VOELVLEI,Major Dam,164095,7.72,35311,21.52
ca505737-cf31-4c36-8e50-1a7158d69ca5,24/07/2017,Jul-17,7,2017,VOELVLEI,Major Dam,164095,7.73,35412,21.58
d54a3087-2682-4d2a-8845-0977e5f394fb,25/07/2017,Jul-17,7,2017,VOELVLEI,Major Dam,164095,7.73,35412,21.58
8692bb98-46c1-416a-9549-b3ecbe0bf723,26/07/2017,Jul-17,7,2017,VOELVLEI,Major Dam,164095,7.73,35412,21.58
fd659d0d-50e4-469e-92f1-e7cec3610dc2,27/07/2017,Jul-17,7,2017,VOELVLEI,Major Dam,164095,7.75,35613,21.7
8e8ae75a-754e-427e-8b72-afa7755ea4b2,28/07/2017,Jul-17,7,2017,VOELVLEI,Major Dam,164095,7.79,36015,21.95
20b3f2f9-74e9-457a-b0e3-7b1464fce7c9,29/07/2017,Jul-17,7,2017,VOELVLEI,Major Dam,164095,7.79,36015,21.95
5c36e1ca-6516-4902-b0e1-ccbb54100398,30/07/2017,Jul-17,7,2017,VOELVLEI,Major Dam,164095,7.79,36015,21.95
962dfbb3-4827-44e1-b67a-a639c28868ad,31/07/2017,Jul-17,7,2017,VOELVLEI,Major Dam,164095,7.79,36015,21.95
36506a6c-4b3d-48f2-8fc9-6beae28ad078,01/08/2017,Aug-17,8,2017,VOELVLEI,Major Dam,164095,7.77,35814,21.83
e1c9510a-8c3e-44e2-80e2-5af0fbc5e863,02/08/2017,Aug-17,8,2017,VOELVLEI,Major Dam,164095,7.78,35914,21.89
2f3290f9-cbb9-41c9-8655-aa6afd2b4edf,03/08/2017,Aug-17,8,2017,VOELVLEI,Major Dam,164095,7.78,35914,21.89
46c599eb-9700-4730-a2ae-3a158bbd090d,04/08/2017,Aug-17,8,2017,VOELVLEI,Major Dam,164095,7.78,35914,21.89
7be68a97-dc7b-451e-8844-9f3764b60fa5,05/08/2017,Aug-17,8,2017,VOELVLEI,Major Dam,164095,7.78,35914,21.89
a4ee1cbf-fe82-4e0f-a7f1-736beb41bb68,06/08/2017,Aug-17,8,2017,VOELVLEI,Major Dam,164095,7.78,35914,21.89
b6f8c33d-9266-4557-97ff-d0c7c1743e2e,07/08/2017,Aug-17,8,2017,VOELVLEI,Major Dam,164095,7.8,36116,22.01
20ab0c82-adcc-43c7-906f-27a7de38c56d,08/08/2017,Aug-17,8,2017,VOELVLEI,Major Dam,164095,7.81,36217,22.07
716c1d49-463f-493a-aa97-336ca21bdb59,09/08/2017,Aug-17,8,2017,VOELVLEI,Major Dam,164095,7.8,36116,22.01
0a0b8879-61b2-455c-a760-eced1258d0bb,10/08/2017,Aug-17,8,2017,VOELVLEI,Major Dam,164095,7.79,36015,21.95
85c40c49-c383-4e90-9b26-a3cd846032fb,11/08/2017,Aug-17,8,2017,VOELVLEI,Major Dam,164095,7.79,36015,21.95
0ce39141-18ec-47f8-9a5a-8f7275763767,12/08/2017,Aug-17,8,2017,VOELVLEI,Major Dam,164095,7.79,36015,21.95
b2d9a759-e282-48a5-893a-2a902760b8ca,13/08/2017,Aug-17,8,2017,VOELVLEI,Major Dam,164095,7.83,36418,22.19
bf8b15b9-d45f-42ae-ba5a-5ae8028edf09,14/08/2017,Aug-17,8,2017,VOELVLEI,Major Dam,164095,7.86,36721,22.38
9639673d-b697-45a4-9bce-a6274d228dea,15/08/2017,Aug-17,8,2017,VOELVLEI,Major Dam,164095,7.88,36923,22.5
a72ae8f1-e4dd-4cb5-a98d-fc360b18e6fe,16/08/2017,Aug-17,8,2017,VOELVLEI,Major Dam,164095,7.89,37024,22.56
10429859-8185-4e47-8480-32d1172a02f4,17/08/2017,Aug-17,8,2017,VOELVLEI,Major Dam,164095,7.91,37226,22.69
eead7f55-b12c-4745-bd83-cc26742c5272,18/08/2017,Aug-17,8,2017,VOELVLEI,Major Dam,164095,7.96,37732,22.99
94173f82-05e8-4fa0-a0dd-fd675882a4d6,19/08/2017,Aug-17,8,2017,VOELVLEI,Major Dam,164095,7.98,37935,23.12
a74cfba3-4d81-4721-a454-951441f536b0,20/08/2017,Aug-17,8,2017,VOELVLEI,Major Dam,164095,8,38137,23.24
e6318309-9eb4-409b-907e-26e0c1fcdd60,21/08/2017,Aug-17,8,2017,VOELVLEI,Major Dam,164095,8.02,38340,23.36
e6656ca1-bb7c-4ff5-9f70-42254a41117e,22/08/2017,Aug-17,8,2017,VOELVLEI,Major Dam,164095,8.05,38645,23.55
2298402a-0a3f-4517-be7c-37c331f3d6b2,23/08/2017,Aug-17,8,2017,VOELVLEI,Major Dam,164095,8.06,38747,23.61
0548ed4a-933f-4eb1-9520-ef715c27a683,24/08/2017,Aug-17,8,2017,VOELVLEI,Major Dam,164095,8.08,38950,23.74
b8fd6842-ef00-46e7-8bf4-80da9e84989d,25/08/2017,Aug-17,8,2017,VOELVLEI,Major Dam,164095,8.18,39970,24.36
435a11eb-7590-41f4-86b8-9d1237dce94e,26/08/2017,Aug-17,8,2017,VOELVLEI,Major Dam,164095,8.23,40482,24.67
6159b5fe-3b7b-4909-83fc-54a759e4cd2e,27/08/2017,Aug-17,8,2017,VOELVLEI,Major Dam,164095,8.23,40482,24.67
d57b7bbf-cff5-49ec-b206-6d7bb32aec83,28/08/2017,Aug-17,8,2017,VOELVLEI,Major Dam,164095,8.24,40584,24.73
03ea7e6c-1dec-449e-8fa7-2b5e638c52cf,29/08/2017,Aug-17,8,2017,VOELVLEI,Major Dam,164095,8.33,41508,25.3
63c3f8b2-4482-4204-8f30-51f056620c44,30/08/2017,Aug-17,8,2017,VOELVLEI,Major Dam,164095,8.35,41714,25.42
108479fb-59af-4fd7-abdc-1e4e23872a32,31/08/2017,Aug-17,8,2017,VOELVLEI,Major Dam,164095,8.36,41818,25.48
f8f1c810-a54b-431e-9f86-232b6489076d,01/09/2017,Sep-17,9,2017,VOELVLEI,Major Dam,164095,8.39,42127,25.67
b9ca1c63-aa15-404f-94a9-9423a615bed9,02/09/2017,Sep-17,9,2017,VOELVLEI,Major Dam,164095,8.39,42127,25.67
9797789c-1be6-4061-ba68-6f95c44b03f3,03/09/2017,Sep-17,9,2017,VOELVLEI,Major Dam,164095,8.38,42024,25.61
5e553a42-288e-4338-ba30-477bcb4880c4,04/09/2017,Sep-17,9,2017,VOELVLEI,Major Dam,164095,8.39,42127,25.67
bec7a67b-c6f9-4f2a-9a01-e25b92a5a313,05/09/2017,Sep-17,9,2017,VOELVLEI,Major Dam,164095,8.39,42127,25.67
42f5bd36-a582-4c61-ba9d-ca47c1ffd089,06/09/2017,Sep-17,9,2017,VOELVLEI,Major Dam,164095,8.4,42231,25.74
54b808e8-9e11-4a83-ac53-5e3a0d034f81,07/09/2017,Sep-17,9,2017,VOELVLEI,Major Dam,164095,8.4,42231,25.74
63edef26-0615-4643-a0d1-c5beac076f13,08/09/2017,Sep-17,9,2017,VOELVLEI,Major Dam,164095,8.44,42645,25.99
03b3ac18-d02e-4023-a45c-3e222b089f42,09/09/2017,Sep-17,9,2017,VOELVLEI,Major Dam,164095,8.46,42852,26.11
10ad1ab6-aeef-48a7-ba44-f7715aa9fac4,10/09/2017,Sep-17,9,2017,VOELVLEI,Major Dam,164095,8.47,42956,26.18
4f1fdff2-d00c-4415-9403-85659a1297f9,11/09/2017,Sep-17,9,2017,VOELVLEI,Major Dam,164095,8.5,43268,26.37
bab26bd1-6e19-47e6-964f-a62887c57c44,12/09/2017,Sep-17,9,2017,VOELVLEI,Major Dam,164095,8.52,43477,26.5
38e8ed61-c835-4eb2-b7e6-97274bf738ac,13/09/2017,Sep-17,9,2017,VOELVLEI,Major Dam,164095,8.52,43477,26.5
8130fe2f-d015-4bfa-99b8-5bf35ae5d010,14/09/2017,Sep-17,9,2017,VOELVLEI,Major Dam,164095,8.48,43060,26.24
0b77aa7e-2212-4c92-a24a-7a6452a3887f,15/09/2017,Sep-17,9,2017,VOELVLEI,Major Dam,164095,8.54,43685,26.62
958d30ab-56e8-4b83-9f0b-24f88c4bd73b,16/09/2017,Sep-17,9,2017,VOELVLEI,Major Dam,164095,8.54,43685,26.62
c8bc577c-a101-4757-a89a-327de4e7e75b,17/09/2017,Sep-17,9,2017,VOELVLEI,Major Dam,164095,8.55,43790,26.69
d05d26c8-0c19-4794-8603-47e66b753bcf,18/09/2017,Sep-17,9,2017,VOELVLEI,Major Dam,164095,8.56,43894,26.75
c75c2fe5-c02e-4207-af8d-51c9d479e061,19/09/2017,Sep-17,9,2017,VOELVLEI,Major Dam,164095,8.55,43790,26.69
b0ce7aa2-a0eb-4f1a-97d3-b4d9c9592697,20/09/2017,Sep-17,9,2017,VOELVLEI,Major Dam,164095,8.55,43790,26.69
1860e7ac-b6b5-4516-8478-89fa2b8b594b,21/09/2017,Sep-17,9,2017,VOELVLEI,Major Dam,164095,8.55,43790,26.69
2adb0001-dc49-497f-b96e-bfe2c97c85c7,22/09/2017,Sep-17,9,2017,VOELVLEI,Major Dam,164095,8.55,43790,26.69
7ff8249d-efd6-4b28-9df2-f7fb29a7170c,23/09/2017,Sep-17,9,2017,VOELVLEI,Major Dam,164095,8.55,43790,26.69
78fb258c-3a3f-4109-ba87-1470c1560214,24/09/2017,Sep-17,9,2017,VOELVLEI,Major Dam,164095,8.55,43790,26.69
7027a9ef-cb81-47c8-b768-ab3a06bbd76b,25/09/2017,Sep-17,9,2017,VOELVLEI,Major Dam,164095,8.55,43790,26.69
4c4997c0-ae6b-4202-bc71-c61e6467f98e,26/09/2017,Sep-17,9,2017,VOELVLEI,Major Dam,164095,8.55,43790,26.69
d82c5c39-e72a-4f84-88db-172e56e36ef6,27/09/2017,Sep-17,9,2017,VOELVLEI,Major Dam,164095,8.56,43894,26.75
20e300d0-d80f-4cb9-9544-8b24cfa41ee3,28/09/2017,Sep-17,9,2017,VOELVLEI,Major Dam,164095,8.57,43999,26.81
958f5270-8db9-461a-aa14-709b43479f2c,29/09/2017,Sep-17,9,2017,VOELVLEI,Major Dam,164095,8.57,43999,26.81
d95c1077-49ac-4c17-a2ce-3d7c020127e7,30/09/2017,Sep-17,9,2017,VOELVLEI,Major Dam,164095,8.57,43999,26.81
6e3954e4-c446-445d-8b85-fdef5b644500,01/10/2017,Oct-17,10,2017,VOELVLEI,Major Dam,164095,8.57,43999,26.81
a5fdf0a9-6830-47ba-9bc5-28e14d3b370a,02/10/2017,Oct-17,10,2017,VOELVLEI,Major Dam,164095,8.57,43999,26.81
b89cecb5-cba7-4852-b5c1-2bac5e1c9049,03/10/2017,Oct-17,10,2017,VOELVLEI,Major Dam,164095,8.85,46960,28.62
5491e1f4-3de8-40ff-9587-ed0b02b2d9a8,04/10/2017,Oct-17,10,2017,VOELVLEI,Major Dam,164095,8.57,43999,26.81
2a701cd9-def2-4944-bbe9-4200fc9f053a,05/10/2017,Oct-17,10,2017,VOELVLEI,Major Dam,164095,8.54,43685,26.62
42a33ec7-95f4-4f85-bd3c-223cec47548b,06/10/2017,Oct-17,10,2017,VOELVLEI,Major Dam,164095,8.56,43894,26.75
2165ce09-ef3e-4c3f-8283-1859f1d235d9,07/10/2017,Oct-17,10,2017,VOELVLEI,Major Dam,164095,8.56,43894,26.75
43ab36ff-56c4-4c4c-8c4e-7f11b65563cb,08/10/2017,Oct-17,10,2017,VOELVLEI,Major Dam,164095,8.57,43999,26.81
52ea6dab-949f-4156-bc1a-1bae8a01b329,09/10/2017,Oct-17,10,2017,VOELVLEI,Major Dam,164095,8.56,43894,26.75
d0068186-4c11-4648-b6ca-7f2c9715fe7c,10/10/2017,Oct-17,10,2017,VOELVLEI,Major Dam,164095,8.56,43894,26.75
ceffd15b-d387-468d-9c7d-1150448b2d76,11/10/2017,Oct-17,10,2017,VOELVLEI,Major Dam,164095,8.56,43894,26.75
9491bf6f-e32f-45b3-b047-d89487a0cbe1,12/10/2017,Oct-17,10,2017,VOELVLEI,Major Dam,164095,8.54,43685,26.62
8e48794a-6d38-488e-a700-9995a5a4fcf0,13/10/2017,Oct-17,10,2017,VOELVLEI,Major Dam,164095,8.54,43685,26.62
140c8b03-11f7-449d-87dd-0ffa8f962c55,14/10/2017,Oct-17,10,2017,VOELVLEI,Major Dam,164095,8.54,43685,26.62
b4f99c76-9f59-44bf-a843-5df3c5a69bbf,15/10/2017,Oct-17,10,2017,VOELVLEI,Major Dam,164095,8.53,43581,26.56
59d0c52e-56c0-4d2a-9064-3ec016f215eb,16/10/2017,Oct-17,10,2017,VOELVLEI,Major Dam,164095,8.53,43581,26.56
ce8593f4-566d-473b-acfd-4c5fc717c3aa,17/10/2017,Oct-17,10,2017,VOELVLEI,Major Dam,164095,8.53,43581,26.56
ffa87893-5c8f-485f-8d1f-90163df0ffaa,18/10/2017,Oct-17,10,2017,VOELVLEI,Major Dam,164095,8.57,43999,26.81
7f744bde-1074-42b5-b485-7457a575c7a4,19/10/2017,Oct-17,10,2017,VOELVLEI,Major Dam,164095,8.64,44733,27.26
dc557471-4d37-4eb3-96f2-5c65bd04bdb7,20/10/2017,Oct-17,10,2017,VOELVLEI,Major Dam,164095,8.67,45050,27.45
b1065e32-ad8b-4ab3-aced-374c456a64d1,21/10/2017,Oct-17,10,2017,VOELVLEI,Major Dam,164095,8.72,45577,27.77
aef11dee-7ac6-40a7-bc78-7ddd864581b1,22/10/2017,Oct-17,10,2017,VOELVLEI,Major Dam,164095,8.73,45683,27.84
cce1f683-1894-4685-9573-b7cd5ed6b62b,23/10/2017,Oct-17,10,2017,VOELVLEI,Major Dam,164095,8.74,45789,27.9
0d9a0a4a-ecda-46cd-955f-21fdee684f19,24/10/2017,Oct-17,10,2017,VOELVLEI,Major Dam,164095,8.79,46320,28.23
baf4ae24-c0fa-450e-9a84-637711d03d33,25/10/2017,Oct-17,10,2017,VOELVLEI,Major Dam,164095,8.79,46320,28.23
c1f42e5f-a4a3-4ae6-9353-5ec4e023d342,26/10/2017,Oct-17,10,2017,VOELVLEI,Major Dam,164095,8.81,46533,28.36
409d1520-34c2-4dd6-b465-eb3e93e4ccfd,27/10/2017,Oct-17,10,2017,VOELVLEI,Major Dam,164095,8.82,46639,28.42
73dedc66-a7ea-4e0d-ace2-f55d57fefa1e,28/10/2017,Oct-17,10,2017,VOELVLEI,Major Dam,164095,8.86,47066,28.68
d4b8b19b-f8b1-4258-ba35-1c6e2a00485c,29/10/2017,Oct-17,10,2017,VOELVLEI,Major Dam,164095,8.82,46639,28.42
f4a45aa2-aa53-4e10-812d-fe652aa1fb92,30/10/2017,Oct-17,10,2017,VOELVLEI,Major Dam,164095,8.82,46639,28.42
3de42d13-1e9c-4ede-a111-09c43aefc556,31/10/2017,Oct-17,10,2017,VOELVLEI,Major Dam,164095,8.82,46639,28.42
bcead60b-7559-42a7-aa1f-091e39501298,01/11/2017,Nov-17,11,2017,VOELVLEI,Major Dam,164095,8.83,46746,28.49
4fcaca18-f0a2-4dab-b992-1af4cbdb243a,02/11/2017,Nov-17,11,2017,VOELVLEI,Major Dam,164095,8.83,46746,28.49
ca0f4307-090f-4f76-945e-826bb874b63a,03/11/2017,Nov-17,11,2017,VOELVLEI,Major Dam,164095,8.81,46533,28.36
d7c9bf89-5deb-420b-a75d-5d2f301d846d,04/11/2017,Nov-17,11,2017,VOELVLEI,Major Dam,164095,8.81,46533,28.36
2ef84dd9-8839-4918-9044-db43a11b6dea,05/11/2017,Nov-17,11,2017,VOELVLEI,Major Dam,164095,8.76,46001,28.03
99e337ee-5453-40f3-bcca-eed65ceae2d3,06/11/2017,Nov-17,11,2017,VOELVLEI,Major Dam,164095,8.76,46001,28.03
507769b4-b2da-478d-adde-be136a114f5b,07/11/2017,Nov-17,11,2017,VOELVLEI,Major Dam,164095,8.75,45895,27.97
7eb3dfc2-4525-4ce1-8698-e0e516a74640,08/11/2017,Nov-17,11,2017,VOELVLEI,Major Dam,164095,8.76,46001,28.03
0c8080b0-8d4f-4709-b981-3a6f4f2c2c66,09/11/2017,Nov-17,11,2017,VOELVLEI,Major Dam,164095,8.76,46001,28.03
ac33a304-6179-446d-b503-77fb00aec96b,10/11/2017,Nov-17,11,2017,VOELVLEI,Major Dam,164095,8.68,45155,27.52
38e6944a-1d9b-4e1f-ac79-2e759aacbac9,11/11/2017,Nov-17,11,2017,VOELVLEI,Major Dam,164095,8.65,44839,27.33
970da70d-723b-4ef1-88ab-3ad319d50a6d,12/11/2017,Nov-17,11,2017,VOELVLEI,Major Dam,164095,8.65,44839,27.33
70f977d6-c5d2-4f5a-9756-2c31c31dc11c,13/11/2017,Nov-17,11,2017,VOELVLEI,Major Dam,164095,8.62,44523,27.13
8a1ff9ee-c97e-494f-9021-e184d035a0c2,14/11/2017,Nov-17,11,2017,VOELVLEI,Major Dam,164095,8.61,44418,27.07
6d600d83-af22-425c-ac45-8c1a6317ca6f,15/11/2017,Nov-17,11,2017,VOELVLEI,Major Dam,164095,8.6,44313,27
ff8c64e9-2e82-4a2d-8143-57931e087b5f,16/11/2017,Nov-17,11,2017,VOELVLEI,Major Dam,164095,8.6,44313,27
3b9e7b28-860c-49ae-9073-812238918bcd,17/11/2017,Nov-17,11,2017,VOELVLEI,Major Dam,164095,8.6,44313,27
376fcf53-ab1b-49dd-b732-0cad533480fa,18/11/2017,Nov-17,11,2017,VOELVLEI,Major Dam,164095,8.6,44313,27
ddb03ae2-545e-4bd4-82b0-ab88e4caa625,19/11/2017,Nov-17,11,2017,VOELVLEI,Major Dam,164095,8.56,43894,26.75
ca54caa8-6829-4bc9-86b9-e9f2c88606e4,20/11/2017,Nov-17,11,2017,VOELVLEI,Major Dam,164095,8.55,43790,26.69
6ab1f0b4-7644-45c9-b06d-7e0c51d02070,21/11/2017,Nov-17,11,2017,VOELVLEI,Major Dam,164095,8.59,44209,26.94
d7891aca-9eb6-450a-97bb-d4fbb74c529a,22/11/2017,Nov-17,11,2017,VOELVLEI,Major Dam,164095,8.55,43790,26.69
48209041-5451-41e3-bc1e-199953f6935a,23/11/2017,Nov-17,11,2017,VOELVLEI,Major Dam,164095,8.57,43999,26.81
41c6abea-a3ad-4eb5-89c7-25ccc15ae5ff,24/11/2017,Nov-17,11,2017,VOELVLEI,Major Dam,164095,8.58,44104,26.88
47b1ca6d-b50b-4038-b86e-ee22d173b525,25/11/2017,Nov-17,11,2017,VOELVLEI,Major Dam,164095,8.58,44104,26.88
b18645ea-e6fd-46b3-aca7-b7c1801f15bc,26/11/2017,Nov-17,11,2017,VOELVLEI,Major Dam,164095,8.58,44104,26.88
d628c860-42d3-41a6-b229-95d36b8a1524,27/11/2017,Nov-17,11,2017,VOELVLEI,Major Dam,164095,8.58,44104,26.88
7d37e4d8-b1ba-4b26-b2a1-7b9808ef2340,28/11/2017,Nov-17,11,2017,VOELVLEI,Major Dam,164095,8.58,44104,26.88
b00a5d3c-8f22-46f4-bb14-bf223a4df049,29/11/2017,Nov-17,11,2017,VOELVLEI,Major Dam,164095,8.58,44104,26.88
ba8686fe-baa0-4143-938f-fa0f20f03d2f,30/11/2017,Nov-17,11,2017,VOELVLEI,Major Dam,164095,8.55,43790,26.69
9e262f92-d179-48a4-9900-c092449c36a5,01/12/2017,Dec-17,12,2017,VOELVLEI,Major Dam,164095,8.55,43790,26.69
4ce057e9-0a30-40f2-b43e-ab688b0782dc,02/12/2017,Dec-17,12,2017,VOELVLEI,Major Dam,164095,8.5,43268,26.37
4122614e-a08f-4496-807e-4363907e7612,03/12/2017,Dec-17,12,2017,VOELVLEI,Major Dam,164095,8.47,42956,26.18
42ca81f4-cf56-4ced-af56-7302919d24a8,04/12/2017,Dec-17,12,2017,VOELVLEI,Major Dam,164095,8.44,42645,25.99
a6e40dc3-5c86-4c3c-86dc-eda40a9f1506,05/12/2017,Dec-17,12,2017,VOELVLEI,Major Dam,164095,8.41,42334,25.8
a64d453f-78f0-41f1-bd55-93a88a1b8e1f,06/12/2017,Dec-17,12,2017,VOELVLEI,Major Dam,164095,8.41,42334,25.8
6749cb09-2aef-411e-8402-dc6cae965914,07/12/2017,Dec-17,12,2017,VOELVLEI,Major Dam,164095,8.41,42334,25.8
f46d14f9-8bcf-466d-a411-e625e60cd4f8,08/12/2017,Dec-17,12,2017,VOELVLEI,Major Dam,164095,8.41,42334,25.8
471b9f71-5c56-4efa-893f-044433e435fc,09/12/2017,Dec-17,12,2017,VOELVLEI,Major Dam,164095,8.41,42334,25.8
bb276431-1f4b-4963-9090-a7821def84e0,10/12/2017,Dec-17,12,2017,VOELVLEI,Major Dam,164095,8.34,41611,25.36
cf7999f7-8257-4282-af8b-a5b54db63cc1,11/12/2017,Dec-17,12,2017,VOELVLEI,Major Dam,164095,8.34,41611,25.36
e96062f3-db1d-49a6-b0b3-dbffb24f9fdb,12/12/2017,Dec-17,12,2017,VOELVLEI,Major Dam,164095,8.34,41611,25.36
73eb72d6-73a8-4fc8-b681-0ef8ef60831a,13/12/2017,Dec-17,12,2017,VOELVLEI,Major Dam,164095,8.19,40072,24.42
f7620540-6067-4006-85bd-ba9aa103fead,14/12/2017,Dec-17,12,2017,VOELVLEI,Major Dam,164095,8.17,39868,24.3
50bb8ea6-8dff-4f2b-a22a-0384f22ac085,15/12/2017,Dec-17,12,2017,VOELVLEI,Major Dam,164095,8.14,39562,24.11
dfc046c6-e98e-4162-ab4f-bf546800a4f6,16/12/2017,Dec-17,12,2017,VOELVLEI,Major Dam,164095,8.13,39460,24.05
2ca1dc21-7415-43b0-b004-f0b45cdacbd3,17/12/2017,Dec-17,12,2017,VOELVLEI,Major Dam,164095,8.09,39052,23.8
a13c3410-e8eb-412e-9f9d-066b8fe0bc55,18/12/2017,Dec-17,12,2017,VOELVLEI,Major Dam,164095,8.09,39052,23.8
3d0812df-0926-4214-880e-ee2b2b62017b,19/12/2017,Dec-17,12,2017,VOELVLEI,Major Dam,164095,8.09,39052,23.8
94c82c9e-91f4-45f1-af54-3a3c25aef72f,20/12/2017,Dec-17,12,2017,VOELVLEI,Major Dam,164095,8.06,38747,23.61
91acf40a-8b62-4165-ad70-74685fb535b2,21/12/2017,Dec-17,12,2017,VOELVLEI,Major Dam,164095,8,38137,23.24
5da5e409-42ba-4233-a51d-d5a2a7b1256b,22/12/2017,Dec-17,12,2017,VOELVLEI,Major Dam,164095,8,38137,23.24
2ffadf4e-6bd5-4906-b44e-b41d6b4376fd,23/12/2017,Dec-17,12,2017,VOELVLEI,Major Dam,164095,7.92,37327,22.75
d9373bb3-c4f3-4580-b2dc-553ae9b52dc2,24/12/2017,Dec-17,12,2017,VOELVLEI,Major Dam,164095,7.91,37226,22.69
d7a6abd7-e9d1-453e-92d4-1a8bc27fff88,25/12/2017,Dec-17,12,2017,VOELVLEI,Major Dam,164095,7.9,37125,22.62
dcc7e751-bfb3-4f1b-b832-d21f597cdcbe,26/12/2017,Dec-17,12,2017,VOELVLEI,Major Dam,164095,7.89,37024,22.56
baa33879-c896-4bcf-8b4a-7bce77fd5b08,27/12/2017,Dec-17,12,2017,VOELVLEI,Major Dam,164095,7.87,36822,22.44
117bfe84-7b7f-4135-a438-e1af8fb11155,28/12/2017,Dec-17,12,2017,VOELVLEI,Major Dam,164095,7.86,36721,22.38
04fda9f3-425e-4168-965e-fb1d5ffad578,29/12/2017,Dec-17,12,2017,VOELVLEI,Major Dam,164095,7.87,36822,22.44
2ce1a49e-d0c0-4686-83d1-badc4ca7db79,30/12/2017,Dec-17,12,2017,VOELVLEI,Major Dam,164095,7.87,36822,22.44
527d018c-0a6d-43d6-8d51-907b7117af8e,31/12/2017,Dec-17,12,2017,VOELVLEI,Major Dam,164095,7.87,36822,22.44
32b1dfef-2257-4413-9e06-2d87fbc09c8d,01/01/2012,Jan-12,1,2012,WEMMERSHOEK,Major Dam,58644,48.23,44621,76.09
5b8469ef-e308-444d-be0c-e356a24e465a,02/01/2012,Jan-12,1,2012,WEMMERSHOEK,Major Dam,58644,48.21,44571,76
06b55eaf-b357-414f-af63-48a5ee662ce9,03/01/2012,Jan-12,1,2012,WEMMERSHOEK,Major Dam,58644,48.17,44471,75.83
edf896e8-0652-4f57-9c97-4af10c224d1f,04/01/2012,Jan-12,1,2012,WEMMERSHOEK,Major Dam,58644,48.13,44372,75.66
a1f38a91-9fd7-4176-a479-e849469c208e,05/01/2012,Jan-12,1,2012,WEMMERSHOEK,Major Dam,58644,48.11,44322,75.58
4d1facc5-1765-4161-a1e0-25b1f79431fc,06/01/2012,Jan-12,1,2012,WEMMERSHOEK,Major Dam,58644,48.07,44221,75.41
973fbb7c-4361-459d-be12-ab09da4a692e,07/01/2012,Jan-12,1,2012,WEMMERSHOEK,Major Dam,58644,48.01,44074,75.16
ee523249-8cbc-49e3-af26-5bf4e8486d9d,08/01/2012,Jan-12,1,2012,WEMMERSHOEK,Major Dam,58644,47.97,43973,74.98
bf6712a3-a2bc-4606-89a7-7450b309601b,09/01/2012,Jan-12,1,2012,WEMMERSHOEK,Major Dam,58644,47.91,43826,74.73
00f8c7b5-b129-4fca-8bda-af94a8aa58e1,10/01/2012,Jan-12,1,2012,WEMMERSHOEK,Major Dam,58644,47.88,43752,74.61
a413b725-5ccb-4df5-859e-2c88561e72d6,11/01/2012,Jan-12,1,2012,WEMMERSHOEK,Major Dam,58644,47.84,43654,74.44
b2979139-963f-4634-bdb7-85ae0e1c42eb,12/01/2012,Jan-12,1,2012,WEMMERSHOEK,Major Dam,58644,47.82,43605,74.36
cfe31988-42e4-4f73-9cb7-2c96c4cd4ebe,13/01/2012,Jan-12,1,2012,WEMMERSHOEK,Major Dam,58644,47.77,43483,74.15
b270ff7b-db41-4f21-bb8c-97a2d1b52485,14/01/2012,Jan-12,1,2012,WEMMERSHOEK,Major Dam,58644,47.74,43409,74.02
c8fb3a34-51a3-4686-832d-9d8e7a132b35,15/01/2012,Jan-12,1,2012,WEMMERSHOEK,Major Dam,58644,47.71,43336,73.9
1bde7276-43af-4592-8a7e-401d28f2e27a,16/01/2012,Jan-12,1,2012,WEMMERSHOEK,Major Dam,58644,47.71,43336,73.9
77ef23c3-2153-4361-9141-855d04288332,17/01/2012,Jan-12,1,2012,WEMMERSHOEK,Major Dam,58644,47.63,43140,73.56
a46e68de-f99f-44e8-a348-559b2839d072,18/01/2012,Jan-12,1,2012,WEMMERSHOEK,Major Dam,58644,47.59,43042,73.4
510c223d-1a27-405e-a83b-3d4861c4269a,19/01/2012,Jan-12,1,2012,WEMMERSHOEK,Major Dam,58644,47.56,42969,73.27
78243576-31c6-48e7-9a44-14efa796ee43,20/01/2012,Jan-12,1,2012,WEMMERSHOEK,Major Dam,58644,47.52,42872,73.11
7e3c67b6-f351-4b21-8513-51f2c585201a,21/01/2012,Jan-12,1,2012,WEMMERSHOEK,Major Dam,58644,47.47,42750,72.9
e639201c-2646-4918-8ef4-27333794ac07,22/01/2012,Jan-12,1,2012,WEMMERSHOEK,Major Dam,58644,47.43,42653,72.73
9517c216-128c-4029-8a2c-696bc9361e3a,23/01/2012,Jan-12,1,2012,WEMMERSHOEK,Major Dam,58644,47.41,42604,72.65
0fec0072-44c9-4b92-9a27-63755b5115fb,24/01/2012,Jan-12,1,2012,WEMMERSHOEK,Major Dam,58644,47.37,42503,72.48
1666fe5d-922d-4a72-ba03-47e7c912cf73,25/01/2012,Jan-12,1,2012,WEMMERSHOEK,Major Dam,58644,47.3,42337,72.19
e917f071-1a7f-450d-9b2d-d15628053185,26/01/2012,Jan-12,1,2012,WEMMERSHOEK,Major Dam,58644,47.26,42237,72.02
d3f19056-9e3f-4d03-8405-db88a3f892c1,27/01/2012,Jan-12,1,2012,WEMMERSHOEK,Major Dam,58644,47.22,42142,71.86
80417013-a83f-4682-9f49-2829c55044c8,28/01/2012,Jan-12,1,2012,WEMMERSHOEK,Major Dam,58644,47.17,42021,71.65
39c1f723-9d32-4a69-96d2-1dcea1e106f9,29/01/2012,Jan-12,1,2012,WEMMERSHOEK,Major Dam,58644,47.17,42021,71.65
086888dc-f5e1-4c8e-9a44-8d0d19eb1e7f,30/01/2012,Jan-12,1,2012,WEMMERSHOEK,Major Dam,58644,47.1,41855,71.37
dc538746-0929-48de-a2b0-eaa0939b8f96,31/01/2012,Jan-12,1,2012,WEMMERSHOEK,Major Dam,58644,47.05,41733,71.16
55648a7b-2c03-4382-a7de-6a1e0ffdac47,01/02/2012,Feb-12,2,2012,WEMMERSHOEK,Major Dam,58644,47.01,41638,71
ef129f85-6118-4cee-841c-9a8f1987a79f,02/02/2012,Feb-12,2,2012,WEMMERSHOEK,Major Dam,58644,46.98,41565,70.88
269d3efe-5a88-49ec-9a19-20be6190446d,03/02/2012,Feb-12,2,2012,WEMMERSHOEK,Major Dam,58644,46.94,41471,70.72
77d1bc68-3185-4c97-8959-48119a3cb1a4,04/02/2012,Feb-12,2,2012,WEMMERSHOEK,Major Dam,58644,46.91,41399,70.59
90b001f2-54d3-4e8f-a75f-d8b4390e1b08,05/02/2012,Feb-12,2,2012,WEMMERSHOEK,Major Dam,58644,46.85,41257,70.35
db3ad649-22f6-4e3c-bf8b-fe3dd52c4610,06/02/2012,Feb-12,2,2012,WEMMERSHOEK,Major Dam,58644,46.83,41210,70.27
e0fa6e18-8b92-4534-90c2-05eebe491721,07/02/2012,Feb-12,2,2012,WEMMERSHOEK,Major Dam,58644,46.81,41162,70.19
ac239b45-4021-4bc2-9161-09c83c355b22,08/02/2012,Feb-12,2,2012,WEMMERSHOEK,Major Dam,58644,46.71,40925,69.79
aa23b04e-dbb8-416f-b91e-60582f87d0a5,09/02/2012,Feb-12,2,2012,WEMMERSHOEK,Major Dam,58644,46.6,40665,69.34
9155a201-de62-46d6-8cf9-dc6bc683e119,10/02/2012,Feb-12,2,2012,WEMMERSHOEK,Major Dam,58644,46.55,40548,69.14
b6cb530a-bb7c-492d-b3c6-c8d7657b1a16,11/02/2012,Feb-12,2,2012,WEMMERSHOEK,Major Dam,58644,46.5,40431,68.94
fe6a057f-1877-4eec-bd83-7dc44f36deec,12/02/2012,Feb-12,2,2012,WEMMERSHOEK,Major Dam,58644,46.44,40291,68.7
e31c560b-3554-4296-b2de-c2b0d03b5d0c,13/02/2012,Feb-12,2,2012,WEMMERSHOEK,Major Dam,58644,46.39,40172,68.5
71af255a-d694-4ebe-818e-f3386cab697f,14/02/2012,Feb-12,2,2012,WEMMERSHOEK,Major Dam,58644,46.33,40033,68.26
8fef5f6f-87cf-47d1-b148-0d750f9ff24a,15/02/2012,Feb-12,2,2012,WEMMERSHOEK,Major Dam,58644,46.26,39871,67.99
f6c4abac-604f-445b-b747-97ac10f3a1ce,16/02/2012,Feb-12,2,2012,WEMMERSHOEK,Major Dam,58644,46.19,39709,67.71
6a1db756-7d0d-4991-b340-eeae08a682e2,17/02/2012,Feb-12,2,2012,WEMMERSHOEK,Major Dam,58644,46.11,39524,67.4
b0964ec3-cf84-421f-b12b-286f579d85c4,18/02/2012,Feb-12,2,2012,WEMMERSHOEK,Major Dam,58644,46.02,39317,67.04
d2218ee4-cda0-4a4e-a566-a72ee108f865,19/02/2012,Feb-12,2,2012,WEMMERSHOEK,Major Dam,58644,45.93,39111,66.69
79d1499d-3ce7-4427-bb43-e3e0051d704d,20/02/2012,Feb-12,2,2012,WEMMERSHOEK,Major Dam,58644,45.89,39020,66.54
ba4ef8ca-09c4-4955-99b1-8cc0fcb600cc,21/02/2012,Feb-12,2,2012,WEMMERSHOEK,Major Dam,58644,45.78,38767,66.11
4b360959-33de-435b-b67b-79e5d0174f4f,22/02/2012,Feb-12,2,2012,WEMMERSHOEK,Major Dam,58644,45.68,38542,65.72
daa69889-0d81-4df7-bae7-c8fe93f23ca1,23/02/2012,Feb-12,2,2012,WEMMERSHOEK,Major Dam,58644,45.6,38362,65.42
ca2f2173-c6f2-42d0-90ef-036dab5c6950,24/02/2012,Feb-12,2,2012,WEMMERSHOEK,Major Dam,58644,45.5,38136,65.03
5efa7e63-c37d-4315-9dd8-6d6453301fd4,25/02/2012,Feb-12,2,2012,WEMMERSHOEK,Major Dam,58644,45.45,38024,64.84
690c5b72-3227-49a5-b9d9-3a80d7cb7e78,26/02/2012,Feb-12,2,2012,WEMMERSHOEK,Major Dam,58644,45.33,37755,64.38
6d39a890-60ba-4414-9204-a68f7d5e52d2,27/02/2012,Feb-12,2,2012,WEMMERSHOEK,Major Dam,58644,45.25,37576,64.07
4d843ee4-3d65-4eda-b3df-c6f586528354,28/02/2012,Feb-12,2,2012,WEMMERSHOEK,Major Dam,58644,45.18,37417,63.8
cf31672b-528a-44e2-b9f9-c9f8ea07ed09,29/02/2012,Feb-12,2,2012,WEMMERSHOEK,Major Dam,58644,45.06,37153,63.35
03485ed6-154c-4dbd-b241-8b2bc7dd2f35,01/03/2012,Mar-12,3,2012,WEMMERSHOEK,Major Dam,58644,44.97,36954,63.01
ef30cb52-9416-41f6-87a1-2ff798b7c01c,02/03/2012,Mar-12,3,2012,WEMMERSHOEK,Major Dam,58644,44.9,36799,62.75
7a8d0758-4617-4394-bcd9-06ce2f9bc58b,03/03/2012,Mar-12,3,2012,WEMMERSHOEK,Major Dam,58644,44.82,36622,62.45
cfaabc17-c734-4d2f-b7e9-09d62c074cbe,04/03/2012,Mar-12,3,2012,WEMMERSHOEK,Major Dam,58644,44.73,36426,62.11
3a513616-5b8b-423e-acbc-bdf147a87219,05/03/2012,Mar-12,3,2012,WEMMERSHOEK,Major Dam,58644,44.59,36119,61.59
045c22c9-a7ab-42ca-9e77-14f02ec12736,06/03/2012,Mar-12,3,2012,WEMMERSHOEK,Major Dam,58644,44.48,35883,61.19
61a5241e-f42d-4894-987f-0c73630a33ea,07/03/2012,Mar-12,3,2012,WEMMERSHOEK,Major Dam,58644,44.39,35689,60.86
4f2f84e2-2dcf-498b-90e5-04b1e51cd06a,08/03/2012,Mar-12,3,2012,WEMMERSHOEK,Major Dam,58644,44.32,35539,60.6
ad5a88c1-25a1-4527-b397-743e9fa383be,09/03/2012,Mar-12,3,2012,WEMMERSHOEK,Major Dam,58644,44.21,35303,60.2
d3cd2edb-38da-4bc5-a8da-10d3d11a1342,10/03/2012,Mar-12,3,2012,WEMMERSHOEK,Major Dam,58644,44.09,35046,59.76
ed5cd2fd-5762-49c5-a622-32aca2fae262,11/03/2012,Mar-12,3,2012,WEMMERSHOEK,Major Dam,58644,44.03,34918,59.54
904dedc4-1045-4566-8ecb-af9a543f2794,12/03/2012,Mar-12,3,2012,WEMMERSHOEK,Major Dam,58644,43.93,34705,59.18
0400a18e-c3dc-4565-819b-83c9a61fa1f8,13/03/2012,Mar-12,3,2012,WEMMERSHOEK,Major Dam,58644,43.88,34599,59
e047602f-33ff-46c4-92d3-c27d0e068218,14/03/2012,Mar-12,3,2012,WEMMERSHOEK,Major Dam,58644,43.76,34346,58.57
31e5837f-a313-4a5a-85ce-cdc51625ac59,15/03/2012,Mar-12,3,2012,WEMMERSHOEK,Major Dam,58644,43.7,34220,58.35
06e5530a-5954-4c92-bd23-32de585e90b4,16/03/2012,Mar-12,3,2012,WEMMERSHOEK,Major Dam,58644,43.59,33989,57.96
ce46c814-25bf-4e12-bab0-3b605d5a05f8,17/03/2012,Mar-12,3,2012,WEMMERSHOEK,Major Dam,58644,43.46,33718,57.5
5eaacf5e-9e89-4162-b3f1-d5de2cc49744,18/03/2012,Mar-12,3,2012,WEMMERSHOEK,Major Dam,58644,43.37,33530,57.18
6e37b011-208e-4816-8fe6-a682fe1fa174,19/03/2012,Mar-12,3,2012,WEMMERSHOEK,Major Dam,58644,43.31,33404,56.96
66976df9-53c8-4a4d-975f-d6fa84623571,20/03/2012,Mar-12,3,2012,WEMMERSHOEK,Major Dam,58644,43.2,33177,56.57
c2cb3caf-b856-44d5-bef9-218ada9a0cd7,21/03/2012,Mar-12,3,2012,WEMMERSHOEK,Major Dam,58644,43.09,32951,56.19
45f24e1e-9087-42c5-9e20-4710f97b912b,22/03/2012,Mar-12,3,2012,WEMMERSHOEK,Major Dam,58644,43.01,32786,55.91
dc86b1b3-e3b3-46cd-bf80-87d50330db7b,23/03/2012,Mar-12,3,2012,WEMMERSHOEK,Major Dam,58644,42.9,32561,55.52
94f4721e-6457-4c78-bd47-fd770981d786,24/03/2012,Mar-12,3,2012,WEMMERSHOEK,Major Dam,58644,42.8,32366,55.19
20315acd-0053-4368-bf74-33daa7d5ea43,25/03/2012,Mar-12,3,2012,WEMMERSHOEK,Major Dam,58644,42.71,32172,54.86
63a8e086-7884-44cb-80fb-da97c910be38,26/03/2012,Mar-12,3,2012,WEMMERSHOEK,Major Dam,58644,42.62,31989,54.55
ea538aab-c944-4d1c-ad25-39c46d293ec9,27/03/2012,Mar-12,3,2012,WEMMERSHOEK,Major Dam,58644,42.52,31787,54.2
273a019d-b659-4aca-896a-844cbd825293,28/03/2012,Mar-12,3,2012,WEMMERSHOEK,Major Dam,58644,42.43,31604,53.89
63d2fb48-b06a-46df-9095-244165d17fb5,29/03/2012,Mar-12,3,2012,WEMMERSHOEK,Major Dam,58644,42.33,31402,53.55
e5bb871d-6d40-458f-b8b0-3cc6fb9390d1,30/03/2012,Mar-12,3,2012,WEMMERSHOEK,Major Dam,58644,42.31,31362,53.48
f84c1a0d-6bc4-4340-92cb-525392d50132,31/03/2012,Mar-12,3,2012,WEMMERSHOEK,Major Dam,58644,42.13,31003,52.87
9b8aeecf-9101-4839-af1f-1a4bbb6c8203,01/04/2012,Apr-12,4,2012,WEMMERSHOEK,Major Dam,58644,42.05,30843,52.59
86aede71-7d70-4c56-9fa6-7314dcebc754,02/04/2012,Apr-12,4,2012,WEMMERSHOEK,Major Dam,58644,42,30744,52.42
75b6d895-08de-4cfe-9ec9-8328711543f1,03/04/2012,Apr-12,4,2012,WEMMERSHOEK,Major Dam,58644,41.89,30525,52.05
0d59ee5d-2bec-49c7-9b67-10adf9505d0d,04/04/2012,Apr-12,4,2012,WEMMERSHOEK,Major Dam,58644,41.8,30347,51.75
e3ebd6b1-5b87-45f4-b689-ab2e0b36f53d,05/04/2012,Apr-12,4,2012,WEMMERSHOEK,Major Dam,58644,41.71,30169,51.44
1c705540-aa00-42d1-aabd-ebcd97244275,06/04/2012,Apr-12,4,2012,WEMMERSHOEK,Major Dam,58644,41.6,29952,51.07
f89e266a-294c-411c-9c3d-db239697c7fd,07/04/2012,Apr-12,4,2012,WEMMERSHOEK,Major Dam,58644,41.48,29716,50.67
3626ee91-c04f-487e-8b4c-eb741222b8b2,08/04/2012,Apr-12,4,2012,WEMMERSHOEK,Major Dam,58644,41.53,29815,50.84
affd9b7e-4b3d-41c3-9480-ac4d062c549b,09/04/2012,Apr-12,4,2012,WEMMERSHOEK,Major Dam,58644,41.59,29933,51.04
97de6d3c-afb8-4b04-9d3d-ab6021602f47,10/04/2012,Apr-12,4,2012,WEMMERSHOEK,Major Dam,58644,41.56,29874,50.94
e1f2d448-a17e-448a-a86e-b8d594715e88,11/04/2012,Apr-12,4,2012,WEMMERSHOEK,Major Dam,58644,41.46,29677,50.61
b980ce84-7f7a-48ac-80a2-88081df49101,12/04/2012,Apr-12,4,2012,WEMMERSHOEK,Major Dam,58644,41.38,29522,50.34
bae7bbb5-46e8-4211-9d76-ac1d6f451bdb,13/04/2012,Apr-12,4,2012,WEMMERSHOEK,Major Dam,58644,41.27,29308,49.98
cdffec9c-4352-4c61-be44-3edd78582090,14/04/2012,Apr-12,4,2012,WEMMERSHOEK,Major Dam,58644,41.24,29250,49.88
89884360-49ed-4bf1-9b94-51ac84c2f6a8,15/04/2012,Apr-12,4,2012,WEMMERSHOEK,Major Dam,58644,41.17,29114,49.65
d7911c24-7db2-4a10-942f-04803425fe3c,16/04/2012,Apr-12,4,2012,WEMMERSHOEK,Major Dam,58644,41.1,28979,49.42
066d6825-f493-4ee8-a786-560ac12dcc58,17/04/2012,Apr-12,4,2012,WEMMERSHOEK,Major Dam,58644,41,28787,49.09
f84f27bd-7295-49ba-ae0d-7b0c4cb27336,18/04/2012,Apr-12,4,2012,WEMMERSHOEK,Major Dam,58644,40.95,28691,48.92
1e617a1f-8b81-4558-ad5f-661c28a5e44b,19/04/2012,Apr-12,4,2012,WEMMERSHOEK,Major Dam,58644,40.87,28534,48.66
65b7bef6-bc4d-4230-8410-21ada2856436,20/04/2012,Apr-12,4,2012,WEMMERSHOEK,Major Dam,58644,40.79,28381,48.4
9ceb374d-78dd-415c-8c21-d444d6f79948,21/04/2012,Apr-12,4,2012,WEMMERSHOEK,Major Dam,58644,40.75,28307,48.27
f3f4cf59-6274-41b1-8843-331783fb2319,22/04/2012,Apr-12,4,2012,WEMMERSHOEK,Major Dam,58644,40.67,28155,48.01
e2da8769-1272-48e2-be0e-3602a22f202b,23/04/2012,Apr-12,4,2012,WEMMERSHOEK,Major Dam,58644,40.64,28099,47.91
891d756d-d727-4e77-8c99-359a9f58f198,24/04/2012,Apr-12,4,2012,WEMMERSHOEK,Major Dam,58644,40.6,28025,47.79
0d915fb3-009f-4e23-9c6d-9d3f31505a96,25/04/2012,Apr-12,4,2012,WEMMERSHOEK,Major Dam,58644,40.52,27874,47.53
26539ba4-0068-40f8-974d-96ea9dcbd88b,26/04/2012,Apr-12,4,2012,WEMMERSHOEK,Major Dam,58644,40.46,27762,47.34
f6b907be-7e41-498c-9e78-13c2f437a3b2,27/04/2012,Apr-12,4,2012,WEMMERSHOEK,Major Dam,58644,40.45,27743,47.31
c12c93f7-920b-4594-8706-2f4343524eb7,28/04/2012,Apr-12,4,2012,WEMMERSHOEK,Major Dam,58644,40.37,27594,47.05
78c4faf0-4438-4620-8900-d8642e65e00b,29/04/2012,Apr-12,4,2012,WEMMERSHOEK,Major Dam,58644,40.3,27463,46.83
2ede1b0d-fda3-43d2-b751-c2048d85cacc,30/04/2012,Apr-12,4,2012,WEMMERSHOEK,Major Dam,58644,40.24,27352,46.64
11bcac43-6265-4e30-91db-028d6491c11b,01/05/2012,May-12,5,2012,WEMMERSHOEK,Major Dam,58644,40.61,28043,47.82
e62dfe39-4547-410b-835b-c1c1f27cb555,02/05/2012,May-12,5,2012,WEMMERSHOEK,Major Dam,58644,40.69,28192,48.07
75e20746-3d7b-476d-a13b-258ab41e84cc,03/05/2012,May-12,5,2012,WEMMERSHOEK,Major Dam,58644,40.68,28173,48.04
79d7997c-2ff5-422d-949c-cae4e680dfdd,04/05/2012,May-12,5,2012,WEMMERSHOEK,Major Dam,58644,41.01,28806,49.12
39bbdb21-1f99-4e89-9ad0-a1d5f240eef7,05/05/2012,May-12,5,2012,WEMMERSHOEK,Major Dam,58644,41.06,28902,49.28
15e50004-e5d3-4736-9dfc-ba08bb57fb54,06/05/2012,May-12,5,2012,WEMMERSHOEK,Major Dam,58644,41.04,28864,49.22
ab1c4f60-fe62-4ac5-8156-6c52c9c2a54f,07/05/2012,May-12,5,2012,WEMMERSHOEK,Major Dam,58644,41.01,28806,49.12
2355329d-4ec1-4917-92e2-33ca9d12ae25,08/05/2012,May-12,5,2012,WEMMERSHOEK,Major Dam,58644,40.96,28710,48.96
ed52ac9f-73b6-4cc8-aa7e-77a13a7a34bd,09/05/2012,May-12,5,2012,WEMMERSHOEK,Major Dam,58644,40.9,28591,48.75
643ded6b-085e-46d3-9e09-d06319b78f90,10/05/2012,May-12,5,2012,WEMMERSHOEK,Major Dam,58644,40.83,28459,48.53
2f42568e-7f16-4b74-ba4d-ca5f84ae8da3,11/05/2012,May-12,5,2012,WEMMERSHOEK,Major Dam,58644,40.76,28326,48.3
32293e5b-ddb8-42c7-912d-cad91bc9fab5,12/05/2012,May-12,5,2012,WEMMERSHOEK,Major Dam,58644,40.69,28192,48.07
ae69b826-e338-4185-b723-aa8768123588,13/05/2012,May-12,5,2012,WEMMERSHOEK,Major Dam,58644,40.62,28062,47.85
97726a03-cc5c-4baf-b521-e32dcd4c29d2,14/05/2012,May-12,5,2012,WEMMERSHOEK,Major Dam,58644,40.55,27929,47.62
3baf0379-c9d6-4826-aa0c-bceb496e421a,15/05/2012,May-12,5,2012,WEMMERSHOEK,Major Dam,58644,40.44,27724,47.28
a8da9c61-e6b9-4fcb-af49-0dde2ea8c819,16/05/2012,May-12,5,2012,WEMMERSHOEK,Major Dam,58644,40.34,27538,46.96
5095472a-aeef-48ea-a53a-8927483561dc,17/05/2012,May-12,5,2012,WEMMERSHOEK,Major Dam,58644,40.24,27352,46.64
49277e55-6f36-403f-b3e3-9d36d6e028b0,18/05/2012,May-12,5,2012,WEMMERSHOEK,Major Dam,58644,40.2,27278,46.51
c3211f64-4f8d-4b02-83a7-6d62ebb11aca,19/05/2012,May-12,5,2012,WEMMERSHOEK,Major Dam,58644,40.16,27204,46.39
81cb2e19-5490-4a9a-b86d-7a71cdc1de94,20/05/2012,May-12,5,2012,WEMMERSHOEK,Major Dam,58644,40.13,27148,46.29
fbeb589f-94a4-4a04-9975-56ca6d62c396,21/05/2012,May-12,5,2012,WEMMERSHOEK,Major Dam,58644,40.05,27000,46.04
7399a16e-77bc-41f3-8f40-f2de12597955,22/05/2012,May-12,5,2012,WEMMERSHOEK,Major Dam,58644,39.98,26872,45.82
590ee57b-4dc4-4d98-9ef1-244f66da7271,23/05/2012,May-12,5,2012,WEMMERSHOEK,Major Dam,58644,39.9,26724,45.57
dcea2158-991d-4ad1-98b4-b67936023554,24/05/2012,May-12,5,2012,WEMMERSHOEK,Major Dam,58644,39.8,26542,45.26
89f4d14e-9283-4013-aa79-f06792ae3b3f,25/05/2012,May-12,5,2012,WEMMERSHOEK,Major Dam,58644,39.73,26414,45.04
7c29113f-df82-4299-8fc8-688d7f112d9b,26/05/2012,May-12,5,2012,WEMMERSHOEK,Major Dam,58644,39.82,26578,45.32
aa95635e-c4b6-40b7-bb9c-0a4add76b4c4,27/05/2012,May-12,5,2012,WEMMERSHOEK,Major Dam,58644,39.83,26596,45.35
a4ea76f4-c1df-4740-a0b7-3849b45d5254,28/05/2012,May-12,5,2012,WEMMERSHOEK,Major Dam,58644,39.79,26523,45.23
c3276aa7-4206-4996-8555-48c20e02297d,29/05/2012,May-12,5,2012,WEMMERSHOEK,Major Dam,58644,39.75,26451,45.1
432de857-2062-4633-a63b-414c674f6a64,30/05/2012,May-12,5,2012,WEMMERSHOEK,Major Dam,58644,39.71,26378,44.98
8a32f3c5-3bdb-4bc6-9dad-e198919295b1,31/05/2012,May-12,5,2012,WEMMERSHOEK,Major Dam,58644,39.66,26287,44.82
b2afe7a3-0610-4f38-89d7-6c250a41fe12,01/06/2012,Jun-12,6,2012,WEMMERSHOEK,Major Dam,58644,39.62,26214,44.7
742c44e6-927d-4a61-8d8e-e5249b44d374,02/06/2012,Jun-12,6,2012,WEMMERSHOEK,Major Dam,58644,39.53,26052,44.42
9d831817-7f3f-49f2-9971-814c0bb56d7c,03/06/2012,Jun-12,6,2012,WEMMERSHOEK,Major Dam,58644,39.51,26016,44.36
1710634e-8c81-4302-9a20-92896163ee87,04/06/2012,Jun-12,6,2012,WEMMERSHOEK,Major Dam,58644,39.44,25889,44.15
76f7cb58-0b0d-46e0-ad9d-b1e3bffc6ca6,05/06/2012,Jun-12,6,2012,WEMMERSHOEK,Major Dam,58644,39.39,25799,43.99
8830d5f1-e1e0-46f2-a204-a647b84a61d1,06/06/2012,Jun-12,6,2012,WEMMERSHOEK,Major Dam,58644,39.36,25745,43.9
c8b8f98a-0c3d-41d5-b195-08bd7d0bc63f,07/06/2012,Jun-12,6,2012,WEMMERSHOEK,Major Dam,58644,39.34,25709,43.84
59b58b0e-1bc1-4b1a-aa3e-88c2a7ad3e3c,08/06/2012,Jun-12,6,2012,WEMMERSHOEK,Major Dam,58644,40.04,26982,46.01
1737063d-09ca-4b1d-9b41-88d46ddda0a7,09/06/2012,Jun-12,6,2012,WEMMERSHOEK,Major Dam,58644,40.59,28004,47.75
9eee8411-2d9f-4d5f-a72e-82d8f9b6aec8,10/06/2012,Jun-12,6,2012,WEMMERSHOEK,Major Dam,58644,40.71,28233,48.14
4e81fbcc-2d1f-4a44-81a3-648a4cc4eed6,11/06/2012,Jun-12,6,2012,WEMMERSHOEK,Major Dam,58644,40.78,28363,48.36
5d2ee5d6-3902-42dd-a34f-ee35d183577c,12/06/2012,Jun-12,6,2012,WEMMERSHOEK,Major Dam,58644,40.78,28363,48.36
dcd52d29-ef74-4906-b18d-aadd5a35f565,13/06/2012,Jun-12,6,2012,WEMMERSHOEK,Major Dam,58644,40.81,28422,48.47
54aeb1be-967c-450e-bba3-1c9835e116d1,14/06/2012,Jun-12,6,2012,WEMMERSHOEK,Major Dam,58644,40.77,28344,48.33
258ee5f2-c523-48bf-ad7a-8f5a8835b94c,15/06/2012,Jun-12,6,2012,WEMMERSHOEK,Major Dam,58644,40.71,28233,48.14
d05a45f4-9ebf-4ab5-aef8-9005b96a7eaf,16/06/2012,Jun-12,6,2012,WEMMERSHOEK,Major Dam,58644,40.72,28251,48.17
c24222c9-5d6a-455b-995b-22274d0c2b59,17/06/2012,Jun-12,6,2012,WEMMERSHOEK,Major Dam,58644,40.68,28173,48.04
86708bc7-fdc5-4b93-8a34-5245daa3b149,18/06/2012,Jun-12,6,2012,WEMMERSHOEK,Major Dam,58644,40.66,28136,47.98
0162d636-c27e-40a6-bd2d-ee8a448dd9d2,19/06/2012,Jun-12,6,2012,WEMMERSHOEK,Major Dam,58644,40.61,28043,47.82
91d86aee-f5e0-491e-a547-a3fb3dd4e8aa,20/06/2012,Jun-12,6,2012,WEMMERSHOEK,Major Dam,58644,40.54,27911,47.59
2dc57680-efd0-46fb-8d5b-d16a6841e242,21/06/2012,Jun-12,6,2012,WEMMERSHOEK,Major Dam,58644,40.5,27836,47.47
621cf474-ddad-4ed9-a216-ee8b57db6a1a,22/06/2012,Jun-12,6,2012,WEMMERSHOEK,Major Dam,58644,40.46,27762,47.34
c32ecbc4-d40f-45ea-8b90-c5b9db22e6a0,23/06/2012,Jun-12,6,2012,WEMMERSHOEK,Major Dam,58644,40.42,27687,47.21
7d75e455-6d81-49c7-8fd6-725c86596d83,24/06/2012,Jun-12,6,2012,WEMMERSHOEK,Major Dam,58644,40.39,27631,47.12
446896ca-cb44-4541-8b9e-57c8302596e7,25/06/2012,Jun-12,6,2012,WEMMERSHOEK,Major Dam,58644,40.68,28173,48.04
cc6dd90a-645b-400f-adec-2ef98dc8961a,26/06/2012,Jun-12,6,2012,WEMMERSHOEK,Major Dam,58644,40.84,28478,48.56
8a778631-a9e5-442f-b306-92aa5d8939c5,27/06/2012,Jun-12,6,2012,WEMMERSHOEK,Major Dam,58644,41.41,29580,50.44
f8b63020-2142-4f49-9287-57a2422e6f14,28/06/2012,Jun-12,6,2012,WEMMERSHOEK,Major Dam,58644,41.56,29874,50.94
27074900-8205-433d-9c00-f7be5a34e411,29/06/2012,Jun-12,6,2012,WEMMERSHOEK,Major Dam,58644,41.66,30071,51.28
2b9276a3-3e44-4cb3-ab42-6946d69dd568,30/06/2012,Jun-12,6,2012,WEMMERSHOEK,Major Dam,58644,41.76,30268,51.61
36ee582a-4d6a-4d0b-8df0-1fb7fb2fb472,01/07/2012,Jul-12,7,2012,WEMMERSHOEK,Major Dam,58644,41.91,30565,52.12
7e13c43f-0c5e-4dea-8de5-e95d3ae4a5f3,02/07/2012,Jul-12,7,2012,WEMMERSHOEK,Major Dam,58644,41.97,30684,52.32
21311268-0921-4aab-89d4-22154823bb38,03/07/2012,Jul-12,7,2012,WEMMERSHOEK,Major Dam,58644,41.98,30704,52.36
27613dbc-7095-4449-9719-90f451fcb194,04/07/2012,Jul-12,7,2012,WEMMERSHOEK,Major Dam,58644,42.15,31043,52.93
e60f7839-4673-4971-8688-63fc711b03c8,05/07/2012,Jul-12,7,2012,WEMMERSHOEK,Major Dam,58644,42.31,31362,53.48
30035670-3b00-466f-bffa-d4403542627f,06/07/2012,Jul-12,7,2012,WEMMERSHOEK,Major Dam,58644,42.37,31482,53.68
8de29c4b-13ac-46c6-8e03-b2a32560ca71,07/07/2012,Jul-12,7,2012,WEMMERSHOEK,Major Dam,58644,42.45,31645,53.96
8b817dd9-72ff-4b36-a3b1-c5ee9bf3b250,08/07/2012,Jul-12,7,2012,WEMMERSHOEK,Major Dam,58644,42.53,31807,54.24
a42c1ed7-9601-48b0-891e-6b39691448d4,09/07/2012,Jul-12,7,2012,WEMMERSHOEK,Major Dam,58644,42.88,32520,55.45
da5df448-793e-40f1-81d5-3a7e3362cc08,10/07/2012,Jul-12,7,2012,WEMMERSHOEK,Major Dam,58644,43.2,33177,56.57
1366d59e-fd6b-42a7-a389-3a0dbe404c4a,11/07/2012,Jul-12,7,2012,WEMMERSHOEK,Major Dam,58644,43.37,33530,57.18
7548071c-0903-4d8a-95f0-713d10e501af,12/07/2012,Jul-12,7,2012,WEMMERSHOEK,Major Dam,58644,43.55,33905,57.81
8028c424-33e5-4109-b90c-886d44db0cd8,13/07/2012,Jul-12,7,2012,WEMMERSHOEK,Major Dam,58644,43.63,34073,58.1
0a5701d0-d292-48e0-b6e5-ccd9661c4ca3,14/07/2012,Jul-12,7,2012,WEMMERSHOEK,Major Dam,58644,43.68,34178,58.28
b81f4a68-2a39-46fa-9138-cd7eefd072e4,15/07/2012,Jul-12,7,2012,WEMMERSHOEK,Major Dam,58644,43.74,34304,58.5
067ccd76-0a7c-485e-9d4e-3fef2e502fef,16/07/2012,Jul-12,7,2012,WEMMERSHOEK,Major Dam,58644,43.82,34473,58.78
4c871aad-887c-4e66-9fee-3ff661a5e433,17/07/2012,Jul-12,7,2012,WEMMERSHOEK,Major Dam,58644,43.81,34452,58.75
73686f47-9198-4f18-8807-e639258e807b,18/07/2012,Jul-12,7,2012,WEMMERSHOEK,Major Dam,58644,43.84,34515,58.86
c56b3b0c-fc24-4c2b-8e71-20b57460f52b,19/07/2012,Jul-12,7,2012,WEMMERSHOEK,Major Dam,58644,43.89,34620,59.03
d03fcb8c-b0a2-405f-9e10-0ac92ad7add4,20/07/2012,Jul-12,7,2012,WEMMERSHOEK,Major Dam,58644,43.91,34662,59.11
8cbacf97-b2fd-43f8-b1bb-610791b134d9,21/07/2012,Jul-12,7,2012,WEMMERSHOEK,Major Dam,58644,44.25,35389,60.35
d4088533-8034-4380-adb8-21818ec83189,22/07/2012,Jul-12,7,2012,WEMMERSHOEK,Major Dam,58644,45.04,37108,63.28
8107f09a-a8bf-43ac-9a37-e948e48c0a29,23/07/2012,Jul-12,7,2012,WEMMERSHOEK,Major Dam,58644,45.29,37666,64.23
f00f35cc-a241-4910-baa6-e5b354a0b0c1,24/07/2012,Jul-12,7,2012,WEMMERSHOEK,Major Dam,58644,45.43,37979,64.76
caaa6417-98e0-4135-b757-c78a5301946d,25/07/2012,Jul-12,7,2012,WEMMERSHOEK,Major Dam,58644,45.52,38181,65.11
9d353a21-cc54-43f0-8d31-151344917be6,26/07/2012,Jul-12,7,2012,WEMMERSHOEK,Major Dam,58644,45.59,38339,65.38
f63fa82e-baf4-4e9a-9cb2-92327fb2ee5b,27/07/2012,Jul-12,7,2012,WEMMERSHOEK,Major Dam,58644,45.65,38474,65.61
0264fe1c-ce38-4ef2-80d3-8277532547c3,28/07/2012,Jul-12,7,2012,WEMMERSHOEK,Major Dam,58644,45.72,38632,65.88
71414c34-ea0c-44e7-bec5-a6a7fc007c50,29/07/2012,Jul-12,7,2012,WEMMERSHOEK,Major Dam,58644,45.76,38722,66.03
160a0ab2-b3ab-4bcc-a1fa-f170565ac205,30/07/2012,Jul-12,7,2012,WEMMERSHOEK,Major Dam,58644,45.82,38860,66.26
00d9e5f1-3a74-4dc5-8d6b-df490373b809,31/07/2012,Jul-12,7,2012,WEMMERSHOEK,Major Dam,58644,45.88,38997,66.5
e408edc1-00f7-4318-811d-b45b83c6a0f7,01/08/2012,Aug-12,8,2012,WEMMERSHOEK,Major Dam,58644,45.91,39066,66.62
9963f267-e5ea-4cb4-a3c6-15ba0ac3b83f,02/08/2012,Aug-12,8,2012,WEMMERSHOEK,Major Dam,58644,45.93,39111,66.69
04a6995f-13e2-4de9-9ac9-dfd28e031d3d,03/08/2012,Aug-12,8,2012,WEMMERSHOEK,Major Dam,58644,45.97,39202,66.85
15243bd7-5268-4bd6-b9ec-beadd10a22d5,04/08/2012,Aug-12,8,2012,WEMMERSHOEK,Major Dam,58644,45.97,39202,66.85
3a79adf1-e44f-47f4-9f25-1a51080d06e5,05/08/2012,Aug-12,8,2012,WEMMERSHOEK,Major Dam,58644,46.01,39294,67
f507a616-d659-4944-9406-685b67cfc4d2,06/08/2012,Aug-12,8,2012,WEMMERSHOEK,Major Dam,58644,46.06,39408,67.2
40b5342f-ad57-4cd6-a2ed-95a9528322a0,07/08/2012,Aug-12,8,2012,WEMMERSHOEK,Major Dam,58644,46.23,39802,67.87
69ce6b58-956f-48fc-9591-6f562f6c3059,08/08/2012,Aug-12,8,2012,WEMMERSHOEK,Major Dam,58644,46.44,40291,68.7
b22cb9c6-6fe8-4d79-9943-fb9e9cf89a49,09/08/2012,Aug-12,8,2012,WEMMERSHOEK,Major Dam,58644,46.53,40501,69.06
eaad162e-78cf-45d3-8fda-aee57aeedea7,10/08/2012,Aug-12,8,2012,WEMMERSHOEK,Major Dam,58644,46.63,40735,69.46
402da2d4-edda-4f29-9476-bd6c63c14b8e,11/08/2012,Aug-12,8,2012,WEMMERSHOEK,Major Dam,58644,46.85,41257,70.35
14bd92f2-21e3-44a5-a4a4-2dad366f13e6,12/08/2012,Aug-12,8,2012,WEMMERSHOEK,Major Dam,58644,47.61,43091,73.48
37ff7478-6b38-4b1f-bb18-03e5f27742bd,13/08/2012,Aug-12,8,2012,WEMMERSHOEK,Major Dam,58644,47.92,43851,74.77
9ba6f135-71e6-4173-8ada-472b972f902d,14/08/2012,Aug-12,8,2012,WEMMERSHOEK,Major Dam,58644,48.1,44297,75.54
06cea741-5bdf-4ed4-a956-eae837711df1,15/08/2012,Aug-12,8,2012,WEMMERSHOEK,Major Dam,58644,48.92,46368,79.07
a6078db4-1ca6-474a-a1da-5395665dd180,16/08/2012,Aug-12,8,2012,WEMMERSHOEK,Major Dam,58644,49.91,48955,83.48
3ae667b8-c67a-4164-8071-cdad8fba77cb,17/08/2012,Aug-12,8,2012,WEMMERSHOEK,Major Dam,58644,50.52,50598,86.28
67cf0d58-d13c-4a68-87bf-7a15bbee5b24,18/08/2012,Aug-12,8,2012,WEMMERSHOEK,Major Dam,58644,50.81,51391,87.63
c4da9cea-fb40-4c22-93a4-2c0e5f1fa8ed,19/08/2012,Aug-12,8,2012,WEMMERSHOEK,Major Dam,58644,51,51916,88.53
314accb6-247a-47c1-9a74-8383090b488b,20/08/2012,Aug-12,8,2012,WEMMERSHOEK,Major Dam,58644,51.19,52442,89.42
edad8688-78c2-448c-b8cb-f7d461a33fcb,21/08/2012,Aug-12,8,2012,WEMMERSHOEK,Major Dam,58644,51.35,52889,90.19
37dd860d-5e3d-4351-83f5-8f94707e64ec,22/08/2012,Aug-12,8,2012,WEMMERSHOEK,Major Dam,58644,51.52,53367,91
bac94728-61e5-4883-aa1b-d4a282848197,23/08/2012,Aug-12,8,2012,WEMMERSHOEK,Major Dam,58644,51.6,53594,91.39
bad4d39c-db3c-41d6-beab-a534799be674,24/08/2012,Aug-12,8,2012,WEMMERSHOEK,Major Dam,58644,51.67,53788,91.72
7eaf31d1-5121-45e1-98c5-e44b106ff5fd,25/08/2012,Aug-12,8,2012,WEMMERSHOEK,Major Dam,58644,51.77,54072,92.2
1cffd6a9-0e72-4df1-b031-6e9b368ea60a,26/08/2012,Aug-12,8,2012,WEMMERSHOEK,Major Dam,58644,52.21,55336,94.36
6ba2a244-e81c-4cc3-bf35-80eaa86d2e26,27/08/2012,Aug-12,8,2012,WEMMERSHOEK,Major Dam,58644,52.43,55969,95.44
b17f7c6b-b5f8-412f-976d-a4ca6a227414,28/08/2012,Aug-12,8,2012,WEMMERSHOEK,Major Dam,58644,52.55,56319,96.04
a322cf35-986b-483d-a194-0359b0803092,29/08/2012,Aug-12,8,2012,WEMMERSHOEK,Major Dam,58644,52.64,56580,96.48
606a1eb7-962e-41db-854b-d3770899c08c,30/08/2012,Aug-12,8,2012,WEMMERSHOEK,Major Dam,58644,52.74,56872,96.98
92e39685-6086-4167-86a6-391dd52b7151,31/08/2012,Aug-12,8,2012,WEMMERSHOEK,Major Dam,58644,52.81,57077,97.33
740ffe95-ba48-4ae8-9d83-fc97aba13484,01/09/2012,Sep-12,9,2012,WEMMERSHOEK,Major Dam,58644,53.14,58050,98.99
8a08802d-2106-458b-a6af-8bcfd6f47994,02/09/2012,Sep-12,9,2012,WEMMERSHOEK,Major Dam,58644,53.24,58347,99.49
a93ac58c-215c-4c12-8b36-ae66321aed9d,03/09/2012,Sep-12,9,2012,WEMMERSHOEK,Major Dam,58644,53.32,58584,99.9
f3ff34c9-1840-46a2-a62f-be10d50ca66d,04/09/2012,Sep-12,9,2012,WEMMERSHOEK,Major Dam,58644,53.36,58703,100.1
9178b535-9581-475c-a952-75e389748858,05/09/2012,Sep-12,9,2012,WEMMERSHOEK,Major Dam,58644,53.39,58792,100.25
a285cec9-4161-4552-b23b-262b20f2dd83,06/09/2012,Sep-12,9,2012,WEMMERSHOEK,Major Dam,58644,53.35,58673,100.05
ce01e07c-11d2-4a58-bd6a-9756802f60d3,07/09/2012,Sep-12,9,2012,WEMMERSHOEK,Major Dam,58644,53.36,58703,100.1
8a30704e-99dc-4a69-ab1e-362991127ea1,08/09/2012,Sep-12,9,2012,WEMMERSHOEK,Major Dam,58644,53.35,58673,100.05
ef63d0db-3d61-4f6e-af1e-191caeb0f99f,09/09/2012,Sep-12,9,2012,WEMMERSHOEK,Major Dam,58644,53.34,58644,100
c933ab4c-b238-48ae-a5d7-b6b82e573b20,10/09/2012,Sep-12,9,2012,WEMMERSHOEK,Major Dam,58644,53.39,58792,100.25
09b97522-18dc-48a0-aca4-550ed9beca42,11/09/2012,Sep-12,9,2012,WEMMERSHOEK,Major Dam,58644,53.39,58792,100.25
30b430d4-26ed-4344-9252-431e810c21e5,12/09/2012,Sep-12,9,2012,WEMMERSHOEK,Major Dam,58644,53.38,58762,100.2
32ec98a8-08bb-47ef-8bcc-bc258251196d,13/09/2012,Sep-12,9,2012,WEMMERSHOEK,Major Dam,58644,53.4,58824,100.31
b7eb0a5e-c311-4150-8e0a-cc27194c2366,14/09/2012,Sep-12,9,2012,WEMMERSHOEK,Major Dam,58644,53.36,58703,100.1
67ae9306-a3ac-493a-996b-4d13c8cac445,15/09/2012,Sep-12,9,2012,WEMMERSHOEK,Major Dam,58644,53.36,58703,100.1
f9947b3b-1b32-46b7-9752-07e13257e5ab,16/09/2012,Sep-12,9,2012,WEMMERSHOEK,Major Dam,58644,53.37,58733,100.15
9b5596fd-4e39-4841-b7d7-932389909857,17/09/2012,Sep-12,9,2012,WEMMERSHOEK,Major Dam,58644,53.36,58703,100.1
9573f430-eca2-4249-bf51-5dbd11de4789,18/09/2012,Sep-12,9,2012,WEMMERSHOEK,Major Dam,58644,53.33,58614,99.95
5fe0b02c-1916-44b7-8576-5f9b3d3fd509,19/09/2012,Sep-12,9,2012,WEMMERSHOEK,Major Dam,58644,53.34,58644,100
c64b28ca-abaf-46b4-87ed-aa0ee8a9e75a,20/09/2012,Sep-12,9,2012,WEMMERSHOEK,Major Dam,58644,53.32,58584,99.9
bdf7ebee-1908-4615-8e89-605974ba3705,21/09/2012,Sep-12,9,2012,WEMMERSHOEK,Major Dam,58644,53.33,58614,99.95
6b179a4c-28a2-4d5f-b4e7-6b3dd64affb2,22/09/2012,Sep-12,9,2012,WEMMERSHOEK,Major Dam,58644,53.37,58733,100.15
7d6e429a-e575-452b-9c43-9990b8d52793,23/09/2012,Sep-12,9,2012,WEMMERSHOEK,Major Dam,58644,53.4,58824,100.31
01b0185a-b9f2-4fac-a91c-2ca6e64cdeb7,24/09/2012,Sep-12,9,2012,WEMMERSHOEK,Major Dam,58644,53.38,58762,100.2
cd6fdd57-010d-48ba-a6c0-031284407757,25/09/2012,Sep-12,9,2012,WEMMERSHOEK,Major Dam,58644,53.35,58673,100.05
170ff395-b346-44e4-9177-f91cb0a8bdc9,26/09/2012,Sep-12,9,2012,WEMMERSHOEK,Major Dam,58644,53.37,58733,100.15
aa44a90a-7b9a-4501-a70e-9ab98e3971e7,27/09/2012,Sep-12,9,2012,WEMMERSHOEK,Major Dam,58644,53.37,58733,100.15
6be5c95c-2875-4b97-ab60-1f8e821e59df,28/09/2012,Sep-12,9,2012,WEMMERSHOEK,Major Dam,58644,53.41,58854,100.36
b5c6fccd-4ac7-4c13-a1de-9db63846a8b1,29/09/2012,Sep-12,9,2012,WEMMERSHOEK,Major Dam,58644,53.36,58703,100.1
0d24edd0-9cee-4ba1-96bc-ce21cbe4419f,30/09/2012,Sep-12,9,2012,WEMMERSHOEK,Major Dam,58644,53.37,58733,100.15
eb9450cf-703e-4993-a457-76320c692917,01/10/2012,Oct-12,10,2012,WEMMERSHOEK,Major Dam,58644,53.37,58733,100.15
bed4f721-4b76-47f8-8bd4-354655fc2686,02/10/2012,Oct-12,10,2012,WEMMERSHOEK,Major Dam,58644,53.37,58733,100.15
671a0f2d-9b00-402b-896f-7ceac26c2a1a,03/10/2012,Oct-12,10,2012,WEMMERSHOEK,Major Dam,58644,53.37,58733,100.15
3a682862-5baa-453e-ac8a-d04c5dd6c824,04/10/2012,Oct-12,10,2012,WEMMERSHOEK,Major Dam,58644,53.37,58733,100.15
aa4d5692-ffc7-4e19-bb52-0ea31d90afd0,05/10/2012,Oct-12,10,2012,WEMMERSHOEK,Major Dam,58644,53.35,58673,100.05
28821cc4-d9ad-4edd-8a3f-863decb5a1a3,06/10/2012,Oct-12,10,2012,WEMMERSHOEK,Major Dam,58644,53.35,58673,100.05
f2560850-1225-42ac-aad2-5e3861eb98d3,07/10/2012,Oct-12,10,2012,WEMMERSHOEK,Major Dam,58644,53.38,58762,100.2
a12cf20a-8eea-474b-8835-05df5fa001dd,08/10/2012,Oct-12,10,2012,WEMMERSHOEK,Major Dam,58644,53.35,58673,100.05
36294a82-880e-4008-ac25-ba4f9cab9517,09/10/2012,Oct-12,10,2012,WEMMERSHOEK,Major Dam,58644,53.35,58673,100.05
fbba0a01-75f9-4240-ae7d-c3eee9eca433,10/10/2012,Oct-12,10,2012,WEMMERSHOEK,Major Dam,58644,53.33,58614,99.95
46db98e7-587c-4e30-bea0-154aa37d35ca,11/10/2012,Oct-12,10,2012,WEMMERSHOEK,Major Dam,58644,53.31,58554,99.85
a5650b1d-b7c5-4c01-aa51-c2e032186727,12/10/2012,Oct-12,10,2012,WEMMERSHOEK,Major Dam,58644,53.31,58554,99.85
5fad7175-94ac-4cde-ab43-eac17c4fea8f,13/10/2012,Oct-12,10,2012,WEMMERSHOEK,Major Dam,58644,53.27,58436,99.65
5391ee49-b215-40b5-ab07-0b1d9f0b6079,14/10/2012,Oct-12,10,2012,WEMMERSHOEK,Major Dam,58644,53.25,58376,99.54
cb2db4b1-c073-444c-b229-cbf809b10809,15/10/2012,Oct-12,10,2012,WEMMERSHOEK,Major Dam,58644,53.2,58228,99.29
bee61885-ca8c-4abe-b9b9-f2697cf70f7c,16/10/2012,Oct-12,10,2012,WEMMERSHOEK,Major Dam,58644,53.15,58080,99.04
94672853-6776-47bc-a395-e19f4eab644d,17/10/2012,Oct-12,10,2012,WEMMERSHOEK,Major Dam,58644,53.12,57991,98.89
3e404c7a-e34a-414b-a108-fd1b8af6dc18,18/10/2012,Oct-12,10,2012,WEMMERSHOEK,Major Dam,58644,53.08,57873,98.69
9eca94f9-26b6-4d76-b945-f66f032de7bf,19/10/2012,Oct-12,10,2012,WEMMERSHOEK,Major Dam,58644,53.07,57843,98.63
d7569d62-7be5-4a82-a70c-5b4df2ee3a83,20/10/2012,Oct-12,10,2012,WEMMERSHOEK,Major Dam,58644,53.11,57961,98.84
5597f95c-3d9e-4c3d-bde6-54fbfc7112e7,21/10/2012,Oct-12,10,2012,WEMMERSHOEK,Major Dam,58644,53.1,57931,98.78
5e891434-f9b9-4a73-9ae9-0f42eab3baab,22/10/2012,Oct-12,10,2012,WEMMERSHOEK,Major Dam,58644,53.1,57931,98.78
72729caf-d231-4df0-9b18-cb21d3483b6a,23/10/2012,Oct-12,10,2012,WEMMERSHOEK,Major Dam,58644,53.09,57903,98.74
f255f9c4-4077-4371-9f1a-e5f13a110f80,24/10/2012,Oct-12,10,2012,WEMMERSHOEK,Major Dam,58644,53.05,57784,98.53
ec0d2fe1-27fa-4810-ad53-741ecb540c9a,25/10/2012,Oct-12,10,2012,WEMMERSHOEK,Major Dam,58644,53.06,57814,98.58
34b3d597-cc0f-4fad-a1e3-1c848cd46a26,26/10/2012,Oct-12,10,2012,WEMMERSHOEK,Major Dam,58644,53.07,57843,98.63
d800033d-b6ee-4430-bc23-17e28a5f9aae,27/10/2012,Oct-12,10,2012,WEMMERSHOEK,Major Dam,58644,53.06,57814,98.58
37cff009-6ac1-4bfa-85b9-5b676ddae8ae,28/10/2012,Oct-12,10,2012,WEMMERSHOEK,Major Dam,58644,53.04,57754,98.48
003fcdf9-db54-467a-bbc8-b88452e339ea,29/10/2012,Oct-12,10,2012,WEMMERSHOEK,Major Dam,58644,53.03,57724,98.43
e20a4bb8-77ae-47be-840e-a8b4330a3f74,30/10/2012,Oct-12,10,2012,WEMMERSHOEK,Major Dam,58644,53.01,57665,98.33
d4fe483e-bd96-48b7-b4e2-debba6f7af48,31/10/2012,Oct-12,10,2012,WEMMERSHOEK,Major Dam,58644,53,57635,98.28
18160a04-d634-4e64-8bd4-932263d13479,01/11/2012,Nov-12,11,2012,WEMMERSHOEK,Major Dam,58644,52.98,57577,98.18
4b3dc115-d2e9-442a-ba5a-d357b9617de0,02/11/2012,Nov-12,11,2012,WEMMERSHOEK,Major Dam,58644,52.96,57518,98.08
fc32aa48-6043-4cb2-ad8f-da632a10716a,03/11/2012,Nov-12,11,2012,WEMMERSHOEK,Major Dam,58644,52.86,57224,97.58
758125a1-28cc-45ec-951d-1bf3b9ddc62b,04/11/2012,Nov-12,11,2012,WEMMERSHOEK,Major Dam,58644,52.84,57165,97.48
0913f38c-d2a9-429f-8a56-b25aaa0d51ef,05/11/2012,Nov-12,11,2012,WEMMERSHOEK,Major Dam,58644,52.93,57430,97.93
7951263e-eea2-4654-b94b-c5c8171347ca,06/11/2012,Nov-12,11,2012,WEMMERSHOEK,Major Dam,58644,52.89,57312,97.73
8ce1a958-a82d-495e-b5cc-6b07285d83e7,07/11/2012,Nov-12,11,2012,WEMMERSHOEK,Major Dam,58644,52.87,57254,97.63
367b0df6-1a9f-4cca-833a-96ec50c49d02,08/11/2012,Nov-12,11,2012,WEMMERSHOEK,Major Dam,58644,52.82,57107,97.38
c9684392-832a-4202-ad86-0257aaa84671,09/11/2012,Nov-12,11,2012,WEMMERSHOEK,Major Dam,58644,52.82,57107,97.38
76a5cd69-3dca-4e1b-b3c5-fefaf42d0b54,10/11/2012,Nov-12,11,2012,WEMMERSHOEK,Major Dam,58644,52.79,57019,97.23
80dd0cbf-4219-46e1-8aba-25661c24501a,11/11/2012,Nov-12,11,2012,WEMMERSHOEK,Major Dam,58644,52.77,56960,97.13
09c74fd8-f469-47f3-b060-a9d6d20aef34,12/11/2012,Nov-12,11,2012,WEMMERSHOEK,Major Dam,58644,52.75,56902,97.03
2ad5da62-fc11-424d-be8b-46706dcb0981,13/11/2012,Nov-12,11,2012,WEMMERSHOEK,Major Dam,58644,52.74,56872,96.98
e84512d5-e695-43d0-a796-de5c083478c2,14/11/2012,Nov-12,11,2012,WEMMERSHOEK,Major Dam,58644,52.72,56814,96.88
d948151c-c290-4f33-908a-c5f0de3d04e6,15/11/2012,Nov-12,11,2012,WEMMERSHOEK,Major Dam,58644,52.7,56755,96.78
277e04c2-e116-4833-927c-d7f2aa920cd9,16/11/2012,Nov-12,11,2012,WEMMERSHOEK,Major Dam,58644,52.66,56639,96.58
4e3ecd99-25cf-42ce-bbbd-22501e1505b0,17/11/2012,Nov-12,11,2012,WEMMERSHOEK,Major Dam,58644,52.63,56551,96.43
9a6de438-d942-4b7b-b2c0-fffdf7bd2201,18/11/2012,Nov-12,11,2012,WEMMERSHOEK,Major Dam,58644,52.61,56495,96.34
5dc627e5-78d4-4ead-9cb0-9bc13deb2153,19/11/2012,Nov-12,11,2012,WEMMERSHOEK,Major Dam,58644,52.6,56464,96.28
068ba3b6-4983-4d04-963b-f14bf64bf930,20/11/2012,Nov-12,11,2012,WEMMERSHOEK,Major Dam,58644,52.57,56377,96.13
d2091c3f-6d9f-45f5-9cf7-1f953b6e2d5c,21/11/2012,Nov-12,11,2012,WEMMERSHOEK,Major Dam,58644,52.51,56202,95.84
3f2a8c00-28f6-40b9-85b8-bb285a3562f4,22/11/2012,Nov-12,11,2012,WEMMERSHOEK,Major Dam,58644,52.48,56113,95.68
1003bd3c-9afc-4ed8-9a26-79fda71f0899,23/11/2012,Nov-12,11,2012,WEMMERSHOEK,Major Dam,58644,52.44,55998,95.49
6fa683f1-fbd6-42d4-be1e-4ef45efeb05b,24/11/2012,Nov-12,11,2012,WEMMERSHOEK,Major Dam,58644,52.41,55912,95.34
8b3699f3-d2ae-465e-aa47-dfde66492af2,25/11/2012,Nov-12,11,2012,WEMMERSHOEK,Major Dam,58644,52.4,55883,95.29
cf3b6255-e4c0-4ab3-8fef-53e3b9a73511,26/11/2012,Nov-12,11,2012,WEMMERSHOEK,Major Dam,58644,52.39,55854,95.24
a6ec43c9-279a-4c9b-98dd-12bb4410bb93,27/11/2012,Nov-12,11,2012,WEMMERSHOEK,Major Dam,58644,52.36,55768,95.1
b864b082-4460-40ee-82d6-0cf930465696,28/11/2012,Nov-12,11,2012,WEMMERSHOEK,Major Dam,58644,52.33,55682,94.95
1bab6bc8-6473-46b6-a2c2-5f33b51ed4b2,29/11/2012,Nov-12,11,2012,WEMMERSHOEK,Major Dam,58644,52.29,55565,94.75
79ac6cd0-69e0-40a7-a8fa-a32f4adf39df,30/11/2012,Nov-12,11,2012,WEMMERSHOEK,Major Dam,58644,52.25,55450,94.55
24f93a42-1af5-4735-a2c3-d4946049c261,01/12/2012,Dec-12,12,2012,WEMMERSHOEK,Major Dam,58644,52.22,55365,94.41
4e3f110e-f048-4232-9274-077a066559d7,02/12/2012,Dec-12,12,2012,WEMMERSHOEK,Major Dam,58644,52.17,55220,94.16
34d1ff29-a4c4-409c-9b90-f52888d3e04b,03/12/2012,Dec-12,12,2012,WEMMERSHOEK,Major Dam,58644,52.17,55220,94.16
652eac11-4232-4571-9fdd-b5e7f37a42a0,04/12/2012,Dec-12,12,2012,WEMMERSHOEK,Major Dam,58644,52.16,55191,94.11
36126a2c-8888-4958-a5fa-96d161f22f14,05/12/2012,Dec-12,12,2012,WEMMERSHOEK,Major Dam,58644,52.11,55048,93.87
b1171a26-6ccd-4716-a771-aeb97e0c4675,06/12/2012,Dec-12,12,2012,WEMMERSHOEK,Major Dam,58644,52.08,54962,93.72
76d39421-26d7-40e3-ba1a-337e0a85a7f5,07/12/2012,Dec-12,12,2012,WEMMERSHOEK,Major Dam,58644,52.06,54905,93.62
7786adc5-b2f8-4abc-a57a-916f77d7190b,08/12/2012,Dec-12,12,2012,WEMMERSHOEK,Major Dam,58644,52.01,54762,93.38
22b7b6e0-f7a2-419d-a99e-5ecd54761791,09/12/2012,Dec-12,12,2012,WEMMERSHOEK,Major Dam,58644,51.96,54619,93.14
55eda0d6-28e9-4887-ae15-cd9f1c536c49,10/12/2012,Dec-12,12,2012,WEMMERSHOEK,Major Dam,58644,51.9,54447,92.84
1f4127b1-2f7e-4056-91ff-dd2f1faa822b,11/12/2012,Dec-12,12,2012,WEMMERSHOEK,Major Dam,58644,51.85,54300,92.59
074802ea-1bb2-4fed-a9d4-09eb3aec1d83,12/12/2012,Dec-12,12,2012,WEMMERSHOEK,Major Dam,58644,51.79,54127,92.3
c54ee1fe-8930-47ac-bece-94802ad324d2,13/12/2012,Dec-12,12,2012,WEMMERSHOEK,Major Dam,58644,51.76,54044,92.16
bc97ce56-0a85-45a2-857d-be59a00c8545,14/12/2012,Dec-12,12,2012,WEMMERSHOEK,Major Dam,58644,51.71,53906,91.92
4b2ffb7d-7b27-48c6-bc93-67f8dcc56bbc,15/12/2012,Dec-12,12,2012,WEMMERSHOEK,Major Dam,58644,51.65,53733,91.63
a82527c7-9ab1-467b-9cea-06cc9b5a0841,16/12/2012,Dec-12,12,2012,WEMMERSHOEK,Major Dam,58644,51.61,53622,91.44
d503b563-6f84-41c5-9dbf-5846ede4fe25,17/12/2012,Dec-12,12,2012,WEMMERSHOEK,Major Dam,58644,51.54,53422,91.1
60261863-3ca2-4072-a1dc-9879fe1a6ea3,18/12/2012,Dec-12,12,2012,WEMMERSHOEK,Major Dam,58644,51.5,53311,90.91
d763ab5b-fad0-42ec-adeb-2680556a58c1,19/12/2012,Dec-12,12,2012,WEMMERSHOEK,Major Dam,58644,51.46,53197,90.71
8bd04f7b-87d3-4ecb-8dd5-3b1d08c3fa1a,20/12/2012,Dec-12,12,2012,WEMMERSHOEK,Major Dam,58644,51.39,53000,90.38
2a6c9cf7-b910-4572-8baf-2f81b1928ffc,21/12/2012,Dec-12,12,2012,WEMMERSHOEK,Major Dam,58644,51.34,52861,90.14
744674e7-3a88-428a-bed7-207ea274d1e7,22/12/2012,Dec-12,12,2012,WEMMERSHOEK,Major Dam,58644,51.26,52637,89.76
8fb0fa7c-1edf-44e2-9b1a-83b045190868,23/12/2012,Dec-12,12,2012,WEMMERSHOEK,Major Dam,58644,51.22,52526,89.57
00d5850e-ad89-4e4a-80ac-5f33a0fbf7b6,24/12/2012,Dec-12,12,2012,WEMMERSHOEK,Major Dam,58644,51.19,52442,89.42
e68ffd03-6bb3-444a-9d5f-f532ccd07da9,25/12/2012,Dec-12,12,2012,WEMMERSHOEK,Major Dam,58644,51.17,52387,89.33
8601d65a-8c01-4034-a17b-cd8dd7a176f1,26/12/2012,Dec-12,12,2012,WEMMERSHOEK,Major Dam,58644,51.12,52248,89.09
1fd73b5c-8253-4b5f-a577-5f531889d094,27/12/2012,Dec-12,12,2012,WEMMERSHOEK,Major Dam,58644,51.07,52109,88.86
6309f8d3-8933-4077-b562-79b63ab14fe4,28/12/2012,Dec-12,12,2012,WEMMERSHOEK,Major Dam,58644,51,51916,88.53
487bc8d0-c12a-45f0-ba60-bba40745b6e4,29/12/2012,Dec-12,12,2012,WEMMERSHOEK,Major Dam,58644,50.94,51747,88.24
1438ce0a-92b6-43f2-9858-09a8a4993224,30/12/2012,Dec-12,12,2012,WEMMERSHOEK,Major Dam,58644,50.9,51638,88.05
a6fb1f14-fa52-4334-81e1-ad174bc8f99a,31/12/2012,Dec-12,12,2012,WEMMERSHOEK,Major Dam,58644,50.84,51472,87.77
4b576439-cd2f-4b16-a03b-45967fffcd8e,01/01/2013,Jan-13,1,2013,WEMMERSHOEK,Major Dam,58644,50.77,51279,87.44
6e9a4537-a612-48fb-87c1-b511e7e2d7ef,02/01/2013,Jan-13,1,2013,WEMMERSHOEK,Major Dam,58644,50.73,51171,87.26
e63ee0d6-9025-460d-a70e-da948eca13b8,03/01/2013,Jan-13,1,2013,WEMMERSHOEK,Major Dam,58644,50.65,50950,86.88
d644ea1d-ba60-4ca1-b118-e3776b500639,04/01/2013,Jan-13,1,2013,WEMMERSHOEK,Major Dam,58644,50.61,50842,86.7
8ccd4daa-ce1d-4464-9ed2-777c631739b6,05/01/2013,Jan-13,1,2013,WEMMERSHOEK,Major Dam,58644,50.56,50706,86.46
85cfe3de-c9b8-4008-ab74-b39c33b5265b,06/01/2013,Jan-13,1,2013,WEMMERSHOEK,Major Dam,58644,50.5,50543,86.19
45496288-056e-4e94-bf0e-70483a1e3c63,07/01/2013,Jan-13,1,2013,WEMMERSHOEK,Major Dam,58644,50.45,50407,85.95
c14a93d7-647c-41d3-808d-29ab64fb76ae,08/01/2013,Jan-13,1,2013,WEMMERSHOEK,Major Dam,58644,50.42,50326,85.82
f2dbf4ae-cdd5-4fff-88ca-101d0d32435b,09/01/2013,Jan-13,1,2013,WEMMERSHOEK,Major Dam,58644,50.39,50244,85.68
c0362f13-4551-4914-879d-20bc82a7a941,10/01/2013,Jan-13,1,2013,WEMMERSHOEK,Major Dam,58644,50.34,50109,85.45
5d23ae97-c2a8-49f4-839b-9e12d6fda1e2,11/01/2013,Jan-13,1,2013,WEMMERSHOEK,Major Dam,58644,50.31,50028,85.31
bdcd352b-b2a6-45a7-981e-44eca12c6244,12/01/2013,Jan-13,1,2013,WEMMERSHOEK,Major Dam,58644,50.28,49946,85.17
8ce13a79-0597-475d-ab15-be16197c1cea,13/01/2013,Jan-13,1,2013,WEMMERSHOEK,Major Dam,58644,50.23,49812,84.94
07c618da-84fa-45b0-b8f3-ef006f71e761,14/01/2013,Jan-13,1,2013,WEMMERSHOEK,Major Dam,58644,50.2,49732,84.8
51b38ad6-db5d-4264-a0c7-54d6f63d8a66,15/01/2013,Jan-13,1,2013,WEMMERSHOEK,Major Dam,58644,50.17,49651,84.67
d0d22fc9-9edc-4988-9b3a-5ad51b92598e,16/01/2013,Jan-13,1,2013,WEMMERSHOEK,Major Dam,58644,50.12,49517,84.44
72fab5c8-ac7f-401b-98eb-5bde2b8dcac1,17/01/2013,Jan-13,1,2013,WEMMERSHOEK,Major Dam,58644,50.07,49382,84.21
6e3aeb2a-3693-43f7-8b5e-6ae0e1cdffe6,18/01/2013,Jan-13,1,2013,WEMMERSHOEK,Major Dam,58644,50.05,49329,84.12
c3d7114c-a226-4317-b49a-e6b99b677f50,19/01/2013,Jan-13,1,2013,WEMMERSHOEK,Major Dam,58644,49.97,49114,83.75
47e9b494-9b92-4772-b96b-60f32594cb73,20/01/2013,Jan-13,1,2013,WEMMERSHOEK,Major Dam,58644,49.93,49008,83.57
9737e8d7-6dc3-4a39-8c4c-0a52a7fd6d06,21/01/2013,Jan-13,1,2013,WEMMERSHOEK,Major Dam,58644,49.87,48849,83.3
ee668dc8-db6e-4f9b-a5bd-e4502fb9d5cf,22/01/2013,Jan-13,1,2013,WEMMERSHOEK,Major Dam,58644,49.81,48690,83.03
e46d55a4-3806-431d-9880-6c63199c0cf8,23/01/2013,Jan-13,1,2013,WEMMERSHOEK,Major Dam,58644,49.76,48557,82.8
9e99df92-8866-46d0-aa10-93caf4ddbd03,24/01/2013,Jan-13,1,2013,WEMMERSHOEK,Major Dam,58644,49.72,48451,82.62
f2188786-203c-49e3-90a6-e9700b2cccb4,25/01/2013,Jan-13,1,2013,WEMMERSHOEK,Major Dam,58644,49.66,48292,82.35
e2e2e9d9-5014-4334-bd05-521fcf91ef8f,26/01/2013,Jan-13,1,2013,WEMMERSHOEK,Major Dam,58644,49.59,48108,82.03
02d0745f-d070-4415-9bf5-c2775cf5ffbf,27/01/2013,Jan-13,1,2013,WEMMERSHOEK,Major Dam,58644,49.54,47977,81.81
2c4fa491-979d-4f97-a2c4-30a791f943c2,28/01/2013,Jan-13,1,2013,WEMMERSHOEK,Major Dam,58644,49.49,47846,81.59
6a7a2f70-07c3-4606-b81c-98819bb14247,29/01/2013,Jan-13,1,2013,WEMMERSHOEK,Major Dam,58644,49.44,47715,81.36
1920e2f6-c883-4ed8-93f3-738fcd0e1949,30/01/2013,Jan-13,1,2013,WEMMERSHOEK,Major Dam,58644,49.39,47581,81.14
eac59c81-bc86-4c23-9e42-eb6cd59e4c5b,31/01/2013,Jan-13,1,2013,WEMMERSHOEK,Major Dam,58644,49.33,47427,80.87
1d915036-8e74-46e5-a9e6-4731716ac5fb,01/02/2013,Feb-13,2,2013,WEMMERSHOEK,Major Dam,58644,49.26,47245,80.56
c83b1d5d-ed6a-4f4d-80cf-ed25f16d3119,02/02/2013,Feb-13,2,2013,WEMMERSHOEK,Major Dam,58644,49.21,47116,80.34
a2ab4c15-91b4-46a5-9063-4293f63522c0,03/02/2013,Feb-13,2,2013,WEMMERSHOEK,Major Dam,58644,49.13,46908,79.99
d4c52f35-f0fd-4bcb-9e37-ce29100a1664,04/02/2013,Feb-13,2,2013,WEMMERSHOEK,Major Dam,58644,49.09,46805,79.81
5ebdc2ea-f31d-4fa5-8142-261df98bc44c,05/02/2013,Feb-13,2,2013,WEMMERSHOEK,Major Dam,58644,49.03,46651,79.55
f92ad64d-c4f9-4fc4-a1d2-ee40c7e159ff,06/02/2013,Feb-13,2,2013,WEMMERSHOEK,Major Dam,58644,48.97,46497,79.29
f20757e4-4314-41b4-a1a3-e55a9ec8602c,07/02/2013,Feb-13,2,2013,WEMMERSHOEK,Major Dam,58644,48.91,46343,79.02
4a44dd57-9db9-4529-86d4-0e38ad1a0f95,08/02/2013,Feb-13,2,2013,WEMMERSHOEK,Major Dam,58644,48.86,46215,78.81
a1ade512-cb66-49b7-b893-6c6c40c3de67,09/02/2013,Feb-13,2,2013,WEMMERSHOEK,Major Dam,58644,48.84,46163,78.72
f6417f37-bbf0-4c10-83d8-cdcf218d65fd,10/02/2013,Feb-13,2,2013,WEMMERSHOEK,Major Dam,58644,48.82,46112,78.63
f78dc1d3-f10e-480e-a27f-d540f6bc1884,11/02/2013,Feb-13,2,2013,WEMMERSHOEK,Major Dam,58644,48.77,45984,78.41
686c146d-728e-413a-8a22-ee9f95a29600,12/02/2013,Feb-13,2,2013,WEMMERSHOEK,Major Dam,58644,48.72,45857,78.2
4463b692-c83a-48d4-9d22-c680ffeb743e,13/02/2013,Feb-13,2,2013,WEMMERSHOEK,Major Dam,58644,48.66,45705,77.94
fc9a611d-87a3-4119-b2d2-90eff407b69a,14/02/2013,Feb-13,2,2013,WEMMERSHOEK,Major Dam,58644,48.62,45603,77.76
203fa60f-ca0e-4b3c-b2c7-f14fc1c6a54c,15/02/2013,Feb-13,2,2013,WEMMERSHOEK,Major Dam,58644,48.56,45451,77.5
6934f2af-2a2d-4a5a-9317-2d6b1bd85a0e,16/02/2013,Feb-13,2,2013,WEMMERSHOEK,Major Dam,58644,48.5,45299,77.24
68768cb1-cd62-4503-9734-49b44c2f9f51,17/02/2013,Feb-13,2,2013,WEMMERSHOEK,Major Dam,58644,48.47,45223,77.11
307aad2f-c459-46fd-87e1-94200e86916f,18/02/2013,Feb-13,2,2013,WEMMERSHOEK,Major Dam,58644,48.4,45047,76.81
faeb08f4-def0-46e1-987b-52ab483bfdf1,19/02/2013,Feb-13,2,2013,WEMMERSHOEK,Major Dam,58644,48.37,44972,76.69
e35cc177-07d7-4d7c-b15a-84a5f9fe4ae0,20/02/2013,Feb-13,2,2013,WEMMERSHOEK,Major Dam,58644,48.3,44797,76.39
d9dfa959-d827-4c43-9405-42df818b4171,21/02/2013,Feb-13,2,2013,WEMMERSHOEK,Major Dam,58644,48.25,44671,76.17
905ac9e6-2367-4414-938d-b1f3c480d2ce,22/02/2013,Feb-13,2,2013,WEMMERSHOEK,Major Dam,58644,48.2,44546,75.96
731e8d24-a0b1-4982-8f96-ebb2a07ab459,23/02/2013,Feb-13,2,2013,WEMMERSHOEK,Major Dam,58644,48.13,44372,75.66
ac4accd2-e870-4db6-9a79-48ba36630f61,24/02/2013,Feb-13,2,2013,WEMMERSHOEK,Major Dam,58644,48.07,44221,75.41
74c1af3c-5192-4f8a-bbcb-013de7c829f2,25/02/2013,Feb-13,2,2013,WEMMERSHOEK,Major Dam,58644,48.03,44123,75.24
bebd44c9-0120-44f5-a3ba-9f68bee0a303,26/02/2013,Feb-13,2,2013,WEMMERSHOEK,Major Dam,58644,47.99,44022,75.07
d9aa8cb5-c590-4b2f-9111-a5185e5915a6,27/02/2013,Feb-13,2,2013,WEMMERSHOEK,Major Dam,58644,47.95,43924,74.9
2b19e302-85ac-44d3-abb1-e4135fb82b6e,28/02/2013,Feb-13,2,2013,WEMMERSHOEK,Major Dam,58644,47.89,43777,74.65
5799a637-451b-48ee-b1b5-e7f63869191f,01/03/2013,Mar-13,3,2013,WEMMERSHOEK,Major Dam,58644,47.81,43581,74.31
0fd5ae70-392c-4112-98be-3f394a106550,02/03/2013,Mar-13,3,2013,WEMMERSHOEK,Major Dam,58644,47.74,43409,74.02
89b52d1a-87a9-41ec-8e03-b8c7db299a69,03/03/2013,Mar-13,3,2013,WEMMERSHOEK,Major Dam,58644,47.68,43263,73.77
b1f57d62-a7d9-4e6e-bea5-15ce450dbd76,04/03/2013,Mar-13,3,2013,WEMMERSHOEK,Major Dam,58644,47.64,43165,73.61
4dd9f65e-b038-4541-8ef1-6f48cf7b3c75,05/03/2013,Mar-13,3,2013,WEMMERSHOEK,Major Dam,58644,47.59,43042,73.4
1b7a7e24-2e7c-4539-bd5e-de25d2f8ad2d,06/03/2013,Mar-13,3,2013,WEMMERSHOEK,Major Dam,58644,47.55,42944,73.23
6fd6228f-f1e5-42b4-9a06-75d8f4d556d8,07/03/2013,Mar-13,3,2013,WEMMERSHOEK,Major Dam,58644,47.48,42774,72.94
5e9d5805-b2f5-4de4-9995-e62791ab4b1a,08/03/2013,Mar-13,3,2013,WEMMERSHOEK,Major Dam,58644,47.44,42677,72.77
d58acdaa-235e-4d76-9e92-df21035bc7ce,09/03/2013,Mar-13,3,2013,WEMMERSHOEK,Major Dam,58644,47.44,42677,72.77
6cd14fc4-56d0-4725-8b6f-5c7d411631b5,10/03/2013,Mar-13,3,2013,WEMMERSHOEK,Major Dam,58644,47.38,42526,72.52
2a06f44c-fee1-4b49-9a3d-4a9d84ec2094,11/03/2013,Mar-13,3,2013,WEMMERSHOEK,Major Dam,58644,47.34,42432,72.36
7b2a3e2d-905a-4216-a478-f0e9236175e8,12/03/2013,Mar-13,3,2013,WEMMERSHOEK,Major Dam,58644,47.25,42213,71.98
c1b962a8-8871-41f3-9d52-d8a488772c53,13/03/2013,Mar-13,3,2013,WEMMERSHOEK,Major Dam,58644,47.21,42119,71.82
b2b1bcad-d018-4f37-b281-1ee6ab2c707f,14/03/2013,Mar-13,3,2013,WEMMERSHOEK,Major Dam,58644,47.15,41973,71.57
c4cc6af5-c83a-4890-b829-3ef2022ba991,15/03/2013,Mar-13,3,2013,WEMMERSHOEK,Major Dam,58644,47.08,41804,71.28
f46e0162-a98d-4efc-89bb-087ac8f1adce,16/03/2013,Mar-13,3,2013,WEMMERSHOEK,Major Dam,58644,47.02,41662,71.04
88482f06-96a4-4e20-9cf6-fdb1143aacad,17/03/2013,Mar-13,3,2013,WEMMERSHOEK,Major Dam,58644,46.96,41518,70.8
cf99bc1b-0322-45ef-8a13-6ccd81f288e7,18/03/2013,Mar-13,3,2013,WEMMERSHOEK,Major Dam,58644,46.89,41352,70.51
ab584c9a-dd7e-4dd1-8ece-6a1c878c9229,19/03/2013,Mar-13,3,2013,WEMMERSHOEK,Major Dam,58644,46.83,41210,70.27
8403ca66-ce34-4a53-8803-92c5a2b084df,20/03/2013,Mar-13,3,2013,WEMMERSHOEK,Major Dam,58644,46.75,41020,69.95
3f1b05e8-b3fa-48d7-9d20-290aeaa86a66,21/03/2013,Mar-13,3,2013,WEMMERSHOEK,Major Dam,58644,46.65,40782,69.54
97bf4b93-f67c-4d85-9cb9-81f043f14635,22/03/2013,Mar-13,3,2013,WEMMERSHOEK,Major Dam,58644,46.62,40712,69.42
6b761549-5187-48f8-8ba1-82834bbf3e87,23/03/2013,Mar-13,3,2013,WEMMERSHOEK,Major Dam,58644,46.55,40548,69.14
6e4fb499-8ef0-4fca-8e97-ab3d9f441f24,24/03/2013,Mar-13,3,2013,WEMMERSHOEK,Major Dam,58644,46.49,40408,68.9
cab3cc3a-d542-4d8a-b9fd-88f748ed3ff6,25/03/2013,Mar-13,3,2013,WEMMERSHOEK,Major Dam,58644,46.45,40314,68.74
7330f968-1dda-4149-bf09-a8c81df5f494,26/03/2013,Mar-13,3,2013,WEMMERSHOEK,Major Dam,58644,46.42,40244,68.62
b65bd737-cfa8-45bb-b99d-87fb7e9299ac,27/03/2013,Mar-13,3,2013,WEMMERSHOEK,Major Dam,58644,46.36,40102,68.38
d42e03ad-9360-44c7-a1ae-315e7bfa7085,28/03/2013,Mar-13,3,2013,WEMMERSHOEK,Major Dam,58644,46.3,39964,68.15
6b7e287c-3207-49d5-b263-19cab4cb5085,29/03/2013,Mar-13,3,2013,WEMMERSHOEK,Major Dam,58644,46.28,39917,68.07
f7e60e33-edf3-410b-b3f0-9662cca6c71b,30/03/2013,Mar-13,3,2013,WEMMERSHOEK,Major Dam,58644,46.27,39894,68.03
6a79ba09-5efe-478c-896c-4863012dae1d,31/03/2013,Mar-13,3,2013,WEMMERSHOEK,Major Dam,58644,46.26,39871,67.99
4063f8e8-1eb0-4778-81d7-ccc14d93da83,01/04/2013,Apr-13,4,2013,WEMMERSHOEK,Major Dam,58644,46.1,39501,67.36
c3ea5222-8d81-4005-824f-330539b6e74c,02/04/2013,Apr-13,4,2013,WEMMERSHOEK,Major Dam,58644,46.2,39733,67.75
f52be3c3-09d3-4592-b65c-3d40246fd97b,03/04/2013,Apr-13,4,2013,WEMMERSHOEK,Major Dam,58644,46.18,39680,67.66
607591cb-5b0d-484e-892e-dcc7540cc5c5,04/04/2013,Apr-13,4,2013,WEMMERSHOEK,Major Dam,58644,46.18,39680,67.66
3dd537e5-e982-4fb8-86b6-9696bf0991b1,05/04/2013,Apr-13,4,2013,WEMMERSHOEK,Major Dam,58644,46.09,39476,67.31
c28485a7-870d-44f6-8cb7-b57d64a9259c,06/04/2013,Apr-13,4,2013,WEMMERSHOEK,Major Dam,58644,46.06,39408,67.2
cfaf7650-219b-4f54-9a50-f867af8dfafa,07/04/2013,Apr-13,4,2013,WEMMERSHOEK,Major Dam,58644,46.02,39317,67.04
0a9f1c7d-3c74-4968-93c2-d02b9d09df00,08/04/2013,Apr-13,4,2013,WEMMERSHOEK,Major Dam,58644,45.99,39248,66.93
bffb4f04-74d2-4056-ac03-32a6365c9962,09/04/2013,Apr-13,4,2013,WEMMERSHOEK,Major Dam,58644,45.94,39134,66.73
dea60398-00c5-45e1-bda9-a1f608144a3d,10/04/2013,Apr-13,4,2013,WEMMERSHOEK,Major Dam,58644,45.92,39088,66.65
576dd446-2db8-4c51-a5b3-dc1bcccbf3d4,11/04/2013,Apr-13,4,2013,WEMMERSHOEK,Major Dam,58644,45.91,39066,66.62
39049db6-be04-40e3-bacc-48449b0a5d17,12/04/2013,Apr-13,4,2013,WEMMERSHOEK,Major Dam,58644,45.9,39043,66.58
4a2530fb-a469-4613-a459-03dde2154c5a,13/04/2013,Apr-13,4,2013,WEMMERSHOEK,Major Dam,58644,45.84,38906,66.34
561f4770-0301-4491-9fbd-58a6e4d8c638,14/04/2013,Apr-13,4,2013,WEMMERSHOEK,Major Dam,58644,45.7,38587,65.8
1e138896-33f3-4176-990f-63f399296b6b,15/04/2013,Apr-13,4,2013,WEMMERSHOEK,Major Dam,58644,45.7,38587,65.8
7801d25a-8564-4c26-b90b-eca8f738132d,16/04/2013,Apr-13,4,2013,WEMMERSHOEK,Major Dam,58644,45.63,38429,65.53
f11fca10-9c22-4083-8ee3-a3b9bb409e77,17/04/2013,Apr-13,4,2013,WEMMERSHOEK,Major Dam,58644,46.03,39339,67.08
8896c1e8-ac11-44e3-a4ac-8daa2fdaa2da,18/04/2013,Apr-13,4,2013,WEMMERSHOEK,Major Dam,58644,46.79,41115,70.11
b2c1eab0-c99d-414a-965d-65b8f6296787,19/04/2013,Apr-13,4,2013,WEMMERSHOEK,Major Dam,58644,46.92,41423,70.63
a3b0ed9d-d822-4255-83dd-e034488270e2,20/04/2013,Apr-13,4,2013,WEMMERSHOEK,Major Dam,58644,46.9,41376,70.55
90f86877-6e17-46c5-a3f9-8e586f572a88,21/04/2013,Apr-13,4,2013,WEMMERSHOEK,Major Dam,58644,46.9,41376,70.55
e309257b-ae42-4530-a3d4-2380219332d6,22/04/2013,Apr-13,4,2013,WEMMERSHOEK,Major Dam,58644,46.9,41376,70.55
05b4a7c2-df88-4381-b05a-93d4544ea043,23/04/2013,Apr-13,4,2013,WEMMERSHOEK,Major Dam,58644,46.89,41352,70.51
59031101-9a63-4bfc-ac49-e38e0ed52dd4,24/04/2013,Apr-13,4,2013,WEMMERSHOEK,Major Dam,58644,46.86,41281,70.39
47fd696d-7da4-4ee6-b6a7-dd49aac30588,25/04/2013,Apr-13,4,2013,WEMMERSHOEK,Major Dam,58644,46.84,41233,70.31
db28e52e-adf5-47e1-b5ce-8a93ce7f808f,26/04/2013,Apr-13,4,2013,WEMMERSHOEK,Major Dam,58644,46.81,41162,70.19
5905a00b-ba1a-49de-be41-c61be4d51798,27/04/2013,Apr-13,4,2013,WEMMERSHOEK,Major Dam,58644,46.78,41091,70.07
f0d99ea9-da5f-43f6-985e-db7c8ac6aa76,28/04/2013,Apr-13,4,2013,WEMMERSHOEK,Major Dam,58644,46.76,41044,69.99
f8b9a94d-0aca-49b2-b981-ecf7b496035c,29/04/2013,Apr-13,4,2013,WEMMERSHOEK,Major Dam,58644,46.72,40949,69.83
b3c8f3b7-c58b-4625-8478-b0b5a7ba3f94,30/04/2013,Apr-13,4,2013,WEMMERSHOEK,Major Dam,58644,46.69,40876,69.7
35c835e9-2e59-4c73-83e1-0198d1bc3c96,01/05/2013,May-13,5,2013,WEMMERSHOEK,Major Dam,58644,46.65,40782,69.54
8445466d-8ddc-4c04-8887-71a7a9a15cf9,02/05/2013,May-13,5,2013,WEMMERSHOEK,Major Dam,58644,46.64,40759,69.5
a602ac5f-f7b9-4903-aeea-fd2aef364565,03/05/2013,May-13,5,2013,WEMMERSHOEK,Major Dam,58644,46.6,40665,69.34
b67037e7-a5f7-4aa0-af01-ca56e752531d,04/05/2013,May-13,5,2013,WEMMERSHOEK,Major Dam,58644,46.59,40642,69.3
85dd5edb-822f-42dc-b267-b03a46c4ff17,05/05/2013,May-13,5,2013,WEMMERSHOEK,Major Dam,58644,46.55,40548,69.14
71cd75ca-54e6-4aa7-b0c8-cec958a86978,06/05/2013,May-13,5,2013,WEMMERSHOEK,Major Dam,58644,46.52,40478,69.02
b270b050-8eee-4b4e-8dd1-ec9d3090fb93,07/05/2013,May-13,5,2013,WEMMERSHOEK,Major Dam,58644,46.48,40384,68.86
bea50f5d-10a8-44fd-a3f9-da2645fadc0f,08/05/2013,May-13,5,2013,WEMMERSHOEK,Major Dam,58644,46.41,40220,68.58
b1fff5b7-c71c-4205-b69c-f95e238763ba,09/05/2013,May-13,5,2013,WEMMERSHOEK,Major Dam,58644,46.37,40125,68.42
e850a67e-8891-42bd-8fb2-bb9f771fe979,10/05/2013,May-13,5,2013,WEMMERSHOEK,Major Dam,58644,46.26,39871,67.99
caaa71b8-bf0e-433f-986e-660b754832e9,11/05/2013,May-13,5,2013,WEMMERSHOEK,Major Dam,58644,46.22,39779,67.83
ad064ce5-80d3-4b36-9110-9a48a5cf8725,12/05/2013,May-13,5,2013,WEMMERSHOEK,Major Dam,58644,46.21,39756,67.79
62c34a7c-ea96-43f3-8f67-02911e6ce929,13/05/2013,May-13,5,2013,WEMMERSHOEK,Major Dam,58644,46.06,39408,67.2
ab865e17-7532-4e66-ac03-b306f9bf46a2,14/05/2013,May-13,5,2013,WEMMERSHOEK,Major Dam,58644,45.97,39202,66.85
094a3ab9-d42e-49a8-9e37-2dbc6b158040,15/05/2013,May-13,5,2013,WEMMERSHOEK,Major Dam,58644,45.91,39066,66.62
dc4f9a26-92cf-4d8c-af8f-6b4ce78d8647,16/05/2013,May-13,5,2013,WEMMERSHOEK,Major Dam,58644,45.87,38974,66.46
b5a4e1e2-e599-4931-ab25-e4c7915ac8bf,17/05/2013,May-13,5,2013,WEMMERSHOEK,Major Dam,58644,45.78,38767,66.11
df90d40a-ca19-4812-8b6a-9bbd5779ff4d,18/05/2013,May-13,5,2013,WEMMERSHOEK,Major Dam,58644,45.65,38474,65.61
e5518d6b-b993-4a41-97d0-916d65a748b7,19/05/2013,May-13,5,2013,WEMMERSHOEK,Major Dam,58644,45.56,38271,65.26
d07b2732-d3d1-440f-a549-ccb984f4c5e0,20/05/2013,May-13,5,2013,WEMMERSHOEK,Major Dam,58644,45.53,38204,65.15
63357f92-c1bd-4a86-93c5-241661d45680,21/05/2013,May-13,5,2013,WEMMERSHOEK,Major Dam,58644,45.42,37956,64.72
2fb7360e-00af-473b-aaaf-0f702c4a2337,22/05/2013,May-13,5,2013,WEMMERSHOEK,Major Dam,58644,45.35,37800,64.46
0965381e-f3b5-48df-a196-7ef13c0416d6,23/05/2013,May-13,5,2013,WEMMERSHOEK,Major Dam,58644,45.27,37621,64.15
490ad77a-4ffa-4afd-8987-68152d200e88,24/05/2013,May-13,5,2013,WEMMERSHOEK,Major Dam,58644,45.15,37351,63.69
cdd946ef-2eee-4f21-9165-6a4de54f922a,25/05/2013,May-13,5,2013,WEMMERSHOEK,Major Dam,58644,45.09,37219,63.47
187b093f-315b-4fb0-95a4-cb2ae612f4e5,26/05/2013,May-13,5,2013,WEMMERSHOEK,Major Dam,58644,45.03,37086,63.24
50230b1a-1fe0-4015-8c6a-512b0e6bd81a,27/05/2013,May-13,5,2013,WEMMERSHOEK,Major Dam,58644,45.23,37531,64
9c673877-cfcd-41da-bf1d-ce78dc8b4eb4,28/05/2013,May-13,5,2013,WEMMERSHOEK,Major Dam,58644,45.35,37800,64.46
9e23fecc-cc53-4a90-83fa-5998a1ca6e40,29/05/2013,May-13,5,2013,WEMMERSHOEK,Major Dam,58644,45.51,38159,65.07
3daae28d-9368-4092-915f-bc0c228680ad,30/05/2013,May-13,5,2013,WEMMERSHOEK,Major Dam,58644,45.61,38384,65.45
4e9be459-e5fb-4e33-a71c-dbb1125011b4,31/05/2013,May-13,5,2013,WEMMERSHOEK,Major Dam,58644,45.87,38974,66.46
e7b05f24-f85a-4cb5-ab3d-9c2c4d3af707,01/06/2013,Jun-13,6,2013,WEMMERSHOEK,Major Dam,58644,46.01,39294,67
96c4bd0f-7d58-444a-9d2b-ee3429cdc160,02/06/2013,Jun-13,6,2013,WEMMERSHOEK,Major Dam,58644,46.95,41494,70.76
c6196a20-da97-44d9-be8f-71ad67642fdb,03/06/2013,Jun-13,6,2013,WEMMERSHOEK,Major Dam,58644,47.64,43165,73.61
c98204c9-7a70-4d80-9c97-842f60a3aceb,04/06/2013,Jun-13,6,2013,WEMMERSHOEK,Major Dam,58644,48.28,44747,76.3
e03d31cd-e937-4065-9c79-e8b6edee6921,05/06/2013,Jun-13,6,2013,WEMMERSHOEK,Major Dam,58644,48.65,45679,77.89
69c2121f-fe56-4343-8d86-3f20922dc0d6,06/06/2013,Jun-13,6,2013,WEMMERSHOEK,Major Dam,58644,48.78,46009,78.45
17f4c510-538f-4260-bdbc-8662d611dac6,07/06/2013,Jun-13,6,2013,WEMMERSHOEK,Major Dam,58644,48.85,46189,78.76
b70cb44d-450a-48ff-81d2-0cb54e13003e,08/06/2013,Jun-13,6,2013,WEMMERSHOEK,Major Dam,58644,48.96,46471,79.24
efcfe1ad-a630-4e7a-9128-8ddc3c75d3cd,09/06/2013,Jun-13,6,2013,WEMMERSHOEK,Major Dam,58644,49.41,47636,81.23
82c1cf7a-fee3-494f-9a23-28747734a843,10/06/2013,Jun-13,6,2013,WEMMERSHOEK,Major Dam,58644,49.53,47951,81.77
73e6717b-f16a-418d-a3eb-f686732c8464,11/06/2013,Jun-13,6,2013,WEMMERSHOEK,Major Dam,58644,49.59,48108,82.03
3263a710-9472-4df4-bd29-efca5b86341e,12/06/2013,Jun-13,6,2013,WEMMERSHOEK,Major Dam,58644,49.63,48214,82.21
7623ad0b-f0e9-47fa-a446-892696a157a7,13/06/2013,Jun-13,6,2013,WEMMERSHOEK,Major Dam,58644,49.65,48266,82.3
dd1e6380-adbe-40f4-8e9c-d00c972244be,14/06/2013,Jun-13,6,2013,WEMMERSHOEK,Major Dam,58644,49.73,48478,82.66
acd72d12-2fea-4113-aa92-e4e5c2d87df3,15/06/2013,Jun-13,6,2013,WEMMERSHOEK,Major Dam,58644,50.11,49490,84.39
e7c37a31-d7a6-46e0-8a5a-98c23411de39,16/06/2013,Jun-13,6,2013,WEMMERSHOEK,Major Dam,58644,50.2,49732,84.8
ca5a2c97-03be-4d04-ad59-cd736c50ecb3,17/06/2013,Jun-13,6,2013,WEMMERSHOEK,Major Dam,58644,50.25,49866,85.03
59d9869e-7bc2-4012-ab1a-23199a8705b5,18/06/2013,Jun-13,6,2013,WEMMERSHOEK,Major Dam,58644,50.26,49893,85.08
cd184514-c61c-46a9-99c3-a29eb6dbc0f1,19/06/2013,Jun-13,6,2013,WEMMERSHOEK,Major Dam,58644,50.27,49919,85.12
77ce61fe-a0bd-44b9-a289-10c748b80333,20/06/2013,Jun-13,6,2013,WEMMERSHOEK,Major Dam,58644,50.34,50109,85.45
13ccb1f2-3e19-4da2-937b-de340720221d,21/06/2013,Jun-13,6,2013,WEMMERSHOEK,Major Dam,58644,50.34,50109,85.45
707c2cbb-96f6-47f1-a7e3-8f065a48e754,22/06/2013,Jun-13,6,2013,WEMMERSHOEK,Major Dam,58644,50.36,50163,85.54
25a14dd3-1f93-4a91-bfe7-e9345498ed76,23/06/2013,Jun-13,6,2013,WEMMERSHOEK,Major Dam,58644,50.37,50190,85.58
af91cf1a-e675-4002-b52e-6029064c8d21,24/06/2013,Jun-13,6,2013,WEMMERSHOEK,Major Dam,58644,50.35,50136,85.49
d56b79f9-4642-42e3-b9bb-b1929c3ceb38,25/06/2013,Jun-13,6,2013,WEMMERSHOEK,Major Dam,58644,50.73,51171,87.26
ee6013ad-09cf-4c11-b228-8e5c7b0a42b2,26/06/2013,Jun-13,6,2013,WEMMERSHOEK,Major Dam,58644,51.24,52581,89.66
51c2a15c-242a-4136-895d-eefbab679b53,27/06/2013,Jun-13,6,2013,WEMMERSHOEK,Major Dam,58644,51.47,53225,90.76
83f3bdbe-7dbe-4145-af5f-a46b0ec88f2e,28/06/2013,Jun-13,6,2013,WEMMERSHOEK,Major Dam,58644,51.58,53533,91.28
ef5fa7ad-0081-41d4-b301-e885bb0aad9b,29/06/2013,Jun-13,6,2013,WEMMERSHOEK,Major Dam,58644,51.65,53733,91.63
293fded3-997b-4854-8f96-6ec16286753d,30/06/2013,Jun-13,6,2013,WEMMERSHOEK,Major Dam,58644,51.71,53906,91.92
d4466a3e-07bf-4461-847e-8437669e40d2,01/07/2013,Jul-13,7,2013,WEMMERSHOEK,Major Dam,58644,51.73,53961,92.01
4ff9e6ea-a1eb-42c8-ad9f-631b0b822786,02/07/2013,Jul-13,7,2013,WEMMERSHOEK,Major Dam,58644,51.77,54072,92.2
18782a44-d4c2-4d8e-9687-34a8e4982807,03/07/2013,Jul-13,7,2013,WEMMERSHOEK,Major Dam,58644,51.75,54016,92.11
f22133c8-ae49-4de2-ba97-ecbd97b38718,04/07/2013,Jul-13,7,2013,WEMMERSHOEK,Major Dam,58644,51.75,54016,92.11
86ad874c-bbb5-4786-a83f-542328410de7,05/07/2013,Jul-13,7,2013,WEMMERSHOEK,Major Dam,58644,51.74,53989,92.06
d82bc1a5-ac7d-4205-a892-e9262ff3151b,06/07/2013,Jul-13,7,2013,WEMMERSHOEK,Major Dam,58644,51.71,53906,91.92
4eb44935-9034-4052-8c57-e90df5e6bb87,07/07/2013,Jul-13,7,2013,WEMMERSHOEK,Major Dam,58644,51.72,53933,91.97
d538bcf3-d85b-4f4a-9eb1-c8cf44671211,08/07/2013,Jul-13,7,2013,WEMMERSHOEK,Major Dam,58644,51.72,53933,91.97
b9e98866-6218-48c3-866b-b77d600e9d01,09/07/2013,Jul-13,7,2013,WEMMERSHOEK,Major Dam,58644,51.7,53878,91.87
112286eb-bf96-4cef-9b54-d6d2b7d2cdcf,10/07/2013,Jul-13,7,2013,WEMMERSHOEK,Major Dam,58644,51.7,53878,91.87
6beacb60-e34e-4bec-9a27-fd4e762a8336,11/07/2013,Jul-13,7,2013,WEMMERSHOEK,Major Dam,58644,51.65,53733,91.63
be19d2a2-341f-49f0-bd18-d452b516c479,12/07/2013,Jul-13,7,2013,WEMMERSHOEK,Major Dam,58644,51.63,53678,91.53
43c90c10-1511-4c8f-a8a3-347cdc28a0d2,13/07/2013,Jul-13,7,2013,WEMMERSHOEK,Major Dam,58644,51.58,53533,91.28
971c7240-26a6-43f5-b691-558a692f630a,14/07/2013,Jul-13,7,2013,WEMMERSHOEK,Major Dam,58644,51.59,53561,91.33
d89ed638-68d3-4229-8081-4cf0d14c841d,15/07/2013,Jul-13,7,2013,WEMMERSHOEK,Major Dam,58644,51.57,53505,91.24
9f8fc370-e053-40d7-99c1-1e40ff1bbff1,16/07/2013,Jul-13,7,2013,WEMMERSHOEK,Major Dam,58644,51.58,53533,91.28
42167ff2-4516-4aeb-9c98-eebfda4720a9,17/07/2013,Jul-13,7,2013,WEMMERSHOEK,Major Dam,58644,51.56,53478,91.19
17abe2a1-cd19-4554-9ed7-1e8ddadc4e8a,18/07/2013,Jul-13,7,2013,WEMMERSHOEK,Major Dam,58644,51.56,53478,91.19
7a3062bd-5ffe-409a-b1f0-2bff33a144fd,19/07/2013,Jul-13,7,2013,WEMMERSHOEK,Major Dam,58644,51.95,54590,93.09
26f31283-01d8-4659-88e2-e3f82ea53123,20/07/2013,Jul-13,7,2013,WEMMERSHOEK,Major Dam,58644,,57312,97.73
6c1c6321-bb18-4983-a418-337bdcc5c32e,21/07/2013,Jul-13,7,2013,WEMMERSHOEK,Major Dam,58644,53.07,57843,98.63
f3c43431-14c1-4815-b081-fb5bbfe5a9fe,22/07/2013,Jul-13,7,2013,WEMMERSHOEK,Major Dam,58644,53.15,58080,99.04
b5c0d0e2-e201-45ee-aeca-b9b798cd887c,23/07/2013,Jul-13,7,2013,WEMMERSHOEK,Major Dam,58644,53.23,58317,99.44
ceabc7a1-5ded-4faf-9584-137ee9b5de2d,24/07/2013,Jul-13,7,2013,WEMMERSHOEK,Major Dam,58644,53.39,58792,100.25
6600803e-f307-4eb5-8dd6-33b91d8dc4b8,25/07/2013,Jul-13,7,2013,WEMMERSHOEK,Major Dam,58644,53.4,58824,100.31
e4e1fd31-cea6-451d-94bc-20ce7131eea9,26/07/2013,Jul-13,7,2013,WEMMERSHOEK,Major Dam,58644,53.41,58854,100.36
1755c404-9fc7-4c29-a567-e8f6d29379fe,27/07/2013,Jul-13,7,2013,WEMMERSHOEK,Major Dam,58644,53.39,58792,100.25
decffdce-c298-4a96-9859-27397aa02b8e,28/07/2013,Jul-13,7,2013,WEMMERSHOEK,Major Dam,58644,53.41,58854,100.36
b57f7ae6-2e55-44ed-8f05-fc0062f0b61b,29/07/2013,Jul-13,7,2013,WEMMERSHOEK,Major Dam,58644,53.41,58854,100.36
82176f70-da03-4bc1-afa8-27cee8894c3c,30/07/2013,Jul-13,7,2013,WEMMERSHOEK,Major Dam,58644,53.42,58884,100.41
875391e7-851c-4618-a71f-585467c0aa13,31/07/2013,Jul-13,7,2013,WEMMERSHOEK,Major Dam,58644,53.33,58614,99.95
fb701b9f-2d94-463a-9c02-93d15ffa5c9d,01/08/2013,Aug-13,8,2013,WEMMERSHOEK,Major Dam,58644,53.36,58703,100.1
366a5ce8-ef43-455b-a698-3cd418ba7dbc,02/08/2013,Aug-13,8,2013,WEMMERSHOEK,Major Dam,58644,53.32,58584,99.9
7f902e55-3821-4c3d-876f-c7f1ec2924ca,03/08/2013,Aug-13,8,2013,WEMMERSHOEK,Major Dam,58644,53.32,58584,99.9
ba226769-cf0e-4878-9396-0606f2afcf85,04/08/2013,Aug-13,8,2013,WEMMERSHOEK,Major Dam,58644,53.3,58525,99.8
b347cddd-db8e-45bc-b982-a6767d41eafd,05/08/2013,Aug-13,8,2013,WEMMERSHOEK,Major Dam,58644,53.31,58554,99.85
c23d1c70-f29f-4011-9116-1cb84ee1db7e,06/08/2013,Aug-13,8,2013,WEMMERSHOEK,Major Dam,58644,53.32,58584,99.9
1604c02e-9a57-4700-842f-2e1679b147fa,07/08/2013,Aug-13,8,2013,WEMMERSHOEK,Major Dam,58644,53.35,58673,100.05
2aa7e5a2-c181-45d0-aa94-72aa0c19854f,08/08/2013,Aug-13,8,2013,WEMMERSHOEK,Major Dam,58644,53.34,58644,100
b82e74a4-deac-401a-8345-dd41024a0f7e,09/08/2013,Aug-13,8,2013,WEMMERSHOEK,Major Dam,58644,53.31,58554,99.85
c3ac9cad-a2af-4ec6-989b-4f94d3ffdee7,10/08/2013,Aug-13,8,2013,WEMMERSHOEK,Major Dam,58644,53.29,58495,99.75
43baf005-57ac-408c-8bfd-9bbb872180b0,11/08/2013,Aug-13,8,2013,WEMMERSHOEK,Major Dam,58644,53.32,58584,99.9
5661378b-faaa-40ed-90f0-62ed21e7ce18,12/08/2013,Aug-13,8,2013,WEMMERSHOEK,Major Dam,58644,53.31,58554,99.85
371d7a4c-c854-4c8e-a107-91611b189253,13/08/2013,Aug-13,8,2013,WEMMERSHOEK,Major Dam,58644,53.39,58792,100.25
6a3e26ab-8e0b-47c1-8721-3e0424227db4,14/08/2013,Aug-13,8,2013,WEMMERSHOEK,Major Dam,58644,53.34,58644,100
a3e7004a-a06a-48ec-816a-94bbbd86131a,15/08/2013,Aug-13,8,2013,WEMMERSHOEK,Major Dam,58644,53.33,58614,99.95
1e09a994-b504-4f9a-b572-326f256bb910,16/08/2013,Aug-13,8,2013,WEMMERSHOEK,Major Dam,58644,53.37,58733,100.15
f38c55ef-82a7-4eec-ad01-7753bb72a9c3,17/08/2013,Aug-13,8,2013,WEMMERSHOEK,Major Dam,58644,53.34,58644,100
6de15e6d-07a4-47eb-b4f6-c801512488dd,18/08/2013,Aug-13,8,2013,WEMMERSHOEK,Major Dam,58644,53.32,58584,99.9
5f082d3d-b90b-451c-baa9-95684f46d101,19/08/2013,Aug-13,8,2013,WEMMERSHOEK,Major Dam,58644,53.31,58554,99.85
f5efa217-d5f1-42c3-ac8e-62fa72b85eea,20/08/2013,Aug-13,8,2013,WEMMERSHOEK,Major Dam,58644,53.32,58584,99.9
301030c1-a870-4f7d-90ec-4b72f1b1ad2c,21/08/2013,Aug-13,8,2013,WEMMERSHOEK,Major Dam,58644,53.32,58584,99.9
3472c1e2-771e-4026-ac43-978dbbcd2617,22/08/2013,Aug-13,8,2013,WEMMERSHOEK,Major Dam,58644,53.3,58525,99.8
e86ebdd6-673b-4e4f-8f68-a86621013266,23/08/2013,Aug-13,8,2013,WEMMERSHOEK,Major Dam,58644,53.32,58584,99.9
ca84418d-0a83-4af4-b7ce-6c028684899c,24/08/2013,Aug-13,8,2013,WEMMERSHOEK,Major Dam,58644,53.31,58554,99.85
502c5216-a259-4e65-996b-fa0487c3a322,25/08/2013,Aug-13,8,2013,WEMMERSHOEK,Major Dam,58644,53.3,58525,99.8
735952e7-7b4b-4128-b6fb-cb31e9e15bd4,26/08/2013,Aug-13,8,2013,WEMMERSHOEK,Major Dam,58644,53.3,58525,99.8
2432846c-6622-4b36-a5c8-4c55f6cd78a6,27/08/2013,Aug-13,8,2013,WEMMERSHOEK,Major Dam,58644,53.32,58584,99.9
b6395506-59a9-460d-9f73-0a4c105618f4,28/08/2013,Aug-13,8,2013,WEMMERSHOEK,Major Dam,58644,53.35,58673,100.05
0685e17a-8c14-416b-a88e-855b08b5939e,29/08/2013,Aug-13,8,2013,WEMMERSHOEK,Major Dam,58644,53.36,58703,100.1
83a4d1ac-3ee9-4c56-9385-4c191b3f8236,30/08/2013,Aug-13,8,2013,WEMMERSHOEK,Major Dam,58644,53.32,58584,99.9
66b31f43-03e5-4ae0-b3f7-e51e65d5ab91,31/08/2013,Aug-13,8,2013,WEMMERSHOEK,Major Dam,58644,53.35,58673,100.05
4bce4b7b-5bf4-4bfd-86a9-604197b2698c,01/09/2013,Sep-13,9,2013,WEMMERSHOEK,Major Dam,58644,53.31,58554,99.85
1e0a721d-de3e-4f7f-a03e-3f1ac9bc5502,02/09/2013,Sep-13,9,2013,WEMMERSHOEK,Major Dam,58644,53.32,58584,99.9
1680ac0d-321b-4bcd-a618-733edd3b44a4,03/09/2013,Sep-13,9,2013,WEMMERSHOEK,Major Dam,58644,53.34,58644,100
ec8df4b3-a7b6-4eca-a1ab-e8cb6cbc9817,04/09/2013,Sep-13,9,2013,WEMMERSHOEK,Major Dam,58644,53.31,58554,99.85
0a1f9041-bf49-4832-a1ed-530f756d1c44,05/09/2013,Sep-13,9,2013,WEMMERSHOEK,Major Dam,58644,53.34,58644,100
4dd3fceb-1a0d-43b9-b1dd-a190eb53d2e6,06/09/2013,Sep-13,9,2013,WEMMERSHOEK,Major Dam,58644,53.35,58673,100.05
0f5619e8-6467-4a29-8bf7-f60b65f9e3f1,07/09/2013,Sep-13,9,2013,WEMMERSHOEK,Major Dam,58644,53.32,58584,99.9
c78bd4a6-ba60-416f-9b72-f0ab68ab21ca,08/09/2013,Sep-13,9,2013,WEMMERSHOEK,Major Dam,58644,53.31,58554,99.85
56c2a8cf-bf24-48d1-87ff-f5f2dc157565,09/09/2013,Sep-13,9,2013,WEMMERSHOEK,Major Dam,58644,53.33,58614,99.95
eb442fff-0928-4e79-a3be-fcc3bc9a5484,10/09/2013,Sep-13,9,2013,WEMMERSHOEK,Major Dam,58644,53.31,58554,99.85
1f49ae62-54c4-4a95-835a-670a97083a10,11/09/2013,Sep-13,9,2013,WEMMERSHOEK,Major Dam,58644,53.32,58584,99.9
3332112e-b2f6-41da-8ba5-a2e21f00ea2b,12/09/2013,Sep-13,9,2013,WEMMERSHOEK,Major Dam,58644,53.3,58525,99.8
4869d19a-3ac2-4f35-9929-973f8207cdf7,13/09/2013,Sep-13,9,2013,WEMMERSHOEK,Major Dam,58644,53.33,58614,99.95
f13388ee-6880-490d-bfdc-39e09d9a0459,14/09/2013,Sep-13,9,2013,WEMMERSHOEK,Major Dam,58644,53.33,58614,99.95
10ac63a1-b01d-429d-8fa5-596b4730c0cb,15/09/2013,Sep-13,9,2013,WEMMERSHOEK,Major Dam,58644,53.32,58584,99.9
d07472a8-e77b-48ee-9612-a877e1751c63,16/09/2013,Sep-13,9,2013,WEMMERSHOEK,Major Dam,58644,53.32,58584,99.9
fd8b97ae-bd8f-4f50-b7e2-997ef3a1fe38,17/09/2013,Sep-13,9,2013,WEMMERSHOEK,Major Dam,58644,53.31,58554,99.85
b0790bf9-1896-4d4c-ae28-6dc97a374582,18/09/2013,Sep-13,9,2013,WEMMERSHOEK,Major Dam,58644,53.34,58644,100
75c53e8f-daeb-4db3-becc-274bf5db3883,19/09/2013,Sep-13,9,2013,WEMMERSHOEK,Major Dam,58644,53.3,58525,99.8
9e2ebc1e-445b-4638-9874-549ba613314a,20/09/2013,Sep-13,9,2013,WEMMERSHOEK,Major Dam,58644,53.36,58703,100.1
88773ac1-ce2b-4c95-a414-65af9191832e,21/09/2013,Sep-13,9,2013,WEMMERSHOEK,Major Dam,58644,53.32,58584,99.9
b6c03ded-f29e-4c6f-a95f-644ace9a53c6,22/09/2013,Sep-13,9,2013,WEMMERSHOEK,Major Dam,58644,53.31,58554,99.85
600a0f37-0913-4be1-87db-616becafa123,23/09/2013,Sep-13,9,2013,WEMMERSHOEK,Major Dam,58644,53.33,58614,99.95
8509781b-312f-4df5-85a3-1f1ae887da07,24/09/2013,Sep-13,9,2013,WEMMERSHOEK,Major Dam,58644,53.32,58584,99.9
77f268a0-f96b-4b3e-befc-fb96d023615c,25/09/2013,Sep-13,9,2013,WEMMERSHOEK,Major Dam,58644,53.32,58584,99.9
67c2b636-cb5b-4368-bf3e-77b10a357d32,26/09/2013,Sep-13,9,2013,WEMMERSHOEK,Major Dam,58644,53.32,58584,99.9
ddb25468-88d1-4940-acf0-3634da0ebf06,27/09/2013,Sep-13,9,2013,WEMMERSHOEK,Major Dam,58644,53.35,58673,100.05
d6322b03-5004-4c67-8b07-d155c082b559,28/09/2013,Sep-13,9,2013,WEMMERSHOEK,Major Dam,58644,53.35,58673,100.05
7c9352c1-f1e2-4e59-99b2-cf678870a0ef,29/09/2013,Sep-13,9,2013,WEMMERSHOEK,Major Dam,58644,53.35,58673,100.05
2367ffac-c151-4180-a95b-b002efe292f1,30/09/2013,Sep-13,9,2013,WEMMERSHOEK,Major Dam,58644,53.3,58525,99.8
9035e552-f3d5-4db2-96f3-6340f4b4fbf7,01/10/2013,Oct-13,10,2013,WEMMERSHOEK,Major Dam,58644,53.29,58495,99.75
fda0560f-20bf-4f16-a7d8-ff38630d5fda,02/10/2013,Oct-13,10,2013,WEMMERSHOEK,Major Dam,58644,53.33,58614,99.95
03dc4fbf-859c-4885-a4a5-aa6e7c0f9f1a,03/10/2013,Oct-13,10,2013,WEMMERSHOEK,Major Dam,58644,53.32,58584,99.9
1c4ee9de-0038-401e-a864-4ed1368729df,04/10/2013,Oct-13,10,2013,WEMMERSHOEK,Major Dam,58644,53.3,58525,99.8
82db5445-4799-4701-a125-2c4a1b8d757e,05/10/2013,Oct-13,10,2013,WEMMERSHOEK,Major Dam,58644,53.32,58584,99.9
d13d17eb-8f35-498b-a179-ea3bf062c0c9,06/10/2013,Oct-13,10,2013,WEMMERSHOEK,Major Dam,58644,53.3,58525,99.8
672eb4d4-2ffa-48f3-bd20-42dbdab6576c,07/10/2013,Oct-13,10,2013,WEMMERSHOEK,Major Dam,58644,53.32,58584,99.9
36cffd88-ff19-427f-ba70-57ac9c88820e,08/10/2013,Oct-13,10,2013,WEMMERSHOEK,Major Dam,58644,53.28,58466,99.7
7678dfbe-c2bd-48e6-a950-0a888092e8b2,09/10/2013,Oct-13,10,2013,WEMMERSHOEK,Major Dam,58644,53.26,58406,99.59
7563b594-002d-4e44-9630-926efddb1e19,10/10/2013,Oct-13,10,2013,WEMMERSHOEK,Major Dam,58644,53.24,58347,99.49
80c7d496-47ef-4a97-920d-b28f4e298776,11/10/2013,Oct-13,10,2013,WEMMERSHOEK,Major Dam,58644,53.23,58317,99.44
7f1aa3e4-fe86-4991-8572-0b40b34867a1,12/10/2013,Oct-13,10,2013,WEMMERSHOEK,Major Dam,58644,53.19,58198,99.24
b4ae6ffd-02a8-4202-9b73-2a6a1c558197,13/10/2013,Oct-13,10,2013,WEMMERSHOEK,Major Dam,58644,53.21,58258,99.34
348dc09c-77d5-4b27-8161-b1a40d65f310,14/10/2013,Oct-13,10,2013,WEMMERSHOEK,Major Dam,58644,53.2,58228,99.29
7c104cc8-b928-4161-8435-bae92b6b14ae,15/10/2013,Oct-13,10,2013,WEMMERSHOEK,Major Dam,58644,53.14,58050,98.99
63e5f124-f354-4b5e-ade3-63f81981708c,16/10/2013,Oct-13,10,2013,WEMMERSHOEK,Major Dam,58644,53.12,57991,98.89
502ce374-2723-4e96-ae8e-703ee1cadde6,17/10/2013,Oct-13,10,2013,WEMMERSHOEK,Major Dam,58644,53.08,57873,98.69
42fbfe31-5bc2-49d5-a918-3e7037d8f7a0,18/10/2013,Oct-13,10,2013,WEMMERSHOEK,Major Dam,58644,53.02,57695,98.38
173154bc-c05a-4c01-9ecc-337c965ccaf6,19/10/2013,Oct-13,10,2013,WEMMERSHOEK,Major Dam,58644,52.98,57577,98.18
89944697-6c88-4819-b4af-84b13464c014,20/10/2013,Oct-13,10,2013,WEMMERSHOEK,Major Dam,58644,52.93,57430,97.93
3e9527ba-aadd-4e10-9db1-44fdd8126f82,21/10/2013,Oct-13,10,2013,WEMMERSHOEK,Major Dam,58644,52.88,57283,97.68
cc2c81e4-8e29-4c67-ba5d-bc9ac574bd43,22/10/2013,Oct-13,10,2013,WEMMERSHOEK,Major Dam,58644,52.83,57136,97.43
68f973f2-6b70-41f5-b8b3-485f7a213100,23/10/2013,Oct-13,10,2013,WEMMERSHOEK,Major Dam,58644,52.79,57019,97.23
1e15fe31-0627-4e17-aa4f-7ee6b977946f,24/10/2013,Oct-13,10,2013,WEMMERSHOEK,Major Dam,58644,52.73,56843,96.93
6af2b011-ca5e-4f3e-8dff-14a4b22c082d,25/10/2013,Oct-13,10,2013,WEMMERSHOEK,Major Dam,58644,52.68,56697,96.68
526e0851-0a9e-4ed6-a547-7d745c0a85b6,26/10/2013,Oct-13,10,2013,WEMMERSHOEK,Major Dam,58644,52.65,56609,96.53
7598e58f-646d-45e2-b06e-b8509957949e,27/10/2013,Oct-13,10,2013,WEMMERSHOEK,Major Dam,58644,52.58,56406,96.18
fb44cd19-641f-40fb-886a-9e4b7a993dde,28/10/2013,Oct-13,10,2013,WEMMERSHOEK,Major Dam,58644,52.56,56348,96.08
c17177b1-9b87-4d53-a1c1-1681f0fbffc3,29/10/2013,Oct-13,10,2013,WEMMERSHOEK,Major Dam,58644,52.5,56173,95.79
1865152f-9c4b-4622-a4ec-36f62c6067aa,30/10/2013,Oct-13,10,2013,WEMMERSHOEK,Major Dam,58644,52.43,55969,95.44
6da9dad6-b048-48e6-8194-44b78aa60af7,31/10/2013,Oct-13,10,2013,WEMMERSHOEK,Major Dam,58644,52.49,56142,95.73
d4df5ae5-4916-4789-ac80-158c2eea0e9d,01/11/2013,Nov-13,11,2013,WEMMERSHOEK,Major Dam,58644,52.68,56697,96.68
1aeca954-c469-449c-b200-7c7294504d28,02/11/2013,Nov-13,11,2013,WEMMERSHOEK,Major Dam,58644,52.76,56931,97.08
103afe43-258d-46c2-904f-15bff5ff2c13,03/11/2013,Nov-13,11,2013,WEMMERSHOEK,Major Dam,58644,52.76,56931,97.08
598d8418-ea57-42b9-80d4-a139465d34dc,04/11/2013,Nov-13,11,2013,WEMMERSHOEK,Major Dam,58644,52.74,56872,96.98
c4d88ad8-6421-420f-9c86-73af48484496,05/11/2013,Nov-13,11,2013,WEMMERSHOEK,Major Dam,58644,52.68,56697,96.68
924c9c95-6cd3-4473-8526-3676bb2c4232,06/11/2013,Nov-13,11,2013,WEMMERSHOEK,Major Dam,58644,52.66,56639,96.58
2cf678f8-aa7f-4538-a01d-1f477d246775,07/11/2013,Nov-13,11,2013,WEMMERSHOEK,Major Dam,58644,52.61,56495,96.34
f8419e2a-ec37-405a-9895-3ecb1e6d97d6,08/11/2013,Nov-13,11,2013,WEMMERSHOEK,Major Dam,58644,52.59,56435,96.23
3b3c9097-6892-45ec-8cfc-406a4edbd9ca,09/11/2013,Nov-13,11,2013,WEMMERSHOEK,Major Dam,58644,52.55,56319,96.04
d9a0dcef-237a-4152-abff-97901932c109,10/11/2013,Nov-13,11,2013,WEMMERSHOEK,Major Dam,58644,52.5,56173,95.79
2b6fd467-3238-4f5f-8101-ea7af9a18743,11/11/2013,Nov-13,11,2013,WEMMERSHOEK,Major Dam,58644,52.46,56056,95.59
ec960c99-fee2-4a06-bfdd-62903992a8b5,12/11/2013,Nov-13,11,2013,WEMMERSHOEK,Major Dam,58644,52.39,55854,95.24
1acbb51c-fa33-4beb-bb31-d83a206a27ab,13/11/2013,Nov-13,11,2013,WEMMERSHOEK,Major Dam,58644,52.34,55710,95
c6d40e1b-097b-4ecf-9b9f-f7ec718cb475,14/11/2013,Nov-13,11,2013,WEMMERSHOEK,Major Dam,58644,52.29,55565,94.75
8ac4faec-7777-4d98-a9b0-a85c39cba834,15/11/2013,Nov-13,11,2013,WEMMERSHOEK,Major Dam,58644,52.23,55363,94.41
15180e7c-0b10-45b5-aafd-db509c5d9476,16/11/2013,Nov-13,11,2013,WEMMERSHOEK,Major Dam,58644,53.18,58169,99.19
3373304f-b3ab-4e49-a5c9-49ae557a2355,17/11/2013,Nov-13,11,2013,WEMMERSHOEK,Major Dam,58644,53.38,58762,100.2
1361a9e0-1a86-434c-ab07-9463368cf6e4,18/11/2013,Nov-13,11,2013,WEMMERSHOEK,Major Dam,58644,53.32,58584,99.9
76b59661-cf38-4bb3-989f-a438e8e50fe7,19/11/2013,Nov-13,11,2013,WEMMERSHOEK,Major Dam,58644,53.34,58644,100
99fe824d-0cee-4695-a397-a4e900314fe6,20/11/2013,Nov-13,11,2013,WEMMERSHOEK,Major Dam,58644,53.31,58554,99.85
474b8d46-252b-499e-bc5d-e2fce3561308,21/11/2013,Nov-13,11,2013,WEMMERSHOEK,Major Dam,58644,53.32,58584,99.9
4e1a7357-2192-4cd1-9468-add56ab381c8,22/11/2013,Nov-13,11,2013,WEMMERSHOEK,Major Dam,58644,53.33,58614,99.95
831b9633-db99-4aab-a57d-d77183d9aaed,23/11/2013,Nov-13,11,2013,WEMMERSHOEK,Major Dam,58644,53.31,58554,99.85
2eea52e4-c4f1-4fa2-b134-0f01d20e28a8,24/11/2013,Nov-13,11,2013,WEMMERSHOEK,Major Dam,58644,53.31,58554,99.85
52068748-42b4-49ee-9cc7-5fe9f76ca37f,25/11/2013,Nov-13,11,2013,WEMMERSHOEK,Major Dam,58644,53.31,58554,99.85
e8771e42-c6e9-4e01-817b-e141599b83c5,26/11/2013,Nov-13,11,2013,WEMMERSHOEK,Major Dam,58644,53.3,58525,99.8
dc3f1925-45b5-4024-9573-e3ac79645674,27/11/2013,Nov-13,11,2013,WEMMERSHOEK,Major Dam,58644,53.28,58466,99.7
65d418cd-d949-4b87-90d3-1917365cc547,28/11/2013,Nov-13,11,2013,WEMMERSHOEK,Major Dam,58644,53.25,58376,99.54
b77bc6a9-b244-4969-a873-9408759b0c9e,29/11/2013,Nov-13,11,2013,WEMMERSHOEK,Major Dam,58644,53.23,58317,99.44
3160b3b2-b2a3-4a0d-80ef-dff62117968c,30/11/2013,Nov-13,11,2013,WEMMERSHOEK,Major Dam,58644,53.12,57991,98.89
1f4bc2e1-4ce8-405e-9f23-1957dcf16068,01/12/2013,Dec-13,12,2013,WEMMERSHOEK,Major Dam,58644,53.12,57991,98.89
fd596a17-2c33-4be5-a586-8c232ed9e81f,02/12/2013,Dec-13,12,2013,WEMMERSHOEK,Major Dam,58644,53.11,57961,98.84
315b2536-9370-4eff-a75d-5dd0e57a5f4a,03/12/2013,Dec-13,12,2013,WEMMERSHOEK,Major Dam,58644,53.08,57873,98.69
b3cabff4-eba6-4ca6-9392-8f286c77e861,04/12/2013,Dec-13,12,2013,WEMMERSHOEK,Major Dam,58644,53.05,57784,98.53
d6a14bf4-8375-49d0-9782-10ed6b398a88,05/12/2013,Dec-13,12,2013,WEMMERSHOEK,Major Dam,58644,52.98,57577,98.18
afd99155-f67a-4b04-8a82-a767fcb555d7,06/12/2013,Dec-13,12,2013,WEMMERSHOEK,Major Dam,58644,52.9,57342,97.78
affc6c90-ea9a-45a2-a2ab-de870314f5c8,07/12/2013,Dec-13,12,2013,WEMMERSHOEK,Major Dam,58644,52.85,57195,97.53
825a022d-ef87-49a3-a887-3d95b44aa855,08/12/2013,Dec-13,12,2013,WEMMERSHOEK,Major Dam,58644,52.84,57165,97.48
5b2025eb-619d-4914-a5c2-08d15caba238,09/12/2013,Dec-13,12,2013,WEMMERSHOEK,Major Dam,58644,52.76,56931,97.08
43639d1e-c249-4daa-9410-bd47b7f0b2f5,10/12/2013,Dec-13,12,2013,WEMMERSHOEK,Major Dam,58644,52.69,56726,96.73
90df8614-b15d-47b3-b02a-6754445953f7,11/12/2013,Dec-13,12,2013,WEMMERSHOEK,Major Dam,58644,52.62,56522,96.38
cfa8e6f1-ba35-41dd-b40c-674aa9d6c7ad,12/12/2013,Dec-13,12,2013,WEMMERSHOEK,Major Dam,58644,52.58,56406,96.18
57dc6e8a-e12e-4cd4-9cf2-43c6589b84cd,13/12/2013,Dec-13,12,2013,WEMMERSHOEK,Major Dam,58644,52.49,56142,95.73
0cb61d86-5e7a-4247-a2a8-9ab71e0912fe,14/12/2013,Dec-13,12,2013,WEMMERSHOEK,Major Dam,58644,52.47,56085,95.64
fdcbf9c8-d4c1-4b2e-8c6e-e3e18778333b,15/12/2013,Dec-13,12,2013,WEMMERSHOEK,Major Dam,58644,52.39,55854,95.24
624c5f8b-bb34-49e2-ab93-e89bcf6b3884,16/12/2013,Dec-13,12,2013,WEMMERSHOEK,Major Dam,58644,52.32,55653,94.9
d5fcc1f7-cf04-46e2-ba2d-b8ae28c1f203,17/12/2013,Dec-13,12,2013,WEMMERSHOEK,Major Dam,58644,52.26,55479,94.6
fc173163-8dd4-4566-9539-351f1579673c,18/12/2013,Dec-13,12,2013,WEMMERSHOEK,Major Dam,58644,52.17,55220,94.16
d7dd1739-25e3-4ca6-bac9-a5ccad6a75c7,19/12/2013,Dec-13,12,2013,WEMMERSHOEK,Major Dam,58644,52.13,55106,93.97
b9efcf68-4911-4aec-a488-1d8ac1c5ec81,20/12/2013,Dec-13,12,2013,WEMMERSHOEK,Major Dam,58644,52.07,54934,93.67
a89b8127-5669-4200-b466-f385c62e9898,21/12/2013,Dec-13,12,2013,WEMMERSHOEK,Major Dam,58644,52,54733,93.33
c32df10f-d66a-471b-8bca-e97c6278e634,22/12/2013,Dec-13,12,2013,WEMMERSHOEK,Major Dam,58644,51.95,54590,93.09
96debc07-54cd-4802-b0f6-f96488ef5444,23/12/2013,Dec-13,12,2013,WEMMERSHOEK,Major Dam,58644,51.93,54533,92.99
f5093361-0054-43f3-8c27-fcdef32fd190,24/12/2013,Dec-13,12,2013,WEMMERSHOEK,Major Dam,58644,51.86,54327,92.64
f7262722-e8f5-445b-aeef-17d7028f6d7e,25/12/2013,Dec-13,12,2013,WEMMERSHOEK,Major Dam,58644,51.81,54189,92.4
62000d51-6ab3-47ac-b621-9a3b66e675ac,26/12/2013,Dec-13,12,2013,WEMMERSHOEK,Major Dam,58644,51.75,54016,92.11
0a6e039c-98ca-47f3-846e-6c74e91d10a8,27/12/2013,Dec-13,12,2013,WEMMERSHOEK,Major Dam,58644,51.67,53788,91.72
666469bb-7451-4098-82e1-b1fed7315087,28/12/2013,Dec-13,12,2013,WEMMERSHOEK,Major Dam,58644,51.59,53561,91.33
1d00bba3-6dd8-404c-95bb-5d6c2ec10b59,29/12/2013,Dec-13,12,2013,WEMMERSHOEK,Major Dam,58644,51.56,53478,91.19
3fc6edef-778e-43a1-973a-05646f5194fd,30/12/2013,Dec-13,12,2013,WEMMERSHOEK,Major Dam,58644,51.49,53280,90.85
d31f573f-1b90-46fb-81ad-ebf537574082,31/12/2013,Dec-13,12,2013,WEMMERSHOEK,Major Dam,58644,51.44,53142,90.62
d89b873e-081c-4dd9-b5d4-3b9a7ec36a94,01/01/2014,Jan-14,1,2014,WEMMERSHOEK,Major Dam,58644,51.31,52778,90
8c3d1f5b-fd8f-4063-b573-c47c204c7a7c,02/01/2014,Jan-14,1,2014,WEMMERSHOEK,Major Dam,58644,51.3,52751,89.95
d8140099-7880-4628-b888-e615c191a827,03/01/2014,Jan-14,1,2014,WEMMERSHOEK,Major Dam,58644,51.25,52609,89.71
5e830f11-a33b-402b-8a7a-c5b4ce3afe2a,04/01/2014,Jan-14,1,2014,WEMMERSHOEK,Major Dam,58644,51.18,52415,89.38
3d9f44b6-6a86-483c-8f42-7482e2fcdc90,05/01/2014,Jan-14,1,2014,WEMMERSHOEK,Major Dam,58644,51.1,52193,89
9486a7b6-42ff-4e96-930a-2ea12eecf053,06/01/2014,Jan-14,1,2014,WEMMERSHOEK,Major Dam,58644,51.06,52082,88.81
22a2ea53-cee1-4bf3-ad34-40eeedb37e97,07/01/2014,Jan-14,1,2014,WEMMERSHOEK,Major Dam,58644,51.05,52054,88.76
132f5f95-b51e-4acb-9cfa-ce22bf395a15,08/01/2014,Jan-14,1,2014,WEMMERSHOEK,Major Dam,58644,51.04,52026,88.71
ab28c15f-7cb2-4767-8061-cc29893e1406,09/01/2014,Jan-14,1,2014,WEMMERSHOEK,Major Dam,58644,51,51916,88.53
14a31c18-03e7-4fc5-ace9-0d9dccd5d849,10/01/2014,Jan-14,1,2014,WEMMERSHOEK,Major Dam,58644,51,51916,88.53
5fe6bff0-95c2-468d-8bd7-edcd9d0ba67d,11/01/2014,Jan-14,1,2014,WEMMERSHOEK,Major Dam,58644,51,51916,88.53
a3a00690-13eb-4798-92f9-2f347fefb3d2,12/01/2014,Jan-14,1,2014,WEMMERSHOEK,Major Dam,58644,50.94,51747,88.24
09c464a8-9f29-4607-8681-002509ab7ab2,13/01/2014,Jan-14,1,2014,WEMMERSHOEK,Major Dam,58644,50.92,51692,88.15
0900a35b-62a9-424d-855e-f3682938b13c,14/01/2014,Jan-14,1,2014,WEMMERSHOEK,Major Dam,58644,50.87,51553,87.91
76b631d5-5190-4ea5-a120-81b916579b1e,15/01/2014,Jan-14,1,2014,WEMMERSHOEK,Major Dam,58644,50.84,51472,87.77
361dda3a-e052-4ca9-846e-465709ba96d5,16/01/2014,Jan-14,1,2014,WEMMERSHOEK,Major Dam,58644,50.77,51279,87.44
095fc8a8-ecd9-451d-b9dd-93bd913789b3,17/01/2014,Jan-14,1,2014,WEMMERSHOEK,Major Dam,58644,50.74,51198,87.3
163e7803-3a1b-4636-af8a-6bfef713cf85,18/01/2014,Jan-14,1,2014,WEMMERSHOEK,Major Dam,58644,50.69,51059,87.07
038a3619-d9eb-4c7e-933e-cdaa9e299392,19/01/2014,Jan-14,1,2014,WEMMERSHOEK,Major Dam,58644,50.63,50896,86.79
30b5c552-b6e8-4525-a1f2-cd1a967e713a,20/01/2014,Jan-14,1,2014,WEMMERSHOEK,Major Dam,58644,50.56,50706,86.46
1439bf3e-1162-4423-a3e5-97582fddba4c,21/01/2014,Jan-14,1,2014,WEMMERSHOEK,Major Dam,58644,50.57,50733,86.51
107e257c-1dd7-4ff6-b44e-dd7065973ae3,22/01/2014,Jan-14,1,2014,WEMMERSHOEK,Major Dam,58644,50.46,50435,86
e80d749e-f245-4325-b87f-efba1619a735,23/01/2014,Jan-14,1,2014,WEMMERSHOEK,Major Dam,58644,50.4,50272,85.72
ef4cdd6b-19cf-429e-b9ed-a6ac142b713b,24/01/2014,Jan-14,1,2014,WEMMERSHOEK,Major Dam,58644,50.38,50217,85.63
4a920a21-261a-47f4-9e3d-c9f81f005a1d,25/01/2014,Jan-14,1,2014,WEMMERSHOEK,Major Dam,58644,50.28,49946,85.17
6be8bf52-91cc-4402-ba56-5056b12d8bb0,26/01/2014,Jan-14,1,2014,WEMMERSHOEK,Major Dam,58644,50.23,49812,84.94
6902cf7e-6eaf-424b-a83f-cf8b3e1a1ec8,27/01/2014,Jan-14,1,2014,WEMMERSHOEK,Major Dam,58644,50.17,49651,84.67
fd420878-c206-4163-86e0-41534d4add59,28/01/2014,Jan-14,1,2014,WEMMERSHOEK,Major Dam,58644,50.11,49490,84.39
226e4f08-0e61-4b96-b4a5-7dde12deb41e,29/01/2014,Jan-14,1,2014,WEMMERSHOEK,Major Dam,58644,50.05,49329,84.12
f06da81c-83cc-498a-8600-1a87c0b267a2,30/01/2014,Jan-14,1,2014,WEMMERSHOEK,Major Dam,58644,50.01,49222,83.93
2c40ff41-3185-4e6c-863e-fc3d3f8b462f,31/01/2014,Jan-14,1,2014,WEMMERSHOEK,Major Dam,58644,49.94,49035,83.61
7977494c-5eb6-4c37-a37a-63dbc1b4109f,01/02/2014,Feb-14,2,2014,WEMMERSHOEK,Major Dam,58644,49.87,48849,83.3
19f06d75-1902-4795-bf02-3806e7d35f05,02/02/2014,Feb-14,2,2014,WEMMERSHOEK,Major Dam,58644,49.79,48637,82.94
28c9e2fa-d0e5-49e8-93ad-f0f822a55b62,03/02/2014,Feb-14,2,2014,WEMMERSHOEK,Major Dam,58644,49.74,48504,82.71
637f71b2-41d5-4467-9661-0c60f1f5c165,04/02/2014,Feb-14,2,2014,WEMMERSHOEK,Major Dam,58644,49.68,48345,82.44
6c4a1edc-ccef-4c8a-b602-b14b3a0f62af,05/02/2014,Feb-14,2,2014,WEMMERSHOEK,Major Dam,58644,49.61,48161,82.12
cfbd725b-501f-47fe-81d9-780dddbeafdf,06/02/2014,Feb-14,2,2014,WEMMERSHOEK,Major Dam,58644,49.56,48030,81.9
b129cd81-1460-45e4-b225-dab50f55308e,07/02/2014,Feb-14,2,2014,WEMMERSHOEK,Major Dam,58644,49.52,47925,81.72
bba3cad9-def2-4cd2-af6d-6b4e831e471e,08/02/2014,Feb-14,2,2014,WEMMERSHOEK,Major Dam,58644,49.43,47689,81.32
0c78e300-2808-4de3-a172-54de9f0359bd,09/02/2014,Feb-14,2,2014,WEMMERSHOEK,Major Dam,58644,49.38,47555,81.09
e08ed95b-3899-4fac-9704-63c46ffbbb94,10/02/2014,Feb-14,2,2014,WEMMERSHOEK,Major Dam,58644,49.35,47478,80.96
303a45ca-fdb3-40ab-aa2b-0af3998275a3,11/02/2014,Feb-14,2,2014,WEMMERSHOEK,Major Dam,58644,49.26,47245,80.56
f13fac25-b6a7-4b09-aad2-6ed27f527c96,12/02/2014,Feb-14,2,2014,WEMMERSHOEK,Major Dam,58644,49.2,47090,80.3
cc5f84a8-d258-4ba9-a829-7a96d762fa7c,13/02/2014,Feb-14,2,2014,WEMMERSHOEK,Major Dam,58644,49.14,46934,80.03
80dcaa31-37a2-4081-96bd-179e386e81c2,14/02/2014,Feb-14,2,2014,WEMMERSHOEK,Major Dam,58644,49.1,46831,79.86
5c3daa5d-98e0-4863-beeb-23e6f0313b95,15/02/2014,Feb-14,2,2014,WEMMERSHOEK,Major Dam,58644,49.01,46599,79.46
6d31b4d9-9246-4658-b7c2-7b9b9b98b752,16/02/2014,Feb-14,2,2014,WEMMERSHOEK,Major Dam,58644,48.96,46471,79.24
a1854fe2-f98f-4415-8cf1-790e587e9bec,17/02/2014,Feb-14,2,2014,WEMMERSHOEK,Major Dam,58644,48.88,46266,78.89
1fa09f64-81ba-4f1f-9eba-1100f8a9f010,18/02/2014,Feb-14,2,2014,WEMMERSHOEK,Major Dam,58644,48.83,46137,78.67
b9f6a4e4-ed43-45da-a0aa-79c75e9b0c01,19/02/2014,Feb-14,2,2014,WEMMERSHOEK,Major Dam,58644,48.75,45933,78.33
905c7d70-fe37-4ec4-93d1-ce1e648a0fc9,20/02/2014,Feb-14,2,2014,WEMMERSHOEK,Major Dam,58644,48.69,45781,78.07
43b31ede-565e-4b5d-a853-8892450adc5e,21/02/2014,Feb-14,2,2014,WEMMERSHOEK,Major Dam,58644,48.6,45552,77.68
7ad93cef-d80b-4839-99c8-a00d7fb1be5b,22/02/2014,Feb-14,2,2014,WEMMERSHOEK,Major Dam,58644,48.54,45400,77.42
72bd2094-196d-4047-82b6-6ee776c206e8,23/02/2014,Feb-14,2,2014,WEMMERSHOEK,Major Dam,58644,48.46,45198,77.07
7c8b001c-69eb-4278-b01b-f01ad9b58fea,24/02/2014,Feb-14,2,2014,WEMMERSHOEK,Major Dam,58644,48.4,45047,76.81
d00109d7-6e38-45b9-a79e-0b7eac30b463,25/02/2014,Feb-14,2,2014,WEMMERSHOEK,Major Dam,58644,48.33,44872,76.52
8abbe99e-e31e-4746-92fc-a7896bca49d6,26/02/2014,Feb-14,2,2014,WEMMERSHOEK,Major Dam,58644,48.23,44621,76.09
9856748f-1f92-45a9-ade9-1f2964f1ee6a,27/02/2014,Feb-14,2,2014,WEMMERSHOEK,Major Dam,58644,48.16,44446,75.79
918d5690-373a-432f-8b2d-f6e37558134d,28/02/2014,Feb-14,2,2014,WEMMERSHOEK,Major Dam,58644,48.1,44297,75.54
380afdb8-9c12-4431-b737-62c70bdfd6e9,01/03/2014,Mar-14,3,2014,WEMMERSHOEK,Major Dam,58644,48.03,44123,75.24
c35ca8f2-5e77-469e-acc9-cd61ed9d122e,02/03/2014,Mar-14,3,2014,WEMMERSHOEK,Major Dam,58644,47.97,43973,74.98
94ac865e-b184-483b-8139-d1b33e700954,03/03/2014,Mar-14,3,2014,WEMMERSHOEK,Major Dam,58644,47.97,43973,74.98
b5c4cbd4-f861-4472-8605-6da771307f54,04/03/2014,Mar-14,3,2014,WEMMERSHOEK,Major Dam,58644,47.92,43851,74.77
0d9316a6-be50-4a8f-b426-0d05b4ec7d5f,05/03/2014,Mar-14,3,2014,WEMMERSHOEK,Major Dam,58644,47.83,43630,74.4
1e7c5d97-a917-444e-bb0f-726b5efeab09,06/03/2014,Mar-14,3,2014,WEMMERSHOEK,Major Dam,58644,47.78,43507,74.19
73c2968f-9df7-474a-ad9c-a6d6181dc901,07/03/2014,Mar-14,3,2014,WEMMERSHOEK,Major Dam,58644,47.73,43385,73.98
d8d36adb-1d21-412f-aa1b-80483dbd3540,08/03/2014,Mar-14,3,2014,WEMMERSHOEK,Major Dam,58644,47.68,43263,73.77
b8388413-2e7e-4209-be08-3644830e2221,09/03/2014,Mar-14,3,2014,WEMMERSHOEK,Major Dam,58644,47.61,43091,73.48
d1c35d11-3ced-485a-8220-ac869d5bfa51,10/03/2014,Mar-14,3,2014,WEMMERSHOEK,Major Dam,58644,47.54,42920,73.19
d8f19bbd-5765-43d0-849c-990defea2e15,11/03/2014,Mar-14,3,2014,WEMMERSHOEK,Major Dam,58644,47.46,42726,72.86
0d8f4e8f-d717-4c22-a1ac-f39248b4b903,12/03/2014,Mar-14,3,2014,WEMMERSHOEK,Major Dam,58644,47.39,42550,72.56
b24803a5-25e3-445e-a7ac-d52dc0f854dd,13/03/2014,Mar-14,3,2014,WEMMERSHOEK,Major Dam,58644,47.29,42308,72.14
8882e544-42b4-4715-bd65-e02e441fceff,14/03/2014,Mar-14,3,2014,WEMMERSHOEK,Major Dam,58644,47.21,42119,71.82
9dadbde4-db67-492e-bbd4-7eb4b4ccbba1,15/03/2014,Mar-14,3,2014,WEMMERSHOEK,Major Dam,58644,47.14,41950,71.53
e40b141c-9914-425b-96be-09eebb60d349,16/03/2014,Mar-14,3,2014,WEMMERSHOEK,Major Dam,58644,47.09,41828,71.33
57f94f31-5c02-4042-9b65-a57b8f3970f3,17/03/2014,Mar-14,3,2014,WEMMERSHOEK,Major Dam,58644,47.02,41662,71.04
e430bad7-9e72-47db-bae7-4a6b7796385b,18/03/2014,Mar-14,3,2014,WEMMERSHOEK,Major Dam,58644,46.96,41518,70.8
cf346ead-4b91-4ade-b075-8f2c363cc3ec,19/03/2014,Mar-14,3,2014,WEMMERSHOEK,Major Dam,58644,46.89,41352,70.51
07ec3483-df23-41f4-8466-f96b4946fe89,20/03/2014,Mar-14,3,2014,WEMMERSHOEK,Major Dam,58644,46.82,41186,70.23
bc5f7314-fb8e-4b86-8844-5b5da2e39bb1,21/03/2014,Mar-14,3,2014,WEMMERSHOEK,Major Dam,58644,46.74,40996,69.91
284e57c2-7edd-4d86-b015-a966d0f3adc8,22/03/2014,Mar-14,3,2014,WEMMERSHOEK,Major Dam,58644,46.67,40829,69.62
e365f9e8-9a04-4244-aa09-492ab831ebbb,23/03/2014,Mar-14,3,2014,WEMMERSHOEK,Major Dam,58644,46.6,40665,69.34
820cd24c-10e7-47cb-aed1-4bcbc6bf2689,24/03/2014,Mar-14,3,2014,WEMMERSHOEK,Major Dam,58644,46.55,40548,69.14
a0091214-9765-4ef6-a237-7d5b284177d5,25/03/2014,Mar-14,3,2014,WEMMERSHOEK,Major Dam,58644,46.5,40431,68.94
b879ead4-b2d6-4bb6-8951-c0904e11bf27,26/03/2014,Mar-14,3,2014,WEMMERSHOEK,Major Dam,58644,46.54,40525,69.1
27bf6bef-a78d-4171-a45d-880dcb703e5b,27/03/2014,Mar-14,3,2014,WEMMERSHOEK,Major Dam,58644,46.63,40735,69.46
21434b48-4422-4596-8efb-05f27d46a167,28/03/2014,Mar-14,3,2014,WEMMERSHOEK,Major Dam,58644,46.6,40665,69.34
a2f40b14-deea-44ac-8177-1fd1e6ba005c,29/03/2014,Mar-14,3,2014,WEMMERSHOEK,Major Dam,58644,46.54,40525,69.1
dc599af6-7b1d-4e1e-a328-c7ab4dfebbf4,30/03/2014,Mar-14,3,2014,WEMMERSHOEK,Major Dam,58644,46.48,40384,68.86
104fd67b-dc94-4f45-b97a-f2e85f1e41df,31/03/2014,Mar-14,3,2014,WEMMERSHOEK,Major Dam,58644,46.42,40244,68.62
9888c416-cf63-42df-a21e-9210cd561d8c,01/04/2014,Apr-14,4,2014,WEMMERSHOEK,Major Dam,58644,46.36,40102,68.38
91c41ac7-8179-4ecf-9286-06c993093d36,02/04/2014,Apr-14,4,2014,WEMMERSHOEK,Major Dam,58644,46.43,40267,68.66
f2064833-defd-46f1-8f41-0bfd7b0ceff5,03/04/2014,Apr-14,4,2014,WEMMERSHOEK,Major Dam,58644,46.6,40665,69.34
e9d925dc-9a86-496d-9c35-70a43fa07ae2,04/04/2014,Apr-14,4,2014,WEMMERSHOEK,Major Dam,58644,46.57,40595,69.22
39884c8d-c593-42aa-aa92-9950c5d0d06e,05/04/2014,Apr-14,4,2014,WEMMERSHOEK,Major Dam,58644,46.49,40408,68.9
4029a563-9610-4ec3-9e87-0a56b2c51f43,06/04/2014,Apr-14,4,2014,WEMMERSHOEK,Major Dam,58644,46.42,40244,68.62
4a1917d8-9c62-4700-a9b2-0a6f53f056c3,07/04/2014,Apr-14,4,2014,WEMMERSHOEK,Major Dam,58644,46.35,40079,68.34
30e6f1e9-58db-4cbb-a7d6-3233d9fd7175,08/04/2014,Apr-14,4,2014,WEMMERSHOEK,Major Dam,58644,46.28,39917,68.07
990b0278-3e00-4e51-8b6e-82a1163021f5,09/04/2014,Apr-14,4,2014,WEMMERSHOEK,Major Dam,58644,46.2,39733,67.75
4dd78a16-212e-456f-b266-f97900ffcad2,10/04/2014,Apr-14,4,2014,WEMMERSHOEK,Major Dam,58644,46.12,39548,67.44
fb379a33-86ed-4441-bcf2-4eb126c0ce01,11/04/2014,Apr-14,4,2014,WEMMERSHOEK,Major Dam,58644,46.04,39362,67.12
4cf3b3d1-d263-49f5-ada0-7130178c2973,12/04/2014,Apr-14,4,2014,WEMMERSHOEK,Major Dam,58644,45.95,39157,66.77
4094a6ba-0978-4184-b324-507d7399e4e6,13/04/2014,Apr-14,4,2014,WEMMERSHOEK,Major Dam,58644,45.87,38974,66.46
73985196-d46e-49eb-8bc1-e576af36c4e6,14/04/2014,Apr-14,4,2014,WEMMERSHOEK,Major Dam,58644,45.79,38789,66.14
dfe09e7c-4bb6-48cd-8e1a-1420aa1ea546,15/04/2014,Apr-14,4,2014,WEMMERSHOEK,Major Dam,58644,45.69,38564,65.76
08a0299e-3c4a-48f3-9b37-5ec27825d0c6,16/04/2014,Apr-14,4,2014,WEMMERSHOEK,Major Dam,58644,45.62,38407,65.49
03757798-2bdd-4292-91aa-8a32137f131f,17/04/2014,Apr-14,4,2014,WEMMERSHOEK,Major Dam,58644,45.52,38181,65.11
83bec034-bdc2-4aa3-a9a9-abcad20e1777,18/04/2014,Apr-14,4,2014,WEMMERSHOEK,Major Dam,58644,45.43,37979,64.76
fb44b45c-b45f-4999-8c8d-2239d5407834,19/04/2014,Apr-14,4,2014,WEMMERSHOEK,Major Dam,58644,45.35,37800,64.46
48e15769-318d-45a6-bbcc-8af3c9d6657c,20/04/2014,Apr-14,4,2014,WEMMERSHOEK,Major Dam,58644,45.27,37621,64.15
b11f5200-b615-4bd7-9395-ffbfbe64a5b8,21/04/2014,Apr-14,4,2014,WEMMERSHOEK,Major Dam,58644,45.19,37440,63.84
7251d8f2-4231-4be1-9eca-3083355c02e8,22/04/2014,Apr-14,4,2014,WEMMERSHOEK,Major Dam,58644,45.11,37263,63.54
324a1e88-0231-4bea-a689-4d187cfd3fb4,23/04/2014,Apr-14,4,2014,WEMMERSHOEK,Major Dam,58644,45.02,37064,63.2
cf25348b-fd70-4f15-b75a-0fcbdb5aeb1e,24/04/2014,Apr-14,4,2014,WEMMERSHOEK,Major Dam,58644,44.92,36843,62.82
79e85c4c-f52a-4d39-9e8c-fa821bc8896a,25/04/2014,Apr-14,4,2014,WEMMERSHOEK,Major Dam,58644,44.83,36644,62.49
56b252e8-659a-4de2-ad66-1f4a3340616f,26/04/2014,Apr-14,4,2014,WEMMERSHOEK,Major Dam,58644,44.73,36426,62.11
686d0a37-d3af-455d-b780-faa964aa2f63,27/04/2014,Apr-14,4,2014,WEMMERSHOEK,Major Dam,58644,44.64,36230,61.78
c420e1f1-1493-4444-9e5c-1f70811f5568,28/04/2014,Apr-14,4,2014,WEMMERSHOEK,Major Dam,58644,44.54,36011,61.41
61e2bab5-8d42-4b8c-a73b-048411ca6e61,29/04/2014,Apr-14,4,2014,WEMMERSHOEK,Major Dam,58644,44.45,35818,61.08
46b578c1-fad9-4d2f-9dc2-5af1ba683278,30/04/2014,Apr-14,4,2014,WEMMERSHOEK,Major Dam,58644,44.37,35646,60.78
7799e46c-4512-4b61-9d54-2ee410b79202,01/05/2014,May-14,5,2014,WEMMERSHOEK,Major Dam,58644,44.25,35389,60.35
60638586-d073-42fa-bd7a-502570232082,02/05/2014,May-14,5,2014,WEMMERSHOEK,Major Dam,58644,44.2,35281,60.16
9026823a-d6bf-4b6c-803b-136d77a81653,03/05/2014,May-14,5,2014,WEMMERSHOEK,Major Dam,58644,44.15,35174,59.98
045ed348-13be-49e0-afc3-ec1cb8267a4c,04/05/2014,May-14,5,2014,WEMMERSHOEK,Major Dam,58644,44.09,35046,59.76
dfdcb008-961c-4389-80fc-220a29ddd689,05/05/2014,May-14,5,2014,WEMMERSHOEK,Major Dam,58644,44.01,34876,59.47
1af154d0-731a-4ca9-ab20-8e9f82c67437,06/05/2014,May-14,5,2014,WEMMERSHOEK,Major Dam,58644,43.9,34641,59.07
bb3bbfe6-d311-4e9f-932c-49dcdd59e778,07/05/2014,May-14,5,2014,WEMMERSHOEK,Major Dam,58644,43.81,34452,58.75
e791c689-4e4e-4aa4-aca8-9963409260b6,08/05/2014,May-14,5,2014,WEMMERSHOEK,Major Dam,58644,43.76,34346,58.57
a4dd634b-6d12-414c-b819-a0465d30f882,09/05/2014,May-14,5,2014,WEMMERSHOEK,Major Dam,58644,43.83,34494,58.82
8c20cd25-25a9-483f-b0b4-775b4d05c05c,10/05/2014,May-14,5,2014,WEMMERSHOEK,Major Dam,58644,43.92,34684,59.14
dd858a25-f8cd-42a3-ad6c-aec464175570,11/05/2014,May-14,5,2014,WEMMERSHOEK,Major Dam,58644,43.98,34812,59.36
252ac4e0-512a-42da-b237-7d84973c59fb,12/05/2014,May-14,5,2014,WEMMERSHOEK,Major Dam,58644,44,34854,59.43
956fe4b1-709e-4680-8c69-bdd887695cb8,13/05/2014,May-14,5,2014,WEMMERSHOEK,Major Dam,58644,43.94,34726,59.21
12befbc9-9ccc-483d-b028-4007e1091cd1,14/05/2014,May-14,5,2014,WEMMERSHOEK,Major Dam,58644,43.9,34641,59.07
14c38e11-ce72-4220-8bad-ee11dd482434,15/05/2014,May-14,5,2014,WEMMERSHOEK,Major Dam,58644,43.83,34494,58.82
2c767dd3-eaad-4b98-bec8-04db032b38ff,16/05/2014,May-14,5,2014,WEMMERSHOEK,Major Dam,58644,43.86,34557,58.93
891856c6-fb40-4447-87c1-413cc89a822e,17/05/2014,May-14,5,2014,WEMMERSHOEK,Major Dam,58644,43.83,34494,58.82
f5544426-af6e-4721-9998-fa9ab977ace8,18/05/2014,May-14,5,2014,WEMMERSHOEK,Major Dam,58644,43.8,34431,58.71
f5c24ea2-1e52-4023-aa96-ed63575140d5,19/05/2014,May-14,5,2014,WEMMERSHOEK,Major Dam,58644,43.77,34367,58.6
5e9e718d-ca21-4017-9207-5770ac937bce,20/05/2014,May-14,5,2014,WEMMERSHOEK,Major Dam,58644,43.72,34262,58.42
efbd5dbb-770e-44e9-9a56-a1f877b3c3ff,21/05/2014,May-14,5,2014,WEMMERSHOEK,Major Dam,58644,43.68,34178,58.28
65ac088d-5c5c-4f40-8083-a542d4363da2,22/05/2014,May-14,5,2014,WEMMERSHOEK,Major Dam,58644,43.59,33989,57.96
91c6ff66-5edd-47ed-be7c-8a05363d704e,23/05/2014,May-14,5,2014,WEMMERSHOEK,Major Dam,58644,43.51,33822,57.67
a1224eed-1c7e-4ea9-bd54-b9390d34de6e,24/05/2014,May-14,5,2014,WEMMERSHOEK,Major Dam,58644,43.48,33759,57.57
3bad7ffb-cc97-4f42-9021-1e32e11862f4,25/05/2014,May-14,5,2014,WEMMERSHOEK,Major Dam,58644,43.46,33718,57.5
3ff629c5-55b8-435b-8842-abc8a7152f60,26/05/2014,May-14,5,2014,WEMMERSHOEK,Major Dam,58644,43.45,33697,57.46
5d243361-50f4-486f-9dd9-3dc0f017249f,27/05/2014,May-14,5,2014,WEMMERSHOEK,Major Dam,58644,43.44,33676,57.42
2b9d5b4e-55b2-4bb1-b32e-7b4b1b20a5f9,28/05/2014,May-14,5,2014,WEMMERSHOEK,Major Dam,58644,43.41,33613,57.32
67c0a5cf-0a61-4447-ba30-6407f68c9a12,29/05/2014,May-14,5,2014,WEMMERSHOEK,Major Dam,58644,43.77,34367,58.6
30eba7ec-9ffb-4006-ace9-307fffc4bf4f,30/05/2014,May-14,5,2014,WEMMERSHOEK,Major Dam,58644,44.11,35089,59.83
c5463c3f-14a5-4ade-aeb2-87f91e7b942d,31/05/2014,May-14,5,2014,WEMMERSHOEK,Major Dam,58644,44.16,35196,60.02
0a657036-3b63-4dd5-a5ad-ce94f901271e,01/06/2014,Jun-14,6,2014,WEMMERSHOEK,Major Dam,58644,44.64,36230,61.78
acd92aba-fe16-452d-a320-a425f90af196,02/06/2014,Jun-14,6,2014,WEMMERSHOEK,Major Dam,58644,45.02,37064,63.2
13ebd148-8cd2-462c-8177-ef738221d04b,03/06/2014,Jun-14,6,2014,WEMMERSHOEK,Major Dam,58644,45.33,37755,64.38
379098a4-6b62-4ea8-93f2-9192dd52266f,04/06/2014,Jun-14,6,2014,WEMMERSHOEK,Major Dam,58644,45.86,38951,66.42
c43e529a-0665-4703-9dee-ab761255644c,05/06/2014,Jun-14,6,2014,WEMMERSHOEK,Major Dam,58644,46.9,41376,70.55
27a127d7-3a53-444b-ade2-529a3e9ef300,06/06/2014,Jun-14,6,2014,WEMMERSHOEK,Major Dam,58644,47.21,42119,71.82
43ae1cde-a5d5-4cc1-976d-044ab005914c,07/06/2014,Jun-14,6,2014,WEMMERSHOEK,Major Dam,58644,47.35,42455,72.39
4756d228-1cc0-47f1-b391-24a963430338,08/06/2014,Jun-14,6,2014,WEMMERSHOEK,Major Dam,58644,47.44,42677,72.77
baff83c7-3892-4115-8075-be528fc7e2d8,09/06/2014,Jun-14,6,2014,WEMMERSHOEK,Major Dam,58644,47.94,43900,74.86
cc0b2be5-6182-4e76-9cdf-1e9b8bad59b2,10/06/2014,Jun-14,6,2014,WEMMERSHOEK,Major Dam,58644,48.56,45451,77.5
24e1db24-5917-4a1a-b819-c23608435265,11/06/2014,Jun-14,6,2014,WEMMERSHOEK,Major Dam,58644,48.76,45958,78.37
5343f1b0-d810-4367-9eaf-37e78193e712,12/06/2014,Jun-14,6,2014,WEMMERSHOEK,Major Dam,58644,48.85,46189,78.76
7361cc14-5b39-4543-8d70-de283cc35e79,13/06/2014,Jun-14,6,2014,WEMMERSHOEK,Major Dam,58644,48.95,46445,79.2
9283129e-6192-4c68-a649-5ee13cd4533d,14/06/2014,Jun-14,6,2014,WEMMERSHOEK,Major Dam,58644,48.97,46497,79.29
47804893-ce49-4d56-9d2a-6d4832cfe975,15/06/2014,Jun-14,6,2014,WEMMERSHOEK,Major Dam,58644,49.75,48531,82.76
86ae1811-d0e0-4245-b0c2-52a80e296a43,16/06/2014,Jun-14,6,2014,WEMMERSHOEK,Major Dam,58644,50.31,50028,85.31
627c61c0-2c43-471f-ac3e-092110e34eaf,17/06/2014,Jun-14,6,2014,WEMMERSHOEK,Major Dam,58644,50.46,50435,86
10add5c3-a206-46e9-bfc8-d5377acddd94,18/06/2014,Jun-14,6,2014,WEMMERSHOEK,Major Dam,58644,50.56,50706,86.46
57aa4176-e045-4468-8aee-b6250d8b9437,19/06/2014,Jun-14,6,2014,WEMMERSHOEK,Major Dam,58644,50.82,51418,87.68
b31dec25-53b4-49de-aec4-698794a4a0e2,20/06/2014,Jun-14,6,2014,WEMMERSHOEK,Major Dam,58644,50.99,51882,88.47
01be6971-b134-446a-be36-6ae76d79f3a1,21/06/2014,Jun-14,6,2014,WEMMERSHOEK,Major Dam,58644,51.09,52165,88.95
2374284a-4088-499b-b356-c7d71bb15cab,22/06/2014,Jun-14,6,2014,WEMMERSHOEK,Major Dam,58644,51.15,52331,89.24
228bea79-36a7-4315-8be3-7de4cebde36f,23/06/2014,Jun-14,6,2014,WEMMERSHOEK,Major Dam,58644,51.18,52415,89.38
a8fbe154-db94-49f1-a603-4adaa7462b40,24/06/2014,Jun-14,6,2014,WEMMERSHOEK,Major Dam,58644,51.24,52581,89.66
91ff8818-22fc-4f67-95e4-4523845fceb0,25/06/2014,Jun-14,6,2014,WEMMERSHOEK,Major Dam,58644,51.27,52664,89.8
93c16007-6290-4ffc-bc25-2ca5026f2d88,26/06/2014,Jun-14,6,2014,WEMMERSHOEK,Major Dam,58644,51.39,53000,90.38
c617b25d-095a-42c5-aea0-63a49e553e7d,27/06/2014,Jun-14,6,2014,WEMMERSHOEK,Major Dam,58644,51.53,53395,91.05
505d690c-c5e0-413a-874e-c5fc3003dc96,28/06/2014,Jun-14,6,2014,WEMMERSHOEK,Major Dam,58644,51.53,53395,91.05
2684f8ca-d0f1-4c2c-bb98-f640fb92ba63,29/06/2014,Jun-14,6,2014,WEMMERSHOEK,Major Dam,58644,51.58,53533,91.28
4e8b41b9-b977-4bd8-af35-7e0d4db21572,30/06/2014,Jun-14,6,2014,WEMMERSHOEK,Major Dam,58644,51.68,53816,91.77
c4374a8c-0501-4b6c-9122-4933f7218183,01/07/2014,Jul-14,7,2014,WEMMERSHOEK,Major Dam,58644,51.67,53788,91.72
a13169f0-79a1-401f-8e47-011d7dc6d9be,02/07/2014,Jul-14,7,2014,WEMMERSHOEK,Major Dam,58644,51.74,53989,92.06
e61ced7a-e0fb-4da7-adbb-ea70cd79d743,03/07/2014,Jul-14,7,2014,WEMMERSHOEK,Major Dam,58644,51.75,54016,92.11
6007fffa-6e8c-4b92-a928-0bbc4f5ea53d,04/07/2014,Jul-14,7,2014,WEMMERSHOEK,Major Dam,58644,51.77,54072,92.2
48782690-94f8-4450-b970-11bdeb1c0f31,05/07/2014,Jul-14,7,2014,WEMMERSHOEK,Major Dam,58644,51.9,54447,92.84
72d93b0b-367c-403c-a570-441d3680fc80,06/07/2014,Jul-14,7,2014,WEMMERSHOEK,Major Dam,58644,52.03,54819,93.48
54c67df5-7088-4f3b-93ec-91072d906b31,07/07/2014,Jul-14,7,2014,WEMMERSHOEK,Major Dam,58644,52.06,54905,93.62
356993e9-75e2-47f8-b679-d36b5fa3dd22,08/07/2014,Jul-14,7,2014,WEMMERSHOEK,Major Dam,58644,52.1,55020,93.82
1668d025-bede-4797-b7f5-e7428583e651,09/07/2014,Jul-14,7,2014,WEMMERSHOEK,Major Dam,58644,52.13,55106,93.97
45b8a2f0-603d-4427-bae9-fa250ef57361,10/07/2014,Jul-14,7,2014,WEMMERSHOEK,Major Dam,58644,52.15,55163,94.06
061aeac9-0cbc-4fb5-b469-2a0b3a2cd46f,11/07/2014,Jul-14,7,2014,WEMMERSHOEK,Major Dam,58644,52.19,55277,94.26
a908ebd5-9f07-4962-a7db-02cf7163664a,12/07/2014,Jul-14,7,2014,WEMMERSHOEK,Major Dam,58644,52.23,55363,94.41
d11d7188-beed-49eb-b76c-4238f748f815,13/07/2014,Jul-14,7,2014,WEMMERSHOEK,Major Dam,58644,52.27,55508,94.65
ec7291c5-17b3-4551-9f10-b7df046e39c7,14/07/2014,Jul-14,7,2014,WEMMERSHOEK,Major Dam,58644,52.27,55508,94.65
cf30984c-76e4-481f-b45b-94102c2dafb2,15/07/2014,Jul-14,7,2014,WEMMERSHOEK,Major Dam,58644,52.27,55508,94.65
26abd62e-0cba-4562-8c7b-f3a2c0b813f9,16/07/2014,Jul-14,7,2014,WEMMERSHOEK,Major Dam,58644,52.3,55595,94.8
abd21d04-7ea0-472d-a120-c22a03d112d5,17/07/2014,Jul-14,7,2014,WEMMERSHOEK,Major Dam,58644,52.28,55536,94.7
8abfd740-0c8f-4669-a00e-51851367fac5,18/07/2014,Jul-14,7,2014,WEMMERSHOEK,Major Dam,58644,52.69,56726,96.73
05bcde4f-1ea1-4f90-895a-d4b543a08654,19/07/2014,Jul-14,7,2014,WEMMERSHOEK,Major Dam,58644,53.22,58287,99.39
212bbf02-e6a8-4885-8b74-65e3f5a434c6,20/07/2014,Jul-14,7,2014,WEMMERSHOEK,Major Dam,58644,53.33,58614,99.95
b54006fe-6fca-4956-9d5f-07670c912364,21/07/2014,Jul-14,7,2014,WEMMERSHOEK,Major Dam,58644,53.33,58614,99.95
8b9f1073-ba15-4004-9e34-9024cda13671,22/07/2014,Jul-14,7,2014,WEMMERSHOEK,Major Dam,58644,53.32,58584,99.9
3901c9e5-0440-4200-b531-c9143db1dabb,23/07/2014,Jul-14,7,2014,WEMMERSHOEK,Major Dam,58644,53.33,58614,99.95
96a2df1a-a4dd-4707-9688-69ca2b93ba69,24/07/2014,Jul-14,7,2014,WEMMERSHOEK,Major Dam,58644,53.3,58525,99.8
aca3052a-3742-4286-9f99-b27b04060641,25/07/2014,Jul-14,7,2014,WEMMERSHOEK,Major Dam,58644,53.33,58614,99.95
00a9cd6f-a1c5-464c-9bbd-1841b7a670dd,26/07/2014,Jul-14,7,2014,WEMMERSHOEK,Major Dam,58644,53.32,58584,99.9
d0ddc67b-f2cd-4007-b507-f24dfdf4c8cd,27/07/2014,Jul-14,7,2014,WEMMERSHOEK,Major Dam,58644,53.38,58762,100.2
586ee7d5-c11d-4186-9e47-96950128c4b5,28/07/2014,Jul-14,7,2014,WEMMERSHOEK,Major Dam,58644,53.35,58673,100.05
5b320c8d-f7d7-4e19-97dc-9378bb06960f,29/07/2014,Jul-14,7,2014,WEMMERSHOEK,Major Dam,58644,53.32,58584,99.9
e10863ea-ff8b-441b-b3f6-755c1f0f461f,30/07/2014,Jul-14,7,2014,WEMMERSHOEK,Major Dam,58644,53.29,58495,99.75
baa54d61-640b-46e7-b16f-160da444bcad,31/07/2014,Jul-14,7,2014,WEMMERSHOEK,Major Dam,58644,53.32,58584,99.9
1ad90178-fc4a-4f81-8b8a-b9e8ef13eb52,01/08/2014,Aug-14,8,2014,WEMMERSHOEK,Major Dam,58644,53.33,58614,99.95
fdbbafae-2aac-498a-88bb-f5fbc43e1520,02/08/2014,Aug-14,8,2014,WEMMERSHOEK,Major Dam,58644,53.33,58614,99.95
72ef3857-a465-4844-b1bb-30c03aca0bec,03/08/2014,Aug-14,8,2014,WEMMERSHOEK,Major Dam,58644,53.33,58614,99.95
729307eb-b667-458d-9a12-e1fef3a2a2cd,04/08/2014,Aug-14,8,2014,WEMMERSHOEK,Major Dam,58644,53.34,58644,100
a40093dd-7aca-4c9e-9da1-ce05f9bbcecb,05/08/2014,Aug-14,8,2014,WEMMERSHOEK,Major Dam,58644,53.31,58554,99.85
c42c7673-b3cd-442a-a015-cf95834eab2a,06/08/2014,Aug-14,8,2014,WEMMERSHOEK,Major Dam,58644,53.3,58525,99.8
2c952b7b-012d-486f-9e7a-f454a92cc332,07/08/2014,Aug-14,8,2014,WEMMERSHOEK,Major Dam,58644,53.3,58525,99.8
2f88d73b-dfa3-487b-b07c-5c069cb73407,08/08/2014,Aug-14,8,2014,WEMMERSHOEK,Major Dam,58644,53.31,58554,99.85
23930849-cb63-48ee-b524-9652f5a18c3b,09/08/2014,Aug-14,8,2014,WEMMERSHOEK,Major Dam,58644,53.33,58614,99.95
44cb983a-31fa-468f-b6ea-80cae3139bbd,10/08/2014,Aug-14,8,2014,WEMMERSHOEK,Major Dam,58644,53.31,58554,99.85
df52ba3d-5fef-4244-b336-93707d336377,11/08/2014,Aug-14,8,2014,WEMMERSHOEK,Major Dam,58644,53.3,58525,99.8
efdd3724-aefe-494a-870a-9900c5f52924,12/08/2014,Aug-14,8,2014,WEMMERSHOEK,Major Dam,58644,53.32,58584,99.9
e6ff9fd0-095a-4cb2-8e4b-64021dc1997f,13/08/2014,Aug-14,8,2014,WEMMERSHOEK,Major Dam,58644,53.32,58584,99.9
e0111919-9899-4c4b-9167-05f3cf40dcfe,14/08/2014,Aug-14,8,2014,WEMMERSHOEK,Major Dam,58644,53.3,58525,99.8
e9204099-5830-4a58-8dda-0d347fa76b88,15/08/2014,Aug-14,8,2014,WEMMERSHOEK,Major Dam,58644,53.32,58584,99.9
23e02377-dcbf-40d7-ac0d-fe061cb331de,16/08/2014,Aug-14,8,2014,WEMMERSHOEK,Major Dam,58644,53.31,58554,99.85
0241bfa1-3c16-4a1b-92bb-5d81c263508f,17/08/2014,Aug-14,8,2014,WEMMERSHOEK,Major Dam,58644,53.28,58466,99.7
6fc6903b-bf78-477e-a13d-373f0d6c7b58,18/08/2014,Aug-14,8,2014,WEMMERSHOEK,Major Dam,58644,53.32,58584,99.9
260a012c-9357-4526-86d6-bd87a989730b,19/08/2014,Aug-14,8,2014,WEMMERSHOEK,Major Dam,58644,53.26,58406,99.59
d7de8cbf-8af8-45c7-99b1-2c6e1d4a98ac,20/08/2014,Aug-14,8,2014,WEMMERSHOEK,Major Dam,58644,53.28,58466,99.7
b90f18c8-5cdd-470f-b0e3-8f318e2e3c5f,21/08/2014,Aug-14,8,2014,WEMMERSHOEK,Major Dam,58644,53.3,58525,99.8
6591d973-5497-4c91-b963-409a9dc878b8,22/08/2014,Aug-14,8,2014,WEMMERSHOEK,Major Dam,58644,53.33,58614,99.95
e24dbe4b-6d41-4a2b-9a5c-971dbdbacdd8,23/08/2014,Aug-14,8,2014,WEMMERSHOEK,Major Dam,58644,53.3,58525,99.8
f447098f-32c8-4252-9435-197ab36b41c7,24/08/2014,Aug-14,8,2014,WEMMERSHOEK,Major Dam,58644,53.31,58554,99.85
7b0ac15c-78a9-43c4-8a6d-8a9731cc0f96,25/08/2014,Aug-14,8,2014,WEMMERSHOEK,Major Dam,58644,53.3,58525,99.8
076aa116-6b21-4727-a915-57cccbfa9d9c,26/08/2014,Aug-14,8,2014,WEMMERSHOEK,Major Dam,58644,53.29,58495,99.75
863e54fa-7fdc-4c65-8c7d-72a35e149c9e,27/08/2014,Aug-14,8,2014,WEMMERSHOEK,Major Dam,58644,53.3,58525,99.8
ffe49d7a-3c2c-4cc9-89b6-8f797fb4f2af,28/08/2014,Aug-14,8,2014,WEMMERSHOEK,Major Dam,58644,53.32,58584,99.9
1c764704-9d05-40b5-9205-53ccbd398aec,29/08/2014,Aug-14,8,2014,WEMMERSHOEK,Major Dam,58644,53.3,58525,99.8
84aa44d2-afbd-4216-91d5-e1e52afd68b4,30/08/2014,Aug-14,8,2014,WEMMERSHOEK,Major Dam,58644,53.31,58554,99.85
6dcf667b-d7b3-4776-8520-32dfa465a5cc,31/08/2014,Aug-14,8,2014,WEMMERSHOEK,Major Dam,58644,53.3,58525,99.8
99f70307-e52a-45d6-bb88-da246bc201f7,01/09/2014,Sep-14,9,2014,WEMMERSHOEK,Major Dam,58644,53.29,58495,99.75
be215f3f-850d-48a4-b78f-3577c09ffbfb,02/09/2014,Sep-14,9,2014,WEMMERSHOEK,Major Dam,58644,53.26,58406,99.59
1270f6f1-d821-4ecc-a06f-d0624c568c93,03/09/2014,Sep-14,9,2014,WEMMERSHOEK,Major Dam,58644,53.34,58644,100
6058a243-2cf8-40ab-b7ca-31b5d3dcaf04,04/09/2014,Sep-14,9,2014,WEMMERSHOEK,Major Dam,58644,53.31,58554,99.85
52fe3883-33d1-4636-9516-de5b56978d90,05/09/2014,Sep-14,9,2014,WEMMERSHOEK,Major Dam,58644,53.29,58495,99.75
92f670fc-6de6-4995-b7ee-74710222264c,06/09/2014,Sep-14,9,2014,WEMMERSHOEK,Major Dam,58644,53.31,58554,99.85
45cde4fc-f27e-4eb9-af12-25db58d9abee,07/09/2014,Sep-14,9,2014,WEMMERSHOEK,Major Dam,58644,53.31,58554,99.85
87e8c74e-401f-4892-8459-65e72c525e2c,08/09/2014,Sep-14,9,2014,WEMMERSHOEK,Major Dam,58644,53.3,58525,99.8
be9121a0-203d-41e7-9857-dde12c880cba,09/09/2014,Sep-14,9,2014,WEMMERSHOEK,Major Dam,58644,53.3,58525,99.8
733deb88-1f25-478f-b7a9-d156eddb9a5f,10/09/2014,Sep-14,9,2014,WEMMERSHOEK,Major Dam,58644,53.27,58436,99.65
cb687da9-f30b-462d-b14d-e924b129966a,11/09/2014,Sep-14,9,2014,WEMMERSHOEK,Major Dam,58644,53.26,58406,99.59
2c370af7-ec5e-4709-b05d-cfa0d45ad352,12/09/2014,Sep-14,9,2014,WEMMERSHOEK,Major Dam,58644,53.24,58347,99.49
d09cedf2-ecf9-41f3-866a-17100d7ae0f9,13/09/2014,Sep-14,9,2014,WEMMERSHOEK,Major Dam,58644,53.21,58258,99.34
0febda40-7371-4bac-b8ee-2f7edba46ac2,14/09/2014,Sep-14,9,2014,WEMMERSHOEK,Major Dam,58644,53.18,58169,99.19
0b911403-b53d-4dd1-9556-976ceab5d4fc,15/09/2014,Sep-14,9,2014,WEMMERSHOEK,Major Dam,58644,53.15,58080,99.04
79da27d1-2e2d-4d54-9df9-bf59d3cf2a88,16/09/2014,Sep-14,9,2014,WEMMERSHOEK,Major Dam,58644,53.1,57931,98.78
348164f7-8443-475a-8c08-6dc106198ba7,17/09/2014,Sep-14,9,2014,WEMMERSHOEK,Major Dam,58644,53.07,57843,98.63
15448a00-d453-4d58-a05f-107b953c740e,18/09/2014,Sep-14,9,2014,WEMMERSHOEK,Major Dam,58644,53.06,57814,98.58
a7064a17-5444-42e1-9211-29eefdff20cc,19/09/2014,Sep-14,9,2014,WEMMERSHOEK,Major Dam,58644,53.17,58139,99.14
1f5a5a5d-16df-410c-ba06-53a271666208,20/09/2014,Sep-14,9,2014,WEMMERSHOEK,Major Dam,58644,53.19,58198,99.24
8da408fa-47f0-4cef-a387-361dbd7b596e,21/09/2014,Sep-14,9,2014,WEMMERSHOEK,Major Dam,58644,53.18,58169,99.19
3aa409a3-47df-4a4c-837a-9d77ba962a02,22/09/2014,Sep-14,9,2014,WEMMERSHOEK,Major Dam,58644,53.12,57991,98.89
1153a87a-741b-45dc-bc9b-1d2c7f1f935d,23/09/2014,Sep-14,9,2014,WEMMERSHOEK,Major Dam,58644,53.12,57991,98.89
8bc936b7-864c-4bcc-9201-858bc76fff66,24/09/2014,Sep-14,9,2014,WEMMERSHOEK,Major Dam,58644,53.07,57843,98.63
a0059b52-e407-471b-9c49-2a4c2ddcbeca,25/09/2014,Sep-14,9,2014,WEMMERSHOEK,Major Dam,58644,53.07,57843,98.63
f9f06e3a-a03e-45dd-93d3-8c29edb927b7,26/09/2014,Sep-14,9,2014,WEMMERSHOEK,Major Dam,58644,53.05,57784,98.53
b66d7653-a26a-4c50-977c-8db0ada7e922,27/09/2014,Sep-14,9,2014,WEMMERSHOEK,Major Dam,58644,53.01,57665,98.33
1139d08a-e3df-4853-84cf-5c93c7536280,28/09/2014,Sep-14,9,2014,WEMMERSHOEK,Major Dam,58644,52.97,57547,98.13
1197a42f-1f9b-4526-a8b1-73d5bf3f11c9,29/09/2014,Sep-14,9,2014,WEMMERSHOEK,Major Dam,58644,52.94,57459,97.98
89f48838-ed34-44fc-b360-69133e4298d4,30/09/2014,Sep-14,9,2014,WEMMERSHOEK,Major Dam,58644,52.94,57459,97.98
cdf8ccf9-43da-4809-9934-84f5270783ce,01/10/2014,Oct-14,10,2014,WEMMERSHOEK,Major Dam,58644,52.91,57371,97.83
eb13227f-84ff-40fc-b8cd-d4aaa6908a08,02/10/2014,Oct-14,10,2014,WEMMERSHOEK,Major Dam,58644,52.85,57195,97.53
94fc4310-82b6-421c-b088-eaa104bdacd9,03/10/2014,Oct-14,10,2014,WEMMERSHOEK,Major Dam,58644,52.83,57136,97.43
20cdc149-7a62-42c6-91bb-215bbcffa429,04/10/2014,Oct-14,10,2014,WEMMERSHOEK,Major Dam,58644,52.77,56960,97.13
62c1ce1d-22f4-4df8-a0a6-e6de0f8b2f6a,05/10/2014,Oct-14,10,2014,WEMMERSHOEK,Major Dam,58644,52.72,56814,96.88
a69223b7-f2e1-4b48-9ab9-7802de2967ff,06/10/2014,Oct-14,10,2014,WEMMERSHOEK,Major Dam,58644,52.64,56580,96.48
6bac5c93-d35f-4213-9478-d51674ff7cf4,07/10/2014,Oct-14,10,2014,WEMMERSHOEK,Major Dam,58644,52.62,56522,96.38
cbfcd1c3-0360-48ca-bdf3-81c8293a1088,08/10/2014,Oct-14,10,2014,WEMMERSHOEK,Major Dam,58644,52.58,56406,96.18
d64f641b-1e94-4384-9c28-6949820668aa,09/10/2014,Oct-14,10,2014,WEMMERSHOEK,Major Dam,58644,52.52,56231,95.89
d9af1013-b4a4-49a0-8a4f-6c559cfb768d,10/10/2014,Oct-14,10,2014,WEMMERSHOEK,Major Dam,58644,52.5,56173,95.79
e9e94bbf-bd83-48c7-b4b7-a2e519b894dd,11/10/2014,Oct-14,10,2014,WEMMERSHOEK,Major Dam,58644,52.42,55941,95.39
b08cfb03-7e55-4919-90ae-a05851cdc0d5,12/10/2014,Oct-14,10,2014,WEMMERSHOEK,Major Dam,58644,52.35,55739,95.05
ba7f0782-8709-4910-bedd-bda1a79ff136,13/10/2014,Oct-14,10,2014,WEMMERSHOEK,Major Dam,58644,52.28,55536,94.7
0a5d180f-4b90-4db0-8273-a2d8dcff60c3,14/10/2014,Oct-14,10,2014,WEMMERSHOEK,Major Dam,58644,52.24,55422,94.51
9f12b14b-c721-4836-b329-cc2b5334cf82,15/10/2014,Oct-14,10,2014,WEMMERSHOEK,Major Dam,58644,52.27,55508,94.65
d642d049-6584-4a95-85b1-cd19494b7452,16/10/2014,Oct-14,10,2014,WEMMERSHOEK,Major Dam,58644,52.31,55624,94.85
7ba6365c-d446-4ac2-9a2d-6e902c86b541,17/10/2014,Oct-14,10,2014,WEMMERSHOEK,Major Dam,58644,52.23,55363,94.41
3a29ce41-3481-4b6c-b0c8-e18d643e2323,18/10/2014,Oct-14,10,2014,WEMMERSHOEK,Major Dam,58644,52.15,55163,94.06
6582b0a2-3710-4202-a19f-3f5bcea7163d,19/10/2014,Oct-14,10,2014,WEMMERSHOEK,Major Dam,58644,52.1,55020,93.82
b9878b33-7fa6-4f22-adfe-705fa3e22fde,20/10/2014,Oct-14,10,2014,WEMMERSHOEK,Major Dam,58644,52.03,54819,93.48
529fb3ad-5d75-437f-bb4d-bc83dbec7324,21/10/2014,Oct-14,10,2014,WEMMERSHOEK,Major Dam,58644,51.99,54704,93.28
ec2ae741-ab3d-4a3f-a6c0-b7cf5adff6b8,22/10/2014,Oct-14,10,2014,WEMMERSHOEK,Major Dam,58644,51.91,54476,92.89
9691a75e-8f14-44f7-8992-957a24366c0e,23/10/2014,Oct-14,10,2014,WEMMERSHOEK,Major Dam,58644,51.86,54327,92.64
ed378348-2b5e-4674-a34d-f531ed7bc6f0,24/10/2014,Oct-14,10,2014,WEMMERSHOEK,Major Dam,58644,51.76,54044,92.16
5bc8680f-479e-448a-8660-1e412dc766c1,25/10/2014,Oct-14,10,2014,WEMMERSHOEK,Major Dam,58644,51.69,53844,91.82
fe5198f5-2d71-4f8c-a9b9-9ada5068997f,26/10/2014,Oct-14,10,2014,WEMMERSHOEK,Major Dam,58644,51.62,53650,91.48
35117936-303c-4813-b683-18b11de788eb,27/10/2014,Oct-14,10,2014,WEMMERSHOEK,Major Dam,58644,51.55,53450,91.14
26d6d694-412a-465f-809a-dfca0aea6c0e,28/10/2014,Oct-14,10,2014,WEMMERSHOEK,Major Dam,58644,51.49,53280,90.85
bd510846-b4a9-4938-834c-ba7a5ba203e0,29/10/2014,Oct-14,10,2014,WEMMERSHOEK,Major Dam,58644,51.44,53142,90.62
ab65ffe4-a567-494a-bcfb-ace90924efc2,30/10/2014,Oct-14,10,2014,WEMMERSHOEK,Major Dam,58644,51.36,52917,90.23
07df0b67-1748-415b-8d2b-e9c0933dc293,31/10/2014,Oct-14,10,2014,WEMMERSHOEK,Major Dam,58644,51.31,52778,90
4326276d-acff-4c15-931f-233b44a53556,01/11/2014,Nov-14,11,2014,WEMMERSHOEK,Major Dam,58644,51.24,52581,89.66
40bb788b-c68c-47da-b908-d04707651c1a,02/11/2014,Nov-14,11,2014,WEMMERSHOEK,Major Dam,58644,51.16,52359,89.28
1c44c949-8591-4dc5-b6a8-3f9530e76d03,03/11/2014,Nov-14,11,2014,WEMMERSHOEK,Major Dam,58644,51.1,52193,89
19f91596-e8a0-4d77-b6cf-450df80348c1,04/11/2014,Nov-14,11,2014,WEMMERSHOEK,Major Dam,58644,51.05,52054,88.76
5ffead98-52e1-4910-a6ca-5f7b18e68278,05/11/2014,Nov-14,11,2014,WEMMERSHOEK,Major Dam,58644,50.99,51882,88.47
496eb490-cd11-426f-9531-fec1195d3835,06/11/2014,Nov-14,11,2014,WEMMERSHOEK,Major Dam,58644,50.97,51828,88.38
aa02c483-6d5f-46f8-8c17-eeada20d20e1,07/11/2014,Nov-14,11,2014,WEMMERSHOEK,Major Dam,58644,50.87,51553,87.91
b11d47be-ffa2-49b4-a75a-4fa351be825a,08/11/2014,Nov-14,11,2014,WEMMERSHOEK,Major Dam,58644,50.79,51333,87.53
89be012b-4aa7-4ec7-a289-7ed0a0b04201,09/11/2014,Nov-14,11,2014,WEMMERSHOEK,Major Dam,58644,50.7,51089,87.12
7be92148-2c90-4f42-a33b-760351c71ae5,10/11/2014,Nov-14,11,2014,WEMMERSHOEK,Major Dam,58644,50.63,50896,86.79
012e98a8-98c2-4baf-b937-47a3f7dc89c5,11/11/2014,Nov-14,11,2014,WEMMERSHOEK,Major Dam,58644,50.57,50733,86.51
5b2984ce-b2df-45fb-aeb7-475fd4ecd85f,12/11/2014,Nov-14,11,2014,WEMMERSHOEK,Major Dam,58644,50.48,50489,86.09
e3f2ec65-0d12-4f68-9c2e-be47c67a5ce0,13/11/2014,Nov-14,11,2014,WEMMERSHOEK,Major Dam,58644,50.42,50326,85.82
575dfbb9-c6a9-4d5b-8d60-f072c8079156,14/11/2014,Nov-14,11,2014,WEMMERSHOEK,Major Dam,58644,50.33,50082,85.4
cf92de64-9343-4302-a7ca-ebf4ba304bb6,15/11/2014,Nov-14,11,2014,WEMMERSHOEK,Major Dam,58644,50.29,49973,85.21
e5190734-f9a7-4575-8080-eb5682e1ab0c,16/11/2014,Nov-14,11,2014,WEMMERSHOEK,Major Dam,58644,50.26,49893,85.08
aed25db4-1255-4ba0-892d-31507bc42dd1,17/11/2014,Nov-14,11,2014,WEMMERSHOEK,Major Dam,58644,50.23,49812,84.94
5b233c3c-d06a-4e41-a5a4-e37fcb15e9fb,18/11/2014,Nov-14,11,2014,WEMMERSHOEK,Major Dam,58644,50.17,49651,84.67
86058fb0-00cc-42df-ad3f-e2e16d488d7f,19/11/2014,Nov-14,11,2014,WEMMERSHOEK,Major Dam,58644,50.1,49463,84.34
85b0a99f-e49e-4897-a0cd-b04db86bd3a5,20/11/2014,Nov-14,11,2014,WEMMERSHOEK,Major Dam,58644,50.03,49275,84.02
4929209a-848a-4c68-a31c-06659ac1057d,21/11/2014,Nov-14,11,2014,WEMMERSHOEK,Major Dam,58644,50.01,49222,83.93
16b84693-b561-4c88-a141-ec07f8de261b,22/11/2014,Nov-14,11,2014,WEMMERSHOEK,Major Dam,58644,49.96,49088,83.71
637dbd34-f76f-43ee-9008-3df2c581b046,23/11/2014,Nov-14,11,2014,WEMMERSHOEK,Major Dam,58644,49.92,48982,83.52
e8c94de9-5ee6-4179-9279-cf2054d3852c,24/11/2014,Nov-14,11,2014,WEMMERSHOEK,Major Dam,58644,49.88,48876,83.34
e86019b4-2188-4351-88a9-8db094aacb68,25/11/2014,Nov-14,11,2014,WEMMERSHOEK,Major Dam,58644,49.86,48823,83.25
2a9ee7bd-8555-4392-ad54-1351ee6e89db,26/11/2014,Nov-14,11,2014,WEMMERSHOEK,Major Dam,58644,49.79,48637,82.94
9819f5cd-a0dd-4f4b-b9a1-0b82b3f8212d,27/11/2014,Nov-14,11,2014,WEMMERSHOEK,Major Dam,58644,49.78,48610,82.89
cd75498d-bdab-43ed-a70a-e3d184383638,28/11/2014,Nov-14,11,2014,WEMMERSHOEK,Major Dam,58644,49.75,48531,82.76
2d41d11d-ebdd-4676-a4ed-601a37deae3e,29/11/2014,Nov-14,11,2014,WEMMERSHOEK,Major Dam,58644,49.72,48451,82.62
dbefaaf2-3aeb-4ca3-bebf-f1c0910efd47,30/11/2014,Nov-14,11,2014,WEMMERSHOEK,Major Dam,58644,49.69,48371,82.48
69a8576f-81c4-4969-a59d-a6e427ac813b,01/12/2014,Dec-14,12,2014,WEMMERSHOEK,Major Dam,58644,49.66,48292,82.35
c45147fe-a82e-43e5-baa5-add0ebbda79c,02/12/2014,Dec-14,12,2014,WEMMERSHOEK,Major Dam,58644,49.61,48161,82.12
8200bfaf-0031-4607-b1f5-7e24c790473c,03/12/2014,Dec-14,12,2014,WEMMERSHOEK,Major Dam,58644,49.55,48004,81.86
d6457f93-7ccb-4fae-ab7a-aaaaa278d16a,04/12/2014,Dec-14,12,2014,WEMMERSHOEK,Major Dam,58644,49.54,47977,81.81
5e5e77dd-3832-46c5-aef8-f789ad798953,05/12/2014,Dec-14,12,2014,WEMMERSHOEK,Major Dam,58644,49.49,47846,81.59
a7cd305e-f58e-47ab-b743-4240ead7722f,06/12/2014,Dec-14,12,2014,WEMMERSHOEK,Major Dam,58644,49.46,47767,81.45
f3d149f8-93a9-4596-9d61-eaa28ef323bb,07/12/2014,Dec-14,12,2014,WEMMERSHOEK,Major Dam,58644,49.42,47662,81.27
01a9c348-d219-4be0-b0ed-afaf4e14f4b9,08/12/2014,Dec-14,12,2014,WEMMERSHOEK,Major Dam,58644,49.39,47581,81.14
f768900d-ea00-4ac1-954f-aa5280e19b33,09/12/2014,Dec-14,12,2014,WEMMERSHOEK,Major Dam,58644,49.33,47427,80.87
11543b2c-7c52-422d-8b84-a3433ddf9247,10/12/2014,Dec-14,12,2014,WEMMERSHOEK,Major Dam,58644,49.3,47350,80.74
18686b8d-ddfd-49bd-9bf9-37293244b391,11/12/2014,Dec-14,12,2014,WEMMERSHOEK,Major Dam,58644,49.28,47296,80.65
da17e9fa-ee39-42c2-96e4-09a7a5f74974,12/12/2014,Dec-14,12,2014,WEMMERSHOEK,Major Dam,58644,49.23,47167,80.43
796e819b-603f-4cd8-9c80-8001aecb6ca5,13/12/2014,Dec-14,12,2014,WEMMERSHOEK,Major Dam,58644,49.19,47062,80.25
be2a8487-174f-40e5-97bc-7add1ca876a5,14/12/2014,Dec-14,12,2014,WEMMERSHOEK,Major Dam,58644,49.15,46959,80.07
1e3d3803-e243-4719-95e2-f49f4f8841c1,15/12/2014,Dec-14,12,2014,WEMMERSHOEK,Major Dam,58644,49.11,46856,79.9
57f5589b-9ba8-432c-9573-df66ae6ae10b,16/12/2014,Dec-14,12,2014,WEMMERSHOEK,Major Dam,58644,49.06,46728,79.68
f141336e-90a5-4000-8f2c-6ce8b638a718,17/12/2014,Dec-14,12,2014,WEMMERSHOEK,Major Dam,58644,49.01,46599,79.46
b1996771-3aac-427d-9df7-236421d2cf93,18/12/2014,Dec-14,12,2014,WEMMERSHOEK,Major Dam,58644,49,46573,79.42
95bc2434-926b-44e8-8d51-0b375ba76162,19/12/2014,Dec-14,12,2014,WEMMERSHOEK,Major Dam,58644,48.96,46471,79.24
6f40b928-35c9-4ecb-a3d7-e8db4100974c,20/12/2014,Dec-14,12,2014,WEMMERSHOEK,Major Dam,58644,48.9,46317,78.98
41efdbc0-b3a7-4272-9289-d8a79b209c0d,21/12/2014,Dec-14,12,2014,WEMMERSHOEK,Major Dam,58644,48.85,46189,78.76
8131e8e5-4c4e-4465-809f-cdd7e1e24641,22/12/2014,Dec-14,12,2014,WEMMERSHOEK,Major Dam,58644,48.81,46086,78.59
b576ccc9-4fff-45bf-b085-a55588a49c5e,23/12/2014,Dec-14,12,2014,WEMMERSHOEK,Major Dam,58644,48.78,46009,78.45
01052f88-376f-47f0-ad78-36a86dca312f,24/12/2014,Dec-14,12,2014,WEMMERSHOEK,Major Dam,58644,48.71,45831,78.15
14312e19-3988-4e3d-9607-8310f24fec8d,25/12/2014,Dec-14,12,2014,WEMMERSHOEK,Major Dam,58644,48.65,45679,77.89
6ed49211-1726-4aca-b29a-0467e917fb19,26/12/2014,Dec-14,12,2014,WEMMERSHOEK,Major Dam,58644,48.6,45552,77.68
35c9310b-b449-47c1-b425-6a3e0d02958c,27/12/2014,Dec-14,12,2014,WEMMERSHOEK,Major Dam,58644,48.54,45400,77.42
6254fb54-e0c0-48bf-ab3f-8c2069b3dfa1,28/12/2014,Dec-14,12,2014,WEMMERSHOEK,Major Dam,58644,48.5,45299,77.24
18df38aa-a330-4de4-9466-be0d977f878e,29/12/2014,Dec-14,12,2014,WEMMERSHOEK,Major Dam,58644,48.44,45148,76.99
0f732865-59af-4b99-80ba-43b6278a5e6b,30/12/2014,Dec-14,12,2014,WEMMERSHOEK,Major Dam,58644,48.36,44947,76.64
32dcbca0-ca12-4c12-8d1a-5a287d438848,31/12/2014,Dec-14,12,2014,WEMMERSHOEK,Major Dam,58644,48.28,44747,76.3
bc3c885a-9241-42dc-9e3b-e86b61c46d9e,01/01/2015,Jan-15,1,2015,WEMMERSHOEK,Major Dam,58644,48.25,44671,76.17
325b424a-2902-4aa4-a4be-29a9d594f2f9,02/01/2015,Jan-15,1,2015,WEMMERSHOEK,Major Dam,58644,48.23,44621,76.09
54cdb433-e7c8-49ae-bcda-b4a9b1083fd2,03/01/2015,Jan-15,1,2015,WEMMERSHOEK,Major Dam,58644,48.19,44520,75.92
f95370dd-6c08-418c-886e-5b6feac9e7c7,04/01/2015,Jan-15,1,2015,WEMMERSHOEK,Major Dam,58644,48.15,44421,75.75
8696000c-2d38-4444-9171-752531fb97c2,05/01/2015,Jan-15,1,2015,WEMMERSHOEK,Major Dam,58644,48.11,44322,75.58
dd80bfb1-b159-4617-8e6f-67b4a65531b7,06/01/2015,Jan-15,1,2015,WEMMERSHOEK,Major Dam,58644,48.07,44221,75.41
2d771cbe-89dd-4ac5-9d89-7364a834295e,07/01/2015,Jan-15,1,2015,WEMMERSHOEK,Major Dam,58644,48.02,44099,75.2
89787dcd-f277-4b9f-a16b-3bb5c49813d5,08/01/2015,Jan-15,1,2015,WEMMERSHOEK,Major Dam,58644,48,44050,75.11
851358c0-e669-4bfe-b55e-4bb22fbba153,09/01/2015,Jan-15,1,2015,WEMMERSHOEK,Major Dam,58644,47.94,43900,74.86
bfa2fd41-1647-4a68-a650-892da2dc3f2a,10/01/2015,Jan-15,1,2015,WEMMERSHOEK,Major Dam,58644,47.91,43826,74.73
8fd0164f-352b-47ac-bd15-1bcdf9745a3c,11/01/2015,Jan-15,1,2015,WEMMERSHOEK,Major Dam,58644,47.87,43728,74.57
9f238ab2-4628-4e57-8d67-5603cd79454e,12/01/2015,Jan-15,1,2015,WEMMERSHOEK,Major Dam,58644,47.83,43630,74.4
28c8fa5a-fe3d-4660-913b-8133cd7e2579,13/01/2015,Jan-15,1,2015,WEMMERSHOEK,Major Dam,58644,47.77,43483,74.15
4866018d-f0bd-4698-be7a-75a15ba63ef1,14/01/2015,Jan-15,1,2015,WEMMERSHOEK,Major Dam,58644,47.76,43458,74.1
ebd08d2d-7f05-46ab-8a88-dd1b077f706c,15/01/2015,Jan-15,1,2015,WEMMERSHOEK,Major Dam,58644,47.7,43311,73.85
be1ee30e-4999-4b91-be6b-22e80a5de6bd,16/01/2015,Jan-15,1,2015,WEMMERSHOEK,Major Dam,58644,47.65,43189,73.65
0525c01f-f17a-4a53-97f4-952a7e0afee0,17/01/2015,Jan-15,1,2015,WEMMERSHOEK,Major Dam,58644,47.61,43091,73.48
88bd4d48-7cad-4303-a5de-5cad0782daff,18/01/2015,Jan-15,1,2015,WEMMERSHOEK,Major Dam,58644,47.57,42993,73.31
c672e119-913e-465c-8ad6-747c4895c4d9,19/01/2015,Jan-15,1,2015,WEMMERSHOEK,Major Dam,58644,47.52,42872,73.11
8d1c1818-18e4-4cbb-b6fd-29f014ce3d18,20/01/2015,Jan-15,1,2015,WEMMERSHOEK,Major Dam,58644,47.47,42750,72.9
8447c5c5-9fbc-40cb-b7c3-2c2b50ee25cb,21/01/2015,Jan-15,1,2015,WEMMERSHOEK,Major Dam,58644,47.39,42550,72.56
08d4737d-cfbc-49f2-9609-2f82f5ff9e92,22/01/2015,Jan-15,1,2015,WEMMERSHOEK,Major Dam,58644,47.34,42432,72.36
abf16184-ba16-4080-816e-67782209d935,23/01/2015,Jan-15,1,2015,WEMMERSHOEK,Major Dam,58644,47.29,42308,72.14
b3f512b3-9f6b-44e2-b423-f8b2a1921f93,24/01/2015,Jan-15,1,2015,WEMMERSHOEK,Major Dam,58644,47.23,42166,71.9
49de390f-0ca0-440a-b9d9-5e39d381e4c7,25/01/2015,Jan-15,1,2015,WEMMERSHOEK,Major Dam,58644,47.17,42021,71.65
27da6c74-1172-494f-a9d6-a6a8a920fae5,26/01/2015,Jan-15,1,2015,WEMMERSHOEK,Major Dam,58644,47.11,41878,71.41
ecdf8a94-405a-4f5d-9f9b-11fcdb340b60,27/01/2015,Jan-15,1,2015,WEMMERSHOEK,Major Dam,58644,47.06,41757,71.2
09039ca8-d05a-4cba-9761-84585e3d0b24,28/01/2015,Jan-15,1,2015,WEMMERSHOEK,Major Dam,58644,46.97,41542,70.84
c787a3ad-d28b-46b8-b9e9-acb172e27796,29/01/2015,Jan-15,1,2015,WEMMERSHOEK,Major Dam,58644,46.9,41376,70.55
4640060d-275b-42c2-9f0d-eadfa0a119dc,30/01/2015,Jan-15,1,2015,WEMMERSHOEK,Major Dam,58644,46.88,41328,70.47
9eeef69c-3a77-4271-99b7-166f3e4cd0ae,31/01/2015,Jan-15,1,2015,WEMMERSHOEK,Major Dam,58644,46.81,41162,70.19
803b451e-e85f-48ea-9189-4c92bdd25de4,01/02/2015,Feb-15,2,2015,WEMMERSHOEK,Major Dam,58644,46.74,40996,69.91
043e9eea-8b8d-4efd-bb5a-bb74ebeb25cc,02/02/2015,Feb-15,2,2015,WEMMERSHOEK,Major Dam,58644,46.68,40852,69.66
daaef431-50cd-4597-839b-ca13a3a8fba9,03/02/2015,Feb-15,2,2015,WEMMERSHOEK,Major Dam,58644,46.64,40759,69.5
8fa3ed24-c055-4722-8f17-83532036e127,04/02/2015,Feb-15,2,2015,WEMMERSHOEK,Major Dam,58644,46.59,40642,69.3
4b178993-0fcc-4aa1-b770-5bacc25ac77a,05/02/2015,Feb-15,2,2015,WEMMERSHOEK,Major Dam,58644,46.57,40595,69.22
6a9b455c-3941-485f-a02b-66fe7d465773,06/02/2015,Feb-15,2,2015,WEMMERSHOEK,Major Dam,58644,46.48,40384,68.86
69921ad1-9e28-4a7b-9101-58c3edaad901,07/02/2015,Feb-15,2,2015,WEMMERSHOEK,Major Dam,58644,46.43,40267,68.66
cf0337d8-ae41-44ae-b78a-87512b18d86a,08/02/2015,Feb-15,2,2015,WEMMERSHOEK,Major Dam,58644,46.39,40172,68.5
e145b7ce-e0e6-41db-9df1-d8b9b6c9e5c1,09/02/2015,Feb-15,2,2015,WEMMERSHOEK,Major Dam,58644,46.32,40010,68.23
4850cb43-94f3-4cbe-ad1c-357e4306c1c6,10/02/2015,Feb-15,2,2015,WEMMERSHOEK,Major Dam,58644,46.27,39894,68.03
6c011667-4ab3-4813-8a52-b4f5318c2920,11/02/2015,Feb-15,2,2015,WEMMERSHOEK,Major Dam,58644,46.23,39802,67.87
df61b140-ab1f-4827-8c8d-0439c6a866a1,12/02/2015,Feb-15,2,2015,WEMMERSHOEK,Major Dam,58644,46.18,39680,67.66
ce14d603-6698-47b3-a268-d7b695e039c7,13/02/2015,Feb-15,2,2015,WEMMERSHOEK,Major Dam,58644,46.14,39594,67.52
975a46b4-a2dd-423e-b1c9-0fb9ceba0e16,14/02/2015,Feb-15,2,2015,WEMMERSHOEK,Major Dam,58644,46.1,39501,67.36
29182cdd-eddc-4cca-87e9-34c7bad8ef9f,15/02/2015,Feb-15,2,2015,WEMMERSHOEK,Major Dam,58644,46.06,39408,67.2
c5fef7e0-aaaa-4698-8c73-086a31e07fab,16/02/2015,Feb-15,2,2015,WEMMERSHOEK,Major Dam,58644,46.01,39294,67
64f84e33-1cd6-4ff7-9752-f19e3fe3692a,17/02/2015,Feb-15,2,2015,WEMMERSHOEK,Major Dam,58644,45.96,39180,66.81
075a439b-4617-494e-b858-306dcf66235c,18/02/2015,Feb-15,2,2015,WEMMERSHOEK,Major Dam,58644,45.88,38997,66.5
219c7daf-f839-48a6-96ce-d2e5dc2368e0,19/02/2015,Feb-15,2,2015,WEMMERSHOEK,Major Dam,58644,45.86,38951,66.42
b1f83a26-0e68-448a-b6ee-6429db7a216b,20/02/2015,Feb-15,2,2015,WEMMERSHOEK,Major Dam,58644,45.79,38789,66.14
e0285dc0-2205-47c6-a100-b42f64b3f7cc,21/02/2015,Feb-15,2,2015,WEMMERSHOEK,Major Dam,58644,45.74,38677,65.95
87d97415-ca31-460c-b1cf-56cfff7e1981,22/02/2015,Feb-15,2,2015,WEMMERSHOEK,Major Dam,58644,45.68,38542,65.72
67876d2d-5393-4b9a-9890-8f85859ad549,23/02/2015,Feb-15,2,2015,WEMMERSHOEK,Major Dam,58644,45.62,38407,65.49
69301b98-923d-48d6-8604-44b3f30be60d,24/02/2015,Feb-15,2,2015,WEMMERSHOEK,Major Dam,58644,45.6,38362,65.42
f382d16c-a4fa-4303-b015-9b199ad0b472,25/02/2015,Feb-15,2,2015,WEMMERSHOEK,Major Dam,58644,45.53,38204,65.15
6164e579-f972-4b94-916a-e0eb5b3b284f,26/02/2015,Feb-15,2,2015,WEMMERSHOEK,Major Dam,58644,45.5,38136,65.03
a93c24d8-3725-4f8d-ab88-135b07a495cc,27/02/2015,Feb-15,2,2015,WEMMERSHOEK,Major Dam,58644,45.46,38046,64.88
a43c4fba-68ef-4a51-9f91-6d6d01c4328c,28/02/2015,Feb-15,2,2015,WEMMERSHOEK,Major Dam,58644,45.41,37934,64.69
6f75be75-e029-4111-81de-b2456b17d628,01/03/2015,Mar-15,3,2015,WEMMERSHOEK,Major Dam,58644,45.36,37822,64.49
e8567b74-6736-4dd0-b19a-bfdbde610026,02/03/2015,Mar-15,3,2015,WEMMERSHOEK,Major Dam,58644,45.31,37710,64.3
386dbe21-0bde-42bb-a6ff-d4f0a8fb2b3b,03/03/2015,Mar-15,3,2015,WEMMERSHOEK,Major Dam,58644,45.23,37531,64
43d48708-9d9f-4a40-9087-1fde0a81404f,04/03/2015,Mar-15,3,2015,WEMMERSHOEK,Major Dam,58644,45.22,37509,63.96
e78d2509-f246-425b-b044-4bea021b3de9,05/03/2015,Mar-15,3,2015,WEMMERSHOEK,Major Dam,58644,45.16,37373,63.73
5663ef56-14b0-4bc4-bcd5-8273c14d61b3,06/03/2015,Mar-15,3,2015,WEMMERSHOEK,Major Dam,58644,45.11,37263,63.54
736d41ba-a036-440b-9b56-5e7809dc90e6,07/03/2015,Mar-15,3,2015,WEMMERSHOEK,Major Dam,58644,45.07,37175,63.39
ffc1fc75-1de1-4a05-b670-2b7b1c00bb85,08/03/2015,Mar-15,3,2015,WEMMERSHOEK,Major Dam,58644,45.01,37042,63.16
5e6b732c-c310-46b5-9c18-5e4d7fd0adf4,09/03/2015,Mar-15,3,2015,WEMMERSHOEK,Major Dam,58644,45,37020,63.13
3e4212dd-37ba-4f0d-8106-b9c4896d4576,10/03/2015,Mar-15,3,2015,WEMMERSHOEK,Major Dam,58644,44.92,36843,62.82
8782809a-5342-4a9b-8579-77d3c2fd0d19,11/03/2015,Mar-15,3,2015,WEMMERSHOEK,Major Dam,58644,44.9,36799,62.75
a83366fa-e2cb-40ac-b534-62f43d704ea4,12/03/2015,Mar-15,3,2015,WEMMERSHOEK,Major Dam,58644,44.86,36709,62.6
a50859d9-f011-48c0-985d-366cf9d1376a,13/03/2015,Mar-15,3,2015,WEMMERSHOEK,Major Dam,58644,44.8,36579,62.37
818d6f23-6f37-4dba-8442-f0c01153af8c,14/03/2015,Mar-15,3,2015,WEMMERSHOEK,Major Dam,58644,44.76,36492,62.23
a8a8de49-9446-43ee-bd20-f48ae280ddef,15/03/2015,Mar-15,3,2015,WEMMERSHOEK,Major Dam,58644,44.72,36404,62.08
09ffa1ad-68d1-4ad9-8877-03378235bb9c,16/03/2015,Mar-15,3,2015,WEMMERSHOEK,Major Dam,58644,44.67,36296,61.89
e799843f-55d6-4b70-8852-9cfa50a90c6b,17/03/2015,Mar-15,3,2015,WEMMERSHOEK,Major Dam,58644,44.63,36209,61.74
660b46b0-5404-4524-931d-91813e7088d3,18/03/2015,Mar-15,3,2015,WEMMERSHOEK,Major Dam,58644,44.57,36076,61.52
d53e26f8-6790-4c31-924a-a5b6b201974a,19/03/2015,Mar-15,3,2015,WEMMERSHOEK,Major Dam,58644,44.51,35947,61.3
d9346a0a-afd5-41e0-9f58-d20f607afe3f,20/03/2015,Mar-15,3,2015,WEMMERSHOEK,Major Dam,58644,44.45,35818,61.08
9a375a07-0635-4a9b-a681-72e63ea7e047,21/03/2015,Mar-15,3,2015,WEMMERSHOEK,Major Dam,58644,44.41,35732,60.93
421ad4ad-14c6-4b81-9d74-849c474db4d0,22/03/2015,Mar-15,3,2015,WEMMERSHOEK,Major Dam,58644,44.37,35646,60.78
2f7eb71e-1165-435a-9a10-200891bdbe81,23/03/2015,Mar-15,3,2015,WEMMERSHOEK,Major Dam,58644,44.36,35625,60.75
224fee5a-8b85-4c04-b8f5-751c40a49d88,24/03/2015,Mar-15,3,2015,WEMMERSHOEK,Major Dam,58644,44.28,35453,60.45
1dc72654-5c1b-4a29-93da-bcf6738de5f6,25/03/2015,Mar-15,3,2015,WEMMERSHOEK,Major Dam,58644,44.23,35346,60.27
190eb6a1-39c2-43c2-b154-a68244426eac,26/03/2015,Mar-15,3,2015,WEMMERSHOEK,Major Dam,58644,44.21,35303,60.2
f96f01f2-5b9d-4409-8de3-989b89361541,27/03/2015,Mar-15,3,2015,WEMMERSHOEK,Major Dam,58644,44.16,35196,60.02
c071727c-d264-475d-a537-7846b5032b5e,28/03/2015,Mar-15,3,2015,WEMMERSHOEK,Major Dam,58644,44.11,35089,59.83
cf15c22d-c662-4a0e-bdd1-bd4cd1985b27,29/03/2015,Mar-15,3,2015,WEMMERSHOEK,Major Dam,58644,44.06,34982,59.65
06906fda-d8fb-44bd-b1ff-eb112b8573e5,30/03/2015,Mar-15,3,2015,WEMMERSHOEK,Major Dam,58644,44.01,34876,59.47
86fa729d-d1fd-49f3-8068-4aaa605011f6,31/03/2015,Mar-15,3,2015,WEMMERSHOEK,Major Dam,58644,43.96,34769,59.29
eac63f13-19cf-4cf2-9a40-732be261a9b6,01/04/2015,Apr-15,4,2015,WEMMERSHOEK,Major Dam,58644,43.89,34620,59.03
9d24ddc7-f3c6-435d-975d-e01d7ee302f3,02/04/2015,Apr-15,4,2015,WEMMERSHOEK,Major Dam,58644,43.86,34557,58.93
ea4a3e82-cf26-466c-a708-22639855f37a,03/04/2015,Apr-15,4,2015,WEMMERSHOEK,Major Dam,58644,43.8,34431,58.71
15903f5e-b50d-4178-aa07-0b0f99b8e70c,04/04/2015,Apr-15,4,2015,WEMMERSHOEK,Major Dam,58644,43.73,34283,58.46
6efa7aba-7611-4a3c-8378-a82500a00b26,05/04/2015,Apr-15,4,2015,WEMMERSHOEK,Major Dam,58644,43.7,34220,58.35
0a401dba-a613-4ae2-9af2-42e80c79a6c3,06/04/2015,Apr-15,4,2015,WEMMERSHOEK,Major Dam,58644,43.69,34199,58.32
b62299dd-c32b-4857-91e0-f691737ae13a,07/04/2015,Apr-15,4,2015,WEMMERSHOEK,Major Dam,58644,43.67,34157,58.24
1ebffa19-9f4e-4c98-87e0-24c231c08147,08/04/2015,Apr-15,4,2015,WEMMERSHOEK,Major Dam,58644,43.62,34052,58.07
c711e3a2-284d-48d8-9316-6001909cd5af,09/04/2015,Apr-15,4,2015,WEMMERSHOEK,Major Dam,58644,43.54,33885,57.78
09d78fa1-c19e-4570-8be3-dc204b8203fa,10/04/2015,Apr-15,4,2015,WEMMERSHOEK,Major Dam,58644,43.52,33843,57.71
9d6ccf83-1097-4d4d-a674-9bab15903317,11/04/2015,Apr-15,4,2015,WEMMERSHOEK,Major Dam,58644,43.46,33718,57.5
ca6dea2c-8075-401d-9ed5-24c41ff531d1,12/04/2015,Apr-15,4,2015,WEMMERSHOEK,Major Dam,58644,43.41,33613,57.32
c2d352c4-6454-4003-a57f-e3bfd03d1238,13/04/2015,Apr-15,4,2015,WEMMERSHOEK,Major Dam,58644,43.35,33488,57.1
06964c1a-2b3b-46ce-aae8-aa617a8ddc96,14/04/2015,Apr-15,4,2015,WEMMERSHOEK,Major Dam,58644,43.25,33280,56.75
247d0995-6e5a-4ab8-ab61-6157081559f9,15/04/2015,Apr-15,4,2015,WEMMERSHOEK,Major Dam,58644,43.23,33239,56.68
28be4176-9ef3-4c04-860d-1c2999e71f82,16/04/2015,Apr-15,4,2015,WEMMERSHOEK,Major Dam,58644,43.16,33095,56.43
b8d631ce-77ff-4d41-946f-d4fac7ae64cd,17/04/2015,Apr-15,4,2015,WEMMERSHOEK,Major Dam,58644,43.08,32930,56.15
7e775295-6745-4fa2-9b6d-9acb9709c337,18/04/2015,Apr-15,4,2015,WEMMERSHOEK,Major Dam,58644,42.94,32642,55.66
f459417a-5b93-4f76-9178-669478374641,19/04/2015,Apr-15,4,2015,WEMMERSHOEK,Major Dam,58644,42.83,32418,55.28
fa2a72bf-6ff5-4ddf-a863-98712a05222b,20/04/2015,Apr-15,4,2015,WEMMERSHOEK,Major Dam,58644,42.71,32172,54.86
af4625f5-d801-4feb-a228-2d3d4891b5ed,21/04/2015,Apr-15,4,2015,WEMMERSHOEK,Major Dam,58644,42.63,32010,54.58
526ad7b8-82b3-4484-b6c3-598fa4b89f6a,22/04/2015,Apr-15,4,2015,WEMMERSHOEK,Major Dam,58644,42.51,31766,54.17
b34432aa-9dae-4b29-bf66-9768fec2001c,23/04/2015,Apr-15,4,2015,WEMMERSHOEK,Major Dam,58644,42.43,31604,53.89
52764a87-111d-4c31-b150-061948057a04,24/04/2015,Apr-15,4,2015,WEMMERSHOEK,Major Dam,58644,42.38,31502,53.72
f10c12a1-cb8f-4df5-9c98-eb2917392620,25/04/2015,Apr-15,4,2015,WEMMERSHOEK,Major Dam,58644,42.33,31402,53.55
6646f314-80f8-4b1d-a5d3-a9747db3342a,26/04/2015,Apr-15,4,2015,WEMMERSHOEK,Major Dam,58644,42.28,31302,53.38
fd45ede9-78fe-4089-899b-d312315fa06c,27/04/2015,Apr-15,4,2015,WEMMERSHOEK,Major Dam,58644,42.22,31182,53.17
09d4bc34-a61d-466a-bd99-9f421578987a,28/04/2015,Apr-15,4,2015,WEMMERSHOEK,Major Dam,58644,42.17,31083,53
7b341b1c-a416-43fe-a080-960abc8c388a,29/04/2015,Apr-15,4,2015,WEMMERSHOEK,Major Dam,58644,42.14,31023,52.9
879bc7d4-b3ca-42d2-917f-2da39c8270c8,30/04/2015,Apr-15,4,2015,WEMMERSHOEK,Major Dam,58644,42.12,30983,52.83
72b8cb38-c53d-4701-82ae-3fd5eee125ef,01/05/2015,May-15,5,2015,WEMMERSHOEK,Major Dam,58644,42.08,30902,52.69
a80faa87-bc0c-4a71-94d1-1191df44327a,02/05/2015,May-15,5,2015,WEMMERSHOEK,Major Dam,58644,42.02,30783,52.49
04c7d70c-eea0-4554-b6e7-93f6c2dad649,03/05/2015,May-15,5,2015,WEMMERSHOEK,Major Dam,58644,41.97,30684,52.32
e58b1664-3cc9-4f86-83b5-6b9da55b87cf,04/05/2015,May-15,5,2015,WEMMERSHOEK,Major Dam,58644,41.94,30624,52.22
24eaa7d7-368d-4ab2-a258-91c182c3a284,05/05/2015,May-15,5,2015,WEMMERSHOEK,Major Dam,58644,41.9,30545,52.09
dfd55b82-4661-4188-ae32-6b940012abe9,06/05/2015,May-15,5,2015,WEMMERSHOEK,Major Dam,58644,41.84,30426,51.88
d4ca0798-6af4-407e-987d-8a2e43f2014f,07/05/2015,May-15,5,2015,WEMMERSHOEK,Major Dam,58644,41.79,30327,51.71
5cb46177-4502-4562-b30f-4f4f63240404,08/05/2015,May-15,5,2015,WEMMERSHOEK,Major Dam,58644,41.72,30189,51.48
92e51e0e-33a6-40ba-a1f0-ba4719317bef,09/05/2015,May-15,5,2015,WEMMERSHOEK,Major Dam,58644,41.68,30110,51.34
adb79e78-d9f8-4bdd-8a52-e8b6fc354649,10/05/2015,May-15,5,2015,WEMMERSHOEK,Major Dam,58644,41.63,30012,51.18
7a6713bf-4eaf-4cc1-9dcb-569e585ea8c7,11/05/2015,May-15,5,2015,WEMMERSHOEK,Major Dam,58644,41.58,29913,51.01
d8617dd0-508f-49d9-a08c-abb60c3cf40b,12/05/2015,May-15,5,2015,WEMMERSHOEK,Major Dam,58644,41.54,29834,50.87
a1ba0445-cd40-4bae-aabf-ecd14d887b59,13/05/2015,May-15,5,2015,WEMMERSHOEK,Major Dam,58644,41.52,29795,50.81
eba8be8d-f714-4bff-b1ee-5af518b71d0f,14/05/2015,May-15,5,2015,WEMMERSHOEK,Major Dam,58644,41.48,29716,50.67
d1bbfef2-293d-4301-939f-8866524cf394,15/05/2015,May-15,5,2015,WEMMERSHOEK,Major Dam,58644,41.42,29599,50.47
49ca5711-b562-488c-aaea-42cd4f77b5d9,16/05/2015,May-15,5,2015,WEMMERSHOEK,Major Dam,58644,41.39,29541,50.37
25282be1-8e4c-43e8-adbc-a48684a52da5,17/05/2015,May-15,5,2015,WEMMERSHOEK,Major Dam,58644,41.35,29463,50.24
9fd9d9aa-2b6f-48f3-a683-22bf15af10d5,18/05/2015,May-15,5,2015,WEMMERSHOEK,Major Dam,58644,41.34,29444,50.21
f0fdf583-bf1f-4a49-9c28-0630d89a278b,19/05/2015,May-15,5,2015,WEMMERSHOEK,Major Dam,58644,41.29,29347,50.04
be162084-78b4-465e-95e7-aab79380a3da,20/05/2015,May-15,5,2015,WEMMERSHOEK,Major Dam,58644,41.23,29231,49.84
6b07f14a-3e46-4d11-b241-3a3b2d3520e9,21/05/2015,May-15,5,2015,WEMMERSHOEK,Major Dam,58644,41.19,29152,49.71
f7e1c888-0915-44bc-8120-91addfe8ebe2,22/05/2015,May-15,5,2015,WEMMERSHOEK,Major Dam,58644,41.14,29056,49.55
45717756-0b00-4dc8-a9be-95d375b38df3,23/05/2015,May-15,5,2015,WEMMERSHOEK,Major Dam,58644,41.1,28979,49.42
e7e89539-3747-4358-b7ca-d85141c63a15,24/05/2015,May-15,5,2015,WEMMERSHOEK,Major Dam,58644,41.07,28921,49.32
6aacc76f-7c77-4620-969e-7181417a20cb,25/05/2015,May-15,5,2015,WEMMERSHOEK,Major Dam,58644,41.04,28864,49.22
e46097ff-0147-42a7-8c1d-3137d4b4150c,26/05/2015,May-15,5,2015,WEMMERSHOEK,Major Dam,58644,40.97,28729,48.99
bcdd533c-2fd7-4bdd-bc95-be6d8f389cc8,27/05/2015,May-15,5,2015,WEMMERSHOEK,Major Dam,58644,40.98,28748,49.02
fd93cf00-9611-48e7-a8df-8cb155523f50,28/05/2015,May-15,5,2015,WEMMERSHOEK,Major Dam,58644,40.94,28671,48.89
9d337b32-033d-4246-b817-f8527537db15,29/05/2015,May-15,5,2015,WEMMERSHOEK,Major Dam,58644,40.88,28552,48.69
4d29bdc5-9b96-45fb-88ea-28f064521245,30/05/2015,May-15,5,2015,WEMMERSHOEK,Major Dam,58644,41.01,28806,49.12
15f4e07e-2b90-451e-b5eb-d828537f3b0a,31/05/2015,May-15,5,2015,WEMMERSHOEK,Major Dam,58644,41.09,28960,49.38
bc84f615-4202-41ab-afe3-b672dd59bf66,01/06/2015,Jun-15,6,2015,WEMMERSHOEK,Major Dam,58644,41.07,28921,49.32
4b8a30e8-e11c-4dc8-a2be-14f4500e8af7,02/06/2015,Jun-15,6,2015,WEMMERSHOEK,Major Dam,58644,41.09,28960,49.38
249639bc-3964-4582-b077-98a997049e0c,03/06/2015,Jun-15,6,2015,WEMMERSHOEK,Major Dam,58644,41.24,29250,49.88
c7ca15a6-dc43-45ff-ae4f-60aad993fbed,04/06/2015,Jun-15,6,2015,WEMMERSHOEK,Major Dam,58644,41.67,30090,51.31
192219ab-d8c6-4aff-9dd2-7e3f2f4438a6,05/06/2015,Jun-15,6,2015,WEMMERSHOEK,Major Dam,58644,41.74,30228,51.54
5d760990-fbdf-41b8-8471-376f01673259,06/06/2015,Jun-15,6,2015,WEMMERSHOEK,Major Dam,58644,41.72,30189,51.48
1f9710c7-ea2f-40b6-9cf3-a3d75b78ee1b,07/06/2015,Jun-15,6,2015,WEMMERSHOEK,Major Dam,58644,41.73,30208,51.51
ed500dd4-121e-46f5-9989-5b1ecd96f393,08/06/2015,Jun-15,6,2015,WEMMERSHOEK,Major Dam,58644,41.74,30228,51.54
c2c2f58b-3ee2-4b4b-8ec4-d53742af611d,09/06/2015,Jun-15,6,2015,WEMMERSHOEK,Major Dam,58644,41.72,30189,51.48
6edffa3c-ff02-4e6f-998a-5844591f2b25,10/06/2015,Jun-15,6,2015,WEMMERSHOEK,Major Dam,58644,41.67,30090,51.31
6bad47db-5721-4d72-86e8-4acea83bd943,11/06/2015,Jun-15,6,2015,WEMMERSHOEK,Major Dam,58644,41.69,30130,51.38
f00212cd-e2b2-4f86-ac29-06760c83b7f2,12/06/2015,Jun-15,6,2015,WEMMERSHOEK,Major Dam,58644,41.62,29992,51.14
e563cf50-e436-47e9-a5e0-cd4485a1f4c0,13/06/2015,Jun-15,6,2015,WEMMERSHOEK,Major Dam,58644,41.6,29952,51.07
08130dc1-9018-4a92-b59c-3f490c1c3449,14/06/2015,Jun-15,6,2015,WEMMERSHOEK,Major Dam,58644,41.58,29913,51.01
7bea5972-953b-4a4c-b42a-7df7aca74e94,15/06/2015,Jun-15,6,2015,WEMMERSHOEK,Major Dam,58644,41.51,29775,50.77
d5dab5a0-e513-4868-8b44-a53614c16f56,16/06/2015,Jun-15,6,2015,WEMMERSHOEK,Major Dam,58644,41.5,29756,50.74
7880f03a-f630-4919-8deb-009761cfd4be,17/06/2015,Jun-15,6,2015,WEMMERSHOEK,Major Dam,58644,41.7,30149,51.41
1641e73d-7371-402e-a65f-916e9dc36a50,18/06/2015,Jun-15,6,2015,WEMMERSHOEK,Major Dam,58644,41.73,30208,51.51
e34f9811-3d1b-4822-adf5-2a54ab15fdeb,19/06/2015,Jun-15,6,2015,WEMMERSHOEK,Major Dam,58644,41.73,30208,51.51
f5c0d0b9-3469-4bcf-b80b-a0f1c113975a,20/06/2015,Jun-15,6,2015,WEMMERSHOEK,Major Dam,58644,41.71,30169,51.44
4ae3047b-b155-462b-ab11-8708f40acf7c,21/06/2015,Jun-15,6,2015,WEMMERSHOEK,Major Dam,58644,41.69,30130,51.38
33ba8c7f-a67a-4def-9931-7d87a6a23c33,22/06/2015,Jun-15,6,2015,WEMMERSHOEK,Major Dam,58644,41.67,30090,51.31
f8ef7593-3ac3-4ceb-b135-4a8460188574,23/06/2015,Jun-15,6,2015,WEMMERSHOEK,Major Dam,58644,41.64,30031,51.21
616a6c94-de83-4859-8207-74192a51fa1f,24/06/2015,Jun-15,6,2015,WEMMERSHOEK,Major Dam,58644,41.85,30446,51.92
94d3f900-30da-4353-95c7-9958de5a04ae,25/06/2015,Jun-15,6,2015,WEMMERSHOEK,Major Dam,58644,42.22,31182,53.17
17289254-81c7-46b5-8fec-ca7d1685cadf,26/06/2015,Jun-15,6,2015,WEMMERSHOEK,Major Dam,58644,42.29,31322,53.41
26d277f6-d9e9-4310-be9b-3eba53b7ae52,27/06/2015,Jun-15,6,2015,WEMMERSHOEK,Major Dam,58644,42.32,31383,53.51
5009eb8d-7f69-4fa4-827c-488e0343fa4a,28/06/2015,Jun-15,6,2015,WEMMERSHOEK,Major Dam,58644,42.35,31442,53.62
bf8f47c5-ae43-4dde-8cc8-21f4f709f170,29/06/2015,Jun-15,6,2015,WEMMERSHOEK,Major Dam,58644,42.32,31383,53.51
1b5844c9-fcfe-4d99-ac47-1648a01864cf,30/06/2015,Jun-15,6,2015,WEMMERSHOEK,Major Dam,58644,42.26,31262,53.31
0ecec8f1-2b35-4b41-bbd2-300ad9e5f54e,01/07/2015,Jul-15,7,2015,WEMMERSHOEK,Major Dam,58644,42.24,31222,53.24
ee39c71b-d90f-4d57-bb43-e5ce18ec9fef,02/07/2015,Jul-15,7,2015,WEMMERSHOEK,Major Dam,58644,42.23,31202,53.21
72b1f313-cc0a-47d5-893c-848f436d1ce0,03/07/2015,Jul-15,7,2015,WEMMERSHOEK,Major Dam,58644,42.23,31202,53.21
ee327aad-ce5f-4bb3-b735-e5c48340d161,04/07/2015,Jul-15,7,2015,WEMMERSHOEK,Major Dam,58644,42.22,31182,53.17
092ddfcb-800a-4b28-99b9-db185b9c19fc,05/07/2015,Jul-15,7,2015,WEMMERSHOEK,Major Dam,58644,42.21,31162,53.14
a4a6f9be-6e45-4077-960a-cd00b49918f2,06/07/2015,Jul-15,7,2015,WEMMERSHOEK,Major Dam,58644,42.2,31142,53.1
52852e03-42c2-4987-9742-d81528e67340,07/07/2015,Jul-15,7,2015,WEMMERSHOEK,Major Dam,58644,42.16,31063,52.97
dbf1c275-f060-4ffe-921c-fbfb0a8978f2,08/07/2015,Jul-15,7,2015,WEMMERSHOEK,Major Dam,58644,42.15,31043,52.93
833b711e-f2b4-4588-9f08-c7ff2ea6e10b,09/07/2015,Jul-15,7,2015,WEMMERSHOEK,Major Dam,58644,42.14,31023,52.9
22084cf7-a4dc-4ef5-8b9a-9f3b5182d530,10/07/2015,Jul-15,7,2015,WEMMERSHOEK,Major Dam,58644,42.07,30882,52.66
f34c8481-5c6d-405d-8523-f21f73c77e01,11/07/2015,Jul-15,7,2015,WEMMERSHOEK,Major Dam,58644,42.05,30843,52.59
4310ba49-b6f1-47fb-8d73-7d492672f232,12/07/2015,Jul-15,7,2015,WEMMERSHOEK,Major Dam,58644,42.1,30943,52.76
b9312886-2458-4ac3-8fdd-b4e3814e2771,13/07/2015,Jul-15,7,2015,WEMMERSHOEK,Major Dam,58644,42.14,31023,52.9
47094017-0ea1-4108-95b7-b96172f385cf,14/07/2015,Jul-15,7,2015,WEMMERSHOEK,Major Dam,58644,42.13,31003,52.87
1b36cd1b-9742-43f3-99ba-89002c658d1a,15/07/2015,Jul-15,7,2015,WEMMERSHOEK,Major Dam,58644,42.09,30922,52.73
d48a4d3d-84c5-4292-b3da-c88305d2df44,16/07/2015,Jul-15,7,2015,WEMMERSHOEK,Major Dam,58644,42.09,30922,52.73
4bad3676-de9b-4bae-b3b8-f81ec754a2a2,17/07/2015,Jul-15,7,2015,WEMMERSHOEK,Major Dam,58644,42.11,30963,52.8
45d97443-8cc0-4d96-a2c1-5aa2b9d5743a,18/07/2015,Jul-15,7,2015,WEMMERSHOEK,Major Dam,58644,43.32,33425,57
840811b6-2f60-4fb6-8285-92de95ca2b41,19/07/2015,Jul-15,7,2015,WEMMERSHOEK,Major Dam,58644,43.61,34031,58.03
dd17b7c5-8451-4901-b023-a520fbb1b53c,20/07/2015,Jul-15,7,2015,WEMMERSHOEK,Major Dam,58644,43.7,34220,58.35
19d6bf59-9c38-4257-ae9d-a35361c385a5,21/07/2015,Jul-15,7,2015,WEMMERSHOEK,Major Dam,58644,43.73,34283,58.46
e4c32b0c-b2a3-4ded-8524-90532df25cdd,22/07/2015,Jul-15,7,2015,WEMMERSHOEK,Major Dam,58644,43.84,34515,58.86
9cf8bc44-762a-480c-a87f-d06d2b02c7e5,23/07/2015,Jul-15,7,2015,WEMMERSHOEK,Major Dam,58644,43.96,34769,59.29
1fefa416-e49f-447c-8c19-8fffb6bf94ba,24/07/2015,Jul-15,7,2015,WEMMERSHOEK,Major Dam,58644,44.08,35025,59.72
276f7ab9-ce08-4901-8a2e-eaeea5323c3a,25/07/2015,Jul-15,7,2015,WEMMERSHOEK,Major Dam,58644,44.22,35324,60.23
0655283e-a5df-433f-903e-489bd89d8b92,26/07/2015,Jul-15,7,2015,WEMMERSHOEK,Major Dam,58644,44.32,35539,60.6
25b6f09d-9f73-4daa-8e54-2ef99b8bb9e9,27/07/2015,Jul-15,7,2015,WEMMERSHOEK,Major Dam,58644,44.37,35646,60.78
ffba76a9-641f-4412-a77e-8dad9a1b1820,28/07/2015,Jul-15,7,2015,WEMMERSHOEK,Major Dam,58644,44.41,35732,60.93
442bb890-54ce-45a3-bdb1-ada147ebd757,29/07/2015,Jul-15,7,2015,WEMMERSHOEK,Major Dam,58644,44.46,35840,61.11
120ac261-e589-426b-acc6-df69c37265d1,30/07/2015,Jul-15,7,2015,WEMMERSHOEK,Major Dam,58644,44.72,36404,62.08
d3724b51-bfc2-48f9-91cf-c6425d2ff68c,31/07/2015,Jul-15,7,2015,WEMMERSHOEK,Major Dam,58644,45.3,37688,64.27
aeec1c36-860f-4fdb-a36b-669e3ddb96a5,01/08/2015,Aug-15,8,2015,WEMMERSHOEK,Major Dam,58644,45.39,37889,64.61
86e54cf0-7102-46b6-bfbb-673f9da2b1f2,02/08/2015,Aug-15,8,2015,WEMMERSHOEK,Major Dam,58644,45.46,38046,64.88
ade9fd4d-111f-40b8-94c2-c483f0b29693,03/08/2015,Aug-15,8,2015,WEMMERSHOEK,Major Dam,58644,45.55,38249,65.22
55e1fe2c-1e1d-4915-8b5c-0f0add39659e,04/08/2015,Aug-15,8,2015,WEMMERSHOEK,Major Dam,58644,45.67,38519,65.68
2c29a4ba-1c6e-4086-9cd5-58d547ed79e6,05/08/2015,Aug-15,8,2015,WEMMERSHOEK,Major Dam,58644,46.32,40010,68.23
3115a359-6bd8-47cf-9ac6-d653b2f36447,06/08/2015,Aug-15,8,2015,WEMMERSHOEK,Major Dam,58644,46.44,40291,68.7
d6e272ba-5b17-4f21-826b-93a6c604bf84,07/08/2015,Aug-15,8,2015,WEMMERSHOEK,Major Dam,58644,46.56,40571,69.18
bddb59db-280d-457f-8a87-ba726d5486eb,08/08/2015,Aug-15,8,2015,WEMMERSHOEK,Major Dam,58644,46.59,40642,69.3
7fb929d5-625d-4de4-90ab-16d92eb73245,09/08/2015,Aug-15,8,2015,WEMMERSHOEK,Major Dam,58644,46.65,40782,69.54
fa528dcf-cafc-456a-b58b-06254ea265fa,10/08/2015,Aug-15,8,2015,WEMMERSHOEK,Major Dam,58644,46.67,40829,69.62
8f129221-bc4d-4342-94a8-25e43eabafb5,11/08/2015,Aug-15,8,2015,WEMMERSHOEK,Major Dam,58644,46.64,40759,69.5
108f085f-a0e8-4d22-b4a9-10605ab53482,12/08/2015,Aug-15,8,2015,WEMMERSHOEK,Major Dam,58644,46.64,40759,69.5
b022a723-be55-4bee-bdf9-d1d4713479d6,13/08/2015,Aug-15,8,2015,WEMMERSHOEK,Major Dam,58644,46.66,40805,69.58
66a1ba0b-1ab0-444f-b6a8-1c1335179f9d,14/08/2015,Aug-15,8,2015,WEMMERSHOEK,Major Dam,58644,46.93,41447,70.68
138ad777-bf0d-4580-9568-b96fae67cf96,15/08/2015,Aug-15,8,2015,WEMMERSHOEK,Major Dam,58644,47.04,41709,71.12
41113361-85f0-4488-bcd3-879f576793e0,16/08/2015,Aug-15,8,2015,WEMMERSHOEK,Major Dam,58644,47.09,41828,71.33
53a12032-7715-4c4b-b5cb-04123111a6f8,17/08/2015,Aug-15,8,2015,WEMMERSHOEK,Major Dam,58644,47.12,41902,71.45
d0891b9e-6c7f-4372-8781-6ba9279e6db4,18/08/2015,Aug-15,8,2015,WEMMERSHOEK,Major Dam,58644,47.12,41902,71.45
2f2abd54-b701-495d-b704-4f182eedd3c4,19/08/2015,Aug-15,8,2015,WEMMERSHOEK,Major Dam,58644,47.15,41973,71.57
1080fd62-c70c-4d68-9e2c-ec2f73d669ee,20/08/2015,Aug-15,8,2015,WEMMERSHOEK,Major Dam,58644,47.18,42044,71.69
7ea3e981-3d94-45cc-b1ea-43ab4e940410,21/08/2015,Aug-15,8,2015,WEMMERSHOEK,Major Dam,58644,47.19,42068,71.73
16659632-39f3-42d0-a4e8-e0e77cfc1c99,22/08/2015,Aug-15,8,2015,WEMMERSHOEK,Major Dam,58644,47.22,42142,71.86
4ae91b70-345e-4d6e-aa56-fc14ef9de70d,23/08/2015,Aug-15,8,2015,WEMMERSHOEK,Major Dam,58644,47.23,42166,71.9
8d36a104-63e2-42b7-b0b0-11308391c450,24/08/2015,Aug-15,8,2015,WEMMERSHOEK,Major Dam,58644,47.24,42190,71.94
dfde3c62-5805-41ec-ab56-1acff5fbcfbb,25/08/2015,Aug-15,8,2015,WEMMERSHOEK,Major Dam,58644,47.28,42285,72.1
bfe2a73f-6f95-435d-87d0-f7b4ff2e59bc,26/08/2015,Aug-15,8,2015,WEMMERSHOEK,Major Dam,58644,47.34,42432,72.36
5577aaae-6ac0-48c9-9134-17dbb502f837,27/08/2015,Aug-15,8,2015,WEMMERSHOEK,Major Dam,58644,47.37,42503,72.48
c40ccb94-3c1f-470f-926e-0bf552ddde4b,28/08/2015,Aug-15,8,2015,WEMMERSHOEK,Major Dam,58644,47.39,42550,72.56
3ff8c239-d5b4-437a-bae8-108902ac0a08,29/08/2015,Aug-15,8,2015,WEMMERSHOEK,Major Dam,58644,47.39,42550,72.56
588971eb-a396-41ee-892e-7abbe4ec9c63,30/08/2015,Aug-15,8,2015,WEMMERSHOEK,Major Dam,58644,47.4,42580,72.61
8622303c-bf85-4aea-857e-ebba5bf356d2,31/08/2015,Aug-15,8,2015,WEMMERSHOEK,Major Dam,58644,47.42,42628,72.69
af79d8fb-9ffa-4247-9ce4-d9ae1305323e,01/09/2015,Sep-15,9,2015,WEMMERSHOEK,Major Dam,58644,47.46,42726,72.86
34d90307-dc0c-48fb-a4cf-2c0ff508c99d,02/09/2015,Sep-15,9,2015,WEMMERSHOEK,Major Dam,58644,47.47,42750,72.9
73056935-e496-491a-a7b7-305fb4c20ff2,03/09/2015,Sep-15,9,2015,WEMMERSHOEK,Major Dam,58644,47.49,42799,72.98
1e9dd787-d1ea-4ad9-915f-86ce4e0f273b,04/09/2015,Sep-15,9,2015,WEMMERSHOEK,Major Dam,58644,47.47,42750,72.9
9ecf2040-7d1d-4192-9e76-e777ca5d2fa4,05/09/2015,Sep-15,9,2015,WEMMERSHOEK,Major Dam,58644,47.46,42726,72.86
0297e31a-8cf3-4e73-9903-1edc22b49690,06/09/2015,Sep-15,9,2015,WEMMERSHOEK,Major Dam,58644,47.46,42726,72.86
70af691b-79c1-4fc2-914f-63785086b0f1,07/09/2015,Sep-15,9,2015,WEMMERSHOEK,Major Dam,58644,47.47,42750,72.9
431c4b26-8a55-49d0-99c4-cfed68281c91,08/09/2015,Sep-15,9,2015,WEMMERSHOEK,Major Dam,58644,47.54,42920,73.19
60d56a15-de5d-456b-ab2f-9baf1061b30b,09/09/2015,Sep-15,9,2015,WEMMERSHOEK,Major Dam,58644,47.54,42920,73.19
f4c6b1af-90b3-43df-a76e-dea9f4b96513,10/09/2015,Sep-15,9,2015,WEMMERSHOEK,Major Dam,58644,47.55,42944,73.23
ea2cff24-b17a-4ee9-920c-415c9b6b046f,11/09/2015,Sep-15,9,2015,WEMMERSHOEK,Major Dam,58644,47.58,43017,73.35
62423089-1105-4b1c-9b8b-df7631df9e74,12/09/2015,Sep-15,9,2015,WEMMERSHOEK,Major Dam,58644,47.57,42993,73.31
6545d09a-15c7-4979-a7fe-88b1a7d79e2b,13/09/2015,Sep-15,9,2015,WEMMERSHOEK,Major Dam,58644,47.56,42969,73.27
fd0708fe-4163-439f-bc65-816fc11e9750,14/09/2015,Sep-15,9,2015,WEMMERSHOEK,Major Dam,58644,47.55,42944,73.23
fdf1a908-4820-415c-903d-833780a27669,15/09/2015,Sep-15,9,2015,WEMMERSHOEK,Major Dam,58644,47.53,42896,73.15
fd472fe7-be14-4a4b-b38a-3a32bbf6766b,16/09/2015,Sep-15,9,2015,WEMMERSHOEK,Major Dam,58644,47.53,42896,73.15
ff0e809f-762b-43fc-bef6-42c127b990b9,17/09/2015,Sep-15,9,2015,WEMMERSHOEK,Major Dam,58644,47.52,42872,73.11
c86aab92-d682-40cf-8dba-ecdc0d42556f,18/09/2015,Sep-15,9,2015,WEMMERSHOEK,Major Dam,58644,47.5,42823,73.02
9b0c6e02-ad86-48a7-b2fd-e23ee92a7172,19/09/2015,Sep-15,9,2015,WEMMERSHOEK,Major Dam,58644,47.46,42726,72.86
358fa03c-af9a-4d31-b8e5-91499b89c6be,20/09/2015,Sep-15,9,2015,WEMMERSHOEK,Major Dam,58644,47.43,42653,72.73
1445a972-0336-4303-a0cd-9d9d7ca817e1,21/09/2015,Sep-15,9,2015,WEMMERSHOEK,Major Dam,58644,47.39,42550,72.56
27174c80-468c-452c-9bb7-83e114ecd7a9,22/09/2015,Sep-15,9,2015,WEMMERSHOEK,Major Dam,58644,47.36,42479,72.44
4fc155bb-e39f-4e39-8d71-fa294b36a1fa,23/09/2015,Sep-15,9,2015,WEMMERSHOEK,Major Dam,58644,47.29,42308,72.14
84b5198e-5296-4252-8554-c8655097835a,24/09/2015,Sep-15,9,2015,WEMMERSHOEK,Major Dam,58644,47.22,42142,71.86
d1181bdc-a699-412a-97dc-e4ac0ba4e860,25/09/2015,Sep-15,9,2015,WEMMERSHOEK,Major Dam,58644,47.15,41973,71.57
c9dd6735-c38f-4b99-b782-7024e1a4dccf,26/09/2015,Sep-15,9,2015,WEMMERSHOEK,Major Dam,58644,47.1,41855,71.37
837ae3de-af79-41d3-8126-558571562d48,27/09/2015,Sep-15,9,2015,WEMMERSHOEK,Major Dam,58644,47.05,41733,71.16
c8c82c83-e6be-49d9-a7c6-61b9a6ec00f1,28/09/2015,Sep-15,9,2015,WEMMERSHOEK,Major Dam,58644,46.98,41565,70.88
788bc1db-425c-49c1-9ad5-ac2a0f9d2b2f,29/09/2015,Sep-15,9,2015,WEMMERSHOEK,Major Dam,58644,46.93,41447,70.68
1b408f4f-e4cf-4b32-8310-c4664dd93cde,30/09/2015,Sep-15,9,2015,WEMMERSHOEK,Major Dam,58644,46.86,41281,70.39
ba5cfb2e-5659-4e0b-9d36-819e7980a07d,01/10/2015,Oct-15,10,2015,WEMMERSHOEK,Major Dam,58644,46.85,41257,70.35
cb56b0f8-65f7-4f61-b488-8eb3a459f6b0,02/10/2015,Oct-15,10,2015,WEMMERSHOEK,Major Dam,58644,46.82,41186,70.23
b5793676-31f6-4ed6-9e4a-1a97241115c7,03/10/2015,Oct-15,10,2015,WEMMERSHOEK,Major Dam,58644,46.81,41162,70.19
d02fe67b-53fe-4c65-be7a-580df0c2a324,04/10/2015,Oct-15,10,2015,WEMMERSHOEK,Major Dam,58644,46.78,41091,70.07
a1a2cfd6-2140-4ceb-82d3-226f6be00f38,05/10/2015,Oct-15,10,2015,WEMMERSHOEK,Major Dam,58644,46.78,41091,70.07
9836985f-354a-46e4-8820-477d5de7baec,06/10/2015,Oct-15,10,2015,WEMMERSHOEK,Major Dam,58644,46.75,41020,69.95
e2348507-dc75-4747-bf0a-d1064cc1f24b,07/10/2015,Oct-15,10,2015,WEMMERSHOEK,Major Dam,58644,46.75,41020,69.95
f1a9d84d-e025-40a5-8e79-fb3bec1b46bd,08/10/2015,Oct-15,10,2015,WEMMERSHOEK,Major Dam,58644,46.71,40925,69.79
94f6f1a7-f657-4394-9f7a-1da7db210a00,09/10/2015,Oct-15,10,2015,WEMMERSHOEK,Major Dam,58644,46.69,40876,69.7
8f5982e1-bd20-4eea-aa8a-25ba31b89cc6,10/10/2015,Oct-15,10,2015,WEMMERSHOEK,Major Dam,58644,46.67,40829,69.62
0cc286ae-dfbb-4584-8485-faa3364e9e39,11/10/2015,Oct-15,10,2015,WEMMERSHOEK,Major Dam,58644,46.66,40805,69.58
672bc949-0e4a-483b-a213-d10d2b557acf,12/10/2015,Oct-15,10,2015,WEMMERSHOEK,Major Dam,58644,46.66,40805,69.58
dea7fdbe-0cc3-4f7a-a718-2ff4058b765d,13/10/2015,Oct-15,10,2015,WEMMERSHOEK,Major Dam,58644,46.62,40712,69.42
ca6cf505-43cd-47b4-a6b1-095a0c5fbb87,14/10/2015,Oct-15,10,2015,WEMMERSHOEK,Major Dam,58644,46.62,40712,69.42
73dd1b93-0884-4fd0-89b2-db906f5992ea,15/10/2015,Oct-15,10,2015,WEMMERSHOEK,Major Dam,58644,46.56,40571,69.18
6988212c-28c4-4153-8c17-c309c9a5a5f3,16/10/2015,Oct-15,10,2015,WEMMERSHOEK,Major Dam,58644,46.55,40548,69.14
10ede63b-cfc0-4cc9-896e-a2d4eb896000,17/10/2015,Oct-15,10,2015,WEMMERSHOEK,Major Dam,58644,46.52,40478,69.02
8a937ea4-c637-47fe-a9fc-22f3e0243b3e,18/10/2015,Oct-15,10,2015,WEMMERSHOEK,Major Dam,58644,46.49,40408,68.9
2cd95cfd-4a1c-4750-b2a1-421000e06843,19/10/2015,Oct-15,10,2015,WEMMERSHOEK,Major Dam,58644,46.48,40384,68.86
ac87d4b3-ef70-4f47-91a3-24b77d299512,20/10/2015,Oct-15,10,2015,WEMMERSHOEK,Major Dam,58644,46.46,40337,68.78
80be7aed-ecec-498b-a7f7-c79c43028849,21/10/2015,Oct-15,10,2015,WEMMERSHOEK,Major Dam,58644,46.4,40197,68.54
8f329b00-2746-4dee-8236-0af4789ebd8f,22/10/2015,Oct-15,10,2015,WEMMERSHOEK,Major Dam,58644,46.37,40125,68.42
ef490cf9-90ed-4cd6-b57b-e4ef3addd154,23/10/2015,Oct-15,10,2015,WEMMERSHOEK,Major Dam,58644,46.37,40125,68.42
6108ce84-9fb0-49dc-9a8b-80a5c33bca31,24/10/2015,Oct-15,10,2015,WEMMERSHOEK,Major Dam,58644,46.34,40056,68.3
929239d3-e4fa-414d-a7d9-a9ef90188985,25/10/2015,Oct-15,10,2015,WEMMERSHOEK,Major Dam,58644,46.31,39987,68.19
1258285c-7908-4db3-a782-6fa2c6ec8e9a,26/10/2015,Oct-15,10,2015,WEMMERSHOEK,Major Dam,58644,46.28,39917,68.07
1376e7e5-fc6a-41f4-bfbc-f146312a2dfb,27/10/2015,Oct-15,10,2015,WEMMERSHOEK,Major Dam,58644,46.23,39802,67.87
e7c34f11-7efd-443d-acb3-31daac8cea97,28/10/2015,Oct-15,10,2015,WEMMERSHOEK,Major Dam,58644,46.17,39663,67.63
eaf1183a-896f-42bd-a15d-7e5a6ddbe770,29/10/2015,Oct-15,10,2015,WEMMERSHOEK,Major Dam,58644,46.14,39594,67.52
03780b87-adfe-4c54-ae4c-dcbb51cc581a,30/10/2015,Oct-15,10,2015,WEMMERSHOEK,Major Dam,58644,46.11,39524,67.4
6aef9da4-f1ad-49f2-8c1d-960ee175b5ed,31/10/2015,Oct-15,10,2015,WEMMERSHOEK,Major Dam,58644,46.08,39453,67.28
d35e8902-cde6-456c-a576-444a59d335e5,01/11/2015,Nov-15,11,2015,WEMMERSHOEK,Major Dam,58644,46.03,39339,67.08
79f75e48-23f7-4bdd-a21a-669e5334e2cc,02/11/2015,Nov-15,11,2015,WEMMERSHOEK,Major Dam,58644,46.01,39294,67
4a102e51-ed4e-4ac3-8456-43f51b970563,03/11/2015,Nov-15,11,2015,WEMMERSHOEK,Major Dam,58644,45.96,39180,66.81
e935562d-0839-4722-b22d-a583e187c2a8,04/11/2015,Nov-15,11,2015,WEMMERSHOEK,Major Dam,58644,45.92,39088,66.65
2e958c54-f858-4b49-ab42-450d93c3a9cf,05/11/2015,Nov-15,11,2015,WEMMERSHOEK,Major Dam,58644,45.9,39043,66.58
6a627489-c90e-4efc-8c99-633a39391b5a,06/11/2015,Nov-15,11,2015,WEMMERSHOEK,Major Dam,58644,45.85,38929,66.38
6325e2c7-69d8-42cb-94f1-38d0dc94ba3b,07/11/2015,Nov-15,11,2015,WEMMERSHOEK,Major Dam,58644,45.82,38860,66.26
62c9b28d-a217-4eeb-8415-fe3b9efd3804,08/11/2015,Nov-15,11,2015,WEMMERSHOEK,Major Dam,58644,45.79,38789,66.14
6ecd891f-0931-4b25-bc22-6311fee3c846,09/11/2015,Nov-15,11,2015,WEMMERSHOEK,Major Dam,58644,45.76,38722,66.03
76da1d57-ee49-45b6-b3eb-4d09915654b9,10/11/2015,Nov-15,11,2015,WEMMERSHOEK,Major Dam,58644,45.68,38542,65.72
0836c7aa-b342-4ad6-8d2e-06b361b97fc2,11/11/2015,Nov-15,11,2015,WEMMERSHOEK,Major Dam,58644,45.66,38497,65.65
d544fe06-84ff-4e14-9c61-c0899844a710,12/11/2015,Nov-15,11,2015,WEMMERSHOEK,Major Dam,58644,45.62,38407,65.49
16272e79-5a67-4124-84d5-0428409d2e72,13/11/2015,Nov-15,11,2015,WEMMERSHOEK,Major Dam,58644,45.6,38362,65.42
2fe1c550-f766-40f3-aa7e-d08cc824da83,14/11/2015,Nov-15,11,2015,WEMMERSHOEK,Major Dam,58644,45.56,38271,65.26
0693b08f-2a4d-4fe0-a0e2-a09e7fa403dc,15/11/2015,Nov-15,11,2015,WEMMERSHOEK,Major Dam,58644,45.54,38226,65.18
3039d322-514c-4f3c-9401-7c9defae1ab4,16/11/2015,Nov-15,11,2015,WEMMERSHOEK,Major Dam,58644,45.48,38091,64.95
36ce061e-b98e-4a08-9120-5f5619b5ac49,17/11/2015,Nov-15,11,2015,WEMMERSHOEK,Major Dam,58644,45.44,38001,64.8
d47eaeef-4faf-4bee-b6f7-774126410543,18/11/2015,Nov-15,11,2015,WEMMERSHOEK,Major Dam,58644,45.5,38136,65.03
e3ed0629-e357-4e3f-ac94-88275dd4f98d,19/11/2015,Nov-15,11,2015,WEMMERSHOEK,Major Dam,58644,45.36,37822,64.49
25d54ef8-575e-4509-aed9-901779228720,20/11/2015,Nov-15,11,2015,WEMMERSHOEK,Major Dam,58644,45.33,37755,64.38
761ddb6e-47ff-4f81-ba8d-46c340a59336,21/11/2015,Nov-15,11,2015,WEMMERSHOEK,Major Dam,58644,45.3,37688,64.27
163a41a9-9947-4413-b739-cca19639c598,22/11/2015,Nov-15,11,2015,WEMMERSHOEK,Major Dam,58644,45.26,37598,64.11
2e8af709-183a-43db-9d62-ed60b0d80f5b,23/11/2015,Nov-15,11,2015,WEMMERSHOEK,Major Dam,58644,45.25,37576,64.07
d0b4c033-4113-476a-851f-b21eded42f91,24/11/2015,Nov-15,11,2015,WEMMERSHOEK,Major Dam,58644,45.24,37554,64.04
fb99e87f-41cc-46fc-a35f-75912ca4fb64,25/11/2015,Nov-15,11,2015,WEMMERSHOEK,Major Dam,58644,45.16,37373,63.73
476fa623-8206-455d-a04c-a7f497e0911a,26/11/2015,Nov-15,11,2015,WEMMERSHOEK,Major Dam,58644,45.13,37307,63.62
1186e471-260e-400b-91cd-11f083b32671,27/11/2015,Nov-15,11,2015,WEMMERSHOEK,Major Dam,58644,45.12,37285,63.58
21c024fa-dbea-45b8-99d6-4e4c71f49ff0,28/11/2015,Nov-15,11,2015,WEMMERSHOEK,Major Dam,58644,45.08,37197,63.43
681714e0-9be3-4b7c-9bef-e329ff5c5f4c,29/11/2015,Nov-15,11,2015,WEMMERSHOEK,Major Dam,58644,45.05,37130,63.31
09168331-a32e-4c20-ab94-d9dfd313f311,30/11/2015,Nov-15,11,2015,WEMMERSHOEK,Major Dam,58644,45,37020,63.13
09e952d9-f614-41f8-ba6c-82fbbe9830ee,01/12/2015,Dec-15,12,2015,WEMMERSHOEK,Major Dam,58644,44.96,36931,62.97
ba965179-6d15-47b2-8143-c3ef58958878,02/12/2015,Dec-15,12,2015,WEMMERSHOEK,Major Dam,58644,44.93,36865,62.86
8d75430f-1d4b-4701-b166-7c84d48b1b00,03/12/2015,Dec-15,12,2015,WEMMERSHOEK,Major Dam,58644,44.91,36821,62.79
9ef4e786-95cb-496c-913b-cbc09ac379ef,04/12/2015,Dec-15,12,2015,WEMMERSHOEK,Major Dam,58644,44.86,36709,62.6
bcfe3435-c5e5-463d-a5df-694c64deb44d,05/12/2015,Dec-15,12,2015,WEMMERSHOEK,Major Dam,58644,44.81,36600,62.41
570011fe-61ee-437a-a67f-0ab1db84a28e,06/12/2015,Dec-15,12,2015,WEMMERSHOEK,Major Dam,58644,44.78,36535,62.3
ee1bc921-4ac2-4eb9-a4a9-12390ee605f3,07/12/2015,Dec-15,12,2015,WEMMERSHOEK,Major Dam,58644,44.74,36448,62.15
9dfc43b7-32ef-4131-8e77-fcba792c68a6,08/12/2015,Dec-15,12,2015,WEMMERSHOEK,Major Dam,58644,44.7,36361,62
dac5b672-419e-4d3f-819f-6195338b6b51,09/12/2015,Dec-15,12,2015,WEMMERSHOEK,Major Dam,58644,44.65,36252,61.82
0a33933e-dc9c-42ac-881d-9f66feaa83a0,10/12/2015,Dec-15,12,2015,WEMMERSHOEK,Major Dam,58644,44.61,36165,61.67
ba389a23-3c1e-490b-a7e1-6f624040fabb,11/12/2015,Dec-15,12,2015,WEMMERSHOEK,Major Dam,58644,44.57,36076,61.52
5ecb2d02-5ef6-47c4-bac9-43b031f376cc,12/12/2015,Dec-15,12,2015,WEMMERSHOEK,Major Dam,58644,44.56,36054,61.48
d1a35e26-0456-41c2-88a2-4633e8893d0e,13/12/2015,Dec-15,12,2015,WEMMERSHOEK,Major Dam,58644,44.53,35990,61.37
a0994cef-de96-49b2-a2ae-04fc1352f2f7,14/12/2015,Dec-15,12,2015,WEMMERSHOEK,Major Dam,58644,44.52,35968,61.33
6ca4b579-6e53-4629-bf00-20e9924077be,15/12/2015,Dec-15,12,2015,WEMMERSHOEK,Major Dam,58644,44.47,35861,61.15
45cda128-5ab7-4bb5-b55d-585a57a593af,16/12/2015,Dec-15,12,2015,WEMMERSHOEK,Major Dam,58644,44.45,35818,61.08
eea7367c-5ca3-4e09-b6d7-1a3455127c19,17/12/2015,Dec-15,12,2015,WEMMERSHOEK,Major Dam,58644,44.42,35754,60.97
b0db92ab-510e-4f60-b243-1ae17f1cbd43,18/12/2015,Dec-15,12,2015,WEMMERSHOEK,Major Dam,58644,44.39,35689,60.86
01393646-b450-4f2e-a8c9-c268d9908d2a,19/12/2015,Dec-15,12,2015,WEMMERSHOEK,Major Dam,58644,44.34,35582,60.67
082f6c3f-79d5-47a8-927e-ae3e5f0df9c5,20/12/2015,Dec-15,12,2015,WEMMERSHOEK,Major Dam,58644,44.32,35539,60.6
17ef6412-e06d-48b5-8eae-6908353cdb8a,21/12/2015,Dec-15,12,2015,WEMMERSHOEK,Major Dam,58644,44.29,35475,60.49
d6759f5a-bbe5-425d-b6a6-7531b07a6c96,22/12/2015,Dec-15,12,2015,WEMMERSHOEK,Major Dam,58644,44.25,35389,60.35
732c3f07-06c2-4bc7-95ee-1bf653e5787e,23/12/2015,Dec-15,12,2015,WEMMERSHOEK,Major Dam,58644,44.25,35389,60.35
ad178956-af3f-4993-8797-9a844098c78a,24/12/2015,Dec-15,12,2015,WEMMERSHOEK,Major Dam,58644,44.2,35281,60.16
0319cb25-f145-471c-8aa0-a9cbeff57aef,25/12/2015,Dec-15,12,2015,WEMMERSHOEK,Major Dam,58644,44.15,35174,59.98
fbee6db8-2ab2-4fac-90a8-47da45bef36e,26/12/2015,Dec-15,12,2015,WEMMERSHOEK,Major Dam,58644,44.12,35110,59.87
e9f6c09a-ab67-4fbe-94ba-f80a62ad85e8,27/12/2015,Dec-15,12,2015,WEMMERSHOEK,Major Dam,58644,44.11,35089,59.83
470bbf67-0951-4a6b-8076-a6074d3f61dc,28/12/2015,Dec-15,12,2015,WEMMERSHOEK,Major Dam,58644,44.06,34982,59.65
8202fc66-119a-433d-90f2-5e3a79801b46,29/12/2015,Dec-15,12,2015,WEMMERSHOEK,Major Dam,58644,44.06,34982,59.65
0740cf0e-66f3-40ed-8d9e-598df0347581,30/12/2015,Dec-15,12,2015,WEMMERSHOEK,Major Dam,58644,44.03,34918,59.54
ec0c3078-f7f3-4742-87dd-c027ffb92f8b,31/12/2015,Dec-15,12,2015,WEMMERSHOEK,Major Dam,58644,44.02,34897,59.51
b85f6460-7886-4058-a53e-dc9d5920e35a,01/01/2016,Jan-16,1,2016,WEMMERSHOEK,Major Dam,58644,43.99,34833,59.4
3caf6678-b832-45ef-bf22-41b1da3d909c,02/01/2016,Jan-16,1,2016,WEMMERSHOEK,Major Dam,58644,43.95,34748,59.25
89797d92-2d27-4d67-936e-90d376e74a8c,03/01/2016,Jan-16,1,2016,WEMMERSHOEK,Major Dam,58644,43.9,34641,59.07
fd6bf264-8651-4d12-a191-5a83f87d3941,04/01/2016,Jan-16,1,2016,WEMMERSHOEK,Major Dam,58644,43.84,34515,58.86
4fb45c66-8217-4a17-9ec4-43b20b035d99,05/01/2016,Jan-16,1,2016,WEMMERSHOEK,Major Dam,58644,43.81,34452,58.75
53695902-b191-4c24-bf6a-4bc3e606b117,06/01/2016,Jan-16,1,2016,WEMMERSHOEK,Major Dam,58644,43.8,34431,58.71
b90dceb5-a8a8-4e94-ae1e-f95f9bf96d97,07/01/2016,Jan-16,1,2016,WEMMERSHOEK,Major Dam,58644,43.74,34304,58.5
a2a99155-08ef-4ce3-9ca4-45cb09fbc924,08/01/2016,Jan-16,1,2016,WEMMERSHOEK,Major Dam,58644,43.7,34220,58.35
2885d2a2-4796-4095-aa69-451d4f0b2d93,09/01/2016,Jan-16,1,2016,WEMMERSHOEK,Major Dam,58644,43.67,34157,58.24
8a6fd2c1-206a-4e02-afe7-1f871520f04b,10/01/2016,Jan-16,1,2016,WEMMERSHOEK,Major Dam,58644,43.65,34115,58.17
0392f7a7-21db-4cac-86cf-2cb4230efb2e,11/01/2016,Jan-16,1,2016,WEMMERSHOEK,Major Dam,58644,43.6,34010,57.99
851c6d25-40ce-4d2d-8ef9-7b268dd5654e,12/01/2016,Jan-16,1,2016,WEMMERSHOEK,Major Dam,58644,43.56,33926,57.85
6bf5d79c-3d49-459a-9eac-c02626cd6cb6,13/01/2016,Jan-16,1,2016,WEMMERSHOEK,Major Dam,58644,43.53,33864,57.75
d5e9637a-8267-4a27-8081-d25fd54fa8b3,14/01/2016,Jan-16,1,2016,WEMMERSHOEK,Major Dam,58644,43.48,33759,57.57
67ae5290-c09e-46a9-99fc-6b9ca911f03a,15/01/2016,Jan-16,1,2016,WEMMERSHOEK,Major Dam,58644,43.46,33718,57.5
727e3a41-394c-46f5-95f3-d4e10840bcb3,16/01/2016,Jan-16,1,2016,WEMMERSHOEK,Major Dam,58644,43.44,33676,57.42
76dde3d9-530e-4997-93c5-b59b7cb99a3c,17/01/2016,Jan-16,1,2016,WEMMERSHOEK,Major Dam,58644,43.4,33592,57.28
af147f98-eecc-4705-9f78-fd5fe3fc32a1,18/01/2016,Jan-16,1,2016,WEMMERSHOEK,Major Dam,58644,43.36,33509,57.14
c0e98c40-1704-47be-83ef-8ec6c528687c,19/01/2016,Jan-16,1,2016,WEMMERSHOEK,Major Dam,58644,43.32,33425,57
3076f5bc-d9af-4b67-9edc-445e6c7c42f7,20/01/2016,Jan-16,1,2016,WEMMERSHOEK,Major Dam,58644,43.3,33383,56.92
57e01b0b-1093-482e-9a14-e40ba94531c6,21/01/2016,Jan-16,1,2016,WEMMERSHOEK,Major Dam,58644,43.26,33301,56.79
33214249-b610-4ebb-8557-48e37baefde2,22/01/2016,Jan-16,1,2016,WEMMERSHOEK,Major Dam,58644,43.23,33239,56.68
82246f8c-df62-4c39-aed1-0372f3ac2b93,23/01/2016,Jan-16,1,2016,WEMMERSHOEK,Major Dam,58644,43.19,33157,56.54
0c0d368f-a721-4570-9548-cdf7e4ca7c7e,24/01/2016,Jan-16,1,2016,WEMMERSHOEK,Major Dam,58644,43.17,33115,56.47
e8ea1604-2852-4eed-b9a9-1eb3946c4938,25/01/2016,Jan-16,1,2016,WEMMERSHOEK,Major Dam,58644,43.16,33095,56.43
7bb0cc9c-cb4b-45c1-a8ed-c44eb0953665,26/01/2016,Jan-16,1,2016,WEMMERSHOEK,Major Dam,58644,43.15,33074,56.4
f864b266-d2f4-4ff2-a1d9-bd0902d44ae3,27/01/2016,Jan-16,1,2016,WEMMERSHOEK,Major Dam,58644,43.14,33054,56.36
20435821-8f6e-4f19-b36d-cbbce7ee5e40,28/01/2016,Jan-16,1,2016,WEMMERSHOEK,Major Dam,58644,43.09,32951,56.19
22b720b3-b0c1-42c2-bc3a-acfde88cd925,29/01/2016,Jan-16,1,2016,WEMMERSHOEK,Major Dam,58644,43.03,32827,55.98
b36cf414-54fa-4440-a10a-f626ca7ffd84,30/01/2016,Jan-16,1,2016,WEMMERSHOEK,Major Dam,58644,43.01,32786,55.91
ed612cc0-452f-4b57-8862-333a3e8c8584,31/01/2016,Jan-16,1,2016,WEMMERSHOEK,Major Dam,58644,42.98,32724,55.8
9a7dab56-e458-4418-9516-646a7c6d72c0,01/02/2016,Feb-16,2,2016,WEMMERSHOEK,Major Dam,58644,42.96,32683,55.73
daca4357-6063-4418-b8ea-dad3185b3572,02/02/2016,Feb-16,2,2016,WEMMERSHOEK,Major Dam,58644,42.96,32683,55.73
334b2ea7-3ac5-44b3-a7a6-c6e5156a9a6f,03/02/2016,Feb-16,2,2016,WEMMERSHOEK,Major Dam,58644,42.89,32540,55.49
8773d628-a22f-4120-9c73-50c7af87b016,04/02/2016,Feb-16,2,2016,WEMMERSHOEK,Major Dam,58644,42.87,32499,55.42
6386e567-8dea-4244-9303-7710f36f1c6d,05/02/2016,Feb-16,2,2016,WEMMERSHOEK,Major Dam,58644,42.82,32397,55.24
dc099ac6-5bc4-4616-8cfb-f7503a71420c,06/02/2016,Feb-16,2,2016,WEMMERSHOEK,Major Dam,58644,42.81,32377,55.21
61b26b9b-d362-40ca-99c0-786ab575d1e1,07/02/2016,Feb-16,2,2016,WEMMERSHOEK,Major Dam,58644,42.76,32274,55.03
3ccff37f-7ad5-4c0b-a126-353dccf5142f,08/02/2016,Feb-16,2,2016,WEMMERSHOEK,Major Dam,58644,42.75,32254,55
961acef1-36ed-4580-9cf1-c37e7db7a99b,09/02/2016,Feb-16,2,2016,WEMMERSHOEK,Major Dam,58644,42.71,32172,54.86
a3613148-dd68-4b52-9ade-76b1cee5ca19,10/02/2016,Feb-16,2,2016,WEMMERSHOEK,Major Dam,58644,42.65,32050,54.65
fc3af649-d347-4a17-9163-d0f82723c9f8,11/02/2016,Feb-16,2,2016,WEMMERSHOEK,Major Dam,58644,42.63,32010,54.58
39983dd1-4e2e-4155-830b-9e848f9a49b1,12/02/2016,Feb-16,2,2016,WEMMERSHOEK,Major Dam,58644,42.58,31908,54.41
788c2832-fc5b-4e3a-b45d-993f3aaed281,13/02/2016,Feb-16,2,2016,WEMMERSHOEK,Major Dam,58644,42.56,31868,54.34
13b76c61-344b-476d-89d0-e9258213849a,14/02/2016,Feb-16,2,2016,WEMMERSHOEK,Major Dam,58644,42.55,31847,54.31
6d998ce9-89da-4ffc-80f7-2e5bf7d91df1,15/02/2016,Feb-16,2,2016,WEMMERSHOEK,Major Dam,58644,42.52,31787,54.2
ed14105e-19b9-445c-b77a-f73c1a169e44,16/02/2016,Feb-16,2,2016,WEMMERSHOEK,Major Dam,58644,42.46,31665,54
039abfc3-3e83-428d-bf86-2de763928892,17/02/2016,Feb-16,2,2016,WEMMERSHOEK,Major Dam,58644,42.43,31604,53.89
ee49ba2d-4f95-46be-9429-37577c12d9fb,18/02/2016,Feb-16,2,2016,WEMMERSHOEK,Major Dam,58644,42.41,31563,53.82
d73df8b0-1064-4313-bd45-13195dc48f4b,19/02/2016,Feb-16,2,2016,WEMMERSHOEK,Major Dam,58644,42.39,31522,53.75
ede9456b-276d-41cd-a52d-cab0f9143b16,20/02/2016,Feb-16,2,2016,WEMMERSHOEK,Major Dam,58644,42.36,31462,53.65
dc75d8d3-b49f-4caa-9573-8527d0382b56,21/02/2016,Feb-16,2,2016,WEMMERSHOEK,Major Dam,58644,42.3,31342,53.44
1d1123c9-13c6-4fc1-8546-a71aabab1bd3,22/02/2016,Feb-16,2,2016,WEMMERSHOEK,Major Dam,58644,42.27,31282,53.34
747aeef8-f84f-4c85-ae59-29178fc8ae43,23/02/2016,Feb-16,2,2016,WEMMERSHOEK,Major Dam,58644,42.22,31182,53.17
aaeaf2db-4a4c-4ebe-b5f6-4d99c9d28057,24/02/2016,Feb-16,2,2016,WEMMERSHOEK,Major Dam,58644,42.2,31142,53.1
48cfae5e-b39d-4091-b370-d9718999dd67,25/02/2016,Feb-16,2,2016,WEMMERSHOEK,Major Dam,58644,42.18,31103,53.04
70d27218-5492-4c88-9ee8-08d5d066637f,26/02/2016,Feb-16,2,2016,WEMMERSHOEK,Major Dam,58644,42.16,31063,52.97
a0dd13c0-775d-4544-8e71-e9ac31de5801,27/02/2016,Feb-16,2,2016,WEMMERSHOEK,Major Dam,58644,42.09,30922,52.73
e0aeb7ab-856e-46ea-a230-2ebb60b44b59,28/02/2016,Feb-16,2,2016,WEMMERSHOEK,Major Dam,58644,42.05,30843,52.59
12fafb16-de5f-4c45-93ee-1c2bcc3664c2,29/02/2016,Feb-16,2,2016,WEMMERSHOEK,Major Dam,58644,42.03,30803,52.53
9c150ec4-6a83-494c-bdaa-f31a945f14ff,01/03/2016,Mar-16,3,2016,WEMMERSHOEK,Major Dam,58644,42.01,30763,52.46
ba19827a-4f22-450d-af7f-39cb9795cf83,02/03/2016,Mar-16,3,2016,WEMMERSHOEK,Major Dam,58644,41.98,30704,52.36
9d04bbc8-0c9f-4f18-957e-1413f12b78e4,03/03/2016,Mar-16,3,2016,WEMMERSHOEK,Major Dam,58644,41.94,30624,52.22
43d967be-fbba-44cf-b76a-ae988912a186,04/03/2016,Mar-16,3,2016,WEMMERSHOEK,Major Dam,58644,41.93,30605,52.19
ae3f2ff4-033f-47d9-85ad-3b0406fa4520,05/03/2016,Mar-16,3,2016,WEMMERSHOEK,Major Dam,58644,41.92,30585,52.15
0b31d910-6aab-4809-aa1c-1dae5f3478cb,06/03/2016,Mar-16,3,2016,WEMMERSHOEK,Major Dam,58644,41.88,30505,52.02
34f6ac97-6014-4024-bd21-b69ade618897,07/03/2016,Mar-16,3,2016,WEMMERSHOEK,Major Dam,58644,41.85,30446,51.92
5d2e8fe1-aea5-4375-92bc-b96c8459cf9c,08/03/2016,Mar-16,3,2016,WEMMERSHOEK,Major Dam,58644,41.8,30347,51.75
76eeec35-897b-44c3-8fb0-4c3e2e9e6ec9,09/03/2016,Mar-16,3,2016,WEMMERSHOEK,Major Dam,58644,41.76,30268,51.61
97a99abd-cd36-43a2-b845-5636974fa9cb,10/03/2016,Mar-16,3,2016,WEMMERSHOEK,Major Dam,58644,41.74,30228,51.54
db767c0b-93d3-4881-9d24-089edf273064,11/03/2016,Mar-16,3,2016,WEMMERSHOEK,Major Dam,58644,41.69,30130,51.38
6803ebb1-4c24-423b-a181-ae94e684a822,12/03/2016,Mar-16,3,2016,WEMMERSHOEK,Major Dam,58644,41.66,30071,51.28
926e3685-a8e5-4dc1-bb63-56470985ab26,13/03/2016,Mar-16,3,2016,WEMMERSHOEK,Major Dam,58644,41.63,30012,51.18
2f800fa6-eed2-48da-8df7-9929a726b014,14/03/2016,Mar-16,3,2016,WEMMERSHOEK,Major Dam,58644,41.59,29933,51.04
5e8a7335-ab8a-46f4-9d33-e3103bc61b67,15/03/2016,Mar-16,3,2016,WEMMERSHOEK,Major Dam,58644,41.54,29834,50.87
b5fa4dfc-3cf7-4999-a3de-317a2b704716,16/03/2016,Mar-16,3,2016,WEMMERSHOEK,Major Dam,58644,41.53,29815,50.84
8eac20b2-1c2e-4692-84e0-9e1daeba2c8e,17/03/2016,Mar-16,3,2016,WEMMERSHOEK,Major Dam,58644,41.53,29815,50.84
6595f9db-947a-4ab9-ac4e-5f014e87b2af,18/03/2016,Mar-16,3,2016,WEMMERSHOEK,Major Dam,58644,41.51,29775,50.77
2c9c1a16-661b-4204-963b-f80132e9b5e3,19/03/2016,Mar-16,3,2016,WEMMERSHOEK,Major Dam,58644,41.47,29696,50.64
c81126dd-c0e6-4352-8a79-09fee8b35bd4,20/03/2016,Mar-16,3,2016,WEMMERSHOEK,Major Dam,58644,41.42,29599,50.47
d3b50e04-0d83-45ae-b5d1-ce863ee7de44,21/03/2016,Mar-16,3,2016,WEMMERSHOEK,Major Dam,58644,41.39,29541,50.37
609a1b20-9c7b-442e-b9d2-4ac7f3e1c879,22/03/2016,Mar-16,3,2016,WEMMERSHOEK,Major Dam,58644,41.38,29522,50.34
2a5436d3-da92-44a2-b43e-3fc5573effed,23/03/2016,Mar-16,3,2016,WEMMERSHOEK,Major Dam,58644,41.33,29425,50.18
4786a450-4fa2-436d-ba84-e3c232ee25db,24/03/2016,Mar-16,3,2016,WEMMERSHOEK,Major Dam,58644,41.32,29405,50.14
b537e5e4-997b-455f-a019-585a37ac0896,25/03/2016,Mar-16,3,2016,WEMMERSHOEK,Major Dam,58644,41.29,29347,50.04
e20f756f-5125-424c-9149-1ae2c2e8b92a,26/03/2016,Mar-16,3,2016,WEMMERSHOEK,Major Dam,58644,41.28,29328,50.01
8d45598e-c3e0-4ebf-abb6-5531a0209c72,27/03/2016,Mar-16,3,2016,WEMMERSHOEK,Major Dam,58644,41.27,29308,49.98
62e748a0-2a8e-41e0-a369-eb5d969be294,28/03/2016,Mar-16,3,2016,WEMMERSHOEK,Major Dam,58644,41.3,29366,50.08
4011ab39-8753-497a-aabf-5d9db7d91e24,29/03/2016,Mar-16,3,2016,WEMMERSHOEK,Major Dam,58644,41.28,29328,50.01
05755b5f-d035-49ed-9f0b-6be0c1bcbbda,30/03/2016,Mar-16,3,2016,WEMMERSHOEK,Major Dam,58644,41.26,29289,49.94
e21596b6-7f95-4e29-afc8-ba6386601250,31/03/2016,Mar-16,3,2016,WEMMERSHOEK,Major Dam,58644,41.29,29347,50.04
b8b6298a-37cd-4f51-883b-bc4a2da913fe,01/04/2016,Apr-16,4,2016,WEMMERSHOEK,Major Dam,58644,41.27,29308,49.98
d439f05d-6c90-4c69-b96c-60b3d56f19e4,02/04/2016,Apr-16,4,2016,WEMMERSHOEK,Major Dam,58644,41.25,29270,49.91
181634e9-e59f-44cd-920b-022592c5892b,03/04/2016,Apr-16,4,2016,WEMMERSHOEK,Major Dam,58644,41.2,29173,49.75
c9e0cf4a-bee7-4598-a03f-96efeadab8fa,04/04/2016,Apr-16,4,2016,WEMMERSHOEK,Major Dam,58644,41.17,29114,49.65
5280cf1e-c88c-44d5-a23d-e2ab109bd643,05/04/2016,Apr-16,4,2016,WEMMERSHOEK,Major Dam,58644,41.14,29056,49.55
fa647347-d9a8-4441-a9d2-3ac4fbee4dcd,06/04/2016,Apr-16,4,2016,WEMMERSHOEK,Major Dam,58644,41.1,28979,49.42
eb0d80c8-87a4-417b-91e2-6dbce5c7c5a6,07/04/2016,Apr-16,4,2016,WEMMERSHOEK,Major Dam,58644,41.08,28941,49.35
d8323533-0201-455c-9361-0343bdb7c6d4,08/04/2016,Apr-16,4,2016,WEMMERSHOEK,Major Dam,58644,41.02,28825,49.15
8b07419c-6de9-46f7-bed5-929f311c029e,09/04/2016,Apr-16,4,2016,WEMMERSHOEK,Major Dam,58644,41,28787,49.09
ff52d228-eca2-4339-a710-60a167654493,10/04/2016,Apr-16,4,2016,WEMMERSHOEK,Major Dam,58644,40.99,28767,49.05
7c8ba788-0e43-4429-8fda-e077a1344c3f,11/04/2016,Apr-16,4,2016,WEMMERSHOEK,Major Dam,58644,40.97,28729,48.99
32ca97b9-1710-4e16-ab42-c9ee03719cce,12/04/2016,Apr-16,4,2016,WEMMERSHOEK,Major Dam,58644,40.95,28691,48.92
926091ed-f6cb-4730-ac2b-d6a33066fbd9,13/04/2016,Apr-16,4,2016,WEMMERSHOEK,Major Dam,58644,40.94,28671,48.89
294b061d-b549-4444-b2cf-37a686523200,14/04/2016,Apr-16,4,2016,WEMMERSHOEK,Major Dam,58644,40.88,28552,48.69
0d9c026d-f68d-4e7f-857c-5a8e346bb2a8,15/04/2016,Apr-16,4,2016,WEMMERSHOEK,Major Dam,58644,40.81,28422,48.47
e327b9f4-f5ef-4fd9-a58f-8ef744c59ca6,16/04/2016,Apr-16,4,2016,WEMMERSHOEK,Major Dam,58644,40.77,28344,48.33
53b2d7e4-5633-47ed-881c-1d2f8bd3e60c,17/04/2016,Apr-16,4,2016,WEMMERSHOEK,Major Dam,58644,40.74,28288,48.24
c3b3de29-6d5e-40d8-98f8-c64f8d056f23,18/04/2016,Apr-16,4,2016,WEMMERSHOEK,Major Dam,58644,40.67,28155,48.01
51fe4de7-a777-451d-a22b-c97c5743aa6b,19/04/2016,Apr-16,4,2016,WEMMERSHOEK,Major Dam,58644,40.61,28043,47.82
4a75b3a4-3c13-46fb-977b-4dbf732b82e9,20/04/2016,Apr-16,4,2016,WEMMERSHOEK,Major Dam,58644,40.55,27929,47.62
37353597-d32e-4010-b5f2-1ce086e32efc,21/04/2016,Apr-16,4,2016,WEMMERSHOEK,Major Dam,58644,40.53,27892,47.56
e49973be-19ca-4d51-86c7-240902947eeb,22/04/2016,Apr-16,4,2016,WEMMERSHOEK,Major Dam,58644,40.56,27948,47.66
a87ae844-821b-4cac-83cf-844a8eb4d7ce,23/04/2016,Apr-16,4,2016,WEMMERSHOEK,Major Dam,58644,40.97,28729,48.99
1f8ed1f9-7a1f-48a6-b24d-8fa3bae6e0f3,24/04/2016,Apr-16,4,2016,WEMMERSHOEK,Major Dam,58644,41.01,28806,49.12
0c7b0b05-7492-4b60-a779-7d9da6aa380c,25/04/2016,Apr-16,4,2016,WEMMERSHOEK,Major Dam,58644,40.99,28767,49.05
6e488757-435d-4a75-80a7-084ec5734c09,26/04/2016,Apr-16,4,2016,WEMMERSHOEK,Major Dam,58644,40.91,28611,48.79
7a3837df-d6d8-40ef-a3d7-401d01e25f49,27/04/2016,Apr-16,4,2016,WEMMERSHOEK,Major Dam,58644,40.9,28591,48.75
03514023-39f1-4094-abdb-4096906fd3c0,28/04/2016,Apr-16,4,2016,WEMMERSHOEK,Major Dam,58644,40.89,28571,48.72
cc19f545-0e7b-449d-a55c-dfb428a47bbc,29/04/2016,Apr-16,4,2016,WEMMERSHOEK,Major Dam,58644,40.95,28691,48.92
ef9fca80-5fd8-4515-857b-4816df0c108f,30/04/2016,Apr-16,4,2016,WEMMERSHOEK,Major Dam,58644,41.24,29250,49.88
c8cffa70-d4c5-4cad-a418-c2f97fab8cc9,01/05/2016,May-16,5,2016,WEMMERSHOEK,Major Dam,58644,41.23,29231,49.84
d38a2cf8-2f13-40ea-806f-7161fa448bad,02/05/2016,May-16,5,2016,WEMMERSHOEK,Major Dam,58644,41.23,29231,49.84
afc03622-3e99-4a0a-8410-ae4834c39d25,03/05/2016,May-16,5,2016,WEMMERSHOEK,Major Dam,58644,41.23,29231,49.84
35a66c35-c215-4dcf-9baf-571f70f77e18,04/05/2016,May-16,5,2016,WEMMERSHOEK,Major Dam,58644,41.19,29152,49.71
83b55f07-814b-4dba-b2f1-c5259ddbaf83,05/05/2016,May-16,5,2016,WEMMERSHOEK,Major Dam,58644,41.14,29056,49.55
73534934-dfd0-447c-a670-3b5b0e9e9a72,06/05/2016,May-16,5,2016,WEMMERSHOEK,Major Dam,58644,41.14,29056,49.55
1532a88e-ad72-4de3-8700-6aa103fa48b7,07/05/2016,May-16,5,2016,WEMMERSHOEK,Major Dam,58644,41.09,28960,49.38
741c411c-5b65-427b-a60f-745cd3f4f724,08/05/2016,May-16,5,2016,WEMMERSHOEK,Major Dam,58644,41.04,28864,49.22
515688e4-ce9d-47df-905b-430b5c6cd13d,09/05/2016,May-16,5,2016,WEMMERSHOEK,Major Dam,58644,40.99,28767,49.05
83370244-2065-4322-a017-4370e6f9f8d0,10/05/2016,May-16,5,2016,WEMMERSHOEK,Major Dam,58644,40.99,28767,49.05
ae8c58fb-ab60-402d-894a-3b80ca6943e4,11/05/2016,May-16,5,2016,WEMMERSHOEK,Major Dam,58644,40.95,28691,48.92
474bfedc-02f4-413f-a314-5a1f821b6c4d,12/05/2016,May-16,5,2016,WEMMERSHOEK,Major Dam,58644,40.94,28671,48.89
d82756d6-1229-4ad3-9592-5b587c58a9bf,13/05/2016,May-16,5,2016,WEMMERSHOEK,Major Dam,58644,40.91,28611,48.79
e28fde0f-2d07-42bc-852c-91adb363adc7,14/05/2016,May-16,5,2016,WEMMERSHOEK,Major Dam,58644,40.85,28496,48.59
666e5cc4-a89a-4196-a87c-86375aab790f,15/05/2016,May-16,5,2016,WEMMERSHOEK,Major Dam,58644,40.81,28422,48.47
03db5a90-3ace-4ef3-a9db-e81f0cfc2315,16/05/2016,May-16,5,2016,WEMMERSHOEK,Major Dam,58644,40.75,28307,48.27
270920c7-8c75-4085-ae89-673dd8b7ca14,17/05/2016,May-16,5,2016,WEMMERSHOEK,Major Dam,58644,40.66,28136,47.98
452583c3-b00c-40ce-8685-5f7f992229b3,18/05/2016,May-16,5,2016,WEMMERSHOEK,Major Dam,58644,40.57,27967,47.69
2d2da715-422c-4a08-bc14-4f7d7f42f217,19/05/2016,May-16,5,2016,WEMMERSHOEK,Major Dam,58644,40.53,27892,47.56
fd6febad-a4c8-4f2f-b3b4-4ad050cdf349,20/05/2016,May-16,5,2016,WEMMERSHOEK,Major Dam,58644,40.46,27762,47.34
95113d54-1e33-4f30-a7f6-1cccd332f63d,21/05/2016,May-16,5,2016,WEMMERSHOEK,Major Dam,58644,40.4,27650,47.15
7109f99a-a2d4-4a67-9b22-fe0e939fe58c,22/05/2016,May-16,5,2016,WEMMERSHOEK,Major Dam,58644,40.36,27575,47.02
75db4f12-4803-4e29-aec0-7ee70c3ea926,23/05/2016,May-16,5,2016,WEMMERSHOEK,Major Dam,58644,40.31,27482,46.86
966a981f-23ff-47a6-a37a-d4ee7a0c5bba,24/05/2016,May-16,5,2016,WEMMERSHOEK,Major Dam,58644,40.23,27333,46.61
34e1af8b-6fb0-407b-a189-83e7c87c1e79,25/05/2016,May-16,5,2016,WEMMERSHOEK,Major Dam,58644,40.22,27315,46.58
55e0db8a-2c59-428b-b3c3-54612e22c50f,26/05/2016,May-16,5,2016,WEMMERSHOEK,Major Dam,58644,40.15,27185,46.36
3fece887-5476-43e2-9c37-67f7488eed55,27/05/2016,May-16,5,2016,WEMMERSHOEK,Major Dam,58644,40.08,27056,46.14
d36d3608-cc64-4227-adb5-2efa61fa8418,28/05/2016,May-16,5,2016,WEMMERSHOEK,Major Dam,58644,40.01,26926,45.91
e8dfa3fe-97f3-4e3c-9412-60e28d305b0c,29/05/2016,May-16,5,2016,WEMMERSHOEK,Major Dam,58644,39.96,26835,45.76
e622bbef-36b4-49de-84b7-85a030f758bb,30/05/2016,May-16,5,2016,WEMMERSHOEK,Major Dam,58644,39.88,26687,45.51
ee44ae1c-b02a-4351-928c-0b6c549fd099,31/05/2016,May-16,5,2016,WEMMERSHOEK,Major Dam,58644,39.81,26560,45.29
2a9afdc1-020c-48f2-ae5c-aa9abd805983,01/06/2016,Jun-16,6,2016,WEMMERSHOEK,Major Dam,58644,39.75,26451,45.1
a73ce9a0-8de3-492f-8db8-f567b56b18a9,02/06/2016,Jun-16,6,2016,WEMMERSHOEK,Major Dam,58644,39.69,26342,44.92
d0145f9c-5762-4fbd-be2e-6453e2be9410,03/06/2016,Jun-16,6,2016,WEMMERSHOEK,Major Dam,58644,39.62,26214,44.7
0c35cdf6-2f58-4f19-b547-b2387a42f591,04/06/2016,Jun-16,6,2016,WEMMERSHOEK,Major Dam,58644,39.53,26052,44.42
70df98b3-09ef-4b5e-b632-96a349a782e5,05/06/2016,Jun-16,6,2016,WEMMERSHOEK,Major Dam,58644,39.43,25871,44.12
b5a8a086-1fca-45b8-891f-78339f61bf08,06/06/2016,Jun-16,6,2016,WEMMERSHOEK,Major Dam,58644,39.31,25655,43.75
9765e4c5-6bf5-40bf-aec1-ba35aae08ea4,07/06/2016,Jun-16,6,2016,WEMMERSHOEK,Major Dam,58644,39.22,25494,43.47
b1bd4e6d-f2f7-4db1-ba08-8f5665f9496f,08/06/2016,Jun-16,6,2016,WEMMERSHOEK,Major Dam,58644,39.13,25333,43.2
73e44c19-7959-47f1-9030-c03600501dda,09/06/2016,Jun-16,6,2016,WEMMERSHOEK,Major Dam,58644,39.03,25153,42.89
071d40e4-a860-4ae1-a9c9-61711c323e64,10/06/2016,Jun-16,6,2016,WEMMERSHOEK,Major Dam,58644,39.06,25206,42.98
42431c20-8071-49c2-ac93-40e1a1ef2e8b,11/06/2016,Jun-16,6,2016,WEMMERSHOEK,Major Dam,58644,39.18,25422,43.35
b6ae3c19-739a-493d-a14e-93d70da026c1,12/06/2016,Jun-16,6,2016,WEMMERSHOEK,Major Dam,58644,39.13,25333,43.2
2c168de8-0f14-4556-8402-1b9e2feefe76,13/06/2016,Jun-16,6,2016,WEMMERSHOEK,Major Dam,58644,39.06,25206,42.98
773fc351-4403-4273-bf10-a97b2532f705,14/06/2016,Jun-16,6,2016,WEMMERSHOEK,Major Dam,58644,39.04,25171,42.92
bca8c52c-10a1-4b21-9cfe-02818565e3b3,15/06/2016,Jun-16,6,2016,WEMMERSHOEK,Major Dam,58644,39.29,25619,43.69
2aaca841-e596-414e-ae8a-ed05a3427aec,16/06/2016,Jun-16,6,2016,WEMMERSHOEK,Major Dam,58644,40.2,27278,46.51
0e51feae-be9d-4cf1-bdb9-6ce490c90550,17/06/2016,Jun-16,6,2016,WEMMERSHOEK,Major Dam,58644,40.33,27519,46.93
3a4fe50c-4e9c-448c-8f7d-13ef95e3c0ab,18/06/2016,Jun-16,6,2016,WEMMERSHOEK,Major Dam,58644,40.38,27612,47.08
743366ac-c411-410e-8a63-5bb1910c0d60,19/06/2016,Jun-16,6,2016,WEMMERSHOEK,Major Dam,58644,40.4,27650,47.15
52564819-57e9-49be-9f95-dc35cf85d9ab,20/06/2016,Jun-16,6,2016,WEMMERSHOEK,Major Dam,58644,41.01,28806,49.12
6a65601c-65ab-4f68-a866-c5a7ca082fbc,21/06/2016,Jun-16,6,2016,WEMMERSHOEK,Major Dam,58644,41.21,29192,49.78
b5d585d4-5227-499c-80f6-c22c4de564ed,22/06/2016,Jun-16,6,2016,WEMMERSHOEK,Major Dam,58644,41.29,29347,50.04
424b6b42-41a5-4268-b355-5130e5fea9e3,23/06/2016,Jun-16,6,2016,WEMMERSHOEK,Major Dam,58644,41.32,29405,50.14
3002e545-35e6-43dd-a0e9-d351f8a008d9,24/06/2016,Jun-16,6,2016,WEMMERSHOEK,Major Dam,58644,41.31,29386,50.11
49578814-de99-4f3a-a72a-e76c7eb8fb9d,25/06/2016,Jun-16,6,2016,WEMMERSHOEK,Major Dam,58644,41.31,29386,50.11
c416c245-b66c-487a-a349-bf895b1570d3,26/06/2016,Jun-16,6,2016,WEMMERSHOEK,Major Dam,58644,41.3,29366,50.08
efc7dbe2-6167-43c5-9e5b-ab7595371968,27/06/2016,Jun-16,6,2016,WEMMERSHOEK,Major Dam,58644,41.38,29522,50.34
f5426cfb-b6f4-4f69-93b8-6c30609b97ba,28/06/2016,Jun-16,6,2016,WEMMERSHOEK,Major Dam,58644,41.9,30545,52.09
0f363c30-1aac-49c7-88a6-fec9a2e7bc7d,29/06/2016,Jun-16,6,2016,WEMMERSHOEK,Major Dam,58644,42,30744,52.42
1b9d0d3d-e04d-4775-8d71-6f5e76096194,30/06/2016,Jun-16,6,2016,WEMMERSHOEK,Major Dam,58644,42.04,30823,52.56
bd881efc-e20e-400a-92c0-681d1f199516,01/07/2016,Jul-16,7,2016,WEMMERSHOEK,Major Dam,58644,42.43,31604,53.89
8ce47fc4-be55-49e7-b0fb-000b644aa4f4,02/07/2016,Jul-16,7,2016,WEMMERSHOEK,Major Dam,58644,42.7,32152,54.83
21ad2f98-e33e-4a4f-a59e-f615c74a3370,03/07/2016,Jul-16,7,2016,WEMMERSHOEK,Major Dam,58644,42.79,32336,55.14
7523edb4-ecdd-4a11-854d-c8334cd0a8ad,04/07/2016,Jul-16,7,2016,WEMMERSHOEK,Major Dam,58644,42.88,32520,55.45
899ab3ef-4928-4c21-bd3a-ea1a9bd57951,05/07/2016,Jul-16,7,2016,WEMMERSHOEK,Major Dam,58644,42.91,32581,55.56
8e2281eb-f152-4f2d-bc13-6a26f51a1ad9,06/07/2016,Jul-16,7,2016,WEMMERSHOEK,Major Dam,58644,43.26,33301,56.79
6d3fbd8f-adc0-48f6-94de-6e24e88022c9,07/07/2016,Jul-16,7,2016,WEMMERSHOEK,Major Dam,58644,43.46,33718,57.5
8ad548ba-18b9-45b3-8293-0c0b9cbd68a6,08/07/2016,Jul-16,7,2016,WEMMERSHOEK,Major Dam,58644,43.53,33864,57.75
dc3f63c1-e09d-4f43-8686-abac052fc63a,09/07/2016,Jul-16,7,2016,WEMMERSHOEK,Major Dam,58644,43.59,33989,57.96
e9c5920c-0d96-4f62-8d0c-455f636eea5b,10/07/2016,Jul-16,7,2016,WEMMERSHOEK,Major Dam,58644,43.59,33989,57.96
22a3ffb3-22e8-42b0-a265-cb9fe5515847,11/07/2016,Jul-16,7,2016,WEMMERSHOEK,Major Dam,58644,43.64,34094,58.14
e78bc933-3141-4d46-853b-1c59bd77f90a,12/07/2016,Jul-16,7,2016,WEMMERSHOEK,Major Dam,58644,43.58,33968,57.92
0fdd2778-3104-47c0-90f5-1b2272ad1747,13/07/2016,Jul-16,7,2016,WEMMERSHOEK,Major Dam,58644,43.54,33885,57.78
08a6467f-f645-47e6-8be4-cedd9e8b0a43,14/07/2016,Jul-16,7,2016,WEMMERSHOEK,Major Dam,58644,43.56,33926,57.85
d9b71e41-8e90-4364-bf7c-3eda2a60b321,15/07/2016,Jul-16,7,2016,WEMMERSHOEK,Major Dam,58644,43.57,33947,57.89
a10b028a-c86b-48dc-8e56-f1a61669e51c,16/07/2016,Jul-16,7,2016,WEMMERSHOEK,Major Dam,58644,43.56,33926,57.85
8cc5de20-2f7c-46bb-bc48-5e6f9873bd8a,17/07/2016,Jul-16,7,2016,WEMMERSHOEK,Major Dam,58644,43.54,33885,57.78
65bb0397-78f8-4258-aca8-a12a9491d955,18/07/2016,Jul-16,7,2016,WEMMERSHOEK,Major Dam,58644,43.53,33864,57.75
c2294f89-0594-4f4b-b786-ef77f890856d,19/07/2016,Jul-16,7,2016,WEMMERSHOEK,Major Dam,58644,43.51,33822,57.67
6e532f34-37b9-4d04-be85-00e7ccaf5c4e,20/07/2016,Jul-16,7,2016,WEMMERSHOEK,Major Dam,58644,43.53,33864,57.75
86f95cca-51e7-457b-bff8-8b9e5b4d87d2,21/07/2016,Jul-16,7,2016,WEMMERSHOEK,Major Dam,58644,44.4,35711,60.89
e8a8d958-8543-470c-b906-58e141ede2ff,22/07/2016,Jul-16,7,2016,WEMMERSHOEK,Major Dam,58644,44.77,36513,62.26
73a3c21e-b3bf-49db-a95e-b87714e598f5,23/07/2016,Jul-16,7,2016,WEMMERSHOEK,Major Dam,58644,44.93,36865,62.86
442700f6-4f9c-4d59-ab39-eef966f9c285,24/07/2016,Jul-16,7,2016,WEMMERSHOEK,Major Dam,58644,45.02,37064,63.2
4e6c102e-6264-426f-b2d2-d2e4ae3de2f4,25/07/2016,Jul-16,7,2016,WEMMERSHOEK,Major Dam,58644,45.07,37175,63.39
24aab7a6-1f20-4931-bca9-77801f238d0b,26/07/2016,Jul-16,7,2016,WEMMERSHOEK,Major Dam,58644,45.14,37329,63.65
e3dbae0a-66d6-4990-9f32-969d1c8c6dc0,27/07/2016,Jul-16,7,2016,WEMMERSHOEK,Major Dam,58644,45.32,37733,64.34
6c837e30-850a-48da-a2e8-2ce9a0682906,28/07/2016,Jul-16,7,2016,WEMMERSHOEK,Major Dam,58644,45.43,37979,64.76
ebaa5a4f-70ff-45b7-a3e7-1290cb892d2f,29/07/2016,Jul-16,7,2016,WEMMERSHOEK,Major Dam,58644,45.86,38951,66.42
2c2be0cf-ee8e-49dc-abbd-1b84c6b63c00,30/07/2016,Jul-16,7,2016,WEMMERSHOEK,Major Dam,58644,45.97,39202,66.85
adfe6c8f-83aa-423e-acca-b20ace5b321b,31/07/2016,Jul-16,7,2016,WEMMERSHOEK,Major Dam,58644,46.06,39408,67.2
5b6052c7-cb04-4184-8277-2cd4ef958ad8,01/08/2016,Aug-16,8,2016,WEMMERSHOEK,Major Dam,58644,46.19,39709,67.71
667fde43-3e26-419b-b85e-24ca497ffed7,02/08/2016,Aug-16,8,2016,WEMMERSHOEK,Major Dam,58644,46.21,39756,67.79
4a11d27f-8307-484b-9599-6ddb05875c8e,03/08/2016,Aug-16,8,2016,WEMMERSHOEK,Major Dam,58644,46.33,40033,68.26
2f47b7d0-24c1-48fc-be53-809ab328aec7,04/08/2016,Aug-16,8,2016,WEMMERSHOEK,Major Dam,58644,46.38,40148,68.46
f3f9aadf-4b3f-4d87-86de-785e6d3c3e61,05/08/2016,Aug-16,8,2016,WEMMERSHOEK,Major Dam,58644,46.41,40220,68.58
db8993c5-7786-4893-9e14-e8f84105d6fa,06/08/2016,Aug-16,8,2016,WEMMERSHOEK,Major Dam,58644,46.44,40291,68.7
809d3020-adb7-4bc3-8690-df32b72fe419,07/08/2016,Aug-16,8,2016,WEMMERSHOEK,Major Dam,58644,46.46,40337,68.78
576190c3-6ee2-4ce0-a312-5b1e52437a47,08/08/2016,Aug-16,8,2016,WEMMERSHOEK,Major Dam,58644,46.47,40361,68.82
72953d04-aeff-4ef9-95da-cdcae95075ea,09/08/2016,Aug-16,8,2016,WEMMERSHOEK,Major Dam,58644,46.42,40244,68.62
24f72dad-e711-49e0-ae1d-a9b3efa701f1,10/08/2016,Aug-16,8,2016,WEMMERSHOEK,Major Dam,58644,46.39,40172,68.5
f4d75e8f-7113-470d-b157-43db9015a8ef,11/08/2016,Aug-16,8,2016,WEMMERSHOEK,Major Dam,58644,46.39,40172,68.5
2df92ea5-d90e-409c-9543-81a50b032c73,12/08/2016,Aug-16,8,2016,WEMMERSHOEK,Major Dam,58644,46.35,40079,68.34
dee00f6e-cf7b-459b-a54e-2341a58b086b,13/08/2016,Aug-16,8,2016,WEMMERSHOEK,Major Dam,58644,46.32,40010,68.23
3fb83b79-acfd-4faa-9646-4d305fed9a6b,14/08/2016,Aug-16,8,2016,WEMMERSHOEK,Major Dam,58644,46.41,40220,68.58
5483765f-6006-4aae-a5e5-8ec3080f0d96,15/08/2016,Aug-16,8,2016,WEMMERSHOEK,Major Dam,58644,46.54,40525,69.1
f3809375-7122-456e-adbb-3cb9ee6f620e,16/08/2016,Aug-16,8,2016,WEMMERSHOEK,Major Dam,58644,46.57,40595,69.22
558397e5-ef2f-4802-a5f1-19f4bf40c02c,17/08/2016,Aug-16,8,2016,WEMMERSHOEK,Major Dam,58644,46.58,40618,69.26
20b9020d-3e27-4dda-b00d-edd86e110841,18/08/2016,Aug-16,8,2016,WEMMERSHOEK,Major Dam,58644,46.61,40688,69.38
3cde0e11-2c3c-4ed9-b83f-052d002cac7d,19/08/2016,Aug-16,8,2016,WEMMERSHOEK,Major Dam,58644,46.57,40595,69.22
baed0617-6c6a-4ac7-a277-689f4d38faeb,20/08/2016,Aug-16,8,2016,WEMMERSHOEK,Major Dam,58644,46.56,40571,69.18
642ba38b-eb1f-401c-a34d-c4619e8f7b2a,21/08/2016,Aug-16,8,2016,WEMMERSHOEK,Major Dam,58644,46.55,40548,69.14
4bf007f8-d733-469e-b292-85cb0df71862,22/08/2016,Aug-16,8,2016,WEMMERSHOEK,Major Dam,58644,46.65,40782,69.54
6f12b0a9-8386-4c72-89c3-9d37802e3c49,23/08/2016,Aug-16,8,2016,WEMMERSHOEK,Major Dam,58644,46.76,41044,69.99
604f5f8b-c165-44de-8e64-4e2b81e9a576,24/08/2016,Aug-16,8,2016,WEMMERSHOEK,Major Dam,58644,46.83,41210,70.27
30d736fa-8092-4c5b-abfc-376bea917086,25/08/2016,Aug-16,8,2016,WEMMERSHOEK,Major Dam,58644,46.8,41139,70.15
a48c5a79-9951-49f0-9d31-15476c05ede3,26/08/2016,Aug-16,8,2016,WEMMERSHOEK,Major Dam,58644,46.79,41115,70.11
3513a490-ac13-40bc-9a4a-77bb4b9ec05a,27/08/2016,Aug-16,8,2016,WEMMERSHOEK,Major Dam,58644,46.81,41162,70.19
d57730fc-7f21-476d-968a-bcf021d7dba6,28/08/2016,Aug-16,8,2016,WEMMERSHOEK,Major Dam,58644,46.8,41139,70.15
9eaab5f0-996b-4fbf-a3b5-78f2658d0ad3,29/08/2016,Aug-16,8,2016,WEMMERSHOEK,Major Dam,58644,46.79,41115,70.11
53ad1518-e167-48af-b766-f3a5b862f659,30/08/2016,Aug-16,8,2016,WEMMERSHOEK,Major Dam,58644,46.78,41091,70.07
8cb66a1a-c0b1-4d87-a5c9-8e6b0e7d26f7,31/08/2016,Aug-16,8,2016,WEMMERSHOEK,Major Dam,58644,46.78,41091,70.07
90abf795-91a5-40e5-8c5d-5af95de34714,01/09/2016,Sep-16,9,2016,WEMMERSHOEK,Major Dam,58644,46.77,41067,70.03
ac471d10-d440-4235-990b-d64276bdfdb3,02/09/2016,Sep-16,9,2016,WEMMERSHOEK,Major Dam,58644,46.75,41020,69.95
c4cc39fb-276d-4e48-aaa1-a65c19213737,03/09/2016,Sep-16,9,2016,WEMMERSHOEK,Major Dam,58644,46.74,40996,69.91
9b2a0173-c36d-4aa4-9e58-e7234c5cd08b,04/09/2016,Sep-16,9,2016,WEMMERSHOEK,Major Dam,58644,46.72,40949,69.83
99aeaf69-d571-4c71-8e74-45522c3e2ede,05/09/2016,Sep-16,9,2016,WEMMERSHOEK,Major Dam,58644,46.71,40925,69.79
0a7c3178-76d6-4421-99ef-5ddb85b0b260,06/09/2016,Sep-16,9,2016,WEMMERSHOEK,Major Dam,58644,46.79,41115,70.11
1ae0d6e6-9369-4f22-b972-78d453f21779,07/09/2016,Sep-16,9,2016,WEMMERSHOEK,Major Dam,58644,46.83,41210,70.27
9811a5da-697d-4d02-b97a-855cb8b1c4b3,08/09/2016,Sep-16,9,2016,WEMMERSHOEK,Major Dam,58644,46.84,41233,70.31
9c2db3ce-dfcf-4dc7-8fed-0bae069080d1,09/09/2016,Sep-16,9,2016,WEMMERSHOEK,Major Dam,58644,46.9,41376,70.55
780a1e64-d237-40fa-acc8-b5d563cb2135,10/09/2016,Sep-16,9,2016,WEMMERSHOEK,Major Dam,58644,46.91,41399,70.59
7296585d-72ff-46ad-8733-aa0173267257,11/09/2016,Sep-16,9,2016,WEMMERSHOEK,Major Dam,58644,46.92,41423,70.63
d75ba118-eb18-4c12-859d-7af4b60995d3,12/09/2016,Sep-16,9,2016,WEMMERSHOEK,Major Dam,58644,46.92,41423,70.63
86fc1b3f-b8e4-416e-8dd3-06c292a5b9d5,13/09/2016,Sep-16,9,2016,WEMMERSHOEK,Major Dam,58644,46.9,41376,70.55
5cd70e33-5c62-46f8-9733-7cf53d83aeca,14/09/2016,Sep-16,9,2016,WEMMERSHOEK,Major Dam,58644,46.87,41304,70.43
cc15264b-3725-402f-a8b0-a2efb7120ed6,15/09/2016,Sep-16,9,2016,WEMMERSHOEK,Major Dam,58644,46.87,41304,70.43
437f330c-1560-4870-863e-7316006beb9c,16/09/2016,Sep-16,9,2016,WEMMERSHOEK,Major Dam,58644,46.87,41304,70.43
cfb20db1-5bf3-47a3-8971-8b5d0f063e01,17/09/2016,Sep-16,9,2016,WEMMERSHOEK,Major Dam,58644,46.87,41304,70.43
127b93a6-4f77-4ab0-afeb-84a93cb0c4e7,18/09/2016,Sep-16,9,2016,WEMMERSHOEK,Major Dam,58644,46.85,41257,70.35
84b0ab99-4580-4c13-bd0d-ed9633530ff4,19/09/2016,Sep-16,9,2016,WEMMERSHOEK,Major Dam,58644,46.85,41257,70.35
1142066b-8f8a-46e8-a98d-d2ab885537bf,20/09/2016,Sep-16,9,2016,WEMMERSHOEK,Major Dam,58644,46.82,41186,70.23
367d455c-226d-490e-ae7d-7864b6fbc969,21/09/2016,Sep-16,9,2016,WEMMERSHOEK,Major Dam,58644,46.77,41067,70.03
5252db57-c8a5-4864-9f08-2c544392cc91,22/09/2016,Sep-16,9,2016,WEMMERSHOEK,Major Dam,58644,46.72,40949,69.83
b7b7217e-2b50-4a12-b491-84835baf332d,23/09/2016,Sep-16,9,2016,WEMMERSHOEK,Major Dam,58644,46.67,40829,69.62
4a878db6-7703-4004-a4ec-a1a568d8f5d4,24/09/2016,Sep-16,9,2016,WEMMERSHOEK,Major Dam,58644,46.61,40688,69.38
7aa854cd-4f74-49b1-8ff1-43f32996f4fd,25/09/2016,Sep-16,9,2016,WEMMERSHOEK,Major Dam,58644,46.54,40525,69.1
7225ccf6-b817-454f-9c32-2dfdd603f107,26/09/2016,Sep-16,9,2016,WEMMERSHOEK,Major Dam,58644,46.53,40501,69.06
d45b8a1d-ae66-4289-afed-aec34d08b3fb,27/09/2016,Sep-16,9,2016,WEMMERSHOEK,Major Dam,58644,46.52,40478,69.02
081cee56-8e89-45d9-8a89-3290d4023dbd,28/09/2016,Sep-16,9,2016,WEMMERSHOEK,Major Dam,58644,46.65,40782,69.54
5dd62ab1-cd4d-4209-891c-345b40cc52e8,29/09/2016,Sep-16,9,2016,WEMMERSHOEK,Major Dam,58644,46.7,40901,69.74
a3ca30af-0069-46be-a71d-ab489f6b4089,30/09/2016,Sep-16,9,2016,WEMMERSHOEK,Major Dam,58644,46.65,40782,69.54
efb960cc-7e12-4783-b257-2c6a11ed60b8,01/10/2016,Oct-16,10,2016,WEMMERSHOEK,Major Dam,58644,46.61,40688,69.38
5cd4478b-08b8-4897-8683-d96a21dd52c1,02/10/2016,Oct-16,10,2016,WEMMERSHOEK,Major Dam,58644,46.58,40618,69.26
0bab884e-7ecf-4388-a7b4-8aa87621e973,03/10/2016,Oct-16,10,2016,WEMMERSHOEK,Major Dam,58644,46.52,40478,69.02
0c607d9b-092b-4ae3-8ba0-b0ac69d3ea83,04/10/2016,Oct-16,10,2016,WEMMERSHOEK,Major Dam,58644,46.46,40337,68.78
4d32c072-64b1-4b5d-b504-494f58caacec,05/10/2016,Oct-16,10,2016,WEMMERSHOEK,Major Dam,58644,46.4,40197,68.54
f80cc4ce-793b-4c09-ac3a-48a197a2f470,06/10/2016,Oct-16,10,2016,WEMMERSHOEK,Major Dam,58644,46.38,40148,68.46
9ddb387f-3032-4554-9a23-853b0eb18683,07/10/2016,Oct-16,10,2016,WEMMERSHOEK,Major Dam,58644,46.28,39917,68.07
15ab26c4-817a-4ca7-8181-a564a4d6e762,08/10/2016,Oct-16,10,2016,WEMMERSHOEK,Major Dam,58644,46.23,39802,67.87
6c3aeeec-d2b2-452d-89ca-3865af389b09,09/10/2016,Oct-16,10,2016,WEMMERSHOEK,Major Dam,58644,46.18,39680,67.66
1c3575d4-67fc-4768-9645-474793b98c90,10/10/2016,Oct-16,10,2016,WEMMERSHOEK,Major Dam,58644,46.13,39571,67.48
644ac9a8-5775-4874-bbc0-9744f9e42623,11/10/2016,Oct-16,10,2016,WEMMERSHOEK,Major Dam,58644,46.08,39453,67.28
31ee08d8-0dbe-4f1c-9e73-9517892dd4f6,12/10/2016,Oct-16,10,2016,WEMMERSHOEK,Major Dam,58644,46.07,39431,67.24
16589c10-393e-467a-8a3b-4aa4fb0902b8,13/10/2016,Oct-16,10,2016,WEMMERSHOEK,Major Dam,58644,46.03,39339,67.08
6a4f47e3-ce47-4ebd-8fa3-01a11ed1b082,14/10/2016,Oct-16,10,2016,WEMMERSHOEK,Major Dam,58644,45.94,39134,66.73
a0a1bc69-0149-4e8c-8a42-af50487066fc,15/10/2016,Oct-16,10,2016,WEMMERSHOEK,Major Dam,58644,45.87,38974,66.46
bd9c8f36-4a7d-4d9e-bceb-b92f5e486694,16/10/2016,Oct-16,10,2016,WEMMERSHOEK,Major Dam,58644,45.81,38837,66.23
b73c643b-c47f-436b-8256-7c2c8dfecc77,17/10/2016,Oct-16,10,2016,WEMMERSHOEK,Major Dam,58644,45.73,38654,65.91
ce09623f-8443-4423-9b09-96d88e66198e,18/10/2016,Oct-16,10,2016,WEMMERSHOEK,Major Dam,58644,45.7,38587,65.8
ea338414-4524-4a1c-9c03-ab332d79c695,19/10/2016,Oct-16,10,2016,WEMMERSHOEK,Major Dam,58644,45.61,38384,65.45
b9dd10d6-1f17-4c5f-b2c8-584af51a2a63,20/10/2016,Oct-16,10,2016,WEMMERSHOEK,Major Dam,58644,45.52,38181,65.11
a9335e23-f44f-4234-bce9-36677a31df38,21/10/2016,Oct-16,10,2016,WEMMERSHOEK,Major Dam,58644,45.42,37956,64.72
3cb85a3c-967c-4bf5-8d5f-e2b724b2a77b,22/10/2016,Oct-16,10,2016,WEMMERSHOEK,Major Dam,58644,45.37,37845,64.53
2452e3cd-2dd6-427c-a2e9-cc09aa76c0d6,23/10/2016,Oct-16,10,2016,WEMMERSHOEK,Major Dam,58644,45.35,37800,64.46
b306b429-ee9b-4b7c-877f-6c2312537ccc,24/10/2016,Oct-16,10,2016,WEMMERSHOEK,Major Dam,58644,45.25,37576,64.07
7f49a7ca-5fb7-4430-88a5-72978f8f8eeb,25/10/2016,Oct-16,10,2016,WEMMERSHOEK,Major Dam,58644,45.19,37440,63.84
d33ee4a9-ef50-4e41-8f2d-393c5bd01911,26/10/2016,Oct-16,10,2016,WEMMERSHOEK,Major Dam,58644,45.07,37175,63.39
b739e496-e9ca-4a78-9f9a-2e7e7920892a,27/10/2016,Oct-16,10,2016,WEMMERSHOEK,Major Dam,58644,44.99,36998,63.09
df3f8399-9864-45f2-bb8a-244c08bff1d5,28/10/2016,Oct-16,10,2016,WEMMERSHOEK,Major Dam,58644,44.96,36931,62.97
698dafd7-1941-4127-8b50-eff46538b426,29/10/2016,Oct-16,10,2016,WEMMERSHOEK,Major Dam,58644,44.85,36688,62.56
51942576-39b6-4790-9585-bdbd3ac41f9a,30/10/2016,Oct-16,10,2016,WEMMERSHOEK,Major Dam,58644,44.77,36513,62.26
ae78ff12-06c8-4e84-bbbd-fcc1d3f683e0,31/10/2016,Oct-16,10,2016,WEMMERSHOEK,Major Dam,58644,44.67,36296,61.89
83ca4efb-ce2c-4177-8192-768a588a3c2b,01/11/2016,Nov-16,11,2016,WEMMERSHOEK,Major Dam,58644,44.6,36143,61.63
69f4da73-0f9c-413a-8522-3fa265215810,02/11/2016,Nov-16,11,2016,WEMMERSHOEK,Major Dam,58644,44.53,35990,61.37
76bbf0d7-ddab-4002-b1d7-11ea5876f392,03/11/2016,Nov-16,11,2016,WEMMERSHOEK,Major Dam,58644,44.43,35775,61
7ae49869-190f-40c0-ac05-c23c5e8f11ed,04/11/2016,Nov-16,11,2016,WEMMERSHOEK,Major Dam,58644,44.37,35646,60.78
4a82114d-3405-4beb-9720-1554fffb979d,05/11/2016,Nov-16,11,2016,WEMMERSHOEK,Major Dam,58644,44.28,35453,60.45
201b0d55-9939-4e2b-8f0b-146c7ea281bd,06/11/2016,Nov-16,11,2016,WEMMERSHOEK,Major Dam,58644,44.17,35217,60.05
44d8ce66-13f5-423d-a3df-c54b3274ea58,07/11/2016,Nov-16,11,2016,WEMMERSHOEK,Major Dam,58644,44.09,35046,59.76
64ca5774-5686-43bd-a435-dfe8d5a10ab9,08/11/2016,Nov-16,11,2016,WEMMERSHOEK,Major Dam,58644,44.02,34897,59.51
fcc0ceb2-2ee2-4e8e-a634-e2b4d64c8689,09/11/2016,Nov-16,11,2016,WEMMERSHOEK,Major Dam,58644,43.93,34705,59.18
4c618f14-cd5b-435a-aef5-9f27e0bd8234,10/11/2016,Nov-16,11,2016,WEMMERSHOEK,Major Dam,58644,43.85,34536,58.89
6c58f218-eb0b-4a29-b5de-2524555f6cb8,11/11/2016,Nov-16,11,2016,WEMMERSHOEK,Major Dam,58644,43.74,34304,58.5
0f93dec0-3c0f-4a16-a54d-791fbadee14d,12/11/2016,Nov-16,11,2016,WEMMERSHOEK,Major Dam,58644,43.64,34094,58.14
c6688c8e-6e63-4650-aadb-785ec7b80343,13/11/2016,Nov-16,11,2016,WEMMERSHOEK,Major Dam,58644,43.53,33864,57.75
d65a3adf-5148-462e-9a05-764cc1a3ceac,14/11/2016,Nov-16,11,2016,WEMMERSHOEK,Major Dam,58644,43.48,33759,57.57
1d0d0e21-7fd3-4510-939d-2d142472379b,15/11/2016,Nov-16,11,2016,WEMMERSHOEK,Major Dam,58644,43.38,33551,57.21
4f18b9e3-cff6-4d07-9013-221789c05d66,16/11/2016,Nov-16,11,2016,WEMMERSHOEK,Major Dam,58644,43.28,33342,56.85
32682768-3c78-4a45-83d0-b1d273cb4c9e,17/11/2016,Nov-16,11,2016,WEMMERSHOEK,Major Dam,58644,43.18,33136,56.5
09f3769f-020d-4391-974a-79ae9cfafc23,18/11/2016,Nov-16,11,2016,WEMMERSHOEK,Major Dam,58644,43.09,32951,56.19
a961517c-a440-40f7-8203-22ceb2637ab6,19/11/2016,Nov-16,11,2016,WEMMERSHOEK,Major Dam,58644,43.01,32786,55.91
415e8147-9888-4d6b-9e2c-45f6822a8371,20/11/2016,Nov-16,11,2016,WEMMERSHOEK,Major Dam,58644,42.91,32581,55.56
f6077649-7b87-457a-91b3-ccdb38cc0b25,21/11/2016,Nov-16,11,2016,WEMMERSHOEK,Major Dam,58644,42.77,32295,55.07
6155128c-8b12-4195-9557-3fac047de989,22/11/2016,Nov-16,11,2016,WEMMERSHOEK,Major Dam,58644,42.67,32091,54.72
98446567-5677-46d0-a221-98fa9d2b59c1,23/11/2016,Nov-16,11,2016,WEMMERSHOEK,Major Dam,58644,42.59,31929,54.45
e9d27240-7203-406c-b15f-1ef70f149c10,24/11/2016,Nov-16,11,2016,WEMMERSHOEK,Major Dam,58644,42.52,31787,54.2
ccce5f0c-8a3c-42c6-836e-f529daad073f,25/11/2016,Nov-16,11,2016,WEMMERSHOEK,Major Dam,58644,42.42,31584,53.86
22eef796-45ec-4196-a345-0a6585968738,26/11/2016,Nov-16,11,2016,WEMMERSHOEK,Major Dam,58644,42.37,31482,53.68
29fd0114-06e8-477d-b45d-e1d43f407bcc,27/11/2016,Nov-16,11,2016,WEMMERSHOEK,Major Dam,58644,42.24,31222,53.24
1a8379ae-4ed9-4a25-803d-2a45c2cb7c65,28/11/2016,Nov-16,11,2016,WEMMERSHOEK,Major Dam,58644,42.14,31023,52.9
a289f342-a65c-4997-b0dc-46c58b02487d,29/11/2016,Nov-16,11,2016,WEMMERSHOEK,Major Dam,58644,42.05,30843,52.59
b297290d-181b-42c3-b0d4-67a115c5b5c5,30/11/2016,Nov-16,11,2016,WEMMERSHOEK,Major Dam,58644,41.93,30605,52.19
e07363cb-3521-4e26-b564-a7146e56a9a6,01/12/2016,Dec-16,12,2016,WEMMERSHOEK,Major Dam,58644,41.83,30406,51.85
4465ae7d-bd89-4d33-be39-348b3eb83e6c,02/12/2016,Dec-16,12,2016,WEMMERSHOEK,Major Dam,58644,41.76,30268,51.61
cf9949c6-8358-415e-8732-b64d13d51ded,03/12/2016,Dec-16,12,2016,WEMMERSHOEK,Major Dam,58644,41.67,30090,51.31
93d8ebc3-92f0-4637-a685-3712cc5b730b,04/12/2016,Dec-16,12,2016,WEMMERSHOEK,Major Dam,58644,41.57,29894,50.98
c64cf959-0008-405d-87fd-ce1ff9c62853,05/12/2016,Dec-16,12,2016,WEMMERSHOEK,Major Dam,58644,41.47,29696,50.64
550e5e7e-07b2-4cb3-9786-1af7dc53116f,06/12/2016,Dec-16,12,2016,WEMMERSHOEK,Major Dam,58644,41.36,29483,50.27
db341b9f-d5b7-4824-b312-89e52e331b78,07/12/2016,Dec-16,12,2016,WEMMERSHOEK,Major Dam,58644,41.27,29308,49.98
20165536-89bf-49ed-b24f-332f87298b1d,08/12/2016,Dec-16,12,2016,WEMMERSHOEK,Major Dam,58644,41.19,29152,49.71
16baab19-79e2-42a3-b1ac-52e23f4eb246,09/12/2016,Dec-16,12,2016,WEMMERSHOEK,Major Dam,58644,41.09,28960,49.38
4fd348da-7e27-40b0-90dc-bae806665845,10/12/2016,Dec-16,12,2016,WEMMERSHOEK,Major Dam,58644,40.99,28767,49.05
00622520-af70-4e58-b8fd-28b9166e1acb,11/12/2016,Dec-16,12,2016,WEMMERSHOEK,Major Dam,58644,40.92,28631,48.82
a0686b34-dd4c-454d-aa16-52ff7ca2a84b,12/12/2016,Dec-16,12,2016,WEMMERSHOEK,Major Dam,58644,40.79,28381,48.4
51638700-237c-41e3-a13f-32ce55609e88,13/12/2016,Dec-16,12,2016,WEMMERSHOEK,Major Dam,58644,40.69,28192,48.07
5434e82b-404c-4b80-b81b-5e4ce4dd7794,14/12/2016,Dec-16,12,2016,WEMMERSHOEK,Major Dam,58644,40.62,28062,47.85
d53575d5-3f70-4d89-ba3b-a44a067f5b5a,15/12/2016,Dec-16,12,2016,WEMMERSHOEK,Major Dam,58644,40.45,27743,47.31
a936591e-a50e-4fdd-a3ed-12a016888519,16/12/2016,Dec-16,12,2016,WEMMERSHOEK,Major Dam,58644,40.35,27556,46.99
2a94162e-3be2-4dcf-9833-9cb79067083e,17/12/2016,Dec-16,12,2016,WEMMERSHOEK,Major Dam,58644,40.27,27407,46.73
cb48975b-06dc-496c-95a4-35b861528b81,18/12/2016,Dec-16,12,2016,WEMMERSHOEK,Major Dam,58644,40.15,27185,46.36
999e019e-c871-4368-8f22-3dab325ae87d,19/12/2016,Dec-16,12,2016,WEMMERSHOEK,Major Dam,58644,40.05,27000,46.04
34f5cfb6-82b5-4bd0-a76d-412363bf2f1b,20/12/2016,Dec-16,12,2016,WEMMERSHOEK,Major Dam,58644,39.93,26779,45.66
c1f1573d-8730-45a8-b1d0-858978336778,21/12/2016,Dec-16,12,2016,WEMMERSHOEK,Major Dam,58644,39.81,26560,45.29
c59e9b9d-9dfd-499d-81e6-bc70ea6f9367,22/12/2016,Dec-16,12,2016,WEMMERSHOEK,Major Dam,58644,39.75,26451,45.1
b7364d3b-be78-4232-90f2-4fef6e3f2453,23/12/2016,Dec-16,12,2016,WEMMERSHOEK,Major Dam,58644,39.64,26251,44.76
efb15b9e-c768-4d62-8ee0-a846e5360477,24/12/2016,Dec-16,12,2016,WEMMERSHOEK,Major Dam,58644,39.54,26070,44.45
d9c4a5df-65e5-4525-9d57-7056d602b6ac,25/12/2016,Dec-16,12,2016,WEMMERSHOEK,Major Dam,58644,39.48,25961,44.27
ec5efccc-a8ec-476d-aec2-a07c011d024e,26/12/2016,Dec-16,12,2016,WEMMERSHOEK,Major Dam,58644,39.38,25781,43.96
cadea0c9-9ee1-42c6-b37b-c94662a6d0a9,27/12/2016,Dec-16,12,2016,WEMMERSHOEK,Major Dam,58644,39.29,25619,43.69
b00bbef8-08da-4692-91bf-a541fdf1bf14,28/12/2016,Dec-16,12,2016,WEMMERSHOEK,Major Dam,58644,39.2,25458,43.41
4651cc06-d036-4cbd-9404-53993cba6a36,29/12/2016,Dec-16,12,2016,WEMMERSHOEK,Major Dam,58644,39.06,25206,42.98
4bd09545-9f75-438b-82d2-055c74369516,30/12/2016,Dec-16,12,2016,WEMMERSHOEK,Major Dam,58644,38.98,25064,42.74
d5792720-55e9-4d1f-866e-4048bc3bc28b,31/12/2016,Dec-16,12,2016,WEMMERSHOEK,Major Dam,58644,38.86,24851,42.38
c82d9d4a-375b-49d0-ac3c-11bb4cdc1e10,01/01/2017,Jan-17,1,2017,WEMMERSHOEK,Major Dam,58644,38.72,24603,41.95
33e6ca07-603e-4b1d-8090-6cdaac853fb6,02/01/2017,Jan-17,1,2017,WEMMERSHOEK,Major Dam,58644,38.66,24499,41.78
faf16693-1582-4016-b361-2b9e592f3539,03/01/2017,Jan-17,1,2017,WEMMERSHOEK,Major Dam,58644,38.49,24200,41.27
a0b6a8ae-36c3-426a-8585-b024771a85cb,04/01/2017,Jan-17,1,2017,WEMMERSHOEK,Major Dam,58644,38.4,24045,41
23c2c556-4681-4b7c-b886-7ae770df7bf1,05/01/2017,Jan-17,1,2017,WEMMERSHOEK,Major Dam,58644,38.26,23802,40.59
7bf58e03-2822-4c00-adf1-10eb34bcc311,06/01/2017,Jan-17,1,2017,WEMMERSHOEK,Major Dam,58644,38.1,23526,40.12
6c5fc42c-fce2-4658-a154-c96454a452a5,07/01/2017,Jan-17,1,2017,WEMMERSHOEK,Major Dam,58644,38,23354,39.82
f1e82905-20d7-41ba-904c-2888a1e65467,08/01/2017,Jan-17,1,2017,WEMMERSHOEK,Major Dam,58644,37.89,23166,39.5
aa716395-b2a7-455f-afa0-8d0fa9854418,09/01/2017,Jan-17,1,2017,WEMMERSHOEK,Major Dam,58644,37.72,22876,39.01
a22c0993-7828-457b-b013-e5204c30f541,10/01/2017,Jan-17,1,2017,WEMMERSHOEK,Major Dam,58644,37.64,22741,38.78
285caba0-c96b-4fae-9a15-db36abf55815,11/01/2017,Jan-17,1,2017,WEMMERSHOEK,Major Dam,58644,37.53,22556,38.46
b33f2f03-527a-45fa-828e-b38c14a11967,12/01/2017,Jan-17,1,2017,WEMMERSHOEK,Major Dam,58644,37.4,22338,38.09
06293f94-50c3-43a8-a558-05c85f99666d,13/01/2017,Jan-17,1,2017,WEMMERSHOEK,Major Dam,58644,37.29,22154,37.78
77373a80-dd54-4578-8b1f-b6e76b51891c,14/01/2017,Jan-17,1,2017,WEMMERSHOEK,Major Dam,58644,37.22,22037,37.58
64e5b0d5-2241-4da3-8ce3-c5d79fd39a1e,15/01/2017,Jan-17,1,2017,WEMMERSHOEK,Major Dam,58644,37.13,21888,37.32
007b11f8-98d5-479f-9980-a1faa3e1178a,16/01/2017,Jan-17,1,2017,WEMMERSHOEK,Major Dam,58644,37.09,21822,37.21
76f06b93-4957-40e8-b000-fba149455168,17/01/2017,Jan-17,1,2017,WEMMERSHOEK,Major Dam,58644,37.06,21772,37.13
bc840ce0-9b71-4b82-afa2-14f5c3fba384,18/01/2017,Jan-17,1,2017,WEMMERSHOEK,Major Dam,58644,37.03,21722,37.04
a9006c59-0b4f-411b-a8d2-f6f7cc2fb033,19/01/2017,Jan-17,1,2017,WEMMERSHOEK,Major Dam,58644,36.99,21657,36.93
d1b33824-f4a7-4cae-ad09-1ddde7d58302,20/01/2017,Jan-17,1,2017,WEMMERSHOEK,Major Dam,58644,36.96,21607,36.84
ed9e9507-45b8-4116-bf81-af13f4010b39,21/01/2017,Jan-17,1,2017,WEMMERSHOEK,Major Dam,58644,36.95,21590,36.82
a0f2bdfa-2d44-432c-b066-fc944a20ff64,22/01/2017,Jan-17,1,2017,WEMMERSHOEK,Major Dam,58644,36.93,21557,36.76
5bbd9aae-2411-46d2-884d-7f6fe28df3e7,23/01/2017,Jan-17,1,2017,WEMMERSHOEK,Major Dam,58644,36.92,21540,36.73
3c790153-6f41-46a8-a0d2-1efcb055cdde,24/01/2017,Jan-17,1,2017,WEMMERSHOEK,Major Dam,58644,36.91,21524,36.7
4b0bf3eb-5531-405f-a107-c599f218a598,25/01/2017,Jan-17,1,2017,WEMMERSHOEK,Major Dam,58644,36.9,21507,36.67
6729c007-f20e-4806-9763-95b8df433816,26/01/2017,Jan-17,1,2017,WEMMERSHOEK,Major Dam,58644,36.9,21507,36.67
9679af07-5263-42a2-843d-5170e36e1b7a,27/01/2017,Jan-17,1,2017,WEMMERSHOEK,Major Dam,58644,36.88,21474,36.62
89fbf916-92bb-48f7-ab14-9022f5a9bd65,28/01/2017,Jan-17,1,2017,WEMMERSHOEK,Major Dam,58644,36.88,21474,36.62
3ead3b5f-0036-424d-aacd-f6e69f51e8f4,29/01/2017,Jan-17,1,2017,WEMMERSHOEK,Major Dam,58644,36.87,21458,36.59
76b79b91-8efc-44df-b667-2ba847710452,30/01/2017,Jan-17,1,2017,WEMMERSHOEK,Major Dam,58644,36.87,21458,36.59
f46838a3-b0b2-42f3-8b27-56a54bdcce1d,31/01/2017,Jan-17,1,2017,WEMMERSHOEK,Major Dam,58644,36.86,21442,36.56
2fba9c18-716c-404a-8709-c362f7229cba,01/02/2017,Feb-17,2,2017,WEMMERSHOEK,Major Dam,58644,36.84,21409,36.51
61e1873a-1c2a-48ee-bcb5-232f2e617a1a,02/02/2017,Feb-17,2,2017,WEMMERSHOEK,Major Dam,58644,36.85,21425,36.53
c020a288-25b8-4d0e-aad3-86f6e6c862d7,03/02/2017,Feb-17,2,2017,WEMMERSHOEK,Major Dam,58644,36.85,21425,36.53
97859f67-d7cc-4fb5-a4f9-fa26d6c7e31d,04/02/2017,Feb-17,2,2017,WEMMERSHOEK,Major Dam,58644,36.84,21409,36.51
7c5a00ba-6930-47e3-9bad-7a4777bcc1a3,05/02/2017,Feb-17,2,2017,WEMMERSHOEK,Major Dam,58644,36.83,21393,36.48
b13ba068-64da-455b-903f-d971d6acd0e9,06/02/2017,Feb-17,2,2017,WEMMERSHOEK,Major Dam,58644,36.8,21344,36.4
76a2cb4d-856a-4737-bc42-c1ded1d1997f,07/02/2017,Feb-17,2,2017,WEMMERSHOEK,Major Dam,58644,36.81,21360,36.42
261d4d60-4d24-4f97-9f18-f1144c73e653,08/02/2017,Feb-17,2,2017,WEMMERSHOEK,Major Dam,58644,36.8,21344,36.4
9a394b02-6cec-49e0-8575-61aac531ac73,09/02/2017,Feb-17,2,2017,WEMMERSHOEK,Major Dam,58644,36.8,21344,36.4
0a84b645-0fdd-4563-9e7e-6f4a94699d88,10/02/2017,Feb-17,2,2017,WEMMERSHOEK,Major Dam,58644,36.83,21393,36.48
9730d68a-29b3-4d19-93fb-10bd4a8106cf,11/02/2017,Feb-17,2,2017,WEMMERSHOEK,Major Dam,58644,36.82,21377,36.45
8a1a2e10-77cb-4af4-88c6-75daf8832ee0,12/02/2017,Feb-17,2,2017,WEMMERSHOEK,Major Dam,58644,36.82,21377,36.45
4333dad9-94e1-4b70-9564-769a44546729,13/02/2017,Feb-17,2,2017,WEMMERSHOEK,Major Dam,58644,36.78,21312,36.34
70be31e6-2933-42e5-bbc4-f749c67d5834,14/02/2017,Feb-17,2,2017,WEMMERSHOEK,Major Dam,58644,36.78,21312,36.34
fda4cca2-7b88-4054-a5df-5cd5123a1968,15/02/2017,Feb-17,2,2017,WEMMERSHOEK,Major Dam,58644,36.81,21360,36.42
fb5d79fd-f112-4e04-bb38-6612f319341b,16/02/2017,Feb-17,2,2017,WEMMERSHOEK,Major Dam,58644,36.82,21377,36.45
233a965a-0b4b-43c1-ac9a-4e8e3aaf7a1d,17/02/2017,Feb-17,2,2017,WEMMERSHOEK,Major Dam,58644,36.82,21377,36.45
9b17c784-1673-452f-a77d-547e189dbb99,18/02/2017,Feb-17,2,2017,WEMMERSHOEK,Major Dam,58644,36.81,21360,36.42
c32ac703-2915-479d-b974-76def832f3a9,19/02/2017,Feb-17,2,2017,WEMMERSHOEK,Major Dam,58644,36.78,21312,36.34
4984ba51-02b9-4518-9afd-6a26349a7713,20/02/2017,Feb-17,2,2017,WEMMERSHOEK,Major Dam,58644,36.78,21312,36.34
7eff1221-bbe1-41f4-9332-bb9e62b7703a,21/02/2017,Feb-17,2,2017,WEMMERSHOEK,Major Dam,58644,36.8,21344,36.4
d3f5ec35-c2f7-4086-abec-2fc468025f0d,22/02/2017,Feb-17,2,2017,WEMMERSHOEK,Major Dam,58644,36.78,21312,36.34
00484763-b19d-4918-89ee-8ba892a93c11,23/02/2017,Feb-17,2,2017,WEMMERSHOEK,Major Dam,58644,36.77,21296,36.31
870c53e2-b5da-4432-b058-098041f06410,24/02/2017,Feb-17,2,2017,WEMMERSHOEK,Major Dam,58644,36.75,21263,36.26
79e2aa15-03a1-4a9f-b8af-45e1e80db08e,25/02/2017,Feb-17,2,2017,WEMMERSHOEK,Major Dam,58644,36.73,21230,36.2
50395adc-3dd6-40a9-8c8c-09fcfcb867fe,26/02/2017,Feb-17,2,2017,WEMMERSHOEK,Major Dam,58644,36.72,21214,36.17
4ac250a2-3dc5-45e7-b492-fb2e9e965ddc,27/02/2017,Feb-17,2,2017,WEMMERSHOEK,Major Dam,58644,36.71,21198,36.15
9367599f-2c7c-4c78-b21b-4fb963606c1e,28/02/2017,Feb-17,2,2017,WEMMERSHOEK,Major Dam,58644,36.72,21214,36.17
a9c0eebd-f646-4a05-b63a-31091686d906,01/03/2017,Mar-17,3,2017,WEMMERSHOEK,Major Dam,58644,36.7,21181,36.12
790a2826-aad6-47a7-9c02-9c2b1fcb1f50,02/03/2017,Mar-17,3,2017,WEMMERSHOEK,Major Dam,58644,36.69,21165,36.09
fce3b511-35ce-4e8c-bed5-c8562d0cbd8c,03/03/2017,Mar-17,3,2017,WEMMERSHOEK,Major Dam,58644,36.74,21247,36.23
7e1137d5-d054-4fca-802f-0b2ae868f335,04/03/2017,Mar-17,3,2017,WEMMERSHOEK,Major Dam,58644,36.71,21198,36.15
cbb3d850-ea1c-4cd9-8243-b76a89541fd6,05/03/2017,Mar-17,3,2017,WEMMERSHOEK,Major Dam,58644,36.71,21198,36.15
0c98521f-eae4-4bf3-b8b4-b3c9819628e8,06/03/2017,Mar-17,3,2017,WEMMERSHOEK,Major Dam,58644,36.71,21198,36.15
ddab98aa-dde8-44f7-8c17-359bb9b82721,07/03/2017,Mar-17,3,2017,WEMMERSHOEK,Major Dam,58644,36.68,21149,36.06
7cadfe5f-93f9-44ae-bc70-7a6e17460617,08/03/2017,Mar-17,3,2017,WEMMERSHOEK,Major Dam,58644,36.69,21165,36.09
e7f4989b-ed28-49a8-92d2-f03d8d0f214c,09/03/2017,Mar-17,3,2017,WEMMERSHOEK,Major Dam,58644,36.7,21181,36.12
7c099a49-4ab6-4554-bea5-c6ddaf636dab,10/03/2017,Mar-17,3,2017,WEMMERSHOEK,Major Dam,58644,36.68,21149,36.06
9a356db6-dbfc-4a9d-882e-03490f98d881,11/03/2017,Mar-17,3,2017,WEMMERSHOEK,Major Dam,58644,36.62,21051,35.9
afbbe2e0-4c27-4776-a201-bbaad0b646e3,12/03/2017,Mar-17,3,2017,WEMMERSHOEK,Major Dam,58644,36.64,21084,35.95
2b931e94-ee3c-454a-aa44-0d70565a0505,13/03/2017,Mar-17,3,2017,WEMMERSHOEK,Major Dam,58644,36.69,21165,36.09
8ab00bb3-5424-4ff2-b615-0aef15a1600b,14/03/2017,Mar-17,3,2017,WEMMERSHOEK,Major Dam,58644,36.67,21133,36.04
1d7e5e49-394d-4cba-a2c2-90c29108a101,15/03/2017,Mar-17,3,2017,WEMMERSHOEK,Major Dam,58644,36.65,21100,35.98
180a9430-fae8-417e-b788-faee9cfa3e54,16/03/2017,Mar-17,3,2017,WEMMERSHOEK,Major Dam,58644,36.65,21100,35.98
88d6c4b0-01f7-41d9-8b6a-ea7a17b6b9ab,17/03/2017,Mar-17,3,2017,WEMMERSHOEK,Major Dam,58644,36.62,21051,35.9
2827dffd-2710-433c-b62d-e944e8e4aff7,18/03/2017,Mar-17,3,2017,WEMMERSHOEK,Major Dam,58644,36.62,21051,35.9
0a34ab7e-2e4d-422e-9219-5d8596d1b9a7,19/03/2017,Mar-17,3,2017,WEMMERSHOEK,Major Dam,58644,36.61,21035,35.87
9375f7f9-3754-47a6-891e-07fedb724631,20/03/2017,Mar-17,3,2017,WEMMERSHOEK,Major Dam,58644,36.61,21035,35.87
8ee4f427-e9f0-4250-8168-4bf33c84026b,21/03/2017,Mar-17,3,2017,WEMMERSHOEK,Major Dam,58644,36.62,21051,35.9
327fa901-3b6f-4f07-9f6b-febe3ee7bc53,22/03/2017,Mar-17,3,2017,WEMMERSHOEK,Major Dam,58644,36.62,21051,35.9
60dc0740-3f2e-45a0-8cb7-9224e5e81565,23/03/2017,Mar-17,3,2017,WEMMERSHOEK,Major Dam,58644,36.64,21084,35.95
e1233b29-e163-43b5-b39d-7f48b974da42,24/03/2017,Mar-17,3,2017,WEMMERSHOEK,Major Dam,58644,36.64,21084,35.95
fb41b2b5-b535-42b2-8c59-edacf1ce96c3,25/03/2017,Mar-17,3,2017,WEMMERSHOEK,Major Dam,58644,36.62,21051,35.9
a1b6cd3d-94f8-48f5-b448-27b65eaffe63,26/03/2017,Mar-17,3,2017,WEMMERSHOEK,Major Dam,58644,36.62,21051,35.9
a4e0fa78-d3d8-487f-bdc5-1e55e7b6193a,27/03/2017,Mar-17,3,2017,WEMMERSHOEK,Major Dam,58644,36.61,21035,35.87
35e56ed4-afb6-4836-9c3e-ead89c2d04f0,28/03/2017,Mar-17,3,2017,WEMMERSHOEK,Major Dam,58644,36.63,21068,35.93
ceffdd94-2333-4728-8c8f-0f59c8020bce,29/03/2017,Mar-17,3,2017,WEMMERSHOEK,Major Dam,58644,36.61,21035,35.87
38007b3b-ffd6-47d4-a56a-f469dd92e627,30/03/2017,Mar-17,3,2017,WEMMERSHOEK,Major Dam,58644,36.63,21068,35.93
75b09e5a-f437-4238-a3a2-0f7655df760f,31/03/2017,Mar-17,3,2017,WEMMERSHOEK,Major Dam,58644,36.61,21035,35.87
5aab3c2d-d49e-47d9-817d-d4d82c097336,01/04/2017,Apr-17,4,2017,WEMMERSHOEK,Major Dam,58644,36.64,21084,35.95
244b5427-d2dc-43a1-b652-3aabf3359c22,02/04/2017,Apr-17,4,2017,WEMMERSHOEK,Major Dam,58644,36.62,21051,35.9
70adc10f-3ecd-434d-bf32-bac7552fe620,03/04/2017,Apr-17,4,2017,WEMMERSHOEK,Major Dam,58644,36.64,21084,35.95
4a2a58ae-b644-40b0-968a-0d69ef3dc948,04/04/2017,Apr-17,4,2017,WEMMERSHOEK,Major Dam,58644,36.64,21084,35.95
295d7e24-f9f4-40a0-85ad-51d9f12eb869,05/04/2017,Apr-17,4,2017,WEMMERSHOEK,Major Dam,58644,36.64,21084,35.95
dfce2e6d-8b69-495c-bf05-7f11297a3b6f,06/04/2017,Apr-17,4,2017,WEMMERSHOEK,Major Dam,58644,36.63,21068,35.93
da4cebba-b67c-464e-a16c-a738c8a22dff,07/04/2017,Apr-17,4,2017,WEMMERSHOEK,Major Dam,58644,36.62,21051,35.9
300b9057-5ad2-4dab-a61c-df570df54e13,08/04/2017,Apr-17,4,2017,WEMMERSHOEK,Major Dam,58644,36.6,21019,35.84
ddf4a158-bf4a-4c6d-8556-5c10d0ef0b75,09/04/2017,Apr-17,4,2017,WEMMERSHOEK,Major Dam,58644,36.6,21019,35.84
5bf8f6d1-6b19-446d-adbb-e9ba5163c859,10/04/2017,Apr-17,4,2017,WEMMERSHOEK,Major Dam,58644,36.64,21084,35.95
ac02c882-d036-415a-9aca-d75ea7629cc3,11/04/2017,Apr-17,4,2017,WEMMERSHOEK,Major Dam,58644,36.63,21068,35.93
310bee35-77ec-4546-b070-d7c0356ba6dc,12/04/2017,Apr-17,4,2017,WEMMERSHOEK,Major Dam,58644,36.63,21068,35.93
5bc1e0dd-e98f-4eb3-94a0-1ce674ad0581,13/04/2017,Apr-17,4,2017,WEMMERSHOEK,Major Dam,58644,36.64,21084,35.95
e847633d-d632-40ad-87ea-21742bc82a85,14/04/2017,Apr-17,4,2017,WEMMERSHOEK,Major Dam,58644,36.64,21084,35.95
db6fa81d-0d8b-4e0a-b791-be341a26e225,15/04/2017,Apr-17,4,2017,WEMMERSHOEK,Major Dam,58644,36.63,21068,35.93
10fce40c-7116-4b13-aedb-854d27a95d14,16/04/2017,Apr-17,4,2017,WEMMERSHOEK,Major Dam,58644,36.63,21068,35.93
807cfb1d-d695-4e8c-a615-ac2087195ccf,17/04/2017,Apr-17,4,2017,WEMMERSHOEK,Major Dam,58644,36.62,21051,35.9
c5469ec8-e9ae-4cc2-b4fd-064d1e794afd,18/04/2017,Apr-17,4,2017,WEMMERSHOEK,Major Dam,58644,36.61,21035,35.87
31c7574b-5acd-4b29-99a1-4101f4cefb52,19/04/2017,Apr-17,4,2017,WEMMERSHOEK,Major Dam,58644,36.62,21051,35.9
29390982-3104-43ad-8e4d-1111a21b59e6,20/04/2017,Apr-17,4,2017,WEMMERSHOEK,Major Dam,58644,36.61,21035,35.87
240844c3-5fa1-4fde-9aa5-88ea4cb55b24,21/04/2017,Apr-17,4,2017,WEMMERSHOEK,Major Dam,58644,36.6,21019,35.84
ca734d6b-3f96-4897-ab1e-df3d300a4038,22/04/2017,Apr-17,4,2017,WEMMERSHOEK,Major Dam,58644,36.61,21035,35.87
f15dc8a1-4274-4d9f-a62a-e184ff32f151,23/04/2017,Apr-17,4,2017,WEMMERSHOEK,Major Dam,58644,36.62,21051,35.9
07133d26-c7bc-4516-8eb3-a6dd37df0ca2,24/04/2017,Apr-17,4,2017,WEMMERSHOEK,Major Dam,58644,36.62,21051,35.9
205bebb0-f67f-450b-82d7-f34c72a66ad7,25/04/2017,Apr-17,4,2017,WEMMERSHOEK,Major Dam,58644,36.6,21019,35.84
fe1a6686-cd9e-4846-86de-59febf8c893c,26/04/2017,Apr-17,4,2017,WEMMERSHOEK,Major Dam,58644,36.62,21051,35.9
d4f5effb-281c-48b8-b539-4bb15b9e9d5b,27/04/2017,Apr-17,4,2017,WEMMERSHOEK,Major Dam,58644,36.66,21117,36.01
da741fc2-e51a-4f4d-be51-084ba8cc41df,28/04/2017,Apr-17,4,2017,WEMMERSHOEK,Major Dam,58644,36.66,21117,36.01
09749b21-7b96-4137-a036-802916f0564f,29/04/2017,Apr-17,4,2017,WEMMERSHOEK,Major Dam,58644,36.64,21084,35.95
f0719f31-b341-4649-93ef-ece2635335cb,30/04/2017,Apr-17,4,2017,WEMMERSHOEK,Major Dam,58644,36.65,21100,35.98
25f180cf-c053-4017-8e6c-450f8f21b671,01/05/2017,May-17,5,2017,WEMMERSHOEK,Major Dam,58644,36.66,21117,36.01
1e31019a-dda9-44a7-b76f-2067613c995c,02/05/2017,May-17,5,2017,WEMMERSHOEK,Major Dam,58644,36.65,21100,35.98
f7b42cc3-b090-4c3a-94f5-22b3625c9f13,03/05/2017,May-17,5,2017,WEMMERSHOEK,Major Dam,58644,36.65,21100,35.98
77c6d8c2-0b4c-4606-a0ca-ef6bd73e02fa,04/05/2017,May-17,5,2017,WEMMERSHOEK,Major Dam,58644,36.65,21100,35.98
a1e8323a-09d9-4578-999c-097e8d7611d7,05/05/2017,May-17,5,2017,WEMMERSHOEK,Major Dam,58644,36.65,21100,35.98
bda582cc-8d70-4dde-a168-f3566f2ae688,06/05/2017,May-17,5,2017,WEMMERSHOEK,Major Dam,58644,36.68,21149,36.06
b69d97de-b608-4eaa-a2c8-ebb937598b71,07/05/2017,May-17,5,2017,WEMMERSHOEK,Major Dam,58644,36.68,21149,36.06
37749f1d-5a49-451f-9159-9b2190d85e99,08/08/2017,Aug-17,8,2017,WEMMERSHOEK,Major Dam,58644,36.67,21133,36.04
fbf8d25a-4891-41ab-889f-8efe3f54f6c3,09/05/2017,May-17,5,2017,WEMMERSHOEK,Major Dam,58644,36.68,21149,36.06
b70403e5-aaa8-4a8b-bfe6-23c7fb8e329b,10/05/2017,May-17,5,2017,WEMMERSHOEK,Major Dam,58644,36.69,21165,36.09
2a450921-a8f3-4bf6-89f0-9b4e23f04bf9,11/05/2017,May-17,5,2017,WEMMERSHOEK,Major Dam,58644,36.7,21181,36.12
2884155c-2672-4c6e-9d11-bb6c28027088,12/05/2017,May-17,5,2017,WEMMERSHOEK,Major Dam,58644,36.69,21165,36.09
aa93b0ad-7991-4b11-b027-36350fc8e477,13/05/2017,May-17,5,2017,WEMMERSHOEK,Major Dam,58644,36.68,21149,36.06
a5ef76aa-8cd2-423d-8083-d9a0a3bbed7d,14/05/2017,May-17,5,2017,WEMMERSHOEK,Major Dam,58644,36.66,21117,36.01
c0aabfc6-baa3-4b19-aee5-3299c408b97d,15/05/2017,May-17,5,2017,WEMMERSHOEK,Major Dam,58644,36.65,21100,35.98
f8821140-c45a-4667-b9eb-88cd92af6411,16/05/2017,May-17,5,2017,WEMMERSHOEK,Major Dam,58644,36.66,21117,36.01
ac3ad39e-d1b1-4c39-b1e9-79206302258d,17/05/2017,May-17,5,2017,WEMMERSHOEK,Major Dam,58644,36.67,21133,36.04
0ac63c63-a6d6-4bb1-9016-3a5f3f78eae3,18/05/2017,May-17,5,2017,WEMMERSHOEK,Major Dam,58644,36.68,21149,36.06
f7033d90-c674-4121-bcb0-3efd2b692c69,19/05/2017,May-17,5,2017,WEMMERSHOEK,Major Dam,58644,36.68,21149,36.06
1e6b0998-16ed-4220-a006-0b1ebbe5829d,20/05/2017,May-17,5,2017,WEMMERSHOEK,Major Dam,58644,36.68,21149,36.06
509ee2e7-bcb0-4f16-a480-54461c78f135,21/05/2017,May-17,5,2017,WEMMERSHOEK,Major Dam,58644,36.68,21149,36.06
615ba829-206d-4848-a015-82638bfecbfa,22/05/2017,May-17,5,2017,WEMMERSHOEK,Major Dam,58644,36.68,21149,36.06
9e1b0e60-1ade-4af2-9b46-b1304e8d9f86,23/05/2017,May-17,5,2017,WEMMERSHOEK,Major Dam,58644,36.68,21149,36.06
e2b22853-1ef2-4e5f-9794-5b562f9ca53e,24/05/2017,May-17,5,2017,WEMMERSHOEK,Major Dam,58644,36.68,21149,36.06
478ccab7-99e7-4885-984f-48fc942ed44f,25/05/2017,May-17,5,2017,WEMMERSHOEK,Major Dam,58644,36.7,21181,36.12
befe7dd8-7232-41c3-9fef-7ace0dad41ef,26/05/2017,May-17,5,2017,WEMMERSHOEK,Major Dam,58644,36.71,21198,36.15
13dbbdbb-2e09-4f26-820f-9d76b87fffe5,27/05/2017,May-17,5,2017,WEMMERSHOEK,Major Dam,58644,36.71,21198,36.15
af7c9333-5ebb-4906-bdeb-efb51de5b6fa,28/05/2017,May-17,5,2017,WEMMERSHOEK,Major Dam,58644,36.71,21198,36.15
163ea326-b972-4e95-bcbc-40c6c6c14349,29/05/2017,May-17,5,2017,WEMMERSHOEK,Major Dam,58644,36.71,21198,36.15
e9085c16-44e3-434d-a877-e92b14073201,30/05/2017,May-17,5,2017,WEMMERSHOEK,Major Dam,58644,36.71,21198,36.15
f312a914-3864-48eb-bc23-11ac29a276d0,31/05/2017,May-17,5,2017,WEMMERSHOEK,Major Dam,58644,36.6,21019,35.84
787fa205-cb0b-4d26-b2b2-feb865af744e,01/06/2017,Jun-17,6,2017,WEMMERSHOEK,Major Dam,58644,36.49,20841,35.54
fa65c611-c1d8-4b7a-9066-affaca67c10b,02/06/2017,Jun-17,6,2017,WEMMERSHOEK,Major Dam,58644,36.39,20680,35.26
1f0abd18-63c6-4f9a-bc9c-c2ed213bccfc,03/06/2017,Jun-17,6,2017,WEMMERSHOEK,Major Dam,58644,36.3,20535,35.02
ce39c7c1-a494-470e-998c-049c81c031fc,04/06/2017,Jun-17,6,2017,WEMMERSHOEK,Major Dam,58644,36.26,20471,34.91
c5bc99a5-26a5-4ac4-a33d-19b24dcea39d,05/06/2017,Jun-17,6,2017,WEMMERSHOEK,Major Dam,58644,36.23,20424,34.83
fad9af62-2241-4ec7-a38b-95cb1acdc9da,06/06/2017,Jun-17,6,2017,WEMMERSHOEK,Major Dam,58644,36.13,20266,34.56
40591617-f7e1-45e2-9587-d30b430a1cdd,07/06/2017,Jun-17,6,2017,WEMMERSHOEK,Major Dam,58644,36.15,20297,34.61
2d83b95f-5a27-4ff3-aabd-9a87994cce8e,08/06/2017,Jun-17,6,2017,WEMMERSHOEK,Major Dam,58644,36.47,20809,35.48
5644c90c-df1d-412a-969c-b4ddefe82e44,09/06/2017,Jun-17,6,2017,WEMMERSHOEK,Major Dam,58644,36.5,20857,35.57
8564e7d2-c2bc-4d14-8be8-8885d8b3643b,10/06/2017,Jun-17,6,2017,WEMMERSHOEK,Major Dam,58644,36.41,20712,35.32
c2fed6bc-bc4f-487a-93a4-143dd699d86e,11/06/2017,Jun-17,6,2017,WEMMERSHOEK,Major Dam,58644,36.79,21328,36.37
89e524dd-0232-4bba-be72-5b4c494ac2de,12/06/2017,Jun-17,6,2017,WEMMERSHOEK,Major Dam,58644,36.86,21442,36.56
70f8cda9-be3d-41bd-b965-5e7a446c77f2,13/06/2017,Jun-17,6,2017,WEMMERSHOEK,Major Dam,58644,36.89,21491,36.65
7721817a-e28d-4599-bd41-677ee941e269,14/06/2017,Jun-17,6,2017,WEMMERSHOEK,Major Dam,58644,37.03,21722,37.04
dd4bee22-9b94-49e6-9937-e06bc30a11c4,15/06/2017,Jun-17,6,2017,WEMMERSHOEK,Major Dam,58644,37.01,21689,36.98
8838c2f2-8d66-4e4a-a8e2-97ae67664ded,16/06/2017,Jun-17,6,2017,WEMMERSHOEK,Major Dam,58644,36.98,21640,36.9
f906b696-e0e2-4518-9134-7756f90da1a9,17/06/2017,Jun-17,6,2017,WEMMERSHOEK,Major Dam,58644,36.95,21590,36.82
13a30eec-089d-4834-8b75-4701db0a9fb6,18/06/2017,Jun-17,6,2017,WEMMERSHOEK,Major Dam,58644,36.89,21491,36.65
0bff0b3e-40a1-431a-9196-3801ed0adcae,19/06/2017,Jun-17,6,2017,WEMMERSHOEK,Major Dam,58644,36.86,21442,36.56
04559450-1778-4db0-b851-3910cf2874df,20/06/2017,Jun-17,6,2017,WEMMERSHOEK,Major Dam,58644,36.86,21442,36.56
a8d993ce-310b-46e0-b67c-ef8c6c511b57,21/06/2017,Jun-17,6,2017,WEMMERSHOEK,Major Dam,58644,36.86,21442,36.56
38447446-3d6f-4301-ac31-2b0ec3f495d5,22/06/2017,Jun-17,6,2017,WEMMERSHOEK,Major Dam,58644,36.91,21524,36.7
5185f413-1d31-435e-8ccb-d950527bbafb,23/06/2017,Jun-17,6,2017,WEMMERSHOEK,Major Dam,58644,37.2,22004,37.52
d7712313-decc-48af-b8ae-4a5cf621c63d,24/06/2017,Jun-17,6,2017,WEMMERSHOEK,Major Dam,58644,37.19,21988,37.49
e7587829-c519-49f8-839b-39b6fe89c654,25/06/2017,Jun-17,6,2017,WEMMERSHOEK,Major Dam,58644,37.19,21988,37.49
834c27fd-56f7-4cfd-8093-9c39e33b835a,26/06/2017,Jun-17,6,2017,WEMMERSHOEK,Major Dam,58644,37.13,21888,37.32
4befcdbc-474c-4cc3-8cce-c53eb7cba559,27/06/2017,Jun-17,6,2017,WEMMERSHOEK,Major Dam,58644,37.15,21921,37.38
cb36f340-0c52-4b43-941d-b7a34b5710ce,28/06/2017,Jun-17,6,2017,WEMMERSHOEK,Major Dam,58644,37.1,21838,37.24
72193b5d-054c-4970-8970-0495f0f06c49,29/06/2017,Jun-17,6,2017,WEMMERSHOEK,Major Dam,58644,37.08,21805,37.18
b2ea22b2-127d-455c-8e01-70d24e3616eb,30/06/2017,Jun-17,6,2017,WEMMERSHOEK,Major Dam,58644,37.02,21706,37.01
ba44a873-48ff-42ff-90d1-a4f7fab7dcbf,01/07/2017,Jul-17,7,2017,WEMMERSHOEK,Major Dam,58644,37.01,21689,36.98
95f1e4a2-8610-4b82-b9ae-3eed7e68ad2d,02/07/2017,Jul-17,7,2017,WEMMERSHOEK,Major Dam,58644,36.94,21574,36.79
300d42f4-c99c-4178-81a2-680cca2684f7,03/07/2017,Jul-17,7,2017,WEMMERSHOEK,Major Dam,58644,36.9,21507,36.67
fa935f5d-737e-417c-a6b9-1bd95d6e34d5,04/07/2017,Jul-17,7,2017,WEMMERSHOEK,Major Dam,58644,36.85,21425,36.53
276cd320-45b1-423f-baba-1e32ae0089df,05/07/2017,Jul-17,7,2017,WEMMERSHOEK,Major Dam,58644,36.82,21377,36.45
c4c35e29-0080-4949-82df-55883797c856,06/07/2017,Jul-17,7,2017,WEMMERSHOEK,Major Dam,58644,36.71,21198,36.15
e9426baa-4eb8-4a4e-a5c4-28b8f4eee1f1,07/07/2017,Jul-17,7,2017,WEMMERSHOEK,Major Dam,58644,36.63,21068,35.93
fe178e56-96e7-4a12-ad5e-b37a12748d00,08/07/2017,Jul-17,7,2017,WEMMERSHOEK,Major Dam,58644,36.52,20889,35.62
5fe74434-9a0b-432b-ae47-ba792d0ecaeb,09/07/2017,Jul-17,7,2017,WEMMERSHOEK,Major Dam,58644,36.5,20857,35.57
2208b0b8-d2e4-4705-8e51-18c1f9d26557,10/07/2017,Jul-17,7,2017,WEMMERSHOEK,Major Dam,58644,36.65,21100,35.98
68b89f59-c5e5-4319-98be-4d66b5c49d3d,11/07/2017,Jul-17,7,2017,WEMMERSHOEK,Major Dam,58644,36.66,21117,36.01
4e86a636-d8a1-4860-ab37-d865f7d30a8c,12/07/2017,Jul-17,7,2017,WEMMERSHOEK,Major Dam,58644,36.57,20969,35.76
08e93f8b-8443-42b0-b2c3-a2a78dd14bf9,13/07/2017,Jul-17,7,2017,WEMMERSHOEK,Major Dam,58644,36.58,20985,35.78
71897f4c-8d7f-481a-9eee-adcf93297a10,14/07/2017,Jul-17,7,2017,WEMMERSHOEK,Major Dam,58644,36.53,20905,35.65
0ce073e8-af5f-40e5-837a-f42326d79ae0,15/07/2017,Jul-17,7,2017,WEMMERSHOEK,Major Dam,58644,36.53,20905,35.65
2348cb7b-856f-40f7-8e48-9658ca8b85e5,16/07/2017,Jul-17,7,2017,WEMMERSHOEK,Major Dam,58644,36.69,21165,36.09
a480f821-2171-441d-9f8d-a8c44f26f185,17/07/2017,Jul-17,7,2017,WEMMERSHOEK,Major Dam,58644,36.79,21328,36.37
13846671-6f49-4e1b-aec3-e671daf0aa61,18/07/2017,Jul-17,7,2017,WEMMERSHOEK,Major Dam,58644,36.83,21393,36.48
7317e6b0-e7c6-4add-b5b0-5ee1f49fcf73,19/07/2017,Jul-17,7,2017,WEMMERSHOEK,Major Dam,58644,36.8,21344,36.4
a91cea2b-1a0d-499e-b56f-5ed15334796b,20/07/2017,Jul-17,7,2017,WEMMERSHOEK,Major Dam,58644,36.79,21328,36.37
bde1dc6b-664e-4a23-9549-a0222cdd97c0,21/07/2017,Jul-17,7,2017,WEMMERSHOEK,Major Dam,58644,36.81,21360,36.42
2bd22e34-a52a-4fdb-bacb-1c96870e496a,22/07/2017,Jul-17,7,2017,WEMMERSHOEK,Major Dam,58644,36.76,21279,36.29
b1a787b6-e7a0-4bca-be20-6379d05c3076,23/07/2017,Jul-17,7,2017,WEMMERSHOEK,Major Dam,58644,36.73,21230,36.2
a68b794e-4655-4716-9185-714a9d498ae2,24/07/2017,Jul-17,7,2017,WEMMERSHOEK,Major Dam,58644,36.71,21198,36.15
dcb05679-2ad5-42cd-910b-c1716befb65c,25/07/2017,Jul-17,7,2017,WEMMERSHOEK,Major Dam,58644,36.69,21165,36.09
b22f25c1-cad3-48bd-b2cc-6e32676a6d0e,26/07/2017,Jul-17,7,2017,WEMMERSHOEK,Major Dam,58644,36.78,21312,36.34
add5e915-4d5d-4016-b982-7d5b3897026f,27/07/2017,Jul-17,7,2017,WEMMERSHOEK,Major Dam,58644,36.8,21344,36.4
9d2a1c85-de94-4284-8c21-bc145aeaf5bd,28/07/2017,Jul-17,7,2017,WEMMERSHOEK,Major Dam,58644,36.84,21409,36.51
4c6013c4-c734-4b42-86d2-9dc27d264f9c,29/07/2017,Jul-17,7,2017,WEMMERSHOEK,Major Dam,58644,36.73,21230,36.2
f89fd60d-b3a2-46cb-9c6f-4e98c0255834,30/07/2017,Jul-17,7,2017,WEMMERSHOEK,Major Dam,58644,36.65,21100,35.98
b58481ac-1696-4a03-a730-d9bb8cf39fc1,31/07/2017,Jul-17,7,2017,WEMMERSHOEK,Major Dam,58644,36.69,21165,36.09
2e82372c-dfb1-43fb-8a2a-77bafe9c4743,01/08/2017,Aug-17,8,2017,WEMMERSHOEK,Major Dam,58644,36.62,21051,35.9
c320b608-69d9-4432-845c-98f1cd394859,02/08/2017,Aug-17,8,2017,WEMMERSHOEK,Major Dam,58644,36.92,21540,36.73
4179b873-7f1e-4081-9a49-f4a65a5d35d3,03/08/2017,Aug-17,8,2017,WEMMERSHOEK,Major Dam,58644,37.21,22021,37.55
062e2575-91df-4465-8cf5-44a486a5d82a,04/08/2017,Aug-17,8,2017,WEMMERSHOEK,Major Dam,58644,37.29,22154,37.78
92f6a387-3411-46cc-950e-61de8dd6d3c7,05/08/2017,Aug-17,8,2017,WEMMERSHOEK,Major Dam,58644,37.29,22154,37.78
d6f58864-810b-4d98-a842-0ca8c5f9202a,06/08/2017,Aug-17,8,2017,WEMMERSHOEK,Major Dam,58644,37.29,22154,37.78
9ac9ce4b-c750-48b7-aa78-96877f83b9bb,07/08/2017,Aug-17,8,2017,WEMMERSHOEK,Major Dam,58644,37.28,22138,37.75
1dd02f06-f17d-42bb-a894-fc0200cc0674,08/08/2017,Aug-17,8,2017,WEMMERSHOEK,Major Dam,58644,37.27,22121,37.72
dd56c734-7e67-4c44-9738-6a50f414719e,09/08/2017,Aug-17,8,2017,WEMMERSHOEK,Major Dam,58644,37.15,21921,37.38
09eb96b2-79c9-4b03-9ebb-2bf69f9c4825,10/08/2017,Aug-17,8,2017,WEMMERSHOEK,Major Dam,58644,37.18,21971,37.47
3906263d-ea31-4dc9-bccd-ee0fc6e35b4f,11/08/2017,Aug-17,8,2017,WEMMERSHOEK,Major Dam,58644,37.23,22054,37.61
0fd649ef-a97e-40be-b64e-44ad81954a08,12/08/2017,Aug-17,8,2017,WEMMERSHOEK,Major Dam,58644,37.83,23063,39.33
71853443-3bda-4a14-94ee-191ac2520555,13/08/2017,Aug-17,8,2017,WEMMERSHOEK,Major Dam,58644,37.89,23166,39.5
e5bbe72b-8b7b-4b0e-8954-2e9e1cf88e26,14/08/2017,Aug-17,8,2017,WEMMERSHOEK,Major Dam,58644,37.97,23303,39.74
c93c1dff-aff9-437d-babd-55556df3bd4d,15/08/2017,Aug-17,8,2017,WEMMERSHOEK,Major Dam,58644,38,23354,39.82
2215ec22-d56e-4927-b63e-218da6693867,16/08/2017,Aug-17,8,2017,WEMMERSHOEK,Major Dam,58644,38.05,23440,39.97
155f808c-fcdc-4b32-a168-9dfea6e70f8e,17/08/2017,Aug-17,8,2017,WEMMERSHOEK,Major Dam,58644,38.13,23578,40.21
dec1c486-6d09-48ea-a923-10eb28133137,18/08/2017,Aug-17,8,2017,WEMMERSHOEK,Major Dam,58644,38.15,23612,40.26
7105cea4-987e-483e-915b-f64170d7405f,19/08/2017,Aug-17,8,2017,WEMMERSHOEK,Major Dam,58644,38.1,23526,40.12
2854be24-9177-42bc-b054-d46da2dc22eb,20/08/2017,Aug-17,8,2017,WEMMERSHOEK,Major Dam,58644,38.1,23526,40.12
9da9451a-7468-44a5-bee0-a8c018b499ef,21/08/2017,Aug-17,8,2017,WEMMERSHOEK,Major Dam,58644,38.11,23543,40.15
0a50efa9-4d55-485c-acd8-fb35930ad65a,22/08/2017,Aug-17,8,2017,WEMMERSHOEK,Major Dam,58644,38.17,23647,40.32
97cae652-5449-4c05-af14-bf55bd9a7b7a,23/08/2017,Aug-17,8,2017,WEMMERSHOEK,Major Dam,58644,38.3,23872,40.71
4c1e5011-18a5-4207-88eb-a7f5e157a38f,24/08/2017,Aug-17,8,2017,WEMMERSHOEK,Major Dam,58644,38.37,23993,40.91
3ab1f95f-6b49-4745-a9fb-b9efd71b3cfd,25/08/2017,Aug-17,8,2017,WEMMERSHOEK,Major Dam,58644,38.49,24200,41.27
f48e153f-e71f-42f7-aaf8-15e87acc8932,26/08/2017,Aug-17,8,2017,WEMMERSHOEK,Major Dam,58644,38.47,24166,41.21
d0c6860f-f68f-4999-925d-4e092f44685e,27/08/2017,Aug-17,8,2017,WEMMERSHOEK,Major Dam,58644,38.46,24148,41.18
fb1a6be5-bc2a-46b3-a08c-0d299ef3948b,28/08/2017,Aug-17,8,2017,WEMMERSHOEK,Major Dam,58644,38.44,24114,41.12
1ec9d66d-65c7-440c-8e10-16822b1c6926,29/08/2017,Aug-17,8,2017,WEMMERSHOEK,Major Dam,58644,38.49,24200,41.27
d0002e3d-3bc6-472f-bd56-a75293724177,30/08/2017,Aug-17,8,2017,WEMMERSHOEK,Major Dam,58644,38.6,24394,41.6
29969a13-31d9-4ed0-a638-2a89b8ec1aa1,31/08/2017,Aug-17,8,2017,WEMMERSHOEK,Major Dam,58644,38.6,24394,41.6
bd6a6c98-e7f9-4aeb-bb46-ef53765d016f,01/09/2017,Sep-17,9,2017,WEMMERSHOEK,Major Dam,58644,38.59,24377,41.57
22b61c63-5e78-472e-9ec0-9e5eb8c3bc9d,02/09/2017,Sep-17,9,2017,WEMMERSHOEK,Major Dam,58644,38.57,24342,41.51
1c091444-7e1d-4bd9-8d95-95abb9e1bd61,03/09/2017,Sep-17,9,2017,WEMMERSHOEK,Major Dam,58644,38.57,24342,41.51
d66271f0-97cd-4f06-aa26-462ce61ff87f,04/09/2017,Sep-17,9,2017,WEMMERSHOEK,Major Dam,58644,38.6,24394,41.6
3c7fdbf4-4400-43e1-a60a-79001e3fcec1,05/09/2017,Sep-17,9,2017,WEMMERSHOEK,Major Dam,58644,38.56,24324,41.48
922c2df8-22eb-469c-b324-52cb1fa984bc,06/09/2017,Sep-17,9,2017,WEMMERSHOEK,Major Dam,58644,38.63,24446,41.69
8712eaff-e666-474c-9ff6-5eefb0b5e3dd,07/09/2017,Sep-17,9,2017,WEMMERSHOEK,Major Dam,58644,38.67,24516,41.8
919f3958-be74-43ae-8d51-d71084364b7b,08/09/2017,Sep-17,9,2017,WEMMERSHOEK,Major Dam,58644,38.85,24834,42.35
7ec5ee4d-97aa-4bf4-96b5-da515dd8780d,09/09/2017,Sep-17,9,2017,WEMMERSHOEK,Major Dam,58644,38.97,25047,42.71
30592216-c045-49c2-8810-702e58cdb228,10/09/2017,Sep-17,9,2017,WEMMERSHOEK,Major Dam,58644,39.08,25242,43.04
3446c568-604c-4f6d-a17b-359e64a29335,11/09/2017,Sep-17,9,2017,WEMMERSHOEK,Major Dam,58644,39.18,25422,43.35
ec2cf7ab-5d49-46ac-b0bf-2cc918f7aa29,12/09/2017,Sep-17,9,2017,WEMMERSHOEK,Major Dam,58644,39.24,25530,43.53
8351c726-2f33-4c4a-b2f9-7699a5579be9,13/09/2017,Sep-17,9,2017,WEMMERSHOEK,Major Dam,58644,39.27,25583,43.62
3d43f408-9137-486a-ba2c-56914adff89d,14/09/2017,Sep-17,9,2017,WEMMERSHOEK,Major Dam,58644,39.28,25601,43.65
70569978-8b81-4196-8140-27e49c61d7c2,15/09/2017,Sep-17,9,2017,WEMMERSHOEK,Major Dam,58644,39.35,25727,43.87
2189a7e8-13f0-45da-b545-6c40ec07c4ca,16/09/2017,Sep-17,9,2017,WEMMERSHOEK,Major Dam,58644,39.33,25691,43.81
4d16a097-989e-4d98-8fe9-d796ac34878e,17/09/2017,Sep-17,9,2017,WEMMERSHOEK,Major Dam,58644,39.35,25727,43.87
060b601f-ead9-455d-acce-0368016aa75d,18/09/2017,Sep-17,9,2017,WEMMERSHOEK,Major Dam,58644,39.4,25817,44.02
3268024a-b263-440e-8a09-427f17f407d1,19/09/2017,Sep-17,9,2017,WEMMERSHOEK,Major Dam,58644,39.42,25853,44.08
3752256c-e9b7-4781-8bcd-205293c7a4bf,20/09/2017,Sep-17,9,2017,WEMMERSHOEK,Major Dam,58644,39.43,25871,44.12
1775e8c7-c160-4d54-9209-cb9fdb22f07e,21/09/2017,Sep-17,9,2017,WEMMERSHOEK,Major Dam,58644,39.47,25943,44.24
901c7999-a285-4432-8641-d621044a416c,22/09/2017,Sep-17,9,2017,WEMMERSHOEK,Major Dam,58644,39.51,26016,44.36
19b3864c-34c5-4579-82b3-754e4174284f,23/09/2017,Sep-17,9,2017,WEMMERSHOEK,Major Dam,58644,39.52,26034,44.39
bfb7751e-7b3f-4c0d-b39d-a864fa00b63f,24/09/2017,Sep-17,9,2017,WEMMERSHOEK,Major Dam,58644,39.52,26034,44.39
f71c589d-a9a4-40fe-930c-e94fa9814e35,25/09/2017,Sep-17,9,2017,WEMMERSHOEK,Major Dam,58644,39.53,26052,44.42
b4af0a57-5537-4a12-bfde-e1078420b173,26/09/2017,Sep-17,9,2017,WEMMERSHOEK,Major Dam,58644,39.59,26160,44.61
1d4c7e57-d7fa-4463-87f0-a894ee21524c,27/09/2017,Sep-17,9,2017,WEMMERSHOEK,Major Dam,58644,39.6,26178,44.64
4d2986e4-d206-4038-a9f9-e53d03167ea8,28/09/2017,Sep-17,9,2017,WEMMERSHOEK,Major Dam,58644,39.61,26196,44.67
e150d78c-7a83-4adc-b893-a6db3b7c9088,29/09/2017,Sep-17,9,2017,WEMMERSHOEK,Major Dam,58644,39.58,26142,44.58
6ebcdf37-a980-4115-b995-6c7b7920abe3,30/09/2017,Sep-17,9,2017,WEMMERSHOEK,Major Dam,58644,39.65,26269,44.79
a33e3790-2574-43c2-a070-f38e263264ce,01/10/2017,Oct-17,10,2017,WEMMERSHOEK,Major Dam,58644,39.64,26251,44.76
054399be-97e0-4fee-bbb8-6eb4ec8086b8,02/10/2017,Oct-17,10,2017,WEMMERSHOEK,Major Dam,58644,39.62,26214,44.7
40570813-ab95-4a65-bbf5-b1f5d1351dec,03/10/2017,Oct-17,10,2017,WEMMERSHOEK,Major Dam,58644,39.64,26251,44.76
caf83cce-5307-4345-8cee-e0129abd3227,04/10/2017,Oct-17,10,2017,WEMMERSHOEK,Major Dam,58644,39.75,26451,45.1
5f5135b3-9261-4855-80cd-1d29810a5977,05/10/2017,Oct-17,10,2017,WEMMERSHOEK,Major Dam,58644,39.78,26505,45.2
8c89dd29-e8fd-4fa5-ba81-43c63af94ebc,06/10/2017,Oct-17,10,2017,WEMMERSHOEK,Major Dam,58644,39.84,26614,45.38
ddb8bdb2-eb3f-45df-af48-8dad3ff0baba,07/10/2017,Oct-17,10,2017,WEMMERSHOEK,Major Dam,58644,39.87,26669,45.48
18598a92-32b7-4f6e-b2e3-61c843639d18,08/10/2017,Oct-17,10,2017,WEMMERSHOEK,Major Dam,58644,39.9,26724,45.57
5405f5e2-711f-4482-b8dc-0e4c56f6b097,09/10/2017,Oct-17,10,2017,WEMMERSHOEK,Major Dam,58644,39.93,26779,45.66
3cf96a91-c425-4523-ac40-7ec1e016a3d8,10/10/2017,Oct-17,10,2017,WEMMERSHOEK,Major Dam,58644,39.93,26779,45.66
e3b059f5-2ef9-4d33-be74-41e85d7fe771,11/10/2017,Oct-17,10,2017,WEMMERSHOEK,Major Dam,58644,39.96,26835,45.76
47d4b215-fbbc-4c96-aa56-3b6308e49982,12/10/2017,Oct-17,10,2017,WEMMERSHOEK,Major Dam,58644,40.01,26926,45.91
a69e2520-e210-49fb-bf28-a96caa6c8e5e,13/10/2017,Oct-17,10,2017,WEMMERSHOEK,Major Dam,58644,40.02,26945,45.95
11e5c3a3-9dff-4b2f-afeb-01af445286a7,14/10/2017,Oct-17,10,2017,WEMMERSHOEK,Major Dam,58644,40.02,26945,45.95
d34bf8d8-f44f-49bb-a1d2-9157928aaf97,15/10/2017,Oct-17,10,2017,WEMMERSHOEK,Major Dam,58644,40.05,27000,46.04
11cb9a24-08ba-4373-955d-e5b7c56d6df0,16/10/2017,Oct-17,10,2017,WEMMERSHOEK,Major Dam,58644,40.13,27148,46.29
2720043b-3f42-4c8c-8f87-052ddc651803,17/10/2017,Oct-17,10,2017,WEMMERSHOEK,Major Dam,58644,40.25,27370,46.67
687fcf4d-88e1-479c-a357-6b896daa8e3c,18/10/2017,Oct-17,10,2017,WEMMERSHOEK,Major Dam,58644,40.3,27463,46.83
a7dd0ec6-82fb-42d7-9a18-e32024836cd6,19/10/2017,Oct-17,10,2017,WEMMERSHOEK,Major Dam,58644,40.37,27594,47.05
c6064021-fc03-48da-b76d-61cb5e9c2c1d,20/10/2017,Oct-17,10,2017,WEMMERSHOEK,Major Dam,58644,40.45,27743,47.31
ede9214a-0f39-4f9d-af20-336ce6d056d1,21/10/2017,Oct-17,10,2017,WEMMERSHOEK,Major Dam,58644,40.46,27762,47.34
2bec4add-3b2f-4d7f-9132-d6b52068ec9d,22/10/2017,Oct-17,10,2017,WEMMERSHOEK,Major Dam,58644,40.52,27874,47.53
cf16ef76-2a9a-4aff-950b-ebf2c2e408d9,23/10/2017,Oct-17,10,2017,WEMMERSHOEK,Major Dam,58644,40.55,27929,47.62
c2e685e3-a0dd-4460-b9de-739140bc4376,24/10/2017,Oct-17,10,2017,WEMMERSHOEK,Major Dam,58644,40.56,27948,47.66
602271b1-e8b4-4efc-be1c-f398538df439,25/10/2017,Oct-17,10,2017,WEMMERSHOEK,Major Dam,58644,40.61,28043,47.82
d809aa65-26fa-45af-a448-317ca0b21583,26/10/2017,Oct-17,10,2017,WEMMERSHOEK,Major Dam,58644,40.69,28192,48.07
b1ae0c24-6294-4d6f-a25f-d284200752ac,27/10/2017,Oct-17,10,2017,WEMMERSHOEK,Major Dam,58644,40.69,28192,48.07
f54067fd-cd13-4a53-8068-c099c7ca3d39,28/10/2017,Oct-17,10,2017,WEMMERSHOEK,Major Dam,58644,40.72,28251,48.17
1fd536ae-088c-4eaf-a6c0-8279d15ec7c3,29/10/2017,Oct-17,10,2017,WEMMERSHOEK,Major Dam,58644,40.74,28288,48.24
c613476d-730c-423c-9d4d-ec721d72e34c,30/10/2017,Oct-17,10,2017,WEMMERSHOEK,Major Dam,58644,40.74,28288,48.24
c3827d52-b965-40cf-9468-2565c2090986,31/10/2017,Oct-17,10,2017,WEMMERSHOEK,Major Dam,58644,40.78,28363,48.36
1ed48def-a52c-48ad-9bc9-80ebefc8ff7d,01/11/2017,Nov-17,11,2017,WEMMERSHOEK,Major Dam,58644,40.77,28344,48.33
4883eea8-1925-43c3-b053-38740b3977e9,02/11/2017,Nov-17,11,2017,WEMMERSHOEK,Major Dam,58644,40.84,28478,48.56
e74d81b0-1f6e-4864-9f48-6d3f51a53b72,03/11/2017,Nov-17,11,2017,WEMMERSHOEK,Major Dam,58644,40.87,28534,48.66
733cc6d7-2ad5-4e16-9179-60b4107c75b4,04/11/2017,Nov-17,11,2017,WEMMERSHOEK,Major Dam,58644,40.89,28571,48.72
7f3bce4d-16fa-429f-a772-1ebaf20226fe,05/11/2017,Nov-17,11,2017,WEMMERSHOEK,Major Dam,58644,40.9,28591,48.75
066fff62-f841-42f1-8059-7a87dfbe090f,06/11/2017,Nov-17,11,2017,WEMMERSHOEK,Major Dam,58644,40.93,28651,48.86
b208f6ae-d60a-40a5-97b3-eb45d43e6d47,07/11/2017,Nov-17,11,2017,WEMMERSHOEK,Major Dam,58644,40.91,28611,48.79
fdb78b72-2b6f-413e-a2a4-06102e08730e,08/11/2017,Nov-17,11,2017,WEMMERSHOEK,Major Dam,58644,40.95,28691,48.92
fecfbcba-67ba-4e59-97af-937280996e1a,09/11/2017,Nov-17,11,2017,WEMMERSHOEK,Major Dam,58644,40.95,28691,48.92
41e06865-bc28-4fa7-891d-4b9a7915b97a,10/11/2017,Nov-17,11,2017,WEMMERSHOEK,Major Dam,58644,40.95,28691,48.92
4a02b441-a001-47f5-b7c3-9f75ab35733c,11/11/2017,Nov-17,11,2017,WEMMERSHOEK,Major Dam,58644,40.95,28691,48.92
05678d24-0dbd-4b78-81d0-e5add2f54b19,12/11/2017,Nov-17,11,2017,WEMMERSHOEK,Major Dam,58644,41,28787,49.09
e450a747-7979-4380-aa14-5332de2176b9,13/11/2017,Nov-17,11,2017,WEMMERSHOEK,Major Dam,58644,41.02,28825,49.15
6cf27d92-56d7-4ede-a9d1-b53ad15a5a9d,14/11/2017,Nov-17,11,2017,WEMMERSHOEK,Major Dam,58644,41.06,28902,49.28
705f80d9-cc86-470a-b994-911093733d62,15/11/2017,Nov-17,11,2017,WEMMERSHOEK,Major Dam,58644,41.07,28921,49.32
26d431f6-d8d3-4530-b33d-f2804c8ec060,16/11/2017,Nov-17,11,2017,WEMMERSHOEK,Major Dam,58644,41.07,28921,49.32
16cfb27e-c895-46b2-866c-d10db083e6f0,17/11/2017,Nov-17,11,2017,WEMMERSHOEK,Major Dam,58644,41.07,28921,49.32
6297cdbb-4ab8-4866-b424-07104a7a612c,18/11/2017,Nov-17,11,2017,WEMMERSHOEK,Major Dam,58644,41.07,28921,49.32
d9ba6446-1009-4222-a1dd-27458ab44c6f,19/11/2017,Nov-17,11,2017,WEMMERSHOEK,Major Dam,58644,41.08,28941,49.35
7327c06e-abe3-4d21-96b5-bcdcdcd56bbe,20/11/2017,Nov-17,11,2017,WEMMERSHOEK,Major Dam,58644,41.09,28960,49.38
0f4421c6-5c7e-4b83-b363-34246b9c18fc,21/11/2017,Nov-17,11,2017,WEMMERSHOEK,Major Dam,58644,41.19,29152,49.71
1e188a36-5ec6-4593-8568-68c2704fb6a1,22/11/2017,Nov-17,11,2017,WEMMERSHOEK,Major Dam,58644,41.36,29483,50.27
341b1d77-9dd2-40e7-af39-41c2e738ffd6,23/11/2017,Nov-17,11,2017,WEMMERSHOEK,Major Dam,58644,41.45,29657,50.57
b88231b0-2281-45ce-8a7b-ca8dd42a5d2b,24/11/2017,Nov-17,11,2017,WEMMERSHOEK,Major Dam,58644,41.5,29756,50.74
c5803a61-7bcd-4252-b571-d63e9ee7965b,25/11/2017,Nov-17,11,2017,WEMMERSHOEK,Major Dam,58644,41.52,29795,50.81
342eaedd-f47d-485d-98e9-e4afb416f2b8,26/11/2017,Nov-17,11,2017,WEMMERSHOEK,Major Dam,58644,41.55,29854,50.91
f82730a1-4069-4ef4-8569-8bd7104ab611,27/11/2017,Nov-17,11,2017,WEMMERSHOEK,Major Dam,58644,41.61,29972,51.11
d825a047-1a6f-40ea-9dd9-dcf9390ee779,28/11/2017,Nov-17,11,2017,WEMMERSHOEK,Major Dam,58644,41.58,29913,51.01
33a9bd8b-a016-4d8f-8f2c-5e54ed4663f2,29/11/2017,Nov-17,11,2017,WEMMERSHOEK,Major Dam,58644,41.62,29992,51.14
3bafc1a7-535a-42bd-ad87-437d9b814436,30/11/2017,Nov-17,11,2017,WEMMERSHOEK,Major Dam,58644,41.64,30031,51.21
fae10ed8-9125-44fd-ae0c-cacff6141d22,01/12/2017,Dec-17,12,2017,WEMMERSHOEK,Major Dam,58644,41.67,30090,51.31
dab18b43-3ba7-436a-b5ed-39953d3c9c4a,02/12/2017,Dec-17,12,2017,WEMMERSHOEK,Major Dam,58644,41.68,30110,51.34
281f8f44-0591-488e-84a6-f790146da459,03/12/2017,Dec-17,12,2017,WEMMERSHOEK,Major Dam,58644,41.7,30149,51.41
3cd103f9-b19e-4133-8d4e-249cfa628438,04/12/2017,Dec-17,12,2017,WEMMERSHOEK,Major Dam,58644,41.73,30208,51.51
8c0d553e-0b2f-44e1-be38-20054861fa80,05/12/2017,Dec-17,12,2017,WEMMERSHOEK,Major Dam,58644,41.74,30228,51.54
5f30135c-60ed-41e0-8dd0-4c45c4e74624,06/12/2017,Dec-17,12,2017,WEMMERSHOEK,Major Dam,58644,41.75,30248,51.58
a9a112de-7378-4859-848c-23cc70240fd0,07/12/2017,Dec-17,12,2017,WEMMERSHOEK,Major Dam,58644,41.73,30208,51.51
c1785257-99fd-4ce0-bb1c-47026c5f6e30,08/12/2017,Dec-17,12,2017,WEMMERSHOEK,Major Dam,58644,41.76,30268,51.61
30005658-e6df-4257-90b7-5c8a0e5f6ef3,09/12/2017,Dec-17,12,2017,WEMMERSHOEK,Major Dam,58644,41.75,30248,51.58
51bbee37-2967-4cea-bdac-d337a87d591a,10/12/2017,Dec-17,12,2017,WEMMERSHOEK,Major Dam,58644,41.75,30248,51.58
98ee2187-462c-4040-9c15-9b8b0a814e40,11/12/2017,Dec-17,12,2017,WEMMERSHOEK,Major Dam,58644,41.8,30347,51.75
7fdf3d7c-877b-44c1-9ec5-dc4dda944442,12/12/2017,Dec-17,12,2017,WEMMERSHOEK,Major Dam,58644,41.76,30268,51.61
c7a6f2a3-8a1f-4cce-84fc-662e3c987305,13/12/2017,Dec-17,12,2017,WEMMERSHOEK,Major Dam,58644,41.78,30307,51.68
a46f6220-75f6-419f-8418-f631cc4f62fc,14/12/2017,Dec-17,12,2017,WEMMERSHOEK,Major Dam,58644,41.8,30347,51.75
a7238b11-1f54-4218-81d8-deaa989f3910,15/12/2017,Dec-17,12,2017,WEMMERSHOEK,Major Dam,58644,41.81,30367,51.78
81b71394-5a2e-45dc-9cbe-c04905e14936,16/12/2017,Dec-17,12,2017,WEMMERSHOEK,Major Dam,58644,41.81,30367,51.78
4cd8a3f7-db9e-4e85-8cb2-b3074c21245f,17/12/2017,Dec-17,12,2017,WEMMERSHOEK,Major Dam,58644,41.81,30367,51.78
7ee61097-29c5-44c1-be23-a8fcbf7fc208,18/12/2017,Dec-17,12,2017,WEMMERSHOEK,Major Dam,58644,41.81,30367,51.78
d4705ca9-59b9-4d6e-bde3-67943e63f3ff,19/12/2017,Dec-17,12,2017,WEMMERSHOEK,Major Dam,58644,41.82,30386,51.81
3eeeec5a-a921-468c-acc3-b3adfba1a89e,20/12/2017,Dec-17,12,2017,WEMMERSHOEK,Major Dam,58644,41.81,30367,51.78
e0e6f1d6-1bc0-474b-83b3-8fae9215d6dc,21/12/2017,Dec-17,12,2017,WEMMERSHOEK,Major Dam,58644,41.84,30426,51.88
e90ec456-2a36-49a9-8e3d-a0d8d7846b83,22/12/2017,Dec-17,12,2017,WEMMERSHOEK,Major Dam,58644,41.88,30505,52.02
5d913d74-2bb1-4499-b2eb-9680c29bd685,23/12/2017,Dec-17,12,2017,WEMMERSHOEK,Major Dam,58644,41.88,30505,52.02
ee7f0230-6b7e-4226-808f-57f6e061d14d,24/12/2017,Dec-17,12,2017,WEMMERSHOEK,Major Dam,58644,41.87,30485,51.98
bf76e76b-1b78-4575-b8a7-82778edacb8e,25/12/2017,Dec-17,12,2017,WEMMERSHOEK,Major Dam,58644,41.88,30505,52.02
20889b86-100f-40f0-91ad-249910be281e,26/12/2017,Dec-17,12,2017,WEMMERSHOEK,Major Dam,58644,41.89,30525,52.05
f861cf66-ff2a-4ccc-8e56-09ac6f918540,27/12/2017,Dec-17,12,2017,WEMMERSHOEK,Major Dam,58644,41.88,30505,52.02
d2002c83-b56f-4f60-8a05-15f8fc779a91,28/12/2017,Dec-17,12,2017,WEMMERSHOEK,Major Dam,58644,41.86,30466,51.95
54668134-6e25-45bb-8d6b-e7ef6b546ebf,29/12/2017,Dec-17,12,2017,WEMMERSHOEK,Major Dam,58644,41.87,30485,51.98
6a338293-c908-4626-9736-dd758decab1f,30/12/2017,Dec-17,12,2017,WEMMERSHOEK,Major Dam,58644,41.89,30525,52.05
5b1f43ec-3334-4f19-9735-8f23d422e483,31/12/2017,Dec-17,12,2017,WEMMERSHOEK,Major Dam,58644,41.83,30406,51.85
45b19c98-3f5d-4f5e-94a7-a9cc17b12181,01/01/2012,Jan-12,1,2012,WOODHEAD,Minor Dam,955,35.3,742.8,77.78
f9d69c01-ed70-4c17-8deb-18f0a12c36f5,02/01/2012,Jan-12,1,2012,WOODHEAD,Minor Dam,955,35.3,742.8,77.78
96b41089-4b1d-4faf-98a1-2a258eb8366c,03/01/2012,Jan-12,1,2012,WOODHEAD,Minor Dam,955,35.33,745.4,78.05
2260dd15-e154-4360-afc0-4d70ebd62ae4,04/01/2012,Jan-12,1,2012,WOODHEAD,Minor Dam,955,35.38,749.6,78.49
9c0c7e28-c23b-4cf1-ac0c-cc8417a85248,05/01/2012,Jan-12,1,2012,WOODHEAD,Minor Dam,955,35.38,749.6,78.49
15ea341a-e952-4a7e-8fbf-61cfaa2a2038,06/01/2012,Jan-12,1,2012,WOODHEAD,Minor Dam,955,35.24,737.7,77.25
d1cf2433-56a6-41c7-8716-e88232ee717c,07/01/2012,Jan-12,1,2012,WOODHEAD,Minor Dam,955,35.12,727.7,76.2
19dc86f3-4c1b-4821-a370-d44cb7ea10d8,08/01/2012,Jan-12,1,2012,WOODHEAD,Minor Dam,955,34.99,717.2,75.1
0db79db1-ebf2-4a5c-abb7-ae717d58a04a,09/01/2012,Jan-12,1,2012,WOODHEAD,Minor Dam,955,34.82,703.5,73.66
1160eda9-df90-426e-a23b-2eda0d2abf09,10/01/2012,Jan-12,1,2012,WOODHEAD,Minor Dam,955,34.67,691.5,72.41
9cd98342-8f6c-4898-9403-9b3ec490b818,11/01/2012,Jan-12,1,2012,WOODHEAD,Minor Dam,955,34.49,677.7,70.96
57e172ed-a6bc-44e6-ad3c-1d1c829ef751,12/01/2012,Jan-12,1,2012,WOODHEAD,Minor Dam,955,34.35,666.7,69.81
d1235c36-bf5b-40b0-b224-8c71d79d2812,13/01/2012,Jan-12,1,2012,WOODHEAD,Minor Dam,955,34.18,653.8,68.46
0e4dc5f7-b0e6-4850-923e-217164debe96,14/01/2012,Jan-12,1,2012,WOODHEAD,Minor Dam,955,34.03,642.4,67.27
3db903e0-960d-4d34-a287-302df359ad1c,15/01/2012,Jan-12,1,2012,WOODHEAD,Minor Dam,955,33.89,631.7,66.15
f8bcd6ef-a973-4987-8b41-f5c0bec1d181,16/01/2012,Jan-12,1,2012,WOODHEAD,Minor Dam,955,33.74,620.2,64.94
b7fbae8e-da81-4b5b-8c31-dd1a4d51a551,17/01/2012,Jan-12,1,2012,WOODHEAD,Minor Dam,955,33.56,606.8,63.54
f190ee00-6c5d-469a-80dc-9400fec2c751,18/01/2012,Jan-12,1,2012,WOODHEAD,Minor Dam,955,33.53,604.6,63.31
c741d1e8-8d3a-4a46-ab31-14af952efc0d,19/01/2012,Jan-12,1,2012,WOODHEAD,Minor Dam,955,33.49,601.8,63.02
59ed40d4-fe56-482f-b7d4-9d012b34534e,20/01/2012,Jan-12,1,2012,WOODHEAD,Minor Dam,955,33.47,600.3,62.86
9c136e18-d788-4deb-8d8b-71632c6f51c9,21/01/2012,Jan-12,1,2012,WOODHEAD,Minor Dam,955,33.43,597.5,62.57
c2fcb9c5-cb00-494e-9f64-3c96af3a65da,22/01/2012,Jan-12,1,2012,WOODHEAD,Minor Dam,955,33.41,596,62.41
c4358666-4993-4cee-96ad-e96d35eff38d,23/01/2012,Jan-12,1,2012,WOODHEAD,Minor Dam,955,33.39,594.5,62.25
8ea64f4d-5726-40b7-9209-b258e4db9724,24/01/2012,Jan-12,1,2012,WOODHEAD,Minor Dam,955,33.38,593.8,62.18
36bdc4de-c324-4746-8b9f-d62a93df918e,25/01/2012,Jan-12,1,2012,WOODHEAD,Minor Dam,955,33.38,593.8,62.18
926ae568-af5b-46f7-9dbd-a5f231328d74,26/01/2012,Jan-12,1,2012,WOODHEAD,Minor Dam,955,33.36,592.3,62.02
be21d79f-4841-40ea-abd7-039bd067346b,27/01/2012,Jan-12,1,2012,WOODHEAD,Minor Dam,955,33.35,591.5,61.94
d7c2a04c-f194-496e-b429-0baf6ea17e55,28/01/2012,Jan-12,1,2012,WOODHEAD,Minor Dam,955,33.28,586.3,61.39
5c98ee16-2225-4131-917e-9130ee6ff3dc,29/01/2012,Jan-12,1,2012,WOODHEAD,Minor Dam,955,33.29,587,61.47
6393d3a0-def2-4662-af15-7d90fd6f3428,30/01/2012,Jan-12,1,2012,WOODHEAD,Minor Dam,955,33.21,581.2,60.86
54fa868b-1ad9-4f1a-b31a-49dbde1e16e1,31/01/2012,Jan-12,1,2012,WOODHEAD,Minor Dam,955,33.21,581.2,60.86
64dfffb4-fc6a-4061-b8eb-70a75e3924e4,01/02/2012,Feb-12,2,2012,WOODHEAD,Minor Dam,955,33.18,579.2,60.65
f1f5f9b2-aec4-491c-8913-57f470d69ec6,02/02/2012,Feb-12,2,2012,WOODHEAD,Minor Dam,955,33.14,576.5,60.37
4012ffd5-ddd5-4c45-9259-0021c24a2242,03/02/2012,Feb-12,2,2012,WOODHEAD,Minor Dam,955,33.09,573.1,60.01
6ee96ae9-58f5-410e-bbe5-1eca698f919d,04/02/2012,Feb-12,2,2012,WOODHEAD,Minor Dam,955,33.04,569.8,59.66
5a82b48f-b088-4f9d-a039-90b881a0332d,05/02/2012,Feb-12,2,2012,WOODHEAD,Minor Dam,955,33,567.1,59.38
117a77cf-4bc6-419e-aee3-f801eed8b413,06/02/2012,Feb-12,2,2012,WOODHEAD,Minor Dam,955,32.98,565.8,59.25
f2fbe1dc-af5b-42dd-b8e2-c48db1d292ab,07/02/2012,Feb-12,2,2012,WOODHEAD,Minor Dam,955,32.89,559.7,58.61
711afcf6-9a03-418f-807b-e91503eeebe2,08/02/2012,Feb-12,2,2012,WOODHEAD,Minor Dam,955,32.8,553.7,57.98
95391ba8-8e1e-4baf-827a-57e70691733d,09/02/2012,Feb-12,2,2012,WOODHEAD,Minor Dam,955,32.76,551,57.7
f1334e40-7186-450e-9577-d989027234ea,10/02/2012,Feb-12,2,2012,WOODHEAD,Minor Dam,955,33.03,569.1,59.59
5968bf39-bb79-4d87-a008-42fb90c33e48,11/02/2012,Feb-12,2,2012,WOODHEAD,Minor Dam,955,33.43,597.5,62.57
ba9fa9fe-7c46-4708-a85d-abdcadf06b93,12/02/2012,Feb-12,2,2012,WOODHEAD,Minor Dam,955,33.84,627.9,65.75
3f161408-f50c-465f-9632-eb76ff090006,13/02/2012,Feb-12,2,2012,WOODHEAD,Minor Dam,955,34.28,661.4,69.26
0eb1626f-b568-46b7-9581-49eee19294d9,14/02/2012,Feb-12,2,2012,WOODHEAD,Minor Dam,955,34.63,688.5,72.09
a8f165fa-9e62-40a0-b44c-f18aba8bddaf,15/02/2012,Feb-12,2,2012,WOODHEAD,Minor Dam,955,34.87,707.5,74.08
f12e9238-21a9-42e9-8cb4-f88a8833ef85,16/02/2012,Feb-12,2,2012,WOODHEAD,Minor Dam,955,35.04,721.2,75.52
77abcd60-60c7-4811-bab0-e54a5dd487a6,17/02/2012,Feb-12,2,2012,WOODHEAD,Minor Dam,955,35.24,737.7,77.25
17f30d1d-282e-43f2-acb5-8128d0634d41,18/02/2012,Feb-12,2,2012,WOODHEAD,Minor Dam,955,35.45,756,79.16
98f52777-5978-4574-9828-d04ca2c91c6a,19/02/2012,Feb-12,2,2012,WOODHEAD,Minor Dam,955,35.61,771.1,80.74
054014e0-dfe8-42cd-b2c5-3c0161a2431b,20/02/2012,Feb-12,2,2012,WOODHEAD,Minor Dam,955,35.77,787.2,82.43
8d09af68-d2b5-4e3e-99fb-52e51b723e4b,21/02/2012,Feb-12,2,2012,WOODHEAD,Minor Dam,955,35.94,804.3,84.22
c8d4fcc1-964b-4981-aede-06b2ad7e228b,22/02/2012,Feb-12,2,2012,WOODHEAD,Minor Dam,955,35.94,804.3,84.22
4401694c-3587-42dd-a314-41d0bdaacee4,23/02/2012,Feb-12,2,2012,WOODHEAD,Minor Dam,955,35.98,808.4,84.65
8038df72-c259-4703-9700-2655a6965ec3,24/02/2012,Feb-12,2,2012,WOODHEAD,Minor Dam,955,35.9,800.2,83.79
fa892e33-ec0a-494c-9056-0b5e7928896c,25/02/2012,Feb-12,2,2012,WOODHEAD,Minor Dam,955,35.88,798.1,83.57
e931cf7c-2a0a-42ae-8765-d44889082e37,26/02/2012,Feb-12,2,2012,WOODHEAD,Minor Dam,955,35.87,797.1,83.47
a68e6132-0d61-478b-82d8-e3dfa388188b,27/02/2012,Feb-12,2,2012,WOODHEAD,Minor Dam,955,35.83,793,83.04
61865acc-fbaf-436d-b26a-4839993577a5,28/02/2012,Feb-12,2,2012,WOODHEAD,Minor Dam,955,35.81,790.9,82.82
4f59a0f3-d012-4685-933a-ffa310a19b46,29/02/2012,Feb-12,2,2012,WOODHEAD,Minor Dam,955,35.79,789,82.62
edfa5e65-3832-4755-90ca-4df775221bb0,01/03/2012,Mar-12,3,2012,WOODHEAD,Minor Dam,955,35.75,785.4,82.24
950ae589-abba-476f-80ab-be753010c913,02/03/2012,Mar-12,3,2012,WOODHEAD,Minor Dam,955,35.61,771.1,80.74
1ac500b6-0c52-4ba7-ad79-7036dcafda50,03/03/2012,Mar-12,3,2012,WOODHEAD,Minor Dam,955,35.48,758.8,79.46
24e325f6-4bb0-4952-9ee1-5ee7d6516ae0,04/03/2012,Mar-12,3,2012,WOODHEAD,Minor Dam,955,35.34,746.2,78.14
42972524-e75c-4fe0-b500-e091896cc17c,05/03/2012,Mar-12,3,2012,WOODHEAD,Minor Dam,955,35.2,734.3,76.89
9f856e9d-78e0-4624-ae8c-bc9ac9e4c55b,06/03/2012,Mar-12,3,2012,WOODHEAD,Minor Dam,955,35.04,721.2,75.52
7d866de7-1879-4391-8a87-f84293709350,07/03/2012,Mar-12,3,2012,WOODHEAD,Minor Dam,955,34.88,708.3,74.17
db0dcdef-113c-4d94-b83b-a0ff3fdcd3ac,08/03/2012,Mar-12,3,2012,WOODHEAD,Minor Dam,955,34.77,699.5,73.25
c82795d7-72a9-4139-8389-f42a00073174,09/03/2012,Mar-12,3,2012,WOODHEAD,Minor Dam,955,34.61,687,71.94
b2b8d903-5a0c-4852-a1c6-ddabbd2593b0,10/03/2012,Mar-12,3,2012,WOODHEAD,Minor Dam,955,34.44,673.7,70.54
5f1148ba-3ffe-4327-ab33-49dbe6bbab99,11/03/2012,Mar-12,3,2012,WOODHEAD,Minor Dam,955,34.29,662.1,69.33
390ab142-23c9-4758-b163-0b5c9dab67c4,12/03/2012,Mar-12,3,2012,WOODHEAD,Minor Dam,955,34.13,650,68.06
4ccff242-0bff-4a43-9560-684d92294010,13/03/2012,Mar-12,3,2012,WOODHEAD,Minor Dam,955,33.97,637.8,66.79
97a7466c-faca-4a7b-a0f4-470b3598b902,14/03/2012,Mar-12,3,2012,WOODHEAD,Minor Dam,955,33.78,623.3,65.27
cb325b0d-6aaf-4410-902f-d509a3baec9e,15/03/2012,Mar-12,3,2012,WOODHEAD,Minor Dam,955,33.62,611.1,63.99
e51146e8-8dd6-4ce5-ba84-721eb5fe1f3e,16/03/2012,Mar-12,3,2012,WOODHEAD,Minor Dam,955,33.48,601.1,62.94
cd1fe93f-6bfd-4511-b02d-c27101190bcd,17/03/2012,Mar-12,3,2012,WOODHEAD,Minor Dam,955,33.28,586.3,61.39
fc3f5cee-e3f5-451d-abf2-e822d1027d77,18/03/2012,Mar-12,3,2012,WOODHEAD,Minor Dam,955,33.37,593,62.09
8b621746-3b6c-4a6c-a6f1-825bdf8eafc7,19/03/2012,Mar-12,3,2012,WOODHEAD,Minor Dam,955,33.43,597.5,62.57
10b0dcd3-a51b-41a4-98be-38444a1ff850,20/03/2012,Mar-12,3,2012,WOODHEAD,Minor Dam,955,33.48,601.1,62.94
03af5eb6-1098-4495-b5a1-51d227530c98,21/03/2012,Mar-12,3,2012,WOODHEAD,Minor Dam,955,33.51,603.2,63.16
5e42454b-1753-48d8-87b9-4395dbd14576,22/03/2012,Mar-12,3,2012,WOODHEAD,Minor Dam,955,33.56,606.8,63.54
043a51a6-5703-4aab-8bf8-6199d4306400,23/03/2012,Mar-12,3,2012,WOODHEAD,Minor Dam,955,33.57,607.5,63.61
911a69ac-0f99-4088-aa56-e17dcf162838,24/03/2012,Mar-12,3,2012,WOODHEAD,Minor Dam,955,33.65,613.4,64.23
d1dcc730-8e1b-4c69-8305-b343d0de91d0,25/03/2012,Mar-12,3,2012,WOODHEAD,Minor Dam,955,33.58,608.2,63.69
c282fc0c-f4b3-4f08-97b6-5fe08be0ecdf,26/03/2012,Mar-12,3,2012,WOODHEAD,Minor Dam,955,33.53,604.6,63.31
8ecfb9e8-7823-4de1-8f1f-e3d4203b877b,27/03/2012,Mar-12,3,2012,WOODHEAD,Minor Dam,955,33.4,595.3,62.34
d42f2dc7-b537-4365-8a15-53e7c6e75644,28/03/2012,Mar-12,3,2012,WOODHEAD,Minor Dam,955,33.13,575.8,60.29
cd8bc41a-a1c8-475f-8228-d8d06078336d,29/03/2012,Mar-12,3,2012,WOODHEAD,Minor Dam,955,32.81,554.4,58.05
997ddc46-8ee7-43cb-afda-03cd516e73ed,30/03/2012,Mar-12,3,2012,WOODHEAD,Minor Dam,955,32.47,532.2,55.73
9750ea73-5fec-4111-87e8-f11e8d788d85,31/03/2012,Mar-12,3,2012,WOODHEAD,Minor Dam,955,32.24,517.6,54.2
5df43361-4f9c-4700-88db-9731077aba1b,01/04/2012,Apr-12,4,2012,WOODHEAD,Minor Dam,955,31.98,501.3,52.49
38aa204e-9aa5-4166-814a-cde94e392a84,02/04/2012,Apr-12,4,2012,WOODHEAD,Minor Dam,955,31.63,479.6,50.22
954220a2-7fe1-484d-aafe-6e46c6eccf9d,03/04/2012,Apr-12,4,2012,WOODHEAD,Minor Dam,955,31.29,459.4,48.1
42a613b9-9762-41ba-b717-987dca21596e,04/04/2012,Apr-12,4,2012,WOODHEAD,Minor Dam,955,31.08,446.7,46.77
0a96ff08-8154-4b5f-8451-245dfad73315,05/04/2012,Apr-12,4,2012,WOODHEAD,Minor Dam,955,30.73,426.7,44.68
9ae625d7-5212-421c-a95f-f9775a296a71,06/04/2012,Apr-12,4,2012,WOODHEAD,Minor Dam,955,30.28,401.6,42.05
7f52afb6-308e-47a0-a9da-71f2b2d9a8e6,07/04/2012,Apr-12,4,2012,WOODHEAD,Minor Dam,955,29.9,382.1,40.01
de1d91e2-c073-49f2-b8db-14f3d675fc11,08/04/2012,Apr-12,4,2012,WOODHEAD,Minor Dam,955,29.62,367.9,38.52
30a025d5-9a16-457d-b410-e0f9945c7d71,09/04/2012,Apr-12,4,2012,WOODHEAD,Minor Dam,955,29.83,378.7,39.65
0d4bb156-142c-4dcf-ae5e-5c2586fc9ac6,10/04/2012,Apr-12,4,2012,WOODHEAD,Minor Dam,955,30.23,398.9,41.77
47985edf-8e77-46ba-a228-0a2311265696,11/04/2012,Apr-12,4,2012,WOODHEAD,Minor Dam,955,30.49,413.4,43.29
88920801-b03c-427e-bb6d-b60dcf8d52c7,12/04/2012,Apr-12,4,2012,WOODHEAD,Minor Dam,955,30.94,438.6,45.93
ff1961de-6145-4a49-861d-48169e0fe185,13/04/2012,Apr-12,4,2012,WOODHEAD,Minor Dam,955,31.23,455.6,47.71
e1903eca-2be1-4da2-809d-8f4a3ec12820,14/04/2012,Apr-12,4,2012,WOODHEAD,Minor Dam,955,31.38,464.7,48.66
b0069f3d-97e2-4282-a42c-0e732d0e7792,15/04/2012,Apr-12,4,2012,WOODHEAD,Minor Dam,955,31.41,466.4,48.84
f2f721f5-e3d4-4a48-a42d-7d95be69d305,16/04/2012,Apr-12,4,2012,WOODHEAD,Minor Dam,955,31.46,469.4,49.15
01b878ee-dea2-4b1d-92a3-a61d9962a301,17/04/2012,Apr-12,4,2012,WOODHEAD,Minor Dam,955,31.54,474.1,49.64
d667a0d2-3312-4592-9ed0-e002c7ec2098,18/04/2012,Apr-12,4,2012,WOODHEAD,Minor Dam,955,31.58,476.6,49.91
0e487db3-094f-4110-aef9-03feb0abaf98,19/04/2012,Apr-12,4,2012,WOODHEAD,Minor Dam,955,31.39,465.3,48.72
05d30936-d8b3-43f8-8953-674e2322dd3c,20/04/2012,Apr-12,4,2012,WOODHEAD,Minor Dam,955,31.06,445.6,46.66
d4d12405-67c4-4b87-b456-4f9898419f11,21/04/2012,Apr-12,4,2012,WOODHEAD,Minor Dam,955,31.1,447.9,46.9
dbf18728-82a4-499b-a46c-555eae5a379c,22/04/2012,Apr-12,4,2012,WOODHEAD,Minor Dam,955,31.11,448.5,46.96
95b5549c-042e-46e2-a827-133207143567,23/04/2012,Apr-12,4,2012,WOODHEAD,Minor Dam,955,31.11,448.5,46.96
e314ea8a-14e1-4584-bee0-470e56a76fcf,24/04/2012,Apr-12,4,2012,WOODHEAD,Minor Dam,955,31.11,448.5,46.96
ee53e804-076a-4ea3-a0e0-c2388fae0da3,25/04/2012,Apr-12,4,2012,WOODHEAD,Minor Dam,955,31.12,449.1,47.03
d40b2a61-50d5-47be-9021-bd06c533717e,26/04/2012,Apr-12,4,2012,WOODHEAD,Minor Dam,955,31.13,449.6,47.08
67c39c69-7639-48f2-9282-4890ae4d686a,27/04/2012,Apr-12,4,2012,WOODHEAD,Minor Dam,955,31.15,450.8,47.2
2f532e23-c170-4991-9bce-3a7d8450d82f,28/04/2012,Apr-12,4,2012,WOODHEAD,Minor Dam,955,31.22,455,47.64
47a25582-0b10-425c-aa7b-293cacaaea8f,29/04/2012,Apr-12,4,2012,WOODHEAD,Minor Dam,955,31.31,460.6,48.23
45a0cb73-17f8-430e-98b5-67d7d3272a57,30/04/2012,Apr-12,4,2012,WOODHEAD,Minor Dam,955,31.44,468.2,49.03
eebcb7c8-c407-453b-b3e1-9e8040005a18,01/05/2012,May-12,5,2012,WOODHEAD,Minor Dam,955,31.54,474.1,49.64
d20d9fed-f01b-4550-b0e5-50e4e334f73a,02/05/2012,May-12,5,2012,WOODHEAD,Minor Dam,955,32.04,505.1,52.89
d162323c-d997-4f81-9231-cc05a7454c7a,03/05/2012,May-12,5,2012,WOODHEAD,Minor Dam,955,32.42,529,55.39
37935289-3e1c-4bcf-89ac-7cd00758d963,04/05/2012,May-12,5,2012,WOODHEAD,Minor Dam,955,32.92,561.7,58.82
db3c206a-69b3-488a-b865-e45357cad2ef,05/05/2012,May-12,5,2012,WOODHEAD,Minor Dam,955,33.41,596,62.41
4c3ce9cb-4406-49a2-bf71-c6c1547ae4b9,06/05/2012,May-12,5,2012,WOODHEAD,Minor Dam,955,33.77,622.5,65.18
7afb543f-9228-4aca-be7e-132e810e86cd,07/05/2012,May-12,5,2012,WOODHEAD,Minor Dam,955,34.08,646.2,67.66
70e0fd65-6b6e-4cf5-b803-0663683e82a4,08/05/2012,May-12,5,2012,WOODHEAD,Minor Dam,955,34.41,671.3,70.29
e0ba0eea-eb12-43dc-bdf5-a8792e6d60e9,09/05/2012,May-12,5,2012,WOODHEAD,Minor Dam,955,34.64,689.2,72.17
484b652e-d65f-4305-8c0f-e5390e9bd96a,10/05/2012,May-12,5,2012,WOODHEAD,Minor Dam,955,34.73,696.2,72.9
dc8f1ead-9238-46e7-99d6-eb0923b0cab3,11/05/2012,May-12,5,2012,WOODHEAD,Minor Dam,955,34.73,696.2,72.9
c0037c1b-9f3c-4d6f-8e07-b8a8b40bd85b,12/05/2012,May-12,5,2012,WOODHEAD,Minor Dam,955,34.77,699.5,73.25
3b85bc24-40aa-4a11-af8a-3448b0a5e114,13/05/2012,May-12,5,2012,WOODHEAD,Minor Dam,955,34.82,703.5,73.66
35f9cdc5-1c9c-4f7f-901d-77ae26fa1062,14/05/2012,May-12,5,2012,WOODHEAD,Minor Dam,955,34.64,689.2,72.17
a7be2a6e-6183-4786-934e-ef026db6414e,15/05/2012,May-12,5,2012,WOODHEAD,Minor Dam,955,34.66,690.8,72.34
9bee0395-b484-4399-9680-ef114a1147e7,16/05/2012,May-12,5,2012,WOODHEAD,Minor Dam,955,34.63,688.5,72.09
767a0079-f558-44e8-83d0-dc17c30ac7c0,17/05/2012,May-12,5,2012,WOODHEAD,Minor Dam,955,34.55,682.4,71.46
2c67343d-26d8-4b69-acd9-31a9fa8426a3,18/05/2012,May-12,5,2012,WOODHEAD,Minor Dam,955,34.44,673.7,70.54
53b3aace-5d62-47da-abc8-ff1fdaa4a845,19/05/2012,May-12,5,2012,WOODHEAD,Minor Dam,955,34.49,677.7,70.96
e5bef547-42ec-4183-b1d1-03400d4ef293,20/05/2012,May-12,5,2012,WOODHEAD,Minor Dam,955,34.64,689.2,72.17
fa4a611c-a400-4755-bb78-125a246fc164,21/05/2012,May-12,5,2012,WOODHEAD,Minor Dam,955,34.62,687.7,72.01
aaf6a750-3527-4d42-a5b7-90bc1ceb7a40,22/05/2012,May-12,5,2012,WOODHEAD,Minor Dam,955,34.76,698.7,73.16
c884eed2-59d6-438a-b701-1127088ced8d,23/05/2012,May-12,5,2012,WOODHEAD,Minor Dam,955,34.84,705.1,73.83
b502eedf-d7b5-4410-9ea7-c7ce073aa44a,24/05/2012,May-12,5,2012,WOODHEAD,Minor Dam,955,34.85,705.9,73.92
f5f171a4-e647-4921-b599-a7e7bd833451,25/05/2012,May-12,5,2012,WOODHEAD,Minor Dam,955,34.87,707.5,74.08
6d28ccd4-db6c-48b5-94ff-dd0a7e6a570a,26/05/2012,May-12,5,2012,WOODHEAD,Minor Dam,955,34.92,711.5,74.5
c32f32cb-5594-4929-bc9a-c9be8890f0f4,27/05/2012,May-12,5,2012,WOODHEAD,Minor Dam,955,35.38,749.6,78.49
dc3cfa0f-5faa-4699-81be-2c10c3f1f1e9,28/05/2012,May-12,5,2012,WOODHEAD,Minor Dam,955,35.52,762.6,79.85
42fad6c3-b16a-4fbe-80f2-fbab7cac3f09,29/05/2012,May-12,5,2012,WOODHEAD,Minor Dam,955,35.58,768.1,80.43
e32dad88-61f3-40ee-9cab-e908e37d12e3,30/05/2012,May-12,5,2012,WOODHEAD,Minor Dam,955,35.6,770,80.63
1f2ddfc3-e0c2-484b-bd4f-3e2e38d53afd,31/05/2012,May-12,5,2012,WOODHEAD,Minor Dam,955,35.94,804.3,84.22
07627073-a0e4-40f8-a518-f3252d6f09f5,01/06/2012,Jun-12,6,2012,WOODHEAD,Minor Dam,955,35.82,792,82.93
5b6cd35c-6f0a-497a-8692-14437ca26f9b,02/06/2012,Jun-12,6,2012,WOODHEAD,Minor Dam,955,35.74,784.4,82.14
0f6a2b66-663c-4295-af7a-63827a7f1db5,03/06/2012,Jun-12,6,2012,WOODHEAD,Minor Dam,955,35.62,772.2,80.86
eb459a11-b5a6-47f9-af55-bed577545654,04/06/2012,Jun-12,6,2012,WOODHEAD,Minor Dam,955,35.43,754.1,78.96
16f3c11f-5411-400e-8737-de6b6b251613,05/06/2012,Jun-12,6,2012,WOODHEAD,Minor Dam,955,35.39,750.5,78.59
b2551ac8-b7aa-4110-b9dc-00d3d40edb77,06/06/2012,Jun-12,6,2012,WOODHEAD,Minor Dam,955,35.28,741.1,77.6
9120aa00-d411-495c-bd43-b0210654d397,07/06/2012,Jun-12,6,2012,WOODHEAD,Minor Dam,955,35.18,732.7,76.72
4d68cf3b-9a48-461c-b124-945d67d9b4a8,08/06/2012,Jun-12,6,2012,WOODHEAD,Minor Dam,955,35.16,731,76.54
c380a9c6-7d09-4009-8c05-7cd9bb629699,09/06/2012,Jun-12,6,2012,WOODHEAD,Minor Dam,955,35.48,758.8,79.46
6dcfc397-24f1-4667-b303-d0d009b55272,10/06/2012,Jun-12,6,2012,WOODHEAD,Minor Dam,955,35.54,764.4,80.04
d98b72c1-b238-4dcb-b0a6-da672db008e6,11/06/2012,Jun-12,6,2012,WOODHEAD,Minor Dam,955,35.45,756,79.16
6779c3a3-4006-4342-bdfe-8599e5fe6ea2,12/06/2012,Jun-12,6,2012,WOODHEAD,Minor Dam,955,35.31,743.7,77.87
c56e94e8-fe48-4e6d-87b3-4b64b41237f5,13/06/2012,Jun-12,6,2012,WOODHEAD,Minor Dam,955,35.19,733.5,76.81
1bb55abc-e2da-4c0e-a06a-847b3b4cfd1e,14/06/2012,Jun-12,6,2012,WOODHEAD,Minor Dam,955,35.05,722.1,75.61
da79cef7-08f6-43fb-8252-338aec76be8f,15/06/2012,Jun-12,6,2012,WOODHEAD,Minor Dam,955,34.92,711.5,74.5
604f417a-2131-4a20-8d03-596f934740a0,16/06/2012,Jun-12,6,2012,WOODHEAD,Minor Dam,955,34.79,701.1,73.41
156f2064-12e2-423f-9cf1-94fc5229ff96,17/06/2012,Jun-12,6,2012,WOODHEAD,Minor Dam,955,34.59,685.4,71.77
2e5acb6e-6307-445b-b7af-d7493707a913,18/06/2012,Jun-12,6,2012,WOODHEAD,Minor Dam,955,34.47,676.1,70.8
a3755f92-6a1d-4755-b4bf-a00b731183d0,19/06/2012,Jun-12,6,2012,WOODHEAD,Minor Dam,955,34.32,664.4,69.57
4759a929-e296-46ed-b76a-dd37d6f89e03,20/06/2012,Jun-12,6,2012,WOODHEAD,Minor Dam,955,34.16,652.3,68.3
d34db628-4658-4c0e-a9d2-bd5ab54f1b6c,21/06/2012,Jun-12,6,2012,WOODHEAD,Minor Dam,955,34.02,641.6,67.18
3470c475-9547-457e-953b-dcdd441f1719,22/06/2012,Jun-12,6,2012,WOODHEAD,Minor Dam,955,33.87,630.2,65.99
0b30d932-885b-4d65-93a9-a04e83e48e57,23/06/2012,Jun-12,6,2012,WOODHEAD,Minor Dam,955,33.85,628.7,65.83
3ce32ca2-a8e8-4d06-9c7f-164eeef14f3f,24/06/2012,Jun-12,6,2012,WOODHEAD,Minor Dam,955,33.88,631,66.07
0d7520dd-2e57-40de-9bbf-4ab9b8ea9c4d,25/06/2012,Jun-12,6,2012,WOODHEAD,Minor Dam,955,33.89,631.7,66.15
e8c183a9-20bc-4277-a067-aa0cc38ae100,26/06/2012,Jun-12,6,2012,WOODHEAD,Minor Dam,955,34.03,642.4,67.27
2c8d594e-a1ff-48fb-82e1-55e1799193de,27/06/2012,Jun-12,6,2012,WOODHEAD,Minor Dam,955,34.08,646.2,67.66
3d3201e8-f998-47d6-bd67-5edd84715226,28/06/2012,Jun-12,6,2012,WOODHEAD,Minor Dam,955,34.28,661.4,69.26
b1c9c084-e999-4c14-9409-05bd4c0bf7d4,29/06/2012,Jun-12,6,2012,WOODHEAD,Minor Dam,955,34.33,665.2,69.65
5b745b72-9017-49fa-890f-1aeb0eb8d299,30/06/2012,Jun-12,6,2012,WOODHEAD,Minor Dam,955,34.4,670.5,70.21
b9625cc8-974d-4b50-8102-f28de89d9863,01/07/2012,Jul-12,7,2012,WOODHEAD,Minor Dam,955,34.47,676.1,70.8
f973da1d-0362-4134-ae92-f9143a3ca868,02/07/2012,Jul-12,7,2012,WOODHEAD,Minor Dam,955,34.57,683.9,71.61
c6e3aa54-5a63-4f22-a8bb-012710f548bb,03/07/2012,Jul-12,7,2012,WOODHEAD,Minor Dam,955,34.58,684.7,71.7
94db7d79-75e1-4202-ad1d-6beb9f482833,04/07/2012,Jul-12,7,2012,WOODHEAD,Minor Dam,955,34.59,685.4,71.77
ba315510-b4aa-40b9-ac3a-f99fd5e6090a,05/07/2012,Jul-12,7,2012,WOODHEAD,Minor Dam,955,34.73,696.2,72.9
c3f5f0f2-f128-4275-8089-0557017ea422,06/07/2012,Jul-12,7,2012,WOODHEAD,Minor Dam,955,34.78,700.3,73.33
1e33393c-71b4-4ff3-a7e2-701ab6aa093c,07/07/2012,Jul-12,7,2012,WOODHEAD,Minor Dam,955,34.81,702.7,73.58
f42fd355-1f1c-4da2-9b87-95f3d52b4365,08/07/2012,Jul-12,7,2012,WOODHEAD,Minor Dam,955,35.08,724.5,75.86
32f5b6ed-fe6b-42d1-a1b2-34ad44dca9b4,09/07/2012,Jul-12,7,2012,WOODHEAD,Minor Dam,955,35.19,733.5,76.81
0f12dbd6-efdc-42e4-a0a0-5d67b3cfa33c,10/07/2012,Jul-12,7,2012,WOODHEAD,Minor Dam,955,35.82,790.9,82.82
afecd5be-7417-4bf2-88ff-2a9ebab7ce5e,11/07/2012,Jul-12,7,2012,WOODHEAD,Minor Dam,955,35.98,808.4,84.65
64e4fa19-c4b6-4682-b113-8bdb577d8eb5,12/07/2012,Jul-12,7,2012,WOODHEAD,Minor Dam,955,36.48,864.3,90.5
24284203-dfc3-44ed-a186-0a11854c061b,13/07/2012,Jul-12,7,2012,WOODHEAD,Minor Dam,955,36.75,896.8,93.91
8d4549d9-3afb-4521-be1b-6f77642909a9,14/07/2012,Jul-12,7,2012,WOODHEAD,Minor Dam,955,36.88,912.9,95.59
ea79cfc4-8e8c-45a2-9432-a697fd686497,15/07/2012,Jul-12,7,2012,WOODHEAD,Minor Dam,955,36.88,912.9,95.59
2b9d0962-2d2c-4b47-9278-651ff7311c1d,16/07/2012,Jul-12,7,2012,WOODHEAD,Minor Dam,955,36.88,912.9,95.59
7a2cc4fa-9a9f-4bb7-af43-72cac923994b,17/07/2012,Jul-12,7,2012,WOODHEAD,Minor Dam,955,37.02,931.5,97.54
d224c1f5-69b5-491f-b193-c519fb3eb8d9,18/07/2012,Jul-12,7,2012,WOODHEAD,Minor Dam,955,37.09,940.7,98.5
bd65787d-47aa-41e6-ac58-a84809f53d16,19/07/2012,Jul-12,7,2012,WOODHEAD,Minor Dam,955,37.07,938.1,98.23
57608194-261d-47a2-951a-749eb5cd2026,20/07/2012,Jul-12,7,2012,WOODHEAD,Minor Dam,955,37.05,935.5,97.96
71a80e65-fbb6-4768-959b-aa028ce14dcc,21/07/2012,Jul-12,7,2012,WOODHEAD,Minor Dam,955,37.19,954,99.9
0d78a324-1103-414a-acc6-9e1385004bf2,22/07/2012,Jul-12,7,2012,WOODHEAD,Minor Dam,955,37.35,962,100.73
1d4535df-0d74-491a-8af1-5f3f9882819a,23/07/2012,Jul-12,7,2012,WOODHEAD,Minor Dam,955,37.28,965.9,101.14
7273d8f3-6e2a-4313-809f-08cf8dcc883d,24/07/2012,Jul-12,7,2012,WOODHEAD,Minor Dam,955,37.26,963.3,100.87
9c3d7110-a7bf-4209-b149-6a9413951f8c,25/07/2012,Jul-12,7,2012,WOODHEAD,Minor Dam,955,37.23,959.3,100.45
02fe02a4-ee7a-45e9-b7e5-cba303369b22,26/07/2012,Jul-12,7,2012,WOODHEAD,Minor Dam,955,37.2,955.3,100.03
4e617270-b7cc-4ec9-9117-bb8c01f0477c,27/07/2012,Jul-12,7,2012,WOODHEAD,Minor Dam,955,37.13,946,99.06
52a17bd1-3258-4ec3-a578-d46ea4285e78,28/07/2012,Jul-12,7,2012,WOODHEAD,Minor Dam,955,37.16,950,99.48
0155841f-0c83-4549-98ce-b6bc2e61d403,29/07/2012,Jul-12,7,2012,WOODHEAD,Minor Dam,955,37.12,944.7,98.92
fc6ea6f8-ef61-4fd6-921f-ab60d5dd3264,30/07/2012,Jul-12,7,2012,WOODHEAD,Minor Dam,955,37.08,939.4,98.37
40ee54f7-46d4-4ac9-974c-730cd3c8a7ce,31/07/2012,Jul-12,7,2012,WOODHEAD,Minor Dam,955,37.01,930.2,97.4
e3b3cc8f-9ae0-4590-a38b-1ca953f9d799,01/08/2012,Aug-12,8,2012,WOODHEAD,Minor Dam,955,37.04,934.1,97.81
075ac61c-9f81-457d-b37f-4247f0ba0d6a,02/08/2012,Aug-12,8,2012,WOODHEAD,Minor Dam,955,36.93,919.5,96.28
baee3a8b-721b-451e-b79a-2fdbb6f79b24,03/08/2012,Aug-12,8,2012,WOODHEAD,Minor Dam,955,36.87,911.7,95.47
5fc8071c-da0c-4ed1-b9a6-6155b7a5e587,04/08/2012,Aug-12,8,2012,WOODHEAD,Minor Dam,955,36.82,905.4,94.81
d4b2e822-6367-4b9d-a12e-0abe13242838,05/08/2012,Aug-12,8,2012,WOODHEAD,Minor Dam,955,36.75,896.8,93.91
bad9cc56-59f5-40bd-a394-ebb39b3f1a1f,06/08/2012,Aug-12,8,2012,WOODHEAD,Minor Dam,955,36.68,888.1,92.99
51ef3a2c-7141-498f-aaaf-e0f0ff40f04e,07/08/2012,Aug-12,8,2012,WOODHEAD,Minor Dam,955,36.61,879.5,92.09
63845af2-c948-443e-94f5-5e8da073a7cb,08/08/2012,Aug-12,8,2012,WOODHEAD,Minor Dam,955,36.58,876,91.73
4b16f817-ef2a-4292-b7c1-51761c8af86d,09/08/2012,Aug-12,8,2012,WOODHEAD,Minor Dam,955,36.61,879.5,92.09
302e8c57-c19d-4651-b690-cf8ce4372e6c,10/08/2012,Aug-12,8,2012,WOODHEAD,Minor Dam,955,36.57,874.8,91.6
8f1856e2-6da8-4c01-9356-9c530474d31d,11/08/2012,Aug-12,8,2012,WOODHEAD,Minor Dam,955,36.53,870.2,91.12
8c3a1853-8d98-4900-8dcd-e79ec8c9c7a7,12/08/2012,Aug-12,8,2012,WOODHEAD,Minor Dam,955,36.86,910.4,95.33
0dcfd2ec-7dea-4b8f-847d-ae0ee0ea8830,13/08/2012,Aug-12,8,2012,WOODHEAD,Minor Dam,955,37.25,962,100.73
72b2e8e1-6c7b-4ac4-9d5c-a1e31fc4e563,14/08/2012,Aug-12,8,2012,WOODHEAD,Minor Dam,955,37.2,955.3,100.03
22878131-42da-4ee5-a70e-20c9bdf02ccf,15/08/2012,Aug-12,8,2012,WOODHEAD,Minor Dam,955,37.17,951.3,99.61
32a6105d-88a6-41dd-a478-d029a485e072,16/08/2012,Aug-12,8,2012,WOODHEAD,Minor Dam,955,37.21,956.6,100.17
d119c484-0c3e-4aeb-96fa-563f383cc1f2,17/08/2012,Aug-12,8,2012,WOODHEAD,Minor Dam,955,37.3,955.3,100.03
5d0808b2-65c6-47de-9a14-14e233673a18,18/08/2012,Aug-12,8,2012,WOODHEAD,Minor Dam,955,37.25,962,100.73
56730ef8-1a76-40ef-9191-6f3ac8287c34,19/08/2012,Aug-12,8,2012,WOODHEAD,Minor Dam,955,37.2,955.3,100.03
ee84b32b-1058-42c7-9652-d51159a6710f,20/08/2012,Aug-12,8,2012,WOODHEAD,Minor Dam,955,37.2,955.3,100.03
a6efe372-b8b0-436f-a165-5976bad5eb2a,21/08/2012,Aug-12,8,2012,WOODHEAD,Minor Dam,955,37.3,955.3,100.03
046eaaf8-b4fa-4d01-b0f7-a9220d94d1f1,22/08/2012,Aug-12,8,2012,WOODHEAD,Minor Dam,955,37.23,959.3,100.45
bacf447e-4661-4444-b2d2-96ce2a95be86,23/08/2012,Aug-12,8,2012,WOODHEAD,Minor Dam,955,37.2,955.3,100.03
6026f820-7f30-4f16-b764-e52c56228402,24/08/2012,Aug-12,8,2012,WOODHEAD,Minor Dam,955,37.2,955.3,100.03
7e225db3-d9aa-44ad-8cb2-03dd57084955,25/08/2012,Aug-12,8,2012,WOODHEAD,Minor Dam,955,37.18,952.6,99.75
057944ed-b014-4bc3-b3e6-e64802330852,26/08/2012,Aug-12,8,2012,WOODHEAD,Minor Dam,955,37.17,951.3,99.61
407e3383-0227-46c3-9deb-2f520613d869,27/08/2012,Aug-12,8,2012,WOODHEAD,Minor Dam,955,37.29,967.3,101.29
3a5f713e-4d60-4f58-9862-b9db8d9430d3,28/08/2012,Aug-12,8,2012,WOODHEAD,Minor Dam,955,37.27,964.6,101.01
621f4f6c-2ddf-46a3-865f-f2f60528518f,29/08/2012,Aug-12,8,2012,WOODHEAD,Minor Dam,955,37.21,956.6,100.17
35f3a6e6-b6da-4586-b32d-e1e38c8af159,30/08/2012,Aug-12,8,2012,WOODHEAD,Minor Dam,955,37.19,954,99.9
d265e95e-4e35-4cfc-a012-5dc308d67579,31/08/2012,Aug-12,8,2012,WOODHEAD,Minor Dam,955,37.09,940.7,98.5
faf9232d-bd26-4cd5-8dd1-b2825c8a74ca,01/09/2012,Sep-12,9,2012,WOODHEAD,Minor Dam,955,36.97,924.9,96.85
d336c029-8c45-425b-9509-712cf9f6c57c,02/09/2012,Sep-12,9,2012,WOODHEAD,Minor Dam,955,37.21,956.6,100.17
b2c6d6eb-7489-49ba-9799-dc48b4311224,03/09/2012,Sep-12,9,2012,WOODHEAD,Minor Dam,955,37.2,955.3,100.03
c6dcbfcd-786e-471b-a514-3aaf2d0fc5a7,04/09/2012,Sep-12,9,2012,WOODHEAD,Minor Dam,955,37.2,955.3,100.03
ef4f0aa2-b092-4fe6-9570-d919db5a80a3,05/09/2012,Sep-12,9,2012,WOODHEAD,Minor Dam,955,37.08,939.4,98.37
46eb9863-6c6c-49de-8181-6237f8f91b20,06/09/2012,Sep-12,9,2012,WOODHEAD,Minor Dam,955,36.86,910.4,95.33
56b4cc4d-93a7-4ff1-8011-3b557605a958,07/09/2012,Sep-12,9,2012,WOODHEAD,Minor Dam,955,36.76,898,94.03
147c35c5-9a39-449a-916a-c0d0ec38ebf0,08/09/2012,Sep-12,9,2012,WOODHEAD,Minor Dam,955,36.58,876,91.73
20732eeb-55a1-4217-a6ad-3bd02c14b392,09/09/2012,Sep-12,9,2012,WOODHEAD,Minor Dam,955,36.46,861.9,90.25
a0fa3dc6-6d7c-43a0-9e79-8d98ad4d64b1,10/09/2012,Sep-12,9,2012,WOODHEAD,Minor Dam,955,36.33,846.9,88.68
beffb7f8-6865-46e1-827a-988e68eff75f,11/09/2012,Sep-12,9,2012,WOODHEAD,Minor Dam,955,36.33,846.9,88.68
0f81bd07-11cd-4e52-8d27-ff9045e2b183,12/09/2012,Sep-12,9,2012,WOODHEAD,Minor Dam,955,36.35,849.2,88.92
7d90755d-167a-4c50-bac3-3864bb936fd6,13/09/2012,Sep-12,9,2012,WOODHEAD,Minor Dam,955,36.29,842.4,88.21
aa6493c0-e2bd-4932-a916-7d8a176a12c7,14/09/2012,Sep-12,9,2012,WOODHEAD,Minor Dam,955,36.19,831.3,87.05
c9a0d90d-7675-468e-a57d-1589d3a0357b,15/09/2012,Sep-12,9,2012,WOODHEAD,Minor Dam,955,36.12,823.4,86.22
47a09398-f469-466a-9d54-e50077a960ed,16/09/2012,Sep-12,9,2012,WOODHEAD,Minor Dam,955,36.03,813.6,85.19
f7ce82a2-93c5-4b05-b8fb-5eb150f3b171,17/09/2012,Sep-12,9,2012,WOODHEAD,Minor Dam,955,35.92,802.2,84
57838855-ef54-4154-9845-24caea174052,18/09/2012,Sep-12,9,2012,WOODHEAD,Minor Dam,955,35.76,786.3,82.34
ce848a58-d81a-4dd4-9a18-0dfa9a6c4441,19/09/2012,Sep-12,9,2012,WOODHEAD,Minor Dam,955,35.64,774.3,81.08
a49a6c0d-e454-4e8c-a505-e2946966b9f3,20/09/2012,Sep-12,9,2012,WOODHEAD,Minor Dam,955,35.46,756.9,79.26
0e5762c9-88dd-435a-9137-48d73cc281de,21/09/2012,Sep-12,9,2012,WOODHEAD,Minor Dam,955,35.36,747.9,78.31
5638d60f-3df7-4d40-81b3-dec44b999fbd,22/09/2012,Sep-12,9,2012,WOODHEAD,Minor Dam,955,35.42,753.2,78.87
bf76f31f-6286-4631-945a-596d294fc724,23/09/2012,Sep-12,9,2012,WOODHEAD,Minor Dam,955,35.83,793,83.04
ee30ce68-55d3-4251-9369-ab79ddc8e3c6,24/09/2012,Sep-12,9,2012,WOODHEAD,Minor Dam,955,35.86,796.1,83.36
dbb3db7a-3492-40f0-b47d-e33b8a2bcbf7,25/09/2012,Sep-12,9,2012,WOODHEAD,Minor Dam,955,35.88,798.1,83.57
307b7909-8641-417c-931e-d2ec57208ce4,26/09/2012,Sep-12,9,2012,WOODHEAD,Minor Dam,955,36.64,883.2,92.48
cb35911f-24dd-4ace-bc79-bad166d4e684,27/09/2012,Sep-12,9,2012,WOODHEAD,Minor Dam,955,36.61,879.5,92.09
1cdecb01-2931-457b-b2ee-53fc6187e62b,28/09/2012,Sep-12,9,2012,WOODHEAD,Minor Dam,955,37.04,934.1,97.81
62645253-8390-4940-a159-6aa6f93bafab,29/09/2012,Sep-12,9,2012,WOODHEAD,Minor Dam,955,37.29,967.3,101.29
0ec94a58-6514-460f-8422-4c1a5a187a69,30/09/2012,Sep-12,9,2012,WOODHEAD,Minor Dam,955,37.22,958,100.31
61427c83-aa5f-4f0e-88cb-ced47070694a,01/10/2012,Oct-12,10,2012,WOODHEAD,Minor Dam,955,37.23,959.3,100.45
76a6da38-5f03-49ff-a289-6ea0471a482f,02/10/2012,Oct-12,10,2012,WOODHEAD,Minor Dam,955,37.21,956.6,100.17
af1c812a-59f7-4131-8f89-384dc7fe8de3,03/10/2012,Oct-12,10,2012,WOODHEAD,Minor Dam,955,37.18,952.6,99.75
6d0d6c7f-d9c5-43f1-ae17-9c00d8442d9f,04/10/2012,Oct-12,10,2012,WOODHEAD,Minor Dam,955,37.18,952.6,99.75
582a61b2-9b8e-4973-a63d-8b682c8217f6,05/10/2012,Oct-12,10,2012,WOODHEAD,Minor Dam,955,37.22,958,100.31
4135a1bc-4e71-4665-b41c-c593ae3757f2,06/10/2012,Oct-12,10,2012,WOODHEAD,Minor Dam,955,37.21,956.6,100.17
98c4b8f9-d64b-4aa3-a47d-8f396ea8b9dc,07/10/2012,Oct-12,10,2012,WOODHEAD,Minor Dam,955,37.18,952.6,99.75
cbdc452e-ee41-4564-acf9-334028e60095,08/10/2012,Oct-12,10,2012,WOODHEAD,Minor Dam,955,37.18,952.6,99.75
e240e66a-efac-4b52-93a3-930495eeb1e2,09/10/2012,Oct-12,10,2012,WOODHEAD,Minor Dam,955,37.13,946,99.06
d7217d56-c7f6-4a55-8fb8-07c4a80a8d40,10/10/2012,Oct-12,10,2012,WOODHEAD,Minor Dam,955,37.05,935.5,97.96
b3fa1db6-ae89-4e6b-91f0-6d6ca3877d2b,11/10/2012,Oct-12,10,2012,WOODHEAD,Minor Dam,955,36.97,924.9,96.85
e0914e6d-bee1-4e5b-b3c3-4cf8a29e03ce,12/10/2012,Oct-12,10,2012,WOODHEAD,Minor Dam,955,36.88,912.9,95.59
5a6b451f-2a25-4c2e-b6c7-7d5ea359ba0e,13/10/2012,Oct-12,10,2012,WOODHEAD,Minor Dam,955,36.8,902.9,94.54
ca2d4ef2-760f-4057-9c8b-7ff5c504a7be,14/10/2012,Oct-12,10,2012,WOODHEAD,Minor Dam,955,36.69,889.4,93.13
20c13de2-595a-428f-864e-e3fb0d41a571,15/10/2012,Oct-12,10,2012,WOODHEAD,Minor Dam,955,36.53,870.2,91.12
ec6d1997-6268-4963-80d5-7b135e179640,16/10/2012,Oct-12,10,2012,WOODHEAD,Minor Dam,955,36.4,854.8,89.51
7abb7e6a-2fd6-4cb7-b2ed-d14cafb5170c,17/10/2012,Oct-12,10,2012,WOODHEAD,Minor Dam,955,36.32,845.8,88.57
9c7564a4-d668-4824-8b30-ad7c887c427e,18/10/2012,Oct-12,10,2012,WOODHEAD,Minor Dam,955,36.23,835.7,87.51
3a9d536d-48fe-4095-ba5b-eb3edb4b72f7,19/10/2012,Oct-12,10,2012,WOODHEAD,Minor Dam,955,36.13,824.6,86.35
8e2f8eed-43d4-4662-ad0b-5a5a704b58af,20/10/2012,Oct-12,10,2012,WOODHEAD,Minor Dam,955,36.06,816.9,85.54
838cbaa1-0a9d-48ff-aacf-29b137bd5197,21/10/2012,Oct-12,10,2012,WOODHEAD,Minor Dam,955,36.48,864.3,90.5
483f89c2-34a1-42f8-84f3-d380f6d610f5,22/10/2012,Oct-12,10,2012,WOODHEAD,Minor Dam,955,36.51,867.9,90.88
91f5bc53-30c2-49b7-af02-c2bfc03a21fa,23/10/2012,Oct-12,10,2012,WOODHEAD,Minor Dam,955,36.48,864.3,90.5
4eed7d6f-1c65-47cd-8de6-649c4b1949ea,24/10/2012,Oct-12,10,2012,WOODHEAD,Minor Dam,955,36.45,860.8,90.14
24a6aa79-c8db-4eab-ade3-6e9669b5953f,25/10/2012,Oct-12,10,2012,WOODHEAD,Minor Dam,955,36.4,854.8,89.51
3a27fcb9-1c2e-4a96-a500-937409c848f4,26/10/2012,Oct-12,10,2012,WOODHEAD,Minor Dam,955,36.24,836.8,87.62
e9ea2105-cea4-44b0-bbb8-b6b462f43add,27/10/2012,Oct-12,10,2012,WOODHEAD,Minor Dam,955,36.17,829,86.81
b12dfddc-fcf2-4e97-9d0a-539d6b8ed7c4,28/10/2012,Oct-12,10,2012,WOODHEAD,Minor Dam,955,36.09,820.1,85.87
da637d07-b9de-4be2-a66e-a35e65a0766f,29/10/2012,Oct-12,10,2012,WOODHEAD,Minor Dam,955,36,810.4,84.86
1133b576-386d-4a38-b70f-6618b6fe2c1e,30/10/2012,Oct-12,10,2012,WOODHEAD,Minor Dam,955,35.91,801.2,83.9
4f7104bd-04c0-460c-aaab-861a91c43640,31/10/2012,Oct-12,10,2012,WOODHEAD,Minor Dam,955,35.82,792,82.93
86c4d319-3770-4fd5-9ff2-19839d0c9cd8,01/11/2012,Nov-12,11,2012,WOODHEAD,Minor Dam,955,35.73,783.5,82.04
e1bd8757-6876-4e89-a77f-5355bfad8b00,02/11/2012,Nov-12,11,2012,WOODHEAD,Minor Dam,955,35.63,773.2,80.96
c1acb4ea-d6cf-491b-84b2-a49ddda1903e,03/11/2012,Nov-12,11,2012,WOODHEAD,Minor Dam,955,35.48,758.8,79.46
8ed88ce7-57db-44e2-9725-6fdfff7a78df,04/11/2012,Nov-12,11,2012,WOODHEAD,Minor Dam,955,35.35,747.1,78.23
48edd85d-e71d-432e-ba86-88ebaab941c3,05/11/2012,Nov-12,11,2012,WOODHEAD,Minor Dam,955,35.35,747.1,78.23
8fcdb6e7-8992-4850-8203-c2678e42a6fd,06/11/2012,Nov-12,11,2012,WOODHEAD,Minor Dam,955,35.35,747.1,78.23
411ff6d8-e665-4278-92d5-24198879983f,07/11/2012,Nov-12,11,2012,WOODHEAD,Minor Dam,955,35.34,746.2,78.14
74badf2e-de7a-418b-9c7c-749e9183faea,08/11/2012,Nov-12,11,2012,WOODHEAD,Minor Dam,955,35.34,746.2,78.14
7a30c458-b177-4537-b229-c094ed629de5,09/11/2012,Nov-12,11,2012,WOODHEAD,Minor Dam,955,35.34,746.2,78.14
cbd1082f-b410-40ec-9dba-446d424e3a60,10/11/2012,Nov-12,11,2012,WOODHEAD,Minor Dam,955,35.34,746.2,78.14
58301891-bb37-4b81-b7ff-96bf55375cb0,11/11/2012,Nov-12,11,2012,WOODHEAD,Minor Dam,955,35.35,747.1,78.23
68013663-4c66-43b1-af06-fefe9a49f7c3,12/11/2012,Nov-12,11,2012,WOODHEAD,Minor Dam,955,35.35,747.1,78.23
58c3e1cb-8d0c-4be8-baf4-ab60439738cf,13/11/2012,Nov-12,11,2012,WOODHEAD,Minor Dam,955,35.35,747.1,78.23
c4c5ab04-c26f-479c-997f-d7afdd957fd7,14/11/2012,Nov-12,11,2012,WOODHEAD,Minor Dam,955,35.35,747.1,78.23
b2e530ff-19c6-4d2e-982e-4bf2fa71b099,15/11/2012,Nov-12,11,2012,WOODHEAD,Minor Dam,955,35.35,747.1,78.23
6bc5d8b5-3bd9-44b2-ba3c-0e2ca381d6a8,16/11/2012,Nov-12,11,2012,WOODHEAD,Minor Dam,955,35.35,747.1,78.23
a181efb1-e8bd-453c-a61f-07b722128384,17/11/2012,Nov-12,11,2012,WOODHEAD,Minor Dam,955,35.35,747.1,78.23
04bc5825-868f-4cdb-bfa8-f68f52160d92,18/11/2012,Nov-12,11,2012,WOODHEAD,Minor Dam,955,35.38,749.6,78.49
0113a0c2-64ff-449e-82da-28c783e19332,19/11/2012,Nov-12,11,2012,WOODHEAD,Minor Dam,955,35.38,749.6,78.49
fd7cfd0c-d9f8-4694-b9af-31d9df8742c9,20/11/2012,Nov-12,11,2012,WOODHEAD,Minor Dam,955,35.38,749.6,78.49
668de8ed-7f37-44d8-89a0-5683b71d7338,21/11/2012,Nov-12,11,2012,WOODHEAD,Minor Dam,955,35.38,749.6,78.49
e788b7d9-609c-4728-ac6f-8251c1ad629e,22/11/2012,Nov-12,11,2012,WOODHEAD,Minor Dam,955,35.38,749.6,78.49
40bbd95e-3118-4ba3-b9ec-e9d3823467f4,23/11/2012,Nov-12,11,2012,WOODHEAD,Minor Dam,955,35.38,749.6,78.49
13570a9f-e51a-45ff-b86b-b328bcba9a96,24/11/2012,Nov-12,11,2012,WOODHEAD,Minor Dam,955,35.37,748.8,78.41
a4b09d10-6d26-49ac-a788-dcbabc7d1169,25/11/2012,Nov-12,11,2012,WOODHEAD,Minor Dam,955,35.4,751.3,78.67
fd0b2078-9529-4dfd-b68c-1a4e8c2866cb,26/11/2012,Nov-12,11,2012,WOODHEAD,Minor Dam,955,35.44,755.1,79.07
342b6de0-618e-4b45-b9b3-e88ee86dfce6,27/11/2012,Nov-12,11,2012,WOODHEAD,Minor Dam,955,35.45,756,79.16
96cba8ac-4f2d-4ad1-aeaf-371de4a00767,28/11/2012,Nov-12,11,2012,WOODHEAD,Minor Dam,955,35.48,758.8,79.46
7725a320-deb2-4da8-b86e-92d2ab8f80bf,29/11/2012,Nov-12,11,2012,WOODHEAD,Minor Dam,955,35.51,761.6,79.75
84145e41-4e54-4d6d-9a40-74de34dc096d,30/11/2012,Nov-12,11,2012,WOODHEAD,Minor Dam,955,35.52,762.6,79.85
80fda7e9-464a-41d3-84df-bf50d4bf6db5,01/12/2012,Dec-12,12,2012,WOODHEAD,Minor Dam,955,35.52,762.6,79.85
d3aea618-5c00-4d9f-8123-fd13a291424a,02/12/2012,Dec-12,12,2012,WOODHEAD,Minor Dam,955,35.53,763.5,79.95
3f5ba655-b72b-4e3f-9189-45a97846b2aa,03/12/2012,Dec-12,12,2012,WOODHEAD,Minor Dam,955,35.53,763.5,79.95
2d84e8e3-8cb9-4573-9d07-4ea122092d1a,04/12/2012,Dec-12,12,2012,WOODHEAD,Minor Dam,955,35.54,764.4,80.04
ed17de59-df16-4427-9d81-64944b518c93,05/12/2012,Dec-12,12,2012,WOODHEAD,Minor Dam,955,35.55,765.4,80.15
ddaec728-b49d-4b9d-a7f2-14dc26dea6df,06/12/2012,Dec-12,12,2012,WOODHEAD,Minor Dam,955,35.57,767.2,80.34
eae3f1b6-de0b-40fb-a5e5-57c8c16a6bcc,07/12/2012,Dec-12,12,2012,WOODHEAD,Minor Dam,955,35.57,767.2,80.34
634ecc0b-e527-41f2-9151-f2c6a8a28b4e,08/12/2012,Dec-12,12,2012,WOODHEAD,Minor Dam,955,35.57,767.2,80.34
ab027dc1-7f92-450e-8a69-29f87a5ee26f,09/12/2012,Dec-12,12,2012,WOODHEAD,Minor Dam,955,35.56,766.3,80.24
b5de38c8-b5d0-4e40-8a96-36f84563b6f6,10/12/2012,Dec-12,12,2012,WOODHEAD,Minor Dam,955,35.56,766.3,80.24
2cb9cb36-6af6-47bf-8c7c-131cd225d538,11/12/2012,Dec-12,12,2012,WOODHEAD,Minor Dam,955,35.57,767.2,80.34
f476cd27-0767-40bc-86df-9aecac8fca0e,12/12/2012,Dec-12,12,2012,WOODHEAD,Minor Dam,955,35.57,767.2,80.34
09d1e26d-7ae4-4377-a789-890c0800a798,13/12/2012,Dec-12,12,2012,WOODHEAD,Minor Dam,955,35.57,767.2,80.34
e75d5253-60be-4e76-90e9-3193bc62b8f3,14/12/2012,Dec-12,12,2012,WOODHEAD,Minor Dam,955,35.57,767.2,80.34
f4da23c1-586f-457c-8549-5fa72f79ed74,15/12/2012,Dec-12,12,2012,WOODHEAD,Minor Dam,955,35.58,768.1,80.43
850d8821-cab8-4dcc-bb7f-18cdc91862cb,16/12/2012,Dec-12,12,2012,WOODHEAD,Minor Dam,955,35.59,769.1,80.53
99825e16-f03b-4051-a27e-723bb5581b83,17/12/2012,Dec-12,12,2012,WOODHEAD,Minor Dam,955,35.6,770,80.63
2f5d4629-0877-4935-b2b2-41e9899eee4d,18/12/2012,Dec-12,12,2012,WOODHEAD,Minor Dam,955,35.6,770,80.63
81254a6b-c619-4383-b59a-6b8f03695585,19/12/2012,Dec-12,12,2012,WOODHEAD,Minor Dam,955,35.58,768.1,80.43
8ed1c897-e86d-4bda-b5cc-c4da90060f1c,20/12/2012,Dec-12,12,2012,WOODHEAD,Minor Dam,955,35.58,768.1,80.43
9240dba9-f0f3-4e02-ad5d-d9cdc7d466ec,21/12/2012,Dec-12,12,2012,WOODHEAD,Minor Dam,955,35.57,767.2,80.34
a855ca15-9a0f-485e-9c89-476244373c93,22/12/2012,Dec-12,12,2012,WOODHEAD,Minor Dam,955,35.57,767.2,80.34
d7a530d3-a510-45b2-8846-55285807bbb9,23/12/2012,Dec-12,12,2012,WOODHEAD,Minor Dam,955,35.57,767.2,80.34
a25f590a-cfff-4256-ba23-1d094a7f60ac,24/12/2012,Dec-12,12,2012,WOODHEAD,Minor Dam,955,35.56,766.3,80.24
b8b4c97e-49a9-4cac-bdb6-3c10cd5073df,25/12/2012,Dec-12,12,2012,WOODHEAD,Minor Dam,955,35.55,765.4,80.15
29912844-d153-41a6-9237-0703ab317ee8,26/12/2012,Dec-12,12,2012,WOODHEAD,Minor Dam,955,35.56,766.3,80.24
a25a9d01-9e13-4c3b-8efe-1ed9600e6d34,27/12/2012,Dec-12,12,2012,WOODHEAD,Minor Dam,955,35.56,766.3,80.24
44b52454-ac03-4a7e-86ec-8feb8ce2fbde,28/12/2012,Dec-12,12,2012,WOODHEAD,Minor Dam,955,35.56,766.3,80.24
1109e20b-e9c6-4682-9a7e-f2f96e120c6c,29/12/2012,Dec-12,12,2012,WOODHEAD,Minor Dam,955,35.55,765.4,80.15
98b18253-73a0-427d-adbe-fab6da80ec5d,30/12/2012,Dec-12,12,2012,WOODHEAD,Minor Dam,955,35.55,765.4,80.15
f63a9ddb-8132-4104-8545-765c2e320796,31/12/2012,Dec-12,12,2012,WOODHEAD,Minor Dam,955,35.54,764.4,80.04
d09cda61-06d8-4b6c-89a4-15ec8cda9ecf,01/01/2013,Jan-13,1,2013,WOODHEAD,Minor Dam,955,35.54,764.4,80.04
f1bced6b-1aaa-446e-92f8-f35f11ed6faa,02/01/2013,Jan-13,1,2013,WOODHEAD,Minor Dam,955,35.54,764.4,80.04
cc4fd905-2512-41da-be4e-69e6729467df,03/01/2013,Jan-13,1,2013,WOODHEAD,Minor Dam,955,35.52,762.6,79.85
85b671f3-d663-4672-bd6b-a59a39b7b497,04/01/2013,Jan-13,1,2013,WOODHEAD,Minor Dam,955,35.52,762.6,79.85
9a96a636-547c-4616-898a-83e2366433b7,05/01/2013,Jan-13,1,2013,WOODHEAD,Minor Dam,955,35.52,762.6,79.85
4edc5638-f020-49dc-88bc-bf4c8e52ea63,06/01/2013,Jan-13,1,2013,WOODHEAD,Minor Dam,955,35.49,759.8,79.56
eae7d2bd-7f71-43b5-b8bc-3eca15a563aa,07/01/2013,Jan-13,1,2013,WOODHEAD,Minor Dam,955,35.49,759.8,79.56
fe6e1ea7-9a1e-42de-9fad-22f463dd195a,08/01/2013,Jan-13,1,2013,WOODHEAD,Minor Dam,955,35.49,759.8,79.56
a5b12790-5ebb-4e8a-84b0-67b7cf06b4aa,09/01/2013,Jan-13,1,2013,WOODHEAD,Minor Dam,955,35.37,748.8,78.41
de3e1d3b-2c4b-4737-a72f-d730318d4e11,10/01/2013,Jan-13,1,2013,WOODHEAD,Minor Dam,955,35.25,738.6,77.34
c5ac924a-7d6a-472e-96b3-34aa8aba1087,11/01/2013,Jan-13,1,2013,WOODHEAD,Minor Dam,955,35.01,718.8,75.27
6b2abc1b-d989-4e8e-9384-de0690ad9fcb,12/01/2013,Jan-13,1,2013,WOODHEAD,Minor Dam,955,34.82,703.5,73.66
1c8070bc-ed6a-4b50-8d2d-3ffc3296df1b,13/01/2013,Jan-13,1,2013,WOODHEAD,Minor Dam,955,34.88,708.3,74.17
c50f19d5-9a04-4eda-b930-71ac26562214,14/01/2013,Jan-13,1,2013,WOODHEAD,Minor Dam,955,34.88,708.3,74.17
a8c89a47-8186-4986-b794-8d2cda78171c,15/01/2013,Jan-13,1,2013,WOODHEAD,Minor Dam,955,34.88,708.3,74.17
77808f4e-29de-4bce-bb03-60afef0abd59,16/01/2013,Jan-13,1,2013,WOODHEAD,Minor Dam,955,34.67,691.5,72.41
8a8c3fc8-133a-4c29-badd-d4eed5c05fd3,17/01/2013,Jan-13,1,2013,WOODHEAD,Minor Dam,955,34.52,680,71.2
68973830-8ea2-43f4-aeb7-a9f3d6f72ff1,18/01/2013,Jan-13,1,2013,WOODHEAD,Minor Dam,955,34.34,665.9,69.73
51395a5e-c8e7-483a-bddc-16740a11fc24,19/01/2013,Jan-13,1,2013,WOODHEAD,Minor Dam,955,34.15,651.5,68.22
93608044-2d5c-4e6d-a970-2b193599d0df,20/01/2013,Jan-13,1,2013,WOODHEAD,Minor Dam,955,33.96,637.1,66.71
9629ca0c-09a4-4c0d-b05f-989f17137f0f,21/01/2013,Jan-13,1,2013,WOODHEAD,Minor Dam,955,33.75,621,65.03
e0ea35d8-e42d-4723-831a-4dc8fe961fed,22/01/2013,Jan-13,1,2013,WOODHEAD,Minor Dam,955,33.55,606.1,63.47
686de905-3edd-41f4-a54f-7d8de474d7dc,23/01/2013,Jan-13,1,2013,WOODHEAD,Minor Dam,955,33.34,590.7,61.85
d8934d67-394e-4902-bb5f-28fd213928c5,24/01/2013,Jan-13,1,2013,WOODHEAD,Minor Dam,955,33.1,573.8,60.08
cd5a6e52-b047-48a9-9ce3-dd04f5ee7a74,25/01/2013,Jan-13,1,2013,WOODHEAD,Minor Dam,955,32.89,559.7,58.61
8ee713bb-4ca7-48cd-820f-f3ba7fe45c81,26/01/2013,Jan-13,1,2013,WOODHEAD,Minor Dam,955,32.82,555,58.12
bb860168-10c1-410e-a51c-fe7759d5bd16,27/01/2013,Jan-13,1,2013,WOODHEAD,Minor Dam,955,32.74,549.7,57.56
345d1850-e0fc-476c-a718-1ddd7eb87773,28/01/2013,Jan-13,1,2013,WOODHEAD,Minor Dam,955,32.56,537.8,56.31
3efad134-78df-435a-a137-5e4ace609795,29/01/2013,Jan-13,1,2013,WOODHEAD,Minor Dam,955,32.45,530.9,55.59
cb957e5e-8573-4844-bad1-691c68cf5552,30/01/2013,Jan-13,1,2013,WOODHEAD,Minor Dam,955,32.33,523.3,54.8
d142400c-63e2-4bd1-9d66-981df84536d6,31/01/2013,Jan-13,1,2013,WOODHEAD,Minor Dam,955,32.21,515.7,54
3db7fee2-b21c-4153-9d18-0e5bf75416ca,01/02/2013,Feb-13,2,2013,WOODHEAD,Minor Dam,955,32.01,503.2,52.69
379e1fac-8232-4957-b66d-73f69a976b96,02/02/2013,Feb-13,2,2013,WOODHEAD,Minor Dam,955,31.81,490.6,51.37
dca17652-b193-42f6-bae5-29d9d08ce33e,03/02/2013,Feb-13,2,2013,WOODHEAD,Minor Dam,955,31.58,476.6,49.91
040fc8eb-8b63-4508-8ec0-95ffbd076914,04/02/2013,Feb-13,2,2013,WOODHEAD,Minor Dam,955,31.35,462.9,48.47
295a0e3a-d234-4d2c-9920-abf1c7d9cead,05/02/2013,Feb-13,2,2013,WOODHEAD,Minor Dam,955,31.09,447.3,46.84
08018398-1b01-4961-9847-d0b1625e4288,06/02/2013,Feb-13,2,2013,WOODHEAD,Minor Dam,955,30.9,436.3,45.69
41e0db4b-4ac6-479a-9850-9a226ed36362,07/02/2013,Feb-13,2,2013,WOODHEAD,Minor Dam,955,30.59,418.8,43.85
f0786a63-b4b9-4dde-848a-5dd9e4067a52,08/02/2013,Feb-13,2,2013,WOODHEAD,Minor Dam,955,30.35,405.6,42.47
a20d773e-e611-451e-94ea-ecf9fe2d5382,09/02/2013,Feb-13,2,2013,WOODHEAD,Minor Dam,955,30.51,414.4,43.39
c10a68e8-f4a6-4310-88e7-00e70dd8166e,10/02/2013,Feb-13,2,2013,WOODHEAD,Minor Dam,955,30.68,423.9,44.39
b9d68c12-9852-4264-9cf4-f75e68803b07,11/02/2013,Feb-13,2,2013,WOODHEAD,Minor Dam,955,30.86,433.9,45.43
e868173e-877a-4ccc-a963-547c7248bd65,12/02/2013,Feb-13,2,2013,WOODHEAD,Minor Dam,955,31.06,445.6,46.66
436f0eaa-6690-451f-889e-df27060951b0,13/02/2013,Feb-13,2,2013,WOODHEAD,Minor Dam,955,30.99,441.5,46.23
b89aa69d-1a28-4893-92c2-8d7f44eafa97,14/02/2013,Feb-13,2,2013,WOODHEAD,Minor Dam,955,30.9,436.3,45.69
0b47b67d-a996-4f2c-89b8-ff06ccac6340,15/02/2013,Feb-13,2,2013,WOODHEAD,Minor Dam,955,30.83,432.2,45.26
60351dd0-2672-4283-839b-58c412e9f708,16/02/2013,Feb-13,2,2013,WOODHEAD,Minor Dam,955,30.71,425.6,44.57
2c89ef17-fe6a-45af-ac50-70833d23cb63,17/02/2013,Feb-13,2,2013,WOODHEAD,Minor Dam,955,30.64,421.6,44.15
dbb4279d-8868-4dcb-bfdf-5409852496b3,18/02/2013,Feb-13,2,2013,WOODHEAD,Minor Dam,955,30.51,414.4,43.39
7dd3ee3b-4f67-4ae4-92b1-cabae242b6dd,19/02/2013,Feb-13,2,2013,WOODHEAD,Minor Dam,955,30.52,415,43.46
92b9a864-be80-4cc3-9850-9d1cba427ef5,20/02/2013,Feb-13,2,2013,WOODHEAD,Minor Dam,955,30.38,407.3,42.65
d2d9b58b-4648-44b6-8f33-3540e0978574,21/02/2013,Feb-13,2,2013,WOODHEAD,Minor Dam,955,30.53,415.5,43.51
fc2e3183-c237-45b2-8410-2ed8ba069111,22/02/2013,Feb-13,2,2013,WOODHEAD,Minor Dam,955,30.68,423.9,44.39
5a83e429-eff0-4083-a479-a6aae631164d,23/02/2013,Feb-13,2,2013,WOODHEAD,Minor Dam,955,30.93,438,45.86
816e2d24-7eb9-4568-958b-921fa36e1b61,24/02/2013,Feb-13,2,2013,WOODHEAD,Minor Dam,955,31.08,446.7,46.77
1c8b8232-e5d1-4116-87c7-75ec801dd670,25/02/2013,Feb-13,2,2013,WOODHEAD,Minor Dam,955,31.28,458.7,48.03
6761d025-99ca-4100-8934-9b9db479e7e6,26/02/2013,Feb-13,2,2013,WOODHEAD,Minor Dam,955,31.42,467,48.9
dd1be886-7e7a-4cea-97ed-9053c6cf52aa,27/02/2013,Feb-13,2,2013,WOODHEAD,Minor Dam,955,31.56,475.4,49.78
204fd769-f81f-4dac-aa46-3e662a043394,28/02/2013,Feb-13,2,2013,WOODHEAD,Minor Dam,955,31.81,490.6,51.37
2cf1229f-6e40-4bb3-910a-fd16981446ea,01/03/2013,Mar-13,3,2013,WOODHEAD,Minor Dam,955,32.15,512,53.61
64cd8f2e-edf9-4fc2-823f-c51500740112,02/03/2013,Mar-13,3,2013,WOODHEAD,Minor Dam,955,32.38,526.4,55.12
f46f10ee-71bd-4daa-b839-de49db67f408,03/03/2013,Mar-13,3,2013,WOODHEAD,Minor Dam,955,32.64,543,56.86
0a1e6413-c48c-49f8-b52d-9aae8eaec6cd,04/03/2013,Mar-13,3,2013,WOODHEAD,Minor Dam,955,32.81,554.4,58.05
e23e17ff-e7d8-4359-99cf-219ef7c39499,05/03/2013,Mar-13,3,2013,WOODHEAD,Minor Dam,955,33.03,569.1,59.59
a22743d3-a9dd-417b-a6b0-debd836b39bc,06/03/2013,Mar-13,3,2013,WOODHEAD,Minor Dam,955,33.25,584.1,61.16
35280301-2899-4562-84c1-911ffd1693be,07/03/2013,Mar-13,3,2013,WOODHEAD,Minor Dam,955,33.41,596,62.41
e9939619-f433-4b3a-a181-27dfc317fff9,08/03/2013,Mar-13,3,2013,WOODHEAD,Minor Dam,955,33.57,607.5,63.61
aca1c504-5243-4107-a1a1-20bc9c5cd5b7,09/03/2013,Mar-13,3,2013,WOODHEAD,Minor Dam,955,33.78,623.3,65.27
aff09ef1-9edf-41f8-852c-8ef6aae6b1d5,10/03/2013,Mar-13,3,2013,WOODHEAD,Minor Dam,955,33.91,633.3,66.31
22c0b347-f915-4ef4-bd52-5d68d3b883c6,11/03/2013,Mar-13,3,2013,WOODHEAD,Minor Dam,955,34.08,646.2,67.66
a2215839-508b-4fe6-85c3-8f5bff007411,12/03/2013,Mar-13,3,2013,WOODHEAD,Minor Dam,955,34.25,659.1,69.02
bea0ff20-0de7-4b7e-b28d-5c3c4e5563b3,13/03/2013,Mar-13,3,2013,WOODHEAD,Minor Dam,955,34.38,669,70.05
67a9bb1e-65ed-41c1-aad3-00a5ac8a395a,14/03/2013,Mar-13,3,2013,WOODHEAD,Minor Dam,955,34.42,672.1,70.38
dbb6446e-c8ca-42ab-a4ff-7e3920bb8b55,15/03/2013,Mar-13,3,2013,WOODHEAD,Minor Dam,955,34.41,671.3,70.29
558edefb-ddce-4147-a9d3-cfc7bdbdf12c,16/03/2013,Mar-13,3,2013,WOODHEAD,Minor Dam,955,34.25,659.1,69.02
475fde97-47c4-4067-8ec9-4679b8b9abdd,17/03/2013,Mar-13,3,2013,WOODHEAD,Minor Dam,955,34.11,648.5,67.91
29ab35dd-2f5f-4504-95b0-3d2ee69c67f4,18/03/2013,Mar-13,3,2013,WOODHEAD,Minor Dam,955,33.94,635.5,66.54
baaa0b74-fd96-4790-ae7b-e2b5bb64c24f,19/03/2013,Mar-13,3,2013,WOODHEAD,Minor Dam,955,33.78,623.3,65.27
fd321e4a-2ea0-48ad-871a-db68c1dcfd2b,20/03/2013,Mar-13,3,2013,WOODHEAD,Minor Dam,955,33.77,622.5,65.18
3f5a20e7-eb12-4372-a330-0ac739f339ae,21/03/2013,Mar-13,3,2013,WOODHEAD,Minor Dam,955,33.77,622.5,65.18
3bf5772d-aa71-4719-9329-b2662b5e02ba,22/03/2013,Mar-13,3,2013,WOODHEAD,Minor Dam,955,33.76,621.8,65.11
067d7971-50a5-4ec9-b686-c63ab44a17e2,23/03/2013,Mar-13,3,2013,WOODHEAD,Minor Dam,955,33.76,621.8,65.11
a49360cb-6595-4209-be16-432dd8ec7fcb,24/03/2013,Mar-13,3,2013,WOODHEAD,Minor Dam,955,33.79,624,65.34
40594f7c-0fc6-4d31-82f4-cde37ece0a47,25/03/2013,Mar-13,3,2013,WOODHEAD,Minor Dam,955,33.82,626.3,65.58
0d5d1d2f-ab4d-4993-8438-4a446fa320ad,26/03/2013,Mar-13,3,2013,WOODHEAD,Minor Dam,955,33.82,626.3,65.58
e140ed4e-a4cf-421b-9750-d48971b80b74,27/03/2013,Mar-13,3,2013,WOODHEAD,Minor Dam,955,33.75,621,65.03
7d95461a-67f6-4510-b645-3f2d66e865eb,28/03/2013,Mar-13,3,2013,WOODHEAD,Minor Dam,955,33.72,618.7,64.79
50ba1478-ec90-472e-aa9a-df150f43e57f,29/03/2013,Mar-13,3,2013,WOODHEAD,Minor Dam,955,33.5,602.5,63.09
6d9aefa3-e0a7-4f41-b470-f4456953ccc1,30/03/2013,Mar-13,3,2013,WOODHEAD,Minor Dam,955,33.53,604.6,63.31
c1d6effd-1b8f-4aee-b350-75f24817e117,31/03/2013,Mar-13,3,2013,WOODHEAD,Minor Dam,955,33.55,606.1,63.47
d5d30a8b-a114-4c7a-8098-8980ffd0a6c3,01/04/2013,Apr-13,4,2013,WOODHEAD,Minor Dam,955,33.58,608.2,63.69
6d4b2e16-672e-467f-a9a7-da85f1e2e470,02/04/2013,Apr-13,4,2013,WOODHEAD,Minor Dam,955,33.68,615.7,64.47
875e19e0-2c77-4a57-b7a2-a610b31f87d3,03/04/2013,Apr-13,4,2013,WOODHEAD,Minor Dam,955,34.08,646.2,67.66
6c3c747a-1154-4703-94fd-95efd395512f,04/04/2013,Apr-13,4,2013,WOODHEAD,Minor Dam,955,34.4,670.5,70.21
6304ce95-287f-4b68-8a14-b75b6ba3b3b2,05/04/2013,Apr-13,4,2013,WOODHEAD,Minor Dam,955,34.69,693,72.57
258112e9-9637-457c-a260-0ddd796d4339,06/04/2013,Apr-13,4,2013,WOODHEAD,Minor Dam,955,34.97,715.6,74.93
9b79099e-7b63-4318-a131-66eee8a527be,07/04/2013,Apr-13,4,2013,WOODHEAD,Minor Dam,955,35.13,728.6,76.29
441084b6-4d59-4086-a188-98dd9df4dd5a,08/04/2013,Apr-13,4,2013,WOODHEAD,Minor Dam,955,35.38,749.6,78.49
a2ae99c1-e0fa-438d-80d3-aef44a64ea4d,09/04/2013,Apr-13,4,2013,WOODHEAD,Minor Dam,955,35.58,768.1,80.43
b1cb3d30-f807-4ffc-af89-afb32b27c0bc,10/04/2013,Apr-13,4,2013,WOODHEAD,Minor Dam,955,35.68,778.6,81.53
57352c40-0628-4bdc-86d6-0094c56749ee,11/04/2013,Apr-13,4,2013,WOODHEAD,Minor Dam,955,35.72,782.6,81.95
73999184-fdeb-4f86-8fd3-98df2be65c30,12/04/2013,Apr-13,4,2013,WOODHEAD,Minor Dam,955,35.76,786.3,82.34
b69a525c-1c77-4ec4-9cc0-3b4f4cf94782,13/04/2013,Apr-13,4,2013,WOODHEAD,Minor Dam,955,35.8,789.9,82.71
81a935cf-ad2b-4545-924c-3c9430c622a7,14/04/2013,Apr-13,4,2013,WOODHEAD,Minor Dam,955,35.78,788.1,82.52
1f0af444-872f-46b9-9f59-184e870380a9,15/04/2013,Apr-13,4,2013,WOODHEAD,Minor Dam,955,35.78,788.1,82.52
2a281417-cbf4-41f6-95ab-7dc48fc46945,16/04/2013,Apr-13,4,2013,WOODHEAD,Minor Dam,955,35.81,790.9,82.82
5ac33f7b-6fa2-4c5c-a41c-2a6eb442e47d,17/04/2013,Apr-13,4,2013,WOODHEAD,Minor Dam,955,35.81,790.9,82.82
22381379-729f-46a0-b5fb-ca0272b295f9,18/04/2013,Apr-13,4,2013,WOODHEAD,Minor Dam,955,36.17,829,86.81
abdf3229-2434-42d4-b5b1-c9a5fc5c7329,19/04/2013,Apr-13,4,2013,WOODHEAD,Minor Dam,955,36.17,829,86.81
20b9d895-df1e-453f-93e0-ce6b18631522,20/04/2013,Apr-13,4,2013,WOODHEAD,Minor Dam,955,37,928.9,97.27
052a5532-f368-453d-9c69-02a03eed84b0,21/04/2013,Apr-13,4,2013,WOODHEAD,Minor Dam,955,37.03,932.8,97.68
cede56be-36d7-427f-a3c8-47421c91854f,22/04/2013,Apr-13,4,2013,WOODHEAD,Minor Dam,955,37.19,954,99.9
a434e3db-0709-4a8b-95aa-ef35444e9754,23/04/2013,Apr-13,4,2013,WOODHEAD,Minor Dam,955,37.19,954,99.9
9dfea2de-49ea-4183-b15f-4b89916c2fc1,24/04/2013,Apr-13,4,2013,WOODHEAD,Minor Dam,955,37.06,936.8,98.09
b4237d56-ea89-422b-bee2-6bd10f70256c,25/04/2013,Apr-13,4,2013,WOODHEAD,Minor Dam,955,36.9,915.4,95.85
dfdacbd4-35f2-4028-b8d7-657ddcea24ae,26/04/2013,Apr-13,4,2013,WOODHEAD,Minor Dam,955,36.75,896.8,93.91
16bc0a07-4b00-48a3-bbb0-61da32d2ef12,27/04/2013,Apr-13,4,2013,WOODHEAD,Minor Dam,955,36.6,878.3,91.97
55155876-bf11-44d3-ac03-15505407a5a9,28/04/2013,Apr-13,4,2013,WOODHEAD,Minor Dam,955,36.45,860.8,90.14
51297134-8377-494e-bc1b-276e418d99cf,29/04/2013,Apr-13,4,2013,WOODHEAD,Minor Dam,955,36.35,849.2,88.92
dc161f8d-fecb-4f39-bda2-2868dae3ab8f,30/04/2013,Apr-13,4,2013,WOODHEAD,Minor Dam,955,36.19,831.3,87.05
486802a7-096a-4f55-aca0-3088bcdde066,01/05/2013,May-13,5,2013,WOODHEAD,Minor Dam,955,36.05,815.8,85.42
af796d1a-31cc-4f8c-8c82-44017dc85a69,02/05/2013,May-13,5,2013,WOODHEAD,Minor Dam,955,35.88,798.1,83.57
98adbe32-7757-4b78-bd28-adca16975c53,03/05/2013,May-13,5,2013,WOODHEAD,Minor Dam,955,35.59,769.1,80.53
da4967e8-4f13-43e9-b857-02369af32bdf,04/05/2013,May-13,5,2013,WOODHEAD,Minor Dam,955,35.46,756.9,79.26
a6a4345a-8716-4b73-9df0-666b9808d23c,05/05/2013,May-13,5,2013,WOODHEAD,Minor Dam,955,35.25,738.6,77.34
4049d1f3-96f8-4709-9858-23139ecca35c,06/05/2013,May-13,5,2013,WOODHEAD,Minor Dam,955,35.03,720.4,75.43
97804316-ba83-4cec-bd84-88739e859c19,07/05/2013,May-13,5,2013,WOODHEAD,Minor Dam,955,34.78,700.3,73.33
90475578-2f3f-408b-9333-b6340e911636,08/05/2013,May-13,5,2013,WOODHEAD,Minor Dam,955,34.55,682.4,71.46
296bcce3-971c-4b6b-a0a1-4af6202bc325,09/05/2013,May-13,5,2013,WOODHEAD,Minor Dam,955,34.31,663.7,69.5
37f5e3df-c538-4153-a173-2c423205377e,10/05/2013,May-13,5,2013,WOODHEAD,Minor Dam,955,34.1,647.7,67.82
614ac388-9eb8-429a-84fb-4340f16a985c,11/05/2013,May-13,5,2013,WOODHEAD,Minor Dam,955,33.83,627.1,65.66
22c708b8-19d9-41b4-b201-1e95d47febf9,12/05/2013,May-13,5,2013,WOODHEAD,Minor Dam,955,33.58,608.2,63.69
cc8c0316-dc44-440d-9ccc-0963d23257d5,13/05/2013,May-13,5,2013,WOODHEAD,Minor Dam,955,33.33,590,61.78
d4f57d05-c000-428b-850c-5297a45dab1f,14/05/2013,May-13,5,2013,WOODHEAD,Minor Dam,955,33.04,569.8,59.66
c0083f08-ab63-4355-b843-0087274c0693,15/05/2013,May-13,5,2013,WOODHEAD,Minor Dam,955,32.78,552.4,57.84
47b28dbb-477f-4ef5-83f3-a32a732ed49b,16/05/2013,May-13,5,2013,WOODHEAD,Minor Dam,955,32.58,539.1,56.45
f39a6898-ff65-4567-8c54-f2f102bbd0d6,17/05/2013,May-13,5,2013,WOODHEAD,Minor Dam,955,32.36,525.2,54.99
b98ced11-9506-4cfd-9129-575d51225315,18/05/2013,May-13,5,2013,WOODHEAD,Minor Dam,955,32.18,513.9,53.81
37de00ec-1132-41d5-b29e-c39afe9179db,19/05/2013,May-13,5,2013,WOODHEAD,Minor Dam,955,31.95,499.5,52.3
d03e65f9-6e14-4ded-83a7-79923a8a9922,20/05/2013,May-13,5,2013,WOODHEAD,Minor Dam,955,31.77,488.1,51.11
0e042442-e6ba-4cbf-b3f9-3df8e1aebb71,21/05/2013,May-13,5,2013,WOODHEAD,Minor Dam,955,31.48,470.5,49.27
9ad12c5c-1ba3-4268-9049-275cc0b0cc53,22/05/2013,May-13,5,2013,WOODHEAD,Minor Dam,955,31.33,461.8,48.36
74a8ad3e-72de-4417-8f9d-00034158bed1,23/05/2013,May-13,5,2013,WOODHEAD,Minor Dam,955,31.1,447.9,46.9
40195b80-9a0a-449e-aab3-45a25a3793b2,24/05/2013,May-13,5,2013,WOODHEAD,Minor Dam,955,30.87,434.5,45.5
67b5bd31-e958-4077-8125-dc89de074b9c,25/05/2013,May-13,5,2013,WOODHEAD,Minor Dam,955,30.63,421,44.08
17cb8ac0-a0cb-4891-983e-6eb7350d1c7d,26/05/2013,May-13,5,2013,WOODHEAD,Minor Dam,955,30.38,407.3,42.65
044b8859-312f-4844-942b-30d62c964587,27/05/2013,May-13,5,2013,WOODHEAD,Minor Dam,955,30.19,396.8,41.55
e0535855-ab83-44ed-80d2-614c83995398,28/05/2013,May-13,5,2013,WOODHEAD,Minor Dam,955,30.44,410.7,43.01
436508ab-a2fe-40a9-9d45-89400185dc5f,29/05/2013,May-13,5,2013,WOODHEAD,Minor Dam,955,30.34,405,42.41
bb655631-3e36-4886-ae51-509db2fb7396,30/05/2013,May-13,5,2013,WOODHEAD,Minor Dam,955,30.24,399.5,41.83
61af59d5-f826-42cd-82c2-3117204a2ae9,31/05/2013,May-13,5,2013,WOODHEAD,Minor Dam,955,30.28,401.6,42.05
52678eb5-cac4-4c90-bd99-ecfa84a96dd4,01/06/2013,Jun-13,6,2013,WOODHEAD,Minor Dam,955,30.3,402.7,42.17
b51c81ff-ba1d-427d-880e-634d95324186,02/06/2013,Jun-13,6,2013,WOODHEAD,Minor Dam,955,30.32,403.9,42.29
5095b179-76f6-49bb-86b8-875219fe5311,03/06/2013,Jun-13,6,2013,WOODHEAD,Minor Dam,955,30.98,440.9,46.17
0a7ffc10-cbed-4e9f-afac-1ce6dff42886,04/06/2013,Jun-13,6,2013,WOODHEAD,Minor Dam,955,31.14,450.2,47.14
bd771218-4a4d-4f15-afee-64d6f5e6f354,05/06/2013,Jun-13,6,2013,WOODHEAD,Minor Dam,955,31.18,452.5,47.38
241c7e49-1ae8-4e9e-9e68-df0205a7032b,06/06/2013,Jun-13,6,2013,WOODHEAD,Minor Dam,955,31.2,453.7,47.51
8f98bbd8-04f8-4fc1-a47b-92cc5c7cf90d,07/06/2013,Jun-13,6,2013,WOODHEAD,Minor Dam,955,31.18,452.5,47.38
fcae396b-c963-45ed-938e-89a6f6b3b1d3,08/06/2013,Jun-13,6,2013,WOODHEAD,Minor Dam,955,30.89,435.7,45.62
23528eee-9fc7-4629-9ed1-07e30894790b,09/06/2013,Jun-13,6,2013,WOODHEAD,Minor Dam,955,30.9,436.3,45.69
4971db0f-b172-4f06-a99d-9a6013b7ada4,10/06/2013,Jun-13,6,2013,WOODHEAD,Minor Dam,955,31.93,498.2,52.17
e7957d86-c777-4086-8f0a-8b29b0ab7825,11/06/2013,Jun-13,6,2013,WOODHEAD,Minor Dam,955,32.12,510.1,53.41
af6f7e49-fcb9-414b-86f5-bfc716bbaa52,12/06/2013,Jun-13,6,2013,WOODHEAD,Minor Dam,955,32.05,505.8,52.96
67bd5734-2149-4b7d-b507-4d162903e76e,13/06/2013,Jun-13,6,2013,WOODHEAD,Minor Dam,955,31.88,495,51.83
63b0be93-34a7-4317-8906-2759af6b03ea,14/06/2013,Jun-13,6,2013,WOODHEAD,Minor Dam,955,31.73,485.7,50.86
1a1c34a4-987a-45b9-b375-1bfc74a5db5a,15/06/2013,Jun-13,6,2013,WOODHEAD,Minor Dam,955,31.84,492.5,51.57
ef49b4b6-4393-4646-a70f-2727c04f9efd,16/06/2013,Jun-13,6,2013,WOODHEAD,Minor Dam,955,32.61,541,56.65
9e9515be-606a-4b77-8d2c-ce0b268b54ac,17/06/2013,Jun-13,6,2013,WOODHEAD,Minor Dam,955,32.64,543,56.86
7d5f2adb-ead1-485a-b081-e53e83efbb50,18/06/2013,Jun-13,6,2013,WOODHEAD,Minor Dam,955,32.54,536.6,56.19
1b41bb22-1487-4ea1-ac69-327d841d73d2,19/06/2013,Jun-13,6,2013,WOODHEAD,Minor Dam,955,32.4,527.7,55.26
cbbc79ab-9cd5-4832-87dc-133d7257ad6f,20/06/2013,Jun-13,6,2013,WOODHEAD,Minor Dam,955,32.41,528.3,55.32
a3e3c6ff-d4b3-44ae-9519-0931de18d8fb,21/06/2013,Jun-13,6,2013,WOODHEAD,Minor Dam,955,32.6,540.3,56.58
b474110d-2cc9-4cda-b867-7ae75494d03a,22/06/2013,Jun-13,6,2013,WOODHEAD,Minor Dam,955,32.54,536.6,56.19
6b39038c-c7a0-4d10-a288-1f3ff0940b12,23/06/2013,Jun-13,6,2013,WOODHEAD,Minor Dam,955,32.8,553.7,57.98
873f9843-e274-402f-8cce-a0bc309849e0,24/06/2013,Jun-13,6,2013,WOODHEAD,Minor Dam,955,32.88,559.1,58.54
8812ae69-702e-4cde-b1f2-1428d821e024,25/06/2013,Jun-13,6,2013,WOODHEAD,Minor Dam,955,32.88,559.1,58.54
a724f64d-0c6c-4d1e-b757-bae19436f665,26/06/2013,Jun-13,6,2013,WOODHEAD,Minor Dam,955,34.06,644.7,67.51
83943fcc-db49-4e76-ba78-3db5370d6219,27/06/2013,Jun-13,6,2013,WOODHEAD,Minor Dam,955,34.84,705.1,73.83
8e9c95e7-1555-45d3-9f41-397cc8d3588d,28/06/2013,Jun-13,6,2013,WOODHEAD,Minor Dam,955,35.12,727.7,76.2
01e54611-912c-4e59-8158-b4463f2c9ccb,29/06/2013,Jun-13,6,2013,WOODHEAD,Minor Dam,955,35.16,731,76.54
1fa54348-e003-45c7-855b-9ca731422745,30/06/2013,Jun-13,6,2013,WOODHEAD,Minor Dam,955,35.07,723.7,75.78
8e047248-9b65-4321-862b-50fbe45371df,01/07/2013,Jul-13,7,2013,WOODHEAD,Minor Dam,955,34.95,714,74.76
41e3d4fa-1da9-4e52-b4ad-6fdae6802cb9,02/07/2013,Jul-13,7,2013,WOODHEAD,Minor Dam,955,34.87,707.5,74.08
1dda33ce-a4e2-42fa-bc88-5fb5afb6d374,03/07/2013,Jul-13,7,2013,WOODHEAD,Minor Dam,955,34.63,688.5,72.09
3c68d710-b755-4bd2-9607-c78dc85f6973,04/07/2013,Jul-13,7,2013,WOODHEAD,Minor Dam,955,34.4,670.5,70.21
048340b2-c0dc-4d2d-940d-9d46e01f6dea,05/07/2013,Jul-13,7,2013,WOODHEAD,Minor Dam,955,34.27,660.6,69.17
a89bc624-347a-4bc8-86c2-594098cede5e,06/07/2013,Jul-13,7,2013,WOODHEAD,Minor Dam,955,34.15,651.5,68.22
30d75d3e-f391-4b98-962b-6c3d38d0bfa0,07/07/2013,Jul-13,7,2013,WOODHEAD,Minor Dam,955,34.02,641.6,67.18
71d3f897-4680-45e2-b99d-40fbccf6bcb9,08/07/2013,Jul-13,7,2013,WOODHEAD,Minor Dam,955,33.87,630.2,65.99
91131c08-2c01-4fd9-bd09-c0471a3b2264,09/07/2013,Jul-13,7,2013,WOODHEAD,Minor Dam,955,33.96,637.1,66.71
b9038bb7-befd-4c5c-bb1e-ca8ea533a093,10/07/2013,Jul-13,7,2013,WOODHEAD,Minor Dam,955,33.88,631,66.07
6e5b7ab6-6ae5-4b07-85df-f44b8028999b,11/07/2013,Jul-13,7,2013,WOODHEAD,Minor Dam,955,33.74,620.2,64.94
69044aca-da11-49f1-86fc-736b781a11e8,12/07/2013,Jul-13,7,2013,WOODHEAD,Minor Dam,955,33.56,606.8,63.54
0885a214-c9a4-4b8f-be22-0447dea9f8bd,13/07/2013,Jul-13,7,2013,WOODHEAD,Minor Dam,955,33.43,597.5,62.57
28520afa-87fa-4eb5-a969-077239e489f6,14/07/2013,Jul-13,7,2013,WOODHEAD,Minor Dam,955,33.21,581.2,60.86
d168bdcc-cdc8-466e-8780-1d790bb147b3,15/07/2013,Jul-13,7,2013,WOODHEAD,Minor Dam,955,33.21,581.2,60.86
835ef254-e64e-421a-9404-3c9fab927211,16/07/2013,Jul-13,7,2013,WOODHEAD,Minor Dam,955,32.88,559.1,58.54
2c080a1e-4fc2-4f45-8d43-2ff11f27d13e,17/07/2013,Jul-13,7,2013,WOODHEAD,Minor Dam,955,32.73,549,57.49
6e6deefb-d2b0-4b01-b401-b91fc119f3da,18/07/2013,Jul-13,7,2013,WOODHEAD,Minor Dam,955,32.62,541.6,56.71
6e2aab88-67fc-4195-a026-d73ad6fd1958,19/07/2013,Jul-13,7,2013,WOODHEAD,Minor Dam,955,32.48,532.8,55.79
16a9e4ad-6e4c-4237-9893-7c58c1542e16,20/07/2013,Jul-13,7,2013,WOODHEAD,Minor Dam,955,33.41,596,62.41
336c599d-b909-4932-affa-3377fa2116ef,21/07/2013,Jul-13,7,2013,WOODHEAD,Minor Dam,955,34.26,659.9,69.1
76771d8f-d097-4e69-a0aa-07bb78d3583c,22/07/2013,Jul-13,7,2013,WOODHEAD,Minor Dam,955,34.4,670.5,70.21
f141c2a5-a996-4209-9b39-a17dd4e0b92f,23/07/2013,Jul-13,7,2013,WOODHEAD,Minor Dam,955,34.34,665.9,69.73
ddc7969f-c412-4b6c-8287-962073334101,24/07/2013,Jul-13,7,2013,WOODHEAD,Minor Dam,955,34.46,675.3,70.71
a806e079-18b6-4ec3-a556-58b8165cb7a6,25/07/2013,Jul-13,7,2013,WOODHEAD,Minor Dam,955,34.84,705.1,73.83
7752f22a-83f6-4c7b-a8ad-552ff1acb6ad,26/07/2013,Jul-13,7,2013,WOODHEAD,Minor Dam,955,34.85,705.9,73.92
36939b9d-02e1-436a-87a8-8e4f95c266ab,27/07/2013,Jul-13,7,2013,WOODHEAD,Minor Dam,955,34.98,716.4,75.02
4a58fed0-7cc5-4488-be04-81dac656bdef,28/07/2013,Jul-13,7,2013,WOODHEAD,Minor Dam,955,35.61,771.1,80.74
d6ea552a-0e33-423d-8da1-f33830f58799,29/07/2013,Jul-13,7,2013,WOODHEAD,Minor Dam,955,36.22,834.6,87.39
9fcfad43-f3c4-4e12-8e7c-993e56e33bd9,30/07/2013,Jul-13,7,2013,WOODHEAD,Minor Dam,955,36.31,844.6,88.44
2b2e9478-1158-4d90-a57e-27c3283c4dea,31/07/2013,Jul-13,7,2013,WOODHEAD,Minor Dam,955,36.28,841.3,88.09
e0383fb2-1065-4aac-8ff5-8a8253514764,01/08/2013,Aug-13,8,2013,WOODHEAD,Minor Dam,955,36.2,832.4,87.16
5f275d65-7927-4d4c-a47c-ede6905e74c7,02/08/2013,Aug-13,8,2013,WOODHEAD,Minor Dam,955,36.1,821.2,85.99
5280e397-4f77-4b94-9177-c3e4de5e7b3e,03/08/2013,Aug-13,8,2013,WOODHEAD,Minor Dam,955,36,810.4,84.86
5ece4121-c9a8-4641-a279-83f957ff78f9,04/08/2013,Aug-13,8,2013,WOODHEAD,Minor Dam,955,35.88,798.1,83.57
16fff40c-1de2-4de8-9830-139380d82a5c,05/08/2013,Aug-13,8,2013,WOODHEAD,Minor Dam,955,35.68,778.6,81.53
1b58365c-fa33-4c09-942f-6273cd0aec0c,06/08/2013,Aug-13,8,2013,WOODHEAD,Minor Dam,955,35.54,764.4,80.04
0e286347-730b-4f55-a59a-8af3aae4525f,07/08/2013,Aug-13,8,2013,WOODHEAD,Minor Dam,955,35.35,747.1,78.23
8d90d5e0-3fa6-4e42-97b7-2ea4e645fc9f,08/08/2013,Aug-13,8,2013,WOODHEAD,Minor Dam,955,35.3,742.8,77.78
81ffe1cc-de0a-4358-ba50-9ea47c8a504b,09/08/2013,Aug-13,8,2013,WOODHEAD,Minor Dam,955,35.38,749.6,78.49
0a53612a-bbd0-4fba-a35d-7850ed322353,10/08/2013,Aug-13,8,2013,WOODHEAD,Minor Dam,955,35.32,744.5,77.96
09959692-3fce-418f-807d-11c85659adc9,11/08/2013,Aug-13,8,2013,WOODHEAD,Minor Dam,955,35.24,737.7,77.25
6fabe9dc-d7fd-408a-96a8-c50bc9e03ced,12/08/2013,Aug-13,8,2013,WOODHEAD,Minor Dam,955,35.14,729.4,76.38
3f406453-6cc6-490a-b159-bd736522348f,13/08/2013,Aug-13,8,2013,WOODHEAD,Minor Dam,955,35.01,718.8,75.27
e9eb56e3-fcfb-48ab-8cc2-a312a0c05185,14/08/2013,Aug-13,8,2013,WOODHEAD,Minor Dam,955,36.14,825.7,86.46
3d9fe07a-bc79-42de-8f95-bbba3bb090be,15/08/2013,Aug-13,8,2013,WOODHEAD,Minor Dam,955,36.69,889.4,93.13
6e981517-ad6d-4ffe-8d9a-1a921987f3e3,16/08/2013,Aug-13,8,2013,WOODHEAD,Minor Dam,955,37.03,932.8,97.68
f86300d5-163e-49da-a67d-6e0a14b3f29b,17/08/2013,Aug-13,8,2013,WOODHEAD,Minor Dam,955,37.28,965.9,101.14
c5bb9370-810a-4dbe-a1eb-ecdbe05e593c,18/08/2013,Aug-13,8,2013,WOODHEAD,Minor Dam,955,37.32,958,100.31
1841e2af-0332-4b99-8cef-43fc93de16f5,19/08/2013,Aug-13,8,2013,WOODHEAD,Minor Dam,955,37.26,963.3,100.87
524a517a-b12d-4e4a-bf46-2b3f51ef75f7,20/08/2013,Aug-13,8,2013,WOODHEAD,Minor Dam,955,37.23,959.3,100.45
69846b7c-51a0-4ca0-856c-08817c3615b3,21/08/2013,Aug-13,8,2013,WOODHEAD,Minor Dam,955,37.16,950,99.48
f1f417d5-23bb-41fc-92d4-ce75bae9c7a3,22/08/2013,Aug-13,8,2013,WOODHEAD,Minor Dam,955,37.33,971.5,101.73
215ebe38-0c0a-4b13-a794-b53d82fdef9d,23/08/2013,Aug-13,8,2013,WOODHEAD,Minor Dam,955,37.24,960.6,100.59
126bdea6-60a0-47ce-86c5-c38568a91853,24/08/2013,Aug-13,8,2013,WOODHEAD,Minor Dam,955,37.17,951.3,99.61
abc5e01b-07e4-4ba9-a98c-373e3adbe448,25/08/2013,Aug-13,8,2013,WOODHEAD,Minor Dam,955,37.11,943.3,98.77
e2c9a639-4dcf-4e65-ba6e-36390cb63ef0,26/08/2013,Aug-13,8,2013,WOODHEAD,Minor Dam,955,37.01,930.2,97.4
1f54a42b-7c80-4491-a4e0-05d4db32eb0c,27/08/2013,Aug-13,8,2013,WOODHEAD,Minor Dam,955,36.9,915.4,95.85
4d93c46c-85fa-4f3a-a425-f610c36c724c,28/08/2013,Aug-13,8,2013,WOODHEAD,Minor Dam,955,36.78,900.4,94.28
8913c17a-5921-4ec9-bc6f-552a506f8b97,29/08/2013,Aug-13,8,2013,WOODHEAD,Minor Dam,955,36.75,896.8,93.91
af12fc82-d125-42b3-91d6-baf2729373cf,30/08/2013,Aug-13,8,2013,WOODHEAD,Minor Dam,955,37.4,955.3,100.03
d5c1c299-5522-48b6-ad86-53129905f995,31/08/2013,Aug-13,8,2013,WOODHEAD,Minor Dam,955,37.28,965.9,101.14
7d714778-d70a-4d4f-9a29-82015247ae7f,01/09/2013,Sep-13,9,2013,WOODHEAD,Minor Dam,955,37.28,965.9,101.14
76ab700d-634c-482c-9461-db08dfe7b422,02/09/2013,Sep-13,9,2013,WOODHEAD,Minor Dam,955,37.19,954,99.9
a45a0639-6eb8-4e48-9c73-35543a4cfcb1,03/09/2013,Sep-13,9,2013,WOODHEAD,Minor Dam,955,37.18,952.6,99.75
2fdcc3c4-ac78-4d96-9f8c-2066334feab4,04/09/2013,Sep-13,9,2013,WOODHEAD,Minor Dam,955,37.27,964.6,101.01
7498e0f7-210e-4bf2-bf8f-be42c0c4b2c9,05/09/2013,Sep-13,9,2013,WOODHEAD,Minor Dam,955,37.2,955.3,100.03
bef1ba06-4a66-4823-9621-65b9f94dd655,06/09/2013,Sep-13,9,2013,WOODHEAD,Minor Dam,955,37.16,950,99.48
5d351b19-a28b-47da-a879-6e611e58d0f5,07/09/2013,Sep-13,9,2013,WOODHEAD,Minor Dam,955,37.1,942,98.64
1386d4d7-f0f9-4bae-9975-9eeee4756f58,08/09/2013,Sep-13,9,2013,WOODHEAD,Minor Dam,955,37.02,931.5,97.54
e1b28ad8-d5de-42de-beb9-c6b60ba52331,09/09/2013,Sep-13,9,2013,WOODHEAD,Minor Dam,955,36.91,916.8,96
cc32c96d-fb97-483f-8c5e-1cedbcbabba1,10/09/2013,Sep-13,9,2013,WOODHEAD,Minor Dam,955,36.86,910.4,95.33
b54c3a08-e5ec-44f0-82d3-f94a860c5e15,11/09/2013,Sep-13,9,2013,WOODHEAD,Minor Dam,955,36.77,899.2,94.16
f8a786c8-f8be-466e-aad5-0c337fb5db5c,12/09/2013,Sep-13,9,2013,WOODHEAD,Minor Dam,955,36.73,894.3,93.64
c4cae369-5942-4bf6-8be7-cd7f55b7ceec,13/09/2013,Sep-13,9,2013,WOODHEAD,Minor Dam,955,36.5,866.7,90.75
1bcea358-f358-4615-ab1f-fbca8ba76345,14/09/2013,Sep-13,9,2013,WOODHEAD,Minor Dam,955,36.98,926.2,96.98
f2eb83ae-d204-43fb-9f62-aaeac016a165,15/09/2013,Sep-13,9,2013,WOODHEAD,Minor Dam,955,37.26,963.3,100.87
3c54b6b7-036e-4639-b3eb-c798a6e220b0,16/09/2013,Sep-13,9,2013,WOODHEAD,Minor Dam,955,37.24,960.6,100.59
3b8c293c-8452-4e56-92bb-15508be5550a,17/09/2013,Sep-13,9,2013,WOODHEAD,Minor Dam,955,37.24,960.6,100.59
42d80a8c-4e35-4f85-8178-2992cead4f66,18/09/2013,Sep-13,9,2013,WOODHEAD,Minor Dam,955,37.31,956.6,100.17
ca7d7806-d2dd-4e5e-876e-93b34cb288c4,19/09/2013,Sep-13,9,2013,WOODHEAD,Minor Dam,955,37.28,965.9,101.14
e94bea1b-d8da-4fc7-844b-fb9777ebb2a9,20/09/2013,Sep-13,9,2013,WOODHEAD,Minor Dam,955,37.23,959.3,100.45
ed6f0a0b-ac1f-4094-9734-fe27d55d19cf,21/09/2013,Sep-13,9,2013,WOODHEAD,Minor Dam,955,37.38,965.9,101.14
0e0f78fb-8fe6-49ea-baa6-3c2180c3b556,22/09/2013,Sep-13,9,2013,WOODHEAD,Minor Dam,955,37.37,964.6,101.01
069fa7a0-5b42-4df0-b2ba-d7da0393bfb0,23/09/2013,Sep-13,9,2013,WOODHEAD,Minor Dam,955,37.23,959.3,100.45
b0567de6-dee4-4779-86ae-f23d25f0da3e,24/09/2013,Sep-13,9,2013,WOODHEAD,Minor Dam,955,37.18,952.6,99.75
a5dd3596-5a3f-4c82-8392-0f5ee7eabc7f,25/09/2013,Sep-13,9,2013,WOODHEAD,Minor Dam,955,37.18,952.6,99.75
2aa487d3-e978-4ee9-bc55-a9e31706bc62,26/09/2013,Sep-13,9,2013,WOODHEAD,Minor Dam,955,37.07,938.1,98.23
2f293f2f-0a8e-4124-813a-3eda4147dbb8,27/09/2013,Sep-13,9,2013,WOODHEAD,Minor Dam,955,36.98,926.2,96.98
d3441ce1-c852-45fe-ac7d-8f5694f4d167,28/09/2013,Sep-13,9,2013,WOODHEAD,Minor Dam,955,37.31,956.6,100.17
08f244c4-0a12-4abf-b6a2-24e98037adae,29/09/2013,Sep-13,9,2013,WOODHEAD,Minor Dam,955,37.23,959.3,100.45
94583cd2-218c-4b3d-9e48-7512a7d93349,30/09/2013,Sep-13,9,2013,WOODHEAD,Minor Dam,955,37.17,951.3,99.61
058b6565-2305-4c30-b291-004e75479055,01/10/2013,Oct-13,10,2013,WOODHEAD,Minor Dam,955,37.09,940.7,98.5
aabcf3cf-9ba1-4db4-bbc9-66c1a8d82d80,02/10/2013,Oct-13,10,2013,WOODHEAD,Minor Dam,955,36.93,919.5,96.28
5a07ee54-6f2b-47e3-a036-d15186d2e648,03/10/2013,Oct-13,10,2013,WOODHEAD,Minor Dam,955,36.79,901.7,94.42
4a01917d-d9d6-41b8-bcac-908fc3311acd,04/10/2013,Oct-13,10,2013,WOODHEAD,Minor Dam,955,36.6,878.3,91.97
c6f9b55f-542c-4d8c-83a5-69a1ea2fe124,05/10/2013,Oct-13,10,2013,WOODHEAD,Minor Dam,955,36.46,861.9,90.25
06e25fb3-d6c9-4f6d-a65c-8bb410d40ea7,06/10/2013,Oct-13,10,2013,WOODHEAD,Minor Dam,955,36.26,839.1,87.86
855bdceb-5e8e-494b-a9f8-bb128f827d46,07/10/2013,Oct-13,10,2013,WOODHEAD,Minor Dam,955,36.16,827.9,86.69
e3cbff7d-e248-484e-b7fc-a24d4120a01c,08/10/2013,Oct-13,10,2013,WOODHEAD,Minor Dam,955,36.03,813.6,85.19
f5020937-4b66-4c9a-bde4-4b0ec8b3f533,09/10/2013,Oct-13,10,2013,WOODHEAD,Minor Dam,955,35.83,793,83.04
76bfed9c-569f-46aa-8bac-3e1bc2ba7dab,10/10/2013,Oct-13,10,2013,WOODHEAD,Minor Dam,955,35.67,777.6,81.42
2e18b6e8-a1cb-4309-ba6d-2faf9a4499f7,11/10/2013,Oct-13,10,2013,WOODHEAD,Minor Dam,955,35.46,756.9,79.26
cb245d2b-1aa3-450d-95ec-7c020b50ef6e,12/10/2013,Oct-13,10,2013,WOODHEAD,Minor Dam,955,35.26,739.4,77.42
d184791d-6902-45b0-bf5f-78657cf1bc67,13/10/2013,Oct-13,10,2013,WOODHEAD,Minor Dam,955,35.13,728.6,76.29
df4800f7-3880-46e4-9f28-b660c49a49ac,14/10/2013,Oct-13,10,2013,WOODHEAD,Minor Dam,955,34.95,714,74.76
1b4b304e-b9c6-4ab8-b1cf-6a9b5e3db033,15/10/2013,Oct-13,10,2013,WOODHEAD,Minor Dam,955,34.8,701.9,73.5
4dca741c-0a97-4b8b-a002-f4768bee61f2,16/10/2013,Oct-13,10,2013,WOODHEAD,Minor Dam,955,34.6,686.2,71.85
6c242ab8-377b-4e99-b92f-70ed5753ff82,17/10/2013,Oct-13,10,2013,WOODHEAD,Minor Dam,955,34.44,673.7,70.54
cbd04955-eb71-4514-9e81-a6aab1b0fa19,18/10/2013,Oct-13,10,2013,WOODHEAD,Minor Dam,955,34.2,655.3,68.62
087b07de-d372-4b2f-9bd6-188d543e5fef,19/10/2013,Oct-13,10,2013,WOODHEAD,Minor Dam,955,33.95,636.3,66.63
774e6685-a6e0-44df-9be0-937f718de50b,20/10/2013,Oct-13,10,2013,WOODHEAD,Minor Dam,955,33.8,624.8,65.42
58ecc9ef-b875-49c2-8deb-ad65ece2c2c5,21/10/2013,Oct-13,10,2013,WOODHEAD,Minor Dam,955,33.59,608.9,63.76
fe816731-f733-40bf-9233-4f67e3284623,22/10/2013,Oct-13,10,2013,WOODHEAD,Minor Dam,955,33.38,593.8,62.18
52e73440-8306-4836-a047-91b092c1350a,23/10/2013,Oct-13,10,2013,WOODHEAD,Minor Dam,955,33.24,583.4,61.09
7e16112b-342b-4b2a-a29c-8b8fc20d9056,24/10/2013,Oct-13,10,2013,WOODHEAD,Minor Dam,955,33.02,568.4,59.52
f6ccba9f-8059-4864-9edb-a819ddd63449,25/10/2013,Oct-13,10,2013,WOODHEAD,Minor Dam,955,32.81,554.4,58.05
597578bd-5e10-407f-ab3b-b134728d44d9,26/10/2013,Oct-13,10,2013,WOODHEAD,Minor Dam,955,32.65,543.7,56.93
cf5c019c-cfa0-4402-8743-15513de209f0,27/10/2013,Oct-13,10,2013,WOODHEAD,Minor Dam,955,32.67,545,57.07
254c21a4-00b0-4464-aaad-8dda3bb817ca,28/10/2013,Oct-13,10,2013,WOODHEAD,Minor Dam,955,32.59,539.7,56.51
199354ab-c39a-4e64-95a4-54ff3878d2c0,29/10/2013,Oct-13,10,2013,WOODHEAD,Minor Dam,955,32.54,536.6,56.19
00a9df49-e449-43a0-8b8d-ad831478126f,30/10/2013,Oct-13,10,2013,WOODHEAD,Minor Dam,955,32.5,534.1,55.93
2a199fe2-eb13-4ec1-98ac-bfdc52454fc1,31/10/2013,Oct-13,10,2013,WOODHEAD,Minor Dam,955,32.5,534.1,55.93
3ecddfd8-ddd1-4317-a2bd-010ccfb4251b,01/11/2013,Nov-13,11,2013,WOODHEAD,Minor Dam,955,32.64,543,56.86
978ab350-cce8-4012-93fb-3c45571df178,02/11/2013,Nov-13,11,2013,WOODHEAD,Minor Dam,955,33.65,613.4,64.23
2b5a896e-a5c0-4301-acdc-6f5e1ac39f27,03/11/2013,Nov-13,11,2013,WOODHEAD,Minor Dam,955,34.14,650.7,68.14
b5dced4c-acf6-4f32-817e-ae49930246d6,04/11/2013,Nov-13,11,2013,WOODHEAD,Minor Dam,955,34.13,650,68.06
4dcf24cd-c65e-4dac-84b8-9e8753e74bc9,05/11/2013,Nov-13,11,2013,WOODHEAD,Minor Dam,955,34.1,647.7,67.82
815b9466-a87c-484f-b197-2813013da25b,06/11/2013,Nov-13,11,2013,WOODHEAD,Minor Dam,955,34.07,645.4,67.58
0232d0a0-c200-4be1-b5b9-32ce4c21c0ff,07/11/2013,Nov-13,11,2013,WOODHEAD,Minor Dam,955,34.04,643.1,67.34
9355b10e-9a7d-4a18-b8c1-1cc57b103608,08/11/2013,Nov-13,11,2013,WOODHEAD,Minor Dam,955,34.01,640.9,67.11
cf3331e7-991c-41df-8078-6a36b7c2f19c,09/11/2013,Nov-13,11,2013,WOODHEAD,Minor Dam,955,34.2,655.3,68.62
fae95530-63b8-4ae0-9da4-4a40cc4e61ad,10/11/2013,Nov-13,11,2013,WOODHEAD,Minor Dam,955,34.38,669,70.05
02e5560b-0d08-4ea6-a187-e981e8714693,11/11/2013,Nov-13,11,2013,WOODHEAD,Minor Dam,955,34.59,685.4,71.77
8baf9eef-9ec7-412b-90c7-a5d2be98c929,12/11/2013,Nov-13,11,2013,WOODHEAD,Minor Dam,955,34.73,696.2,72.9
4463b6fd-8cca-483c-81bc-345d704d6823,13/11/2013,Nov-13,11,2013,WOODHEAD,Minor Dam,955,34.91,710.7,74.42
e7022dbf-745c-451f-885d-bf2022e7f69c,14/11/2013,Nov-13,11,2013,WOODHEAD,Minor Dam,955,35.08,724.5,75.86
2cecb9f0-dcd6-49dc-84cf-7959460fca04,15/11/2013,Nov-13,11,2013,WOODHEAD,Minor Dam,955,35.26,739.4,77.42
740e4563-85a4-47ce-a737-870997431944,16/11/2013,Nov-13,11,2013,WOODHEAD,Minor Dam,955,35.39,750.5,78.59
d48e15a8-93e2-490f-9fdc-84461cf6d00e,17/11/2013,Nov-13,11,2013,WOODHEAD,Minor Dam,955,37.4,955.3,100.03
fb210a4f-4dde-49e0-ab00-fdb64bcfe62d,18/11/2013,Nov-13,11,2013,WOODHEAD,Minor Dam,955,37.33,959.3,100.45
9af26f9b-a831-4375-9e8c-caf953c2f8d7,19/11/2013,Nov-13,11,2013,WOODHEAD,Minor Dam,955,37.28,965.9,101.14
76dbac0e-e69b-476c-b156-a7cc3a89bf62,20/11/2013,Nov-13,11,2013,WOODHEAD,Minor Dam,955,37.24,960.6,100.59
554fec02-5f5a-4c2c-8e28-844fb0fd1160,21/11/2013,Nov-13,11,2013,WOODHEAD,Minor Dam,955,37.24,960.6,100.59
071387a7-a3c5-48d9-bb58-7ff360b06b03,22/11/2013,Nov-13,11,2013,WOODHEAD,Minor Dam,955,37.2,955.3,100.03
cff5b52d-9268-417f-8c41-5d8a790ea595,23/11/2013,Nov-13,11,2013,WOODHEAD,Minor Dam,955,37.2,955.3,100.03
45c45fcc-7151-419b-b98a-520ee07948f4,24/11/2013,Nov-13,11,2013,WOODHEAD,Minor Dam,955,37.19,954,99.9
950f8eac-9a13-4351-9c62-19347adf282a,25/11/2013,Nov-13,11,2013,WOODHEAD,Minor Dam,955,37.18,952.6,99.75
76e04906-3758-45c2-a376-8b31751706d9,26/11/2013,Nov-13,11,2013,WOODHEAD,Minor Dam,955,37.18,952.6,99.75
f944120a-bcfa-43be-97b4-70b714c45e5a,27/11/2013,Nov-13,11,2013,WOODHEAD,Minor Dam,955,37.18,952.6,99.75
5543b4ca-e880-4d2b-b56d-d95e9a2a444c,28/11/2013,Nov-13,11,2013,WOODHEAD,Minor Dam,955,37.18,952.6,99.75
49f92219-fc97-473d-9dac-4887596e901e,29/11/2013,Nov-13,11,2013,WOODHEAD,Minor Dam,955,37.17,951.3,99.61
6eba410d-f14b-4230-87e9-98feaf441b4f,30/11/2013,Nov-13,11,2013,WOODHEAD,Minor Dam,955,37.17,951.3,99.61
e7420516-05e9-46e1-b776-741768cd8c57,01/12/2013,Dec-13,12,2013,WOODHEAD,Minor Dam,955,37.16,950,99.48
08792009-d595-496c-9a8e-1e11c09dfc26,02/12/2013,Dec-13,12,2013,WOODHEAD,Minor Dam,955,37.15,948.7,99.34
91914c7c-ae28-4ff0-9b80-590e7a5f6219,03/12/2013,Dec-13,12,2013,WOODHEAD,Minor Dam,955,37.14,947.3,99.19
95ed766e-91b4-4c8f-8b35-8a8c427d2a1a,04/12/2013,Dec-13,12,2013,WOODHEAD,Minor Dam,955,37.13,946,99.06
6c922653-f079-455d-8bcf-4d3ad8d03f7f,05/12/2013,Dec-13,12,2013,WOODHEAD,Minor Dam,955,37.13,946,99.06
cd9fc35a-5d16-46cc-b656-eb23d3de40ac,06/12/2013,Dec-13,12,2013,WOODHEAD,Minor Dam,955,37.13,946,99.06
fc177c0c-6c8f-4753-8f65-f3e3a5515831,07/12/2013,Dec-13,12,2013,WOODHEAD,Minor Dam,955,37.12,944.7,98.92
f3a399fa-c5a2-4d6f-a3ac-53e838e5befe,08/12/2013,Dec-13,12,2013,WOODHEAD,Minor Dam,955,37.11,943.3,98.77
7e55da0b-92f4-4cdf-b87a-1365e4c63fb9,09/12/2013,Dec-13,12,2013,WOODHEAD,Minor Dam,955,37.11,943.3,98.77
8130c75c-0644-432b-b258-e4ee7f098bf1,10/12/2013,Dec-13,12,2013,WOODHEAD,Minor Dam,955,37.07,938.1,98.23
c4580cf2-3d53-449c-b18a-3291249b575d,11/12/2013,Dec-13,12,2013,WOODHEAD,Minor Dam,955,36.85,909.2,95.2
5cb43b5d-8af9-4bbe-a541-63c7366f3940,12/12/2013,Dec-13,12,2013,WOODHEAD,Minor Dam,955,36.67,886.9,92.87
0d1b1f8d-9ee3-41f8-983c-7eeaeb583a41,13/12/2013,Dec-13,12,2013,WOODHEAD,Minor Dam,955,36.44,859.6,90.01
d5513b8f-b5d6-48b7-ab1a-90253ece2482,14/12/2013,Dec-13,12,2013,WOODHEAD,Minor Dam,955,36.22,834.6,87.39
85d5cda8-898a-4edf-898b-50c48e67b477,15/12/2013,Dec-13,12,2013,WOODHEAD,Minor Dam,955,36,810.4,84.86
f3525f15-34e3-45f1-a7d0-125921b11537,16/12/2013,Dec-13,12,2013,WOODHEAD,Minor Dam,955,35.78,788.1,82.52
c24daaad-bb18-4ab6-9a16-da1dfe20c739,17/12/2013,Dec-13,12,2013,WOODHEAD,Minor Dam,955,35.54,764.4,80.04
734fc7f5-a794-4750-87f7-7eefa9bf77a0,18/12/2013,Dec-13,12,2013,WOODHEAD,Minor Dam,955,35.54,764.4,80.04
5113e730-9d7a-467e-8aad-7a6ee407d041,19/12/2013,Dec-13,12,2013,WOODHEAD,Minor Dam,955,35.55,765.4,80.15
c3ddc023-1911-4061-b276-f4337332cce6,20/12/2013,Dec-13,12,2013,WOODHEAD,Minor Dam,955,35.55,765.4,80.15
c0c3a46e-bc17-4884-9923-ab7c675ecfdc,21/12/2013,Dec-13,12,2013,WOODHEAD,Minor Dam,955,35.48,758.8,79.46
05accd00-3d1d-455c-ba4e-a07c89d9ffc0,22/12/2013,Dec-13,12,2013,WOODHEAD,Minor Dam,955,35.44,755.1,79.07
12f54265-5e87-49b3-84f7-4b6d544c6966,23/12/2013,Dec-13,12,2013,WOODHEAD,Minor Dam,955,35.42,753.2,78.87
2b72c405-90a0-4279-b872-cbf069e3e59c,24/12/2013,Dec-13,12,2013,WOODHEAD,Minor Dam,955,35.42,753.2,78.87
c817f147-e2ac-472a-b9e7-d998b02b1c07,25/12/2013,Dec-13,12,2013,WOODHEAD,Minor Dam,955,35.42,753.2,78.87
2f9cfb09-05a0-49e9-9b2d-645f8b78fde0,26/12/2013,Dec-13,12,2013,WOODHEAD,Minor Dam,955,35.42,753.2,78.87
c046e40e-9334-4cc7-a277-938a9295513c,27/12/2013,Dec-13,12,2013,WOODHEAD,Minor Dam,955,35.42,753.2,78.87
e035327b-09df-4573-ad2a-d269e00c2624,28/12/2013,Dec-13,12,2013,WOODHEAD,Minor Dam,955,35.42,753.2,78.87
e43365cd-ad06-448a-b33f-8baee3512509,29/12/2013,Dec-13,12,2013,WOODHEAD,Minor Dam,955,35.48,758.8,79.46
42861127-b219-47a5-bd77-58310f130015,30/12/2013,Dec-13,12,2013,WOODHEAD,Minor Dam,955,35.48,758.8,79.46
ab0cca38-a760-40f4-b9c7-5c54517f1f42,31/12/2013,Dec-13,12,2013,WOODHEAD,Minor Dam,955,35.47,757.9,79.36
1d3f173b-ecaa-4bd4-88ad-cbd410940ece,01/01/2014,Jan-14,1,2014,WOODHEAD,Minor Dam,955,35.46,756.9,79.26
4878f406-796c-4497-a3a8-d61d67660de3,02/01/2014,Jan-14,1,2014,WOODHEAD,Minor Dam,955,35.46,756.9,79.26
f6e41de0-e53a-4920-a70d-71f8fe2a6fd7,03/01/2014,Jan-14,1,2014,WOODHEAD,Minor Dam,955,35.46,756.9,79.26
410d22a2-9e6b-4dbd-95b8-f58a85170f35,04/01/2014,Jan-14,1,2014,WOODHEAD,Minor Dam,955,35.46,756.9,79.26
cb4d09d6-87bd-415e-950b-a1a8d2b2fa30,05/01/2014,Jan-14,1,2014,WOODHEAD,Minor Dam,955,35.45,756,79.16
5005df22-1718-4bb1-8496-40f33b4bad72,06/01/2014,Jan-14,1,2014,WOODHEAD,Minor Dam,955,35.45,756,79.16
01f302ed-8a24-4026-a523-07faffc3cf6a,07/01/2014,Jan-14,1,2014,WOODHEAD,Minor Dam,955,35.47,757.9,79.36
1039a368-1ffa-487c-a685-20da4fe73517,08/01/2014,Jan-14,1,2014,WOODHEAD,Minor Dam,955,35.48,758.8,79.46
b1b1b4a6-2cd9-48ff-86a3-2b6975e22d30,09/01/2014,Jan-14,1,2014,WOODHEAD,Minor Dam,955,35.52,762.6,79.85
a91954d5-79f4-45db-b4b8-90f9e07871aa,10/01/2014,Jan-14,1,2014,WOODHEAD,Minor Dam,955,35.59,769.1,80.53
164a9214-748c-4657-bc2d-2871ce9040f1,11/01/2014,Jan-14,1,2014,WOODHEAD,Minor Dam,955,35.75,785.4,82.24
cd89f0fa-6495-4fa9-b646-ef03bb2514d8,12/01/2014,Jan-14,1,2014,WOODHEAD,Minor Dam,955,35.88,798.1,83.57
d22730bc-78e5-4aec-94cb-ac6778f0cd0d,13/01/2014,Jan-14,1,2014,WOODHEAD,Minor Dam,955,35.88,798.1,83.57
c84dab03-0393-40ff-a966-a1438a40fbd7,14/01/2014,Jan-14,1,2014,WOODHEAD,Minor Dam,955,35.89,799.2,83.69
be290064-25f9-49ab-afb0-5fa884899737,15/01/2014,Jan-14,1,2014,WOODHEAD,Minor Dam,955,35.93,803.3,84.12
df0c12f0-cca6-4c63-ab20-fcdc646cfa7b,16/01/2014,Jan-14,1,2014,WOODHEAD,Minor Dam,955,35.94,804.3,84.22
c39a62f3-81fb-42b2-97dd-1bec49b07c71,17/01/2014,Jan-14,1,2014,WOODHEAD,Minor Dam,955,35.95,805.3,84.32
67132aec-42aa-452b-bea8-eccd7e0fd242,18/01/2014,Jan-14,1,2014,WOODHEAD,Minor Dam,955,35.95,805.3,84.32
2bb6f47e-49f0-4d94-9e9c-fed66d7518b5,19/01/2014,Jan-14,1,2014,WOODHEAD,Minor Dam,955,35.95,805.3,84.32
c6ce6eb9-c241-495a-9a5c-3d8d79fe872b,20/01/2014,Jan-14,1,2014,WOODHEAD,Minor Dam,955,35.95,805.3,84.32
5457d4d7-93a8-409e-bfab-f4c39f846d53,21/01/2014,Jan-14,1,2014,WOODHEAD,Minor Dam,955,35.94,804.3,84.22
71700955-399b-4af6-b314-d9fc7fba3682,22/01/2014,Jan-14,1,2014,WOODHEAD,Minor Dam,955,35.94,804.3,84.22
b19e72fc-24a8-4f2e-9aef-62b16f247a35,23/01/2014,Jan-14,1,2014,WOODHEAD,Minor Dam,955,35.64,774.3,81.08
79b8126b-d037-42a1-8436-bb7be4eee844,24/01/2014,Jan-14,1,2014,WOODHEAD,Minor Dam,955,35.84,794,83.14
bf0cc2d3-828b-4079-be09-4ccfcfbd3060,25/01/2014,Jan-14,1,2014,WOODHEAD,Minor Dam,955,35.74,784.4,82.14
b622764d-e0f9-40b6-9ddf-154b34f0881a,26/01/2014,Jan-14,1,2014,WOODHEAD,Minor Dam,955,35.59,769.1,80.53
29e26994-92f4-449f-aed1-71ca5ae17ba2,27/01/2014,Jan-14,1,2014,WOODHEAD,Minor Dam,955,35.43,754.1,78.96
063b05be-20b5-4fb0-8afb-ff2ee5869f4d,28/01/2014,Jan-14,1,2014,WOODHEAD,Minor Dam,955,35.28,741.1,77.6
091aca69-7021-4039-a588-cb5eb01e4c5f,29/01/2014,Jan-14,1,2014,WOODHEAD,Minor Dam,955,35.27,740.3,77.52
20b47fe0-2b40-42b8-8674-70e90f19d8d1,30/01/2014,Jan-14,1,2014,WOODHEAD,Minor Dam,955,35.27,740.3,77.52
77713e04-97c5-4bfe-bb0c-7ed57a4661e2,31/01/2014,Jan-14,1,2014,WOODHEAD,Minor Dam,955,35.27,740.3,77.52
44635fca-debd-4798-b8cb-b05dd81e13ea,01/02/2014,Feb-14,2,2014,WOODHEAD,Minor Dam,955,35.27,740.3,77.52
499c2011-c732-4a66-bded-b4fe4768751c,02/02/2014,Feb-14,2,2014,WOODHEAD,Minor Dam,955,34.8,701.9,73.5
d61ee505-3656-48c9-bf15-6d328dca7960,03/02/2014,Feb-14,2,2014,WOODHEAD,Minor Dam,955,34.8,701.9,73.5
8c08896d-2d2f-4729-a32b-4739225794ca,04/02/2014,Feb-14,2,2014,WOODHEAD,Minor Dam,955,34.52,680,71.2
2568dadf-e2c2-43d2-9fd5-4e07717b041a,05/02/2014,Feb-14,2,2014,WOODHEAD,Minor Dam,955,34.28,661.4,69.26
db0c1609-d96d-4ea8-88d5-0f18622b63e9,06/02/2014,Feb-14,2,2014,WOODHEAD,Minor Dam,955,34.01,640.9,67.11
e1ab4cb6-182f-45c3-be7d-9c8a4c30eb6d,07/02/2014,Feb-14,2,2014,WOODHEAD,Minor Dam,955,33.72,618.7,64.79
c43a0cf6-40f3-4f6d-992b-98c78a20048b,08/02/2014,Feb-14,2,2014,WOODHEAD,Minor Dam,955,33.46,599.6,62.79
ed6fdf8c-256e-4ab7-8724-e43641513df0,09/02/2014,Feb-14,2,2014,WOODHEAD,Minor Dam,955,33.18,579.2,60.65
c368e4c7-53d9-4ebe-aba2-368a6c7e6fe1,10/02/2014,Feb-14,2,2014,WOODHEAD,Minor Dam,955,32.88,559.1,58.54
7e9f431b-a1ec-4c6c-9016-d4f0a3c1b811,11/02/2014,Feb-14,2,2014,WOODHEAD,Minor Dam,955,32.58,539.1,56.45
4c09e755-c79d-4e70-84b8-b083b458b8d2,12/02/2014,Feb-14,2,2014,WOODHEAD,Minor Dam,955,32.44,530.3,55.53
c5cd853c-242a-408b-8c50-1ac9ec898ab0,13/02/2014,Feb-14,2,2014,WOODHEAD,Minor Dam,955,32.4,527.7,55.26
cc779b60-a6d0-45d8-86ce-105270a2a44e,14/02/2014,Feb-14,2,2014,WOODHEAD,Minor Dam,955,32.24,517.6,54.2
1ecff3bc-9d29-4782-ba3a-1856032b5284,15/02/2014,Feb-14,2,2014,WOODHEAD,Minor Dam,955,32.03,504.5,52.83
b1edec56-4220-419e-85fd-d38e129d86be,16/02/2014,Feb-14,2,2014,WOODHEAD,Minor Dam,955,31.88,495,51.83
d878b6e1-8186-499a-b0b4-a3c7edc9aa7b,17/02/2014,Feb-14,2,2014,WOODHEAD,Minor Dam,955,31.95,499.5,52.3
3b8e9b4e-8876-4710-a08a-9fa1ef84ace0,18/02/2014,Feb-14,2,2014,WOODHEAD,Minor Dam,955,31.74,486.3,50.92
c0a02028-54cd-4a31-a251-5c3fff2be73b,19/02/2014,Feb-14,2,2014,WOODHEAD,Minor Dam,955,31.92,497.6,52.1
d0a237e0-bae3-4ffb-80fa-9b290284bea6,20/02/2014,Feb-14,2,2014,WOODHEAD,Minor Dam,955,32.12,510.1,53.41
90e306d5-769d-453d-b92e-1417d3ba3ad7,21/02/2014,Feb-14,2,2014,WOODHEAD,Minor Dam,955,32.46,531.5,55.65
1003338a-a78f-45d1-b9e8-4c6c95105037,22/02/2014,Feb-14,2,2014,WOODHEAD,Minor Dam,955,32.68,545.7,57.14
44241da8-e3bf-4502-baf7-b788064764d9,23/02/2014,Feb-14,2,2014,WOODHEAD,Minor Dam,955,32.86,557.7,58.4
40def75e-e505-4950-842b-4d7f445c2302,24/02/2014,Feb-14,2,2014,WOODHEAD,Minor Dam,955,33.01,567.8,59.46
986610b5-b442-4cd8-aaeb-c72bf3d167c4,25/02/2014,Feb-14,2,2014,WOODHEAD,Minor Dam,955,33.13,575.8,60.29
2b3f84b2-d731-4ced-949d-f4fc3035741e,26/02/2014,Feb-14,2,2014,WOODHEAD,Minor Dam,955,33.28,586.3,61.39
6e1f1dba-b8ef-4047-ad97-ccb581fc1f31,27/02/2014,Feb-14,2,2014,WOODHEAD,Minor Dam,955,33.39,594.5,62.25
47116b7e-0b35-4562-89cf-659a13e4267c,28/02/2014,Feb-14,2,2014,WOODHEAD,Minor Dam,955,35.51,761.6,79.75
92633044-dfd1-4a79-bdfc-ac921ce6c260,01/03/2014,Mar-14,3,2014,WOODHEAD,Minor Dam,955,33.51,603.2,63.16
007eefdd-f416-43fa-aa46-55b28c3db1ac,02/03/2014,Mar-14,3,2014,WOODHEAD,Minor Dam,955,33.52,603.9,63.24
635a1c1d-4c85-47cc-a631-4abbae206f90,03/03/2014,Mar-14,3,2014,WOODHEAD,Minor Dam,955,33.54,605.3,63.38
420a5c81-11e0-4b2f-ad85-0c7ede2ca107,04/03/2014,Mar-14,3,2014,WOODHEAD,Minor Dam,955,33.54,605.3,63.38
748d9c69-b1d9-4248-8948-0fe0092110ca,05/03/2014,Mar-14,3,2014,WOODHEAD,Minor Dam,955,33.55,606.1,63.47
4385c29e-9015-4e01-905b-3e9eb02bf3df,06/03/2014,Mar-14,3,2014,WOODHEAD,Minor Dam,955,33.62,611.1,63.99
4517823c-6b85-4857-9951-266eeac93745,07/03/2014,Mar-14,3,2014,WOODHEAD,Minor Dam,955,33.61,610.4,63.92
cbc108cc-9d66-46b5-83fc-e254077b6ac9,08/03/2014,Mar-14,3,2014,WOODHEAD,Minor Dam,955,33.65,613.4,64.23
f03faa6d-67d5-40b9-b349-a7f0a4bd5c10,09/03/2014,Mar-14,3,2014,WOODHEAD,Minor Dam,955,33.66,614.2,64.31
a7591cd3-9443-41ec-af5e-6ca159da6d5c,10/03/2014,Mar-14,3,2014,WOODHEAD,Minor Dam,955,33.66,614.2,64.31
8a143474-0a58-4b65-bcc1-bcc996b90ec8,11/03/2014,Mar-14,3,2014,WOODHEAD,Minor Dam,955,33.66,614.2,64.31
c729857c-a291-4cee-8e4e-a9b29fa3d9d1,12/03/2014,Mar-14,3,2014,WOODHEAD,Minor Dam,955,33.64,612.6,64.15
28f667d1-daa8-43ee-8a0e-d68cc15bebcd,13/03/2014,Mar-14,3,2014,WOODHEAD,Minor Dam,955,33.59,608.9,63.76
4cac0be8-7018-4a96-990e-e77f3c81e798,14/03/2014,Mar-14,3,2014,WOODHEAD,Minor Dam,955,33.55,606.1,63.47
d18844a6-4056-46a6-8d7d-7c5fe9da66e4,15/03/2014,Mar-14,3,2014,WOODHEAD,Minor Dam,955,33.53,604.6,63.31
5ef61077-9e01-49cd-9931-ec5934fa3ee9,16/03/2014,Mar-14,3,2014,WOODHEAD,Minor Dam,955,33.5,602.5,63.09
453d2318-d347-4d0a-9a86-cb087119a0ec,17/03/2014,Mar-14,3,2014,WOODHEAD,Minor Dam,955,33.47,600.3,62.86
9d9f42e2-8336-4028-92aa-63cd738a91ef,18/03/2014,Mar-14,3,2014,WOODHEAD,Minor Dam,955,33.46,599.6,62.79
fc16d614-6920-44d7-a2be-df5970a64a22,19/03/2014,Mar-14,3,2014,WOODHEAD,Minor Dam,955,33.43,597.5,62.57
f72415af-3fa5-427d-8a42-d634ff8b5752,20/03/2014,Mar-14,3,2014,WOODHEAD,Minor Dam,955,33.4,595.3,62.34
6ffc4166-b982-44c9-a465-499cc4fc516b,21/03/2014,Mar-14,3,2014,WOODHEAD,Minor Dam,955,33.41,596,62.41
76e38bda-58f9-40a2-81ae-e064dbf53ec0,22/03/2014,Mar-14,3,2014,WOODHEAD,Minor Dam,955,33.4,595.3,62.34
f71b1a12-94b2-470e-9303-7aa21e5bc7a2,23/03/2014,Mar-14,3,2014,WOODHEAD,Minor Dam,955,33.38,593.8,62.18
57e5969e-53b6-4f81-8dc1-595bf199f119,24/03/2014,Mar-14,3,2014,WOODHEAD,Minor Dam,955,33.38,593.8,62.18
66d350cf-3c54-4f37-bd39-934c83e9bce0,25/03/2014,Mar-14,3,2014,WOODHEAD,Minor Dam,955,33.57,607.5,63.61
b8dac595-6b1e-4c5e-8983-3992d0288bbb,26/03/2014,Mar-14,3,2014,WOODHEAD,Minor Dam,955,33.58,608.2,63.69
360c4520-9aa5-46d9-ad9a-09a42684b2fd,27/03/2014,Mar-14,3,2014,WOODHEAD,Minor Dam,955,33.76,621.8,65.11
87707137-b44c-4897-9435-331d9e15fccf,28/03/2014,Mar-14,3,2014,WOODHEAD,Minor Dam,955,34.02,641.6,67.18
6fd9d7e5-3587-4ade-8c4e-8057b9886716,29/03/2014,Mar-14,3,2014,WOODHEAD,Minor Dam,955,34.08,646.2,67.66
8474a201-3241-4a2d-b609-4830fc802bfd,30/03/2014,Mar-14,3,2014,WOODHEAD,Minor Dam,955,34.12,649.2,67.98
f51dde8f-27d5-471a-b0ed-957acba60fc6,31/03/2014,Mar-14,3,2014,WOODHEAD,Minor Dam,955,34.17,653,68.38
45a5fafb-0166-42b1-9436-ca6bc3904ad8,01/04/2014,Apr-14,4,2014,WOODHEAD,Minor Dam,955,34.17,653,68.38
aad07ddd-be10-4624-8a9b-dc47133706c8,02/04/2014,Apr-14,4,2014,WOODHEAD,Minor Dam,955,34.25,659.1,69.02
4383aefc-3064-442f-8b61-a1f7db45e713,03/04/2014,Apr-14,4,2014,WOODHEAD,Minor Dam,955,34.48,676.9,70.88
1c0e2a6a-5b58-4f4c-88a4-4620fdb9ba9f,04/04/2014,Apr-14,4,2014,WOODHEAD,Minor Dam,955,34.66,690.8,72.34
73ed9532-93b0-49b4-b395-7cc3513881c2,05/04/2014,Apr-14,4,2014,WOODHEAD,Minor Dam,955,34.73,696.2,72.9
abe0ed4c-0030-409f-897c-e4dff969e502,06/04/2014,Apr-14,4,2014,WOODHEAD,Minor Dam,955,34.77,699.5,73.25
2b4a7b27-3e7e-4467-87bb-f4332f19a9e5,07/04/2014,Apr-14,4,2014,WOODHEAD,Minor Dam,955,34.79,701.1,73.41
66062cd9-f8ef-4700-ba8d-1cd94cf72726,08/04/2014,Apr-14,4,2014,WOODHEAD,Minor Dam,955,34.8,701.9,73.5
15d0eb9d-8af9-484d-9fd8-1efd6a082f68,09/04/2014,Apr-14,4,2014,WOODHEAD,Minor Dam,955,34.85,705.9,73.92
90ae0f15-e676-4e8d-af49-17f3331cf100,10/04/2014,Apr-14,4,2014,WOODHEAD,Minor Dam,955,34.86,706.7,74
6a8e81ca-5875-4a70-85e1-1f16b326ce43,11/04/2014,Apr-14,4,2014,WOODHEAD,Minor Dam,955,34.85,705.9,73.92
f5b5edbc-9e04-4db4-a86e-83b4c6b428de,12/04/2014,Apr-14,4,2014,WOODHEAD,Minor Dam,955,34.87,707.5,74.08
102a97fe-b54b-4a18-9838-74cf68bf9094,13/04/2014,Apr-14,4,2014,WOODHEAD,Minor Dam,955,34.89,709.1,74.25
88a3ee25-e266-4a7f-93fc-769a6d990386,14/04/2014,Apr-14,4,2014,WOODHEAD,Minor Dam,955,34.93,712.3,74.59
eda79509-5e71-48e6-ba9f-396661264e8e,15/04/2014,Apr-14,4,2014,WOODHEAD,Minor Dam,955,34.89,709.1,74.25
b9d3e916-4ae9-4e75-9116-96dc8d83ace5,16/04/2014,Apr-14,4,2014,WOODHEAD,Minor Dam,955,34.73,696.2,72.9
9a758228-5646-43ee-8bb7-1bffb6f31028,17/04/2014,Apr-14,4,2014,WOODHEAD,Minor Dam,955,34.57,683.9,71.61
3adc6efb-d05b-442c-bc90-28d45c7decee,18/04/2014,Apr-14,4,2014,WOODHEAD,Minor Dam,955,34.38,669,70.05
186eb625-c0ee-446f-9472-bd85aa5f2e98,19/04/2014,Apr-14,4,2014,WOODHEAD,Minor Dam,955,34.06,644.7,67.51
472b38d1-f099-417c-aaff-b94eae55897c,20/04/2014,Apr-14,4,2014,WOODHEAD,Minor Dam,955,33.96,637.1,66.71
13377a52-9882-46c1-a1b5-29a2c2268030,21/04/2014,Apr-14,4,2014,WOODHEAD,Minor Dam,955,33.76,621.8,65.11
f5501a4b-7d67-47f6-901e-abf68124c190,22/04/2014,Apr-14,4,2014,WOODHEAD,Minor Dam,955,33.54,605.3,63.38
a060c2d0-0df3-4cdd-b9f1-4cde5fb17b26,23/04/2014,Apr-14,4,2014,WOODHEAD,Minor Dam,955,33.36,592.3,62.02
ed4f2bc3-59c1-4e58-9294-e9d5f8ef38e7,24/04/2014,Apr-14,4,2014,WOODHEAD,Minor Dam,955,33.18,579.2,60.65
6614ec8b-532e-47d4-b062-2872309149aa,25/04/2014,Apr-14,4,2014,WOODHEAD,Minor Dam,955,32.93,562.4,58.89
de24d40b-d227-4123-8290-e171a238805d,26/04/2014,Apr-14,4,2014,WOODHEAD,Minor Dam,955,32.72,548.3,57.41
2ad20c4f-f027-4a0a-be6f-8c7300005b09,27/04/2014,Apr-14,4,2014,WOODHEAD,Minor Dam,955,32.5,534.1,55.93
8ff40e37-943f-4c71-a852-aa1a11cc8175,28/04/2014,Apr-14,4,2014,WOODHEAD,Minor Dam,955,32.26,518.9,54.34
4fda35b5-0858-45da-8778-c2daa65ec9b4,29/04/2014,Apr-14,4,2014,WOODHEAD,Minor Dam,955,32.02,503.9,52.76
20175616-9d5b-4f99-adde-d07047b4f9f5,30/04/2014,Apr-14,4,2014,WOODHEAD,Minor Dam,955,31.78,488.8,51.18
bceab4ee-11af-4583-9a1d-ffd6876ba294,01/05/2014,May-14,5,2014,WOODHEAD,Minor Dam,955,31.56,475.4,49.78
3da42af6-593b-436f-bac9-bf60efea8bc5,02/05/2014,May-14,5,2014,WOODHEAD,Minor Dam,955,31.29,459.4,48.1
d57e4a1f-64d4-4054-a833-bd5680de6287,03/05/2014,May-14,5,2014,WOODHEAD,Minor Dam,955,31.04,444.4,46.53
5bc40cf8-3e12-46f2-b5b2-a014fe90148b,04/05/2014,May-14,5,2014,WOODHEAD,Minor Dam,955,30.78,429.3,44.95
5f08964f-4431-404d-9ac0-a05fad8872cb,05/05/2014,May-14,5,2014,WOODHEAD,Minor Dam,955,30.52,415,43.46
9ad21480-4366-4288-abbc-34797a029142,06/05/2014,May-14,5,2014,WOODHEAD,Minor Dam,955,30.3,402.7,42.17
7dacd7ac-9989-4b0c-91d4-6f03845de67e,07/05/2014,May-14,5,2014,WOODHEAD,Minor Dam,955,29.98,386.1,40.43
2c8aaa0e-f291-471b-8797-271193cd7cda,08/05/2014,May-14,5,2014,WOODHEAD,Minor Dam,955,29.69,371.4,38.89
7ad59f5d-d40f-4e25-93db-b93455abcb6e,09/05/2014,May-14,5,2014,WOODHEAD,Minor Dam,955,29.4,357.9,37.48
e963bb51-1523-4547-b3e0-3ca06aa89473,10/05/2014,May-14,5,2014,WOODHEAD,Minor Dam,955,29.33,354.8,37.15
6169b92a-9441-485d-a285-ada23b671097,11/05/2014,May-14,5,2014,WOODHEAD,Minor Dam,955,29.74,374,39.16
64bd6ab5-bb1a-423c-b9be-7c1d7ebd93e2,12/05/2014,May-14,5,2014,WOODHEAD,Minor Dam,955,30.07,390.8,40.92
9c647434-522b-48cb-a375-59345c2d785f,13/05/2014,May-14,5,2014,WOODHEAD,Minor Dam,955,30.36,406.2,42.53
839d6444-7fd5-408b-b2a1-fd1a6fc3392a,14/05/2014,May-14,5,2014,WOODHEAD,Minor Dam,955,30.64,421.6,44.15
6418fc04-35b6-49ff-997c-e0727fea1b11,15/05/2014,May-14,5,2014,WOODHEAD,Minor Dam,955,30.92,437.5,45.81
4f979171-f31d-45a4-9971-0dd5e5a3f621,16/05/2014,May-14,5,2014,WOODHEAD,Minor Dam,955,31.19,453.1,47.45
30170eff-bd68-4725-b562-9a03baf2ee72,17/05/2014,May-14,5,2014,WOODHEAD,Minor Dam,955,31.53,473.5,49.58
a69fa8ae-8265-4d6d-8bf5-eeaf0a66741b,18/05/2014,May-14,5,2014,WOODHEAD,Minor Dam,955,31.88,495,51.83
da3dee13-6281-43ac-bea3-d22316036e1a,19/05/2014,May-14,5,2014,WOODHEAD,Minor Dam,955,32.2,515.1,53.94
5e195bba-1d7f-432f-afac-02f8b53348f8,20/05/2014,May-14,5,2014,WOODHEAD,Minor Dam,955,32.35,524.6,54.93
a4e94f79-1f41-48bb-aeb3-ca2820cdd660,21/05/2014,May-14,5,2014,WOODHEAD,Minor Dam,955,32.52,535.3,56.05
c3dca2fb-3b90-41f5-9639-770dcc3bb289,22/05/2014,May-14,5,2014,WOODHEAD,Minor Dam,955,32.52,535.3,56.05
c57c9c47-c230-4385-a9c7-f1f0ce1a1129,23/05/2014,May-14,5,2014,WOODHEAD,Minor Dam,955,32.88,559.1,58.54
796b705a-1aff-470a-b1a5-45bcd0d0fbcd,24/05/2014,May-14,5,2014,WOODHEAD,Minor Dam,955,33.04,569.8,59.66
7a6f5d73-b9d3-4734-b7d4-064f2dfe686a,25/05/2014,May-14,5,2014,WOODHEAD,Minor Dam,955,33.15,577.2,60.44
7dd53693-6a5e-4798-a71f-503311b9c34f,26/05/2014,May-14,5,2014,WOODHEAD,Minor Dam,955,33.33,590,61.78
cef98f90-5531-4383-9746-13f672a99f54,27/05/2014,May-14,5,2014,WOODHEAD,Minor Dam,955,33.5,602.5,63.09
5107692a-c8ed-470e-9d15-91b352f60ac1,28/05/2014,May-14,5,2014,WOODHEAD,Minor Dam,955,33.6,609.6,63.83
e5c279a9-891f-4590-8b72-e9a6d32d56b5,29/05/2014,May-14,5,2014,WOODHEAD,Minor Dam,955,33.76,621.8,65.11
6c49ec2c-d7b0-42c2-99a6-075a13ed26e0,30/05/2014,May-14,5,2014,WOODHEAD,Minor Dam,955,33.69,616.4,64.54
ac83b4b8-3e58-4c1a-ad09-dd1703491444,31/05/2014,May-14,5,2014,WOODHEAD,Minor Dam,955,33.55,606.1,63.47
3d460441-908d-4305-92f3-b22804aa90c6,01/06/2014,Jun-14,6,2014,WOODHEAD,Minor Dam,955,33.37,593,62.09
41fd4383-daf4-4c36-92db-bbb0a5da46da,02/06/2014,Jun-14,6,2014,WOODHEAD,Minor Dam,955,33.3,587.7,61.54
35ec56ae-5000-48a8-a714-dee920b798b2,03/06/2014,Jun-14,6,2014,WOODHEAD,Minor Dam,955,33.46,599.6,62.79
c0bd97c0-6665-4b8a-b952-5168fbfd6342,04/06/2014,Jun-14,6,2014,WOODHEAD,Minor Dam,955,33.51,603.2,63.16
d0920459-7716-4a61-8b5f-a0e5b1f2b7b3,05/06/2014,Jun-14,6,2014,WOODHEAD,Minor Dam,955,33.77,622.5,65.18
a1b94be9-1927-4775-9100-def6dcbd93ca,06/06/2014,Jun-14,6,2014,WOODHEAD,Minor Dam,955,33.86,629.4,65.91
64922073-bab7-4ebe-8304-c41b92be193b,07/06/2014,Jun-14,6,2014,WOODHEAD,Minor Dam,955,33.72,618.7,64.79
4c12fbee-60e7-40df-9a85-75f44556e5a4,08/06/2014,Jun-14,6,2014,WOODHEAD,Minor Dam,955,33.53,604.6,63.31
6e189098-c1fb-44a2-8288-0106bf32b198,09/06/2014,Jun-14,6,2014,WOODHEAD,Minor Dam,955,33.47,600.3,62.86
eda0ccad-fac7-44eb-94ae-5fd297a4f2f5,10/06/2014,Jun-14,6,2014,WOODHEAD,Minor Dam,955,33.56,606.8,63.54
6ca76fe8-2c81-4de1-9d9d-aa66ded71702,11/06/2014,Jun-14,6,2014,WOODHEAD,Minor Dam,955,33.55,606.1,63.47
7aa33f7f-7113-440f-b59b-c8924bacf566,12/06/2014,Jun-14,6,2014,WOODHEAD,Minor Dam,955,33.42,596.7,62.48
020384a8-16e2-4457-a321-3e379271f48b,13/06/2014,Jun-14,6,2014,WOODHEAD,Minor Dam,955,33.28,586.3,61.39
49f7eef1-e021-48e8-824e-6a71f0546207,14/06/2014,Jun-14,6,2014,WOODHEAD,Minor Dam,955,33.11,574.5,60.16
5f0ed2e7-2614-4660-9c4b-8c26c936608d,15/06/2014,Jun-14,6,2014,WOODHEAD,Minor Dam,955,33.07,571.8,59.87
0fdf7dd0-771c-40c8-89fc-23e1b6e2ac2a,16/06/2014,Jun-14,6,2014,WOODHEAD,Minor Dam,955,33.43,597.5,62.57
408c7d9a-c950-4ba0-b58c-d3853bd1f9ce,17/06/2014,Jun-14,6,2014,WOODHEAD,Minor Dam,955,33.4,595.3,62.34
da390a57-1bae-4c60-8e3a-0668eba8f2ad,18/06/2014,Jun-14,6,2014,WOODHEAD,Minor Dam,955,33.27,585.5,61.31
09978d18-49a0-46e3-bafe-4e8b2fdab812,19/06/2014,Jun-14,6,2014,WOODHEAD,Minor Dam,955,33.15,577.2,60.44
cfeecdae-1b25-4bc5-bc89-2c749022953f,20/06/2014,Jun-14,6,2014,WOODHEAD,Minor Dam,955,33.09,573.1,60.01
c501b313-966f-44ab-957c-b61d52bf81e6,21/06/2014,Jun-14,6,2014,WOODHEAD,Minor Dam,955,32.97,565.1,59.17
6df954d5-9e95-495e-b3b8-222f78d349b7,22/06/2014,Jun-14,6,2014,WOODHEAD,Minor Dam,955,32.82,555,58.12
3cedc1ca-4375-4d04-8df2-bab5143d3bd2,23/06/2014,Jun-14,6,2014,WOODHEAD,Minor Dam,955,32.63,542.3,56.79
a73a180c-ad0a-4921-aff1-6ac83fcf4ae4,24/06/2014,Jun-14,6,2014,WOODHEAD,Minor Dam,955,32.43,529.6,55.46
a5fb2e7e-5778-4d85-bdd5-6c428f30d2f7,25/06/2014,Jun-14,6,2014,WOODHEAD,Minor Dam,955,32.23,517,54.14
14ad7ead-0f4b-4821-9435-b9948e83d158,26/06/2014,Jun-14,6,2014,WOODHEAD,Minor Dam,955,31.99,502,52.57
a4927de1-04f5-4608-b8e8-1527fa1fedf3,27/06/2014,Jun-14,6,2014,WOODHEAD,Minor Dam,955,31.95,499.5,52.3
884ba658-428e-4481-bae4-8b7824d724fb,28/06/2014,Jun-14,6,2014,WOODHEAD,Minor Dam,955,31.88,495,51.83
3200393e-96f3-4f8a-a632-38343f738a79,29/06/2014,Jun-14,6,2014,WOODHEAD,Minor Dam,955,31.68,482.6,50.53
6bed38d1-c7fe-40ff-8914-b3d3a3fc87ad,30/06/2014,Jun-14,6,2014,WOODHEAD,Minor Dam,955,31.48,470.5,49.27
3708a0c1-71b6-488a-bfe0-0646fc3b40e9,01/07/2014,Jul-14,7,2014,WOODHEAD,Minor Dam,955,31.29,459.4,48.1
a8066cc9-487d-4a94-914c-f0102ef5c5fa,02/07/2014,Jul-14,7,2014,WOODHEAD,Minor Dam,955,32.03,504.5,52.83
3810aba2-fe70-4f7f-9ca7-e759d6a3cc95,03/07/2014,Jul-14,7,2014,WOODHEAD,Minor Dam,955,31.38,464.7,48.66
8c798380-00b0-483a-8d6d-ccd68eb53dbd,04/07/2014,Jul-14,7,2014,WOODHEAD,Minor Dam,955,32.11,509.5,53.35
f35a5614-27da-498d-9ba6-68f5a6d65e58,05/07/2014,Jul-14,7,2014,WOODHEAD,Minor Dam,955,32.5,534.1,55.93
806e30b0-575a-4ed9-a450-a0b531a8805f,06/07/2014,Jul-14,7,2014,WOODHEAD,Minor Dam,955,34.23,657.6,68.86
4153816e-15b2-4855-87db-1eb160cb557c,07/07/2014,Jul-14,7,2014,WOODHEAD,Minor Dam,955,34.43,672.9,70.46
1ded6d82-ccd1-4ba5-948f-1d10e0a41303,08/07/2014,Jul-14,7,2014,WOODHEAD,Minor Dam,955,34.65,690,72.25
dba93aa0-6285-4911-ba73-6954d09bc4fc,09/07/2014,Jul-14,7,2014,WOODHEAD,Minor Dam,955,34.66,690.8,72.34
cd6dd40c-3a1d-4ad1-9cf3-961ca7277960,10/07/2014,Jul-14,7,2014,WOODHEAD,Minor Dam,955,34.62,687.7,72.01
5a9ee475-0e62-446e-adb9-d2ce73abbf1e,11/07/2014,Jul-14,7,2014,WOODHEAD,Minor Dam,955,34.48,676.9,70.88
e2952cfe-2d48-4ee9-8b2a-2e1b26f87ac8,12/07/2014,Jul-14,7,2014,WOODHEAD,Minor Dam,955,34.3,662.9,69.41
409627a5-9dbc-4303-9b99-77caffc690d1,13/07/2014,Jul-14,7,2014,WOODHEAD,Minor Dam,955,34.13,650,68.06
7ff3fdb2-c88d-4f3f-8a84-0184e18e0421,14/07/2014,Jul-14,7,2014,WOODHEAD,Minor Dam,955,33.95,636.3,66.63
a71e6930-b987-4145-9a6b-46c6f144dc8b,15/07/2014,Jul-14,7,2014,WOODHEAD,Minor Dam,955,33.83,627.1,65.66
de64c93b-c637-4c34-86fd-ed3c8953e862,16/07/2014,Jul-14,7,2014,WOODHEAD,Minor Dam,955,33.72,618.7,64.79
1ee5fac2-336c-4ea5-89d5-f58c4ed065d2,17/07/2014,Jul-14,7,2014,WOODHEAD,Minor Dam,955,33.65,613.4,64.23
f841f529-7f4c-4d5d-958c-6d02061b8e9a,18/07/2014,Jul-14,7,2014,WOODHEAD,Minor Dam,955,33.82,626.3,65.58
7a93c119-b83d-4a42-8770-089f5caad6bc,19/07/2014,Jul-14,7,2014,WOODHEAD,Minor Dam,955,34.84,705.1,73.83
630b1592-67f2-40e0-b8b8-e3dc02a8313d,20/07/2014,Jul-14,7,2014,WOODHEAD,Minor Dam,955,35.51,761.6,79.75
667cf2d0-2b27-4568-8811-871ed2ae12ce,21/07/2014,Jul-14,7,2014,WOODHEAD,Minor Dam,955,35.68,778.6,81.53
a98baff1-b556-4ce6-834d-081339cfc7de,22/07/2014,Jul-14,7,2014,WOODHEAD,Minor Dam,955,35.64,774.3,81.08
15337d13-9ecf-4fbc-9f94-44dd2d3d9fac,23/07/2014,Jul-14,7,2014,WOODHEAD,Minor Dam,955,35.6,770,80.63
62c5f653-95a7-4b03-91c5-48f09ba8727d,24/07/2014,Jul-14,7,2014,WOODHEAD,Minor Dam,955,35.49,759.8,79.56
3df5faec-7f29-45cd-b9b2-80d679e6c5b9,25/07/2014,Jul-14,7,2014,WOODHEAD,Minor Dam,955,35.4,751.3,78.67
dccddda7-a649-48fc-b219-4243016bf6a4,26/07/2014,Jul-14,7,2014,WOODHEAD,Minor Dam,955,35.71,781.7,81.85
926006c7-988a-45e8-91f2-d1ff5a864000,27/07/2014,Jul-14,7,2014,WOODHEAD,Minor Dam,955,36.19,831.3,87.05
a7e25a34-47d9-4671-809b-50a8c1815164,28/07/2014,Jul-14,7,2014,WOODHEAD,Minor Dam,955,36.86,910.4,95.33
89cfc4df-2c5d-4b91-9416-6ab00dc34428,29/07/2014,Jul-14,7,2014,WOODHEAD,Minor Dam,955,37.03,932.8,97.68
1efd1e2a-2f85-4a46-91a2-be15952ab4b3,30/07/2014,Jul-14,7,2014,WOODHEAD,Minor Dam,955,37.11,943.3,98.77
02d33f09-49e9-4d3d-927f-612e381640ad,31/07/2014,Jul-14,7,2014,WOODHEAD,Minor Dam,955,37.02,931.5,97.54
c56294da-6307-4042-9915-ffa9ee5ccf6c,01/08/2014,Aug-14,8,2014,WOODHEAD,Minor Dam,955,37.07,938.1,98.23
2574bd13-1c7d-4d25-93d3-a00de24b49e0,02/08/2014,Aug-14,8,2014,WOODHEAD,Minor Dam,955,37.1,942,98.64
e37ee8b5-bd9d-40c9-a6dc-9144a05d341f,03/08/2014,Aug-14,8,2014,WOODHEAD,Minor Dam,955,37.11,943.3,98.77
daaacbfe-d5ef-4a83-842f-7b7ce81e6864,04/08/2014,Aug-14,8,2014,WOODHEAD,Minor Dam,955,37.12,944.7,98.92
075f9d6e-2870-4749-95e9-94aff9730ec9,05/08/2014,Aug-14,8,2014,WOODHEAD,Minor Dam,955,37.19,954,99.9
ba125f2f-ebe4-474c-8581-c19869b2c38e,06/08/2014,Aug-14,8,2014,WOODHEAD,Minor Dam,955,37.38,965.9,101.14
ece76078-46c8-44e6-9cf0-7f2126c1ef8d,07/08/2014,Aug-14,8,2014,WOODHEAD,Minor Dam,955,37.25,962,100.73
5ce87be9-b0bb-4c16-b74a-b0a350b1082b,08/08/2014,Aug-14,8,2014,WOODHEAD,Minor Dam,955,37.25,962,100.73
7295387c-622a-4934-a6c0-68b06d6f642d,09/08/2014,Aug-14,8,2014,WOODHEAD,Minor Dam,955,37.19,954,99.9
5ba00c6f-4a06-4b42-a2dc-7135c453fbe2,10/08/2014,Aug-14,8,2014,WOODHEAD,Minor Dam,955,37.1,942,98.64
b5b2efe6-c709-4547-b89e-ac600da6e7ae,11/08/2014,Aug-14,8,2014,WOODHEAD,Minor Dam,955,36.96,923.5,96.7
5f81bca5-5c5f-434f-96e8-309ba18cd793,12/08/2014,Aug-14,8,2014,WOODHEAD,Minor Dam,955,36.79,901.7,94.42
6fba6012-77f0-4242-bb2e-0187921cd929,13/08/2014,Aug-14,8,2014,WOODHEAD,Minor Dam,955,36.63,882,92.36
2a7c9807-f8c6-4ed6-ba02-039f7003cc28,14/08/2014,Aug-14,8,2014,WOODHEAD,Minor Dam,955,36.48,864.3,90.5
f14e798e-ef4e-47fb-9df9-55604f0eaf1c,15/08/2014,Aug-14,8,2014,WOODHEAD,Minor Dam,955,36.6,878.3,91.97
93cfcdbe-57e9-4c76-838a-e01803616d03,16/08/2014,Aug-14,8,2014,WOODHEAD,Minor Dam,955,36.58,876,91.73
a0d44d3d-93e9-49ce-a6c9-09aee16fbb18,17/08/2014,Aug-14,8,2014,WOODHEAD,Minor Dam,955,36.48,864.3,90.5
bfd53c85-7a7b-4657-8e0b-1c0c823b264a,18/08/2014,Aug-14,8,2014,WOODHEAD,Minor Dam,955,36.35,849.2,88.92
07b3cd62-6a43-4c6e-8a34-f02d8bbe8972,19/08/2014,Aug-14,8,2014,WOODHEAD,Minor Dam,955,36.15,826.8,86.58
855b09c4-6dd0-45a2-9c11-eea1f75885c6,20/08/2014,Aug-14,8,2014,WOODHEAD,Minor Dam,955,36,810.4,84.86
08165dd2-4d6f-4c24-915d-edca8b542b46,21/08/2014,Aug-14,8,2014,WOODHEAD,Minor Dam,955,36.06,816.9,85.54
6f55288b-ea03-4671-b62a-2353e2f0c193,22/08/2014,Aug-14,8,2014,WOODHEAD,Minor Dam,955,36.64,883.2,92.48
81d1c7b5-a4cf-4735-beff-3374a4da2fc1,23/08/2014,Aug-14,8,2014,WOODHEAD,Minor Dam,955,36.99,927.6,97.13
c21e968b-71e8-4f5a-8105-8c0f86a65b5b,24/08/2014,Aug-14,8,2014,WOODHEAD,Minor Dam,955,37.07,938.1,98.23
2dd07d29-7271-4c62-9860-4466850d77ce,25/08/2014,Aug-14,8,2014,WOODHEAD,Minor Dam,955,37.11,943.3,98.77
e6f96caf-c906-455b-82e2-b6d58e719130,26/08/2014,Aug-14,8,2014,WOODHEAD,Minor Dam,955,37.05,935.5,97.96
22f06a0b-ba9d-4d2b-9657-c2b9f2bf0607,27/08/2014,Aug-14,8,2014,WOODHEAD,Minor Dam,955,37.08,939.4,98.37
3e07391e-f3b9-460b-b0c3-80ee7550b510,28/08/2014,Aug-14,8,2014,WOODHEAD,Minor Dam,955,37.26,963.3,100.87
09161008-9437-4255-91b1-8a5f6a51642a,29/08/2014,Aug-14,8,2014,WOODHEAD,Minor Dam,955,37.31,969,101.47
8cbf1e6c-8d2f-4123-b7a1-1b76c48e7780,30/08/2014,Aug-14,8,2014,WOODHEAD,Minor Dam,955,37.28,965.9,101.14
bb7183c8-8805-4bf3-ae92-a775ff653303,31/08/2014,Aug-14,8,2014,WOODHEAD,Minor Dam,955,37.23,959.3,100.45
3b3765ee-875d-4ee4-97a4-b74a51affc3b,01/09/2014,Sep-14,9,2014,WOODHEAD,Minor Dam,955,37.21,956.6,100.17
0c6d6790-fd9c-4744-a977-f6094e10f850,02/09/2014,Sep-14,9,2014,WOODHEAD,Minor Dam,955,37.13,946,99.06
47b99a47-3ce2-4df2-94d9-431ce76c05cc,03/09/2014,Sep-14,9,2014,WOODHEAD,Minor Dam,955,37.03,932.8,97.68
557c1020-e40e-4593-891d-16677e2cc858,04/09/2014,Sep-14,9,2014,WOODHEAD,Minor Dam,955,36.93,919.5,96.28
eaeee05e-45bc-4bbf-b1ef-435c26db69b2,05/09/2014,Sep-14,9,2014,WOODHEAD,Minor Dam,955,36.82,905.4,94.81
0ed6a978-f442-483c-9094-2610c14888e4,06/09/2014,Sep-14,9,2014,WOODHEAD,Minor Dam,955,36.7,890.6,93.26
9e7ad741-3bf5-4a61-bf22-265040ccbdad,07/09/2014,Sep-14,9,2014,WOODHEAD,Minor Dam,955,36.59,877.1,91.84
e2e54106-f7cd-4855-9c73-dd20aa1ac3a9,08/09/2014,Sep-14,9,2014,WOODHEAD,Minor Dam,955,36.47,863.1,90.38
86496c58-f1a7-4c23-8f24-0965abc3daee,09/09/2014,Sep-14,9,2014,WOODHEAD,Minor Dam,955,36.33,846.9,88.68
0429da17-3984-4c6d-9903-17d2d2e39065,10/09/2014,Sep-14,9,2014,WOODHEAD,Minor Dam,955,36.2,832.4,87.16
40f2add3-a0a0-41dd-9a47-e305ccbb9478,11/09/2014,Sep-14,9,2014,WOODHEAD,Minor Dam,955,36.06,816.9,85.54
f98adbeb-aed2-4050-b521-1c64f923187a,12/09/2014,Sep-14,9,2014,WOODHEAD,Minor Dam,955,35.92,802.2,84
9398d428-afd2-4e82-8896-af3cd822528b,13/09/2014,Sep-14,9,2014,WOODHEAD,Minor Dam,955,35.8,789.9,82.71
51821249-4875-4b7b-b173-5ac7762be432,14/09/2014,Sep-14,9,2014,WOODHEAD,Minor Dam,955,35.67,777.6,81.42
f62d98f7-34af-4512-af1f-00ef76dac0ca,15/09/2014,Sep-14,9,2014,WOODHEAD,Minor Dam,955,35.55,765.4,80.15
8cff3318-f2cf-46a1-944a-ba8055b7c225,16/09/2014,Sep-14,9,2014,WOODHEAD,Minor Dam,955,35.38,749.6,78.49
103afb13-46f9-4fa0-bd0d-a9511372948d,17/09/2014,Sep-14,9,2014,WOODHEAD,Minor Dam,955,35.21,735.2,76.98
6621d673-1f60-49f4-a2de-556a2d07c168,18/09/2014,Sep-14,9,2014,WOODHEAD,Minor Dam,955,35.03,720.4,75.43
734a64dd-5700-47d8-ba02-6f89f7b9cfe5,19/09/2014,Sep-14,9,2014,WOODHEAD,Minor Dam,955,35.01,718.8,75.27
ee7c9666-76ca-4984-9dca-8eb343177ed6,20/09/2014,Sep-14,9,2014,WOODHEAD,Minor Dam,955,35.02,719.6,75.35
c61a8796-479b-4344-8592-2a1f6a0bae30,21/09/2014,Sep-14,9,2014,WOODHEAD,Minor Dam,955,35.09,725.3,75.95
cbdaa22e-c2d4-4c04-98dc-01e6ff808f10,22/09/2014,Sep-14,9,2014,WOODHEAD,Minor Dam,955,35,718,75.18
18054448-5fdb-4f23-a77b-f321485ea38a,23/09/2014,Sep-14,9,2014,WOODHEAD,Minor Dam,955,34.88,708.3,74.17
53b006d4-a882-4db2-a0fe-1ecccde4dc17,24/09/2014,Sep-14,9,2014,WOODHEAD,Minor Dam,955,34.77,699.5,73.25
377a6246-eb9d-4f23-8a08-cfd12a4c477d,25/09/2014,Sep-14,9,2014,WOODHEAD,Minor Dam,955,34.63,688.5,72.09
a19ec912-7c13-4489-967d-79fe2c9736c5,26/09/2014,Sep-14,9,2014,WOODHEAD,Minor Dam,955,34.45,674.5,70.63
c790522a-4f28-4d35-89e0-05a2b443e8c1,27/09/2014,Sep-14,9,2014,WOODHEAD,Minor Dam,955,34.29,662.1,69.33
c46074d7-5c5b-40ca-809e-b6bc1c8727e0,28/09/2014,Sep-14,9,2014,WOODHEAD,Minor Dam,955,34.16,652.3,68.3
e01d3b35-7e14-4445-9d46-ee911b9ad1e7,29/09/2014,Sep-14,9,2014,WOODHEAD,Minor Dam,955,34.07,645.4,67.58
ad13dc70-4ab0-463c-925c-c424e43655f3,30/09/2014,Sep-14,9,2014,WOODHEAD,Minor Dam,955,33.91,633.3,66.31
4ed74d4e-e051-42b7-9836-d231bf1fa903,01/10/2014,Oct-14,10,2014,WOODHEAD,Minor Dam,955,33.77,622.5,65.18
b83af940-a819-420b-9680-7b0f771405b0,02/10/2014,Oct-14,10,2014,WOODHEAD,Minor Dam,955,33.64,612.6,64.15
a634dfb3-27bc-4211-ae1f-99bce8e2281b,03/10/2014,Oct-14,10,2014,WOODHEAD,Minor Dam,955,33.53,604.6,63.31
a1d94d30-d794-4d29-967a-966aab1abd58,04/10/2014,Oct-14,10,2014,WOODHEAD,Minor Dam,955,33.42,596.7,62.48
6716cc32-a548-436c-b981-88cf70741d31,05/10/2014,Oct-14,10,2014,WOODHEAD,Minor Dam,955,33.3,587.7,61.54
d12eb54e-c501-4582-8c00-ce7eb41fde4c,06/10/2014,Oct-14,10,2014,WOODHEAD,Minor Dam,955,33.26,584.8,61.24
471ed515-e940-4d1b-bf6a-581a0cf7f816,07/10/2014,Oct-14,10,2014,WOODHEAD,Minor Dam,955,33.23,582.7,61.02
b22daa4f-9c6b-447a-a731-bc5926633176,08/10/2014,Oct-14,10,2014,WOODHEAD,Minor Dam,955,33.2,580.5,60.79
71229680-2b70-4d4b-b54d-602e82af295f,09/10/2014,Oct-14,10,2014,WOODHEAD,Minor Dam,955,33.22,581.9,60.93
9875d597-4953-48cc-8504-2076080e3784,10/10/2014,Oct-14,10,2014,WOODHEAD,Minor Dam,955,33.23,582.7,61.02
46d25f95-1322-4af2-b91f-16b8ac77479e,11/10/2014,Oct-14,10,2014,WOODHEAD,Minor Dam,955,33.3,587.7,61.54
53e72765-a271-4649-a6eb-37e8e6cfc622,12/10/2014,Oct-14,10,2014,WOODHEAD,Minor Dam,955,33.34,590.7,61.85
0e54a7e6-aba8-4d8a-86b8-b20f32d5c4ab,13/10/2014,Oct-14,10,2014,WOODHEAD,Minor Dam,955,33.37,593,62.09
57f820ca-ae28-4278-8ccf-01ec9f79c1e1,14/10/2014,Oct-14,10,2014,WOODHEAD,Minor Dam,955,33.4,595.3,62.34
e2d801e0-bedb-4421-a68b-e2931bbcfcc9,15/10/2014,Oct-14,10,2014,WOODHEAD,Minor Dam,955,33.42,596.7,62.48
baad595c-3255-48de-9189-5f3a786e6e2d,16/10/2014,Oct-14,10,2014,WOODHEAD,Minor Dam,955,33.44,598.2,62.64
72ae3a54-3866-49fe-86f3-fbd7d41aece9,17/10/2014,Oct-14,10,2014,WOODHEAD,Minor Dam,955,33.46,599.6,62.79
3cd759ff-873f-41d5-9aa7-e348d968a4f8,18/10/2014,Oct-14,10,2014,WOODHEAD,Minor Dam,955,33.4,595.3,62.34
1f3f16b0-cf09-4b84-bfe5-03979b99b283,19/10/2014,Oct-14,10,2014,WOODHEAD,Minor Dam,955,33.35,591.5,61.94
51cc3de6-7db0-4f76-9b60-4f72e1ba88d9,20/10/2014,Oct-14,10,2014,WOODHEAD,Minor Dam,955,33.3,587.7,61.54
456aec55-2656-402f-b55b-9a30c337cec2,21/10/2014,Oct-14,10,2014,WOODHEAD,Minor Dam,955,33.18,579.2,60.65
7f815a2f-3c52-4019-9eaa-0ce03beb0042,22/10/2014,Oct-14,10,2014,WOODHEAD,Minor Dam,955,33.07,571.8,59.87
4e1b766e-5971-4345-8131-847e23545e15,23/10/2014,Oct-14,10,2014,WOODHEAD,Minor Dam,955,33.05,570.5,59.74
98f36e05-28d6-4b6b-9b9f-97c4e0ecf72d,24/10/2014,Oct-14,10,2014,WOODHEAD,Minor Dam,955,32.99,566.4,59.31
a6bba2bb-7404-4039-a2e9-6134084c5c11,25/10/2014,Oct-14,10,2014,WOODHEAD,Minor Dam,955,32.93,562.4,58.89
cb1cb051-f202-48f7-8a94-efa3996c3ca5,26/10/2014,Oct-14,10,2014,WOODHEAD,Minor Dam,955,32.83,555.7,58.19
3b56c17f-c586-4f76-a7c9-70660f236503,27/10/2014,Oct-14,10,2014,WOODHEAD,Minor Dam,955,32.74,549.7,57.56
b5fda69e-d7ed-4e57-9268-f283cd90d713,28/10/2014,Oct-14,10,2014,WOODHEAD,Minor Dam,955,32.69,546.3,57.2
eaf35b00-0fd9-4d58-88ed-71dec6bd66a7,29/10/2014,Oct-14,10,2014,WOODHEAD,Minor Dam,955,32.77,551.7,57.77
df871de0-4dc2-4e61-972c-1b3c5da23208,30/10/2014,Oct-14,10,2014,WOODHEAD,Minor Dam,955,32.83,555.7,58.19
60b5b078-a1b9-4a59-ac29-c999abee6101,31/10/2014,Oct-14,10,2014,WOODHEAD,Minor Dam,955,32.85,557.1,58.34
9ca43098-8caa-4af4-9574-c2f757f2be11,01/11/2014,Nov-14,11,2014,WOODHEAD,Minor Dam,955,32.88,559.1,58.54
c5e3d0b9-c4a7-44cb-8a5f-049b7febd77d,02/11/2014,Nov-14,11,2014,WOODHEAD,Minor Dam,955,33.12,575.1,60.22
f2834d64-b2ed-43ee-aa89-fc99bb48b84d,03/11/2014,Nov-14,11,2014,WOODHEAD,Minor Dam,955,33.36,592.3,62.02
ae4ee932-5173-4395-a1bc-a003b2703f6f,04/11/2014,Nov-14,11,2014,WOODHEAD,Minor Dam,955,33.56,606.8,63.54
aba43f96-205c-4583-8b95-93615d5a2f6d,05/11/2014,Nov-14,11,2014,WOODHEAD,Minor Dam,955,33.8,624.8,65.42
97298938-7988-4f7a-808f-3c83cf4b5eb9,06/11/2014,Nov-14,11,2014,WOODHEAD,Minor Dam,955,34.01,640.9,67.11
4be567db-6937-4078-b4a8-ba61374ff5ca,07/11/2014,Nov-14,11,2014,WOODHEAD,Minor Dam,955,34.24,658.3,68.93
4419d4b4-ad97-4b8d-b39d-63576b161ddd,08/11/2014,Nov-14,11,2014,WOODHEAD,Minor Dam,955,34.38,669,70.05
362000f4-5c2c-4638-9663-299863507322,09/11/2014,Nov-14,11,2014,WOODHEAD,Minor Dam,955,34.61,687,71.94
352c7ab8-b122-4921-ae11-e130725b95b2,10/11/2014,Nov-14,11,2014,WOODHEAD,Minor Dam,955,34.79,701.1,73.41
e671aa65-6020-4e09-9621-0af35759dfe9,11/11/2014,Nov-14,11,2014,WOODHEAD,Minor Dam,955,34.97,715.6,74.93
13e402d8-c93d-47ad-b495-acd4c1b9c755,12/11/2014,Nov-14,11,2014,WOODHEAD,Minor Dam,955,35.11,726.9,76.12
e2ef8d75-e71e-4497-84b4-ff9b7c869eef,13/11/2014,Nov-14,11,2014,WOODHEAD,Minor Dam,955,35.11,726.9,76.12
b7c7e93a-d5ed-4fe1-bef4-ce3591bbde05,14/11/2014,Nov-14,11,2014,WOODHEAD,Minor Dam,955,35,718,75.18
2e0af636-1566-4507-8a0e-b869ca048b47,15/11/2014,Nov-14,11,2014,WOODHEAD,Minor Dam,955,35,718,75.18
512d88c1-5b6d-4a75-afed-d681d4aa1276,16/11/2014,Nov-14,11,2014,WOODHEAD,Minor Dam,955,35.01,718.8,75.27
85db544d-bf6e-4c78-a2e3-fb7dd0f93ada,17/11/2014,Nov-14,11,2014,WOODHEAD,Minor Dam,955,35.01,718.8,75.27
b1b7d6fd-2780-4360-a55d-2d35a6be16b1,18/11/2014,Nov-14,11,2014,WOODHEAD,Minor Dam,955,35.01,718.8,75.27
99c83cb7-4209-4f6d-b251-be1a407f9366,19/11/2014,Nov-14,11,2014,WOODHEAD,Minor Dam,955,35.01,718.8,75.27
05c88d25-a05c-4c3e-bca2-c262e45cafa1,20/11/2014,Nov-14,11,2014,WOODHEAD,Minor Dam,955,35,718,75.18
f231bc1f-3280-4851-ac06-38402479ca93,21/11/2014,Nov-14,11,2014,WOODHEAD,Minor Dam,955,35,718,75.18
d039cac7-bb7e-40ac-8fb3-874fd7d0ed69,22/11/2014,Nov-14,11,2014,WOODHEAD,Minor Dam,955,34.99,717.2,75.1
e0bac1c0-4007-446c-b3c0-7ad587491add,23/11/2014,Nov-14,11,2014,WOODHEAD,Minor Dam,955,34.98,716.4,75.02
b04296d9-5532-4b4f-b9ac-a29bc4ec9e5e,24/11/2014,Nov-14,11,2014,WOODHEAD,Minor Dam,955,34.97,715.6,74.93
2e8bbe4c-14aa-401b-ab8a-4a13e4a32fda,25/11/2014,Nov-14,11,2014,WOODHEAD,Minor Dam,955,34.96,714.8,74.85
e6ddfc93-888b-4ccf-a781-077efae62eb6,26/11/2014,Nov-14,11,2014,WOODHEAD,Minor Dam,955,34.96,714.8,74.85
75727ca0-0656-4e74-861b-193f8d3846bc,27/11/2014,Nov-14,11,2014,WOODHEAD,Minor Dam,955,34.96,714.8,74.85
f479f71d-c1c5-410e-ae7b-464160bdfbab,28/11/2014,Nov-14,11,2014,WOODHEAD,Minor Dam,955,34.96,714.8,74.85
1568de20-194e-49c7-986e-43f2ceb9eb8d,29/11/2014,Nov-14,11,2014,WOODHEAD,Minor Dam,955,34.95,714,74.76
e04b5b9a-5a85-47d8-9afc-bc51a9250a30,30/11/2014,Nov-14,11,2014,WOODHEAD,Minor Dam,955,34.95,714,74.76
50445dbd-37fb-4ded-bd44-4683f179d74e,01/12/2014,Dec-14,12,2014,WOODHEAD,Minor Dam,955,34.94,713.1,74.67
cbf25fbf-e6ca-4d0f-bb1e-964b63f12b5c,02/12/2014,Dec-14,12,2014,WOODHEAD,Minor Dam,955,34.93,712.3,74.59
e2615fbc-99f9-426d-87fd-f7fc653cd6bb,03/12/2014,Dec-14,12,2014,WOODHEAD,Minor Dam,955,34.96,714.8,74.85
437358bc-5b8a-4bfb-874c-001897966560,04/12/2014,Dec-14,12,2014,WOODHEAD,Minor Dam,955,34.92,711.5,74.5
dc8601bc-bdf5-48bf-84cf-1dbcdf35e4ee,05/12/2014,Dec-14,12,2014,WOODHEAD,Minor Dam,955,34.91,710.7,74.42
c58e8fb3-dff7-484a-a464-695a092f7134,06/12/2014,Dec-14,12,2014,WOODHEAD,Minor Dam,955,34.91,710.7,74.42
2e258625-829c-439e-96eb-22537380066b,07/12/2014,Dec-14,12,2014,WOODHEAD,Minor Dam,955,34.91,710.7,74.42
fb0dc3f7-e9ca-4593-906a-f3d4c5a18934,08/12/2014,Dec-14,12,2014,WOODHEAD,Minor Dam,955,34.91,710.7,74.42
4dc4a0b4-867c-47b3-b408-d8a54cd74b3d,09/12/2014,Dec-14,12,2014,WOODHEAD,Minor Dam,955,34.9,709.9,74.34
cc5a2ec6-2f4a-4c01-9276-317d9c18049c,10/12/2014,Dec-14,12,2014,WOODHEAD,Minor Dam,955,34.9,709.9,74.34
5f830d40-0634-4257-abfa-b9bccd885419,11/12/2014,Dec-14,12,2014,WOODHEAD,Minor Dam,955,34.89,709.1,74.25
d05854ba-8f0f-4c5b-a175-1a0166cfff4a,12/12/2014,Dec-14,12,2014,WOODHEAD,Minor Dam,955,34.88,708.3,74.17
a1382b6d-0032-4b15-8d4d-1af1622c8c2e,13/12/2014,Dec-14,12,2014,WOODHEAD,Minor Dam,955,34.67,691.5,72.41
1a34af45-c06d-4128-81e7-f23add1d462d,14/12/2014,Dec-14,12,2014,WOODHEAD,Minor Dam,955,34.51,679.3,71.13
f4b7b1b0-0ef7-453f-add8-96ded4866365,15/12/2014,Dec-14,12,2014,WOODHEAD,Minor Dam,955,34.31,663.7,69.5
1b895855-3834-47d6-9200-5cab1f3399a0,16/12/2014,Dec-14,12,2014,WOODHEAD,Minor Dam,955,34.17,653,68.38
20a38861-32f2-409f-991f-e2f3dd181837,17/12/2014,Dec-14,12,2014,WOODHEAD,Minor Dam,955,34.15,651.5,68.22
9629a163-b638-4735-af4f-f848dce05d5f,18/12/2014,Dec-14,12,2014,WOODHEAD,Minor Dam,955,34.11,648.5,67.91
5317ecef-14ec-4b05-8eff-1130d369cb5f,19/12/2014,Dec-14,12,2014,WOODHEAD,Minor Dam,955,34.1,647.7,67.82
bc97d67c-c537-4578-ac7a-71461af5605c,20/12/2014,Dec-14,12,2014,WOODHEAD,Minor Dam,955,34.09,646.9,67.74
e7c7ac26-797f-48ae-8b5f-d283147172ae,21/12/2014,Dec-14,12,2014,WOODHEAD,Minor Dam,955,34.08,646.2,67.66
0cdf706d-abfc-4b3d-8e7e-3895c7eeff2e,22/12/2014,Dec-14,12,2014,WOODHEAD,Minor Dam,955,34.06,644.7,67.51
30ab80ea-5571-466b-8606-763bcf486a76,23/12/2014,Dec-14,12,2014,WOODHEAD,Minor Dam,955,34.06,644.7,67.51
4d28d8d4-3993-4e32-a132-23fc14254f16,24/12/2014,Dec-14,12,2014,WOODHEAD,Minor Dam,955,34.06,644.7,67.51
84e7ce95-eef4-45d0-bec5-c96347383264,25/12/2014,Dec-14,12,2014,WOODHEAD,Minor Dam,955,34.06,644.7,67.51
7ac483c6-3cd6-4b7d-8975-785074531d4a,26/12/2014,Dec-14,12,2014,WOODHEAD,Minor Dam,955,34.06,644.7,67.51
91d65d98-4dc1-42e1-9d4e-e644678eabe8,27/12/2014,Dec-14,12,2014,WOODHEAD,Minor Dam,955,34.08,646.2,67.66
f8d855db-d7d9-4890-b2df-00f8c78dcb97,28/12/2014,Dec-14,12,2014,WOODHEAD,Minor Dam,955,34.1,647.7,67.82
df3b6b4c-9c3d-4231-b879-207ee74c0265,29/12/2014,Dec-14,12,2014,WOODHEAD,Minor Dam,955,34.1,647.7,67.82
9dafd3d9-7829-49cf-86b2-92076da8d044,30/12/2014,Dec-14,12,2014,WOODHEAD,Minor Dam,955,34.1,647.7,67.82
a44a14b9-7bf1-4167-a0a9-20187d813361,31/12/2014,Dec-14,12,2014,WOODHEAD,Minor Dam,955,34.06,644.7,67.51
a1dfbfea-7533-49f1-ac87-c32af45aedef,01/01/2015,Jan-15,1,2015,WOODHEAD,Minor Dam,955,34.06,644.7,67.51
ec93a2b3-8054-4019-aa99-8cbcbb2a12fa,02/01/2015,Jan-15,1,2015,WOODHEAD,Minor Dam,955,34.06,644.7,67.51
a87c37f4-e908-45bc-938c-fb5be88cdd4b,03/01/2015,Jan-15,1,2015,WOODHEAD,Minor Dam,955,34.06,644.7,67.51
37241b28-88c9-4e75-9b70-36593afba3eb,04/01/2015,Jan-15,1,2015,WOODHEAD,Minor Dam,955,34.06,644.7,67.51
12b812a4-02fa-4004-aa60-968677b87f86,05/01/2015,Jan-15,1,2015,WOODHEAD,Minor Dam,955,34.05,643.9,67.42
8825333a-4396-4348-87db-453d157f1b15,06/01/2015,Jan-15,1,2015,WOODHEAD,Minor Dam,955,34.08,646.2,67.66
f5df28a0-ba2b-45de-9bfd-1c23eff11fb8,07/01/2015,Jan-15,1,2015,WOODHEAD,Minor Dam,955,34.16,652.3,68.3
ef9ce9ad-c3c7-4bc8-b42e-bfbc5d728f92,08/01/2015,Jan-15,1,2015,WOODHEAD,Minor Dam,955,34.18,653.8,68.46
8a6800c9-6ea6-4f06-9884-d9b7ee87d99a,09/01/2015,Jan-15,1,2015,WOODHEAD,Minor Dam,955,34.18,653.8,68.46
32918909-e088-429e-9e14-742a16700b8a,10/01/2015,Jan-15,1,2015,WOODHEAD,Minor Dam,955,34.18,653.8,68.46
4ae70960-9062-45f3-9901-9bcdac9c1aba,11/01/2015,Jan-15,1,2015,WOODHEAD,Minor Dam,955,34.18,653.8,68.46
da715701-cc8d-4757-a14b-09582d858fcd,12/01/2015,Jan-15,1,2015,WOODHEAD,Minor Dam,955,34.18,653.8,68.46
51b076a3-9991-48d2-897c-87535883aa5f,13/01/2015,Jan-15,1,2015,WOODHEAD,Minor Dam,955,34.18,653.8,68.46
3c41d805-cb33-454f-b10a-43c7fbbbea58,14/01/2015,Jan-15,1,2015,WOODHEAD,Minor Dam,955,34.17,653,68.38
d4b87d75-2d05-4df9-b2bd-7ad26043e980,15/01/2015,Jan-15,1,2015,WOODHEAD,Minor Dam,955,34.17,653,68.38
524c202e-6cf8-4a7f-8a78-bcae6f00500a,16/01/2015,Jan-15,1,2015,WOODHEAD,Minor Dam,955,34.17,653,68.38
3f667934-fc7a-4d51-b8d1-417248db823c,17/01/2015,Jan-15,1,2015,WOODHEAD,Minor Dam,955,34.19,654.5,68.53
fafe5ea9-1b44-4c1a-a741-20bcdb0cd373,18/01/2015,Jan-15,1,2015,WOODHEAD,Minor Dam,955,34.21,656.1,68.7
46f6847b-6bbe-41b1-9c4e-3d2dda412591,19/01/2015,Jan-15,1,2015,WOODHEAD,Minor Dam,955,34.2,655.3,68.62
f450a0a8-bcde-42ea-beaf-f95e2930eea2,20/01/2015,Jan-15,1,2015,WOODHEAD,Minor Dam,955,34.2,655.3,68.62
a48b5e89-f8ab-4e1f-be98-df0adf26332a,21/01/2015,Jan-15,1,2015,WOODHEAD,Minor Dam,955,34.2,655.3,68.62
6851336e-108d-42fa-a78a-64f3572770e7,22/01/2015,Jan-15,1,2015,WOODHEAD,Minor Dam,955,34.2,655.3,68.62
028ef806-bf53-40ad-a57f-761fc2f87c1f,23/01/2015,Jan-15,1,2015,WOODHEAD,Minor Dam,955,34.12,649.2,67.98
b5ba0c24-49dc-47d5-a035-70cf0b19feeb,24/01/2015,Jan-15,1,2015,WOODHEAD,Minor Dam,955,33.94,635.5,66.54
47a048da-1d6b-4f0e-9c66-c15ceccbd0f6,25/01/2015,Jan-15,1,2015,WOODHEAD,Minor Dam,955,33.76,621.8,65.11
aaf641db-ee22-4385-8ddc-8de007a72b44,26/01/2015,Jan-15,1,2015,WOODHEAD,Minor Dam,955,33.58,608.2,63.69
72cfde3c-40cc-4525-bbc0-f60444d71582,27/01/2015,Jan-15,1,2015,WOODHEAD,Minor Dam,955,33.38,593.8,62.18
4a9057b0-627b-4edb-bda7-f1e22829aced,28/01/2015,Jan-15,1,2015,WOODHEAD,Minor Dam,955,33.29,587,61.47
576eba1b-e860-4b27-a388-dfdad7ad17af,29/01/2015,Jan-15,1,2015,WOODHEAD,Minor Dam,955,33.6,609.6,63.83
9de5a316-61b5-4443-a566-b011b782f79f,30/01/2015,Jan-15,1,2015,WOODHEAD,Minor Dam,955,33.7,617.2,64.63
1634a466-875a-4311-81b6-2ba82fdd3798,31/01/2015,Jan-15,1,2015,WOODHEAD,Minor Dam,955,33.94,635.5,66.54
28f1b4e4-a9aa-4375-acc4-0d02bfe0a2b0,01/02/2015,Feb-15,2,2015,WOODHEAD,Minor Dam,955,34.14,650.7,68.14
69251768-1432-485b-baec-27aeaac6f2be,02/02/2015,Feb-15,2,2015,WOODHEAD,Minor Dam,955,34.26,659.9,69.1
735acc2c-4098-4914-9853-bcf0a3fb9aa5,03/02/2015,Feb-15,2,2015,WOODHEAD,Minor Dam,955,34.39,669.7,70.13
87fe13ac-5234-4558-9e24-2a6a716347e4,04/02/2015,Feb-15,2,2015,WOODHEAD,Minor Dam,955,34.51,679.3,71.13
7d11ac44-5cce-4ce8-90f2-9a0f88f91a50,05/02/2015,Feb-15,2,2015,WOODHEAD,Minor Dam,955,34.67,691.5,72.41
87f755c5-ce19-4b18-80e3-1b119837e0bd,06/02/2015,Feb-15,2,2015,WOODHEAD,Minor Dam,955,34.76,698.7,73.16
a077afdb-9dbf-4b23-9cbe-e38fd891b0cf,07/02/2015,Feb-15,2,2015,WOODHEAD,Minor Dam,955,34.85,705.9,73.92
cb5a4693-85b8-4d1f-9784-3be866cfa563,08/02/2015,Feb-15,2,2015,WOODHEAD,Minor Dam,955,35,718,75.18
3ec270d2-a761-479d-951a-6453be23d3bd,09/02/2015,Feb-15,2,2015,WOODHEAD,Minor Dam,955,35.15,730.2,76.46
47fb774e-d12e-42ba-b8da-3f11e998a3eb,10/02/2015,Feb-15,2,2015,WOODHEAD,Minor Dam,955,35.21,735.2,76.98
c747b30a-e076-4f83-a802-9e3473a3677a,11/02/2015,Feb-15,2,2015,WOODHEAD,Minor Dam,955,35.28,741.1,77.6
b3f0162e-f039-4888-9392-43e94374f826,12/02/2015,Feb-15,2,2015,WOODHEAD,Minor Dam,955,35.37,748.8,78.41
ee19f433-7639-4cc1-ba53-3e934bd15b6b,13/02/2015,Feb-15,2,2015,WOODHEAD,Minor Dam,955,35.43,754.1,78.96
bc963a31-2d34-4ebb-9560-5ff1d376bab5,14/02/2015,Feb-15,2,2015,WOODHEAD,Minor Dam,955,35.51,761.6,79.75
b0d59265-7a03-4f85-8d88-4b22cc83a0fa,15/02/2015,Feb-15,2,2015,WOODHEAD,Minor Dam,955,35.57,767.2,80.34
d77782be-8a48-4ab4-b269-2ae6764f0123,16/02/2015,Feb-15,2,2015,WOODHEAD,Minor Dam,955,35.6,770,80.63
387846a7-4353-4ac6-a28e-94be1db10c35,17/02/2015,Feb-15,2,2015,WOODHEAD,Minor Dam,955,35.5,760.7,79.65
fd137a4c-4d43-40e4-8dc1-30f4eeca150f,18/02/2015,Feb-15,2,2015,WOODHEAD,Minor Dam,955,35.35,747.1,78.23
06762b35-408e-47a5-bd5e-8adad22369ba,19/02/2015,Feb-15,2,2015,WOODHEAD,Minor Dam,955,35.18,732.7,76.72
edec8b57-22ef-44cf-905f-bc34233143f6,20/02/2015,Feb-15,2,2015,WOODHEAD,Minor Dam,955,35.07,723.7,75.78
a99cac29-f474-433a-8c3d-4b80466c32fd,21/02/2015,Feb-15,2,2015,WOODHEAD,Minor Dam,955,34.88,708.3,74.17
c6e186bc-2aae-49fe-a8a2-7f1ce90a0872,22/02/2015,Feb-15,2,2015,WOODHEAD,Minor Dam,955,34.77,699.5,73.25
ff1f21ab-1fec-4897-9cb5-051a5e302a3b,23/02/2015,Feb-15,2,2015,WOODHEAD,Minor Dam,955,34.59,685.4,71.77
826b76ee-d247-4122-abb6-13e3fe4e3182,24/02/2015,Feb-15,2,2015,WOODHEAD,Minor Dam,955,34.45,674.5,70.63
8c63adb2-54b5-410e-87d4-872f26fde7c3,25/02/2015,Feb-15,2,2015,WOODHEAD,Minor Dam,955,34.26,659.9,69.1
08dc0bd1-598a-4e4c-b206-6b9f4e693bf8,26/02/2015,Feb-15,2,2015,WOODHEAD,Minor Dam,955,34.08,646.2,67.66
3bb796d1-f800-46dd-9e65-0d177ea0f4f3,27/02/2015,Feb-15,2,2015,WOODHEAD,Minor Dam,955,33.93,634.8,66.47
b229e5d4-3621-4d8c-ad0c-349f46787c49,28/02/2015,Feb-15,2,2015,WOODHEAD,Minor Dam,955,33.78,623.3,65.27
82e5fe04-7081-4757-92cd-a643007598f1,01/03/2015,Mar-15,3,2015,WOODHEAD,Minor Dam,955,33.61,610.4,63.92
8886d17f-cb1e-4662-9c57-5f4e86395106,02/03/2015,Mar-15,3,2015,WOODHEAD,Minor Dam,955,33.43,597.5,62.57
e83059b3-18f5-414c-8474-44689fdb1435,03/03/2015,Mar-15,3,2015,WOODHEAD,Minor Dam,955,33.24,583.4,61.09
f6a0bb12-86e2-45fe-9fce-ece102ac3444,04/03/2015,Mar-15,3,2015,WOODHEAD,Minor Dam,955,33.07,571.8,59.87
62bc8349-60ee-4398-9aa2-c5ba0fbd3929,05/03/2015,Mar-15,3,2015,WOODHEAD,Minor Dam,955,32.89,559.7,58.61
d7675670-a8b1-4fd5-afb9-1744676bb5db,06/03/2015,Mar-15,3,2015,WOODHEAD,Minor Dam,955,32.68,545.7,57.14
99130812-c4a1-489d-a625-da3f139aabf1,07/03/2015,Mar-15,3,2015,WOODHEAD,Minor Dam,955,32.47,532.2,55.73
b680cd96-f4d9-4bdc-8fa0-728e9712f1ee,08/03/2015,Mar-15,3,2015,WOODHEAD,Minor Dam,955,32.33,523.3,54.8
fe0b8e0e-529b-4695-9b04-a86fcca5707e,09/03/2015,Mar-15,3,2015,WOODHEAD,Minor Dam,955,32.11,509.5,53.35
e9fd190a-3b14-44c3-b75d-c098f8f3b1d5,10/03/2015,Mar-15,3,2015,WOODHEAD,Minor Dam,955,31.93,498.2,52.17
eb7e94f3-257a-46a2-80fb-992119a5ce81,11/03/2015,Mar-15,3,2015,WOODHEAD,Minor Dam,955,31.7,483.8,50.66
1463ac7f-752c-4e7b-a8a9-7012d8bbb5df,12/03/2015,Mar-15,3,2015,WOODHEAD,Minor Dam,955,31.7,483.8,50.66
1758800c-357c-4961-8bc4-ca2c38ebfbe9,13/03/2015,Mar-15,3,2015,WOODHEAD,Minor Dam,955,31.72,485,50.79
80f1b06f-e4a8-4fae-9b73-dc02d5a4f17f,14/03/2015,Mar-15,3,2015,WOODHEAD,Minor Dam,955,31.72,485,50.79
a20106ee-01d4-4cd5-ac27-5f27e2c95426,15/03/2015,Mar-15,3,2015,WOODHEAD,Minor Dam,955,31.66,481.4,50.41
2a7ae382-4f5f-4833-8654-c5bdc737dfa9,16/03/2015,Mar-15,3,2015,WOODHEAD,Minor Dam,955,31.67,482,50.47
7a8dcfe1-fce8-41bf-9be1-f1c9d4dd3402,17/03/2015,Mar-15,3,2015,WOODHEAD,Minor Dam,955,31.72,485,50.79
136de168-4c88-4781-a76c-d3750262f195,18/03/2015,Mar-15,3,2015,WOODHEAD,Minor Dam,955,31.7,483.8,50.66
eb8c806a-80ca-4cee-8c05-74f4004f2a3c,19/03/2015,Mar-15,3,2015,WOODHEAD,Minor Dam,955,31.7,483.8,50.66
ff121332-b83c-4794-aa6a-ecae220f822f,20/03/2015,Mar-15,3,2015,WOODHEAD,Minor Dam,955,31.7,483.8,50.66
a711da95-4fa0-4b96-b31c-06c87759e4e9,21/03/2015,Mar-15,3,2015,WOODHEAD,Minor Dam,955,31.7,483.8,50.66
afb3c8fc-5396-425f-9eb6-2f7bccfe5161,22/03/2015,Mar-15,3,2015,WOODHEAD,Minor Dam,955,31.7,483.8,50.66
f59a71e9-c91c-4d99-99b0-759eba23a1e5,23/03/2015,Mar-15,3,2015,WOODHEAD,Minor Dam,955,31.7,483.8,50.66
747681c5-24bb-40f5-8262-e11ef3ef734e,24/03/2015,Mar-15,3,2015,WOODHEAD,Minor Dam,955,31.7,483.8,50.66
1fc32e3f-7499-4e0e-a0bb-d88fadfb5b1e,25/03/2015,Mar-15,3,2015,WOODHEAD,Minor Dam,955,31.7,483.8,50.66
5ea8d05c-4143-43e5-89d5-f452fd23dbc6,26/03/2015,Mar-15,3,2015,WOODHEAD,Minor Dam,955,31.7,483.8,50.66
4392020c-ec1d-4b13-a56e-4887b15da743,27/03/2015,Mar-15,3,2015,WOODHEAD,Minor Dam,955,31.7,483.8,50.66
5b04e814-8917-469e-b7b0-9125f0eb3cc1,28/03/2015,Mar-15,3,2015,WOODHEAD,Minor Dam,955,31.7,483.8,50.66
8b78a667-4a2e-470a-b9cd-0c1922dff58b,29/03/2015,Mar-15,3,2015,WOODHEAD,Minor Dam,955,31.7,483.8,50.66
18c19be5-5596-4ef2-9c3a-b47e5631ee71,30/03/2015,Mar-15,3,2015,WOODHEAD,Minor Dam,955,31.7,483.8,50.66
9e25295b-613e-424d-8742-7709e645e246,31/03/2015,Mar-15,3,2015,WOODHEAD,Minor Dam,955,31.7,483.8,50.66
df372a34-8dd9-49ee-b9b0-bc56beef0180,01/04/2015,Apr-15,4,2015,WOODHEAD,Minor Dam,955,31.7,483.8,50.66
975aa827-aba0-445d-8468-3f8f2455106e,02/04/2015,Apr-15,4,2015,WOODHEAD,Minor Dam,955,31.7,483.8,50.66
c986026a-d391-4bb7-9c4b-f99db9fcd401,03/04/2015,Apr-15,4,2015,WOODHEAD,Minor Dam,955,31.7,483.8,50.66
40dfad2b-e7cf-4950-b0ec-043906f6c059,04/04/2015,Apr-15,4,2015,WOODHEAD,Minor Dam,955,31.7,483.8,50.66
1cfc91fc-210f-4607-870a-2142e60c464d,05/04/2015,Apr-15,4,2015,WOODHEAD,Minor Dam,955,31.7,483.8,50.66
e60b7c86-89c4-4dba-912a-5636b9859d0e,06/04/2015,Apr-15,4,2015,WOODHEAD,Minor Dam,955,31.7,483.8,50.66
a7f9dcfe-5ce1-4614-a329-d222302d0d6a,07/04/2015,Apr-15,4,2015,WOODHEAD,Minor Dam,955,31.7,483.8,50.66
46d159fa-c32e-48c2-af92-195fd8220c46,08/04/2015,Apr-15,4,2015,WOODHEAD,Minor Dam,955,31.7,483.8,50.66
eaf22fea-1382-4098-857e-35130bd8fec0,09/04/2015,Apr-15,4,2015,WOODHEAD,Minor Dam,955,31.69,483.2,50.6
e4731ef0-1859-4a9a-9cf2-4ee4614ed37e,10/04/2015,Apr-15,4,2015,WOODHEAD,Minor Dam,955,31.69,483.2,50.6
5c056d63-a927-4cc4-a95a-dabc7bde8e9c,11/04/2015,Apr-15,4,2015,WOODHEAD,Minor Dam,955,31.68,482.6,50.53
c29411c7-9ef7-40b0-8968-477c376ab1dc,12/04/2015,Apr-15,4,2015,WOODHEAD,Minor Dam,955,31.66,481.4,50.41
64e25121-9c04-437f-bb22-c7e79afc26f7,13/04/2015,Apr-15,4,2015,WOODHEAD,Minor Dam,955,31.66,481.4,50.41
718d1d15-23df-4d48-b1d7-330968533d38,14/04/2015,Apr-15,4,2015,WOODHEAD,Minor Dam,955,31.66,481.4,50.41
56b04f4f-ac40-4cfd-a18d-732bd4d54135,15/04/2015,Apr-15,4,2015,WOODHEAD,Minor Dam,955,31.66,481.4,50.41
721d7ac8-7269-414e-9e7c-e1fab9c10bdb,16/04/2015,Apr-15,4,2015,WOODHEAD,Minor Dam,955,31.66,481.4,50.41
e8015b5f-a5d6-4ca1-9341-c5ee59a6363b,17/04/2015,Apr-15,4,2015,WOODHEAD,Minor Dam,955,31.66,481.4,50.41
c0a52108-7ef7-4d34-84ab-dc6d2df6368c,18/04/2015,Apr-15,4,2015,WOODHEAD,Minor Dam,955,31.66,481.4,50.41
1fc2858d-fd7e-406b-8e5c-c09c78c63951,19/04/2015,Apr-15,4,2015,WOODHEAD,Minor Dam,955,31.66,481.4,50.41
2144ba86-0bf5-4d5b-8683-91f111f0f78a,20/04/2015,Apr-15,4,2015,WOODHEAD,Minor Dam,955,31.66,481.4,50.41
d53da188-4cb9-406b-83fb-f034b035a5cc,21/04/2015,Apr-15,4,2015,WOODHEAD,Minor Dam,955,31.65,480.8,50.35
4563eef5-128f-43b2-a833-fe5b5caf114f,22/04/2015,Apr-15,4,2015,WOODHEAD,Minor Dam,955,31.65,480.8,50.35
ccadc859-53af-4fcc-a08d-42e616f594b0,23/04/2015,Apr-15,4,2015,WOODHEAD,Minor Dam,955,31.65,480.8,50.35
8293ebf7-ede1-4f90-bd07-df8c36f7e642,24/04/2015,Apr-15,4,2015,WOODHEAD,Minor Dam,955,31.65,480.8,50.35
ef87c888-36d9-4395-8290-2f01662dbc5a,25/04/2015,Apr-15,4,2015,WOODHEAD,Minor Dam,955,31.64,480.2,50.28
44f46ee0-141a-4528-a7a0-56b18a247caa,26/04/2015,Apr-15,4,2015,WOODHEAD,Minor Dam,955,31.63,479.6,50.22
e7a5c7ff-afb0-49f6-a5f5-60746b2399fa,27/04/2015,Apr-15,4,2015,WOODHEAD,Minor Dam,955,31.63,479.6,50.22
4518141a-3680-463f-a3a9-7c16adabfb9d,28/04/2015,Apr-15,4,2015,WOODHEAD,Minor Dam,955,31.62,479,50.16
8ed4d76d-105a-4367-8051-92f969025b99,29/04/2015,Apr-15,4,2015,WOODHEAD,Minor Dam,955,31.62,479,50.16
191ee140-e1c5-498f-8694-99eac33ed4b1,30/04/2015,Apr-15,4,2015,WOODHEAD,Minor Dam,955,31.33,461.8,48.36
91c76973-449e-4181-9416-0a1627f7ea21,01/05/2015,May-15,5,2015,WOODHEAD,Minor Dam,955,31.03,443.8,46.47
91564194-1ed9-432b-821a-dfbbb0045ff6,02/05/2015,May-15,5,2015,WOODHEAD,Minor Dam,955,31.03,443.8,46.47
fff59584-7076-4acd-a30a-62df6ca198a5,03/05/2015,May-15,5,2015,WOODHEAD,Minor Dam,955,31.03,443.8,46.47
068f0632-a704-4a2d-a831-0f5c5cb61c14,04/05/2015,May-15,5,2015,WOODHEAD,Minor Dam,955,31.02,443.3,46.42
24090100-e132-4e16-8801-150a75795a67,05/05/2015,May-15,5,2015,WOODHEAD,Minor Dam,955,31.02,443.3,46.42
72a96ac0-f74a-4f72-921c-c32ae1b10f58,06/05/2015,May-15,5,2015,WOODHEAD,Minor Dam,955,31.02,443.3,46.42
43e5197b-37be-4748-b31b-f6d8ac972a73,07/05/2015,May-15,5,2015,WOODHEAD,Minor Dam,955,31.01,442.7,46.36
2e586155-f1ec-4326-9d26-c595306be363,08/05/2015,May-15,5,2015,WOODHEAD,Minor Dam,955,31.01,442.7,46.36
2d10e676-5822-4587-b565-60daeb612ebc,09/05/2015,May-15,5,2015,WOODHEAD,Minor Dam,955,31,442.1,46.29
8cccfca5-9e55-4b73-9fac-cfc8ee6188c1,10/05/2015,May-15,5,2015,WOODHEAD,Minor Dam,955,31,442.1,46.29
41a0119f-bb3f-4937-93ae-4234a3652e92,11/05/2015,May-15,5,2015,WOODHEAD,Minor Dam,955,30.99,441.5,46.23
79ff8ba4-0841-4751-8ee3-216ca73acdac,12/05/2015,May-15,5,2015,WOODHEAD,Minor Dam,955,30.99,441.5,46.23
f29bc3b4-1f8a-4009-999c-a2ab5db3d7a2,13/05/2015,May-15,5,2015,WOODHEAD,Minor Dam,955,30.98,440.9,46.17
ebc8a5c6-d749-457d-b22f-f68f931e1dad,14/05/2015,May-15,5,2015,WOODHEAD,Minor Dam,955,30.98,440.9,46.17
0973dd36-6a31-4f5d-b44a-75fcfa1b3059,15/05/2015,May-15,5,2015,WOODHEAD,Minor Dam,955,31,442.1,46.29
23ae5b85-f098-450b-9f16-032a87def5e3,16/05/2015,May-15,5,2015,WOODHEAD,Minor Dam,955,31,442.1,46.29
cd7b74bc-ebfd-490f-b142-474f78733344,17/05/2015,May-15,5,2015,WOODHEAD,Minor Dam,955,31.16,451.4,47.27
390ea42a-e670-4634-946a-de9515712455,18/05/2015,May-15,5,2015,WOODHEAD,Minor Dam,955,31.25,456.9,47.84
b0337864-9684-4976-bd05-15c7e467c2a8,19/05/2015,May-15,5,2015,WOODHEAD,Minor Dam,955,31.27,458.1,47.97
201487e8-f9ff-481f-9b8a-3ee870fabf38,20/05/2015,May-15,5,2015,WOODHEAD,Minor Dam,955,31.28,458.7,48.03
6a2811c5-60ac-4e9a-b982-c6f7581d86b5,21/05/2015,May-15,5,2015,WOODHEAD,Minor Dam,955,31.31,460.6,48.23
26a9de04-abac-48f3-9717-06d22fae6929,22/05/2015,May-15,5,2015,WOODHEAD,Minor Dam,955,31.33,461.8,48.36
fc766b3e-64bd-4866-bd92-195b84c9a7ec,23/05/2015,May-15,5,2015,WOODHEAD,Minor Dam,955,31.42,467,48.9
97e1334c-b133-407b-ae03-b185c6539b68,24/05/2015,May-15,5,2015,WOODHEAD,Minor Dam,955,31.35,462.9,48.47
1a289f82-d7e9-4c3e-96ac-b7219bacd8ff,25/05/2015,May-15,5,2015,WOODHEAD,Minor Dam,955,31.39,465.3,48.72
8edddfd1-d516-497d-8629-48c11c3a4892,26/05/2015,May-15,5,2015,WOODHEAD,Minor Dam,955,31.42,467,48.9
c951b563-3468-466d-a515-48212130ceff,27/05/2015,May-15,5,2015,WOODHEAD,Minor Dam,955,31.42,467,48.9
145cfea5-98bb-4d11-acb3-f939f54a1088,28/05/2015,May-15,5,2015,WOODHEAD,Minor Dam,955,31.51,472.3,49.46
3efc57b1-0b6a-440b-ac0e-1304fe2872ee,29/05/2015,May-15,5,2015,WOODHEAD,Minor Dam,955,31.53,473.5,49.58
091941ea-606c-4fa7-8b22-535ca581c1f0,30/05/2015,May-15,5,2015,WOODHEAD,Minor Dam,955,31.7,483.8,50.66
337ee803-93d8-4f59-9a52-79771a312850,31/05/2015,May-15,5,2015,WOODHEAD,Minor Dam,955,31.7,483.8,50.66
07436775-7163-4446-87a9-a0fd471ba77b,01/06/2015,Jun-15,6,2015,WOODHEAD,Minor Dam,955,31.85,493.2,51.64
63a00904-b252-4dcf-b594-2b1d2ed00c99,02/06/2015,Jun-15,6,2015,WOODHEAD,Minor Dam,955,31.98,501.3,52.49
8611e40b-a1c1-4ae7-bc23-2fb750e46d2d,03/06/2015,Jun-15,6,2015,WOODHEAD,Minor Dam,955,32,502.6,52.63
e020a147-f6a6-41b6-9fde-3717eb99a676,04/06/2015,Jun-15,6,2015,WOODHEAD,Minor Dam,955,32.08,507.6,53.15
4e1b66bb-b198-4101-b0ca-523d960b8a6f,05/06/2015,Jun-15,6,2015,WOODHEAD,Minor Dam,955,32.58,539.1,56.45
d64a77a9-0ee8-4e67-9472-546fb7686fd1,06/06/2015,Jun-15,6,2015,WOODHEAD,Minor Dam,955,32.78,552.4,57.84
8fd2f18d-d24f-431d-8050-6d8ccdda1cca,07/06/2015,Jun-15,6,2015,WOODHEAD,Minor Dam,955,32.82,555,58.12
8b8216a8-bcdd-4688-a4ca-365b9c68b300,08/06/2015,Jun-15,6,2015,WOODHEAD,Minor Dam,955,32.82,555,58.12
d0a58082-581c-4c77-a6bb-19d708fc72ef,09/06/2015,Jun-15,6,2015,WOODHEAD,Minor Dam,955,32.83,555.7,58.19
af8005c1-24a7-4f6e-94ed-ab97a6cea11c,10/06/2015,Jun-15,6,2015,WOODHEAD,Minor Dam,955,32.83,555.7,58.19
b11e7dcb-e922-45c2-b2e0-2e9b0bb32760,11/06/2015,Jun-15,6,2015,WOODHEAD,Minor Dam,955,32.83,555.7,58.19
9cab5174-14cf-43e6-90af-a59dd0eed7a4,12/06/2015,Jun-15,6,2015,WOODHEAD,Minor Dam,955,32.85,557.1,58.34
1fef14d8-db61-4c2c-8b35-a8e5d48b6dd1,13/06/2015,Jun-15,6,2015,WOODHEAD,Minor Dam,955,32.85,557.1,58.34
656433b5-599c-4f88-8bd6-f907e22f1be0,14/06/2015,Jun-15,6,2015,WOODHEAD,Minor Dam,955,32.85,557.1,58.34
e14ecf6e-73a1-46ac-8cd4-f1a1f83d29d3,15/06/2015,Jun-15,6,2015,WOODHEAD,Minor Dam,955,32.85,557.1,58.34
1499e3a5-d6b3-4204-8cf5-39ccfce55481,16/06/2015,Jun-15,6,2015,WOODHEAD,Minor Dam,955,32.89,559.7,58.61
3ea1e650-6695-414f-b6ce-0445b46e080e,17/06/2015,Jun-15,6,2015,WOODHEAD,Minor Dam,955,33.06,571.1,59.8
e09104e5-46b9-4e9a-b12a-3b67d0033fe6,18/06/2015,Jun-15,6,2015,WOODHEAD,Minor Dam,955,33.26,584.8,61.24
d5b8ff1d-fab0-423d-a46f-64d8c924f58d,19/06/2015,Jun-15,6,2015,WOODHEAD,Minor Dam,955,33.27,585.5,61.31
dadff496-2f8e-4d70-be8a-f12c828d5e70,20/06/2015,Jun-15,6,2015,WOODHEAD,Minor Dam,955,33.29,587,61.47
2d289a4a-d1ce-4c67-97e7-9cab72f0f42b,21/06/2015,Jun-15,6,2015,WOODHEAD,Minor Dam,955,33.32,589.2,61.7
7b332034-c8b7-4972-9757-ca27e09416b2,22/06/2015,Jun-15,6,2015,WOODHEAD,Minor Dam,955,33.35,591.5,61.94
acfd6078-a859-4de1-bced-25e349a08138,23/06/2015,Jun-15,6,2015,WOODHEAD,Minor Dam,955,33.37,593,62.09
1361276e-03b7-4d0b-8475-4095e6a229c1,24/06/2015,Jun-15,6,2015,WOODHEAD,Minor Dam,955,33.37,593,62.09
7ed98a7f-32e6-40f8-8eb2-c39a005e1534,25/06/2015,Jun-15,6,2015,WOODHEAD,Minor Dam,955,33.56,606.8,63.54
827cab77-9634-49a6-a407-da59c49002a1,26/06/2015,Jun-15,6,2015,WOODHEAD,Minor Dam,955,33.65,613.4,64.23
41b89d2c-7c64-449b-9a35-a0f7facb3a26,27/06/2015,Jun-15,6,2015,WOODHEAD,Minor Dam,955,33.68,615.7,64.47
1c6e9abb-7b3d-4e2b-816d-2bdfb7153b98,28/06/2015,Jun-15,6,2015,WOODHEAD,Minor Dam,955,33.72,618.7,64.79
ea1cde38-44bf-477e-a6e5-59605f416aee,29/06/2015,Jun-15,6,2015,WOODHEAD,Minor Dam,955,33.74,620.2,64.94
9899a79f-5b2d-4e8f-88f5-1ebb5d2326dd,30/06/2015,Jun-15,6,2015,WOODHEAD,Minor Dam,955,33.92,634,66.39
a0d4fcf7-65af-47dc-9cb2-024ba552f7fa,01/07/2015,Jul-15,7,2015,WOODHEAD,Minor Dam,955,33.97,637.8,66.79
6f75c8f8-6dd1-4213-8111-30cde9a13681,02/07/2015,Jul-15,7,2015,WOODHEAD,Minor Dam,955,33.99,639.3,66.94
401139b8-4b0f-4d98-8b25-df268543fcab,03/07/2015,Jul-15,7,2015,WOODHEAD,Minor Dam,955,34,640.1,67.03
71f93a9b-efa4-489c-ba5b-ef18e5cd63a6,04/07/2015,Jul-15,7,2015,WOODHEAD,Minor Dam,955,34.01,640.9,67.11
44a0a0ff-5683-4bd2-8638-2eb38e0ff077,05/07/2015,Jul-15,7,2015,WOODHEAD,Minor Dam,955,34.02,641.6,67.18
c63c7f1a-2e16-4212-a40c-39bc6333fe3f,06/07/2015,Jul-15,7,2015,WOODHEAD,Minor Dam,955,34.02,641.6,67.18
eeeaf73a-a800-4579-9d48-68f612e0914d,07/07/2015,Jul-15,7,2015,WOODHEAD,Minor Dam,955,34.03,642.4,67.27
0d077205-d068-442b-ae72-a07f7881da13,08/07/2015,Jul-15,7,2015,WOODHEAD,Minor Dam,955,34.03,642.4,67.27
fada36fe-cb3b-462b-a7f3-953a2cea4e12,09/07/2015,Jul-15,7,2015,WOODHEAD,Minor Dam,955,34.04,643.1,67.34
44d0557e-2498-431b-b1ab-c429fecc9c0d,10/07/2015,Jul-15,7,2015,WOODHEAD,Minor Dam,955,34.05,643.9,67.42
4f520926-a866-4075-bcd0-3fbe5f6e4350,11/07/2015,Jul-15,7,2015,WOODHEAD,Minor Dam,955,34.06,644.7,67.51
5af0ce0a-162c-436a-a031-4faa55159295,12/07/2015,Jul-15,7,2015,WOODHEAD,Minor Dam,955,34.06,644.7,67.51
fbbb6b74-2da7-4f01-99ef-ab14f3b7058e,13/07/2015,Jul-15,7,2015,WOODHEAD,Minor Dam,955,34.11,648.5,67.91
73f45943-9058-4c26-b949-e5bce3662f02,14/07/2015,Jul-15,7,2015,WOODHEAD,Minor Dam,955,34.12,649.2,67.98
3aa5e139-d8b4-4b88-8b3a-71c88c2feda6,15/07/2015,Jul-15,7,2015,WOODHEAD,Minor Dam,955,34.12,649.2,67.98
403f1f74-6c7e-4593-b890-809251f72ac3,16/07/2015,Jul-15,7,2015,WOODHEAD,Minor Dam,955,34.12,649.2,67.98
96aaab6a-829b-46ef-8b8b-65ed94ef61b3,17/07/2015,Jul-15,7,2015,WOODHEAD,Minor Dam,955,34.12,649.2,67.98
a9b36bff-baf5-4f19-bdd0-5c84b0a0ca24,18/07/2015,Jul-15,7,2015,WOODHEAD,Minor Dam,955,34.16,652.3,68.3
9ce42d9c-18d0-4748-893a-be6fcc575e0a,19/07/2015,Jul-15,7,2015,WOODHEAD,Minor Dam,955,34.63,688.5,72.09
4e1bec58-7df3-41ea-b2a5-272af2590e45,20/07/2015,Jul-15,7,2015,WOODHEAD,Minor Dam,955,34.68,692.3,72.49
1e93a49b-dbc5-4e20-89d0-0cb489218f46,21/07/2015,Jul-15,7,2015,WOODHEAD,Minor Dam,955,34.69,693,72.57
8a6ffe65-254c-43b9-a39f-f9d0809009ed,22/07/2015,Jul-15,7,2015,WOODHEAD,Minor Dam,955,34.69,693,72.57
b4d1883d-20bb-42b9-8a90-e25c680487ce,23/07/2015,Jul-15,7,2015,WOODHEAD,Minor Dam,955,34.51,679.3,71.13
5bc8340f-d120-4393-8a7f-36d75bcabc81,24/07/2015,Jul-15,7,2015,WOODHEAD,Minor Dam,955,34.38,669,70.05
924beed2-c3bb-43bc-b62f-03ba5bb8fbd3,25/07/2015,Jul-15,7,2015,WOODHEAD,Minor Dam,955,35.56,766.3,80.24
be84a91b-4f56-49b2-8025-13c599684813,26/07/2015,Jul-15,7,2015,WOODHEAD,Minor Dam,955,36.14,825.7,86.46
3b48a7c6-9692-46ec-b6fa-144358f4e4c1,27/07/2015,Jul-15,7,2015,WOODHEAD,Minor Dam,955,36.35,849.2,88.92
6d2159c6-7738-4cfc-b8ef-6b81a1aaee53,28/07/2015,Jul-15,7,2015,WOODHEAD,Minor Dam,955,36.42,857.2,89.76
e1659bcc-168c-4f60-992d-e70fb6c66ad8,29/07/2015,Jul-15,7,2015,WOODHEAD,Minor Dam,955,36.48,864.3,90.5
d98c9254-40ef-449f-b2e9-ed93770fcea3,30/07/2015,Jul-15,7,2015,WOODHEAD,Minor Dam,955,36.51,867.9,90.88
37eff7a3-a0e1-414d-ad47-62b472744218,31/07/2015,Jul-15,7,2015,WOODHEAD,Minor Dam,955,37.02,931.5,97.54
4691fb82-1a3e-4f20-a054-55e0320d8d9b,01/08/2015,Aug-15,8,2015,WOODHEAD,Minor Dam,955,37.25,962,100.73
ea4d1185-cc3e-44bd-82aa-9ae92dbcf50d,02/08/2015,Aug-15,8,2015,WOODHEAD,Minor Dam,955,37.2,955.3,100.03
49210ecd-22fd-4025-9ae3-27544dc9daef,03/08/2015,Aug-15,8,2015,WOODHEAD,Minor Dam,955,37.19,954,99.9
1863a212-795f-41cb-8f3a-a62143524bea,04/08/2015,Aug-15,8,2015,WOODHEAD,Minor Dam,955,37.19,954,99.9
dcab2f34-f4bc-4760-92e9-eab4557c8e43,05/08/2015,Aug-15,8,2015,WOODHEAD,Minor Dam,955,37.08,939.4,98.37
e5999b2b-8e2b-4381-8e9b-63c22808f4f0,06/08/2015,Aug-15,8,2015,WOODHEAD,Minor Dam,955,37.04,934.1,97.81
77b42c95-5a9a-4f5d-acf0-459f89ec6636,07/08/2015,Aug-15,8,2015,WOODHEAD,Minor Dam,955,36.93,919.5,96.28
05889f45-3fc7-4dd7-8606-f61a0b806d34,08/08/2015,Aug-15,8,2015,WOODHEAD,Minor Dam,955,36.62,880.8,92.23
6498ed46-3e7f-4a9a-a1ee-22cc87db1acc,09/08/2015,Aug-15,8,2015,WOODHEAD,Minor Dam,955,36.31,844.6,88.44
ec99b4bc-4f12-49f9-9b84-2661662ee52d,10/08/2015,Aug-15,8,2015,WOODHEAD,Minor Dam,955,36.04,814.7,85.31
1c987fa3-59a4-4779-a11f-f49bbe36eca8,11/08/2015,Aug-15,8,2015,WOODHEAD,Minor Dam,955,35.8,789.9,82.71
77e99149-63b3-48f2-aa43-1922bc98e50e,12/08/2015,Aug-15,8,2015,WOODHEAD,Minor Dam,955,35.76,786.3,82.34
205f83fe-ecd9-4ae2-be25-3d1039dd25bd,13/08/2015,Aug-15,8,2015,WOODHEAD,Minor Dam,955,35.6,770,80.63
5780d8ff-75c3-4a11-829e-d33650ee9342,14/08/2015,Aug-15,8,2015,WOODHEAD,Minor Dam,955,35.44,755.1,79.07
c935d371-6ddc-48a6-8f1e-bbdf30b75e70,15/08/2015,Aug-15,8,2015,WOODHEAD,Minor Dam,955,35.72,782.6,81.95
d3f03ecc-b36b-4b97-8357-723e5eb810cc,16/08/2015,Aug-15,8,2015,WOODHEAD,Minor Dam,955,35.74,784.4,82.14
550ddb10-bfbb-4f76-a068-6f6a8dc75a44,17/08/2015,Aug-15,8,2015,WOODHEAD,Minor Dam,955,36.54,871.3,91.24
6ba5ccae-8fc1-49eb-950c-f85600aeb859,18/08/2015,Aug-15,8,2015,WOODHEAD,Minor Dam,955,36.96,923.5,96.7
122d8e16-d638-47c6-9e33-bf67a22ca677,19/08/2015,Aug-15,8,2015,WOODHEAD,Minor Dam,955,36.98,926.2,96.98
c3e7e8cc-822e-456e-b1c7-e6853c53c29b,20/08/2015,Aug-15,8,2015,WOODHEAD,Minor Dam,955,36.97,924.9,96.85
23e5ad30-6662-41a6-b7be-8b6e0a3851c0,21/08/2015,Aug-15,8,2015,WOODHEAD,Minor Dam,955,36.9,915.4,95.85
6e0a6b78-ce67-4ce4-af43-3c97661ce7a8,22/08/2015,Aug-15,8,2015,WOODHEAD,Minor Dam,955,36.82,905.4,94.81
536599cb-2511-4310-bc29-92bef77da876,23/08/2015,Aug-15,8,2015,WOODHEAD,Minor Dam,955,36.73,894.3,93.64
394dca04-9bfc-44be-8d24-234c0a49818c,24/08/2015,Aug-15,8,2015,WOODHEAD,Minor Dam,955,36.59,877.1,91.84
861bdb4c-eca9-4760-acdb-049aa61e8f98,25/08/2015,Aug-15,8,2015,WOODHEAD,Minor Dam,955,36.47,863.1,90.38
78e93b52-77a2-404e-a9f3-db2ba8e2605e,26/08/2015,Aug-15,8,2015,WOODHEAD,Minor Dam,955,36.42,857.2,89.76
a92c64ab-3f7d-4ae8-8279-ff14bb18bebe,27/08/2015,Aug-15,8,2015,WOODHEAD,Minor Dam,955,36.42,857.2,89.76
48a82031-e250-4f71-a712-9c426306469a,28/08/2015,Aug-15,8,2015,WOODHEAD,Minor Dam,955,36.3,843.5,88.32
c3421bd6-a7a0-4ce1-9d04-a921e4ce76e5,29/08/2015,Aug-15,8,2015,WOODHEAD,Minor Dam,955,36.23,835.7,87.51
687067c2-900b-421d-997a-baf8ac4c5ac9,30/08/2015,Aug-15,8,2015,WOODHEAD,Minor Dam,955,36.08,819,85.76
38cc8143-3151-48bc-a7f2-ce6a55ab6099,31/08/2015,Aug-15,8,2015,WOODHEAD,Minor Dam,955,35.94,804.3,84.22
3a7dfdc3-d090-401e-8563-6744997d946d,01/09/2015,Sep-15,9,2015,WOODHEAD,Minor Dam,955,35.99,809.4,84.75
4bfbcbb5-a208-448e-911f-ad42d2819d0b,02/09/2015,Sep-15,9,2015,WOODHEAD,Minor Dam,955,36.51,867.9,90.88
0f0188bb-1d5e-4e98-908c-03621c6c5fee,03/09/2015,Sep-15,9,2015,WOODHEAD,Minor Dam,955,36.54,871.3,91.24
068a3840-5d59-402e-bb3e-33576c3b45f1,04/09/2015,Sep-15,9,2015,WOODHEAD,Minor Dam,955,36.49,865.5,90.63
fcbbd219-4980-41e5-8fd0-cfca4b989ef5,05/09/2015,Sep-15,9,2015,WOODHEAD,Minor Dam,955,36.36,850.3,89.04
76835a86-335d-45e9-99aa-ead3bce9b2ec,06/09/2015,Sep-15,9,2015,WOODHEAD,Minor Dam,955,36.23,835.7,87.51
4796c0ba-6962-40fa-8cd8-7af97a5ddfc5,07/09/2015,Sep-15,9,2015,WOODHEAD,Minor Dam,955,36.12,823.4,86.22
7abce7c0-77c1-4e54-9c6e-3366b92f53f5,08/09/2015,Sep-15,9,2015,WOODHEAD,Minor Dam,955,36.01,811.5,84.97
d3e9a7a4-48cf-4548-970f-21751df3c23e,09/09/2015,Sep-15,9,2015,WOODHEAD,Minor Dam,955,35.9,800.2,83.79
ae0df418-5357-41fb-911f-91a14e947c6b,10/09/2015,Sep-15,9,2015,WOODHEAD,Minor Dam,955,35.81,790.9,82.82
86dcc675-07d8-4ef3-8fed-643bc59d5074,11/09/2015,Sep-15,9,2015,WOODHEAD,Minor Dam,955,35.71,781.7,81.85
fc1e5bbc-f854-4ab1-81ac-0a2e788d35c8,12/09/2015,Sep-15,9,2015,WOODHEAD,Minor Dam,955,35.64,774.3,81.08
9d5575a1-3dd9-4aa9-aa73-0ce8159f7bc5,13/09/2015,Sep-15,9,2015,WOODHEAD,Minor Dam,955,35.58,768.1,80.43
0287c036-748d-4c8c-95b8-956605dfda46,14/09/2015,Sep-15,9,2015,WOODHEAD,Minor Dam,955,35.47,757.9,79.36
a65a5625-958b-45f2-96a4-a0b28cce7f3d,15/09/2015,Sep-15,9,2015,WOODHEAD,Minor Dam,955,35.36,747.9,78.31
09567bdc-71ec-41c1-802b-0c7f1d01fd00,16/09/2015,Sep-15,9,2015,WOODHEAD,Minor Dam,955,35.26,739.4,77.42
d45a346a-8261-4b64-8de9-ba1fffd4b754,17/09/2015,Sep-15,9,2015,WOODHEAD,Minor Dam,955,35.38,749.6,78.49
11d66199-9efc-455a-9f2e-eaa1af8efd18,18/09/2015,Sep-15,9,2015,WOODHEAD,Minor Dam,955,35.33,745.4,78.05
fe120583-105c-4b9e-a1d1-a8242bb58130,19/09/2015,Sep-15,9,2015,WOODHEAD,Minor Dam,955,35.18,732.7,76.72
72b38342-d633-4ba7-b5cc-4fbc275b8ad9,20/09/2015,Sep-15,9,2015,WOODHEAD,Minor Dam,955,35.07,723.7,75.78
fc2d8d05-a309-4799-acfb-9d3970c48cd1,21/09/2015,Sep-15,9,2015,WOODHEAD,Minor Dam,955,34.92,711.5,74.5
0b9f005b-ecb3-4ea8-8050-de97addc72b0,22/09/2015,Sep-15,9,2015,WOODHEAD,Minor Dam,955,34.81,702.7,73.58
7a6df135-5c99-45b5-a39c-4f785a3b586f,23/09/2015,Sep-15,9,2015,WOODHEAD,Minor Dam,955,34.63,688.5,72.09
5d9f1bb8-d02b-4226-95cc-640184f98a3b,24/09/2015,Sep-15,9,2015,WOODHEAD,Minor Dam,955,34.37,668.2,69.97
26265921-a3ae-4fe0-a713-16e8061b561c,25/09/2015,Sep-15,9,2015,WOODHEAD,Minor Dam,955,34.33,665.2,69.65
917066ce-dfc9-4f03-86f3-ccf5cd3b2d13,26/09/2015,Sep-15,9,2015,WOODHEAD,Minor Dam,955,34.13,650,68.06
6c4d2672-85c3-44ae-9e26-6c232e8c15ca,27/09/2015,Sep-15,9,2015,WOODHEAD,Minor Dam,955,33.95,636.3,66.63
09979d96-de20-43c8-99c1-cd2a8617577f,28/09/2015,Sep-15,9,2015,WOODHEAD,Minor Dam,955,33.81,625.6,65.51
29bda246-8053-4aed-be08-29f878c1f6cd,29/09/2015,Sep-15,9,2015,WOODHEAD,Minor Dam,955,33.76,621.8,65.11
a53f3eef-6280-4404-afc1-d97643974e82,30/09/2015,Sep-15,9,2015,WOODHEAD,Minor Dam,955,33.62,611.1,63.99
498845a4-5b94-4e9e-bff3-ae88a4285ed6,01/10/2015,Oct-15,10,2015,WOODHEAD,Minor Dam,955,33.65,613.4,64.23
f62c784b-b5b9-4f0e-88b4-6e3a27da6425,02/10/2015,Oct-15,10,2015,WOODHEAD,Minor Dam,955,34.15,651.5,68.22
b4eb1f58-7ecc-491f-8d5f-5b3b9a41a0ba,03/10/2015,Oct-15,10,2015,WOODHEAD,Minor Dam,955,34.1,647.7,67.82
36d6407c-4610-4ab6-9ead-6d2b68c9d6d5,04/10/2015,Oct-15,10,2015,WOODHEAD,Minor Dam,955,33.99,639.3,66.94
ccb0a783-b751-44ed-8eef-a685427e294f,05/10/2015,Oct-15,10,2015,WOODHEAD,Minor Dam,955,34.38,669,70.05
00bab3f2-a49f-4b50-bbf3-b554ac5011e6,06/10/2015,Oct-15,10,2015,WOODHEAD,Minor Dam,955,34.43,672.9,70.46
a22dd353-891c-431e-b3d6-8092bc3c3276,07/10/2015,Oct-15,10,2015,WOODHEAD,Minor Dam,955,34.33,665.2,69.65
5199da21-3dac-400d-8e14-c9e698d0a43a,08/10/2015,Oct-15,10,2015,WOODHEAD,Minor Dam,955,34.2,655.3,68.62
e2af4958-ca56-4214-897e-97417aca5bc7,09/10/2015,Oct-15,10,2015,WOODHEAD,Minor Dam,955,34.03,642.4,67.27
fe651cbb-3615-4705-abbb-af1474a46d87,10/10/2015,Oct-15,10,2015,WOODHEAD,Minor Dam,955,33.85,628.7,65.83
45ecb42d-c99e-4de3-a319-a9274ff1fa73,11/10/2015,Oct-15,10,2015,WOODHEAD,Minor Dam,955,33.68,615.7,64.47
e4661f2e-ea5c-44a8-b9a6-649caa2f1a07,12/10/2015,Oct-15,10,2015,WOODHEAD,Minor Dam,955,33.6,609.6,63.83
4dcb0cbd-fee1-436f-aa25-aa399dd47348,13/10/2015,Oct-15,10,2015,WOODHEAD,Minor Dam,955,33.44,598.2,62.64
3b8bef06-7828-4c9c-abea-0fc9654b34a9,14/10/2015,Oct-15,10,2015,WOODHEAD,Minor Dam,955,33.29,587,61.47
4a7ed2bf-67e9-42a8-a6e9-00db98553c1f,15/10/2015,Oct-15,10,2015,WOODHEAD,Minor Dam,955,33.17,578.5,60.58
e0bebd00-e702-4719-aeda-ce6b0c33188a,16/10/2015,Oct-15,10,2015,WOODHEAD,Minor Dam,955,33.06,571.1,59.8
720edb62-9f91-413f-afd5-01aa5085616d,17/10/2015,Oct-15,10,2015,WOODHEAD,Minor Dam,955,33.99,639.3,66.94
4b6a66c3-534a-4a1f-acdc-1044710aa03e,18/10/2015,Oct-15,10,2015,WOODHEAD,Minor Dam,955,32.95,563.8,59.04
8d4afa88-ce96-4a98-a0cf-b1e7f9ecf3bb,19/10/2015,Oct-15,10,2015,WOODHEAD,Minor Dam,955,33.99,639.3,66.94
bdeeefeb-8fb3-4ee8-ae71-34c0b0f3950d,20/10/2015,Oct-15,10,2015,WOODHEAD,Minor Dam,955,33.07,571.8,59.87
57cca31c-3c2e-4f7e-b6da-d84326f5523b,21/10/2015,Oct-15,10,2015,WOODHEAD,Minor Dam,955,33.07,571.8,59.87
2fc1308a-bbdf-4da1-8c02-5a4607a5252a,22/10/2015,Oct-15,10,2015,WOODHEAD,Minor Dam,955,33.11,574.5,60.16
ee7fee05-c9a7-42a0-b1f6-fdad1ed9f764,23/10/2015,Oct-15,10,2015,WOODHEAD,Minor Dam,955,33.1,573.8,60.08
9aa9947c-bc6a-4ff0-a22d-d6455e3f5812,24/10/2015,Oct-15,10,2015,WOODHEAD,Minor Dam,955,33.1,573.8,60.08
18d69421-9ded-4dc3-ba67-83ab328bde20,25/10/2015,Oct-15,10,2015,WOODHEAD,Minor Dam,955,33.16,577.8,60.5
4d240cb5-e672-4bae-96bb-d186726b67a5,26/10/2015,Oct-15,10,2015,WOODHEAD,Minor Dam,955,33.17,578.5,60.58
3fc7abd7-44bc-4bf1-8673-f3595309dcf0,27/10/2015,Oct-15,10,2015,WOODHEAD,Minor Dam,955,33.16,577.8,60.5
7ff7bc2d-4e1d-46cd-9906-b8430cd6e8eb,28/10/2015,Oct-15,10,2015,WOODHEAD,Minor Dam,955,33.15,577.2,60.44
1ce2c782-31f8-4e32-b196-3e3a2d5d1c56,29/10/2015,Oct-15,10,2015,WOODHEAD,Minor Dam,955,33.16,577.8,60.5
f772e22f-ff2c-4ab5-b0fa-5b18a38c35df,30/10/2015,Oct-15,10,2015,WOODHEAD,Minor Dam,955,33.16,577.8,60.5
35519ec1-3bc5-4d93-9e5c-54f8cf15264b,31/10/2015,Oct-15,10,2015,WOODHEAD,Minor Dam,955,33.16,577.8,60.5
a79c0a73-a225-4189-a7aa-0a491c325b0f,01/11/2015,Nov-15,11,2015,WOODHEAD,Minor Dam,955,33.15,577.2,60.44
95e5e279-d4de-48b9-a602-b81d2597ab6b,02/11/2015,Nov-15,11,2015,WOODHEAD,Minor Dam,955,33.21,581.2,60.86
a30b2e20-89b2-4cd8-8fee-0829bc4971e5,03/11/2015,Nov-15,11,2015,WOODHEAD,Minor Dam,955,33.77,622.5,65.18
36ba7b60-1626-4818-b3ed-61e6b70b9943,04/11/2015,Nov-15,11,2015,WOODHEAD,Minor Dam,955,33.9,632.5,66.23
c4b07c1e-ed9d-4148-904f-768326f7db62,05/11/2015,Nov-15,11,2015,WOODHEAD,Minor Dam,955,33.97,637.8,66.79
9f96f7ef-60eb-46a8-9dd0-ff2b6a53a4b0,06/11/2015,Nov-15,11,2015,WOODHEAD,Minor Dam,955,34,640.1,67.03
1bb812aa-4050-4abe-aecc-8e75a721abed,07/11/2015,Nov-15,11,2015,WOODHEAD,Minor Dam,955,34.01,640.9,67.11
46011fe1-78e7-43a5-89c6-6a18253fd7ec,08/11/2015,Nov-15,11,2015,WOODHEAD,Minor Dam,955,34.02,641.6,67.18
240feaa9-76cc-4f49-bc71-28a2f9c60b75,09/11/2015,Nov-15,11,2015,WOODHEAD,Minor Dam,955,34.03,642.4,67.27
5628c723-a1da-4144-b2ff-df3eb79aa5ea,10/11/2015,Nov-15,11,2015,WOODHEAD,Minor Dam,955,34.06,644.7,67.51
8eff0b1f-9f55-463f-88aa-73d45c7eaec3,11/11/2015,Nov-15,11,2015,WOODHEAD,Minor Dam,955,34.1,647.7,67.82
0c30a8a6-12cb-4a0d-9643-298ca5bbc482,12/11/2015,Nov-15,11,2015,WOODHEAD,Minor Dam,955,34.14,650.7,68.14
3567c79c-6cee-4944-8481-b0a5b5f4516f,13/11/2015,Nov-15,11,2015,WOODHEAD,Minor Dam,955,34.1,647.7,67.82
9d6a42fc-d8b4-4efc-8247-f34f10c25b65,14/11/2015,Nov-15,11,2015,WOODHEAD,Minor Dam,955,34.1,647.7,67.82
ef817925-a48b-4b06-9148-a8268a71911a,15/11/2015,Nov-15,11,2015,WOODHEAD,Minor Dam,955,34.13,650,68.06
a6aec551-4a9a-437c-833a-c10acfb214c9,16/11/2015,Nov-15,11,2015,WOODHEAD,Minor Dam,955,34.13,650,68.06
a0785d07-33f5-4a72-ba22-0b4f83263272,17/11/2015,Nov-15,11,2015,WOODHEAD,Minor Dam,955,34.2,655.3,68.62
da680e0c-0b90-4f23-a19d-adb1e616e5e3,18/11/2015,Nov-15,11,2015,WOODHEAD,Minor Dam,955,34.81,702.7,73.58
34b26991-c0d4-4c63-95e9-63dd8ff6dc8e,19/11/2015,Nov-15,11,2015,WOODHEAD,Minor Dam,955,34.19,654.5,68.53
9b36db58-8022-4050-b114-6dda3ac353f1,20/11/2015,Nov-15,11,2015,WOODHEAD,Minor Dam,955,34.18,653.8,68.46
eaac3fbd-37ed-4ff2-82fa-18d80c4ed53d,21/11/2015,Nov-15,11,2015,WOODHEAD,Minor Dam,955,34.25,659.1,69.02
71648f7e-b840-4d2c-9c4c-e1c8628b17c9,22/11/2015,Nov-15,11,2015,WOODHEAD,Minor Dam,955,34.33,665.2,69.65
d70637f1-54c5-4c8c-a279-933e5efb9ff9,23/11/2015,Nov-15,11,2015,WOODHEAD,Minor Dam,955,34.33,665.2,69.65
e6528ce4-2603-4947-85e6-e8c0974b0fb9,24/11/2015,Nov-15,11,2015,WOODHEAD,Minor Dam,955,34.38,669,70.05
ceb2cff0-3a8e-4a71-96ae-eb68f3442ce6,25/11/2015,Nov-15,11,2015,WOODHEAD,Minor Dam,955,34.44,673.7,70.54
32495cc6-4fb8-4c0c-947e-9aa6102f441b,26/11/2015,Nov-15,11,2015,WOODHEAD,Minor Dam,955,34.54,681.6,71.37
625e0e37-125d-496d-be31-52266b43a398,27/11/2015,Nov-15,11,2015,WOODHEAD,Minor Dam,955,34.55,682.4,71.46
7ad374d9-eaa6-4658-885c-408107156dee,28/11/2015,Nov-15,11,2015,WOODHEAD,Minor Dam,955,34.6,686.2,71.85
ea5f7df8-382f-4b42-b565-c2b1c3d04841,29/11/2015,Nov-15,11,2015,WOODHEAD,Minor Dam,955,34.62,687.7,72.01
a8da17f6-3c37-4a83-8663-cb0eee59fe5b,30/11/2015,Nov-15,11,2015,WOODHEAD,Minor Dam,955,34.64,689.2,72.17
d8b6b271-8b00-41b4-ae1e-3c98503bf92b,01/12/2015,Dec-15,12,2015,WOODHEAD,Minor Dam,955,34.65,690,72.25
1a858f95-ed7e-4bc8-b7c5-863fe625ab05,02/12/2015,Dec-15,12,2015,WOODHEAD,Minor Dam,955,34.65,690,72.25
e1cdf6b2-0557-4fe3-ae8a-9a5b78fe2548,03/12/2015,Dec-15,12,2015,WOODHEAD,Minor Dam,955,34.65,690,72.25
d9689b78-e5d7-4ac5-9696-5a3da86a2072,04/12/2015,Dec-15,12,2015,WOODHEAD,Minor Dam,955,34.65,690,72.25
13b5a900-648f-4772-9d03-eaa69fb83f11,05/12/2015,Dec-15,12,2015,WOODHEAD,Minor Dam,955,34.65,690,72.25
668cd7d5-064b-4809-8b0e-8ffcfdcd4479,06/12/2015,Dec-15,12,2015,WOODHEAD,Minor Dam,955,34.65,690,72.25
c555e9b3-a680-42d3-8515-37ad68e274b3,07/12/2015,Dec-15,12,2015,WOODHEAD,Minor Dam,955,34.65,690,72.25
3c96b5da-3018-49b9-83f1-ae067daa0186,08/12/2015,Dec-15,12,2015,WOODHEAD,Minor Dam,955,34.65,690,72.25
ec72f6bf-6f23-4259-a31a-699d7ae7a50c,09/12/2015,Dec-15,12,2015,WOODHEAD,Minor Dam,955,34.65,690,72.25
7e2edda1-f745-4b56-a205-2d475c26e1df,10/12/2015,Dec-15,12,2015,WOODHEAD,Minor Dam,955,35.46,756.9,79.26
9c10ef9c-072b-47a4-9f46-505686f9b898,11/12/2015,Dec-15,12,2015,WOODHEAD,Minor Dam,955,34.46,675.3,70.71
21c99eed-cedb-443f-b0c9-d43005112512,12/12/2015,Dec-15,12,2015,WOODHEAD,Minor Dam,955,34.02,641.6,67.18
e8a84681-641a-4a81-b4ee-7cb8391d28f6,13/12/2015,Dec-15,12,2015,WOODHEAD,Minor Dam,955,33.85,628.7,65.83
eb1c5ca4-310a-4b19-8dba-a41da28c2641,14/12/2015,Dec-15,12,2015,WOODHEAD,Minor Dam,955,33.68,615.7,64.47
5ab1de00-0826-4622-9502-20b372d3d8de,15/12/2015,Dec-15,12,2015,WOODHEAD,Minor Dam,955,33.49,601.8,63.02
e3219dea-71db-4698-804a-d2dbb7d4039b,16/12/2015,Dec-15,12,2015,WOODHEAD,Minor Dam,955,33.51,603.2,63.16
f1ac3ecc-1c33-4275-a232-03520fa8017a,17/12/2015,Dec-15,12,2015,WOODHEAD,Minor Dam,955,33.53,604.6,63.31
d4085249-8772-423c-b209-662f9886e794,18/12/2015,Dec-15,12,2015,WOODHEAD,Minor Dam,955,33.54,605.3,63.38
16b4daef-885f-4236-98e0-62e3b378ac86,19/12/2015,Dec-15,12,2015,WOODHEAD,Minor Dam,955,33.54,605.3,63.38
924494e0-898e-4c4f-a05c-fb741b367899,20/12/2015,Dec-15,12,2015,WOODHEAD,Minor Dam,955,33.55,606.1,63.47
ba718756-9464-4ac9-b8bc-dad5aee64572,21/12/2015,Dec-15,12,2015,WOODHEAD,Minor Dam,955,33.55,606.1,63.47
370d1722-62ba-4d51-a38c-9fd47225be1c,22/12/2015,Dec-15,12,2015,WOODHEAD,Minor Dam,955,33.57,607.5,63.61
3eafdd1f-ee24-4015-beb4-5e51a73712ac,23/12/2015,Dec-15,12,2015,WOODHEAD,Minor Dam,955,33.57,607.5,63.61
5a3a090a-645d-4f30-bab7-3673e5627fd2,24/12/2015,Dec-15,12,2015,WOODHEAD,Minor Dam,955,33.57,607.5,63.61
5be3f9df-2b68-4257-a224-17410a8a7f40,25/12/2015,Dec-15,12,2015,WOODHEAD,Minor Dam,955,33.6,609.6,63.83
75f71dac-9aa1-4624-b01f-e01d10d9950c,26/12/2015,Dec-15,12,2015,WOODHEAD,Minor Dam,955,33.6,609.6,63.83
fd3d2b26-a290-45da-a078-679305b789ac,27/12/2015,Dec-15,12,2015,WOODHEAD,Minor Dam,955,33.6,609.6,63.83
9a302f5d-f577-47cf-b447-caad0c35fffa,28/12/2015,Dec-15,12,2015,WOODHEAD,Minor Dam,955,33.6,609.6,63.83
d0b2fce3-4310-44e4-9387-2e843fe7e76d,29/12/2015,Dec-15,12,2015,WOODHEAD,Minor Dam,955,33.58,608.2,63.69
c048806a-d9b7-48c1-9b89-b15d01b39a13,30/12/2015,Dec-15,12,2015,WOODHEAD,Minor Dam,955,33.58,608.2,63.69
2536b283-ece9-4052-999b-2fb9689fd9ec,31/12/2015,Dec-15,12,2015,WOODHEAD,Minor Dam,955,33.58,608.2,63.69
a8dc0225-80b8-4a53-af3a-1171054e8b55,01/01/2016,Jan-16,1,2016,WOODHEAD,Minor Dam,955,33.58,608.2,63.69
807d13cd-fb9e-4833-99b7-2ff824fa64c3,02/01/2016,Jan-16,1,2016,WOODHEAD,Minor Dam,955,33.6,609.6,63.83
8ae724c4-4bf5-4d05-a6ac-41ff0a220e6d,03/01/2016,Jan-16,1,2016,WOODHEAD,Minor Dam,955,33.6,609.6,63.83
3864acdc-e495-487b-bfd1-d359e234ea5c,04/01/2016,Jan-16,1,2016,WOODHEAD,Minor Dam,955,33.6,609.6,63.83
db82cec5-3359-415a-a7cf-7b9b1d73a02e,05/01/2016,Jan-16,1,2016,WOODHEAD,Minor Dam,955,33.6,609.6,63.83
fab0af1a-8404-47f3-a8fc-374cf0c5e5fa,06/01/2016,Jan-16,1,2016,WOODHEAD,Minor Dam,955,33.6,609.6,63.83
a5791a33-4bf5-4fc8-8c6d-b3386d77827c,07/01/2016,Jan-16,1,2016,WOODHEAD,Minor Dam,955,33.6,609.6,63.83
ea891d53-076b-4f8c-9857-f3b12a4aee95,08/01/2016,Jan-16,1,2016,WOODHEAD,Minor Dam,955,33.59,608.9,63.76
2b921e6e-5377-4f27-8aac-b0bcbb90597b,09/01/2016,Jan-16,1,2016,WOODHEAD,Minor Dam,955,33.59,608.9,63.76
e07e3d3f-e89e-4d9b-935e-3c6b75653d85,10/01/2016,Jan-16,1,2016,WOODHEAD,Minor Dam,955,33.59,608.9,63.76
2fe062f0-d237-4b1e-bebb-e7ff60659a5b,11/01/2016,Jan-16,1,2016,WOODHEAD,Minor Dam,955,33.59,608.9,63.76
7e785cb0-cf0a-452f-af66-1b6e79050900,12/01/2016,Jan-16,1,2016,WOODHEAD,Minor Dam,955,33.58,608.2,63.69
8f92e1e5-55ef-42c5-8491-5ccc9e09d1b8,13/01/2016,Jan-16,1,2016,WOODHEAD,Minor Dam,955,33.58,608.2,63.69
0f1aac02-e061-4f87-a181-fe6dd64552b9,14/01/2016,Jan-16,1,2016,WOODHEAD,Minor Dam,955,33.57,607.5,63.61
347577d5-8d28-43ae-b96b-46eccff3a7b8,15/01/2016,Jan-16,1,2016,WOODHEAD,Minor Dam,955,33.57,607.5,63.61
a7258ecf-67bb-46fd-aeae-db11036242e2,16/01/2016,Jan-16,1,2016,WOODHEAD,Minor Dam,955,33.56,606.8,63.54
6e7605ea-b668-421f-a3b3-3dff9ed86795,17/01/2016,Jan-16,1,2016,WOODHEAD,Minor Dam,955,33.56,606.8,63.54
4acacffd-a983-4608-b86a-fd4957abef52,18/01/2016,Jan-16,1,2016,WOODHEAD,Minor Dam,955,33.56,606.8,63.54
8d1104ab-290e-4186-bb68-ccab984efb8c,19/01/2016,Jan-16,1,2016,WOODHEAD,Minor Dam,955,33.56,606.8,63.54
c83396a5-9aca-4b31-a54a-d26788539a17,20/01/2016,Jan-16,1,2016,WOODHEAD,Minor Dam,955,33.56,606.8,63.54
0cc8725f-0c28-4f4f-b6ec-d95edd218ab5,21/01/2016,Jan-16,1,2016,WOODHEAD,Minor Dam,955,33.55,606.1,63.47
035d8f79-1780-4768-851b-3a10820d6f48,22/01/2016,Jan-16,1,2016,WOODHEAD,Minor Dam,955,33.54,605.3,63.38
c4ed8116-c648-4df6-95ae-b66fecaac4b9,23/01/2016,Jan-16,1,2016,WOODHEAD,Minor Dam,955,33.54,605.3,63.38
8eb1507d-cbfc-4525-9871-3f2dc6a81b42,24/01/2016,Jan-16,1,2016,WOODHEAD,Minor Dam,955,33.51,603.2,63.16
dee6fa03-f752-4f1c-94ee-b360ffa50f91,25/01/2016,Jan-16,1,2016,WOODHEAD,Minor Dam,955,33.46,599.6,62.79
ea1ecbd1-5962-4448-bfa1-65b3f9625b4e,26/01/2016,Jan-16,1,2016,WOODHEAD,Minor Dam,955,33.45,598.9,62.71
b1a93fa1-630f-4a33-b6f8-0aa6b4b8d438,27/01/2016,Jan-16,1,2016,WOODHEAD,Minor Dam,955,33.42,596.7,62.48
424eda84-e1b7-4415-9bff-62d06ffcffb4,28/01/2016,Jan-16,1,2016,WOODHEAD,Minor Dam,955,33.36,592.3,62.02
233243ff-b8a7-44aa-8bd6-a917a0cfc631,29/01/2016,Jan-16,1,2016,WOODHEAD,Minor Dam,955,33.34,590.7,61.85
a56facfc-97eb-4479-a7c5-e8895fbc7130,30/01/2016,Jan-16,1,2016,WOODHEAD,Minor Dam,955,33.38,593.8,62.18
0a8786e9-1bbe-4f88-9db8-c64c45327789,31/01/2016,Jan-16,1,2016,WOODHEAD,Minor Dam,955,33.38,593.8,62.18
d335df61-4ac2-4d9f-bb18-1f0628804950,01/02/2016,Feb-16,2,2016,WOODHEAD,Minor Dam,955,33.39,594.5,62.25
a1591eae-6e94-46ef-86ea-17acfa013ec8,02/02/2016,Feb-16,2,2016,WOODHEAD,Minor Dam,955,33.4,595.3,62.34
6371ae3d-3e97-462e-93b5-0a0caea96061,03/02/2016,Feb-16,2,2016,WOODHEAD,Minor Dam,955,33.42,596.7,62.48
8396742f-1a1a-4718-bf33-1d4273aa7468,04/02/2016,Feb-16,2,2016,WOODHEAD,Minor Dam,955,33.45,598.9,62.71
d2dfe23b-df25-4d78-9d37-a9d3162e7e61,05/02/2016,Feb-16,2,2016,WOODHEAD,Minor Dam,955,33.46,599.6,62.79
1e65dcb1-200c-4547-8bf9-96d89551e04c,06/02/2016,Feb-16,2,2016,WOODHEAD,Minor Dam,955,33.44,598.2,62.64
c3021e84-a6bf-45c2-b7b4-f45809691df2,07/02/2016,Feb-16,2,2016,WOODHEAD,Minor Dam,955,33.44,598.2,62.64
5e2d97cf-45d4-46fc-b5ee-9b73551a4b69,08/02/2016,Feb-16,2,2016,WOODHEAD,Minor Dam,955,33.44,598.2,62.64
d46d7d3e-4182-42cf-9aba-dd0d4c76fa74,09/02/2016,Feb-16,2,2016,WOODHEAD,Minor Dam,955,33.5,602.5,63.09
15ead697-c99c-42be-8d9e-770c80e58434,10/02/2016,Feb-16,2,2016,WOODHEAD,Minor Dam,955,33.64,612.6,64.15
a53199af-bc90-49be-9286-e5de9d52540b,11/02/2016,Feb-16,2,2016,WOODHEAD,Minor Dam,955,33.66,614.2,64.31
6b0ac6e5-c839-4157-b414-75046f4a3af7,12/02/2016,Feb-16,2,2016,WOODHEAD,Minor Dam,955,33.7,617.2,64.63
fb0abebc-9f02-4691-852c-88e6629ed9aa,13/02/2016,Feb-16,2,2016,WOODHEAD,Minor Dam,955,33.73,619.5,64.87
8c6844a2-9af7-4ad1-9b2b-a8b469da4ced,14/02/2016,Feb-16,2,2016,WOODHEAD,Minor Dam,955,33.77,622.5,65.18
90f26751-1fab-44e3-bd0e-c2f36fa0be01,15/02/2016,Feb-16,2,2016,WOODHEAD,Minor Dam,955,33.77,622.5,65.18
2e915b9e-acbe-4b3c-9286-72c92677538e,16/02/2016,Feb-16,2,2016,WOODHEAD,Minor Dam,955,33.8,624.8,65.42
cd36e98c-1c9c-41d5-b520-816e0e2881ea,17/02/2016,Feb-16,2,2016,WOODHEAD,Minor Dam,955,33.81,625.6,65.51
5bebb7dd-15b3-4e50-afc7-5a19711f09d8,18/02/2016,Feb-16,2,2016,WOODHEAD,Minor Dam,955,33.88,631,66.07
719f04e2-21ba-4e22-ae3f-54f53f413c1e,19/02/2016,Feb-16,2,2016,WOODHEAD,Minor Dam,955,33.91,633.3,66.31
3b83c6c9-8a41-4b68-8ee8-c5c3cf28b502,20/02/2016,Feb-16,2,2016,WOODHEAD,Minor Dam,955,33.93,634.8,66.47
6d03dbec-ba63-4127-8c97-f25868932dcb,21/02/2016,Feb-16,2,2016,WOODHEAD,Minor Dam,955,33.93,634.8,66.47
8be3ad02-d689-434e-8162-bc7e6eed55c7,22/02/2016,Feb-16,2,2016,WOODHEAD,Minor Dam,955,33.98,638.6,66.87
4aad54ac-c72a-42e6-9a28-d1150f56500e,23/02/2016,Feb-16,2,2016,WOODHEAD,Minor Dam,955,34,640.1,67.03
1582b688-45fa-47e1-b331-03c6354c5d42,24/02/2016,Feb-16,2,2016,WOODHEAD,Minor Dam,955,34.03,642.4,67.27
782d4056-b6cc-4a74-abac-03dbc75acd2f,25/02/2016,Feb-16,2,2016,WOODHEAD,Minor Dam,955,34.08,646.2,67.66
7ad23b02-581e-4b41-b821-bafdaa46b3c5,26/02/2016,Feb-16,2,2016,WOODHEAD,Minor Dam,955,34.1,647.7,67.82
c625aac7-39d8-4717-9abc-caaa850caba3,27/02/2016,Feb-16,2,2016,WOODHEAD,Minor Dam,955,34.12,649.2,67.98
1b60f1e6-4ab9-4808-b01a-e248a3da7083,28/02/2016,Feb-16,2,2016,WOODHEAD,Minor Dam,955,34.14,650.7,68.14
d389a64e-b617-4873-850f-3007078d8a02,29/02/2016,Feb-16,2,2016,WOODHEAD,Minor Dam,955,34.16,652.3,68.3
5f355dd1-b71b-467b-a5ae-d14c4905cad6,01/03/2016,Mar-16,3,2016,WOODHEAD,Minor Dam,955,34.18,653.8,68.46
9bb3150f-ea9e-4e0f-a138-31ebba11c482,02/03/2016,Mar-16,3,2016,WOODHEAD,Minor Dam,955,34.2,655.3,68.62
b4780606-050c-46c3-8f36-ecde818c652e,03/03/2016,Mar-16,3,2016,WOODHEAD,Minor Dam,955,34.24,658.3,68.93
0ec9add4-6acf-4c7d-923e-1631f8d9e04e,04/03/2016,Mar-16,3,2016,WOODHEAD,Minor Dam,955,34.27,660.6,69.17
4a606892-55d8-4dc8-9005-66df6090942b,05/03/2016,Mar-16,3,2016,WOODHEAD,Minor Dam,955,34.28,661.4,69.26
e3cbec3c-eace-41f6-9deb-63ceb5efa2de,06/03/2016,Mar-16,3,2016,WOODHEAD,Minor Dam,955,34.28,661.4,69.26
dd71438d-810f-47c5-89f6-c25aea251214,07/03/2016,Mar-16,3,2016,WOODHEAD,Minor Dam,955,34.28,661.4,69.26
775ab93b-b3d0-4a6f-9eab-7a7f70929388,08/03/2016,Mar-16,3,2016,WOODHEAD,Minor Dam,955,34.3,662.9,69.41
9b7043a6-5336-4692-ba0c-7194f034a5aa,09/03/2016,Mar-16,3,2016,WOODHEAD,Minor Dam,955,34.32,664.4,69.57
17457bc8-d923-45ac-8002-141c218f2ea3,10/03/2016,Mar-16,3,2016,WOODHEAD,Minor Dam,955,34.34,665.9,69.73
a2ac6acc-3df4-4bad-89e9-2d33fbe12b2b,11/03/2016,Mar-16,3,2016,WOODHEAD,Minor Dam,955,34.36,667.5,69.9
b625b590-a622-4ed9-bcbb-56b42c05974d,12/03/2016,Mar-16,3,2016,WOODHEAD,Minor Dam,955,34.38,669,70.05
642328d1-9d7f-43f1-9d67-c937ee5d9a8d,13/03/2016,Mar-16,3,2016,WOODHEAD,Minor Dam,955,34.4,670.5,70.21
0b402dd6-7344-40b1-9513-91651fa19a5f,14/03/2016,Mar-16,3,2016,WOODHEAD,Minor Dam,955,34.42,672.1,70.38
b1fcbbb7-4e89-4020-a288-d6c4ebcff951,15/03/2016,Mar-16,3,2016,WOODHEAD,Minor Dam,955,34.49,677.7,70.96
220e6ce8-f1b5-4d53-98b0-de54718e8c15,16/03/2016,Mar-16,3,2016,WOODHEAD,Minor Dam,955,34.52,680,71.2
54122f8e-f922-499d-888b-fef1d6915b55,17/03/2016,Mar-16,3,2016,WOODHEAD,Minor Dam,955,34.53,680.8,71.29
32a8458d-3898-48a4-8028-7aab3dace3e4,18/03/2016,Mar-16,3,2016,WOODHEAD,Minor Dam,955,34.54,681.6,71.37
788ddaa8-294a-4694-8c00-6f44a3f1e43f,19/03/2016,Mar-16,3,2016,WOODHEAD,Minor Dam,955,34.55,682.4,71.46
0929eef2-a883-45b7-a640-84aa0618395d,20/03/2016,Mar-16,3,2016,WOODHEAD,Minor Dam,955,34.64,689.2,72.17
fed0811f-3597-44e9-a2e1-4387714531ab,21/03/2016,Mar-16,3,2016,WOODHEAD,Minor Dam,955,34.65,690,72.25
67e63c97-245b-44c6-84c9-9cf77f24d1ec,22/03/2016,Mar-16,3,2016,WOODHEAD,Minor Dam,955,34.68,692.3,72.49
1b2cf092-7f9f-469d-b79b-295ba192e1c4,23/03/2016,Mar-16,3,2016,WOODHEAD,Minor Dam,955,34.7,693.8,72.65
2320b16a-074b-48bd-b1ad-f890cb436114,24/03/2016,Mar-16,3,2016,WOODHEAD,Minor Dam,955,34.72,695.4,72.82
712efa5f-b45c-425e-91e7-008199275cc6,25/03/2016,Mar-16,3,2016,WOODHEAD,Minor Dam,955,34.75,697.9,73.08
1b4c3dc2-7fa8-4f7d-b377-5773f697f374,26/03/2016,Mar-16,3,2016,WOODHEAD,Minor Dam,955,34.77,699.5,73.25
86d5c24b-08a7-4b12-951d-fdcb47bb90ae,27/03/2016,Mar-16,3,2016,WOODHEAD,Minor Dam,955,34.79,701.1,73.41
7221ceca-31bd-44f1-a222-2e3b78ee1fb9,28/03/2016,Mar-16,3,2016,WOODHEAD,Minor Dam,955,34.88,708.3,74.17
d8edc697-e2ef-46c3-b298-67eedcf20a4e,29/03/2016,Mar-16,3,2016,WOODHEAD,Minor Dam,955,34.94,713.1,74.67
9237e764-bbc8-46dc-96bb-a8ab8b5a43d7,30/03/2016,Mar-16,3,2016,WOODHEAD,Minor Dam,955,34.97,715.6,74.93
529e9736-8d29-4f37-b448-364bc1b5ec51,31/03/2016,Mar-16,3,2016,WOODHEAD,Minor Dam,955,35.02,719.6,75.35
8eac5806-c99b-4a3c-8d4b-0a2027c81f95,01/04/2016,Apr-16,4,2016,WOODHEAD,Minor Dam,955,35.2,734.3,76.89
3e6d3a64-b70a-4e64-80ce-98504d901382,02/04/2016,Apr-16,4,2016,WOODHEAD,Minor Dam,955,35.31,743.7,77.87
c443651a-5fc3-46d3-86fe-1f2fe10678b7,03/04/2016,Apr-16,4,2016,WOODHEAD,Minor Dam,955,35.38,749.6,78.49
b44feb9b-1194-44cc-8fb3-fe50bcf1f324,04/04/2016,Apr-16,4,2016,WOODHEAD,Minor Dam,955,35.64,774.3,81.08
1b8b868c-60e0-46f8-a5d4-e751b5473619,05/04/2016,Apr-16,4,2016,WOODHEAD,Minor Dam,955,35.76,786.3,82.34
df82794a-784c-4396-892a-59cff490f20b,06/04/2016,Apr-16,4,2016,WOODHEAD,Minor Dam,955,35.85,795.1,83.26
553dfa6e-5187-4b58-bf07-04b2e45c5baa,07/04/2016,Apr-16,4,2016,WOODHEAD,Minor Dam,955,35.78,788.1,82.52
80ec9ab5-7e3f-4fb3-a4c2-a6762ffb21f7,08/04/2016,Apr-16,4,2016,WOODHEAD,Minor Dam,955,35.74,784.4,82.14
a624221c-8f54-4a18-8ef3-6120a2a486d4,09/04/2016,Apr-16,4,2016,WOODHEAD,Minor Dam,955,35.91,801.2,83.9
63fdfa82-8ba1-42ef-8aa5-23688dfc5fa4,10/04/2016,Apr-16,4,2016,WOODHEAD,Minor Dam,955,36.02,812.6,85.09
2b213367-1381-4267-89e7-8a9aba51d6e9,11/04/2016,Apr-16,4,2016,WOODHEAD,Minor Dam,955,36.08,819,85.76
8dc48251-5511-465d-9ab0-6c2d63d82077,12/04/2016,Apr-16,4,2016,WOODHEAD,Minor Dam,955,35.95,805.3,84.32
aac27d50-2bbb-4a04-abbf-b2abb546460e,13/04/2016,Apr-16,4,2016,WOODHEAD,Minor Dam,955,35.9,800.2,83.79
ec82cf55-2753-4bc0-92bc-d4a0b2c83c9b,14/04/2016,Apr-16,4,2016,WOODHEAD,Minor Dam,955,35.84,794,83.14
23313496-07e0-4193-a97a-ca8f6ead60c1,15/04/2016,Apr-16,4,2016,WOODHEAD,Minor Dam,955,35.77,787.2,82.43
87643dff-e82e-4ef9-94e3-d06f2deb0c4d,16/04/2016,Apr-16,4,2016,WOODHEAD,Minor Dam,955,35.69,779.7,81.64
9d225156-3af7-4b6e-b392-bead5ca9e5f9,17/04/2016,Apr-16,4,2016,WOODHEAD,Minor Dam,955,35.64,774.3,81.08
6e62de59-d2d0-4f98-b9d1-3dedfa53d041,18/04/2016,Apr-16,4,2016,WOODHEAD,Minor Dam,955,35.6,770,80.63
cb87a48c-c02d-4ed9-98b0-318b9034b087,19/04/2016,Apr-16,4,2016,WOODHEAD,Minor Dam,955,35.54,764.4,80.04
0cf79f32-cf8a-440e-bf7e-d3e802c68d63,20/04/2016,Apr-16,4,2016,WOODHEAD,Minor Dam,955,35.47,757.9,79.36
e0055930-e2f7-4e05-b24b-f3e59abd3abf,21/04/2016,Apr-16,4,2016,WOODHEAD,Minor Dam,955,35.42,753.2,78.87
0042f3b5-3414-496b-8611-61f1c04b1d13,22/04/2016,Apr-16,4,2016,WOODHEAD,Minor Dam,955,35.37,748.8,78.41
33c356c4-87de-4856-9740-ca8ee09522bc,23/04/2016,Apr-16,4,2016,WOODHEAD,Minor Dam,955,35.3,742.8,77.78
ff280885-1036-4fdb-aabf-1d4ea6e35d0d,24/04/2016,Apr-16,4,2016,WOODHEAD,Minor Dam,955,35.37,748.8,78.41
10f28874-6a82-44fc-a347-3b6c5fc145d3,25/04/2016,Apr-16,4,2016,WOODHEAD,Minor Dam,955,35.3,742.8,77.78
6cbba90d-1e95-4c2f-9754-5f3b2e8546a8,26/04/2016,Apr-16,4,2016,WOODHEAD,Minor Dam,955,35.29,742,77.7
9cda2e9d-9119-4696-ad3b-09a2d315978a,27/04/2016,Apr-16,4,2016,WOODHEAD,Minor Dam,955,35.26,739.4,77.42
ddda41b9-19d1-4917-8ce4-1bff6dc73c53,28/04/2016,Apr-16,4,2016,WOODHEAD,Minor Dam,955,35.22,736,77.07
8cdaf4a8-4f74-4e43-9753-faef892969c6,29/04/2016,Apr-16,4,2016,WOODHEAD,Minor Dam,955,35.19,733.5,76.81
b29a43a7-d15e-43e5-bc84-75e40a40b962,30/04/2016,Apr-16,4,2016,WOODHEAD,Minor Dam,955,35.46,756.9,79.26
d88c258b-e1c8-476e-9e9b-e184c770ebd5,01/05/2016,May-16,5,2016,WOODHEAD,Minor Dam,955,35.4,751.3,78.67
355b11c8-1294-4e80-9583-d574b01c895f,02/05/2016,May-16,5,2016,WOODHEAD,Minor Dam,955,35.44,755.1,79.07
98eaf643-5d5d-4366-9e75-86c434d2c308,03/05/2016,May-16,5,2016,WOODHEAD,Minor Dam,955,35.46,756.9,79.26
7c6e1dc9-9a6b-4bb7-9b10-29dc390cd45b,04/05/2016,May-16,5,2016,WOODHEAD,Minor Dam,955,35.37,748.8,78.41
b9986ab6-b589-49c0-a954-5914f0872534,05/05/2016,May-16,5,2016,WOODHEAD,Minor Dam,955,35.31,743.7,77.87
ad184a5f-5bdd-416e-9cae-e32920c0d304,06/05/2016,May-16,5,2016,WOODHEAD,Minor Dam,955,35.28,741.1,77.6
f0df3deb-6967-4eb4-9f52-a8ff7dc2ede8,07/05/2016,May-16,5,2016,WOODHEAD,Minor Dam,955,35.25,738.6,77.34
d917851c-1f07-4fd0-8433-e385736cb9c0,08/05/2016,May-16,5,2016,WOODHEAD,Minor Dam,955,35.19,733.5,76.81
34d1f39d-b8a1-4810-9b39-ea5b5192e112,09/05/2016,May-16,5,2016,WOODHEAD,Minor Dam,955,35.15,730.2,76.46
ba304933-8b51-4145-9486-484e3f8c59cc,10/05/2016,May-16,5,2016,WOODHEAD,Minor Dam,955,35.08,724.5,75.86
b08296af-bb1a-4bb1-a705-6472ddc9be85,11/05/2016,May-16,5,2016,WOODHEAD,Minor Dam,955,35.21,735.2,76.98
4f0e25a2-3cc5-4d65-8fb6-0dba29fe6085,12/05/2016,May-16,5,2016,WOODHEAD,Minor Dam,955,35.37,748.8,78.41
08a6984e-f932-43bf-b3dc-e4cdca56b5a9,13/05/2016,May-16,5,2016,WOODHEAD,Minor Dam,955,35.49,759.8,79.56
69a03d51-0109-4011-8713-c104c0fdbd68,14/05/2016,May-16,5,2016,WOODHEAD,Minor Dam,955,35.63,773.2,80.96
e9c5f851-a50d-42a1-a00d-aa0162c0b010,15/05/2016,May-16,5,2016,WOODHEAD,Minor Dam,955,35.73,783.5,82.04
97204213-8368-47f4-831e-7aa60ded9c7f,16/05/2016,May-16,5,2016,WOODHEAD,Minor Dam,955,35.86,796.1,83.36
53bc65e3-eba3-4f48-87a7-f33dd3d11ce6,17/05/2016,May-16,5,2016,WOODHEAD,Minor Dam,955,35.84,794,83.14
5fd66c73-a07b-4e9b-98a7-e96811e58e23,18/05/2016,May-16,5,2016,WOODHEAD,Minor Dam,955,35.78,788.1,82.52
8fd770f4-a544-4d5f-8435-16bb8ea9332d,19/05/2016,May-16,5,2016,WOODHEAD,Minor Dam,955,35.73,783.5,82.04
24dee8a0-f4a2-4552-9fe4-2e1057e8b728,20/05/2016,May-16,5,2016,WOODHEAD,Minor Dam,955,35.77,787.2,82.43
09d86afa-22c9-4e89-96a4-265f87ce129a,21/05/2016,May-16,5,2016,WOODHEAD,Minor Dam,955,35.74,784.4,82.14
d35f3877-fc20-4b5f-8506-d931606d7dd1,22/05/2016,May-16,5,2016,WOODHEAD,Minor Dam,955,35.67,777.6,81.42
ce2aad09-f804-48d7-a102-cb82fc4c442c,23/05/2016,May-16,5,2016,WOODHEAD,Minor Dam,955,35.64,774.3,81.08
8b5a243c-5788-4360-b610-bd5a02069bcc,24/05/2016,May-16,5,2016,WOODHEAD,Minor Dam,955,35.65,775.4,81.19
829bf438-b0af-46ff-936a-6e246f118ed3,25/05/2016,May-16,5,2016,WOODHEAD,Minor Dam,955,35.65,775.4,81.19
c63539ec-4941-471d-9989-eeccfdd118c0,26/05/2016,May-16,5,2016,WOODHEAD,Minor Dam,955,35.64,774.3,81.08
95363a05-ec9e-423f-8a7c-2b6f8af44016,27/05/2016,May-16,5,2016,WOODHEAD,Minor Dam,955,35.73,783.5,82.04
b4097588-f54d-43b5-a38c-ce3ecdbc0b61,28/05/2016,May-16,5,2016,WOODHEAD,Minor Dam,955,35.58,768.1,80.43
1f089f7d-195c-4552-8325-6b7c2783e052,29/05/2016,May-16,5,2016,WOODHEAD,Minor Dam,955,35.58,768.1,80.43
1b32f21c-1b53-45f0-b9f6-333cad64c51e,30/05/2016,May-16,5,2016,WOODHEAD,Minor Dam,955,35.68,778.6,81.53
fc63c1c7-0ab6-41d7-8708-7e97692ad375,31/05/2016,May-16,5,2016,WOODHEAD,Minor Dam,955,35.63,773.2,80.96
2e258e54-7b56-44cc-9a4d-ccf9e42177ab,01/06/2016,Jun-16,6,2016,WOODHEAD,Minor Dam,955,35.54,764.4,80.04
37ecc8b8-585a-4a7a-871c-45fcd90d3bce,02/06/2016,Jun-16,6,2016,WOODHEAD,Minor Dam,955,35.58,768.1,80.43
9a8b1bd0-b4c2-4b30-bf33-7c24bb675bcd,03/06/2016,Jun-16,6,2016,WOODHEAD,Minor Dam,955,35.67,777.6,81.42
00ea2924-7c71-4bb8-8766-5db67bfcef57,04/06/2016,Jun-16,6,2016,WOODHEAD,Minor Dam,955,35.82,792,82.93
1a818a14-2f05-4aa7-bdd4-521a6f5db002,05/06/2016,Jun-16,6,2016,WOODHEAD,Minor Dam,955,35.93,803.3,84.12
9d36f69c-81f6-433e-8df8-e43a22bc773e,06/06/2016,Jun-16,6,2016,WOODHEAD,Minor Dam,955,36.07,818,85.65
df4841d5-be4a-4d1c-8480-05e47a4f264a,07/06/2016,Jun-16,6,2016,WOODHEAD,Minor Dam,955,36.18,830.2,86.93
77f42c8e-1271-4752-9399-f319d1cacf2a,08/06/2016,Jun-16,6,2016,WOODHEAD,Minor Dam,955,36.29,842.4,88.21
41673278-bbf0-4cdd-a2ef-eae1cb646fad,09/06/2016,Jun-16,6,2016,WOODHEAD,Minor Dam,955,36.34,848,88.8
dc8862ee-ba91-4907-b3a5-ef9252cc6960,10/06/2016,Jun-16,6,2016,WOODHEAD,Minor Dam,955,36.33,846.9,88.68
0d4da88f-852d-456d-9ec2-7c57a58ff061,11/06/2016,Jun-16,6,2016,WOODHEAD,Minor Dam,955,36.3,843.5,88.32
220c814b-d6cd-4b22-ab51-4e0fa8c0953f,12/06/2016,Jun-16,6,2016,WOODHEAD,Minor Dam,955,36.4,854.8,89.51
1cf014ed-92c7-4b7f-b374-f19fd23c9a70,13/06/2016,Jun-16,6,2016,WOODHEAD,Minor Dam,955,36.28,841.3,88.09
97ce18e3-ed2a-49be-a8d9-caaeaadf060e,14/06/2016,Jun-16,6,2016,WOODHEAD,Minor Dam,955,36.12,823.4,86.22
f33b72d1-6be6-4347-b1c2-df7f93c2d035,15/06/2016,Jun-16,6,2016,WOODHEAD,Minor Dam,955,36.06,816.9,85.54
39b4f529-1c5d-4a10-8673-7ed5060c555e,16/06/2016,Jun-16,6,2016,WOODHEAD,Minor Dam,955,36.06,816.9,85.54
f3c2ed80-8d77-47be-a293-d5367fe91d1b,17/06/2016,Jun-16,6,2016,WOODHEAD,Minor Dam,955,36.01,811.5,84.97
9acee192-4205-4a45-a6cb-3303db0d1705,18/06/2016,Jun-16,6,2016,WOODHEAD,Minor Dam,955,35.88,798.1,83.57
64577988-02dd-4fe0-9c4b-d3c40edfcb8c,19/06/2016,Jun-16,6,2016,WOODHEAD,Minor Dam,955,35.75,785.4,82.24
5161cf42-07e5-49a5-ba4d-02125ecc6d4f,20/06/2016,Jun-16,6,2016,WOODHEAD,Minor Dam,955,35.63,773.2,80.96
0a8afae1-442b-4c9c-99d4-f4cabe2b5dea,21/06/2016,Jun-16,6,2016,WOODHEAD,Minor Dam,955,35.74,784.4,82.14
02de25e2-a226-47f2-9747-7f1a1ef5db1a,22/06/2016,Jun-16,6,2016,WOODHEAD,Minor Dam,955,35.69,779.7,81.64
c1b79434-48d7-4a5a-b50e-92d790fb00ae,23/06/2016,Jun-16,6,2016,WOODHEAD,Minor Dam,955,35.57,767.2,80.34
b6d24d38-16b1-4653-82c3-7eb89f67921e,24/06/2016,Jun-16,6,2016,WOODHEAD,Minor Dam,955,35.47,757.9,79.36
f517e2a5-cef7-40b3-b3ff-48d09007aed8,25/06/2016,Jun-16,6,2016,WOODHEAD,Minor Dam,955,35.36,747.9,78.31
88e39b16-713a-4443-ad99-3596bd249010,26/06/2016,Jun-16,6,2016,WOODHEAD,Minor Dam,955,35.25,738.6,77.34
0c684f38-2a44-47a2-8d5e-ab974ceb358c,27/06/2016,Jun-16,6,2016,WOODHEAD,Minor Dam,955,35.12,727.7,76.2
5681ee2d-53fd-4194-92e3-c51a1aa0885b,28/06/2016,Jun-16,6,2016,WOODHEAD,Minor Dam,955,35.05,722.1,75.61
85a07bef-b1cc-4b4a-b124-5c5c3b341325,29/06/2016,Jun-16,6,2016,WOODHEAD,Minor Dam,955,34.98,716.4,75.02
c6414f7e-49a4-4b72-a030-5a3499ea5727,30/06/2016,Jun-16,6,2016,WOODHEAD,Minor Dam,955,34.8,701.9,73.5
83e975dd-8bb9-4760-887b-3dcf7e4c4dd0,01/07/2016,Jul-16,7,2016,WOODHEAD,Minor Dam,955,34.8,701.9,73.5
6c4d180a-a613-4593-bdb6-cf35659c55f7,02/07/2016,Jul-16,7,2016,WOODHEAD,Minor Dam,955,34.86,706.7,74
a3fbfb06-8d14-4d72-972e-cf10b8d25c7f,03/07/2016,Jul-16,7,2016,WOODHEAD,Minor Dam,955,34.89,709.1,74.25
82716a5c-1a96-40bb-87ed-728407beaaad,04/07/2016,Jul-16,7,2016,WOODHEAD,Minor Dam,955,34.92,711.5,74.5
b3956005-2692-4e54-ab27-3c17e2e6b908,05/07/2016,Jul-16,7,2016,WOODHEAD,Minor Dam,955,34.93,712.3,74.59
c9ae1d7d-7197-4b0d-8ebc-ac16a4416f1b,06/07/2016,Jul-16,7,2016,WOODHEAD,Minor Dam,955,34.95,714,74.76
18cd3861-97f1-4dcf-91ba-7962a8f02588,07/07/2016,Jul-16,7,2016,WOODHEAD,Minor Dam,955,35.24,737.7,77.25
b41197df-9d82-4d54-b2f0-fcb99e4c4d84,08/07/2016,Jul-16,7,2016,WOODHEAD,Minor Dam,955,35.46,756.9,79.26
fd7e3637-3387-4dbd-99c1-ef9ba583ee47,09/07/2016,Jul-16,7,2016,WOODHEAD,Minor Dam,955,35.52,762.6,79.85
8e1d0126-9214-42f5-b603-537377be264d,10/07/2016,Jul-16,7,2016,WOODHEAD,Minor Dam,955,35.72,782.6,81.95
9e33cf8e-9aef-470b-b9d2-a1223aed2eb0,11/07/2016,Jul-16,7,2016,WOODHEAD,Minor Dam,955,35.83,793,83.04
02dee7b3-75d7-48af-847e-23ea0b5195b3,12/07/2016,Jul-16,7,2016,WOODHEAD,Minor Dam,955,35.9,800.2,83.79
13c121b4-cafe-43dc-b8ba-7a9e8f766d76,13/07/2016,Jul-16,7,2016,WOODHEAD,Minor Dam,955,35.9,800.2,83.79
63c6e399-060f-4544-85e6-45214f21e91d,14/07/2016,Jul-16,7,2016,WOODHEAD,Minor Dam,955,35.9,800.2,83.79
44d66582-9741-4b40-be3c-7d0b11c09d08,15/07/2016,Jul-16,7,2016,WOODHEAD,Minor Dam,955,35.92,802.2,84
a86da38e-4292-470b-9ed0-5a39a3a13f96,16/07/2016,Jul-16,7,2016,WOODHEAD,Minor Dam,955,36.05,815.8,85.42
9b155752-c6d3-4970-a104-23214ea7be3f,17/07/2016,Jul-16,7,2016,WOODHEAD,Minor Dam,955,36.05,815.8,85.42
a397c7fe-aa48-4405-9c6c-7c6164495c67,18/07/2016,Jul-16,7,2016,WOODHEAD,Minor Dam,955,36.06,816.9,85.54
0ce34e2f-b711-4754-91e6-e09665505970,19/07/2016,Jul-16,7,2016,WOODHEAD,Minor Dam,955,36.08,819,85.76
583a65d7-3933-43d4-bba8-7364ae8d79e9,20/07/2016,Jul-16,7,2016,WOODHEAD,Minor Dam,955,36.12,823.4,86.22
e148e312-6212-4025-b92b-30fd10e27c44,21/07/2016,Jul-16,7,2016,WOODHEAD,Minor Dam,955,36.19,831.3,87.05
8db84ac5-c67b-48b2-bbce-f0abbb984193,22/07/2016,Jul-16,7,2016,WOODHEAD,Minor Dam,955,37.24,960.6,100.59
8875d6fd-6407-43e6-b199-1c327dfc7a7f,23/07/2016,Jul-16,7,2016,WOODHEAD,Minor Dam,955,37.23,959.3,100.45
705adce6-9918-44f0-98b9-87ce3640a639,24/07/2016,Jul-16,7,2016,WOODHEAD,Minor Dam,955,37.22,958,100.31
429815f1-f282-4e6e-9b41-ec920c93f3e1,25/07/2016,Jul-16,7,2016,WOODHEAD,Minor Dam,955,37.23,959.3,100.45
4528ff1c-9d75-444e-bd16-08ce129c2cb8,26/07/2016,Jul-16,7,2016,WOODHEAD,Minor Dam,955,37.2,955.3,100.03
3860f2be-14ef-4dfc-86e5-c0deebd18e65,27/07/2016,Jul-16,7,2016,WOODHEAD,Minor Dam,955,37.19,954,99.9
c0584cab-40d7-40a6-a702-1c328b116f09,28/07/2016,Jul-16,7,2016,WOODHEAD,Minor Dam,955,37.3,955.3,100.03
8b0af0e9-a34f-42bd-a830-e73c2cf858f6,29/07/2016,Jul-16,7,2016,WOODHEAD,Minor Dam,955,37.38,965.9,101.14
209b788d-17d8-4f79-a036-e238acdf9cab,30/07/2016,Jul-16,7,2016,WOODHEAD,Minor Dam,955,37.31,956.6,100.17
a0e6383e-9e51-4ac1-9ae0-271bdd55b928,31/07/2016,Jul-16,7,2016,WOODHEAD,Minor Dam,955,37.34,960.6,100.59
f19d846c-658a-4ba5-8968-087c2f024b8d,01/08/2016,Aug-16,8,2016,WOODHEAD,Minor Dam,955,37.18,952.6,99.75
60f42b2f-0738-4deb-8acb-beb3a8f79234,02/08/2016,Aug-16,8,2016,WOODHEAD,Minor Dam,955,37.23,959.3,100.45
9eacd5c6-5d22-489e-9b56-c42054c9d77a,03/08/2016,Aug-16,8,2016,WOODHEAD,Minor Dam,955,37.18,952.6,99.75
5ea4da05-4649-4e2c-b6aa-4d302ceb9bf5,04/08/2016,Aug-16,8,2016,WOODHEAD,Minor Dam,955,37.3,955.3,100.03
413574b4-ff55-42b7-8382-9c451e8eb3a3,05/08/2016,Aug-16,8,2016,WOODHEAD,Minor Dam,955,37.24,960.6,100.59
6dbc78a7-fc39-4a22-a7ed-ac24e2449d07,06/08/2016,Aug-16,8,2016,WOODHEAD,Minor Dam,955,37.22,958,100.31
c04941bf-a54e-4701-81e9-8303c47bf968,07/08/2016,Aug-16,8,2016,WOODHEAD,Minor Dam,955,37.2,955.3,100.03
c1470c2b-9239-4b10-a6ed-e80a9d08deb4,08/08/2016,Aug-16,8,2016,WOODHEAD,Minor Dam,955,37.2,955.3,100.03
567aabdf-b5db-474b-ad59-dbe0f206f2e6,09/08/2016,Aug-16,8,2016,WOODHEAD,Minor Dam,955,37.2,955.3,100.03
3b703477-6736-42c4-ac28-571fa8c6541f,10/08/2016,Aug-16,8,2016,WOODHEAD,Minor Dam,955,37.19,954,99.9
0fe097fc-685f-49a0-8eb4-1a0ea864b40e,11/08/2016,Aug-16,8,2016,WOODHEAD,Minor Dam,955,37.16,950,99.48
b9c32075-b68b-45ad-bb91-b366d90f8491,12/08/2016,Aug-16,8,2016,WOODHEAD,Minor Dam,955,37.2,955.3,100.03
f7c5f874-8753-4d50-8b82-1d6f889abec1,13/08/2016,Aug-16,8,2016,WOODHEAD,Minor Dam,955,37.19,954,99.9
f4fad14b-44f5-4a1a-97d1-507702ebf2ff,14/08/2016,Aug-16,8,2016,WOODHEAD,Minor Dam,955,37.21,956.6,100.17
1b24312f-0bc8-4050-a1b8-5193ea52d31a,15/08/2016,Aug-16,8,2016,WOODHEAD,Minor Dam,955,37.26,963.3,100.87
1c38d98e-8ae8-4fcc-836e-d727f4041265,16/08/2016,Aug-16,8,2016,WOODHEAD,Minor Dam,955,37.2,955.3,100.03
fad8e741-60c3-4225-a1a3-cae51839c77f,17/08/2016,Aug-16,8,2016,WOODHEAD,Minor Dam,955,37.2,955.3,100.03
571fb5dc-a931-4642-ba16-673f1e50cd4b,18/08/2016,Aug-16,8,2016,WOODHEAD,Minor Dam,955,37.18,952.6,99.75
20aaf2f8-83f4-43f6-82a8-407cbea306b3,19/08/2016,Aug-16,8,2016,WOODHEAD,Minor Dam,955,37.18,952.6,99.75
e5be8b89-7425-4490-9400-e9ecb3a4008a,20/08/2016,Aug-16,8,2016,WOODHEAD,Minor Dam,955,37.19,954,99.9
ca9bd315-b14f-428e-ad6c-ea98667fbead,21/08/2016,Aug-16,8,2016,WOODHEAD,Minor Dam,955,37.21,956.6,100.17
47db59b4-cbaf-4bd8-90e2-dafabeb19e5d,22/08/2016,Aug-16,8,2016,WOODHEAD,Minor Dam,955,37.21,956.6,100.17
38355596-640b-41c5-a7a7-7554df73b829,23/08/2016,Aug-16,8,2016,WOODHEAD,Minor Dam,955,37.28,965.9,101.14
e2457e95-cb43-4b04-9eba-15061d0a4b43,24/08/2016,Aug-16,8,2016,WOODHEAD,Minor Dam,955,37.24,960.6,100.59
f42db0be-6d44-49ac-8a0f-a549ae50e7a2,25/08/2016,Aug-16,8,2016,WOODHEAD,Minor Dam,955,37.22,958,100.31
ed1ac655-7379-4eac-8f45-89032b18d855,26/08/2016,Aug-16,8,2016,WOODHEAD,Minor Dam,955,37.21,956.6,100.17
347e8568-c3be-467c-bf24-4e4feefcdc1c,27/08/2016,Aug-16,8,2016,WOODHEAD,Minor Dam,955,37.21,956.6,100.17
9d2d5ba1-9fa6-4e3a-82e0-dfb250feb30e,28/08/2016,Aug-16,8,2016,WOODHEAD,Minor Dam,955,37.21,956.6,100.17
7b428e8d-6cac-4f20-ae59-39bef48dbd8f,29/08/2016,Aug-16,8,2016,WOODHEAD,Minor Dam,955,37.19,954,99.9
69297271-b637-42d9-a602-530d5f32e1ca,30/08/2016,Aug-16,8,2016,WOODHEAD,Minor Dam,955,37.19,954,99.9
23359e23-2b17-4887-8c9c-169fb7068945,31/08/2016,Aug-16,8,2016,WOODHEAD,Minor Dam,955,37.19,954,99.9
674d5ebd-59ee-4f62-a2a4-202e924e2761,01/09/2016,Sep-16,9,2016,WOODHEAD,Minor Dam,955,37.19,954,99.9
59bca0da-48a5-4155-9359-7f1717298fc2,02/09/2016,Sep-16,9,2016,WOODHEAD,Minor Dam,955,37.21,956.6,100.17
07044d3f-d322-4acb-b257-836186f7ef43,03/09/2016,Sep-16,9,2016,WOODHEAD,Minor Dam,955,37.19,954,99.9
d4bc7e0d-eeac-42d7-b664-7617c74a8a5a,04/09/2016,Sep-16,9,2016,WOODHEAD,Minor Dam,955,37.19,954,99.9
88b870f6-3802-4dfb-ad04-12732dba9c86,05/09/2016,Sep-16,9,2016,WOODHEAD,Minor Dam,955,37.19,954,99.9
4e18f30a-d126-4ecc-99b1-fba177e8d3d1,06/09/2016,Sep-16,9,2016,WOODHEAD,Minor Dam,955,37.2,955.3,100.03
3005f2fa-5777-4087-b0f7-70d81a226df4,07/09/2016,Sep-16,9,2016,WOODHEAD,Minor Dam,955,37.23,959.3,100.45
66c585b7-4cde-493d-8c34-eed45f4d7224,08/09/2016,Sep-16,9,2016,WOODHEAD,Minor Dam,955,37.2,955.3,100.03
5ec6a3be-1dce-4609-afaa-00b890cc642b,09/09/2016,Sep-16,9,2016,WOODHEAD,Minor Dam,955,37.22,958,100.31
4a43e445-e69d-4fa5-9476-7aaaf28e1cda,10/09/2016,Sep-16,9,2016,WOODHEAD,Minor Dam,955,37.16,950,99.48
67c4a081-528b-468e-9437-6d73200eb5b9,11/09/2016,Sep-16,9,2016,WOODHEAD,Minor Dam,955,37.2,955.3,100.03
544172a2-d380-402f-b898-9e59dc5c25a3,12/09/2016,Sep-16,9,2016,WOODHEAD,Minor Dam,955,37.2,955.3,100.03
a8a6bb7e-99b0-48c2-9aa3-8052161983f2,13/09/2016,Sep-16,9,2016,WOODHEAD,Minor Dam,955,37.2,955.3,100.03
5b596bcc-4fa9-42b9-8f29-737d21e765f0,14/09/2016,Sep-16,9,2016,WOODHEAD,Minor Dam,955,37.2,955.3,100.03
ed342781-0272-439c-a01c-67a969e54db8,15/09/2016,Sep-16,9,2016,WOODHEAD,Minor Dam,955,37.19,954,99.9
5fe3de59-d28e-4435-842a-69ce3ecb41c1,16/09/2016,Sep-16,9,2016,WOODHEAD,Minor Dam,955,37.19,954,99.9
5657c012-18c3-4320-89ce-1c18ef568aff,17/09/2016,Sep-16,9,2016,WOODHEAD,Minor Dam,955,37.26,963.3,100.87
58c5cd42-0d80-4e63-9152-052592b1485a,18/09/2016,Sep-16,9,2016,WOODHEAD,Minor Dam,955,37.28,965.9,101.14
c15c29c9-52ba-4a17-bf4f-1eee25fbbf45,19/09/2016,Sep-16,9,2016,WOODHEAD,Minor Dam,955,37.32,958,100.31
c2a5d9e2-1b7f-4aa4-8b5f-1d7512b0391f,20/09/2016,Sep-16,9,2016,WOODHEAD,Minor Dam,955,37.21,956.6,100.17
0a4a0ac7-e361-466a-b90b-5d0a33e38878,21/09/2016,Sep-16,9,2016,WOODHEAD,Minor Dam,955,37.19,954,99.9
7525e5d3-73b4-4442-bf09-73c5c7fd9a45,22/09/2016,Sep-16,9,2016,WOODHEAD,Minor Dam,955,37.19,954,99.9
e3e5ae21-0ad7-44f7-a1f6-40d4b1adb95c,23/09/2016,Sep-16,9,2016,WOODHEAD,Minor Dam,955,37.2,955.3,100.03
17a6549c-89fb-4a52-886c-107db2f0e1d0,24/09/2016,Sep-16,9,2016,WOODHEAD,Minor Dam,955,37.19,954,99.9
178a5254-0541-48de-b117-2bda2c44ccab,25/09/2016,Sep-16,9,2016,WOODHEAD,Minor Dam,955,37.2,955.3,100.03
906c793e-364c-4a71-93fc-ca2352d8c655,26/09/2016,Sep-16,9,2016,WOODHEAD,Minor Dam,955,37.2,955.3,100.03
4b547f76-c2ce-4719-b727-4912d0f18afe,27/09/2016,Sep-16,9,2016,WOODHEAD,Minor Dam,955,37.19,954,99.9
4126499e-9d5d-49a4-b746-91bc00369819,28/09/2016,Sep-16,9,2016,WOODHEAD,Minor Dam,955,37.25,962,100.73
733d8864-f5e3-4f75-b1b0-3461930bed21,29/09/2016,Sep-16,9,2016,WOODHEAD,Minor Dam,955,37.25,962,100.73
fa2abed1-3705-40b6-bdd1-b7f5a744844e,30/09/2016,Sep-16,9,2016,WOODHEAD,Minor Dam,955,37.21,956.6,100.17
18138f37-9fb5-4836-a03e-414ae415baae,01/10/2016,Oct-16,10,2016,WOODHEAD,Minor Dam,955,37.2,955.3,100.03
4089d83a-ed2e-479e-92a6-785e62173d89,02/10/2016,Oct-16,10,2016,WOODHEAD,Minor Dam,955,37.2,955.3,100.03
a5c3ec75-93b6-4d69-91d9-92ef5160b3ac,03/10/2016,Oct-16,10,2016,WOODHEAD,Minor Dam,955,37.19,954,99.9
fc475e3e-f4b2-4234-94da-b6b2bf09b773,04/10/2016,Oct-16,10,2016,WOODHEAD,Minor Dam,955,37.19,954,99.9
5c1fed77-a248-4f3b-95ce-9511c368cefd,05/10/2016,Oct-16,10,2016,WOODHEAD,Minor Dam,955,37.19,954,99.9
0323e0fc-a6e8-4540-8fef-01308727717e,06/10/2016,Oct-16,10,2016,WOODHEAD,Minor Dam,955,37.19,954,99.9
73319dec-68ba-4df2-9bac-b54d31e65ead,07/10/2016,Oct-16,10,2016,WOODHEAD,Minor Dam,955,37.19,954,99.9
8e70f353-f5bd-4b56-8053-455a9fc1a0d3,08/10/2016,Oct-16,10,2016,WOODHEAD,Minor Dam,955,37.19,954,99.9
25a6901d-9f58-40e1-a3d1-465f531c36e5,09/10/2016,Oct-16,10,2016,WOODHEAD,Minor Dam,955,37.19,954,99.9
51c89b55-3a09-470a-a695-2ed5d764943c,10/10/2016,Oct-16,10,2016,WOODHEAD,Minor Dam,955,37.19,954,99.9
4cb33a41-a8d6-4960-a34a-d10592b54df6,11/10/2016,Oct-16,10,2016,WOODHEAD,Minor Dam,955,37.18,952.6,99.75
6fa3d781-5f83-471c-ae8d-9c09528f2b0d,12/10/2016,Oct-16,10,2016,WOODHEAD,Minor Dam,955,37.18,952.6,99.75
477794ca-d4cb-429b-a68b-8a3aac48b4fe,13/10/2016,Oct-16,10,2016,WOODHEAD,Minor Dam,955,37.19,954,99.9
410b987b-663c-4003-b8b5-14c31973fb50,14/10/2016,Oct-16,10,2016,WOODHEAD,Minor Dam,955,37.19,954,99.9
66150c56-8b45-4076-87fb-e49a0d7ccf30,15/10/2016,Oct-16,10,2016,WOODHEAD,Minor Dam,955,37.19,954,99.9
4cbccd56-153a-44e7-be26-7da595edc6fe,16/10/2016,Oct-16,10,2016,WOODHEAD,Minor Dam,955,37.19,954,99.9
e001d238-97ce-434f-86c6-a9d875395dd7,17/10/2016,Oct-16,10,2016,WOODHEAD,Minor Dam,955,37.2,955.3,100.03
84c0d0a1-ee78-4837-85bf-0013e32767e8,18/10/2016,Oct-16,10,2016,WOODHEAD,Minor Dam,955,37.19,954,99.9
0e352207-25e9-40f1-85c0-8076c1731abf,19/10/2016,Oct-16,10,2016,WOODHEAD,Minor Dam,955,37.18,952.6,99.75
74516595-325e-48eb-8b8f-7f67a616fb71,20/10/2016,Oct-16,10,2016,WOODHEAD,Minor Dam,955,37.18,952.6,99.75
0fcdff1e-a77d-4467-8e37-38fd56521370,21/10/2016,Oct-16,10,2016,WOODHEAD,Minor Dam,955,37.18,952.6,99.75
443560b2-973f-49bf-a55c-26aa75bb2130,22/10/2016,Oct-16,10,2016,WOODHEAD,Minor Dam,955,37.18,952.6,99.75
c1092273-c9a8-49e9-aeb7-46e4254c3d1c,23/10/2016,Oct-16,10,2016,WOODHEAD,Minor Dam,955,37.22,958,100.31
23fcfcf4-3663-4fd8-b7f5-5c22addeb06a,24/10/2016,Oct-16,10,2016,WOODHEAD,Minor Dam,955,37.19,954,99.9
ed0353f5-8669-4947-bfd8-e10b02c82445,25/10/2016,Oct-16,10,2016,WOODHEAD,Minor Dam,955,37.19,954,99.9
4dfa8fd1-6455-4eb6-b6e8-d4eaa7def9f7,26/10/2016,Oct-16,10,2016,WOODHEAD,Minor Dam,955,37.18,952.6,99.75
ea5a66ce-56be-483b-bf79-040f6cd05faf,27/10/2016,Oct-16,10,2016,WOODHEAD,Minor Dam,955,37.18,952.6,99.75
d4d9c939-6135-4a6a-9b74-42e7a5fcb2cd,28/10/2016,Oct-16,10,2016,WOODHEAD,Minor Dam,955,37.17,951.3,99.61
a92f3a6a-c2c9-42c2-8c51-42220b8cb2ff,29/10/2016,Oct-16,10,2016,WOODHEAD,Minor Dam,955,37.17,951.3,99.61
f5118258-8872-45a2-a108-a77941866599,30/10/2016,Oct-16,10,2016,WOODHEAD,Minor Dam,955,37.17,951.3,99.61
df479d02-1224-468a-b680-94991baf21d6,31/10/2016,Oct-16,10,2016,WOODHEAD,Minor Dam,955,37.17,951.3,99.61
a3f89ffd-7d6a-4005-bbc4-33dd4c06b934,01/11/2016,Nov-16,11,2016,WOODHEAD,Minor Dam,955,37.17,951.3,99.61
8e93ed97-a11c-4cd9-bf4b-2c3bcf88e014,02/11/2016,Nov-16,11,2016,WOODHEAD,Minor Dam,955,37.17,951.3,99.61
71a8e4ec-a77c-45d8-8e4e-5e8d84b35656,03/11/2016,Nov-16,11,2016,WOODHEAD,Minor Dam,955,37.17,951.3,99.61
0749ddae-499e-42d0-be99-e8acc806a64c,04/11/2016,Nov-16,11,2016,WOODHEAD,Minor Dam,955,37.15,948.7,99.34
8a5becd6-b731-4f10-83af-1e0dce9dd7fc,05/11/2016,Nov-16,11,2016,WOODHEAD,Minor Dam,955,37.17,951.3,99.61
0baee19a-247c-4a23-8ff1-9aa811002f2f,06/11/2016,Nov-16,11,2016,WOODHEAD,Minor Dam,955,37.16,950,99.48
35da0bf9-eb59-463f-b18c-cfb3cc7e8c6c,07/11/2016,Nov-16,11,2016,WOODHEAD,Minor Dam,955,37.16,950,99.48
45149613-7288-4caa-ad99-11c7cd74e28b,08/11/2016,Nov-16,11,2016,WOODHEAD,Minor Dam,955,37.16,950,99.48
681c18f0-8685-4155-a0a1-dbbcc9424d09,09/11/2016,Nov-16,11,2016,WOODHEAD,Minor Dam,955,37.16,950,99.48
bfe9db1f-5480-4bab-8efe-84f1fc1e49b4,10/11/2016,Nov-16,11,2016,WOODHEAD,Minor Dam,955,37.16,950,99.48
89095fc7-c8df-4428-b65e-cc261607b6a0,11/11/2016,Nov-16,11,2016,WOODHEAD,Minor Dam,955,37.16,950,99.48
a4cca67e-9841-4113-9a7d-bea234ab93ef,12/11/2016,Nov-16,11,2016,WOODHEAD,Minor Dam,955,37.15,948.7,99.34
ba040370-f05b-4dc4-bf67-9513dd2cd5e4,13/11/2016,Nov-16,11,2016,WOODHEAD,Minor Dam,955,37.15,948.7,99.34
8ed4d75b-4571-4f2e-bd8e-7313756f64f1,14/11/2016,Nov-16,11,2016,WOODHEAD,Minor Dam,955,37.15,948.7,99.34
4b0abe82-02b7-4c00-bc59-b2d9842ee909,15/11/2016,Nov-16,11,2016,WOODHEAD,Minor Dam,955,37.14,947.3,99.19
5e516610-cac4-4ae6-a97f-056987bbb080,16/11/2016,Nov-16,11,2016,WOODHEAD,Minor Dam,955,37.12,944.7,98.92
670fc8de-dc4a-47dd-b738-a72bf52dae65,17/11/2016,Nov-16,11,2016,WOODHEAD,Minor Dam,955,37.12,944.7,98.92
b9b2126c-82f7-441e-8662-24838cb75124,18/11/2016,Nov-16,11,2016,WOODHEAD,Minor Dam,955,37.11,943.3,98.77
f7a129ad-3bf6-449a-b757-e7f4bd755bb0,19/11/2016,Nov-16,11,2016,WOODHEAD,Minor Dam,955,37.1,942,98.64
7f04bcd5-5e58-416a-a8b5-4c59ec778eeb,20/11/2016,Nov-16,11,2016,WOODHEAD,Minor Dam,955,37.09,940.7,98.5
788a6113-88f6-465c-ba1b-4d19e41f4797,21/11/2016,Nov-16,11,2016,WOODHEAD,Minor Dam,955,37.08,939.4,98.37
f6a001d0-94c0-46f1-a2dd-3130b26c8dfc,22/11/2016,Nov-16,11,2016,WOODHEAD,Minor Dam,955,37.07,938.1,98.23
155d90ec-2e8b-431f-ad58-1e43c916ed96,23/11/2016,Nov-16,11,2016,WOODHEAD,Minor Dam,955,37.07,938.1,98.23
783a3477-97cd-4418-b46f-897b1f74e7b8,24/11/2016,Nov-16,11,2016,WOODHEAD,Minor Dam,955,37.07,938.1,98.23
e77d49c8-3400-4163-86a0-3f267015915d,25/11/2016,Nov-16,11,2016,WOODHEAD,Minor Dam,955,37.07,938.1,98.23
1f7a8887-857e-4252-b6f4-4cfde5a2e57a,26/11/2016,Nov-16,11,2016,WOODHEAD,Minor Dam,955,37.07,938.1,98.23
1bdba5a9-d35e-4f75-938e-70cd91ba5ddc,27/11/2016,Nov-16,11,2016,WOODHEAD,Minor Dam,955,37.06,936.8,98.09
413648d4-4714-4d25-a6c8-a5adf1ac03b3,28/11/2016,Nov-16,11,2016,WOODHEAD,Minor Dam,955,37.05,935.5,97.96
0cde3146-2801-41f6-82e2-4fa766fb004e,29/11/2016,Nov-16,11,2016,WOODHEAD,Minor Dam,955,37.05,935.5,97.96
099b2cc4-f60d-41d2-8b56-9194cf334ab9,30/11/2016,Nov-16,11,2016,WOODHEAD,Minor Dam,955,37.05,935.5,97.96
d52a6f5e-25f1-4e7e-a63f-3abe3f34fc08,01/12/2016,Dec-16,12,2016,WOODHEAD,Minor Dam,955,37.05,935.5,97.96
fcfaa0e3-d644-4392-855a-3e4f2950bfbf,02/12/2016,Dec-16,12,2016,WOODHEAD,Minor Dam,955,37.05,935.5,97.96
36d87ecd-b209-4d73-9c84-8af1c6f8eeba,03/12/2016,Dec-16,12,2016,WOODHEAD,Minor Dam,955,37.05,935.5,97.96
db983574-cdbe-4257-afd2-3e7bf4bc2169,04/12/2016,Dec-16,12,2016,WOODHEAD,Minor Dam,955,37.03,932.8,97.68
c1945c52-f933-43f2-8149-1105e9b764ca,05/12/2016,Dec-16,12,2016,WOODHEAD,Minor Dam,955,37.05,935.5,97.96
f0ac9267-4251-4cd4-84da-6cb6dc8ea7e8,06/12/2016,Dec-16,12,2016,WOODHEAD,Minor Dam,955,37.05,935.5,97.96
22c79772-7ab4-40a2-b2b1-a527a3a2799b,07/12/2016,Dec-16,12,2016,WOODHEAD,Minor Dam,955,37.04,934.1,97.81
07eada3f-8594-42d1-8cfe-bad7068dcd7e,08/12/2016,Dec-16,12,2016,WOODHEAD,Minor Dam,955,37.04,934.1,97.81
64db6dc6-28c8-494b-99b8-3532e13b408d,09/12/2016,Dec-16,12,2016,WOODHEAD,Minor Dam,955,37.04,934.1,97.81
6304fd73-44ca-4ad3-8b58-dadb27c538f2,10/12/2016,Dec-16,12,2016,WOODHEAD,Minor Dam,955,37.24,960.6,100.59
e41ef45b-d1ea-4f4e-a45f-a95af6d7ecd8,11/12/2016,Dec-16,12,2016,WOODHEAD,Minor Dam,955,37.28,965.9,101.14
a5a84309-0e87-4b6f-b9e8-5f231d2d4683,12/12/2016,Dec-16,12,2016,WOODHEAD,Minor Dam,955,37.33,959.3,100.45
d2212be8-209e-4021-9bb8-8e6c7d56db65,13/12/2016,Dec-16,12,2016,WOODHEAD,Minor Dam,955,37.26,963.3,100.87
de4f7de6-781c-4e65-8116-c02d5a800bdb,14/12/2016,Dec-16,12,2016,WOODHEAD,Minor Dam,955,37.19,954,99.9
f137a5ed-66fa-4e28-a3b7-776a90de426c,15/12/2016,Dec-16,12,2016,WOODHEAD,Minor Dam,955,37.18,952.6,99.75
036bfd31-e131-4c0e-bc9b-c0d1881ff6d5,16/12/2016,Dec-16,12,2016,WOODHEAD,Minor Dam,955,37.17,951.3,99.61
39fcc56a-409c-494c-b355-2838f5aac21c,17/12/2016,Dec-16,12,2016,WOODHEAD,Minor Dam,955,37.16,950,99.48
d7cbe22a-b098-429b-9f04-2a6ed6dc7b37,18/12/2016,Dec-16,12,2016,WOODHEAD,Minor Dam,955,37.15,948.7,99.34
bf0aff50-9d14-445f-9775-348140b958a6,19/12/2016,Dec-16,12,2016,WOODHEAD,Minor Dam,955,37.14,947.3,99.19
de0c37a5-c72f-450d-b0ff-8388884089ad,20/12/2016,Dec-16,12,2016,WOODHEAD,Minor Dam,955,37.14,947.3,99.19
858ff72c-5007-4570-b659-5a20ac798d56,21/12/2016,Dec-16,12,2016,WOODHEAD,Minor Dam,955,37.14,947.3,99.19
6162b059-1213-43e6-aaa4-39faabbfc32b,22/12/2016,Dec-16,12,2016,WOODHEAD,Minor Dam,955,37.14,947.3,99.19
efe33cb0-1ba5-421f-bee6-18eb1048bbdc,23/12/2016,Dec-16,12,2016,WOODHEAD,Minor Dam,955,37.13,946,99.06
c74a90a4-8296-4e54-81d2-1c6fb18bda4d,24/12/2016,Dec-16,12,2016,WOODHEAD,Minor Dam,955,37.13,946,99.06
6007597b-cd86-4f07-94d7-da6f53dffa94,25/12/2016,Dec-16,12,2016,WOODHEAD,Minor Dam,955,37.11,943.3,98.77
583a82df-f86f-4194-a359-c7b55f0efe70,26/12/2016,Dec-16,12,2016,WOODHEAD,Minor Dam,955,37.12,944.7,98.92
9bce2cdc-1468-4d6b-9b07-56f3b9cbad01,27/12/2016,Dec-16,12,2016,WOODHEAD,Minor Dam,955,37.12,944.7,98.92
2e03a648-904b-4050-b932-07e369d2a6fc,28/12/2016,Dec-16,12,2016,WOODHEAD,Minor Dam,955,37.12,944.7,98.92
bced844e-c18d-425d-89ec-166847881c87,29/12/2016,Dec-16,12,2016,WOODHEAD,Minor Dam,955,37.12,944.7,98.92
dc11e937-710f-43b4-b70e-786337eb669d,30/12/2016,Dec-16,12,2016,WOODHEAD,Minor Dam,955,37.12,944.7,98.92
e44ca446-5bae-4df5-92d9-524898bd0e2e,31/12/2016,Dec-16,12,2016,WOODHEAD,Minor Dam,955,37.13,946,99.06
6b2dad67-8a6c-4ace-9a83-17e8ddf3ba2b,01/01/2017,Jan-17,1,2017,WOODHEAD,Minor Dam,955,37.13,946,99.06
e9e5015a-e89c-4a93-b811-d110cdf850b6,02/01/2017,Jan-17,1,2017,WOODHEAD,Minor Dam,955,37.13,946,99.06
386fddad-4f24-47b0-b948-6e61f023cb33,03/01/2017,Jan-17,1,2017,WOODHEAD,Minor Dam,955,37.12,944.7,98.92
9ce32bdc-1a4e-4fe8-b625-9df3224f382d,04/01/2017,Jan-17,1,2017,WOODHEAD,Minor Dam,955,37.12,944.7,98.92
01f852c9-4543-4c93-b72c-4a84e4017bbe,05/01/2017,Jan-17,1,2017,WOODHEAD,Minor Dam,955,37.11,943.3,98.77
fcf395e8-e28a-40af-af7c-28e6a250d800,06/01/2017,Jan-17,1,2017,WOODHEAD,Minor Dam,955,37.1,942,98.64
189cfb15-f114-464e-94f6-3b142c498da7,07/01/2017,Jan-17,1,2017,WOODHEAD,Minor Dam,955,37.1,942,98.64
b78771e4-a02d-4f4d-ba41-935f0bfe4e8d,08/01/2017,Jan-17,1,2017,WOODHEAD,Minor Dam,955,37.09,940.7,98.5
c96930d9-9a4f-4a5a-9960-b47c42e1b957,09/01/2017,Jan-17,1,2017,WOODHEAD,Minor Dam,955,37.09,940.7,98.5
dd254dab-04bf-40d7-be60-62ad265ef5d6,10/01/2017,Jan-17,1,2017,WOODHEAD,Minor Dam,955,37.08,939.4,98.37
2adb37fb-5878-462f-9421-ffe99504dc41,11/01/2017,Jan-17,1,2017,WOODHEAD,Minor Dam,955,37.07,938.1,98.23
e9737a8e-411f-4d37-b294-5c15c6bded7f,12/01/2017,Jan-17,1,2017,WOODHEAD,Minor Dam,955,37.06,936.8,98.09
1707921e-5613-45e0-a5af-675ee5b01245,13/01/2017,Jan-17,1,2017,WOODHEAD,Minor Dam,955,37.06,936.8,98.09
92217881-5831-4451-b3ae-31332e52b273,14/01/2017,Jan-17,1,2017,WOODHEAD,Minor Dam,955,37.05,935.5,97.96
fd9252df-7af3-4928-bc35-77bf1cde6339,15/01/2017,Jan-17,1,2017,WOODHEAD,Minor Dam,955,37.04,934.1,97.81
e1003b95-2c99-4cf0-8ab2-196847056aab,16/01/2017,Jan-17,1,2017,WOODHEAD,Minor Dam,955,37.04,934.1,97.81
386a12b3-5a3b-47e6-9fe1-f0cfbcc82b35,17/01/2017,Jan-17,1,2017,WOODHEAD,Minor Dam,955,37.03,932.8,97.68
32f3a21e-1a23-4709-969b-2cd8308fdc17,18/01/2017,Jan-17,1,2017,WOODHEAD,Minor Dam,955,37.02,931.5,97.54
cf8b4388-b2dd-476a-98dd-f34333c584a7,19/01/2017,Jan-17,1,2017,WOODHEAD,Minor Dam,955,37.02,931.5,97.54
c609603f-3a5b-455f-bc42-deecac754379,20/01/2017,Jan-17,1,2017,WOODHEAD,Minor Dam,955,37.02,931.5,97.54
8da56776-6e1f-4a02-8f08-992728f4df58,21/01/2017,Jan-17,1,2017,WOODHEAD,Minor Dam,955,37.02,931.5,97.54
89d7dc80-0be4-419f-8527-019850e46ab6,22/01/2017,Jan-17,1,2017,WOODHEAD,Minor Dam,955,37.02,931.5,97.54
5f81b1d2-ab79-4cb9-b44e-709cab13dd60,23/01/2017,Jan-17,1,2017,WOODHEAD,Minor Dam,955,37.02,931.5,97.54
9974d4a5-5f24-45e8-890c-f9c42b69b340,24/01/2017,Jan-17,1,2017,WOODHEAD,Minor Dam,955,37.02,931.5,97.54
161634d9-1915-4bd2-9d85-dd2816590e44,25/01/2017,Jan-17,1,2017,WOODHEAD,Minor Dam,955,37.02,931.5,97.54
03b42d39-cd20-400c-a1a6-48ec12068ddd,26/01/2017,Jan-17,1,2017,WOODHEAD,Minor Dam,955,37.02,931.5,97.54
c1affa45-f4d5-4d67-b45c-0099713b80d9,27/01/2017,Jan-17,1,2017,WOODHEAD,Minor Dam,955,37.02,931.5,97.54
ebbad099-c1a1-4a23-a31e-1ca1ccedf3a4,28/01/2017,Jan-17,1,2017,WOODHEAD,Minor Dam,955,37.04,934.1,97.81
18adfd83-15e4-4e0d-98fc-7f9288ef7c62,29/01/2017,Jan-17,1,2017,WOODHEAD,Minor Dam,955,37.11,943.3,98.77
ac6f4843-efb6-41b9-838d-ead18db92e26,30/01/2017,Jan-17,1,2017,WOODHEAD,Minor Dam,955,37.1,942,98.64
eecc9544-3787-46f8-aaaf-ad567c56346d,31/01/2017,Jan-17,1,2017,WOODHEAD,Minor Dam,955,37.11,943.3,98.77
bdf04375-56b2-46be-b47a-f57176677681,01/02/2017,Feb-17,2,2017,WOODHEAD,Minor Dam,955,37.11,943.3,98.77
b2c42a29-ff12-4418-9710-977f974e96f2,02/02/2017,Feb-17,2,2017,WOODHEAD,Minor Dam,955,37.1,942,98.64
662674b6-a4a8-42cd-a03c-ced95e6eda9c,03/02/2017,Feb-17,2,2017,WOODHEAD,Minor Dam,955,37.1,942,98.64
6a11ba86-97ae-40d7-abdd-ea5e2d776384,04/02/2017,Feb-17,2,2017,WOODHEAD,Minor Dam,955,37.4,955.3,100.03
bf0a356f-b1c5-4014-8e25-24713fe01d2c,05/02/2017,Feb-17,2,2017,WOODHEAD,Minor Dam,955,37.1,942,98.64
aa101e00-f347-4cdf-b508-57e5ccec7eb0,06/02/2017,Feb-17,2,2017,WOODHEAD,Minor Dam,955,37.1,942,98.64
470ce960-7496-4735-abc7-dbb5d9f1b54a,07/02/2017,Feb-17,2,2017,WOODHEAD,Minor Dam,955,37.09,940.7,98.5
20a163f4-63a7-4090-bc07-411549b8c388,08/02/2017,Feb-17,2,2017,WOODHEAD,Minor Dam,955,37.09,940.7,98.5
5739c433-59ce-4707-8d3e-d6e8f6e233f6,09/02/2017,Feb-17,2,2017,WOODHEAD,Minor Dam,955,37.09,940.7,98.5
6ce03d81-5454-4549-bbc8-3fe4a3222373,10/02/2017,Feb-17,2,2017,WOODHEAD,Minor Dam,955,37.08,939.4,98.37
81e3f98c-523b-4ed7-a5fc-960cba98b92d,11/02/2017,Feb-17,2,2017,WOODHEAD,Minor Dam,955,37.08,939.4,98.37
3e6bc8b2-2d85-448c-970a-8af7ce071df6,12/02/2017,Feb-17,2,2017,WOODHEAD,Minor Dam,955,37.06,936.8,98.09
c44f0ba9-29f5-460a-ba41-95a1eac45308,13/02/2017,Feb-17,2,2017,WOODHEAD,Minor Dam,955,37.06,936.8,98.09
b2a7b773-6a56-4e4e-a8ba-685a8804c966,14/02/2017,Feb-17,2,2017,WOODHEAD,Minor Dam,955,37.06,936.8,98.09
6d9e68dc-e7fc-457e-9b22-92f690efc5eb,15/02/2017,Feb-17,2,2017,WOODHEAD,Minor Dam,955,37.06,936.8,98.09
993ea896-5927-469c-af87-5eb7e14e3934,16/02/2017,Feb-17,2,2017,WOODHEAD,Minor Dam,955,37.06,936.8,98.09
5acce0c5-cf3b-4d77-a2b1-0677402cb2d7,17/02/2017,Feb-17,2,2017,WOODHEAD,Minor Dam,955,37.05,935.5,97.96
af3a0abc-4b7a-4780-93f3-1a3cf3c7afb9,18/02/2017,Feb-17,2,2017,WOODHEAD,Minor Dam,955,37.05,935.5,97.96
2812f180-2000-4a77-8c8d-3713e49a3565,19/02/2017,Feb-17,2,2017,WOODHEAD,Minor Dam,955,37.05,935.5,97.96
6f541ed6-1768-4108-91a9-f50b7578f911,20/02/2017,Feb-17,2,2017,WOODHEAD,Minor Dam,955,37.05,935.5,97.96
048e1923-6dd1-4814-a3b1-dfdc87a128d7,21/02/2017,Feb-17,2,2017,WOODHEAD,Minor Dam,955,37.05,935.5,97.96
6eb87dc5-4e33-45ac-a169-3611dbc3a517,22/02/2017,Feb-17,2,2017,WOODHEAD,Minor Dam,955,37.05,935.5,97.96
d262615d-d58e-4b93-8592-39f1abd60af0,23/02/2017,Feb-17,2,2017,WOODHEAD,Minor Dam,955,37.04,934.1,97.81
f1be12ba-86d6-417a-87d0-494c41724a43,24/02/2017,Feb-17,2,2017,WOODHEAD,Minor Dam,955,37.03,932.8,97.68
4adeb988-a1e9-4ee4-ad78-865b7e449d40,25/02/2017,Feb-17,2,2017,WOODHEAD,Minor Dam,955,37.03,932.8,97.68
89c1b9ce-902f-4145-82f5-2775df86998e,26/02/2017,Feb-17,2,2017,WOODHEAD,Minor Dam,955,37.02,931.5,97.54
f62ef4b0-1f5a-4201-9f2a-e18335fecebc,27/02/2017,Feb-17,2,2017,WOODHEAD,Minor Dam,955,37.02,931.5,97.54
7b5cdab9-bcd2-4f90-a55a-227f077e4169,28/02/2017,Feb-17,2,2017,WOODHEAD,Minor Dam,955,37.01,930.2,97.4
f243ddec-008c-46f7-8f0b-10f6c38e08f2,01/03/2017,Mar-17,3,2017,WOODHEAD,Minor Dam,955,37,928.9,97.27
6a0a2776-4779-497f-8d83-828489661533,02/03/2017,Mar-17,3,2017,WOODHEAD,Minor Dam,955,36.99,927.6,97.13
c55c595e-cea9-4d3d-b87d-9faf58d680a3,03/03/2017,Mar-17,3,2017,WOODHEAD,Minor Dam,955,36.98,926.2,96.98
baac4629-8029-42f8-a7e6-5791c5de072a,04/03/2017,Mar-17,3,2017,WOODHEAD,Minor Dam,955,36.98,926.2,96.98
28abcb82-f41e-46f7-8685-992bdb3f7cb7,05/03/2017,Mar-17,3,2017,WOODHEAD,Minor Dam,955,36.98,926.2,96.98
f8d3c223-1c9b-4083-8d8d-445dc770afb1,06/03/2017,Mar-17,3,2017,WOODHEAD,Minor Dam,955,36.07,818,85.65
db826600-b317-4e27-af6d-8140a3dc4b87,07/03/2017,Mar-17,3,2017,WOODHEAD,Minor Dam,955,36.96,923.5,96.7
8118cf01-9fc1-4545-b92e-fc7bbd989d06,08/03/2017,Mar-17,3,2017,WOODHEAD,Minor Dam,955,36.95,922.2,96.57
b66a99fe-aa59-49ad-9f3c-3907150999de,09/03/2017,Mar-17,3,2017,WOODHEAD,Minor Dam,955,36.94,920.8,96.42
fafef984-879a-4e00-9579-df50caac1cc0,10/03/2017,Mar-17,3,2017,WOODHEAD,Minor Dam,955,36.93,919.5,96.28
ea58ecbd-4778-4784-af29-9b29e566b2ed,11/03/2017,Mar-17,3,2017,WOODHEAD,Minor Dam,955,36.92,918.1,96.14
b91e2a6f-4997-4ada-8ab2-74f24af83521,12/03/2017,Mar-17,3,2017,WOODHEAD,Minor Dam,955,36.92,918.1,96.14
a61e7e69-b3cf-483f-a137-d6b6d61d66c7,13/03/2017,Mar-17,3,2017,WOODHEAD,Minor Dam,955,36.92,918.1,96.14
8e5df744-c568-4512-8167-2c5f8450cbfb,14/03/2017,Mar-17,3,2017,WOODHEAD,Minor Dam,955,36.91,916.8,96
5fd54e8a-bd77-41f3-bcfe-c08b82f378e2,15/03/2017,Mar-17,3,2017,WOODHEAD,Minor Dam,955,36.9,915.4,95.85
5194e93d-9b1e-4702-bdd2-b77326099dc0,16/03/2017,Mar-17,3,2017,WOODHEAD,Minor Dam,955,36.91,916.8,96
20d269e9-f036-4cd7-ac52-f3d0c3f631a6,17/03/2017,Mar-17,3,2017,WOODHEAD,Minor Dam,955,36.92,918.1,96.14
04e1d52f-b9d0-4fd7-9eb4-88db152100f9,18/03/2017,Mar-17,3,2017,WOODHEAD,Minor Dam,955,36.94,920.8,96.42
f38379c3-0094-443c-8b9a-eb1dfd1c50ab,19/03/2017,Mar-17,3,2017,WOODHEAD,Minor Dam,955,36.96,923.5,96.7
4ba980c1-657e-46ae-8b97-38259ad82b9b,20/03/2017,Mar-17,3,2017,WOODHEAD,Minor Dam,955,36.94,920.8,96.42
1efbe276-c32c-468d-971f-d2e095ebee46,21/03/2017,Mar-17,3,2017,WOODHEAD,Minor Dam,955,36.93,919.5,96.28
14a3f5ca-af9c-420a-b9b9-25903b5bae71,22/03/2017,Mar-17,3,2017,WOODHEAD,Minor Dam,955,36.92,918.1,96.14
22e077a9-43a0-4bbe-8a3a-6f4369a6c166,23/03/2017,Mar-17,3,2017,WOODHEAD,Minor Dam,955,36.91,916.8,96
febc0623-aefc-4dad-9f09-16b3cae3e84d,24/03/2017,Mar-17,3,2017,WOODHEAD,Minor Dam,955,36.91,916.8,96
9c48e04e-f2b9-439a-b210-219f1355ce8d,25/03/2017,Mar-17,3,2017,WOODHEAD,Minor Dam,955,36.92,918.1,96.14
fd67c773-03cc-4925-9e1b-ee2c2d20b715,26/03/2017,Mar-17,3,2017,WOODHEAD,Minor Dam,955,36.92,918.1,96.14
a58023c1-ba3b-499e-becd-6ce9bf766d3a,27/03/2017,Mar-17,3,2017,WOODHEAD,Minor Dam,955,36.91,916.8,96
155aea93-3d95-4db2-b44a-65b00d2cbf15,28/03/2017,Mar-17,3,2017,WOODHEAD,Minor Dam,955,36.91,916.8,96
3077fb51-f994-42a1-91cb-65b92990e6d3,29/03/2017,Mar-17,3,2017,WOODHEAD,Minor Dam,955,36.91,916.8,96
f7322d58-707a-4d1e-87b6-a8e6ff10ad32,30/03/2017,Mar-17,3,2017,WOODHEAD,Minor Dam,955,36.91,916.8,96
cdb3f015-8ae6-41a9-bf33-79d1ef08dad8,31/03/2017,Mar-17,3,2017,WOODHEAD,Minor Dam,955,36.89,914.2,95.73
e81b8a6d-d006-4c16-96f3-32bbb98954b8,01/04/2017,Apr-17,4,2017,WOODHEAD,Minor Dam,955,36.89,914.2,95.73
e0b318c9-95b8-406a-ad7f-d1d271dfa12f,02/04/2017,Apr-17,4,2017,WOODHEAD,Minor Dam,955,36.92,918.1,96.14
90a7b1cb-0f61-4d78-ad25-62545189aa34,03/04/2017,Apr-17,4,2017,WOODHEAD,Minor Dam,955,36.89,914.2,95.73
1ad2f184-db61-4159-89ae-75ef5e5c914f,04/04/2017,Apr-17,4,2017,WOODHEAD,Minor Dam,955,36.89,914.2,95.73
84fea679-372d-4cd8-8fb1-a1d227e9823a,05/04/2017,Apr-17,4,2017,WOODHEAD,Minor Dam,955,36.8,902.9,94.54
9b22d0dc-03d6-46d5-bc41-be9291588aaa,06/04/2017,Apr-17,4,2017,WOODHEAD,Minor Dam,955,36.8,902.9,94.54
33437bb5-af70-4965-a3fc-8420bf52d107,07/04/2017,Apr-17,4,2017,WOODHEAD,Minor Dam,955,36.7,890.6,93.26
519aac64-7a0d-4263-a5a6-fd7a7cded44e,08/04/2017,Apr-17,4,2017,WOODHEAD,Minor Dam,955,36.47,863.1,90.38
681b689f-5d17-4ab6-9ef4-4ef1bd8bfd8b,09/04/2017,Apr-17,4,2017,WOODHEAD,Minor Dam,955,36.3,843.5,88.32
3a8d8b44-8826-47cf-8f44-0ade04611526,10/04/2017,Apr-17,4,2017,WOODHEAD,Minor Dam,955,36.14,825.7,86.46
f973c278-5a5f-4453-949d-4a81b717244c,11/04/2017,Apr-17,4,2017,WOODHEAD,Minor Dam,955,35.98,808.4,84.65
8c22676c-4efc-477d-bc73-281c854e7333,12/04/2017,Apr-17,4,2017,WOODHEAD,Minor Dam,955,35.85,795.1,83.26
c8dc0d30-f4a4-4c05-8f88-3eb12e5f8db7,13/04/2017,Apr-17,4,2017,WOODHEAD,Minor Dam,955,35.66,776.5,81.31
60c22cb4-e83f-4aa3-9326-bcabb1d145b2,14/04/2017,Apr-17,4,2017,WOODHEAD,Minor Dam,955,35.53,763.5,79.95
e3e3e4c0-59a8-4cb9-abb3-c328407715bf,15/04/2017,Apr-17,4,2017,WOODHEAD,Minor Dam,955,35.33,745.4,78.05
5e1af5ea-e065-40d0-b407-e2f31b88ac95,16/04/2017,Apr-17,4,2017,WOODHEAD,Minor Dam,955,35.15,730.2,76.46
19c280af-46eb-4030-a305-081ea838aca0,17/04/2017,Apr-17,4,2017,WOODHEAD,Minor Dam,955,35.02,719.6,75.35
12366761-b162-42f0-ad76-7586ddc47bfa,18/04/2017,Apr-17,4,2017,WOODHEAD,Minor Dam,955,34.9,709.9,74.34
9a9d1039-4405-4b4c-96e2-192bcce3ef7c,19/04/2017,Apr-17,4,2017,WOODHEAD,Minor Dam,955,34.7,693.8,72.65
c0c9a84f-d08e-4bd6-ae39-3039c86360a9,20/04/2017,Apr-17,4,2017,WOODHEAD,Minor Dam,955,34.69,693,72.57
f012eb54-0e9a-4779-bb65-668d0efbbbbb,21/04/2017,Apr-17,4,2017,WOODHEAD,Minor Dam,955,34.68,692.3,72.49
46b6ab2e-4137-404e-bf4f-9c779e414c4d,22/04/2017,Apr-17,4,2017,WOODHEAD,Minor Dam,955,34.68,692.3,72.49
76d1d4af-6733-4549-ba3b-ccb6180bcba6,23/04/2017,Apr-17,4,2017,WOODHEAD,Minor Dam,955,34.68,692.3,72.49
3330bb69-e5c3-44ab-ad74-9c683ab19c24,24/04/2017,Apr-17,4,2017,WOODHEAD,Minor Dam,955,34.68,692.3,72.49
33ee16ff-df11-4fe2-a3c7-4033281fd3f3,25/04/2017,Apr-17,4,2017,WOODHEAD,Minor Dam,955,34.67,691.5,72.41
c2769f22-2347-4feb-88e9-e021e84b19c9,26/04/2017,Apr-17,4,2017,WOODHEAD,Minor Dam,955,34.66,690.8,72.34
656030da-2cdd-4073-9649-dd1b3bfb1de9,27/04/2017,Apr-17,4,2017,WOODHEAD,Minor Dam,955,34.65,690,72.25
7d53f2dd-d868-4aae-8630-8c57a7326885,28/04/2017,Apr-17,4,2017,WOODHEAD,Minor Dam,955,34.68,692.3,72.49
04ff49ec-307a-4590-8e7c-415011c5990e,29/04/2017,Apr-17,4,2017,WOODHEAD,Minor Dam,955,34.67,691.5,72.41
ffa05c2a-f934-4752-b533-1073fa37bf04,30/04/2017,Apr-17,4,2017,WOODHEAD,Minor Dam,955,34.67,691.5,72.41
974c44dd-2bee-48c2-8a63-c67b3a7d0b71,01/05/2017,May-17,5,2017,WOODHEAD,Minor Dam,955,34.67,691.5,72.41
503de1b3-5f9b-49c6-bb0f-43c4cd989c62,02/05/2017,May-17,5,2017,WOODHEAD,Minor Dam,955,34.67,691.5,72.41
2f69516d-a541-4baa-a00c-6856efd0bff3,03/05/2017,May-17,5,2017,WOODHEAD,Minor Dam,955,34.7,693.8,72.65
0fd03ac6-babd-45d5-b6f5-b4663a5961b6,04/05/2017,May-17,5,2017,WOODHEAD,Minor Dam,955,34.68,692.3,72.49
7467259c-1f79-425f-92aa-56b58c17bba2,05/05/2017,May-17,5,2017,WOODHEAD,Minor Dam,955,34.68,692.3,72.49
613d528b-c01d-4c39-a5df-070c0faae1e6,06/05/2017,May-17,5,2017,WOODHEAD,Minor Dam,955,34.67,691.5,72.41
41eb5e39-5883-4159-8d88-033b1009c2a0,07/05/2017,May-17,5,2017,WOODHEAD,Minor Dam,955,34.66,690.8,72.34
5ba46c9f-e3ec-445f-9cf6-73aba5381014,08/08/2017,Aug-17,8,2017,WOODHEAD,Minor Dam,955,34.65,690,72.25
ff4d3f92-0f5a-45bd-a69f-8e82eb4d2765,09/05/2017,May-17,5,2017,WOODHEAD,Minor Dam,955,34.65,690,72.25
f647a0e3-8b86-4872-80be-d3662e35062d,10/05/2017,May-17,5,2017,WOODHEAD,Minor Dam,955,34.65,690,72.25
648c1148-e04b-4383-a5d6-e57e0fd8466f,11/05/2017,May-17,5,2017,WOODHEAD,Minor Dam,955,34.65,690,72.25
3c97fcfb-58f6-49d6-8539-ef04b61f98bf,12/05/2017,May-17,5,2017,WOODHEAD,Minor Dam,955,34.66,690.8,72.34
da6cccc2-e978-41e5-8692-b65df55e778d,13/05/2017,May-17,5,2017,WOODHEAD,Minor Dam,955,34.67,691.5,72.41
9203c3e4-1811-4eed-9bb9-0d2061e5e30f,14/05/2017,May-17,5,2017,WOODHEAD,Minor Dam,955,34.67,691.5,72.41
2d834eb4-4eb3-4596-b33b-2da2b11bb6cf,15/05/2017,May-17,5,2017,WOODHEAD,Minor Dam,955,34.67,691.5,72.41
fc3e171c-c8c0-4c58-9027-d555767947e9,16/05/2017,May-17,5,2017,WOODHEAD,Minor Dam,955,34.67,691.5,72.41
20c2b7e8-e3a8-4b48-9b31-cd1493f9356d,17/05/2017,May-17,5,2017,WOODHEAD,Minor Dam,955,34.66,690.8,72.34
9e42e9b5-6290-4bb3-ba59-afc2bcdf9f92,18/05/2017,May-17,5,2017,WOODHEAD,Minor Dam,955,34.65,690,72.25
5f9b8ef4-c16f-408c-873a-67b537631e6c,19/05/2017,May-17,5,2017,WOODHEAD,Minor Dam,955,34.65,690,72.25
d24aa282-345e-4686-825a-302a768f5cb6,20/05/2017,May-17,5,2017,WOODHEAD,Minor Dam,955,34.65,690,72.25
f46d8db4-7462-4c05-9f1a-eaabf4733ad0,21/05/2017,May-17,5,2017,WOODHEAD,Minor Dam,955,34.65,690,72.25
e5fcc635-e534-4c20-8558-4453b1471ec7,22/05/2017,May-17,5,2017,WOODHEAD,Minor Dam,955,34.65,690,72.25
a6984810-523d-4352-8e33-53af8fe7e573,23/05/2017,May-17,5,2017,WOODHEAD,Minor Dam,955,34.64,689.2,72.17
bc6c44f8-ad45-4da8-9273-1ee3d2f602bd,24/05/2017,May-17,5,2017,WOODHEAD,Minor Dam,955,34.63,688.5,72.09
7e3e666e-bc2d-4fde-8aad-f02c24761fb7,25/05/2017,May-17,5,2017,WOODHEAD,Minor Dam,955,34.63,688.5,72.09
d1ab4356-a22a-447a-bd34-f49b7b5e2c6f,26/05/2017,May-17,5,2017,WOODHEAD,Minor Dam,955,34.63,688.5,72.09
d2e87821-288f-4191-a1c7-96fe75da0aa3,27/05/2017,May-17,5,2017,WOODHEAD,Minor Dam,955,34.65,690,72.25
c1675ad7-04fe-4b1f-8950-c7a017f4235d,28/05/2017,May-17,5,2017,WOODHEAD,Minor Dam,955,34.65,690,72.25
bad95749-ece8-48ef-bd93-5939c95b6b03,29/05/2017,May-17,5,2017,WOODHEAD,Minor Dam,955,34.66,690.8,72.34
0d54273f-29cb-420c-bf03-cc8179e2707e,30/05/2017,May-17,5,2017,WOODHEAD,Minor Dam,955,34.64,689.2,72.17
ae9bd41f-b684-44ab-a373-51f3945e583f,31/05/2017,May-17,5,2017,WOODHEAD,Minor Dam,955,34.63,688.5,72.09
895a8031-09fe-4848-aec6-c238b3e99395,01/06/2017,Jun-17,6,2017,WOODHEAD,Minor Dam,955,34.62,687.7,72.01
2277b72a-44a9-4a6b-aaad-3b05ae2746fb,02/06/2017,Jun-17,6,2017,WOODHEAD,Minor Dam,955,34.62,687.7,72.01
3bdede82-a4a7-4572-bf22-ec61be12b9d3,03/06/2017,Jun-17,6,2017,WOODHEAD,Minor Dam,955,34.62,687.7,72.01
47261630-c75a-410c-a0cd-b080343c09d6,04/06/2017,Jun-17,6,2017,WOODHEAD,Minor Dam,955,34.6,686.2,71.85
10f399d6-9b74-4504-8dfd-c9a5074b890c,05/06/2017,Jun-17,6,2017,WOODHEAD,Minor Dam,955,34.63,688.5,72.09
3c8be48c-6f3f-48a8-8ec1-7813cb7de337,06/06/2017,Jun-17,6,2017,WOODHEAD,Minor Dam,955,34.62,687.7,72.01
17665f35-5e36-450a-819f-980637326ffe,07/06/2017,Jun-17,6,2017,WOODHEAD,Minor Dam,955,34.61,687,71.94
0291a643-4ca6-439f-8c82-650d38ee643d,08/06/2017,Jun-17,6,2017,WOODHEAD,Minor Dam,955,34.44,673.7,70.54
2723f5ad-3701-45f5-8990-d14d3c5a87d2,09/06/2017,Jun-17,6,2017,WOODHEAD,Minor Dam,955,34.49,677.7,70.96
554b482b-733b-4029-9d28-7c1e7f8375d0,10/06/2017,Jun-17,6,2017,WOODHEAD,Minor Dam,955,34.64,689.2,72.17
113958a2-aed4-479a-9745-d1aaa09c9eb0,11/06/2017,Jun-17,6,2017,WOODHEAD,Minor Dam,955,34.66,690.8,72.34
09f9474f-2e77-4584-b8c2-7e0c660b960e,12/06/2017,Jun-17,6,2017,WOODHEAD,Minor Dam,955,34.94,713.1,74.67
5bc9ad09-d369-4158-ad93-20dde1b33a99,13/06/2017,Jun-17,6,2017,WOODHEAD,Minor Dam,955,35.23,736.9,77.16
9315d7aa-3462-42a1-a94f-6c7f2ef714fc,14/06/2017,Jun-17,6,2017,WOODHEAD,Minor Dam,955,36.42,857.2,89.76
fe6f165b-7a4f-488c-8c4a-ded59b22441e,15/06/2017,Jun-17,6,2017,WOODHEAD,Minor Dam,955,37.27,964.6,101.01
1d363caa-bad5-484f-93cb-e01e1a33e659,16/06/2017,Jun-17,6,2017,WOODHEAD,Minor Dam,955,37.28,965.9,101.14
b729d668-6970-4e21-80fc-392ae7798050,17/06/2017,Jun-17,6,2017,WOODHEAD,Minor Dam,955,37.27,964.6,101.01
0e6d0712-1aef-41b2-b792-73854dbb9994,18/06/2017,Jun-17,6,2017,WOODHEAD,Minor Dam,955,37.25,962,100.73
967089b4-0cdc-4383-8a81-5e07b209c7fd,19/06/2017,Jun-17,6,2017,WOODHEAD,Minor Dam,955,37.26,963.3,100.87
1748c359-a763-48c4-b535-faa6e8fc5113,20/06/2017,Jun-17,6,2017,WOODHEAD,Minor Dam,955,37.2,955.3,100.03
9fce1753-ba8c-4699-86d8-05d6c542337d,21/06/2017,Jun-17,6,2017,WOODHEAD,Minor Dam,955,37.3,955.3,100.03
d30c0c28-c616-4b21-8979-426a21295291,22/06/2017,Jun-17,6,2017,WOODHEAD,Minor Dam,955,37.26,963.3,100.87
8e969b15-aab0-4327-a610-dd4997fe5be5,23/06/2017,Jun-17,6,2017,WOODHEAD,Minor Dam,955,37.34,960.6,100.59
8eb68e7b-1468-4af2-825b-f6c707c77ee2,24/06/2017,Jun-17,6,2017,WOODHEAD,Minor Dam,955,37.28,965.9,101.14
c2595c29-8bfe-4177-a51d-75543186c3bb,25/06/2017,Jun-17,6,2017,WOODHEAD,Minor Dam,955,37.22,958,100.31
2e008300-5216-49bd-b01c-4382075c4c2b,26/06/2017,Jun-17,6,2017,WOODHEAD,Minor Dam,955,37.16,950,99.48
46cad4f4-a3a8-4970-a92d-5c7ea278773f,27/06/2017,Jun-17,6,2017,WOODHEAD,Minor Dam,955,37.06,936.8,98.09
f70a7441-818d-4d7b-90b5-b648c02842a2,28/06/2017,Jun-17,6,2017,WOODHEAD,Minor Dam,955,36.85,909.2,95.2
8a7a2e10-8151-46c1-b1c7-80f9f6341163,29/06/2017,Jun-17,6,2017,WOODHEAD,Minor Dam,955,36.71,891.8,93.38
cc3dd42f-17bc-4da9-b04a-f8c40715f44e,30/06/2017,Jun-17,6,2017,WOODHEAD,Minor Dam,955,36.7,890.6,93.26
0b8544d7-1e69-4e10-8049-03576cc9fab3,01/07/2017,Jul-17,7,2017,WOODHEAD,Minor Dam,955,36.43,858.4,89.88
2fc14bde-de8e-4819-a891-926c5c0e75dc,02/07/2017,Jul-17,7,2017,WOODHEAD,Minor Dam,955,36.66,885.7,92.74
c03ae800-1d0a-483e-8c32-b87e68fc8409,03/07/2017,Jul-17,7,2017,WOODHEAD,Minor Dam,955,36.49,865.5,90.63
043c3045-0650-4cd4-85c1-347bf1adf7a9,04/07/2017,Jul-17,7,2017,WOODHEAD,Minor Dam,955,36.44,859.6,90.01
98ab38ae-6788-4576-b029-ba77cb00520e,05/07/2017,Jul-17,7,2017,WOODHEAD,Minor Dam,955,36.34,848,88.8
f023a35c-024c-44a6-8978-47388d6b1f4a,06/07/2017,Jul-17,7,2017,WOODHEAD,Minor Dam,955,36.09,820.1,85.87
d8edc81b-eb7f-415d-9a03-d053b7bde436,07/07/2017,Jul-17,7,2017,WOODHEAD,Minor Dam,955,36.13,824.6,86.35
33b63f2a-081e-48d8-bc2c-af2ab8a143c3,08/07/2017,Jul-17,7,2017,WOODHEAD,Minor Dam,955,36.13,824.6,86.35
41ada9ba-e752-4827-9233-22e301bb00f6,09/07/2017,Jul-17,7,2017,WOODHEAD,Minor Dam,955,36.07,818,85.65
23d24c47-0701-4f6c-86e3-fbd6c4997650,10/07/2017,Jul-17,7,2017,WOODHEAD,Minor Dam,955,35.9,800.2,83.79
e3d88f26-7dde-4835-af19-d4f3f4830842,11/07/2017,Jul-17,7,2017,WOODHEAD,Minor Dam,955,35.93,803.3,84.12
4c8085dd-b466-4d8a-a0d1-471ea475ea2c,12/07/2017,Jul-17,7,2017,WOODHEAD,Minor Dam,955,35.97,807.3,84.53
563c85bd-3469-46f6-b8f5-33a110851e9b,13/07/2017,Jul-17,7,2017,WOODHEAD,Minor Dam,955,36,810.4,84.86
8b73714c-39c0-4361-aaab-e5a9c956bb86,14/07/2017,Jul-17,7,2017,WOODHEAD,Minor Dam,955,35.95,805.3,84.32
308e44bd-aba5-457f-993c-d1a33e0b547a,15/07/2017,Jul-17,7,2017,WOODHEAD,Minor Dam,955,35.87,797.1,83.47
5c5ecfa5-d573-4470-af75-782235bc647e,16/07/2017,Jul-17,7,2017,WOODHEAD,Minor Dam,955,35.81,790.9,82.82
f53b9f56-1346-46e2-a0c7-0990bc0bd13f,17/07/2017,Jul-17,7,2017,WOODHEAD,Minor Dam,955,36.38,852.5,89.27
51372c73-255c-4fb7-a8a4-d4084b5fd236,18/07/2017,Jul-17,7,2017,WOODHEAD,Minor Dam,955,36.6,878.3,91.97
364eef2d-029c-449d-8564-ebe1be6acc35,19/07/2017,Jul-17,7,2017,WOODHEAD,Minor Dam,955,36.61,879.5,92.09
fb849a91-83e7-4b3f-85d8-03b000f47637,20/07/2017,Jul-17,7,2017,WOODHEAD,Minor Dam,955,36.63,882,92.36
9a1ac334-02f2-49e8-95d6-56bf3d894ccf,21/07/2017,Jul-17,7,2017,WOODHEAD,Minor Dam,955,36.78,900.4,94.28
2a1a8eef-aa10-4530-9a74-980d59f7fa50,22/07/2017,Jul-17,7,2017,WOODHEAD,Minor Dam,955,37.12,944.7,98.92
c29612f2-f43f-48bd-8476-a906484ae4cb,23/07/2017,Jul-17,7,2017,WOODHEAD,Minor Dam,955,37.23,959.3,100.45
a22ccb1c-761c-4da9-a508-d100a6907424,24/07/2017,Jul-17,7,2017,WOODHEAD,Minor Dam,955,37.2,955.3,100.03
e9791c22-ba40-46e7-98ca-011cd640e935,25/07/2017,Jul-17,7,2017,WOODHEAD,Minor Dam,955,37.19,954,99.9
001117d9-72d4-405e-bcef-86ef13dbe513,26/07/2017,Jul-17,7,2017,WOODHEAD,Minor Dam,955,37.15,948.7,99.34
ef9fb07a-7cad-44b5-834e-ae1c568f9716,27/07/2017,Jul-17,7,2017,WOODHEAD,Minor Dam,955,37.2,955.3,100.03
74fb9907-97bf-48d6-88e5-4da24b978d78,28/07/2017,Jul-17,7,2017,WOODHEAD,Minor Dam,955,37.17,951.3,99.61
187d2688-cda1-4e83-97a8-e579530bc9a5,29/07/2017,Jul-17,7,2017,WOODHEAD,Minor Dam,955,37.13,946,99.06
87400436-beeb-45fd-8b07-e2628235e9b9,30/07/2017,Jul-17,7,2017,WOODHEAD,Minor Dam,955,37.07,938.1,98.23
3fab066c-74aa-46a1-ae0b-1d27e8599ded,31/07/2017,Jul-17,7,2017,WOODHEAD,Minor Dam,955,36.98,926.2,96.98
7849ceaa-e8d0-449e-a769-4fdac21bfe75,01/08/2017,Aug-17,8,2017,WOODHEAD,Minor Dam,955,36.86,910.4,95.33
1ea3467b-e50e-49cd-9e0b-4da276bf8ccc,02/08/2017,Aug-17,8,2017,WOODHEAD,Minor Dam,955,36.82,905.4,94.81
a7422ccf-c933-4f82-a6ab-7b267148ce4a,03/08/2017,Aug-17,8,2017,WOODHEAD,Minor Dam,955,37.26,963.3,100.87
339c1a45-fddd-432e-856a-9ab4b03ba6e3,04/08/2017,Aug-17,8,2017,WOODHEAD,Minor Dam,955,37.27,964.6,101.01
2045f9c0-8279-4322-b94e-78aefd573d03,05/08/2017,Aug-17,8,2017,WOODHEAD,Minor Dam,955,37.23,959.3,100.45
ee3d9670-75f9-4cd3-9e87-f2a5a395b993,06/08/2017,Aug-17,8,2017,WOODHEAD,Minor Dam,955,37.12,944.7,98.92
1c27ea6a-f646-4f5f-8137-35fe1af44924,07/08/2017,Aug-17,8,2017,WOODHEAD,Minor Dam,955,37.1,942,98.64
672ee1fc-f7dd-4707-a597-9c78ec652886,08/08/2017,Aug-17,8,2017,WOODHEAD,Minor Dam,955,37.03,932.8,97.68
ffedc5e5-d14b-44f1-b86d-b72db9280152,09/08/2017,Aug-17,8,2017,WOODHEAD,Minor Dam,955,36.99,927.6,97.13
7befe97a-850f-4322-a4cb-3047fb31ca41,10/08/2017,Aug-17,8,2017,WOODHEAD,Minor Dam,955,36.99,927.6,97.13
74d48136-509a-4b8d-b823-bd21c0e6bb4c,11/08/2017,Aug-17,8,2017,WOODHEAD,Minor Dam,955,36.9,915.4,95.85
83141664-c688-4816-b0b5-8be3def1de8f,12/08/2017,Aug-17,8,2017,WOODHEAD,Minor Dam,955,36.91,916.8,96
900e53ba-3035-4891-b88b-d161591488a0,13/08/2017,Aug-17,8,2017,WOODHEAD,Minor Dam,955,37.17,951.3,99.61
d4c1a127-163c-4075-a1a1-f537beb4ed7b,14/08/2017,Aug-17,8,2017,WOODHEAD,Minor Dam,955,37.19,954,99.9
bf5ca8ed-5f09-47c2-8ebb-bbc392a70f4f,15/08/2017,Aug-17,8,2017,WOODHEAD,Minor Dam,955,37.19,954,99.9
9c3e52da-d711-4099-a720-1c85b45089f7,16/08/2017,Aug-17,8,2017,WOODHEAD,Minor Dam,955,37.24,960.6,100.59
d9ff2abc-2f93-4c43-86f6-c5d0f498b796,17/08/2017,Aug-17,8,2017,WOODHEAD,Minor Dam,955,37.3,955.3,100.03
e006eb69-c787-4b76-8a01-d89afe30065a,18/08/2017,Aug-17,8,2017,WOODHEAD,Minor Dam,955,37.27,964.6,101.01
bdbb6d75-db84-49a6-9307-780f09486ee0,19/08/2017,Aug-17,8,2017,WOODHEAD,Minor Dam,955,37.24,960.6,100.59
1d513280-7609-4e11-bc45-901afb41db77,20/08/2017,Aug-17,8,2017,WOODHEAD,Minor Dam,955,37.21,956.6,100.17
9c897a0d-0ee6-4c36-b5d8-b6fbaf88c8a3,21/08/2017,Aug-17,8,2017,WOODHEAD,Minor Dam,955,37.2,955.3,100.03
f05396ec-1563-4e6a-bf8f-4cac790f9ae9,22/08/2017,Aug-17,8,2017,WOODHEAD,Minor Dam,955,37.12,944.7,98.92
07ac6a8b-d8e2-4cd1-9168-76a8b1b4bd7e,23/08/2017,Aug-17,8,2017,WOODHEAD,Minor Dam,955,37.06,936.8,98.09
84fa2e2a-d093-48b2-94b8-e916bcf8a9f2,24/08/2017,Aug-17,8,2017,WOODHEAD,Minor Dam,955,37,928.9,97.27
b0fdd435-3485-4989-a3df-95173397bc47,25/08/2017,Aug-17,8,2017,WOODHEAD,Minor Dam,955,37.22,958,100.31
9e3f37ca-ada6-411b-a953-a3860719bf58,26/08/2017,Aug-17,8,2017,WOODHEAD,Minor Dam,955,37.21,956.6,100.17
f182cff5-5bb2-4281-b13d-ec15dc443253,27/08/2017,Aug-17,8,2017,WOODHEAD,Minor Dam,955,37.18,952.6,99.75
468b1f8b-77f7-401f-9b42-3eecb4394cae,28/08/2017,Aug-17,8,2017,WOODHEAD,Minor Dam,955,37.11,943.3,98.77
34dc3e2f-6e94-44aa-b6b6-0d458c5309e5,29/08/2017,Aug-17,8,2017,WOODHEAD,Minor Dam,955,37.04,934.1,97.81
44fbe1c5-ad8c-46e4-b59a-7ddddb383729,30/08/2017,Aug-17,8,2017,WOODHEAD,Minor Dam,955,36.96,923.5,96.7
1de90af5-1f86-4caf-821d-5f67d92a63b4,31/08/2017,Aug-17,8,2017,WOODHEAD,Minor Dam,955,36.9,915.4,95.85
82ee4507-f7d9-4fe5-8a3d-40950bedae66,01/09/2017,Sep-17,9,2017,WOODHEAD,Minor Dam,955,37,928.9,97.27
02272b16-021f-4818-8aed-28f3ee69199c,02/09/2017,Sep-17,9,2017,WOODHEAD,Minor Dam,955,37.11,943.3,98.77
0b6c8280-8c24-4a5d-8edc-83f68a083a68,03/09/2017,Sep-17,9,2017,WOODHEAD,Minor Dam,955,36.99,927.6,97.13
9a00478e-b72f-409d-ae33-77a5361eab1e,04/09/2017,Sep-17,9,2017,WOODHEAD,Minor Dam,955,36.84,907.9,95.07
49b08d43-1d84-4a8a-ad03-faa1a1259aae,05/09/2017,Sep-17,9,2017,WOODHEAD,Minor Dam,955,36.77,899.2,94.16
1ea31bad-e5a2-4351-8e49-bfdb15b9bb50,06/09/2017,Sep-17,9,2017,WOODHEAD,Minor Dam,955,36.73,894.3,93.64
727fa517-3c08-4a59-a792-a525182dcab9,07/09/2017,Sep-17,9,2017,WOODHEAD,Minor Dam,955,36.78,900.4,94.28
1dfde735-f891-40eb-8da3-bdd7b79ae736,08/09/2017,Sep-17,9,2017,WOODHEAD,Minor Dam,955,36.83,906.7,94.94
cfcb33b5-277c-447a-a754-b4b7869c213f,09/09/2017,Sep-17,9,2017,WOODHEAD,Minor Dam,955,37.34,960.6,100.59
765db631-9b76-4a29-af45-d7b406f8d587,10/09/2017,Sep-17,9,2017,WOODHEAD,Minor Dam,955,37.34,960.6,100.59
0976ff0f-2909-4cce-8888-0d1f42ac7e87,11/09/2017,Sep-17,9,2017,WOODHEAD,Minor Dam,955,37.19,954,99.9
71063e21-8ba7-4bf7-b8f6-77c03e2a0703,12/09/2017,Sep-17,9,2017,WOODHEAD,Minor Dam,955,37.15,948.7,99.34
16c19cfd-d3e6-4884-98dd-4c4a0289ab8e,13/09/2017,Sep-17,9,2017,WOODHEAD,Minor Dam,955,37.07,938.1,98.23
5fd64a29-00b9-4066-8a69-ac15129ff6e8,14/09/2017,Sep-17,9,2017,WOODHEAD,Minor Dam,955,36.98,926.2,96.98
6c52e4ee-28b2-44ae-b9d9-e421554e6eeb,15/09/2017,Sep-17,9,2017,WOODHEAD,Minor Dam,955,36.9,915.4,95.85
ae990cc0-0b45-4146-bfaa-ee3f59b45daf,16/09/2017,Sep-17,9,2017,WOODHEAD,Minor Dam,955,36.82,905.4,94.81
0d52b330-5bac-4939-9f4e-3bec8f7a9d0f,17/09/2017,Sep-17,9,2017,WOODHEAD,Minor Dam,955,36.78,900.4,94.28
5b9ef391-d773-4377-b016-79f365c8306c,18/09/2017,Sep-17,9,2017,WOODHEAD,Minor Dam,955,36.68,888.1,92.99
cc13172d-1c5f-4582-9277-f8b46239bd3d,19/09/2017,Sep-17,9,2017,WOODHEAD,Minor Dam,955,36.58,876,91.73
d91f9f6e-5d14-4cd1-920f-f8993ac1c22c,20/09/2017,Sep-17,9,2017,WOODHEAD,Minor Dam,955,36.48,864.3,90.5
1ba6f494-3108-4ab6-a966-9eb5894ce814,21/09/2017,Sep-17,9,2017,WOODHEAD,Minor Dam,955,36.4,854.8,89.51
ea48341e-664c-4800-a739-96cd91a0d545,22/09/2017,Sep-17,9,2017,WOODHEAD,Minor Dam,955,36.33,846.9,88.68
da8e54d4-bfed-4eb3-9885-29f9fff35e71,23/09/2017,Sep-17,9,2017,WOODHEAD,Minor Dam,955,36.24,836.8,87.62
d4f37279-c102-4415-b42c-161f923723bd,24/09/2017,Sep-17,9,2017,WOODHEAD,Minor Dam,955,36.14,825.7,86.46
7b0c4c3d-9ae7-4909-8bc7-6b64c7c43f9b,25/09/2017,Sep-17,9,2017,WOODHEAD,Minor Dam,955,36.06,816.9,85.54
8536c453-fb2f-44cb-8625-6c1b783f3dd5,26/09/2017,Sep-17,9,2017,WOODHEAD,Minor Dam,955,35.98,808.4,84.65
7d854bc9-859e-47fe-ad94-5e0d1017a971,27/09/2017,Sep-17,9,2017,WOODHEAD,Minor Dam,955,35.91,801.2,83.9
9bf46305-5cd1-4963-a8b3-e5144ffba899,28/09/2017,Sep-17,9,2017,WOODHEAD,Minor Dam,955,35.84,794,83.14
662ce78d-a181-49a3-8f1f-21a472ac54c6,29/09/2017,Sep-17,9,2017,WOODHEAD,Minor Dam,955,35.86,796.1,83.36
5f060772-5eb0-4294-8aee-970de8eed721,30/09/2017,Sep-17,9,2017,WOODHEAD,Minor Dam,955,35.87,797.1,83.47
956a634e-bc66-4270-a196-973008e70200,01/10/2017,Oct-17,10,2017,WOODHEAD,Minor Dam,955,35.86,796.1,83.36
1d04c644-cc18-4cb2-a518-79bcb3660ded,02/10/2017,Oct-17,10,2017,WOODHEAD,Minor Dam,955,35.85,795.1,83.26
4377be5f-077b-4d90-bdeb-b7c99dea9305,03/10/2017,Oct-17,10,2017,WOODHEAD,Minor Dam,955,35.84,794,83.14
3a7ea3ab-8750-4d61-a5f7-57852ca50e78,04/10/2017,Oct-17,10,2017,WOODHEAD,Minor Dam,955,35.9,800.2,83.79
dc0b8c15-33d0-437f-9872-2cab2fbc38b2,05/10/2017,Oct-17,10,2017,WOODHEAD,Minor Dam,955,36.03,813.6,85.19
1683fb7f-3613-4666-8246-5d7e4ce1906a,06/10/2017,Oct-17,10,2017,WOODHEAD,Minor Dam,955,36.24,836.8,87.62
f2656984-3c68-43e2-a641-e0921d291358,07/10/2017,Oct-17,10,2017,WOODHEAD,Minor Dam,955,36.27,840.2,87.98
0bc4925d-d790-45ce-a0b7-5d6975150372,08/10/2017,Oct-17,10,2017,WOODHEAD,Minor Dam,955,36.3,843.5,88.32
ca01b618-50f8-42cb-b2df-9613120501b1,09/10/2017,Oct-17,10,2017,WOODHEAD,Minor Dam,955,36.33,846.9,88.68
4e563165-f452-42a5-a53f-4349b6597aee,10/10/2017,Oct-17,10,2017,WOODHEAD,Minor Dam,955,36.35,849.2,88.92
efc9a342-6e87-4eed-9285-8f17d83dea64,11/10/2017,Oct-17,10,2017,WOODHEAD,Minor Dam,955,36.38,852.5,89.27
9c00d8c8-90e4-4c98-8d02-106d3cfefe3a,12/10/2017,Oct-17,10,2017,WOODHEAD,Minor Dam,955,36.38,852.5,89.27
a9ed3d50-37a4-4179-9455-9683f1ad810d,13/10/2017,Oct-17,10,2017,WOODHEAD,Minor Dam,955,36.37,851.4,89.15
8c7749a5-837a-4af9-b6a9-2d7fecbe7db3,14/10/2017,Oct-17,10,2017,WOODHEAD,Minor Dam,955,36.37,851.4,89.15
29391058-bcce-4e37-a660-cc89ab95a2c0,15/10/2017,Oct-17,10,2017,WOODHEAD,Minor Dam,955,36.43,858.4,89.88
fb0ab17e-7546-4d2a-95d0-9147b1822e85,16/10/2017,Oct-17,10,2017,WOODHEAD,Minor Dam,955,36.48,864.3,90.5
669fee70-cd32-48e7-a07a-ad06a47505ac,17/10/2017,Oct-17,10,2017,WOODHEAD,Minor Dam,955,36.68,888.1,92.99
4af36aa4-d66f-483a-93dc-66776314713a,18/10/2017,Oct-17,10,2017,WOODHEAD,Minor Dam,955,36.82,905.4,94.81
8157b8c8-7331-472d-b648-8872fb75c3a0,19/10/2017,Oct-17,10,2017,WOODHEAD,Minor Dam,955,36.89,914.2,95.73
b5c6d26c-9ea6-440f-86c7-cac01778f8e9,20/10/2017,Oct-17,10,2017,WOODHEAD,Minor Dam,955,37.06,936.8,98.09
ad465f31-e7b2-4b21-859b-cfe6ea654f05,21/10/2017,Oct-17,10,2017,WOODHEAD,Minor Dam,955,37.21,956.6,100.17
21128a67-7bfa-48e8-989c-35e8b59e351f,22/10/2017,Oct-17,10,2017,WOODHEAD,Minor Dam,955,37.2,955.3,100.03
09bde34b-df9e-443e-83a0-90c99959b94f,23/10/2017,Oct-17,10,2017,WOODHEAD,Minor Dam,955,37.2,955.3,100.03
8caec475-bf59-44d2-a64a-b38d224dd54c,24/10/2017,Oct-17,10,2017,WOODHEAD,Minor Dam,955,37.19,954,99.9
7c83d3f6-2f33-49e5-a5f8-c1a9ac39239f,25/10/2017,Oct-17,10,2017,WOODHEAD,Minor Dam,955,37.11,943.3,98.77
aaf827ad-eb00-4e97-bf75-fae0534a67a4,26/10/2017,Oct-17,10,2017,WOODHEAD,Minor Dam,955,36.98,926.2,96.98
cc2e0c62-d3a6-4ebe-b881-76cbbfa5ebf9,27/10/2017,Oct-17,10,2017,WOODHEAD,Minor Dam,955,37.06,936.8,98.09
8563d5a8-b625-42dc-aa5e-560e3058ecf3,28/10/2017,Oct-17,10,2017,WOODHEAD,Minor Dam,955,36.99,927.6,97.13
3a01f11e-29c5-4f0a-9020-79967a0c25fd,29/10/2017,Oct-17,10,2017,WOODHEAD,Minor Dam,955,36.92,918.1,96.14
8c7d77a4-af2a-47a3-9f96-b999654dcdfc,30/10/2017,Oct-17,10,2017,WOODHEAD,Minor Dam,955,36.81,904.2,94.68
a7244f40-57c5-4486-a635-d5b66147c052,31/10/2017,Oct-17,10,2017,WOODHEAD,Minor Dam,955,36.68,888.1,92.99
31f17f58-32c9-4cb9-bfe9-ef0649b946ff,01/11/2017,Nov-17,11,2017,WOODHEAD,Minor Dam,955,36.56,873.7,91.49
0b046fcd-bcdc-46b8-a880-c27783838e28,02/11/2017,Nov-17,11,2017,WOODHEAD,Minor Dam,955,36.43,858.4,89.88
07601a53-fff1-48a5-808b-b8b7f04594a5,03/11/2017,Nov-17,11,2017,WOODHEAD,Minor Dam,955,36.43,858.4,89.88
49c98767-62b7-41a3-9004-e7b4561ce5b2,04/11/2017,Nov-17,11,2017,WOODHEAD,Minor Dam,955,36.45,860.8,90.14
5ca11333-9430-4c23-8738-fdeac90e5ea6,05/11/2017,Nov-17,11,2017,WOODHEAD,Minor Dam,955,36.47,863.1,90.38
c1efcdb2-4c46-41b4-98e8-a1ab61afbaf9,06/11/2017,Nov-17,11,2017,WOODHEAD,Minor Dam,955,36.48,864.3,90.5
b8c1441f-5724-43d3-b529-e0fd05121658,07/11/2017,Nov-17,11,2017,WOODHEAD,Minor Dam,955,36.48,864.3,90.5
a3dca8a2-0b24-46e4-bf5d-df0f89ac086b,08/11/2017,Nov-17,11,2017,WOODHEAD,Minor Dam,955,36.48,864.3,90.5
5a00d79a-ff3c-429f-ac5f-0d6601191f35,09/11/2017,Nov-17,11,2017,WOODHEAD,Minor Dam,955,36.47,863.1,90.38
a252af44-6f86-4bc7-bc35-fc0d73062f81,10/11/2017,Nov-17,11,2017,WOODHEAD,Minor Dam,955,36.47,863.1,90.38
a0a7b491-19cb-4e3e-ab26-d648c005ca61,11/11/2017,Nov-17,11,2017,WOODHEAD,Minor Dam,955,36.47,863.1,90.38
6e904e11-5015-4c53-ad28-eed7bccbcc9d,12/11/2017,Nov-17,11,2017,WOODHEAD,Minor Dam,955,36.47,863.1,90.38
700c52c3-e8b1-4283-89bc-fc509b040a4c,13/11/2017,Nov-17,11,2017,WOODHEAD,Minor Dam,955,36.47,863.1,90.38
fca2676a-fc79-4467-aecb-3b2d6a6488f8,14/11/2017,Nov-17,11,2017,WOODHEAD,Minor Dam,955,36.46,861.9,90.25
345ec91d-b59e-4fc9-9e54-508bb391c8cf,15/11/2017,Nov-17,11,2017,WOODHEAD,Minor Dam,955,36.52,869,90.99
01a546ce-fe2d-4a10-8c8f-f3a7c4d942a2,16/11/2017,Nov-17,11,2017,WOODHEAD,Minor Dam,955,36.64,883.2,92.48
44e14b42-d584-40bd-b30e-68c419ac892d,17/11/2017,Nov-17,11,2017,WOODHEAD,Minor Dam,955,36.69,889.4,93.13
32d178b8-13df-42bf-928e-f7d811d5ec71,18/11/2017,Nov-17,11,2017,WOODHEAD,Minor Dam,955,36.8,902.9,94.54
7b5df8bf-de6e-4779-943f-683de5c55113,19/11/2017,Nov-17,11,2017,WOODHEAD,Minor Dam,955,36.84,907.9,95.07
0c08d002-215d-4574-a03f-311164145e63,20/11/2017,Nov-17,11,2017,WOODHEAD,Minor Dam,955,36.87,911.7,95.47
3fd7806e-ef96-4d3d-bd60-37b846669248,21/11/2017,Nov-17,11,2017,WOODHEAD,Minor Dam,955,36.87,911.7,95.47
00defb7e-aab9-4543-b30f-3291355b9234,22/11/2017,Nov-17,11,2017,WOODHEAD,Minor Dam,955,36.98,926.2,96.98
f1965f45-58cc-4e24-af32-234614ca6962,23/11/2017,Nov-17,11,2017,WOODHEAD,Minor Dam,955,37.12,944.7,98.92
3cfc3531-9bad-409f-a2a8-3903bd12b1c0,24/11/2017,Nov-17,11,2017,WOODHEAD,Minor Dam,955,37.19,954,99.9
0fea869a-773c-41e9-acb1-9b2d9cc864e6,25/11/2017,Nov-17,11,2017,WOODHEAD,Minor Dam,955,37.1,942,98.64
4752fd56-43b7-4556-8151-f6e8d9b63db5,26/11/2017,Nov-17,11,2017,WOODHEAD,Minor Dam,955,37,928.9,97.27
bc6c5a39-c669-4d61-b369-10da6d1cf94d,27/11/2017,Nov-17,11,2017,WOODHEAD,Minor Dam,955,36.89,914.2,95.73
97c37918-e3f0-4f5a-8fff-31f23f4e6d05,28/11/2017,Nov-17,11,2017,WOODHEAD,Minor Dam,955,36.78,900.4,94.28
e474bfd2-d4ac-421b-ab55-da4922a989ec,29/11/2017,Nov-17,11,2017,WOODHEAD,Minor Dam,955,36.67,886.9,92.87
872d1659-551f-47a7-ab1f-90ec52d9af03,30/11/2017,Nov-17,11,2017,WOODHEAD,Minor Dam,955,36.57,874.8,91.6
66f1805a-e2eb-4179-b42e-a6814eed8873,01/12/2017,Dec-17,12,2017,WOODHEAD,Minor Dam,955,36.47,863.1,90.38
ddd7c739-8424-4010-b5d2-1fe2e9b4d58e,02/12/2017,Dec-17,12,2017,WOODHEAD,Minor Dam,955,36.23,835.7,87.51
016aeb03-8fdc-41bf-8bfb-f0c578c7ea3a,03/12/2017,Dec-17,12,2017,WOODHEAD,Minor Dam,955,36.07,818,85.65
0bdaa4f1-9c01-4ba4-8fa0-20d5c9556b05,04/12/2017,Dec-17,12,2017,WOODHEAD,Minor Dam,955,36.15,826.8,86.58
3d1dee90-8b57-4b74-ad40-b737b79d2186,05/12/2017,Dec-17,12,2017,WOODHEAD,Minor Dam,955,36.4,854.8,89.51
ea72f060-6a95-4f2e-a5c7-84bb25d265d3,06/12/2017,Dec-17,12,2017,WOODHEAD,Minor Dam,955,36.43,858.4,89.88
495710f7-18cb-41d5-ba22-f1c8f11870ed,07/12/2017,Dec-17,12,2017,WOODHEAD,Minor Dam,955,36.47,863.1,90.38
876f4564-b69b-48f1-9439-eca72d3e4914,08/12/2017,Dec-17,12,2017,WOODHEAD,Minor Dam,955,36.48,864.3,90.5
d571053a-7bf9-48ce-aa63-0959d1b9c0af,09/12/2017,Dec-17,12,2017,WOODHEAD,Minor Dam,955,36.49,865.5,90.63
3844020f-a785-4360-bcfd-029a86fd51cd,10/12/2017,Dec-17,12,2017,WOODHEAD,Minor Dam,955,36.49,865.5,90.63
1f47ed12-8322-4c77-bdeb-f83d6e946c62,11/12/2017,Dec-17,12,2017,WOODHEAD,Minor Dam,955,36.54,871.3,91.24
d1f46b56-51d8-4c05-9a38-9c34c665af30,12/12/2017,Dec-17,12,2017,WOODHEAD,Minor Dam,955,36.55,872.5,91.36
d8d0e615-cad7-4a85-b87a-2dfd8d271ad7,13/12/2017,Dec-17,12,2017,WOODHEAD,Minor Dam,955,36.56,873.7,91.49
a3867e41-ce10-4ef0-a1f3-0746af896b68,14/12/2017,Dec-17,12,2017,WOODHEAD,Minor Dam,955,36.57,874.8,91.6
d247182b-14b0-4c35-bc10-5ae503fd8c4d,15/12/2017,Dec-17,12,2017,WOODHEAD,Minor Dam,955,36.57,874.8,91.6
578f9e82-ee13-476e-b010-3e640641b828,16/12/2017,Dec-17,12,2017,WOODHEAD,Minor Dam,955,36.57,874.8,91.6
d8028ee6-b855-448e-a0d2-a936bacdd813,17/12/2017,Dec-17,12,2017,WOODHEAD,Minor Dam,955,36.58,876,91.73
04542033-6c24-4d22-98ee-b865bc2879d1,18/12/2017,Dec-17,12,2017,WOODHEAD,Minor Dam,955,36.58,876,91.73
46357dd2-dc68-4941-ba29-88abe16f104b,19/12/2017,Dec-17,12,2017,WOODHEAD,Minor Dam,955,36.58,876,91.73
67a71266-9b7d-4a39-b84f-d78dfcffffa5,20/12/2017,Dec-17,12,2017,WOODHEAD,Minor Dam,955,36.57,874.8,91.6
5c63c387-4454-4e4a-b86b-4195fa5a17b1,21/12/2017,Dec-17,12,2017,WOODHEAD,Minor Dam,955,36.56,873.7,91.49
f245f7e4-599a-445c-9edf-f66710d4c5d9,22/12/2017,Dec-17,12,2017,WOODHEAD,Minor Dam,955,36.55,872.5,91.36
30b7b033-9f95-4cdf-af08-e35a1a6a9a49,23/12/2017,Dec-17,12,2017,WOODHEAD,Minor Dam,955,36.55,872.5,91.36
7e943928-4b71-425e-bac4-1d31a6280693,24/12/2017,Dec-17,12,2017,WOODHEAD,Minor Dam,955,36.55,872.5,91.36
6be15e2b-bcc7-4c16-97ad-8a67fb14250a,25/12/2017,Dec-17,12,2017,WOODHEAD,Minor Dam,955,36.54,871.3,91.24
aa150a4d-8ae2-4505-9fb3-034bfa913a8b,26/12/2017,Dec-17,12,2017,WOODHEAD,Minor Dam,955,36.54,871.3,91.24
7f47bfa2-478d-421c-b67f-1f369d1734f2,27/12/2017,Dec-17,12,2017,WOODHEAD,Minor Dam,955,36.54,871.3,91.24
c1652cca-9cff-4185-9b53-b5e4d69d7ea5,28/12/2017,Dec-17,12,2017,WOODHEAD,Minor Dam,955,36.53,870.2,91.12
8c986ef7-2d39-47ab-a3a9-2a4bf01ddb90,29/12/2017,Dec-17,12,2017,WOODHEAD,Minor Dam,955,36.53,870.2,91.12
a2da5855-1f55-4908-8006-f7c955186d4e,30/12/2017,Dec-17,12,2017,WOODHEAD,Minor Dam,955,36.52,869,90.99
702ea4ba-1688-416f-880b-ae97d9e7fd5c,31/12/2017,Dec-17,12,2017,WOODHEAD,Minor Dam,955,36.55,872.5,91.36
